NCOLS      128
NROWS       72
XLLCORNER    72.000000000000    
YLLCORNER    18.000000000000    
CELLSIZE    0.50000000000000    
NODATA_VALUE   -9999.000    
 -9999.0 -9999.0 -9999.0 -9999.0 -9999.0 -9999.0 -9999.0 -9999.0 -9999.0 -9999.0 -9999.0 -9999.0 -9999.0 -9999.0 -9999.0 -9999.0 -9999.0 -9999.0 -9999.0 -9999.0 -9999.0 -9999.0 -9999.0 -9999.0 -9999.0 -9999.0 -9999.0 -9999.0 -9999.0 -9999.0 -9999.0 -9999.0 -9999.0 -9999.0 -9999.0 -9999.0 -9999.0 -9999.0 -9999.0 -9999.0 -9999.0 -9999.0 -9999.0 -9999.0 -9999.0 -9999.0 -9999.0 -9999.0 -9999.0 -9999.0 -9999.0 -9999.0 -9999.0 -9999.0 -9999.0 -9999.0 -9999.0 -9999.0 -9999.0 -9999.0 -9999.0 -9999.0 -9999.0 -9999.0 -9999.0 -9999.0 -9999.0 -9999.0 -9999.0 -9999.0 -9999.0 -9999.0 -9999.0 -9999.0 -9999.0 -9999.0 -9999.0 -9999.0 -9999.0 -9999.0 -9999.0 -9999.0 -9999.0 -9999.0 -9999.0 -9999.0 -9999.0 -9999.0 -9999.0 -9999.0 -9999.0 -9999.0 -9999.0 -9999.0 -9999.0 -9999.0 -9999.0    16.4    22.9    30.6    41.0    50.3    61.0    71.3    83.4 -9999.0 -9999.0 -9999.0 -9999.0 -9999.0 -9999.0 -9999.0 -9999.0 -9999.0 -9999.0 -9999.0 -9999.0 -9999.0 -9999.0 -9999.0 -9999.0 -9999.0 -9999.0 -9999.0 -9999.0 -9999.0 -9999.0 -9999.0
 -9999.0 -9999.0 -9999.0 -9999.0 -9999.0 -9999.0 -9999.0 -9999.0 -9999.0 -9999.0 -9999.0 -9999.0 -9999.0 -9999.0 -9999.0 -9999.0 -9999.0 -9999.0 -9999.0 -9999.0 -9999.0 -9999.0 -9999.0 -9999.0 -9999.0 -9999.0 -9999.0 -9999.0 -9999.0 -9999.0 -9999.0 -9999.0 -9999.0 -9999.0 -9999.0 -9999.0 -9999.0 -9999.0 -9999.0 -9999.0 -9999.0 -9999.0 -9999.0 -9999.0 -9999.0 -9999.0 -9999.0 -9999.0 -9999.0 -9999.0 -9999.0 -9999.0 -9999.0 -9999.0 -9999.0 -9999.0 -9999.0 -9999.0 -9999.0 -9999.0 -9999.0 -9999.0 -9999.0 -9999.0 -9999.0 -9999.0 -9999.0 -9999.0 -9999.0 -9999.0 -9999.0 -9999.0 -9999.0 -9999.0 -9999.0 -9999.0 -9999.0 -9999.0 -9999.0 -9999.0 -9999.0 -9999.0 -9999.0 -9999.0 -9999.0 -9999.0 -9999.0 -9999.0 -9999.0 -9999.0 -9999.0 -9999.0 -9999.0 -9999.0 -9999.0 -9999.0     9.7    15.0    23.5    30.9    42.2    52.1    60.7    68.1    76.0    82.3    92.4   105.9   118.7 -9999.0 -9999.0 -9999.0 -9999.0 -9999.0 -9999.0 -9999.0 -9999.0 -9999.0 -9999.0 -9999.0 -9999.0 -9999.0 -9999.0 -9999.0 -9999.0 -9999.0 -9999.0 -9999.0
 -9999.0 -9999.0 -9999.0 -9999.0 -9999.0 -9999.0 -9999.0 -9999.0 -9999.0 -9999.0 -9999.0 -9999.0 -9999.0 -9999.0 -9999.0 -9999.0 -9999.0 -9999.0 -9999.0 -9999.0 -9999.0 -9999.0 -9999.0 -9999.0 -9999.0 -9999.0 -9999.0 -9999.0 -9999.0 -9999.0 -9999.0 -9999.0 -9999.0 -9999.0 -9999.0 -9999.0 -9999.0 -9999.0 -9999.0 -9999.0 -9999.0 -9999.0 -9999.0 -9999.0 -9999.0 -9999.0 -9999.0 -9999.0 -9999.0 -9999.0 -9999.0 -9999.0 -9999.0 -9999.0 -9999.0 -9999.0 -9999.0 -9999.0 -9999.0 -9999.0 -9999.0 -9999.0 -9999.0 -9999.0 -9999.0 -9999.0 -9999.0 -9999.0 -9999.0 -9999.0 -9999.0 -9999.0 -9999.0 -9999.0 -9999.0 -9999.0 -9999.0 -9999.0 -9999.0 -9999.0 -9999.0 -9999.0 -9999.0 -9999.0 -9999.0 -9999.0 -9999.0 -9999.0 -9999.0 -9999.0 -9999.0 -9999.0 -9999.0 -9999.0 -9999.0     6.7    10.0    15.3    23.6    30.8    41.2    52.2    61.3    67.7    71.5    80.8    86.2    99.3   110.7 -9999.0 -9999.0 -9999.0 -9999.0 -9999.0 -9999.0 -9999.0 -9999.0 -9999.0 -9999.0 -9999.0 -9999.0 -9999.0 -9999.0 -9999.0 -9999.0 -9999.0 -9999.0 -9999.0
 -9999.0 -9999.0 -9999.0 -9999.0 -9999.0 -9999.0 -9999.0 -9999.0 -9999.0 -9999.0 -9999.0 -9999.0 -9999.0 -9999.0 -9999.0 -9999.0 -9999.0 -9999.0 -9999.0 -9999.0 -9999.0 -9999.0 -9999.0 -9999.0 -9999.0 -9999.0 -9999.0 -9999.0 -9999.0 -9999.0 -9999.0 -9999.0 -9999.0 -9999.0 -9999.0 -9999.0 -9999.0 -9999.0 -9999.0 -9999.0 -9999.0 -9999.0 -9999.0 -9999.0 -9999.0 -9999.0 -9999.0 -9999.0 -9999.0 -9999.0 -9999.0 -9999.0 -9999.0 -9999.0 -9999.0 -9999.0 -9999.0 -9999.0 -9999.0 -9999.0 -9999.0 -9999.0 -9999.0 -9999.0 -9999.0 -9999.0 -9999.0 -9999.0 -9999.0 -9999.0 -9999.0 -9999.0 -9999.0 -9999.0 -9999.0 -9999.0 -9999.0 -9999.0 -9999.0 -9999.0 -9999.0 -9999.0 -9999.0 -9999.0 -9999.0 -9999.0 -9999.0 -9999.0 -9999.0 -9999.0 -9999.0 -9999.0 -9999.0 -9999.0 -9999.0     6.1    11.0    13.5    21.9    32.2    43.7    54.8    60.8    65.2    67.3    71.8    79.5    92.7   103.4   111.6 -9999.0 -9999.0 -9999.0 -9999.0 -9999.0 -9999.0 -9999.0 -9999.0 -9999.0 -9999.0 -9999.0 -9999.0 -9999.0 -9999.0 -9999.0 -9999.0 -9999.0 -9999.0
 -9999.0 -9999.0 -9999.0 -9999.0 -9999.0 -9999.0 -9999.0 -9999.0 -9999.0 -9999.0 -9999.0 -9999.0 -9999.0 -9999.0 -9999.0 -9999.0 -9999.0 -9999.0 -9999.0 -9999.0 -9999.0 -9999.0 -9999.0 -9999.0 -9999.0 -9999.0 -9999.0 -9999.0 -9999.0 -9999.0 -9999.0 -9999.0 -9999.0 -9999.0 -9999.0 -9999.0 -9999.0 -9999.0 -9999.0 -9999.0 -9999.0 -9999.0 -9999.0 -9999.0 -9999.0 -9999.0 -9999.0 -9999.0 -9999.0 -9999.0 -9999.0 -9999.0 -9999.0 -9999.0 -9999.0 -9999.0 -9999.0 -9999.0 -9999.0 -9999.0 -9999.0 -9999.0 -9999.0 -9999.0 -9999.0 -9999.0 -9999.0 -9999.0 -9999.0 -9999.0 -9999.0 -9999.0 -9999.0 -9999.0 -9999.0 -9999.0 -9999.0 -9999.0 -9999.0 -9999.0 -9999.0 -9999.0 -9999.0 -9999.0 -9999.0 -9999.0 -9999.0 -9999.0 -9999.0 -9999.0 -9999.0 -9999.0 -9999.0 -9999.0 -9999.0     6.8     9.1    17.1    24.8    32.5    41.3    53.5    59.9    62.6    63.2    69.1    75.2    87.3    98.3   102.7   105.1 -9999.0 -9999.0 -9999.0 -9999.0 -9999.0 -9999.0 -9999.0 -9999.0 -9999.0 -9999.0 -9999.0 -9999.0 -9999.0 -9999.0 -9999.0 -9999.0 -9999.0
 -9999.0 -9999.0 -9999.0 -9999.0 -9999.0 -9999.0 -9999.0 -9999.0 -9999.0 -9999.0 -9999.0 -9999.0 -9999.0 -9999.0 -9999.0 -9999.0 -9999.0 -9999.0 -9999.0 -9999.0 -9999.0 -9999.0 -9999.0 -9999.0 -9999.0 -9999.0 -9999.0 -9999.0 -9999.0 -9999.0 -9999.0 -9999.0 -9999.0 -9999.0 -9999.0 -9999.0 -9999.0 -9999.0 -9999.0 -9999.0 -9999.0 -9999.0 -9999.0 -9999.0 -9999.0 -9999.0 -9999.0 -9999.0 -9999.0 -9999.0 -9999.0 -9999.0 -9999.0 -9999.0 -9999.0 -9999.0 -9999.0 -9999.0 -9999.0 -9999.0 -9999.0 -9999.0 -9999.0 -9999.0 -9999.0 -9999.0 -9999.0 -9999.0 -9999.0 -9999.0 -9999.0 -9999.0 -9999.0 -9999.0 -9999.0 -9999.0 -9999.0 -9999.0 -9999.0 -9999.0 -9999.0 -9999.0 -9999.0 -9999.0 -9999.0 -9999.0 -9999.0 -9999.0 -9999.0 -9999.0 -9999.0 -9999.0 -9999.0 -9999.0     4.9     7.0    11.4    16.7    24.1    33.7    43.2    47.1    55.0    58.0    59.2    64.7    72.7    83.2    92.3    93.0    92.9 -9999.0 -9999.0 -9999.0 -9999.0 -9999.0 -9999.0 -9999.0 -9999.0 -9999.0 -9999.0 -9999.0 -9999.0 -9999.0 -9999.0 -9999.0 -9999.0 -9999.0
 -9999.0 -9999.0 -9999.0 -9999.0 -9999.0 -9999.0 -9999.0 -9999.0 -9999.0 -9999.0 -9999.0 -9999.0 -9999.0 -9999.0 -9999.0 -9999.0 -9999.0 -9999.0 -9999.0 -9999.0 -9999.0 -9999.0 -9999.0 -9999.0 -9999.0 -9999.0 -9999.0 -9999.0 -9999.0 -9999.0 -9999.0 -9999.0 -9999.0 -9999.0 -9999.0 -9999.0 -9999.0 -9999.0 -9999.0 -9999.0 -9999.0 -9999.0 -9999.0 -9999.0 -9999.0 -9999.0 -9999.0 -9999.0 -9999.0 -9999.0 -9999.0 -9999.0 -9999.0 -9999.0 -9999.0 -9999.0 -9999.0 -9999.0 -9999.0 -9999.0 -9999.0 -9999.0 -9999.0 -9999.0 -9999.0 -9999.0 -9999.0 -9999.0 -9999.0 -9999.0 -9999.0 -9999.0 -9999.0 -9999.0 -9999.0 -9999.0 -9999.0 -9999.0 -9999.0 -9999.0 -9999.0 -9999.0 -9999.0 -9999.0 -9999.0 -9999.0 -9999.0 -9999.0 -9999.0 -9999.0 -9999.0 -9999.0 -9999.0 -9999.0     6.9    10.3    13.7    19.1    26.5    32.2    40.1    46.5    50.9    54.0    56.7    63.8    71.7    79.6    87.0    87.7    78.8    71.9 -9999.0 -9999.0 -9999.0 -9999.0 -9999.0 -9999.0 -9999.0 -9999.0 -9999.0 -9999.0 -9999.0 -9999.0 -9999.0 -9999.0 -9999.0 -9999.0
 -9999.0 -9999.0 -9999.0 -9999.0 -9999.0 -9999.0 -9999.0 -9999.0 -9999.0 -9999.0 -9999.0 -9999.0 -9999.0 -9999.0 -9999.0 -9999.0 -9999.0 -9999.0 -9999.0 -9999.0 -9999.0 -9999.0 -9999.0 -9999.0 -9999.0 -9999.0 -9999.0 -9999.0 -9999.0 -9999.0 -9999.0 -9999.0 -9999.0 -9999.0 -9999.0 -9999.0 -9999.0 -9999.0 -9999.0 -9999.0 -9999.0 -9999.0 -9999.0 -9999.0 -9999.0 -9999.0 -9999.0 -9999.0 -9999.0 -9999.0 -9999.0 -9999.0 -9999.0 -9999.0 -9999.0 -9999.0 -9999.0 -9999.0 -9999.0 -9999.0 -9999.0 -9999.0 -9999.0 -9999.0 -9999.0 -9999.0 -9999.0 -9999.0 -9999.0 -9999.0 -9999.0 -9999.0 -9999.0 -9999.0 -9999.0 -9999.0 -9999.0 -9999.0 -9999.0 -9999.0 -9999.0 -9999.0 -9999.0 -9999.0 -9999.0 -9999.0 -9999.0 -9999.0 -9999.0     2.6 -9999.0 -9999.0     4.7     7.4     9.0    11.9    16.2    21.5    27.9    33.9    35.4    42.0    47.5    50.4    55.8    63.0    70.3    80.1    83.1    82.4    70.5    61.5 -9999.0 -9999.0 -9999.0 -9999.0 -9999.0 -9999.0 -9999.0 -9999.0 -9999.0 -9999.0 -9999.0 -9999.0 -9999.0 -9999.0 -9999.0 -9999.0
 -9999.0 -9999.0 -9999.0 -9999.0 -9999.0 -9999.0 -9999.0 -9999.0 -9999.0 -9999.0 -9999.0 -9999.0 -9999.0 -9999.0 -9999.0 -9999.0 -9999.0 -9999.0 -9999.0 -9999.0 -9999.0 -9999.0 -9999.0 -9999.0 -9999.0 -9999.0 -9999.0 -9999.0 -9999.0 -9999.0 -9999.0 -9999.0 -9999.0 -9999.0 -9999.0 -9999.0 -9999.0 -9999.0 -9999.0 -9999.0 -9999.0 -9999.0 -9999.0 -9999.0 -9999.0 -9999.0 -9999.0 -9999.0 -9999.0 -9999.0 -9999.0 -9999.0 -9999.0 -9999.0 -9999.0 -9999.0 -9999.0 -9999.0 -9999.0 -9999.0 -9999.0 -9999.0 -9999.0 -9999.0 -9999.0 -9999.0 -9999.0 -9999.0 -9999.0 -9999.0 -9999.0 -9999.0 -9999.0 -9999.0 -9999.0 -9999.0 -9999.0 -9999.0 -9999.0 -9999.0 -9999.0 -9999.0 -9999.0 -9999.0 -9999.0 -9999.0 -9999.0 -9999.0     2.9     3.3     4.5     5.3     6.9    11.4    13.7    19.8    22.9    27.8    30.8    33.8    38.6    42.6    45.8    50.9    57.0    64.2    70.4    75.1    77.1    75.2    67.5    54.1    48.5    47.6    49.7    53.0 -9999.0 -9999.0 -9999.0 -9999.0 -9999.0 -9999.0 -9999.0 -9999.0 -9999.0 -9999.0 -9999.0 -9999.0
 -9999.0 -9999.0 -9999.0 -9999.0 -9999.0 -9999.0 -9999.0 -9999.0 -9999.0 -9999.0 -9999.0 -9999.0 -9999.0 -9999.0 -9999.0 -9999.0 -9999.0 -9999.0 -9999.0 -9999.0 -9999.0 -9999.0 -9999.0 -9999.0 -9999.0 -9999.0 -9999.0 -9999.0 -9999.0    75.9    69.3    61.8    53.6 -9999.0 -9999.0 -9999.0 -9999.0 -9999.0 -9999.0 -9999.0 -9999.0 -9999.0 -9999.0 -9999.0 -9999.0 -9999.0 -9999.0 -9999.0 -9999.0 -9999.0 -9999.0 -9999.0 -9999.0 -9999.0 -9999.0 -9999.0 -9999.0 -9999.0 -9999.0 -9999.0 -9999.0 -9999.0 -9999.0 -9999.0 -9999.0 -9999.0 -9999.0 -9999.0 -9999.0 -9999.0 -9999.0 -9999.0 -9999.0 -9999.0 -9999.0 -9999.0 -9999.0 -9999.0 -9999.0 -9999.0 -9999.0 -9999.0 -9999.0 -9999.0 -9999.0 -9999.0 -9999.0     4.3     4.7     5.4     6.4     7.0    10.3    14.8    20.3    24.6    30.6    32.8    37.9    37.5    38.6    42.7    48.4    51.1    58.2    64.1    67.9    70.4    72.3    68.6    61.2    52.2    49.3    47.9    51.8    52.1    54.6    59.7 -9999.0 -9999.0 -9999.0 -9999.0 -9999.0 -9999.0 -9999.0 -9999.0 -9999.0 -9999.0
 -9999.0 -9999.0 -9999.0 -9999.0 -9999.0 -9999.0 -9999.0 -9999.0 -9999.0 -9999.0 -9999.0 -9999.0 -9999.0 -9999.0 -9999.0 -9999.0 -9999.0 -9999.0 -9999.0 -9999.0 -9999.0 -9999.0 -9999.0 -9999.0 -9999.0 -9999.0 -9999.0    76.8    69.0    54.1    61.9    55.8    54.6    40.3 -9999.0 -9999.0 -9999.0 -9999.0 -9999.0 -9999.0 -9999.0 -9999.0 -9999.0 -9999.0 -9999.0 -9999.0 -9999.0 -9999.0 -9999.0 -9999.0 -9999.0 -9999.0 -9999.0 -9999.0 -9999.0 -9999.0 -9999.0 -9999.0 -9999.0 -9999.0 -9999.0 -9999.0 -9999.0 -9999.0 -9999.0 -9999.0 -9999.0 -9999.0 -9999.0 -9999.0 -9999.0 -9999.0 -9999.0 -9999.0 -9999.0 -9999.0 -9999.0 -9999.0 -9999.0 -9999.0 -9999.0 -9999.0 -9999.0 -9999.0 -9999.0 -9999.0 -9999.0     7.5     7.7     7.0     7.6     9.5    13.3    20.2    26.8    33.9    37.5    42.3    40.8    41.7    42.3    47.6    53.8    56.6    58.3    61.4    65.1    66.8    62.4    58.0    56.0    54.3    56.5    56.2    59.1    63.2    60.8    59.7 -9999.0 -9999.0 -9999.0 -9999.0 -9999.0    53.6    65.5    82.2   100.0 -9999.0
 -9999.0 -9999.0 -9999.0 -9999.0 -9999.0 -9999.0 -9999.0 -9999.0 -9999.0 -9999.0 -9999.0 -9999.0 -9999.0 -9999.0 -9999.0 -9999.0 -9999.0 -9999.0 -9999.0 -9999.0 -9999.0 -9999.0 -9999.0 -9999.0 -9999.0 -9999.0    66.4    43.3    36.5    32.7    34.2    36.7    60.0    47.1    45.4    39.8    35.7 -9999.0 -9999.0 -9999.0 -9999.0 -9999.0 -9999.0 -9999.0 -9999.0 -9999.0 -9999.0 -9999.0 -9999.0 -9999.0 -9999.0 -9999.0 -9999.0 -9999.0 -9999.0 -9999.0 -9999.0 -9999.0 -9999.0 -9999.0 -9999.0 -9999.0 -9999.0 -9999.0 -9999.0 -9999.0 -9999.0 -9999.0 -9999.0 -9999.0 -9999.0 -9999.0 -9999.0 -9999.0 -9999.0 -9999.0 -9999.0 -9999.0 -9999.0 -9999.0 -9999.0 -9999.0 -9999.0 -9999.0 -9999.0 -9999.0     9.8     9.8     9.3     9.0    10.4    12.4    16.9    24.5    32.6    43.0    46.6    49.5    47.6    42.0    44.9    50.9    56.8    58.3    56.0    56.8    59.8    58.9    53.8    50.8    51.8    54.9    59.8    60.7    69.0    67.4    55.9    51.8    56.0 -9999.0 -9999.0    33.4    37.6    47.4    60.7    89.4    98.8 -9999.0
 -9999.0 -9999.0 -9999.0 -9999.0 -9999.0 -9999.0 -9999.0 -9999.0 -9999.0 -9999.0 -9999.0 -9999.0 -9999.0 -9999.0 -9999.0 -9999.0 -9999.0 -9999.0 -9999.0 -9999.0 -9999.0 -9999.0 -9999.0 -9999.0 -9999.0 -9999.0    40.9    32.2    23.9    18.9    17.7    22.6    21.8    37.3    37.7    43.5    53.1    29.5 -9999.0 -9999.0 -9999.0 -9999.0 -9999.0 -9999.0 -9999.0 -9999.0 -9999.0 -9999.0 -9999.0 -9999.0 -9999.0 -9999.0 -9999.0 -9999.0 -9999.0 -9999.0 -9999.0 -9999.0 -9999.0 -9999.0 -9999.0 -9999.0 -9999.0 -9999.0 -9999.0 -9999.0 -9999.0 -9999.0 -9999.0 -9999.0 -9999.0 -9999.0 -9999.0 -9999.0 -9999.0 -9999.0 -9999.0 -9999.0 -9999.0 -9999.0 -9999.0 -9999.0 -9999.0 -9999.0 -9999.0 -9999.0    13.1    12.0    11.7    12.0    12.7    15.0    21.2    28.8    40.5    49.4    57.9    52.0    43.7    42.9    44.6    48.9    52.8    50.1    47.9    48.2    50.3    49.6    46.7    44.7    48.2    57.8    67.5    64.9    64.9    79.4    56.4    47.0    36.9    31.5    28.7    30.4    36.4    45.7    59.0    75.2    96.4 -9999.0
 -9999.0 -9999.0 -9999.0 -9999.0 -9999.0 -9999.0 -9999.0 -9999.0 -9999.0 -9999.0 -9999.0 -9999.0 -9999.0 -9999.0 -9999.0 -9999.0 -9999.0 -9999.0 -9999.0 -9999.0 -9999.0   123.2   107.0    87.7    63.0    44.9    37.7    36.3    29.5    22.6    18.3    20.9    20.9    23.3    30.0    30.1    45.0    36.9    35.9 -9999.0 -9999.0 -9999.0 -9999.0 -9999.0 -9999.0 -9999.0 -9999.0 -9999.0 -9999.0 -9999.0 -9999.0 -9999.0 -9999.0 -9999.0 -9999.0 -9999.0 -9999.0 -9999.0 -9999.0 -9999.0 -9999.0 -9999.0 -9999.0 -9999.0 -9999.0 -9999.0 -9999.0 -9999.0 -9999.0 -9999.0 -9999.0 -9999.0 -9999.0 -9999.0 -9999.0 -9999.0 -9999.0 -9999.0 -9999.0 -9999.0 -9999.0 -9999.0 -9999.0 -9999.0 -9999.0 -9999.0 -9999.0    17.3 -9999.0 -9999.0    15.4 -9999.0 -9999.0    33.7    42.9    53.9    60.7    49.6    40.1    43.0    39.7    41.8    41.9    39.0    37.6    39.4    42.8    44.7    43.5    45.8    51.8    61.3    71.5    77.6    73.7    71.0    54.5    44.8    37.2    31.8    33.6    32.6    38.8    48.3    63.6    91.0 -9999.0 -9999.0
 -9999.0 -9999.0 -9999.0 -9999.0 -9999.0 -9999.0 -9999.0 -9999.0 -9999.0 -9999.0 -9999.0 -9999.0 -9999.0 -9999.0 -9999.0 -9999.0 -9999.0 -9999.0 -9999.0 -9999.0 -9999.0    80.6    73.6    57.2    37.6    38.9    22.8    20.2    23.9    25.3    24.2    29.5    35.0    30.0    27.4    25.3    26.7    45.2    22.1 -9999.0 -9999.0 -9999.0 -9999.0 -9999.0 -9999.0 -9999.0 -9999.0 -9999.0 -9999.0 -9999.0 -9999.0 -9999.0 -9999.0 -9999.0 -9999.0 -9999.0 -9999.0 -9999.0 -9999.0 -9999.0 -9999.0 -9999.0 -9999.0 -9999.0 -9999.0 -9999.0 -9999.0 -9999.0 -9999.0 -9999.0 -9999.0 -9999.0 -9999.0 -9999.0 -9999.0 -9999.0 -9999.0 -9999.0 -9999.0 -9999.0 -9999.0 -9999.0 -9999.0 -9999.0 -9999.0 -9999.0 -9999.0 -9999.0 -9999.0    18.7    19.3    22.4    29.4    33.9    42.4    52.1    46.0    40.8    34.9    33.5    32.9    31.5    31.5    31.9    33.2    37.3    43.5    46.3    47.0    52.0    60.6    71.8    82.6    87.7    85.9    64.6    55.1    47.8    40.0    35.0    35.0    39.8    51.5    72.6    70.5 -9999.0 -9999.0 -9999.0
 -9999.0 -9999.0 -9999.0 -9999.0 -9999.0 -9999.0 -9999.0 -9999.0 -9999.0 -9999.0 -9999.0 -9999.0 -9999.0 -9999.0 -9999.0 -9999.0 -9999.0 -9999.0 -9999.0 -9999.0    51.0    53.7    43.5    33.6    21.9    11.4     7.8    11.3    15.3    23.7    36.4    40.2    48.4    47.7    38.9    28.8    32.7    20.9    15.0 -9999.0 -9999.0 -9999.0 -9999.0 -9999.0 -9999.0 -9999.0 -9999.0 -9999.0 -9999.0 -9999.0 -9999.0 -9999.0 -9999.0 -9999.0 -9999.0 -9999.0 -9999.0 -9999.0 -9999.0 -9999.0 -9999.0 -9999.0 -9999.0 -9999.0 -9999.0 -9999.0 -9999.0 -9999.0 -9999.0 -9999.0 -9999.0 -9999.0 -9999.0 -9999.0 -9999.0 -9999.0 -9999.0 -9999.0 -9999.0 -9999.0 -9999.0 -9999.0 -9999.0 -9999.0 -9999.0 -9999.0 -9999.0 -9999.0    27.0    24.8    24.2    24.9    29.5    33.0    37.3    41.6    37.8    38.1    31.8    29.8    30.0    28.2    28.7    30.4    33.6    39.5    47.1    50.3    51.5    55.9    65.2    77.4    89.2    86.3    75.5    66.7    55.9    50.2    49.9    46.6    43.8    53.9    63.7    74.6    88.7 -9999.0 -9999.0 -9999.0
 -9999.0 -9999.0 -9999.0 -9999.0 -9999.0 -9999.0 -9999.0 -9999.0 -9999.0 -9999.0 -9999.0 -9999.0 -9999.0 -9999.0 -9999.0 -9999.0 -9999.0 -9999.0    57.8    44.7    34.3    70.4    44.4    37.4    21.9    13.3     7.3    11.0    18.7    33.5    47.1    61.6    70.7    65.8    55.9    46.4    34.4    19.2    10.5 -9999.0 -9999.0 -9999.0 -9999.0 -9999.0 -9999.0 -9999.0 -9999.0 -9999.0 -9999.0 -9999.0 -9999.0 -9999.0 -9999.0 -9999.0 -9999.0 -9999.0 -9999.0 -9999.0 -9999.0 -9999.0 -9999.0 -9999.0 -9999.0 -9999.0 -9999.0 -9999.0 -9999.0 -9999.0 -9999.0 -9999.0 -9999.0 -9999.0 -9999.0 -9999.0 -9999.0 -9999.0 -9999.0 -9999.0 -9999.0 -9999.0 -9999.0 -9999.0 -9999.0 -9999.0    40.5    42.2    43.1    39.4    34.3    34.3    31.5    30.8    28.9    30.2    31.5    35.1    30.5    29.9    27.2    27.4    28.5    29.6    31.3    33.6    37.0    42.1    47.8    52.0    53.0    56.3    65.0    77.4    87.4    83.1    79.6    68.2    71.6    47.8    46.9    46.3    56.8    66.7    80.0    93.5 -9999.0 -9999.0 -9999.0 -9999.0
 -9999.0 -9999.0 -9999.0 -9999.0 -9999.0 -9999.0 -9999.0 -9999.0 -9999.0 -9999.0 -9999.0 -9999.0 -9999.0 -9999.0 -9999.0    42.4    62.1    77.6    77.8    60.5    61.9    26.3    48.4    25.7    18.4    14.5    16.9    24.2    34.6    50.8    68.1    80.3    87.4    81.1    84.3    71.3    47.1    81.8    34.1    15.7    17.1    17.3    15.4    15.2 -9999.0 -9999.0 -9999.0 -9999.0 -9999.0 -9999.0 -9999.0 -9999.0 -9999.0 -9999.0 -9999.0 -9999.0 -9999.0 -9999.0 -9999.0 -9999.0 -9999.0 -9999.0 -9999.0 -9999.0 -9999.0 -9999.0 -9999.0 -9999.0 -9999.0 -9999.0 -9999.0 -9999.0 -9999.0 -9999.0 -9999.0 -9999.0 -9999.0 -9999.0 -9999.0    27.1    31.0    34.5    38.1    41.5    45.1    48.9    51.8    50.9    46.1    43.3    37.9    35.8    32.0    30.6    28.9    32.3    27.3    26.0    24.8    26.1    29.0    32.9    36.8    40.0    43.3    48.0    52.7    55.8    57.0    58.8    66.5    73.0    78.2    81.0    97.7    68.3    54.9    48.8    47.1    52.0    61.3    77.8    94.6   118.1 -9999.0 -9999.0 -9999.0 -9999.0
 -9999.0 -9999.0 -9999.0 -9999.0 -9999.0 -9999.0 -9999.0 -9999.0 -9999.0 -9999.0 -9999.0 -9999.0 -9999.0 -9999.0 -9999.0    71.2    71.8    75.4    73.4    59.0    21.2    16.6    19.3    27.9    32.9    36.9    39.8    46.2    56.0    67.9    80.5    86.6    89.0    72.6    62.8    54.1    33.5    32.5    11.9     8.5     5.3     1.6     2.7     4.7     4.1     5.8    14.4 -9999.0 -9999.0 -9999.0 -9999.0 -9999.0 -9999.0 -9999.0 -9999.0 -9999.0 -9999.0 -9999.0 -9999.0 -9999.0 -9999.0 -9999.0 -9999.0 -9999.0 -9999.0 -9999.0 -9999.0 -9999.0 -9999.0 -9999.0 -9999.0 -9999.0 -9999.0 -9999.0 -9999.0 -9999.0 -9999.0 -9999.0    24.5    28.8    32.2    34.6    37.7    42.0    46.7    52.1    57.7    61.6    60.8    56.3    52.2    45.8    40.1    31.5    33.5    23.5    23.8    21.6    22.9    25.9    31.3    38.3    44.9    49.1    53.0    59.2    63.8    64.3    65.0    65.1    68.1    73.2    92.4    95.7    90.9    70.2    71.3    66.2    62.1    64.7    70.4    88.1   115.0 -9999.0 -9999.0 -9999.0 -9999.0 -9999.0
 -9999.0 -9999.0 -9999.0 -9999.0 -9999.0 -9999.0 -9999.0 -9999.0 -9999.0 -9999.0 -9999.0 -9999.0 -9999.0 -9999.0 -9999.0 -9999.0    23.7    30.6    54.8    81.3    85.8    77.0    67.4    78.8    74.9    74.5    74.3    72.9    75.7    81.3    89.1    85.1    76.4    65.4    62.0    62.4    54.9    40.4    25.2    25.0    31.0    16.5    11.9     4.7     2.9     1.8     1.3     0.9 -9999.0 -9999.0 -9999.0 -9999.0 -9999.0 -9999.0 -9999.0 -9999.0 -9999.0 -9999.0 -9999.0 -9999.0 -9999.0 -9999.0 -9999.0 -9999.0 -9999.0 -9999.0 -9999.0 -9999.0 -9999.0 -9999.0 -9999.0 -9999.0 -9999.0 -9999.0 -9999.0 -9999.0 -9999.0 -9999.0    25.7    30.2    32.3    33.5    36.7    40.6    45.1    51.4    60.4    69.2    72.3    69.6    60.1    52.5    47.6    35.3    22.7    20.8    20.7    21.5    23.2    27.8    35.5    45.6    55.0    59.7    62.5    66.5    71.1    72.4    74.8    77.1    80.3    95.3   105.5    89.2    80.9    84.4    76.0    67.8    74.9    70.6 -9999.0 -9999.0 -9999.0 -9999.0 -9999.0 -9999.0 -9999.0 -9999.0
 -9999.0 -9999.0 -9999.0 -9999.0 -9999.0 -9999.0 -9999.0 -9999.0 -9999.0 -9999.0 -9999.0 -9999.0 -9999.0 -9999.0 -9999.0 -9999.0    18.7    30.1    45.5    56.3    88.7    94.8   100.7    81.3    47.8    42.6    49.1    69.4    74.2    99.6    98.8   100.0   149.1   156.5    94.9    91.1   112.0    73.6    47.4    50.4    57.0    32.7    40.7    58.7     7.1     1.1     0.4     0.3 -9999.0 -9999.0 -9999.0 -9999.0 -9999.0 -9999.0 -9999.0 -9999.0 -9999.0 -9999.0 -9999.0 -9999.0 -9999.0 -9999.0 -9999.0 -9999.0 -9999.0 -9999.0 -9999.0 -9999.0 -9999.0 -9999.0 -9999.0 -9999.0 -9999.0 -9999.0 -9999.0 -9999.0 -9999.0    23.4    27.7    31.0    32.2    33.2    34.2    35.9    41.5    47.7    57.4    67.7    71.9    68.9    64.1    53.8    41.0    33.3    26.9    23.7    24.8    26.2    28.9    34.9    44.1    55.9    66.0    69.5    68.5    69.8    73.3    78.2    84.2    89.7    92.8    90.1    87.7    81.9    89.2    81.0    76.7    71.2    83.3 -9999.0 -9999.0 -9999.0 -9999.0 -9999.0 -9999.0 -9999.0 -9999.0 -9999.0
 -9999.0 -9999.0 -9999.0 -9999.0 -9999.0 -9999.0 -9999.0 -9999.0 -9999.0 -9999.0 -9999.0 -9999.0 -9999.0 -9999.0 -9999.0 -9999.0    66.0    73.7    79.3    80.1    80.9    95.5    70.6    68.9    53.0    40.7    27.3    33.1    44.9    61.2    78.7    76.2    45.5    37.5    77.3   105.9    83.9    30.0    17.1     3.0     8.9    18.6    26.7    46.7    28.7     6.1     0.8     0.3     0.3     0.3     0.1 -9999.0 -9999.0 -9999.0 -9999.0 -9999.0 -9999.0 -9999.0 -9999.0 -9999.0 -9999.0 -9999.0 -9999.0 -9999.0 -9999.0 -9999.0 -9999.0 -9999.0 -9999.0 -9999.0 -9999.0 -9999.0 -9999.0 -9999.0 -9999.0 -9999.0    21.0    25.8    28.5    31.2    30.9    30.2    32.0    33.9    37.7    43.3    50.9    59.1    63.5    62.4    58.6    50.2    43.6    34.6    30.1    31.4    34.8    38.6    43.9    51.9    61.2    71.0    78.2    79.2    75.9    74.3    76.1    85.5    97.0   101.9    99.3   105.4    91.8    81.7    78.0    65.9    92.9    88.0    79.3    76.1 -9999.0 -9999.0 -9999.0 -9999.0 -9999.0 -9999.0 -9999.0 -9999.0
 -9999.0 -9999.0 -9999.0 -9999.0 -9999.0 -9999.0 -9999.0 -9999.0 -9999.0 -9999.0 -9999.0 -9999.0 -9999.0 -9999.0 -9999.0    50.3    43.7    53.5    66.1    56.2    47.5    33.6    34.0    36.7    27.9    16.1    15.1    16.1    20.2    36.1    51.2    27.5     8.5     3.7     2.1     2.1     9.1     2.5     0.3     0.2     0.1     0.4     2.9     3.8     4.8     4.4     1.6     0.6     0.3     0.2     0.1     0.1     0.1     0.3     0.2     0.4     0.4     0.5     0.5     0.5     0.3 -9999.0 -9999.0 -9999.0 -9999.0 -9999.0 -9999.0 -9999.0 -9999.0     9.0     8.7     8.2     8.9    10.8    14.9    20.1    25.8    31.2    34.0    32.0    30.7    30.2    31.6    33.2    36.2    39.8    44.8    50.0    53.6    54.6    54.4    51.7    50.6    43.3    40.9    45.9    53.1    60.2    68.7    78.7    84.7    87.5    88.2    86.5    82.2    77.2    80.2    88.8    96.8   104.9   101.5    94.0    83.9    82.8    58.2    53.4    53.7    60.4 -9999.0 -9999.0 -9999.0 -9999.0 -9999.0 -9999.0 -9999.0 -9999.0 -9999.0 -9999.0
 -9999.0 -9999.0 -9999.0 -9999.0 -9999.0 -9999.0 -9999.0 -9999.0 -9999.0 -9999.0 -9999.0 -9999.0 -9999.0 -9999.0    57.8    45.9    38.0    51.7    43.8    36.0    41.7    41.2    31.9    16.7    12.2     7.1     6.3    14.3    19.6    18.0    14.2    13.3     6.2    10.5     7.9     5.4     7.0     6.5     5.8     2.0     0.6     0.7     1.0     1.2     1.5     1.4     0.9     1.0     0.6     0.5     0.3     0.3     0.3     0.3     0.3     0.5     0.6     0.7     0.6     0.5     0.4     0.4     0.4     0.6     1.6     4.1     6.7    10.6    12.8    14.8    15.4    14.5    12.8    14.9    20.2    27.2    34.2    38.4    39.1    35.4    33.3    32.8    31.8    34.7    37.6    40.6    43.2    45.5    47.8    48.5    52.7    56.4    49.3    51.6    56.8    66.6    76.9    87.9    99.5   106.4   103.8    95.6    89.6    85.1    81.4    78.9    83.3    91.8    99.9   107.7    98.2    97.6   100.9    77.1    71.5    60.0    54.7 -9999.0 -9999.0 -9999.0 -9999.0 -9999.0 -9999.0 -9999.0 -9999.0 -9999.0 -9999.0 -9999.0
 -9999.0 -9999.0 -9999.0 -9999.0 -9999.0 -9999.0 -9999.0 -9999.0 -9999.0 -9999.0 -9999.0 -9999.0    48.2    48.5    42.4    44.1    42.0    31.7    24.3    22.2    21.0    16.9    11.9     8.9     7.7    10.0    14.7    19.9    19.0    16.3    11.8     7.7     7.5     5.0     2.2     3.6     7.1     7.0     3.0     3.1     2.2     2.8     3.1     2.8     2.4     2.8     2.3     1.8     1.7     0.9     0.7     0.6     0.6     0.6     0.5     0.7     1.1     1.5     1.3     0.8     0.6     0.6     0.6     1.0     2.1     5.1    10.7    17.1    25.3    29.6    29.5    25.8    19.1    23.0    30.5    38.2    44.6    46.2    43.9    41.8    37.4    38.6    37.3    41.4    44.8    46.5    46.7    46.6    49.4    46.6    47.7    49.3    61.6    65.2    71.7    85.0   101.5   115.3   121.3   119.0   105.9    88.9    80.0    77.8    78.8    79.1    84.9    95.6   106.3   104.8   106.4   114.5   102.9    95.2   129.9 -9999.0 -9999.0 -9999.0 -9999.0 -9999.0 -9999.0 -9999.0 -9999.0 -9999.0 -9999.0 -9999.0 -9999.0 -9999.0
 -9999.0 -9999.0 -9999.0 -9999.0 -9999.0 -9999.0 -9999.0 -9999.0 -9999.0    44.8    31.4    42.1    46.4    53.0    22.3    12.5     7.9     7.5     7.5     7.9     7.3     5.6     3.9     3.0     3.5     6.0    11.4    18.7    23.0    20.1    12.5     6.8     5.5     2.9     2.8     6.2     3.1     0.9     0.4     0.3     0.9     1.7     1.0     1.4     1.7     2.4     2.6     2.5     2.4     3.0     1.9     1.5     1.2     1.4     2.5     1.7     2.1     2.8     2.6     2.2     1.6     1.5     1.8     2.5     4.0     9.1    17.5    27.5    42.1    49.0    38.9    27.2    20.5    24.6    37.9    48.5    54.2    52.1    51.1    45.2    41.3    41.6    47.4    50.3    52.2    52.8    55.4    51.2    51.8    45.8    50.2    54.6    58.8    67.7    82.8   100.1   116.4   125.0   125.9   114.6    92.1    72.1    66.8    71.0    78.4    87.0    94.8   103.0   111.0   120.9   123.4   120.5   109.2 -9999.0 -9999.0 -9999.0 -9999.0 -9999.0 -9999.0 -9999.0 -9999.0 -9999.0 -9999.0 -9999.0 -9999.0 -9999.0 -9999.0 -9999.0
 -9999.0 -9999.0 -9999.0 -9999.0 -9999.0    63.2    30.2    38.8    37.5    36.3    45.8    47.2    49.1    46.3    31.0    14.6     5.5     3.9     3.3     3.3     2.8     2.2     1.7     1.7     2.5     4.9    10.0    16.7    20.7    18.9    13.0     7.1     3.2     1.2     0.7     0.5     0.2     0.2     0.1     0.3     0.6     0.4     0.6     1.3     1.1     1.3     1.3     1.8     2.4     3.0     4.3     4.4     5.4     5.6     5.5     3.9     4.5     5.3     5.5     5.8     5.8     6.5     6.5     7.3    11.0    17.0    26.6    42.9    57.2    52.7    48.7    37.2    29.7    35.7    50.0    54.1    59.2    60.0    65.4    64.1    53.7    52.1    53.7    54.6    53.9    49.4    48.0    45.5    49.2    51.8    57.8    63.2    66.7    75.2    90.6   107.0   117.2   120.2 -9999.0 -9999.0    74.9    60.2    65.8    72.1    79.7    89.4    98.9   113.4   124.5 -9999.0 -9999.0 -9999.0 -9999.0 -9999.0 -9999.0 -9999.0 -9999.0 -9999.0 -9999.0 -9999.0 -9999.0 -9999.0 -9999.0 -9999.0 -9999.0 -9999.0 -9999.0 -9999.0
 -9999.0 -9999.0 -9999.0    67.9    76.4    39.5    42.3    38.8    36.1    30.6    23.7    28.8    40.0    28.7    15.5     9.3     4.9     2.7     2.0     1.6     1.4     1.2     1.2     1.5     2.4     4.7     8.9    14.1    15.5    14.8    10.5     5.7     2.4     0.8     0.4     0.2     0.1     0.1     0.0     0.0     0.1     0.1     0.1     0.3     0.5     0.6     1.0     2.5     3.5     5.9     6.6     6.7     7.8     8.0     7.6     8.2    11.4    12.7    12.6    12.6    12.6    12.9    14.4    17.3    19.8    25.5    43.6    50.1    56.2    57.4    55.0    44.6    43.8    49.5    52.6    54.2    56.9    60.4    61.2    56.9    52.4    51.2    54.7    53.6    52.7    42.4    43.2    45.7    50.9    59.4    67.8    75.5    81.0    87.1    98.8   110.8   113.2 -9999.0 -9999.0 -9999.0    66.5    63.1    64.3    74.7    87.0    99.8   110.5 -9999.0 -9999.0 -9999.0 -9999.0 -9999.0 -9999.0 -9999.0 -9999.0 -9999.0 -9999.0 -9999.0 -9999.0 -9999.0 -9999.0 -9999.0 -9999.0 -9999.0 -9999.0 -9999.0 -9999.0 -9999.0
 -9999.0 -9999.0    62.6    58.1    56.9    63.8    55.1    40.1    19.0    11.9    10.0    11.8    14.7    15.3    12.5     7.8     4.3     2.2     1.4     1.1     1.0     1.1     1.3     1.7     2.6     4.4     6.8     9.3    11.2     9.8     7.1     3.7     1.4     0.5     0.2     0.1     0.0     0.0     0.1     0.1     0.1     0.3     0.5     0.7     0.8     2.0     8.2    10.9    12.0    13.5    19.3    20.7    19.8    17.6    18.2    24.6    21.2    22.3    20.5    20.6    19.3    24.2    22.3    25.4    29.3    37.6    48.6    55.5    62.2    57.4    59.5    51.5    52.6    60.1    60.2    55.5    54.5    56.3    54.2    49.7    48.0    50.2    50.7    49.0    42.2    52.3    44.9    54.3    61.4    68.2    79.0    89.3    95.3   100.6   107.4 -9999.0 -9999.0 -9999.0 -9999.0    73.9    65.1    62.8    68.6    79.9 -9999.0 -9999.0 -9999.0 -9999.0 -9999.0 -9999.0 -9999.0 -9999.0 -9999.0 -9999.0 -9999.0 -9999.0 -9999.0 -9999.0 -9999.0 -9999.0 -9999.0 -9999.0 -9999.0 -9999.0 -9999.0 -9999.0 -9999.0 -9999.0
 -9999.0 -9999.0    30.7    22.2     5.2    28.8    48.5    29.4    16.6     9.5     7.6     8.2    10.2    11.0     9.3     6.2     3.3     1.8     1.1     0.9     0.9     1.0     1.4     1.9     2.6     3.7     5.0     6.2     6.6     5.7     3.9     2.0     0.7     0.4     0.2     0.2     0.5     1.2     1.0     1.0     0.5     2.9    10.8    29.0     7.1    15.0    28.1    14.1    28.6    26.6    30.2    43.3    48.1    54.2    39.8    36.7    31.5    38.7    29.9    31.6    31.7    30.3    33.2    34.9    39.8    47.6    55.5    65.2    75.0    58.2    57.2    54.4    57.4    61.2    60.5    56.6    54.5    54.3    50.8    47.5    45.4    46.5    53.3    53.9    48.2    50.8    70.7    70.7    70.2    76.4    87.1    96.0    97.1    95.6 -9999.0 -9999.0 -9999.0 -9999.0 -9999.0    68.4 -9999.0 -9999.0 -9999.0 -9999.0 -9999.0 -9999.0 -9999.0 -9999.0 -9999.0 -9999.0 -9999.0 -9999.0 -9999.0 -9999.0 -9999.0 -9999.0 -9999.0 -9999.0 -9999.0 -9999.0 -9999.0 -9999.0 -9999.0 -9999.0 -9999.0 -9999.0 -9999.0 -9999.0
 -9999.0 -9999.0    30.9    10.5     9.9    16.6    25.9    22.4    18.6    10.3     7.7     7.7     8.7     8.6     7.0     4.2     2.4     1.3     0.8     0.7     0.8     0.9     1.2     1.6     2.0     2.5     3.0     3.5     3.6     3.1     2.0     1.0     0.9     1.8     2.4     4.2     2.5     3.0     4.6     3.8     1.0     1.5     1.2     3.8     3.3     6.0    11.2    18.2    20.1    25.2    43.4    40.9    49.8    62.4    72.3    77.1    50.6    40.9    42.8    40.6    30.6    33.3    37.0    40.5    46.6    55.4    61.9    77.2    58.7    59.2    63.5    61.4    61.0    62.2    59.9    57.7    56.0    53.9    55.5    57.3    58.4    49.6    58.6    66.5    69.1    83.3    80.7    71.3    72.1    80.4    90.2 -9999.0 -9999.0 -9999.0 -9999.0 -9999.0 -9999.0 -9999.0 -9999.0 -9999.0 -9999.0 -9999.0 -9999.0 -9999.0 -9999.0 -9999.0 -9999.0 -9999.0 -9999.0 -9999.0 -9999.0 -9999.0 -9999.0 -9999.0 -9999.0 -9999.0 -9999.0 -9999.0 -9999.0 -9999.0 -9999.0 -9999.0 -9999.0 -9999.0 -9999.0 -9999.0 -9999.0 -9999.0
 -9999.0 -9999.0 -9999.0     5.4    15.8     6.0     5.4     8.3    14.8    16.2    10.4     9.6     9.2     7.6     4.9     2.7     1.4     0.8     0.7     0.6     0.7     0.8     0.9     1.1     1.3     1.5     1.7     1.8     1.7     1.2     0.7     0.7     0.9     3.1     5.3     3.9     1.6     1.2     1.9     0.8     0.7     0.7     0.9     1.0     1.7     6.3    17.1    22.4    31.6    32.2    34.5    40.8    50.5    61.9    68.1    71.7    72.4    70.0    63.8    45.5    36.4    34.6    39.1    42.4    47.4    53.7    61.9    71.2    57.1    67.0    75.8    73.0    69.1    63.7    60.2    56.4    56.1    54.1    63.0    56.5    62.8    60.1    72.3    65.9    73.9    77.7    69.5    63.3    69.3    79.2    86.1    80.2 -9999.0 -9999.0 -9999.0 -9999.0 -9999.0 -9999.0 -9999.0 -9999.0 -9999.0 -9999.0 -9999.0 -9999.0 -9999.0 -9999.0 -9999.0 -9999.0 -9999.0 -9999.0 -9999.0 -9999.0 -9999.0 -9999.0 -9999.0 -9999.0 -9999.0 -9999.0 -9999.0 -9999.0 -9999.0 -9999.0 -9999.0 -9999.0 -9999.0 -9999.0 -9999.0 -9999.0
 -9999.0 -9999.0 -9999.0 -9999.0 -9999.0    10.4    19.2    16.3     5.1    18.0    15.0    13.2    10.7     7.2     3.8     1.7     0.8     0.6     0.6     0.6     0.6     0.6     0.7     0.7     0.8     0.8     0.7     0.7     0.3     0.3     0.4     0.6     1.1     1.7     4.2     3.2     4.5     4.7     2.3     1.0     0.8     0.7     0.6     0.8     1.3     2.8     5.9    18.9    18.7    31.0    28.5    44.9    47.1    51.2    57.2    57.6    57.5    59.7    67.7    69.8    63.6    43.3    44.8    43.7    47.5    50.5    57.0    57.5    60.0    73.4    86.0    87.1    80.9    73.5    70.2    64.9    60.0    52.7    61.2    70.3    71.7    62.7    75.8    72.9    72.7    72.3    67.7    67.5    74.5    80.7    79.8    67.8    51.6    42.7 -9999.0 -9999.0 -9999.0    57.7 -9999.0 -9999.0 -9999.0 -9999.0 -9999.0 -9999.0 -9999.0 -9999.0 -9999.0 -9999.0 -9999.0 -9999.0 -9999.0 -9999.0 -9999.0 -9999.0 -9999.0 -9999.0 -9999.0 -9999.0 -9999.0 -9999.0 -9999.0 -9999.0 -9999.0 -9999.0 -9999.0 -9999.0 -9999.0 -9999.0
 -9999.0 -9999.0 -9999.0 -9999.0     9.6     1.6     0.3     3.1     3.9    16.6    12.7    13.4    12.0     7.2     3.1     1.2     0.6     0.5     0.5     0.6     0.6     0.6     0.6     0.5     0.4     0.3     0.2     0.0     0.1     0.2     0.3     0.5     0.8     1.6     1.9     2.8     3.3     9.1     9.3     5.6     1.7     0.8     0.8     0.8     0.9     1.1     1.9     4.3     7.2     6.3     9.9    23.8    36.0    45.7    36.3    36.8    40.2    52.2    65.8    63.1    62.1    59.9    58.4    52.9    42.6    55.2    64.4    54.0    77.6    87.8   100.8   106.6   104.5   100.1    94.1    84.2    73.0    66.4    84.3    59.4    62.5    79.9    83.2    88.3    78.5    76.5    78.2    84.8    91.0    89.3    79.3    63.7    48.1    41.7 -9999.0 -9999.0    63.7    65.6    64.2    67.3    55.2 -9999.0 -9999.0 -9999.0 -9999.0 -9999.0 -9999.0 -9999.0 -9999.0 -9999.0 -9999.0 -9999.0 -9999.0 -9999.0 -9999.0 -9999.0 -9999.0 -9999.0 -9999.0 -9999.0 -9999.0 -9999.0 -9999.0 -9999.0 -9999.0 -9999.0 -9999.0 -9999.0
 -9999.0 -9999.0 -9999.0 -9999.0     2.1     3.9     0.2     3.2     0.0     0.0     5.6     0.2     1.0     0.7     3.3     1.7     0.9     0.6     0.6     0.6     0.6     0.5     0.4     0.1     0.0     0.0     0.0     0.0     0.1     0.1     0.2     0.4     0.7     1.2     2.3     3.1     5.6     8.6     7.5     4.9     9.5     2.4     1.9     1.0     1.0     1.0     1.0     1.1     1.5     2.9     5.2     9.9    30.3    25.9    24.4    28.0    34.9    49.7    67.0    77.2    77.5    74.3    65.7    65.1    54.4    43.7    66.8    65.4    78.8   101.5   115.4   119.8   122.2   126.9   118.7   105.2    87.2    91.8    91.1    76.8    86.6    84.2    95.1    91.5    89.2    88.1    95.4   107.0   109.7    98.8    82.8    71.8    57.9    56.3    63.9    72.0    75.7    76.0    74.7 -9999.0 -9999.0 -9999.0 -9999.0 -9999.0 -9999.0 -9999.0 -9999.0 -9999.0 -9999.0 -9999.0 -9999.0 -9999.0 -9999.0 -9999.0 -9999.0 -9999.0 -9999.0 -9999.0 -9999.0 -9999.0 -9999.0 -9999.0 -9999.0 -9999.0 -9999.0 -9999.0 -9999.0 -9999.0
 -9999.0 -9999.0 -9999.0 -9999.0 -9999.0 -9999.0 -9999.0     1.0     0.2     0.6     0.0     0.0     0.3     0.1     0.1     1.3     0.4     0.5     0.5     0.3     0.0     0.0     0.0     0.0     0.0     0.0     0.0     0.0     0.0     0.1     0.2     0.3     0.6     1.1     2.2     3.4     5.9     7.8    11.7    14.7     9.2    20.3    19.7    13.4     6.8     2.4     4.3     3.2     5.5     3.1     3.6     7.1    16.5    45.0    39.4    25.4    32.8    46.9    68.0    77.3    79.9    75.8    69.1    73.6    79.0    58.7    67.5    77.2    86.1   106.7   120.4   121.2   129.2   141.6   139.6   129.1   104.5   104.2   107.2    91.8    98.8    97.2    98.6   102.5   104.9   107.4   118.3   127.9   120.1   103.8    88.1    79.6    78.9    82.2    89.2    95.4    93.1 -9999.0 -9999.0 -9999.0 -9999.0 -9999.0 -9999.0 -9999.0 -9999.0 -9999.0 -9999.0 -9999.0 -9999.0 -9999.0 -9999.0 -9999.0 -9999.0 -9999.0 -9999.0 -9999.0 -9999.0 -9999.0 -9999.0 -9999.0 -9999.0 -9999.0 -9999.0 -9999.0 -9999.0 -9999.0 -9999.0 -9999.0
 -9999.0 -9999.0 -9999.0 -9999.0 -9999.0 -9999.0 -9999.0     0.0     1.3     0.1     0.0     0.1     0.0     0.0     0.0     0.0     0.0     0.0     0.0     0.0     0.0     0.0     0.0     0.0     0.0     0.0     0.0     0.0     0.1     0.1     0.2     0.3     0.5     0.9     1.8     3.2     4.9     7.7    10.5    12.7    15.5    17.3    19.7    27.3    17.0     9.6    12.9    14.4    27.0    23.2    43.2    41.7    24.8    33.4    45.7    31.2    40.1    57.7    72.3    80.1    85.6    93.9    89.2    98.2    86.1    72.7    68.0    74.0    94.4   115.7   121.1   118.5   127.8   144.5   141.4   146.1   133.8   121.0   116.2   120.4   124.0   112.6   120.0   116.0   122.4   129.0   137.9   138.7   123.6   105.1    95.6    95.0    98.4   106.4   119.0   119.8 -9999.0 -9999.0 -9999.0 -9999.0 -9999.0 -9999.0 -9999.0 -9999.0 -9999.0 -9999.0 -9999.0 -9999.0 -9999.0 -9999.0 -9999.0 -9999.0 -9999.0 -9999.0 -9999.0 -9999.0 -9999.0 -9999.0 -9999.0 -9999.0 -9999.0 -9999.0 -9999.0 -9999.0 -9999.0 -9999.0 -9999.0 -9999.0
 -9999.0 -9999.0 -9999.0 -9999.0 -9999.0 -9999.0 -9999.0 -9999.0 -9999.0     0.1     0.1     0.1     0.0     0.0     0.0     0.0     0.0     0.0     0.0     0.0     0.0     0.0     0.0     0.0     0.0     0.0     0.0     0.0     0.1     0.1     0.2     0.3     0.5     0.8     1.5     2.6     4.2     6.7     9.2    12.7    14.9    18.2    19.1    19.1    23.4    24.6    26.3    27.4    30.8    34.0    42.4    41.6    39.2    36.8    49.1    39.8    46.0    62.9    79.6    88.8    96.9   104.1   111.4   101.7    99.3    79.4    67.3    74.5   100.6   119.8   124.0   118.9   123.2   139.6   153.0   134.6   136.3   143.2   148.2   148.5   142.0   131.7   121.7   132.6   141.7   146.6   148.5   143.3   128.3   112.8   112.0   119.2   122.7   128.0   132.9 -9999.0 -9999.0 -9999.0 -9999.0 -9999.0 -9999.0 -9999.0 -9999.0 -9999.0 -9999.0 -9999.0 -9999.0 -9999.0 -9999.0 -9999.0 -9999.0 -9999.0 -9999.0 -9999.0 -9999.0 -9999.0 -9999.0 -9999.0 -9999.0 -9999.0 -9999.0 -9999.0 -9999.0 -9999.0 -9999.0 -9999.0 -9999.0 -9999.0
 -9999.0 -9999.0 -9999.0 -9999.0 -9999.0 -9999.0 -9999.0 -9999.0 -9999.0 -9999.0 -9999.0     0.0     0.2     0.0     0.0     0.0     0.0     0.0     0.0     0.0     0.0     0.0     0.0     0.0     0.0     0.0     0.0     0.0     0.1     0.1     0.2     0.2     0.4     0.7     1.2     2.2     3.6     5.7     9.4    11.9    16.2    18.1    19.0    20.3    28.5    26.6    36.5    34.8    40.0    41.7    39.8    44.0    46.5    50.4    55.8    53.4    58.7    75.6    90.5   102.8   111.2   116.9   121.0   119.3   110.2    69.6    55.8    72.1    97.7   116.7   125.6   124.4   119.2   122.9   120.3   133.2   146.6   165.5   168.5   165.9   147.1   139.1   151.4   162.7   166.1   163.0   162.0   155.9   142.7   132.0   135.0   146.3   149.7   141.6   131.7 -9999.0 -9999.0 -9999.0 -9999.0 -9999.0 -9999.0 -9999.0 -9999.0 -9999.0 -9999.0 -9999.0 -9999.0 -9999.0 -9999.0 -9999.0 -9999.0 -9999.0 -9999.0 -9999.0 -9999.0 -9999.0 -9999.0 -9999.0 -9999.0 -9999.0 -9999.0 -9999.0 -9999.0 -9999.0 -9999.0 -9999.0 -9999.0 -9999.0
 -9999.0 -9999.0 -9999.0 -9999.0 -9999.0 -9999.0 -9999.0 -9999.0 -9999.0 -9999.0 -9999.0 -9999.0     0.1     0.1     0.0     0.0     0.0     0.0     0.0     0.0     0.0     0.0     0.0     0.0     0.0     0.0     0.1     0.0     0.1     0.1     0.1     0.2     0.4     0.6     0.9     1.7     2.9     4.6     6.8     9.5    12.8    15.9    18.6    23.1    26.5    31.5    37.5    36.6    40.9    44.5    53.4    56.4    54.1    50.5    53.7    59.8    70.1    86.2   102.6   119.2   127.6   125.0   123.5   125.8   104.9   106.4    66.9    78.4    96.9   115.6   130.1   119.1   104.7   109.0   127.3   150.1   157.3   168.8   170.0   196.1   178.1   179.3   201.2   208.9   199.0   187.6   183.7   176.9   163.9   151.5   151.0   162.0   164.1   148.7   131.2   120.1   126.5 -9999.0 -9999.0 -9999.0 -9999.0 -9999.0 -9999.0 -9999.0 -9999.0 -9999.0 -9999.0 -9999.0 -9999.0 -9999.0 -9999.0 -9999.0 -9999.0 -9999.0 -9999.0 -9999.0 -9999.0 -9999.0 -9999.0 -9999.0 -9999.0 -9999.0 -9999.0 -9999.0 -9999.0 -9999.0 -9999.0 -9999.0
 -9999.0 -9999.0 -9999.0 -9999.0 -9999.0 -9999.0 -9999.0 -9999.0 -9999.0 -9999.0 -9999.0 -9999.0     0.0     0.2     0.3     0.0     0.1     0.0     0.0     0.0     0.0     0.0     0.0     0.1     0.1     0.1     0.1     0.1     0.1     0.1     0.1     0.2     0.3     0.5     0.7     1.3     2.0     3.3     5.2     7.6    10.3    13.4    18.5    20.5    26.9    33.5    35.9    39.0    39.2    46.9    51.2    58.1    56.9    59.2    54.2    63.7    74.5    94.3   115.5   132.1   139.4   139.4   134.4   131.9   111.0   105.4    63.9    78.5   101.0   125.8   144.4   153.8   158.1   155.8   148.9   137.5   136.7   160.7   176.5   195.8   244.2   241.8   269.3   256.3   225.5   208.6   206.1   195.0   174.8   155.2   145.7   150.5   157.0   155.2   147.9   144.9   155.2 -9999.0 -9999.0 -9999.0 -9999.0 -9999.0 -9999.0 -9999.0 -9999.0 -9999.0 -9999.0 -9999.0 -9999.0 -9999.0 -9999.0 -9999.0 -9999.0 -9999.0 -9999.0 -9999.0 -9999.0 -9999.0 -9999.0 -9999.0 -9999.0 -9999.0 -9999.0 -9999.0 -9999.0 -9999.0 -9999.0 -9999.0
 -9999.0 -9999.0 -9999.0 -9999.0 -9999.0 -9999.0 -9999.0 -9999.0 -9999.0 -9999.0 -9999.0 -9999.0 -9999.0     0.1     0.0     0.3     0.0     0.1     0.1     0.1     0.1     0.2     0.1     0.2     0.1     0.0     0.0     0.0     0.1     0.1     0.2     0.2     0.3     0.4     0.7     1.0     1.5     2.3     3.8     5.5     8.1    11.7    15.4    21.0    24.6    29.0    35.2    40.5    44.9    49.2    54.8    58.4    60.6    68.1    66.7    69.6    79.9    98.2   113.8   132.5   140.1   145.8   147.2   155.9   105.5   103.0   101.5   107.2   136.1   164.0   182.5   187.2   184.4   169.6   155.2   132.5   126.6   131.1   133.9   159.0   250.7   308.6   331.3   282.1   226.4   206.1   209.4   198.3   173.7   149.4   137.7   139.5   148.4   160.4   171.4   180.4   184.3 -9999.0 -9999.0 -9999.0 -9999.0 -9999.0 -9999.0 -9999.0 -9999.0 -9999.0 -9999.0 -9999.0 -9999.0 -9999.0 -9999.0 -9999.0 -9999.0 -9999.0 -9999.0 -9999.0 -9999.0 -9999.0 -9999.0 -9999.0 -9999.0 -9999.0 -9999.0 -9999.0 -9999.0 -9999.0 -9999.0 -9999.0
 -9999.0 -9999.0 -9999.0 -9999.0 -9999.0 -9999.0 -9999.0 -9999.0 -9999.0 -9999.0 -9999.0 -9999.0     0.3     0.0     0.1     0.3     0.0     0.1     0.1     0.5     0.5     0.4     0.3     0.3     0.3     0.1     0.1     0.1     0.1     0.1     0.1     0.3     0.2     0.4     0.6     0.9     1.1     1.7     2.4     3.7     6.6    10.8    15.7    17.5    22.5    27.0    30.8    34.3    39.0    44.7    52.2    59.0    61.8    64.6    65.1    70.5    81.9    96.0   113.1   125.6   137.0   146.1   158.6   161.6   161.0   133.6   111.0   144.7   174.7   187.7   206.5   221.4   206.6   159.7   125.4   105.3    98.7   105.7   119.4   150.3   222.1   309.2   334.7   278.4   210.4   197.5   211.1   200.6   170.7   146.3   137.4   138.6   144.8   152.4   164.9   169.7   157.5   126.9 -9999.0 -9999.0 -9999.0 -9999.0 -9999.0 -9999.0 -9999.0 -9999.0 -9999.0 -9999.0 -9999.0 -9999.0 -9999.0 -9999.0 -9999.0 -9999.0 -9999.0 -9999.0 -9999.0 -9999.0 -9999.0 -9999.0 -9999.0 -9999.0 -9999.0 -9999.0 -9999.0 -9999.0 -9999.0 -9999.0
 -9999.0 -9999.0 -9999.0 -9999.0 -9999.0 -9999.0 -9999.0 -9999.0 -9999.0 -9999.0 -9999.0 -9999.0     0.3     2.8     1.1     0.0     0.1     0.8     0.8     0.4     1.1     0.5     0.5     0.4     0.5     0.4     0.3     0.2     0.1     0.2     0.2     0.2     0.3     0.5     0.7     0.9     1.3     1.6     2.1     3.1     5.0     8.4    12.7    17.0    20.7    23.7    26.9    28.9    32.2    37.1    43.2    49.6    53.6    56.2    60.5    66.8    77.2    89.8   103.1   116.8   130.3   143.7   163.0   165.2   155.8   120.6   139.1   173.5   206.6   227.1   240.7   243.6   224.0   191.6   161.8   119.6    97.2   112.0   124.0   146.3   214.4   290.9   325.2   290.7   228.7   217.8   224.7   210.3   173.5   146.6   134.3   131.8   129.7   123.9   124.7   117.3    99.3    76.3    62.5 -9999.0 -9999.0 -9999.0 -9999.0 -9999.0 -9999.0 -9999.0 -9999.0 -9999.0 -9999.0 -9999.0 -9999.0 -9999.0 -9999.0 -9999.0 -9999.0 -9999.0 -9999.0 -9999.0 -9999.0 -9999.0 -9999.0 -9999.0 -9999.0 -9999.0 -9999.0 -9999.0 -9999.0 -9999.0
 -9999.0 -9999.0 -9999.0 -9999.0 -9999.0 -9999.0 -9999.0 -9999.0 -9999.0 -9999.0 -9999.0 -9999.0    10.7     1.4     5.7     3.1     2.9     0.4     1.2     1.1     0.3     0.3     0.8     0.4     0.5     0.2     0.2     0.1     0.2     0.1     0.2     0.2     0.4     0.6     0.9     1.2     1.7     2.2     2.9     3.8     6.3    11.5    16.4    20.3    21.8    22.9    23.2    22.4    24.7    28.7    33.2    38.4    44.5    49.8    53.6    59.0    67.9    78.9    91.7   102.5   119.2   139.3   159.0   154.6   114.6   131.8   145.8   170.8   194.8   212.4   235.9   244.6   233.5   204.5   197.9   157.8   177.5   118.8   146.5   163.0   205.2   278.0   303.1   301.7   278.8   255.2   248.1   253.7   175.9   147.0   132.0   124.4   113.5   102.4    93.8    80.5    65.7    53.7    52.7    59.4 -9999.0 -9999.0 -9999.0 -9999.0 -9999.0 -9999.0 -9999.0 -9999.0 -9999.0 -9999.0 -9999.0 -9999.0 -9999.0 -9999.0 -9999.0 -9999.0 -9999.0 -9999.0 -9999.0 -9999.0 -9999.0 -9999.0 -9999.0 -9999.0 -9999.0 -9999.0 -9999.0 -9999.0
 -9999.0 -9999.0 -9999.0 -9999.0 -9999.0 -9999.0 -9999.0 -9999.0 -9999.0 -9999.0 -9999.0 -9999.0 -9999.0     0.8     1.4     7.1     5.1     6.1     2.4     1.5     0.3     1.5     0.6     0.4     0.8     0.4     0.3     0.2     0.1     0.2     0.1     0.2     0.3     0.7     1.0     1.1     1.9     3.6     4.7     6.9    10.9    15.9    21.7    26.1    26.8    23.4    20.4    19.7    18.9    20.7    24.8    27.9    31.8    36.2    43.4    50.2    54.0    62.8    77.8    98.9   115.4   139.6   157.9   111.2   102.6   115.5   118.3   134.6   155.3   185.5   218.9   239.4   228.2   210.3   181.6   152.2   142.0   148.1   181.9   177.8   212.4   272.9   303.6   286.0   258.3   243.1   233.9   270.9   207.8   153.9   136.2   131.4   118.6   103.1    92.3    85.5    71.0    68.5    73.5 -9999.0 -9999.0 -9999.0 -9999.0 -9999.0 -9999.0 -9999.0 -9999.0 -9999.0 -9999.0 -9999.0 -9999.0 -9999.0 -9999.0 -9999.0 -9999.0 -9999.0 -9999.0 -9999.0 -9999.0 -9999.0 -9999.0 -9999.0 -9999.0 -9999.0 -9999.0 -9999.0 -9999.0 -9999.0
 -9999.0 -9999.0 -9999.0 -9999.0 -9999.0 -9999.0 -9999.0 -9999.0 -9999.0 -9999.0 -9999.0 -9999.0 -9999.0    31.8     5.9    14.1     4.5    13.2    10.6     6.6     1.3     1.1     0.8     0.8     1.9     0.7     0.3     0.3     0.2     0.0     0.1     0.1     0.4     0.6     0.9     1.6     3.3     5.3     6.9     8.6    16.3    24.2    31.4    33.4    28.0    25.8    20.9    19.5    16.3    16.1    17.2    20.6    23.2    29.4    36.3    40.4    43.1    51.5    68.4    73.7   108.2   112.1    90.8    89.9    99.7   106.7   107.0   122.0   146.1   175.4   204.0   216.0   219.1   209.3   192.5   185.6   201.8   182.1   174.5   192.4   225.2   274.5   293.6   265.7   222.5   202.0   191.3   176.9   174.7   153.8   155.2   153.4   141.4   125.9   118.2   113.8   104.6   104.7   109.3 -9999.0 -9999.0 -9999.0 -9999.0 -9999.0 -9999.0 -9999.0 -9999.0 -9999.0 -9999.0 -9999.0 -9999.0 -9999.0 -9999.0 -9999.0 -9999.0 -9999.0 -9999.0 -9999.0 -9999.0 -9999.0 -9999.0 -9999.0 -9999.0 -9999.0 -9999.0 -9999.0 -9999.0 -9999.0
 -9999.0 -9999.0 -9999.0 -9999.0 -9999.0 -9999.0 -9999.0 -9999.0 -9999.0 -9999.0 -9999.0 -9999.0 -9999.0 -9999.0 -9999.0    23.4    25.2    17.2    19.0    19.3     6.6     8.1     6.4     3.5     1.6     0.9     0.2     0.2     0.1     0.1     0.1     0.2     0.3     0.6     1.3     1.7     2.6     7.2     9.7    13.7    17.9    25.0    33.0    37.2    41.5    43.2    24.4    31.8    16.3    22.7    14.3    17.8    18.1    22.1    26.3    31.9    38.3    39.9    64.1    84.5    84.7    93.8   105.8   101.7   107.1   118.6   131.1   154.7   177.8   188.8   199.0   199.5   197.1   206.1   196.4   209.0   218.4   243.7   227.0   204.9   224.3   266.8   278.8   250.0   212.4   184.7   171.1   180.9   180.9   182.3   195.3   211.7   183.1   169.1   156.3   141.9   134.3 -9999.0   130.2 -9999.0 -9999.0 -9999.0 -9999.0 -9999.0 -9999.0 -9999.0 -9999.0 -9999.0 -9999.0 -9999.0 -9999.0 -9999.0 -9999.0 -9999.0 -9999.0 -9999.0 -9999.0 -9999.0 -9999.0 -9999.0 -9999.0 -9999.0 -9999.0 -9999.0 -9999.0 -9999.0 -9999.0 -9999.0
 -9999.0 -9999.0 -9999.0 -9999.0 -9999.0 -9999.0 -9999.0 -9999.0 -9999.0 -9999.0 -9999.0 -9999.0 -9999.0 -9999.0 -9999.0 -9999.0 -9999.0    79.0    59.4 -9999.0    38.0    13.8    16.7    11.5     3.7     2.2     0.4     0.3     0.3     0.1     0.2     0.4     0.4     1.4     3.3     3.4     3.5     7.3     9.2    13.6    19.1    24.4    31.9    37.2    75.8    55.8   157.7    21.5    28.2    17.1    32.5    17.0    29.7    21.1    25.9    31.2    32.7    48.0    59.6    78.8    86.6   111.6   114.0   104.4   106.5   123.5   149.3   178.8   207.3   214.1   232.3   189.8   197.4   205.1   202.4   211.8   221.3   240.4   243.5   212.1   213.8   235.1   244.0   231.3   217.9   195.3   179.7   188.5   205.1   218.9   248.2   250.0   193.5   162.8   163.4   171.9   139.9   144.6   158.5   153.8   142.4 -9999.0 -9999.0 -9999.0 -9999.0 -9999.0 -9999.0 -9999.0 -9999.0 -9999.0 -9999.0 -9999.0 -9999.0 -9999.0 -9999.0 -9999.0 -9999.0 -9999.0 -9999.0 -9999.0 -9999.0 -9999.0 -9999.0 -9999.0 -9999.0 -9999.0 -9999.0 -9999.0
 -9999.0 -9999.0 -9999.0 -9999.0 -9999.0 -9999.0 -9999.0 -9999.0 -9999.0 -9999.0 -9999.0 -9999.0 -9999.0 -9999.0 -9999.0 -9999.0 -9999.0 -9999.0 -9999.0 -9999.0 -9999.0    36.1    21.4     8.2     8.7     9.9     4.9     2.0     0.7     0.6     0.5     1.3     1.9     3.2     5.8     5.3     5.5     6.0     7.9    12.9    18.6    22.3    27.5    32.4    80.9    42.9   228.0    59.9    23.5    29.5    23.3    22.5    24.1    24.6    27.0    33.9    39.8    42.9    66.5    73.6   108.7   119.5   111.4    92.6    89.1   102.1   132.7   169.9   213.9   228.7   225.4   195.1   202.4   212.2   200.8   200.3   214.6   228.5   232.4   220.0   211.0   215.2   218.3   217.9   243.8   201.6   191.7   199.4   210.2   223.2   245.9   214.4   236.7   238.7   150.4   153.5   166.9   180.8   199.0   162.2 -9999.0 -9999.0 -9999.0 -9999.0 -9999.0 -9999.0 -9999.0 -9999.0 -9999.0 -9999.0 -9999.0 -9999.0 -9999.0 -9999.0 -9999.0 -9999.0 -9999.0 -9999.0 -9999.0 -9999.0 -9999.0 -9999.0 -9999.0 -9999.0 -9999.0 -9999.0 -9999.0 -9999.0
 -9999.0 -9999.0 -9999.0 -9999.0 -9999.0 -9999.0 -9999.0 -9999.0 -9999.0 -9999.0 -9999.0 -9999.0 -9999.0 -9999.0 -9999.0 -9999.0 -9999.0 -9999.0 -9999.0 -9999.0 -9999.0 -9999.0 -9999.0    57.3    25.0    18.6    11.9     5.8     1.8     1.8     1.4     2.0     2.9     6.0     7.4     8.6     8.3     7.6     9.5    12.5    15.5    21.0    24.8    36.6    89.0   259.2   133.5   107.4   133.6   127.8    55.6    31.2    38.8    33.9    31.6    26.6    39.6    51.1    54.6    71.4   106.1   118.0   116.2    83.2    70.9    74.0    99.8   137.0   145.0   193.9   176.6   193.1   201.7   203.1   212.0   219.4   222.1   227.3   225.6   224.7   222.0   214.6   208.8   214.0   218.1   272.8   200.1   221.7   214.7   212.8   222.3   231.7   170.9   205.5   180.2   185.6   208.6   240.1   197.5 -9999.0 -9999.0 -9999.0 -9999.0 -9999.0 -9999.0 -9999.0 -9999.0 -9999.0 -9999.0 -9999.0 -9999.0 -9999.0 -9999.0 -9999.0 -9999.0 -9999.0 -9999.0 -9999.0 -9999.0 -9999.0 -9999.0 -9999.0 -9999.0 -9999.0 -9999.0 -9999.0 -9999.0 -9999.0
 -9999.0 -9999.0 -9999.0 -9999.0 -9999.0 -9999.0 -9999.0 -9999.0 -9999.0 -9999.0 -9999.0 -9999.0 -9999.0 -9999.0 -9999.0 -9999.0 -9999.0 -9999.0 -9999.0 -9999.0 -9999.0 -9999.0 -9999.0 -9999.0 -9999.0    72.0    35.6     7.4     5.9     4.2     5.1     8.9    13.1    15.4    20.0    16.5    15.9    13.6    15.0    14.3    19.4    19.5    69.3    77.8   209.1   289.7   250.0   334.2    72.4   124.0    46.6    51.7    45.5    44.9    35.5    33.3    41.4    43.9    57.9    67.2    83.8   102.6   113.3    67.3    59.6    58.9    66.1    72.3    94.0   122.1   162.0   183.8   198.6   196.5   206.1   230.0   237.1   224.2   213.3   225.6   231.0   220.3   204.7   204.7   220.9   198.8   211.0   220.0   219.5   209.1   194.0   177.6   205.9   306.7   245.4   287.7   240.0   248.6 -9999.0 -9999.0 -9999.0 -9999.0 -9999.0 -9999.0 -9999.0 -9999.0 -9999.0 -9999.0 -9999.0 -9999.0 -9999.0 -9999.0 -9999.0 -9999.0 -9999.0 -9999.0 -9999.0 -9999.0 -9999.0 -9999.0 -9999.0 -9999.0 -9999.0 -9999.0 -9999.0 -9999.0 -9999.0 -9999.0
 -9999.0 -9999.0 -9999.0 -9999.0 -9999.0 -9999.0 -9999.0 -9999.0 -9999.0 -9999.0 -9999.0 -9999.0 -9999.0 -9999.0 -9999.0 -9999.0 -9999.0 -9999.0 -9999.0 -9999.0 -9999.0 -9999.0 -9999.0 -9999.0 -9999.0 -9999.0 -9999.0    80.6    70.8    34.1    29.5    30.6    22.7    39.9    35.6    45.4    30.0    25.2    27.6    21.7    23.7    31.8   103.2   209.7   259.7   315.5   352.9   363.1   352.7   216.4   240.6   184.0    70.5    58.0    45.0    43.5    39.0    44.2    53.6    59.4    82.3    82.1    83.8    71.7    66.1    51.1    56.1    68.4    87.7   117.1   155.6   175.7   196.3   188.7   199.8   217.7   189.9   190.6   215.0   223.4   226.2   218.5   208.6   223.8   215.0   212.9   229.8   281.4   232.3   221.6   272.0   353.6   281.2   264.1   348.2   331.5   270.8 -9999.0 -9999.0 -9999.0 -9999.0 -9999.0 -9999.0 -9999.0 -9999.0 -9999.0 -9999.0 -9999.0 -9999.0 -9999.0 -9999.0 -9999.0 -9999.0 -9999.0 -9999.0 -9999.0 -9999.0 -9999.0 -9999.0 -9999.0 -9999.0 -9999.0 -9999.0 -9999.0 -9999.0 -9999.0 -9999.0 -9999.0
 -9999.0 -9999.0 -9999.0 -9999.0 -9999.0 -9999.0 -9999.0 -9999.0 -9999.0 -9999.0 -9999.0 -9999.0 -9999.0 -9999.0 -9999.0 -9999.0 -9999.0 -9999.0 -9999.0 -9999.0 -9999.0 -9999.0 -9999.0 -9999.0 -9999.0 -9999.0 -9999.0 -9999.0 -9999.0 -9999.0 -9999.0 -9999.0 -9999.0    72.3    62.2 -9999.0 -9999.0 -9999.0    70.4    43.8    68.5   110.4   112.8   252.3   310.2   344.0 -9999.0 -9999.0 -9999.0 -9999.0 -9999.0 -9999.0   109.5    66.6    51.6    40.7    39.6    42.7    44.9    47.4    54.1    63.6    65.8    65.9    63.3    64.4    72.5    84.7    98.9   124.6   164.1   182.3   180.4   173.0   156.6   180.2   149.5   178.8   200.7   214.4   220.0   214.7   219.8   239.0   256.7   237.3   243.7   265.5   303.7   245.1   294.8   314.2   282.4   263.0   330.3   276.7   217.9 -9999.0 -9999.0 -9999.0 -9999.0 -9999.0 -9999.0 -9999.0 -9999.0 -9999.0 -9999.0 -9999.0 -9999.0 -9999.0 -9999.0 -9999.0 -9999.0 -9999.0 -9999.0 -9999.0 -9999.0 -9999.0 -9999.0 -9999.0 -9999.0 -9999.0 -9999.0 -9999.0 -9999.0 -9999.0 -9999.0 -9999.0
 -9999.0 -9999.0 -9999.0 -9999.0 -9999.0 -9999.0 -9999.0 -9999.0 -9999.0 -9999.0 -9999.0 -9999.0 -9999.0 -9999.0 -9999.0 -9999.0 -9999.0 -9999.0 -9999.0 -9999.0 -9999.0 -9999.0 -9999.0 -9999.0 -9999.0 -9999.0 -9999.0 -9999.0 -9999.0 -9999.0 -9999.0 -9999.0 -9999.0 -9999.0 -9999.0 -9999.0 -9999.0 -9999.0 -9999.0   164.5   186.4   216.7   252.3   289.7 -9999.0 -9999.0 -9999.0 -9999.0 -9999.0 -9999.0 -9999.0 -9999.0   118.7    77.4    55.8    40.5    35.0    33.1    30.7    30.6    34.2    46.5    54.6    58.8    74.8    96.1   114.0   126.7   133.9   138.0   153.9   174.9   177.3   145.6   150.2   152.0   154.2   187.7   174.8   226.9   217.4   219.3   229.1   264.6   265.5   241.7   251.9   282.0   259.7   263.4   254.4   256.9   243.6   314.8   331.8   199.2 -9999.0 -9999.0 -9999.0 -9999.0 -9999.0 -9999.0 -9999.0 -9999.0 -9999.0 -9999.0 -9999.0 -9999.0 -9999.0 -9999.0 -9999.0 -9999.0 -9999.0 -9999.0 -9999.0 -9999.0 -9999.0 -9999.0 -9999.0 -9999.0 -9999.0 -9999.0 -9999.0 -9999.0 -9999.0 -9999.0 -9999.0 -9999.0
 -9999.0 -9999.0 -9999.0 -9999.0 -9999.0 -9999.0 -9999.0 -9999.0 -9999.0 -9999.0 -9999.0 -9999.0 -9999.0 -9999.0 -9999.0 -9999.0 -9999.0 -9999.0 -9999.0 -9999.0 -9999.0 -9999.0 -9999.0 -9999.0 -9999.0 -9999.0 -9999.0 -9999.0 -9999.0 -9999.0 -9999.0 -9999.0 -9999.0 -9999.0 -9999.0 -9999.0 -9999.0 -9999.0 -9999.0 -9999.0 -9999.0 -9999.0 -9999.0 -9999.0 -9999.0 -9999.0 -9999.0 -9999.0 -9999.0 -9999.0 -9999.0 -9999.0   166.7    89.7    60.6    50.8    33.7    28.5    26.5    29.6    29.8    36.9    66.6    55.8    80.0   123.2   156.0   171.9   177.5   166.4   160.3   164.1   141.7   138.9   134.7   184.4   175.7   232.0   252.6   228.8   198.8   205.1   232.0   248.2   259.1   245.3   228.8   235.4   244.3   231.0   227.1   286.5   223.6   324.6   249.1 -9999.0 -9999.0 -9999.0 -9999.0 -9999.0 -9999.0 -9999.0 -9999.0 -9999.0 -9999.0 -9999.0 -9999.0 -9999.0 -9999.0 -9999.0 -9999.0 -9999.0 -9999.0 -9999.0 -9999.0 -9999.0 -9999.0 -9999.0 -9999.0 -9999.0 -9999.0 -9999.0 -9999.0 -9999.0 -9999.0 -9999.0 -9999.0 -9999.0
 -9999.0 -9999.0 -9999.0 -9999.0 -9999.0 -9999.0 -9999.0 -9999.0 -9999.0 -9999.0 -9999.0 -9999.0 -9999.0 -9999.0 -9999.0 -9999.0 -9999.0 -9999.0 -9999.0 -9999.0 -9999.0 -9999.0 -9999.0 -9999.0 -9999.0 -9999.0 -9999.0 -9999.0 -9999.0 -9999.0 -9999.0 -9999.0 -9999.0 -9999.0 -9999.0 -9999.0 -9999.0 -9999.0 -9999.0 -9999.0 -9999.0 -9999.0 -9999.0 -9999.0 -9999.0 -9999.0 -9999.0 -9999.0 -9999.0 -9999.0 -9999.0   246.5   156.8   101.6    57.2    43.8    33.1    34.1    30.0    21.0    44.8    46.2    42.1    55.2    83.7   129.1   163.2   172.3   196.8   189.2   175.4   165.2   168.5   186.8   185.2   227.3   192.1   308.4   214.2   183.7   191.1   187.6   159.5   216.1   226.4   220.3   222.7   209.8   214.9   198.0   264.7   259.0   289.2   223.5   193.9 -9999.0 -9999.0 -9999.0 -9999.0 -9999.0 -9999.0 -9999.0 -9999.0 -9999.0 -9999.0 -9999.0 -9999.0 -9999.0 -9999.0 -9999.0 -9999.0 -9999.0 -9999.0 -9999.0 -9999.0 -9999.0 -9999.0 -9999.0 -9999.0 -9999.0 -9999.0 -9999.0 -9999.0 -9999.0 -9999.0 -9999.0 -9999.0 -9999.0
 -9999.0 -9999.0 -9999.0 -9999.0 -9999.0 -9999.0 -9999.0 -9999.0 -9999.0 -9999.0 -9999.0 -9999.0 -9999.0 -9999.0 -9999.0 -9999.0 -9999.0 -9999.0 -9999.0 -9999.0 -9999.0 -9999.0 -9999.0 -9999.0 -9999.0 -9999.0 -9999.0 -9999.0 -9999.0 -9999.0 -9999.0 -9999.0 -9999.0 -9999.0 -9999.0 -9999.0 -9999.0 -9999.0 -9999.0 -9999.0 -9999.0 -9999.0 -9999.0 -9999.0 -9999.0 -9999.0 -9999.0 -9999.0 -9999.0 -9999.0   325.9   255.6   174.1   117.4    69.6    51.9    33.4    25.8    31.2    42.0    44.2    51.2    45.9    57.3    83.9   119.0   139.1   161.1   176.8   176.4   172.9   170.5   179.3   177.3   173.2   170.0   314.1   180.5   286.2   189.5   141.3   170.3   185.4   213.8   196.7   203.4   190.4   184.8   192.6   209.2   243.5   300.0   272.7   223.5   156.6 -9999.0 -9999.0 -9999.0 -9999.0 -9999.0 -9999.0 -9999.0 -9999.0 -9999.0 -9999.0 -9999.0 -9999.0 -9999.0 -9999.0 -9999.0 -9999.0 -9999.0 -9999.0 -9999.0 -9999.0 -9999.0 -9999.0 -9999.0 -9999.0 -9999.0 -9999.0 -9999.0 -9999.0 -9999.0 -9999.0 -9999.0 -9999.0 -9999.0
 -9999.0 -9999.0 -9999.0 -9999.0 -9999.0 -9999.0 -9999.0 -9999.0 -9999.0 -9999.0 -9999.0 -9999.0 -9999.0 -9999.0 -9999.0 -9999.0 -9999.0 -9999.0 -9999.0 -9999.0 -9999.0 -9999.0 -9999.0 -9999.0 -9999.0 -9999.0 -9999.0 -9999.0 -9999.0 -9999.0 -9999.0 -9999.0 -9999.0 -9999.0 -9999.0 -9999.0 -9999.0 -9999.0 -9999.0 -9999.0 -9999.0 -9999.0 -9999.0 -9999.0 -9999.0 -9999.0 -9999.0 -9999.0 -9999.0 -9999.0   331.1   273.9   227.1   145.7    99.6    66.2    43.2    45.3    42.6    38.6    39.3    45.4    45.0    58.3    80.0   101.5   117.1   124.6   140.1   145.1   159.3   171.2   187.8   208.9   222.2   244.5   214.2   319.5   298.7   163.7   180.5   143.3   201.4   232.3   196.7   198.2   188.8   188.0   202.0   219.7   256.2   244.4   234.4   184.4 -9999.0 -9999.0 -9999.0 -9999.0 -9999.0 -9999.0 -9999.0 -9999.0 -9999.0 -9999.0 -9999.0 -9999.0 -9999.0 -9999.0 -9999.0 -9999.0 -9999.0 -9999.0 -9999.0 -9999.0 -9999.0 -9999.0 -9999.0 -9999.0 -9999.0 -9999.0 -9999.0 -9999.0 -9999.0 -9999.0 -9999.0 -9999.0 -9999.0 -9999.0
 -9999.0 -9999.0 -9999.0 -9999.0 -9999.0 -9999.0 -9999.0 -9999.0 -9999.0 -9999.0 -9999.0 -9999.0 -9999.0 -9999.0 -9999.0 -9999.0 -9999.0 -9999.0 -9999.0 -9999.0 -9999.0 -9999.0 -9999.0 -9999.0 -9999.0 -9999.0 -9999.0 -9999.0 -9999.0 -9999.0 -9999.0 -9999.0 -9999.0 -9999.0 -9999.0 -9999.0 -9999.0 -9999.0 -9999.0 -9999.0 -9999.0 -9999.0 -9999.0 -9999.0 -9999.0 -9999.0 -9999.0 -9999.0 -9999.0 -9999.0   308.6   306.5   245.8   183.7   132.2    92.2    81.9    57.7    53.3    36.8    43.9    51.5    53.1    58.3    78.4    92.7    97.0    96.1   101.4   132.8   147.5   180.3   229.1   217.6   238.3   230.7   172.7   314.3   266.4   281.1   158.4   241.8   299.9   283.9   226.3   235.5   233.0   227.9   227.8   229.4   252.7   223.8 -9999.0 -9999.0 -9999.0 -9999.0 -9999.0 -9999.0 -9999.0 -9999.0 -9999.0 -9999.0 -9999.0 -9999.0 -9999.0 -9999.0 -9999.0 -9999.0 -9999.0 -9999.0 -9999.0 -9999.0 -9999.0 -9999.0 -9999.0 -9999.0 -9999.0 -9999.0 -9999.0 -9999.0 -9999.0 -9999.0 -9999.0 -9999.0 -9999.0 -9999.0 -9999.0 -9999.0
 -9999.0 -9999.0 -9999.0 -9999.0 -9999.0 -9999.0 -9999.0 -9999.0 -9999.0 -9999.0 -9999.0 -9999.0 -9999.0 -9999.0 -9999.0 -9999.0 -9999.0 -9999.0 -9999.0 -9999.0 -9999.0 -9999.0 -9999.0 -9999.0 -9999.0 -9999.0 -9999.0 -9999.0 -9999.0 -9999.0 -9999.0 -9999.0 -9999.0 -9999.0 -9999.0 -9999.0 -9999.0 -9999.0 -9999.0 -9999.0 -9999.0 -9999.0 -9999.0 -9999.0 -9999.0 -9999.0 -9999.0 -9999.0 -9999.0 -9999.0   334.0   309.9   255.1   205.9   156.4   127.3    79.5    72.8    60.6    46.6    58.7    61.8    56.7    72.2    90.5   100.5   109.7   103.7   120.2    83.8   133.4   192.6   244.2   233.7   246.0   235.1   209.5   281.7   206.3   277.3   295.4   285.4   368.3   325.0   299.1   272.9   254.6   247.9   234.3   228.0   197.9 -9999.0 -9999.0 -9999.0 -9999.0 -9999.0 -9999.0 -9999.0 -9999.0 -9999.0 -9999.0 -9999.0 -9999.0 -9999.0 -9999.0 -9999.0 -9999.0 -9999.0 -9999.0 -9999.0 -9999.0 -9999.0 -9999.0 -9999.0 -9999.0 -9999.0 -9999.0 -9999.0 -9999.0 -9999.0 -9999.0 -9999.0 -9999.0 -9999.0 -9999.0 -9999.0 -9999.0 -9999.0
 -9999.0 -9999.0 -9999.0 -9999.0 -9999.0 -9999.0 -9999.0 -9999.0 -9999.0 -9999.0 -9999.0 -9999.0 -9999.0 -9999.0 -9999.0 -9999.0 -9999.0 -9999.0 -9999.0 -9999.0 -9999.0 -9999.0 -9999.0 -9999.0 -9999.0 -9999.0 -9999.0 -9999.0 -9999.0 -9999.0 -9999.0 -9999.0 -9999.0 -9999.0 -9999.0 -9999.0 -9999.0 -9999.0 -9999.0 -9999.0 -9999.0 -9999.0 -9999.0 -9999.0 -9999.0 -9999.0 -9999.0 -9999.0 -9999.0 -9999.0 -9999.0 -9999.0 -9999.0   174.5   133.8   109.4    97.6    91.4    68.3    77.6   129.3   105.8   125.9   117.5   119.8   119.3   134.4   101.4   118.2   110.4   110.7   152.2   199.4   216.0   235.8   286.1   290.2   287.0   268.3   293.2   330.3   403.7   418.3   377.8   309.4   264.4   245.2   229.1   193.1   173.6 -9999.0 -9999.0 -9999.0 -9999.0 -9999.0 -9999.0 -9999.0 -9999.0 -9999.0 -9999.0 -9999.0 -9999.0 -9999.0 -9999.0 -9999.0 -9999.0 -9999.0 -9999.0 -9999.0 -9999.0 -9999.0 -9999.0 -9999.0 -9999.0 -9999.0 -9999.0 -9999.0 -9999.0 -9999.0 -9999.0 -9999.0 -9999.0 -9999.0 -9999.0 -9999.0 -9999.0 -9999.0 -9999.0
 -9999.0 -9999.0 -9999.0 -9999.0 -9999.0 -9999.0 -9999.0 -9999.0 -9999.0 -9999.0 -9999.0 -9999.0 -9999.0 -9999.0 -9999.0 -9999.0 -9999.0 -9999.0 -9999.0 -9999.0 -9999.0 -9999.0 -9999.0 -9999.0 -9999.0 -9999.0 -9999.0 -9999.0 -9999.0 -9999.0 -9999.0 -9999.0 -9999.0 -9999.0 -9999.0 -9999.0 -9999.0 -9999.0 -9999.0 -9999.0 -9999.0 -9999.0 -9999.0 -9999.0 -9999.0 -9999.0 -9999.0 -9999.0 -9999.0 -9999.0 -9999.0 -9999.0 -9999.0   143.3   102.7   155.3    99.3    91.1   114.6   169.9   178.1   188.9   223.2   187.6   168.7   150.3   104.7   153.4   101.2    92.5    86.2   115.1   151.0   180.5   227.2   287.3   340.1   293.4   311.3   361.5   414.3   468.3   479.1 -9999.0   316.7   238.6 -9999.0 -9999.0 -9999.0 -9999.0 -9999.0 -9999.0 -9999.0 -9999.0 -9999.0 -9999.0 -9999.0 -9999.0 -9999.0 -9999.0 -9999.0 -9999.0 -9999.0 -9999.0 -9999.0 -9999.0 -9999.0 -9999.0 -9999.0 -9999.0 -9999.0 -9999.0 -9999.0 -9999.0 -9999.0 -9999.0 -9999.0 -9999.0 -9999.0 -9999.0 -9999.0 -9999.0 -9999.0 -9999.0 -9999.0 -9999.0 -9999.0 -9999.0
 -9999.0 -9999.0 -9999.0 -9999.0 -9999.0 -9999.0 -9999.0 -9999.0 -9999.0 -9999.0 -9999.0 -9999.0 -9999.0 -9999.0 -9999.0 -9999.0 -9999.0 -9999.0 -9999.0 -9999.0 -9999.0 -9999.0 -9999.0 -9999.0 -9999.0 -9999.0 -9999.0 -9999.0 -9999.0 -9999.0 -9999.0 -9999.0 -9999.0 -9999.0 -9999.0 -9999.0 -9999.0 -9999.0 -9999.0 -9999.0 -9999.0 -9999.0 -9999.0 -9999.0 -9999.0 -9999.0 -9999.0 -9999.0 -9999.0 -9999.0 -9999.0 -9999.0 -9999.0   126.5    73.1   123.5   128.1   130.7   168.0   208.8   279.2   300.5   336.8   319.1   193.6 -9999.0 -9999.0 -9999.0   140.2   100.3   102.1   125.9   151.6   179.3   229.3   300.8   360.9   351.2   321.6   491.5   568.5   596.0   554.3 -9999.0 -9999.0 -9999.0 -9999.0 -9999.0 -9999.0 -9999.0 -9999.0 -9999.0 -9999.0 -9999.0 -9999.0 -9999.0 -9999.0 -9999.0 -9999.0 -9999.0 -9999.0 -9999.0 -9999.0 -9999.0 -9999.0 -9999.0 -9999.0 -9999.0 -9999.0 -9999.0 -9999.0 -9999.0 -9999.0 -9999.0 -9999.0 -9999.0 -9999.0 -9999.0 -9999.0 -9999.0 -9999.0 -9999.0 -9999.0 -9999.0 -9999.0 -9999.0 -9999.0 -9999.0
 -9999.0 -9999.0 -9999.0 -9999.0 -9999.0 -9999.0 -9999.0 -9999.0 -9999.0 -9999.0 -9999.0 -9999.0 -9999.0 -9999.0 -9999.0 -9999.0 -9999.0 -9999.0 -9999.0 -9999.0 -9999.0 -9999.0 -9999.0 -9999.0 -9999.0 -9999.0 -9999.0 -9999.0 -9999.0 -9999.0 -9999.0 -9999.0 -9999.0 -9999.0 -9999.0 -9999.0 -9999.0 -9999.0 -9999.0 -9999.0 -9999.0 -9999.0 -9999.0 -9999.0 -9999.0 -9999.0 -9999.0 -9999.0 -9999.0 -9999.0 -9999.0 -9999.0 -9999.0 -9999.0   117.3   128.2   118.4   136.4   223.2   307.2   259.9 -9999.0 -9999.0 -9999.0 -9999.0 -9999.0 -9999.0 -9999.0   130.4   138.1   161.8   144.9   154.7   169.8   195.6   250.1   307.0   346.2   437.9 -9999.0   682.5 -9999.0 -9999.0 -9999.0 -9999.0 -9999.0 -9999.0 -9999.0 -9999.0 -9999.0 -9999.0 -9999.0 -9999.0 -9999.0 -9999.0 -9999.0 -9999.0 -9999.0 -9999.0 -9999.0 -9999.0 -9999.0 -9999.0 -9999.0 -9999.0 -9999.0 -9999.0 -9999.0 -9999.0 -9999.0 -9999.0 -9999.0 -9999.0 -9999.0 -9999.0 -9999.0 -9999.0 -9999.0 -9999.0 -9999.0 -9999.0 -9999.0 -9999.0 -9999.0 -9999.0 -9999.0 -9999.0 -9999.0
 -9999.0 -9999.0 -9999.0 -9999.0 -9999.0 -9999.0 -9999.0 -9999.0 -9999.0 -9999.0 -9999.0 -9999.0 -9999.0 -9999.0 -9999.0 -9999.0 -9999.0 -9999.0 -9999.0 -9999.0 -9999.0 -9999.0 -9999.0 -9999.0 -9999.0 -9999.0 -9999.0 -9999.0 -9999.0 -9999.0 -9999.0 -9999.0 -9999.0 -9999.0 -9999.0 -9999.0 -9999.0 -9999.0 -9999.0 -9999.0 -9999.0 -9999.0 -9999.0 -9999.0 -9999.0 -9999.0 -9999.0 -9999.0 -9999.0 -9999.0 -9999.0 -9999.0 -9999.0 -9999.0 -9999.0   132.6   235.9   200.4   208.3   292.0   311.3 -9999.0 -9999.0 -9999.0 -9999.0 -9999.0 -9999.0 -9999.0 -9999.0 -9999.0   142.4 -9999.0 -9999.0 -9999.0 -9999.0 -9999.0   199.4 -9999.0 -9999.0 -9999.0 -9999.0 -9999.0 -9999.0 -9999.0 -9999.0 -9999.0 -9999.0 -9999.0 -9999.0 -9999.0 -9999.0 -9999.0 -9999.0 -9999.0 -9999.0 -9999.0 -9999.0 -9999.0 -9999.0 -9999.0 -9999.0 -9999.0 -9999.0 -9999.0 -9999.0 -9999.0 -9999.0 -9999.0 -9999.0 -9999.0 -9999.0 -9999.0 -9999.0 -9999.0 -9999.0 -9999.0 -9999.0 -9999.0 -9999.0 -9999.0 -9999.0 -9999.0 -9999.0 -9999.0 -9999.0 -9999.0 -9999.0 -9999.0
 -9999.0 -9999.0 -9999.0 -9999.0 -9999.0 -9999.0 -9999.0 -9999.0 -9999.0 -9999.0 -9999.0 -9999.0 -9999.0 -9999.0 -9999.0 -9999.0 -9999.0 -9999.0 -9999.0 -9999.0 -9999.0 -9999.0 -9999.0 -9999.0 -9999.0 -9999.0 -9999.0 -9999.0 -9999.0 -9999.0 -9999.0 -9999.0 -9999.0 -9999.0 -9999.0 -9999.0 -9999.0 -9999.0 -9999.0 -9999.0 -9999.0 -9999.0 -9999.0 -9999.0 -9999.0 -9999.0 -9999.0 -9999.0 -9999.0 -9999.0 -9999.0 -9999.0 -9999.0 -9999.0 -9999.0 -9999.0 -9999.0 -9999.0   262.3   257.7 -9999.0 -9999.0 -9999.0 -9999.0 -9999.0 -9999.0 -9999.0 -9999.0 -9999.0 -9999.0 -9999.0 -9999.0 -9999.0 -9999.0 -9999.0   109.4   145.3 -9999.0 -9999.0 -9999.0 -9999.0 -9999.0 -9999.0 -9999.0 -9999.0 -9999.0 -9999.0 -9999.0 -9999.0 -9999.0 -9999.0 -9999.0 -9999.0 -9999.0 -9999.0 -9999.0 -9999.0 -9999.0 -9999.0 -9999.0 -9999.0 -9999.0 -9999.0 -9999.0 -9999.0 -9999.0 -9999.0 -9999.0 -9999.0 -9999.0 -9999.0 -9999.0 -9999.0 -9999.0 -9999.0 -9999.0 -9999.0 -9999.0 -9999.0 -9999.0 -9999.0 -9999.0 -9999.0 -9999.0 -9999.0 -9999.0 -9999.0 -9999.0
 -9999.0 -9999.0 -9999.0 -9999.0 -9999.0 -9999.0 -9999.0 -9999.0 -9999.0 -9999.0 -9999.0 -9999.0 -9999.0 -9999.0 -9999.0 -9999.0 -9999.0 -9999.0 -9999.0 -9999.0 -9999.0 -9999.0 -9999.0 -9999.0 -9999.0 -9999.0 -9999.0 -9999.0 -9999.0 -9999.0 -9999.0 -9999.0 -9999.0 -9999.0 -9999.0 -9999.0 -9999.0 -9999.0 -9999.0 -9999.0 -9999.0 -9999.0 -9999.0 -9999.0 -9999.0 -9999.0 -9999.0 -9999.0 -9999.0 -9999.0 -9999.0 -9999.0 -9999.0 -9999.0 -9999.0 -9999.0 -9999.0 -9999.0 -9999.0 -9999.0 -9999.0 -9999.0 -9999.0 -9999.0 -9999.0 -9999.0 -9999.0 -9999.0 -9999.0 -9999.0 -9999.0 -9999.0 -9999.0 -9999.0 -9999.0 -9999.0 -9999.0 -9999.0 -9999.0 -9999.0 -9999.0 -9999.0 -9999.0 -9999.0 -9999.0 -9999.0 -9999.0 -9999.0 -9999.0 -9999.0 -9999.0 -9999.0 -9999.0 -9999.0 -9999.0 -9999.0 -9999.0 -9999.0 -9999.0 -9999.0 -9999.0 -9999.0 -9999.0 -9999.0 -9999.0 -9999.0 -9999.0 -9999.0 -9999.0 -9999.0 -9999.0 -9999.0 -9999.0 -9999.0 -9999.0 -9999.0 -9999.0 -9999.0 -9999.0 -9999.0 -9999.0 -9999.0 -9999.0 -9999.0 -9999.0 -9999.0 -9999.0 -9999.0
 -9999.0 -9999.0 -9999.0 -9999.0 -9999.0 -9999.0 -9999.0 -9999.0 -9999.0 -9999.0 -9999.0 -9999.0 -9999.0 -9999.0 -9999.0 -9999.0 -9999.0 -9999.0 -9999.0 -9999.0 -9999.0 -9999.0 -9999.0 -9999.0 -9999.0 -9999.0 -9999.0 -9999.0 -9999.0 -9999.0 -9999.0 -9999.0 -9999.0 -9999.0 -9999.0 -9999.0 -9999.0 -9999.0 -9999.0 -9999.0 -9999.0 -9999.0 -9999.0 -9999.0 -9999.0 -9999.0 -9999.0 -9999.0 -9999.0 -9999.0 -9999.0 -9999.0 -9999.0 -9999.0 -9999.0 -9999.0 -9999.0 -9999.0 -9999.0 -9999.0 -9999.0 -9999.0 -9999.0 -9999.0 -9999.0 -9999.0 -9999.0 -9999.0 -9999.0 -9999.0 -9999.0 -9999.0 -9999.0 -9999.0 -9999.0   199.7   214.6   248.9 -9999.0 -9999.0 -9999.0 -9999.0 -9999.0 -9999.0 -9999.0 -9999.0 -9999.0 -9999.0 -9999.0 -9999.0 -9999.0 -9999.0 -9999.0 -9999.0 -9999.0 -9999.0 -9999.0 -9999.0 -9999.0 -9999.0 -9999.0 -9999.0 -9999.0 -9999.0 -9999.0 -9999.0 -9999.0 -9999.0 -9999.0 -9999.0 -9999.0 -9999.0 -9999.0 -9999.0 -9999.0 -9999.0 -9999.0 -9999.0 -9999.0 -9999.0 -9999.0 -9999.0 -9999.0 -9999.0 -9999.0 -9999.0 -9999.0 -9999.0
 -9999.0 -9999.0 -9999.0 -9999.0 -9999.0 -9999.0 -9999.0 -9999.0 -9999.0 -9999.0 -9999.0 -9999.0 -9999.0 -9999.0 -9999.0 -9999.0 -9999.0 -9999.0 -9999.0 -9999.0 -9999.0 -9999.0 -9999.0 -9999.0 -9999.0 -9999.0 -9999.0 -9999.0 -9999.0 -9999.0 -9999.0 -9999.0 -9999.0 -9999.0 -9999.0 -9999.0 -9999.0 -9999.0 -9999.0 -9999.0 -9999.0 -9999.0 -9999.0 -9999.0 -9999.0 -9999.0 -9999.0 -9999.0 -9999.0 -9999.0 -9999.0 -9999.0 -9999.0 -9999.0 -9999.0 -9999.0 -9999.0 -9999.0 -9999.0 -9999.0 -9999.0 -9999.0 -9999.0 -9999.0 -9999.0 -9999.0 -9999.0 -9999.0 -9999.0 -9999.0 -9999.0 -9999.0 -9999.0    89.3   244.6   263.1   299.0 -9999.0 -9999.0 -9999.0 -9999.0 -9999.0 -9999.0 -9999.0 -9999.0 -9999.0 -9999.0 -9999.0 -9999.0 -9999.0 -9999.0 -9999.0 -9999.0 -9999.0 -9999.0 -9999.0 -9999.0 -9999.0 -9999.0 -9999.0 -9999.0 -9999.0 -9999.0 -9999.0 -9999.0 -9999.0 -9999.0 -9999.0 -9999.0 -9999.0 -9999.0 -9999.0 -9999.0 -9999.0 -9999.0 -9999.0 -9999.0 -9999.0 -9999.0 -9999.0 -9999.0 -9999.0 -9999.0 -9999.0 -9999.0 -9999.0 -9999.0 -9999.0
 -9999.0 -9999.0 -9999.0 -9999.0 -9999.0 -9999.0 -9999.0 -9999.0 -9999.0 -9999.0 -9999.0 -9999.0 -9999.0 -9999.0 -9999.0 -9999.0 -9999.0 -9999.0 -9999.0 -9999.0 -9999.0 -9999.0 -9999.0 -9999.0 -9999.0 -9999.0 -9999.0 -9999.0 -9999.0 -9999.0 -9999.0 -9999.0 -9999.0 -9999.0 -9999.0 -9999.0 -9999.0 -9999.0 -9999.0 -9999.0 -9999.0 -9999.0 -9999.0 -9999.0 -9999.0 -9999.0 -9999.0 -9999.0 -9999.0 -9999.0 -9999.0 -9999.0 -9999.0 -9999.0 -9999.0 -9999.0 -9999.0 -9999.0 -9999.0 -9999.0 -9999.0 -9999.0 -9999.0 -9999.0 -9999.0 -9999.0 -9999.0 -9999.0 -9999.0 -9999.0 -9999.0 -9999.0 -9999.0 -9999.0   194.9   341.5   253.3 -9999.0 -9999.0 -9999.0 -9999.0 -9999.0 -9999.0 -9999.0 -9999.0 -9999.0 -9999.0 -9999.0 -9999.0 -9999.0 -9999.0 -9999.0 -9999.0 -9999.0 -9999.0 -9999.0 -9999.0 -9999.0 -9999.0 -9999.0 -9999.0 -9999.0 -9999.0 -9999.0 -9999.0 -9999.0 -9999.0 -9999.0 -9999.0 -9999.0 -9999.0 -9999.0 -9999.0 -9999.0 -9999.0 -9999.0 -9999.0 -9999.0 -9999.0 -9999.0 -9999.0 -9999.0 -9999.0 -9999.0 -9999.0 -9999.0 -9999.0 -9999.0
 -9999.0 -9999.0 -9999.0 -9999.0 -9999.0 -9999.0 -9999.0 -9999.0 -9999.0 -9999.0 -9999.0 -9999.0 -9999.0 -9999.0 -9999.0 -9999.0 -9999.0 -9999.0 -9999.0 -9999.0 -9999.0 -9999.0 -9999.0 -9999.0 -9999.0 -9999.0 -9999.0 -9999.0 -9999.0 -9999.0 -9999.0 -9999.0 -9999.0 -9999.0 -9999.0 -9999.0 -9999.0 -9999.0 -9999.0 -9999.0 -9999.0 -9999.0 -9999.0 -9999.0 -9999.0 -9999.0 -9999.0 -9999.0 -9999.0 -9999.0 -9999.0 -9999.0 -9999.0 -9999.0 -9999.0 -9999.0 -9999.0 -9999.0 -9999.0 -9999.0 -9999.0 -9999.0 -9999.0 -9999.0 -9999.0 -9999.0 -9999.0 -9999.0 -9999.0 -9999.0 -9999.0 -9999.0 -9999.0 -9999.0 -9999.0 -9999.0 -9999.0 -9999.0 -9999.0 -9999.0 -9999.0 -9999.0 -9999.0 -9999.0 -9999.0 -9999.0 -9999.0 -9999.0 -9999.0 -9999.0 -9999.0 -9999.0 -9999.0 -9999.0 -9999.0 -9999.0 -9999.0 -9999.0 -9999.0 -9999.0 -9999.0 -9999.0 -9999.0 -9999.0 -9999.0 -9999.0 -9999.0 -9999.0 -9999.0 -9999.0 -9999.0 -9999.0 -9999.0 -9999.0 -9999.0 -9999.0 -9999.0 -9999.0 -9999.0 -9999.0 -9999.0 -9999.0 -9999.0 -9999.0 -9999.0 -9999.0 -9999.0 -9999.0
