NCOLS      128
NROWS       72
XLLCORNER    72.000000000000    
YLLCORNER    18.000000000000    
CELLSIZE    0.50000000000000    
NODATA_VALUE   -9999.000    
 -9999.0 -9999.0 -9999.0 -9999.0 -9999.0 -9999.0 -9999.0 -9999.0 -9999.0 -9999.0 -9999.0 -9999.0 -9999.0 -9999.0 -9999.0 -9999.0 -9999.0 -9999.0 -9999.0 -9999.0 -9999.0 -9999.0 -9999.0 -9999.0 -9999.0 -9999.0 -9999.0 -9999.0 -9999.0 -9999.0 -9999.0 -9999.0 -9999.0 -9999.0 -9999.0 -9999.0 -9999.0 -9999.0 -9999.0 -9999.0 -9999.0 -9999.0 -9999.0 -9999.0 -9999.0 -9999.0 -9999.0 -9999.0 -9999.0 -9999.0 -9999.0 -9999.0 -9999.0 -9999.0 -9999.0 -9999.0 -9999.0 -9999.0 -9999.0 -9999.0 -9999.0 -9999.0 -9999.0 -9999.0 -9999.0 -9999.0 -9999.0 -9999.0 -9999.0 -9999.0 -9999.0 -9999.0 -9999.0 -9999.0 -9999.0 -9999.0 -9999.0 -9999.0 -9999.0 -9999.0 -9999.0 -9999.0 -9999.0 -9999.0 -9999.0 -9999.0 -9999.0 -9999.0 -9999.0 -9999.0 -9999.0 -9999.0 -9999.0 -9999.0 -9999.0 -9999.0    23.2    22.5    17.4    13.2    12.6    10.1     9.9    10.2    12.9    11.7    11.5    11.8 -9999.0 -9999.0 -9999.0 -9999.0 -9999.0 -9999.0 -9999.0 -9999.0 -9999.0 -9999.0 -9999.0 -9999.0 -9999.0 -9999.0 -9999.0 -9999.0 -9999.0 -9999.0 -9999.0 -9999.0
 -9999.0 -9999.0 -9999.0 -9999.0 -9999.0 -9999.0 -9999.0 -9999.0 -9999.0 -9999.0 -9999.0 -9999.0 -9999.0 -9999.0 -9999.0 -9999.0 -9999.0 -9999.0 -9999.0 -9999.0 -9999.0 -9999.0 -9999.0 -9999.0 -9999.0 -9999.0 -9999.0 -9999.0 -9999.0 -9999.0 -9999.0 -9999.0 -9999.0 -9999.0 -9999.0 -9999.0 -9999.0 -9999.0 -9999.0 -9999.0 -9999.0 -9999.0 -9999.0 -9999.0 -9999.0 -9999.0 -9999.0 -9999.0 -9999.0 -9999.0 -9999.0 -9999.0 -9999.0 -9999.0 -9999.0 -9999.0 -9999.0 -9999.0 -9999.0 -9999.0 -9999.0 -9999.0 -9999.0 -9999.0 -9999.0 -9999.0 -9999.0 -9999.0 -9999.0 -9999.0 -9999.0 -9999.0 -9999.0 -9999.0 -9999.0 -9999.0 -9999.0 -9999.0 -9999.0 -9999.0 -9999.0 -9999.0 -9999.0 -9999.0 -9999.0 -9999.0 -9999.0 -9999.0 -9999.0 -9999.0 -9999.0 -9999.0 -9999.0 -9999.0 -9999.0    23.3    18.2    14.4    14.8    10.3    10.6     8.9     7.1     6.4     7.1     6.4     6.9     8.3     9.3 -9999.0 -9999.0 -9999.0 -9999.0 -9999.0 -9999.0 -9999.0 -9999.0 -9999.0 -9999.0 -9999.0 -9999.0 -9999.0 -9999.0 -9999.0 -9999.0 -9999.0 -9999.0 -9999.0
 -9999.0 -9999.0 -9999.0 -9999.0 -9999.0 -9999.0 -9999.0 -9999.0 -9999.0 -9999.0 -9999.0 -9999.0 -9999.0 -9999.0 -9999.0 -9999.0 -9999.0 -9999.0 -9999.0 -9999.0 -9999.0 -9999.0 -9999.0 -9999.0 -9999.0 -9999.0 -9999.0 -9999.0 -9999.0 -9999.0 -9999.0 -9999.0 -9999.0 -9999.0 -9999.0 -9999.0 -9999.0 -9999.0 -9999.0 -9999.0 -9999.0 -9999.0 -9999.0 -9999.0 -9999.0 -9999.0 -9999.0 -9999.0 -9999.0 -9999.0 -9999.0 -9999.0 -9999.0 -9999.0 -9999.0 -9999.0 -9999.0 -9999.0 -9999.0 -9999.0 -9999.0 -9999.0 -9999.0 -9999.0 -9999.0 -9999.0 -9999.0 -9999.0 -9999.0 -9999.0 -9999.0 -9999.0 -9999.0 -9999.0 -9999.0 -9999.0 -9999.0 -9999.0 -9999.0 -9999.0 -9999.0 -9999.0 -9999.0 -9999.0 -9999.0 -9999.0 -9999.0 -9999.0 -9999.0 -9999.0 -9999.0 -9999.0 -9999.0 -9999.0 -9999.0    21.1    14.9    11.6    11.1     6.9     6.2     5.9     5.3     5.2     4.9     7.5     5.4     6.4     6.6     7.5 -9999.0 -9999.0 -9999.0 -9999.0 -9999.0 -9999.0 -9999.0 -9999.0 -9999.0 -9999.0 -9999.0 -9999.0 -9999.0 -9999.0 -9999.0 -9999.0 -9999.0 -9999.0
 -9999.0 -9999.0 -9999.0 -9999.0 -9999.0 -9999.0 -9999.0 -9999.0 -9999.0 -9999.0 -9999.0 -9999.0 -9999.0 -9999.0 -9999.0 -9999.0 -9999.0 -9999.0 -9999.0 -9999.0 -9999.0 -9999.0 -9999.0 -9999.0 -9999.0 -9999.0 -9999.0 -9999.0 -9999.0 -9999.0 -9999.0 -9999.0 -9999.0 -9999.0 -9999.0 -9999.0 -9999.0 -9999.0 -9999.0 -9999.0 -9999.0 -9999.0 -9999.0 -9999.0 -9999.0 -9999.0 -9999.0 -9999.0 -9999.0 -9999.0 -9999.0 -9999.0 -9999.0 -9999.0 -9999.0 -9999.0 -9999.0 -9999.0 -9999.0 -9999.0 -9999.0 -9999.0 -9999.0 -9999.0 -9999.0 -9999.0 -9999.0 -9999.0 -9999.0 -9999.0 -9999.0 -9999.0 -9999.0 -9999.0 -9999.0 -9999.0 -9999.0 -9999.0 -9999.0 -9999.0 -9999.0 -9999.0 -9999.0 -9999.0 -9999.0 -9999.0 -9999.0 -9999.0 -9999.0 -9999.0 -9999.0 -9999.0 -9999.0 -9999.0 -9999.0    13.6    13.4     5.5     5.7     5.9     6.5     6.9     3.8     3.5     3.8     4.2     3.9     5.0     5.0     5.6     7.1 -9999.0 -9999.0 -9999.0 -9999.0 -9999.0 -9999.0 -9999.0 -9999.0 -9999.0 -9999.0 -9999.0 -9999.0 -9999.0 -9999.0 -9999.0 -9999.0 -9999.0
 -9999.0 -9999.0 -9999.0 -9999.0 -9999.0 -9999.0 -9999.0 -9999.0 -9999.0 -9999.0 -9999.0 -9999.0 -9999.0 -9999.0 -9999.0 -9999.0 -9999.0 -9999.0 -9999.0 -9999.0 -9999.0 -9999.0 -9999.0 -9999.0 -9999.0 -9999.0 -9999.0 -9999.0 -9999.0 -9999.0 -9999.0 -9999.0 -9999.0 -9999.0 -9999.0 -9999.0 -9999.0 -9999.0 -9999.0 -9999.0 -9999.0 -9999.0 -9999.0 -9999.0 -9999.0 -9999.0 -9999.0 -9999.0 -9999.0 -9999.0 -9999.0 -9999.0 -9999.0 -9999.0 -9999.0 -9999.0 -9999.0 -9999.0 -9999.0 -9999.0 -9999.0 -9999.0 -9999.0 -9999.0 -9999.0 -9999.0 -9999.0 -9999.0 -9999.0 -9999.0 -9999.0 -9999.0 -9999.0 -9999.0 -9999.0 -9999.0 -9999.0 -9999.0 -9999.0 -9999.0 -9999.0 -9999.0 -9999.0 -9999.0 -9999.0 -9999.0 -9999.0 -9999.0 -9999.0 -9999.0 -9999.0 -9999.0 -9999.0 -9999.0    16.7    10.9     5.8     8.0     6.7     4.6     3.3     5.9     4.3     3.3     3.1     4.3     3.4     4.3     4.9     4.7     6.2 -9999.0 -9999.0 -9999.0 -9999.0 -9999.0 -9999.0 -9999.0 -9999.0 -9999.0 -9999.0 -9999.0 -9999.0 -9999.0 -9999.0 -9999.0 -9999.0 -9999.0
 -9999.0 -9999.0 -9999.0 -9999.0 -9999.0 -9999.0 -9999.0 -9999.0 -9999.0 -9999.0 -9999.0 -9999.0 -9999.0 -9999.0 -9999.0 -9999.0 -9999.0 -9999.0 -9999.0 -9999.0 -9999.0 -9999.0 -9999.0 -9999.0 -9999.0 -9999.0 -9999.0 -9999.0 -9999.0 -9999.0 -9999.0 -9999.0 -9999.0 -9999.0 -9999.0 -9999.0 -9999.0 -9999.0 -9999.0 -9999.0 -9999.0 -9999.0 -9999.0 -9999.0 -9999.0 -9999.0 -9999.0 -9999.0 -9999.0 -9999.0 -9999.0 -9999.0 -9999.0 -9999.0 -9999.0 -9999.0 -9999.0 -9999.0 -9999.0 -9999.0 -9999.0 -9999.0 -9999.0 -9999.0 -9999.0 -9999.0 -9999.0 -9999.0 -9999.0 -9999.0 -9999.0 -9999.0 -9999.0 -9999.0 -9999.0 -9999.0 -9999.0 -9999.0 -9999.0 -9999.0 -9999.0 -9999.0 -9999.0 -9999.0 -9999.0 -9999.0 -9999.0 -9999.0 -9999.0 -9999.0 -9999.0 -9999.0 -9999.0 -9999.0    10.0     6.8     6.1     4.6     4.0     4.7     5.5     1.9     2.8     2.3     2.0     2.8     3.4     4.4     5.3     4.7     5.9     6.7 -9999.0 -9999.0 -9999.0 -9999.0 -9999.0 -9999.0 -9999.0 -9999.0 -9999.0 -9999.0 -9999.0 -9999.0 -9999.0 -9999.0 -9999.0 -9999.0
 -9999.0 -9999.0 -9999.0 -9999.0 -9999.0 -9999.0 -9999.0 -9999.0 -9999.0 -9999.0 -9999.0 -9999.0 -9999.0 -9999.0 -9999.0 -9999.0 -9999.0 -9999.0 -9999.0 -9999.0 -9999.0 -9999.0 -9999.0 -9999.0 -9999.0 -9999.0 -9999.0 -9999.0 -9999.0 -9999.0 -9999.0 -9999.0 -9999.0 -9999.0 -9999.0 -9999.0 -9999.0 -9999.0 -9999.0 -9999.0 -9999.0 -9999.0 -9999.0 -9999.0 -9999.0 -9999.0 -9999.0 -9999.0 -9999.0 -9999.0 -9999.0 -9999.0 -9999.0 -9999.0 -9999.0 -9999.0 -9999.0 -9999.0 -9999.0 -9999.0 -9999.0 -9999.0 -9999.0 -9999.0 -9999.0 -9999.0 -9999.0 -9999.0 -9999.0 -9999.0 -9999.0 -9999.0 -9999.0 -9999.0 -9999.0 -9999.0 -9999.0 -9999.0 -9999.0 -9999.0 -9999.0 -9999.0 -9999.0 -9999.0 -9999.0 -9999.0 -9999.0 -9999.0 -9999.0 -9999.0 -9999.0 -9999.0 -9999.0    10.3     8.4     7.5     5.2     4.2     4.3     3.0     3.6     3.3     2.3     1.7     1.5     2.8     4.0     5.0     6.5     6.7     5.4     6.3 -9999.0 -9999.0 -9999.0 -9999.0 -9999.0 -9999.0 -9999.0 -9999.0 -9999.0 -9999.0 -9999.0 -9999.0 -9999.0 -9999.0 -9999.0 -9999.0
 -9999.0 -9999.0 -9999.0 -9999.0 -9999.0 -9999.0 -9999.0 -9999.0 -9999.0 -9999.0 -9999.0 -9999.0 -9999.0 -9999.0 -9999.0 -9999.0 -9999.0 -9999.0 -9999.0 -9999.0 -9999.0 -9999.0 -9999.0 -9999.0 -9999.0 -9999.0 -9999.0 -9999.0 -9999.0 -9999.0 -9999.0 -9999.0 -9999.0 -9999.0 -9999.0 -9999.0 -9999.0 -9999.0 -9999.0 -9999.0 -9999.0 -9999.0 -9999.0 -9999.0 -9999.0 -9999.0 -9999.0 -9999.0 -9999.0 -9999.0 -9999.0 -9999.0 -9999.0 -9999.0 -9999.0 -9999.0 -9999.0 -9999.0 -9999.0 -9999.0 -9999.0 -9999.0 -9999.0 -9999.0 -9999.0 -9999.0 -9999.0 -9999.0 -9999.0 -9999.0 -9999.0 -9999.0 -9999.0 -9999.0 -9999.0 -9999.0 -9999.0 -9999.0 -9999.0 -9999.0 -9999.0 -9999.0 -9999.0 -9999.0 -9999.0 -9999.0 -9999.0 -9999.0     6.9    11.1     9.1    10.9     8.0     8.4     5.4     4.1     3.4     3.0     3.4     3.9     1.5     1.9     2.0     1.2     1.6     3.0     4.5     8.0     8.6     9.2     6.8     7.1     8.8    10.6 -9999.0 -9999.0 -9999.0 -9999.0 -9999.0 -9999.0 -9999.0 -9999.0 -9999.0 -9999.0 -9999.0 -9999.0 -9999.0 -9999.0
 -9999.0 -9999.0 -9999.0 -9999.0 -9999.0 -9999.0 -9999.0 -9999.0 -9999.0 -9999.0 -9999.0 -9999.0 -9999.0 -9999.0 -9999.0 -9999.0 -9999.0 -9999.0 -9999.0 -9999.0 -9999.0 -9999.0 -9999.0 -9999.0 -9999.0 -9999.0 -9999.0 -9999.0 -9999.0   138.4    98.7   131.4   128.6 -9999.0 -9999.0 -9999.0 -9999.0 -9999.0 -9999.0 -9999.0 -9999.0 -9999.0 -9999.0 -9999.0 -9999.0 -9999.0 -9999.0 -9999.0 -9999.0 -9999.0 -9999.0 -9999.0 -9999.0 -9999.0 -9999.0 -9999.0 -9999.0 -9999.0 -9999.0 -9999.0 -9999.0 -9999.0 -9999.0 -9999.0 -9999.0 -9999.0 -9999.0 -9999.0 -9999.0 -9999.0 -9999.0 -9999.0 -9999.0 -9999.0 -9999.0 -9999.0 -9999.0 -9999.0 -9999.0 -9999.0 -9999.0 -9999.0 -9999.0 -9999.0 -9999.0 -9999.0 -9999.0     3.2     4.3     4.9     6.7     6.1     5.3     6.8     4.5     5.0     3.3     3.4     3.2     3.3     3.9     3.0     1.8     1.9     2.6     4.2     5.9     7.6     9.1    10.1     9.8     8.3     9.4    10.5    11.3    12.3    16.2 -9999.0 -9999.0 -9999.0 -9999.0 -9999.0 -9999.0 -9999.0 -9999.0 -9999.0 -9999.0 -9999.0
 -9999.0 -9999.0 -9999.0 -9999.0 -9999.0 -9999.0 -9999.0 -9999.0 -9999.0 -9999.0 -9999.0 -9999.0 -9999.0 -9999.0 -9999.0 -9999.0 -9999.0 -9999.0 -9999.0 -9999.0 -9999.0 -9999.0 -9999.0 -9999.0 -9999.0 -9999.0 -9999.0 -9999.0    80.1   103.7   109.3   107.5   100.2 -9999.0 -9999.0 -9999.0 -9999.0 -9999.0 -9999.0 -9999.0 -9999.0 -9999.0 -9999.0 -9999.0 -9999.0 -9999.0 -9999.0 -9999.0 -9999.0 -9999.0 -9999.0 -9999.0 -9999.0 -9999.0 -9999.0 -9999.0 -9999.0 -9999.0 -9999.0 -9999.0 -9999.0 -9999.0 -9999.0 -9999.0 -9999.0 -9999.0 -9999.0 -9999.0 -9999.0 -9999.0 -9999.0 -9999.0 -9999.0 -9999.0 -9999.0 -9999.0 -9999.0 -9999.0 -9999.0 -9999.0 -9999.0 -9999.0 -9999.0 -9999.0 -9999.0 -9999.0 -9999.0     1.7     2.1     2.9     3.5     3.0     3.8     4.1     3.8     2.8     3.0     2.6     5.4     4.9     3.5     2.4     2.4     1.5     2.8     4.3     5.5     7.0     9.5    10.3    10.2     9.8    10.9    10.7    11.4    11.2    12.5    14.7    19.3 -9999.0 -9999.0 -9999.0 -9999.0 -9999.0 -9999.0 -9999.0 -9999.0 -9999.0
 -9999.0 -9999.0 -9999.0 -9999.0 -9999.0 -9999.0 -9999.0 -9999.0 -9999.0 -9999.0 -9999.0 -9999.0 -9999.0 -9999.0 -9999.0 -9999.0 -9999.0 -9999.0 -9999.0 -9999.0 -9999.0 -9999.0 -9999.0 -9999.0 -9999.0 -9999.0    80.5    62.5    70.1    63.3    83.4    80.6    84.0    64.0    68.4    50.6 -9999.0 -9999.0 -9999.0 -9999.0 -9999.0 -9999.0 -9999.0 -9999.0 -9999.0 -9999.0 -9999.0 -9999.0 -9999.0 -9999.0 -9999.0 -9999.0 -9999.0 -9999.0 -9999.0 -9999.0 -9999.0 -9999.0 -9999.0 -9999.0 -9999.0 -9999.0 -9999.0 -9999.0 -9999.0 -9999.0 -9999.0 -9999.0 -9999.0 -9999.0 -9999.0 -9999.0 -9999.0 -9999.0 -9999.0 -9999.0 -9999.0 -9999.0 -9999.0 -9999.0 -9999.0 -9999.0 -9999.0 -9999.0 -9999.0 -9999.0     0.9     1.3     1.5     1.0     1.1     1.6     2.2     3.1     3.0     3.0     2.6     4.3     4.5     6.2     4.5     3.1     2.6     1.8     1.8     2.8     4.5     6.4     6.3     7.2     9.6    11.4    13.2    12.2    12.0    13.3    13.3    13.7    11.8 -9999.0 -9999.0    16.3    20.5    27.3    34.8    44.6    55.2    68.5
 -9999.0 -9999.0 -9999.0 -9999.0 -9999.0 -9999.0 -9999.0 -9999.0 -9999.0 -9999.0 -9999.0 -9999.0 -9999.0 -9999.0 -9999.0 -9999.0 -9999.0 -9999.0 -9999.0 -9999.0 -9999.0 -9999.0 -9999.0 -9999.0 -9999.0 -9999.0    37.9    30.9    31.8    32.5    36.3    40.8    73.5    56.0    54.8    47.6    42.6    34.3 -9999.0 -9999.0 -9999.0 -9999.0 -9999.0 -9999.0 -9999.0 -9999.0 -9999.0 -9999.0 -9999.0 -9999.0 -9999.0 -9999.0 -9999.0 -9999.0 -9999.0 -9999.0 -9999.0 -9999.0 -9999.0 -9999.0 -9999.0 -9999.0 -9999.0 -9999.0 -9999.0 -9999.0 -9999.0 -9999.0 -9999.0 -9999.0 -9999.0 -9999.0 -9999.0 -9999.0 -9999.0 -9999.0 -9999.0 -9999.0 -9999.0 -9999.0 -9999.0 -9999.0 -9999.0 -9999.0 -9999.0 -9999.0     0.4     0.5     0.4     0.4     0.7     0.9     1.5     2.1     2.2     3.2     3.2     4.9     5.9     3.8     3.7     2.7     1.7     1.5     1.4     2.0     3.4     4.3     4.3     5.7     8.8    11.6    13.4    12.3    14.6    14.4    11.2    10.3    13.4     7.7     9.8    14.2    19.4    26.5    34.6    49.6    56.3    68.0
 -9999.0 -9999.0 -9999.0 -9999.0 -9999.0 -9999.0 -9999.0 -9999.0 -9999.0 -9999.0 -9999.0 -9999.0 -9999.0 -9999.0 -9999.0 -9999.0 -9999.0 -9999.0 -9999.0 -9999.0 -9999.0    41.7    39.3    35.9    29.8    25.2    21.5    19.4    16.5    13.8    12.5    16.1    17.0    30.3    30.8    36.4    54.5    22.3 -9999.0 -9999.0 -9999.0 -9999.0 -9999.0 -9999.0 -9999.0 -9999.0 -9999.0 -9999.0 -9999.0 -9999.0 -9999.0 -9999.0 -9999.0 -9999.0 -9999.0 -9999.0 -9999.0 -9999.0 -9999.0 -9999.0 -9999.0 -9999.0 -9999.0 -9999.0 -9999.0 -9999.0 -9999.0 -9999.0 -9999.0 -9999.0 -9999.0 -9999.0 -9999.0 -9999.0 -9999.0 -9999.0 -9999.0 -9999.0 -9999.0 -9999.0 -9999.0 -9999.0 -9999.0 -9999.0 -9999.0 -9999.0     0.2     0.2     0.2     0.3     0.4     0.6     1.2     1.6     2.5     3.0     5.2     3.9     2.5     3.1     2.9     2.1     1.4     1.1     1.5     1.9     2.4     2.8     3.3     4.4     7.4    12.1    15.6    12.7    12.8    21.1    12.8     9.5     7.0     7.0     9.4    14.2    20.2    27.3    35.5    44.9    56.4 -9999.0
 -9999.0 -9999.0 -9999.0 -9999.0 -9999.0 -9999.0 -9999.0 -9999.0 -9999.0 -9999.0 -9999.0 -9999.0 -9999.0 -9999.0 -9999.0 -9999.0 -9999.0 -9999.0 -9999.0 -9999.0    51.6    44.7    42.8    34.9    27.0    23.6    23.8    24.3    16.5     9.7     5.9     6.7     7.8    10.7    15.1    14.3    26.3    20.6    21.8 -9999.0 -9999.0 -9999.0 -9999.0 -9999.0 -9999.0 -9999.0 -9999.0 -9999.0 -9999.0 -9999.0 -9999.0 -9999.0 -9999.0 -9999.0 -9999.0 -9999.0 -9999.0 -9999.0 -9999.0 -9999.0 -9999.0 -9999.0 -9999.0 -9999.0 -9999.0 -9999.0 -9999.0 -9999.0 -9999.0 -9999.0 -9999.0 -9999.0 -9999.0 -9999.0 -9999.0 -9999.0 -9999.0 -9999.0 -9999.0 -9999.0 -9999.0 -9999.0 -9999.0 -9999.0 -9999.0 -9999.0     0.3     0.3     0.2     0.3     0.4     0.6     0.9     1.9     2.2     3.2     5.3     2.5     1.4     3.4     2.3     2.3     1.5     1.3     1.7     2.2     2.3     2.8     2.7     4.5     7.4    11.1    14.8    16.9    16.0    18.0    14.2    11.9    10.2     9.0    12.4    15.6    21.7    28.9    38.1    51.9    61.3 -9999.0
 -9999.0 -9999.0 -9999.0 -9999.0 -9999.0 -9999.0 -9999.0 -9999.0 -9999.0 -9999.0 -9999.0 -9999.0 -9999.0 -9999.0 -9999.0 -9999.0 -9999.0 -9999.0 -9999.0 -9999.0    26.6    25.3    24.4    22.2    18.7    27.3    16.4    12.6    10.7     6.8     3.7     4.3     6.6     6.5     7.0     6.3     6.2    19.9     6.1    28.2 -9999.0 -9999.0 -9999.0 -9999.0 -9999.0 -9999.0 -9999.0 -9999.0 -9999.0 -9999.0 -9999.0 -9999.0 -9999.0 -9999.0 -9999.0 -9999.0 -9999.0 -9999.0 -9999.0 -9999.0 -9999.0 -9999.0 -9999.0 -9999.0 -9999.0 -9999.0 -9999.0 -9999.0 -9999.0 -9999.0 -9999.0 -9999.0 -9999.0 -9999.0 -9999.0 -9999.0 -9999.0 -9999.0 -9999.0 -9999.0 -9999.0 -9999.0 -9999.0 -9999.0 -9999.0 -9999.0 -9999.0 -9999.0     0.3     0.4     0.6     0.9     1.8     1.7     2.2     3.3     1.4     1.0     0.8     1.4     2.1     2.4     1.9     1.8     2.1     2.5     3.0     3.0     3.1     4.8     7.9    12.2    17.0    19.8    21.1    14.0    14.3    15.8    15.3    13.2    13.9    18.1    25.8    37.6    39.6    49.6 -9999.0 -9999.0
 -9999.0 -9999.0 -9999.0 -9999.0 -9999.0 -9999.0 -9999.0 -9999.0 -9999.0 -9999.0 -9999.0 -9999.0 -9999.0 -9999.0 -9999.0 -9999.0 -9999.0 -9999.0 -9999.0    21.5    21.5    21.6    18.2    16.9    14.8    10.2     6.7     5.9     3.8     3.0     3.5     3.0     4.7     5.7     5.0     3.6     5.8     3.2     2.2     3.9 -9999.0 -9999.0 -9999.0 -9999.0 -9999.0 -9999.0 -9999.0 -9999.0 -9999.0 -9999.0 -9999.0 -9999.0 -9999.0 -9999.0 -9999.0 -9999.0 -9999.0 -9999.0 -9999.0 -9999.0 -9999.0 -9999.0 -9999.0 -9999.0 -9999.0 -9999.0 -9999.0 -9999.0 -9999.0 -9999.0 -9999.0 -9999.0 -9999.0 -9999.0 -9999.0 -9999.0 -9999.0 -9999.0 -9999.0 -9999.0 -9999.0 -9999.0 -9999.0 -9999.0 -9999.0 -9999.0 -9999.0     0.5     0.6     0.7     0.8     1.0     1.6     1.8     2.0     2.1     0.8     1.0     0.6     1.3     3.1     3.5     2.9     2.4     2.4     2.9     3.7     3.8     4.2     5.7     8.5    12.6    18.1    17.3    14.9    14.4    13.6    15.6    18.6    17.4    16.2    21.1    27.2    34.6    43.2 -9999.0 -9999.0 -9999.0
 -9999.0 -9999.0 -9999.0 -9999.0 -9999.0 -9999.0 -9999.0 -9999.0 -9999.0 -9999.0 -9999.0 -9999.0 -9999.0 -9999.0 -9999.0 -9999.0    20.4    26.2    32.9    27.2    21.0    39.6    25.4    23.1    16.5    12.1     5.9     4.2     3.0     3.0     2.9     3.6     4.8     4.7     4.4     4.5     4.1     2.0     1.0     0.6     0.9     1.0     1.1 -9999.0 -9999.0 -9999.0 -9999.0 -9999.0 -9999.0 -9999.0 -9999.0 -9999.0 -9999.0 -9999.0 -9999.0 -9999.0 -9999.0 -9999.0 -9999.0 -9999.0 -9999.0 -9999.0 -9999.0 -9999.0 -9999.0 -9999.0 -9999.0 -9999.0 -9999.0 -9999.0 -9999.0 -9999.0 -9999.0 -9999.0 -9999.0 -9999.0 -9999.0 -9999.0 -9999.0     0.2     0.4     0.2 -9999.0 -9999.0     0.6     0.8     1.1     0.7     0.6     1.1     1.2     1.3     1.3     1.7     1.9     2.1     0.5     0.3     0.3     1.1     3.2     4.6     4.0     3.0     2.6     2.8     3.6     4.8     6.0     8.3    11.4    16.0    19.9    17.5    18.2    16.3    21.6    13.1    13.8    13.1    16.5    21.0    28.1    36.1    48.3 -9999.0 -9999.0 -9999.0
 -9999.0 -9999.0 -9999.0 -9999.0 -9999.0 -9999.0 -9999.0 -9999.0 -9999.0 -9999.0 -9999.0 -9999.0 -9999.0 -9999.0    18.9    24.8    34.1    41.8    42.9    38.5    37.4    19.7    27.3    16.7    13.3    10.5     8.6     6.7     4.7     4.1     3.9     3.9     4.3     3.8     5.9     6.4     4.5    20.2     5.7     1.7     1.5     1.1     0.7     0.6     1.4 -9999.0 -9999.0 -9999.0 -9999.0 -9999.0 -9999.0 -9999.0 -9999.0 -9999.0 -9999.0 -9999.0 -9999.0 -9999.0 -9999.0 -9999.0 -9999.0 -9999.0 -9999.0 -9999.0 -9999.0 -9999.0 -9999.0 -9999.0 -9999.0 -9999.0 -9999.0 -9999.0 -9999.0 -9999.0 -9999.0 -9999.0 -9999.0 -9999.0     0.2     0.2     0.2     0.3     0.3     0.5     1.0     1.2     1.2     0.9     0.7     1.0     0.9     1.2     1.4     2.0     2.2     2.6     0.6     0.3     0.2     0.9     2.7     4.5     4.3     3.2     2.5     2.7     3.4     5.5     9.3    12.8    17.2    19.3    19.8    19.5    30.4    17.1    13.9    12.1    10.8    11.2    13.7    19.7    27.4    38.1 -9999.0 -9999.0 -9999.0 -9999.0
 -9999.0 -9999.0 -9999.0 -9999.0 -9999.0 -9999.0 -9999.0 -9999.0 -9999.0 -9999.0 -9999.0 -9999.0 -9999.0 -9999.0    24.7    33.4    35.3    37.2    42.1    42.4    22.7    15.7    13.9    15.4    15.9    15.4    12.9     9.8     7.1     5.3     4.3     3.6     3.3     1.7     1.3     1.4     0.9     2.2     0.8     0.7     0.3     0.1     0.1     0.2     0.2     0.3     2.6     0.3 -9999.0 -9999.0 -9999.0 -9999.0 -9999.0 -9999.0 -9999.0 -9999.0 -9999.0 -9999.0 -9999.0 -9999.0 -9999.0 -9999.0 -9999.0 -9999.0 -9999.0 -9999.0 -9999.0 -9999.0 -9999.0 -9999.0 -9999.0 -9999.0 -9999.0 -9999.0 -9999.0 -9999.0 -9999.0 -9999.0     0.3     0.3     0.2     0.3     0.5     0.5     0.7     0.9     0.9     0.9     0.9     1.0     1.2     1.4     2.0     2.1     3.4     1.5     0.9     0.3     0.4     1.0     2.3     3.3     3.2     2.9     2.9     3.6     4.3     6.5    12.6    16.5    17.9    19.3    28.5    28.1    24.8    16.4    17.9    15.6    12.8    12.1    13.2    18.8    28.3    38.2 -9999.0 -9999.0 -9999.0 -9999.0
 -9999.0 -9999.0 -9999.0 -9999.0 -9999.0 -9999.0 -9999.0 -9999.0 -9999.0 -9999.0 -9999.0 -9999.0 -9999.0 -9999.0 -9999.0    19.0    24.4    31.5    43.5    47.3    37.7    39.2    20.3    24.6    22.4    20.4    17.8    13.2     9.5     6.8     5.2     3.7     2.7     1.5     1.1     1.5     2.1     2.5     2.3     2.6     2.4     0.7     0.3     0.2     0.2     0.2     0.2     0.2     0.2 -9999.0 -9999.0 -9999.0 -9999.0 -9999.0 -9999.0 -9999.0 -9999.0 -9999.0 -9999.0 -9999.0 -9999.0 -9999.0 -9999.0 -9999.0 -9999.0 -9999.0 -9999.0 -9999.0 -9999.0 -9999.0 -9999.0 -9999.0 -9999.0 -9999.0 -9999.0 -9999.0 -9999.0     0.4     0.5     0.2     0.2     0.3     0.2     0.3     0.5     0.7     1.1     1.0     1.1     1.3     1.2     1.4     2.1     2.2     1.8     1.6     1.1     0.9     1.1     1.7     2.2     2.3     2.2     2.8     3.9     4.4     5.4     7.8    13.9    18.3    19.2    27.8    33.9    22.4    19.0    20.2    16.3    12.8    13.8    11.5 -9999.0 -9999.0 -9999.0 -9999.0 -9999.0 -9999.0 -9999.0 -9999.0
 -9999.0 -9999.0 -9999.0 -9999.0 -9999.0 -9999.0 -9999.0 -9999.0 -9999.0 -9999.0 -9999.0 -9999.0 -9999.0 -9999.0 -9999.0    14.8    21.2    30.0    39.0    42.8    46.8    39.6    30.0    16.7     6.7     6.4     8.7    12.6    19.1    22.5    10.5    12.9    43.0    35.1     7.7     5.2     9.9     6.6     5.0     5.2     4.6     1.4     1.4     6.0     0.2     0.2     0.2     0.2     0.2 -9999.0 -9999.0 -9999.0 -9999.0 -9999.0 -9999.0 -9999.0 -9999.0 -9999.0 -9999.0 -9999.0 -9999.0 -9999.0 -9999.0 -9999.0 -9999.0 -9999.0 -9999.0 -9999.0 -9999.0 -9999.0 -9999.0 -9999.0 -9999.0 -9999.0 -9999.0 -9999.0 -9999.0     0.5     0.4     0.2     0.2     0.2     0.2     0.3     0.3     0.5     0.7     0.8     0.8     0.9     1.1     1.1     1.4     1.7     1.9     2.0     2.0     2.0     2.4     2.6     2.5     2.2     2.3     3.6     5.4     7.4     8.9    10.4    14.6    19.0    19.5    17.7    18.6    18.8    23.3    18.9    15.2    12.1    13.9    11.3 -9999.0 -9999.0 -9999.0 -9999.0 -9999.0 -9999.0 -9999.0 -9999.0
 -9999.0 -9999.0 -9999.0 -9999.0 -9999.0 -9999.0 -9999.0 -9999.0 -9999.0 -9999.0 -9999.0 -9999.0 -9999.0 -9999.0 -9999.0    14.4    18.4    21.0    22.1    38.1    36.3    30.4     9.8     8.4     4.6     2.9     2.5     4.9     8.4    14.8    20.9    18.3     7.5     4.0     9.2    12.9     7.2     1.9     1.5     0.4     0.6     0.7     0.7     2.6     1.4     0.2     0.2     0.3     0.2     0.2     0.2     0.2     0.2     0.2     0.3     0.2     0.2     0.2     0.2     0.3 -9999.0 -9999.0 -9999.0 -9999.0 -9999.0 -9999.0 -9999.0 -9999.0 -9999.0 -9999.0 -9999.0 -9999.0 -9999.0 -9999.0 -9999.0     0.8     0.8     0.8     0.7     0.3     0.2     0.2     0.2     0.2     0.2     0.3     0.5     0.6     0.6     0.6     0.7     0.7     0.8     1.1     1.3     1.6     1.8     2.0     2.5     2.8     3.0     3.0     3.6     5.8     9.5    14.0    15.2    16.5    21.4    24.2    21.9    30.2    22.1    21.1    21.8    16.6    21.5    16.5    12.4    11.0 -9999.0 -9999.0 -9999.0 -9999.0 -9999.0 -9999.0 -9999.0 -9999.0
 -9999.0 -9999.0 -9999.0 -9999.0 -9999.0 -9999.0 -9999.0 -9999.0 -9999.0 -9999.0 -9999.0 -9999.0 -9999.0 -9999.0 -9999.0     8.4    11.4    14.7     9.3     5.0     2.7     0.8     0.5     0.8     0.3     0.1     0.2     0.4     1.6     5.7    10.9     5.3     0.7     0.3     0.2     0.2     0.4     0.2     0.1     0.1     0.1     0.1     0.2     0.2     0.2     0.2     0.2     0.2     0.2     0.3     0.3     0.3     0.3     0.2     0.2     0.2     0.2     0.2     0.2     0.2     0.2     0.3 -9999.0 -9999.0 -9999.0 -9999.0 -9999.0 -9999.0     0.2     0.2     0.2     0.2     0.2     0.3     0.5     0.6     1.0     0.7     0.6     0.6     0.3     0.2     0.2     0.2     0.2     0.2     0.3     0.3     0.4     0.4     0.4     0.4     0.4     0.4     0.7     1.0     1.1     1.1     1.5     2.2     3.4     4.4     6.0    10.5    16.8    19.7    21.8    21.6    21.8    29.4    29.2    26.2    22.4    24.5    17.8    15.2    12.1    10.9    10.4    11.3 -9999.0 -9999.0 -9999.0 -9999.0 -9999.0 -9999.0 -9999.0 -9999.0
 -9999.0 -9999.0 -9999.0 -9999.0 -9999.0 -9999.0 -9999.0 -9999.0 -9999.0 -9999.0 -9999.0 -9999.0 -9999.0     4.8     3.1     2.7     1.9     2.5     1.1     0.4     0.7     2.2     0.9     0.0     0.0     0.0     0.0     0.1     0.3     0.4     0.6     1.7     0.7     1.6     0.9     0.4     0.5     0.6     0.6     0.3     0.2     0.2     0.2     0.2     0.2     0.2     0.2     0.2     0.2     0.2     0.2     0.2     0.2     0.2     0.2     0.2     0.2     0.2     0.2     0.2     0.2     0.2     0.3     0.3     0.3     0.4     0.3     0.3     0.2     0.2     0.2     0.2     0.2     0.3     0.5     0.7     0.9     1.0     0.9     0.9     0.5     0.2     0.2     0.2     0.2     0.2     0.2     0.2     0.2     0.3     0.3     0.4     0.4     0.5     0.7     0.7     0.6     0.5     0.7     1.7     3.8     6.6    10.4    15.5    21.7    25.9    27.0    26.4    27.6    37.8    31.6    34.9    34.9    22.2    20.8    16.6    12.6    10.8    10.7 -9999.0 -9999.0 -9999.0 -9999.0 -9999.0 -9999.0 -9999.0 -9999.0 -9999.0
 -9999.0 -9999.0 -9999.0 -9999.0 -9999.0 -9999.0 -9999.0 -9999.0 -9999.0     4.8     4.4     3.3     2.4     1.6     1.1     0.7     0.4     0.6     0.7     0.6     0.5     0.4     0.5     0.4     0.2     0.2     0.2     0.2     0.1     0.2     0.2     0.3     0.7     0.6     0.4     0.5     0.7     0.7     0.4     0.3     0.3     0.2     0.2     0.2     0.2     0.2     0.2     0.2     0.2     0.2     0.2     0.2     0.2     0.2     0.2     0.2     0.2     0.2     0.2     0.2     0.2     0.2     0.2     0.3     0.3     0.3     0.3     0.3     0.3     0.2     0.3     0.4     0.3     0.5     0.9     1.2     1.4     1.6     1.6     1.0     0.8     0.3     0.3     0.2     0.2     0.2     0.2     0.2     0.2     0.3     0.5     0.9     0.6     0.6     0.8     0.7     0.6     0.5     0.7     1.8     4.9     8.9    13.5    18.4    23.4    23.6    23.3    25.2    31.0    29.6    36.7    42.5    31.3    25.5    38.4    11.6 -9999.0    10.5 -9999.0 -9999.0 -9999.0 -9999.0 -9999.0 -9999.0 -9999.0 -9999.0 -9999.0 -9999.0
 -9999.0 -9999.0 -9999.0 -9999.0 -9999.0    10.0     8.6     5.0     3.9     3.9     3.5     1.7     0.9     0.3     0.3     0.3     0.3     0.3     0.3     0.2     0.1     0.1     0.1     0.1     0.1     0.1     0.1     0.1     0.2     0.2     0.2     0.2     0.3     0.3     0.4     0.7     0.4     0.2     0.2     0.2     0.2     0.2     0.2     0.2     0.2     0.2     0.2     0.2     0.2     0.2     0.2     0.2     0.3     0.2     0.2     0.2     0.2     0.2     0.2     0.2     0.2     0.2     0.2     0.3     0.2     0.3     0.3     0.3     0.3     0.7     0.2     0.2     0.3     0.4     0.6     0.8     1.1     2.1     1.6     1.8     1.6     0.9     0.2     0.2     0.2     0.2     0.4     0.2     0.2     0.4     1.4     2.3     3.0     2.1     2.0     1.7     1.4     1.1     1.6     2.7     5.1     8.2    11.6    15.1    17.5    19.2    19.7    19.7    22.9    34.3    38.0    34.5    25.8    30.1 -9999.0 -9999.0 -9999.0 -9999.0 -9999.0 -9999.0 -9999.0 -9999.0 -9999.0 -9999.0 -9999.0 -9999.0 -9999.0 -9999.0
 -9999.0 -9999.0 -9999.0    18.7    19.2    11.8    11.3     6.6     4.1     2.5     1.0     0.5     0.2     0.1     0.1     0.1     0.2     0.2     0.2     0.1     0.1     0.1     0.1     0.1     0.1     0.1     0.1     0.1     0.2     0.2     0.2     0.2     0.2     0.2     0.2     0.2     0.2     0.2     0.1     0.2     0.2     0.2     0.2     0.2     0.2     0.2     0.2     0.2     0.2     0.2     0.2     0.2     0.2     0.2     0.2     0.2     0.2     0.2     0.2     0.2     0.2     0.2     0.3     0.3     0.3     0.3     0.3     0.3     0.4     0.2     0.2     0.3     0.4     0.5     1.0     0.5     0.4     0.8     0.3     0.2     0.5     0.3     0.3     0.3     0.2     0.2     0.2     0.1     0.2     0.7     2.2     3.4     3.8     3.1     2.6     2.5     2.4     2.7     2.5     2.9     3.8     4.9     6.2     8.1     8.7     8.4     8.8    13.8    20.3    29.0    27.3    35.1    24.4 -9999.0 -9999.0 -9999.0 -9999.0 -9999.0 -9999.0 -9999.0 -9999.0 -9999.0 -9999.0 -9999.0 -9999.0 -9999.0 -9999.0 -9999.0
 -9999.0 -9999.0    19.8    18.8    12.1    11.6     7.2     4.4     2.4     0.5     0.3     0.2     0.1     0.2     0.2     0.2     0.2     0.2     0.2     0.1     0.1     0.1     0.1     0.1     0.1     0.1     0.1     0.2     0.1     0.2     0.2     0.2     0.2     0.2     0.2     0.2     0.2     0.1     0.1     0.1     0.1     0.1     0.2     0.2     0.2     0.2     0.2     0.2     0.2     0.2     0.3     0.4     0.5     0.4     0.3     0.2     0.2     0.2     0.2     0.2     0.2     0.2     0.3     0.3     0.2     0.2     0.4     0.2     0.2     0.2     0.2     0.2     0.3     0.5     0.5     0.4     0.3     0.3     0.3     0.4     0.4     1.1     0.2     0.2     0.4     0.2     0.2     0.2     0.6     1.4     2.0     2.0     2.1     2.2     1.9     1.9     2.5     2.6     2.3     2.3     2.4     2.3     2.6     3.3     4.1     4.7     5.7     9.6    11.6 -9999.0 -9999.0 -9999.0 -9999.0 -9999.0 -9999.0 -9999.0 -9999.0 -9999.0 -9999.0 -9999.0 -9999.0 -9999.0 -9999.0 -9999.0 -9999.0 -9999.0 -9999.0 -9999.0
 -9999.0 -9999.0    21.6    16.2    11.4     6.5     3.5     1.3     0.3     0.2     0.2     0.2     0.2     0.2     0.2     0.2     0.2     0.2     0.2     0.2     0.1     0.1     0.1     0.1     0.1     0.1     0.1     0.1     0.2     0.2     0.2     0.2     0.2     0.2     0.2     0.2     0.2     0.1     0.1     0.1     0.1     0.1     0.2     0.2     0.2     0.2     0.3     0.3     0.3     0.2     0.2     0.2     0.4     0.4     0.3     0.2     0.2     0.2     0.2     0.2     0.2     0.3     0.2     0.2     0.2     0.2     0.2     0.2     0.2     0.2     0.3     0.2     0.3     0.3     0.5     0.6     0.6     0.3     0.5     0.6     0.7     0.7     0.2     0.2     0.2     0.6     0.4     1.2     2.6     2.9     1.9     0.9     0.8     0.8     0.8     1.0     1.3     1.4     1.3     1.3     1.4     1.7     1.7     1.9     2.4     2.9     3.6 -9999.0 -9999.0 -9999.0 -9999.0 -9999.0 -9999.0 -9999.0 -9999.0 -9999.0 -9999.0 -9999.0 -9999.0 -9999.0 -9999.0 -9999.0 -9999.0 -9999.0 -9999.0 -9999.0 -9999.0 -9999.0
 -9999.0    28.9    22.0    16.8    14.7     6.7     1.6     0.4     0.2     0.2     0.2     0.2     0.2     0.2     0.2     0.2     0.2     0.2     0.2     0.2     0.2     0.2     0.1     0.2     0.2     0.2     0.2     0.2     0.2     0.2     0.2     0.3     0.2     0.2     0.2     0.1     0.1     0.2     0.2     0.2     0.2     0.4     1.7     9.1     0.6     1.8     6.1     0.9     3.6     1.6     1.0     2.7     1.2     0.3     0.2     0.2     0.2     0.2     0.2     0.2     0.2     0.2     0.2     0.2     0.2     0.2     0.2     0.2     0.3     0.2     0.2     0.2     0.2     0.2     0.3     0.3     0.2     0.3     0.3     0.6     0.5     0.3     0.5     0.6     0.6     0.8     2.8     7.4    10.6     8.2     3.8     1.2     0.5     0.4     0.4     0.6 -9999.0     0.7     0.6     0.7     0.9     1.2     1.3     1.5     1.8 -9999.0 -9999.0 -9999.0 -9999.0 -9999.0 -9999.0 -9999.0 -9999.0 -9999.0 -9999.0 -9999.0 -9999.0 -9999.0 -9999.0 -9999.0 -9999.0 -9999.0 -9999.0 -9999.0 -9999.0 -9999.0 -9999.0 -9999.0
 -9999.0 -9999.0    18.1    15.5    10.2     5.4     2.3     1.0     0.2     0.2     0.2     0.3     0.3     0.2     0.2     0.2     0.2     0.2     0.2     0.2     0.2     0.2     0.2     0.2     0.2     0.2     0.2     0.2     0.2     0.3     0.3     0.2     0.0     0.1     0.1     0.3     0.2     0.3     0.6     0.5     0.2     0.2     0.2     0.5     0.4     0.7     1.4     2.7     2.4     2.5     8.1     2.3     1.9     4.9     2.2     1.0     0.2     0.2     0.3     0.5     0.2     0.2     0.2     0.1     0.1     0.1     0.1     0.3     0.2     0.2     0.2     0.2     0.2     0.2     0.2     0.2     0.3     0.3     0.9     1.6     1.5     0.3     0.8     1.8     2.9     3.6     6.2    14.0    20.9    15.6     7.2     2.2     0.6     0.3     0.3 -9999.0 -9999.0     0.8     0.5     0.5     0.7     1.0     1.2     1.4 -9999.0 -9999.0 -9999.0 -9999.0 -9999.0 -9999.0 -9999.0 -9999.0 -9999.0 -9999.0 -9999.0 -9999.0 -9999.0 -9999.0 -9999.0 -9999.0 -9999.0 -9999.0 -9999.0 -9999.0 -9999.0 -9999.0 -9999.0 -9999.0
 -9999.0 -9999.0    14.8    13.9     6.9     4.8     2.5     0.9     0.2     0.2     0.2     0.3     0.3     0.2     0.2     0.2     0.2     0.2     0.2     0.2     0.2     0.2     0.2     0.3     0.3     0.3     0.2     0.2     0.2     0.1     0.0     0.0     0.0     0.2     0.9     0.3     0.2     0.2     0.3     0.2     0.2     0.2     0.2     0.2     0.3     1.2     4.4     6.1     9.4     7.6     5.7     4.7     4.6     9.6     4.8     6.4     3.8     3.5     3.5     0.9     0.3     0.2     0.2     0.1     0.1     0.1     0.2     0.3     0.2     0.3     0.2     0.2     0.2     0.2     0.2     0.4     0.7     0.7     1.3     0.6     0.9     0.6     1.7     3.1     4.0     4.0     5.5    11.1    17.8    15.5     8.9     3.7     1.2     0.5     0.5     0.9     1.5     1.7 -9999.0 -9999.0 -9999.0 -9999.0 -9999.0 -9999.0 -9999.0 -9999.0 -9999.0 -9999.0 -9999.0 -9999.0 -9999.0 -9999.0 -9999.0 -9999.0 -9999.0 -9999.0 -9999.0 -9999.0 -9999.0 -9999.0 -9999.0 -9999.0 -9999.0 -9999.0 -9999.0 -9999.0 -9999.0 -9999.0
 -9999.0 -9999.0 -9999.0 -9999.0     6.2     3.0     1.0     0.4     0.2     0.1     0.2     0.2     0.2     0.2     0.2     0.2     0.2     0.2     0.2     0.2     0.2     0.2     0.3     0.3     0.3     0.2     0.1     0.1     0.0     0.0     0.0     0.0     0.1     0.1     1.1     0.4     0.7     0.8     0.3     0.2     0.2     0.2     0.2     0.2     0.3     0.8     1.9     6.9     6.6    10.5     7.1    11.3     7.6     5.2     6.8     8.0    11.0    14.1    13.3    13.5     7.7     0.3     0.2     0.1     0.1     0.1     0.2     0.5     0.7     0.8     0.7     0.4     0.3     0.4     0.9     1.9     2.5     1.8     0.9     1.1     1.0     0.7     1.7     3.0     3.6     3.7     4.1     6.4     9.2     9.3     7.2     4.5     2.3     1.3     1.0     1.2     1.9     2.3     1.6     1.1     1.0     1.3     1.7 -9999.0 -9999.0 -9999.0 -9999.0 -9999.0 -9999.0 -9999.0 -9999.0 -9999.0 -9999.0 -9999.0 -9999.0 -9999.0 -9999.0 -9999.0 -9999.0 -9999.0 -9999.0 -9999.0 -9999.0 -9999.0 -9999.0 -9999.0 -9999.0 -9999.0
 -9999.0 -9999.0 -9999.0    10.5     5.2     3.9     2.6     0.6     0.2     0.1     0.1     0.1     0.1     0.2     0.2     0.2     0.2     0.2     0.2     0.2     0.2     0.2     0.2     0.1     0.0     0.0     0.0     0.0     0.0     0.0     0.0     0.0     0.1     0.2     0.2     0.4     0.6     3.2     2.8     1.2     0.3     0.2     0.2     0.2     0.3     0.7     1.3     2.9     4.4     3.6     3.4     5.1     6.4     8.9     2.3     2.7     3.4    10.9    13.9    21.0    17.2     7.5     2.9     0.3     0.1     0.5     1.7     1.7     3.9     3.7     3.2     2.4     1.7     1.9     3.4     5.5     5.4     2.9     2.4     0.7     0.5     1.2     1.6     2.3     2.8     3.6     3.5     3.7     4.1     4.4     4.3     3.9     3.2     2.5     1.8     1.4     1.5     1.7     1.6     1.0     1.4     1.9     2.4 -9999.0 -9999.0 -9999.0 -9999.0 -9999.0 -9999.0 -9999.0 -9999.0 -9999.0 -9999.0 -9999.0 -9999.0 -9999.0 -9999.0 -9999.0 -9999.0 -9999.0 -9999.0 -9999.0 -9999.0 -9999.0 -9999.0 -9999.0 -9999.0 -9999.0
 -9999.0 -9999.0 -9999.0 -9999.0     6.7     3.2     2.5     0.6     0.6     0.2     0.1     0.0     0.0     0.0     0.0     0.0     0.0     0.1     0.2     0.2     0.1     0.0     0.0     0.0     0.0     0.0     0.0     0.0     0.0     0.0     0.0     0.0     0.1     0.2     0.6     0.8     2.0     3.6     2.2     1.0     2.6     0.4     0.3     0.3     0.4     0.8     1.3     1.7     2.1     2.4     2.0     1.6     6.2     2.2     0.8     1.2     2.0     5.2    10.1     2.5    10.0     1.4     0.8     1.1     0.7     0.7     4.7     5.8     8.1    11.0     9.3     7.5     5.8     6.2     9.6    11.7     9.1     4.9     2.5     0.9     1.1     1.1     2.3     1.4     2.9     3.8     3.4     3.1     2.9     3.0     3.0     2.7     3.4     3.5     2.8     2.2     1.9     1.9     1.8     1.9     2.3     2.9     3.5 -9999.0 -9999.0 -9999.0 -9999.0 -9999.0 -9999.0 -9999.0 -9999.0 -9999.0 -9999.0 -9999.0 -9999.0 -9999.0 -9999.0 -9999.0 -9999.0 -9999.0 -9999.0 -9999.0 -9999.0 -9999.0 -9999.0 -9999.0 -9999.0 -9999.0
 -9999.0 -9999.0 -9999.0 -9999.0 -9999.0     2.8     4.3     0.9     0.5     0.2     0.1     0.0     0.0     0.0     0.0     0.0     0.0     0.0     0.0     0.0     0.0     0.0     0.0     0.0     0.0     0.0     0.0     0.0     0.0     0.0     0.0     0.1     0.2     0.5     1.2     1.5     3.2     3.5     6.0     7.1     2.4     9.0     7.7     4.2     2.2     1.4     2.8     2.9     4.1     2.1     1.1     0.7     1.4    14.0     8.4     0.3     0.3     0.7     8.6     3.2    10.7     1.5     1.7     2.7     4.9     4.6     9.8    14.7    14.7    16.4    16.1    14.8    14.2    15.8    19.4    20.6    15.1     8.9     5.3     2.6     2.5     3.0     2.8     2.1     3.5     4.1     4.0     3.7     3.4     3.4     3.1     3.1     3.4     3.9     4.3     3.8     3.5     3.4     3.3     3.5     4.0     4.7 -9999.0 -9999.0 -9999.0 -9999.0 -9999.0 -9999.0 -9999.0 -9999.0 -9999.0 -9999.0 -9999.0 -9999.0 -9999.0 -9999.0 -9999.0 -9999.0 -9999.0 -9999.0 -9999.0 -9999.0 -9999.0 -9999.0 -9999.0 -9999.0 -9999.0 -9999.0
 -9999.0 -9999.0 -9999.0 -9999.0 -9999.0 -9999.0 -9999.0     2.6     0.7     0.3     0.2     0.1     0.0     0.0     0.0     0.0     0.0     0.0     0.0     0.0     0.0     0.0     0.0     0.0     0.0     0.0     0.0     0.0     0.0     0.0     0.0     0.1     0.2     0.8     1.2     2.1     2.7     4.4     5.2     5.3     6.0     6.1     6.9    11.7     5.5     3.4     5.4     6.5    11.5     8.9    16.9    13.8     3.3     4.9    11.3     0.6     0.6     2.5     7.7    11.1     7.5     5.8     5.2     8.3    10.3    13.1    17.1    19.7    23.5    19.9    21.1    23.0    25.8    29.2    31.3    32.7    27.0    17.0    11.3     9.4    10.4    10.2     9.8     4.3     4.1     4.4     5.2     5.4     4.8     4.5     4.3     4.5     5.3     6.2     6.7     7.3     7.2     6.9     6.8     6.9 -9999.0 -9999.0 -9999.0 -9999.0 -9999.0 -9999.0 -9999.0 -9999.0 -9999.0 -9999.0 -9999.0 -9999.0 -9999.0 -9999.0 -9999.0 -9999.0 -9999.0 -9999.0 -9999.0 -9999.0 -9999.0 -9999.0 -9999.0 -9999.0 -9999.0 -9999.0 -9999.0 -9999.0
 -9999.0 -9999.0 -9999.0 -9999.0 -9999.0 -9999.0 -9999.0     2.6     1.9     0.7     0.3     0.2     0.1     0.0     0.0     0.0     0.0     0.0     0.0     0.0     0.0     0.0     0.0     0.0     0.0     0.0     0.0     0.0     0.0     0.0     0.0     0.1     0.3     0.9     1.3     2.0     2.7     4.0     4.3     5.5     5.2     6.1     5.5     5.0     6.9     7.6     8.7     9.3    10.2    10.4    12.7    10.4     7.5     4.8    10.9     1.8     0.7     2.4     8.8     9.8    10.2    12.5    13.6    12.6    16.8    20.8    24.6    27.0    28.8    25.3    27.4    32.1    38.3    42.8    45.1    39.0    34.7    29.7    25.7    24.9    25.4    23.1    12.6     6.9     5.0     5.7     8.6     9.5     8.7     8.7     9.0     9.8    10.5    11.0    12.3    13.4    13.7 -9999.0 -9999.0 -9999.0 -9999.0 -9999.0 -9999.0 -9999.0 -9999.0 -9999.0 -9999.0 -9999.0 -9999.0 -9999.0 -9999.0 -9999.0 -9999.0 -9999.0 -9999.0 -9999.0 -9999.0 -9999.0 -9999.0 -9999.0 -9999.0 -9999.0 -9999.0 -9999.0 -9999.0 -9999.0 -9999.0 -9999.0
 -9999.0 -9999.0 -9999.0 -9999.0 -9999.0 -9999.0 -9999.0 -9999.0 -9999.0 -9999.0     0.8     0.3     0.2     0.1     0.0     0.0     0.0     0.0     0.0     0.0     0.0     0.0     0.0     0.0     0.0     0.0     0.0     0.0     0.0     0.0     0.1     0.2     0.5     1.0     1.5     3.1     3.1     3.9     7.4     5.4     6.8     5.5     4.6     4.2     7.7     6.1    10.6     9.3    10.7    10.0     7.7     8.1     8.4    10.1    13.6     8.3     4.6     7.9     9.1     9.9    12.5    11.8    12.3    14.1    19.1    24.6    30.2    33.2    32.9    32.8    34.8    41.1    47.7    49.4    43.7    41.5    40.9    40.7    39.1    38.5    38.8    30.2    19.4    12.2    10.9    13.2    17.6    19.3    19.5    22.6    25.3    24.1    21.2    19.7    20.7    22.5    23.2    23.1 -9999.0 -9999.0 -9999.0 -9999.0 -9999.0 -9999.0 -9999.0 -9999.0 -9999.0 -9999.0 -9999.0 -9999.0 -9999.0 -9999.0 -9999.0 -9999.0 -9999.0 -9999.0 -9999.0 -9999.0 -9999.0 -9999.0 -9999.0 -9999.0 -9999.0 -9999.0 -9999.0 -9999.0 -9999.0 -9999.0
 -9999.0 -9999.0 -9999.0 -9999.0 -9999.0 -9999.0 -9999.0 -9999.0 -9999.0 -9999.0 -9999.0     1.2     0.7     0.4     0.1     0.1     0.0     0.0     0.0     0.0     0.0     0.0     0.0     0.0     0.0     0.0     0.0     0.0     0.0     0.0     0.1     0.3     0.7     1.4     2.2     2.7     4.7     4.1     4.0     3.9     4.1     4.1     3.9     4.8     4.9     6.1     8.2     7.2     8.0     7.9    10.5    11.0     9.6     8.1    10.1    12.1    12.9    16.7     9.2    14.7    12.7    16.5    18.7    18.4    18.8    27.2    28.8    33.5    36.2    38.3    37.3    42.3    43.7    42.4    41.1    62.4    44.2    40.7    40.0    42.9    35.4    30.2    27.0    24.7    26.0    30.0    35.2    37.9    38.4    44.5    50.3    43.9    35.1    30.2    30.5    33.1    34.7    35.2 -9999.0 -9999.0 -9999.0 -9999.0 -9999.0 -9999.0 -9999.0 -9999.0 -9999.0 -9999.0 -9999.0 -9999.0 -9999.0 -9999.0 -9999.0 -9999.0 -9999.0 -9999.0 -9999.0 -9999.0 -9999.0 -9999.0 -9999.0 -9999.0 -9999.0 -9999.0 -9999.0 -9999.0 -9999.0 -9999.0
 -9999.0 -9999.0 -9999.0 -9999.0 -9999.0 -9999.0 -9999.0 -9999.0 -9999.0 -9999.0 -9999.0 -9999.0     1.3     1.6     1.2     0.2     0.2     0.1     0.0     0.0     0.0     0.0     0.0     0.0     0.0     0.0     0.0     0.0     0.0     0.1     0.2     0.4     0.8     1.5     2.2     2.6     4.0     4.6     4.3     4.1     3.5     3.3     4.9     3.4     4.8     6.5     5.6     6.2     5.6     7.1     7.2     9.4     8.7    11.5     9.2    13.8    13.5    16.9    14.4    13.8    13.4    16.0    21.2    27.1    21.7    26.1    27.7    30.9    32.5    34.3    41.5    57.2    63.9    46.3    45.8    39.6    35.1    42.5    36.9    36.2    46.2    31.4    35.5    40.0    43.9    48.1    51.4    54.7    52.7    56.3    61.1    55.7    45.9    39.8    39.9    43.4    47.3    49.1    47.9 -9999.0 -9999.0 -9999.0 -9999.0 -9999.0 -9999.0 -9999.0 -9999.0 -9999.0 -9999.0 -9999.0 -9999.0 -9999.0 -9999.0 -9999.0 -9999.0 -9999.0 -9999.0 -9999.0 -9999.0 -9999.0 -9999.0 -9999.0 -9999.0 -9999.0 -9999.0 -9999.0 -9999.0 -9999.0
 -9999.0 -9999.0 -9999.0 -9999.0 -9999.0 -9999.0 -9999.0 -9999.0 -9999.0 -9999.0 -9999.0 -9999.0     4.5     2.9     1.1     2.0     0.4     0.3     0.2     0.1     0.0     0.0     0.0     0.0     0.0     0.0     0.0     0.0     0.0     0.1     0.2     0.5     1.0     1.7     2.0     2.5     2.8     3.5     6.8     4.8     4.2     4.7     4.4     5.9     4.7     4.4     6.2     8.4     9.7     9.6     9.8     9.1     9.5    17.9    16.5    16.1    16.1    19.5    23.6    20.6    18.6    19.1    24.3    26.4    26.4    27.9    30.5    30.6    31.8    28.8    21.4    22.8    33.3    39.7    49.6    40.1    36.4    33.2    39.3    40.0    32.5    32.9    39.1    45.3    49.8    53.5    53.8    56.2    56.4    58.1    61.3    58.6    52.6    49.8    53.1    58.3    63.2    64.5    61.9 -9999.0 -9999.0 -9999.0 -9999.0 -9999.0 -9999.0 -9999.0 -9999.0 -9999.0 -9999.0 -9999.0 -9999.0 -9999.0 -9999.0 -9999.0 -9999.0 -9999.0 -9999.0 -9999.0 -9999.0 -9999.0 -9999.0 -9999.0 -9999.0 -9999.0 -9999.0 -9999.0 -9999.0 -9999.0
 -9999.0 -9999.0 -9999.0 -9999.0 -9999.0 -9999.0 -9999.0 -9999.0 -9999.0 -9999.0 -9999.0    10.3     8.1     4.5     3.3     3.6     0.8     0.7     0.3     0.5     0.2     0.1     0.0     0.0     0.0     0.0     0.0     0.0     0.0     0.1     0.2     0.6     1.1     1.7     2.3     2.3     3.1     2.5     2.6     3.1     5.7     8.0     9.6     5.3     6.8     7.8     8.3     9.4    11.6    12.4    14.1    16.1    12.6    15.2    14.0    14.8    18.0    16.3    20.4    19.0    19.2    23.5    28.7    37.3    37.9    34.9    28.3    29.7    33.3    40.2    38.7    30.8    28.8    32.1    35.7    38.3    43.3    46.4    44.1    40.6    34.1    31.8    37.1    42.8    47.9    53.4    55.3    57.5    59.5    59.9    60.6    60.1    60.5    63.3    72.4    79.0    80.4    78.8    74.5    69.6 -9999.0 -9999.0 -9999.0 -9999.0 -9999.0 -9999.0 -9999.0 -9999.0 -9999.0 -9999.0 -9999.0 -9999.0 -9999.0 -9999.0 -9999.0 -9999.0 -9999.0 -9999.0 -9999.0 -9999.0 -9999.0 -9999.0 -9999.0 -9999.0 -9999.0 -9999.0 -9999.0 -9999.0
 -9999.0 -9999.0 -9999.0 -9999.0 -9999.0 -9999.0 -9999.0 -9999.0 -9999.0 -9999.0 -9999.0    16.2    12.2    14.9    10.1     3.4     2.3     3.6     2.3     0.6     1.1     0.2     0.2     0.1     0.1     0.1     0.1     0.1     0.1     0.1     0.3     0.6     1.1     1.8     2.0     2.2     2.0     2.3     2.3     2.0     2.7     3.3     4.8     7.1     9.6    12.5    16.4    17.8    18.4    15.3    13.7    15.2    11.6    10.5    11.7    12.0    14.3    16.8    17.7    21.2    24.8    31.5    36.9    44.8    44.1    28.5    33.2    28.3    26.2    28.2    30.6    31.3    36.1    48.0    52.0    43.2    44.8    39.5    35.0    35.7    32.3    30.9    38.1    47.7    54.7    59.9    61.6    63.7    64.4    62.4    60.8    63.3    69.2    76.0    87.5    91.8    90.7    89.3    84.9    80.3    77.4 -9999.0 -9999.0 -9999.0 -9999.0 -9999.0 -9999.0 -9999.0 -9999.0 -9999.0 -9999.0 -9999.0 -9999.0 -9999.0 -9999.0 -9999.0 -9999.0 -9999.0 -9999.0 -9999.0 -9999.0 -9999.0 -9999.0 -9999.0 -9999.0 -9999.0 -9999.0 -9999.0
 -9999.0 -9999.0 -9999.0 -9999.0 -9999.0 -9999.0 -9999.0 -9999.0 -9999.0 -9999.0 -9999.0 -9999.0    31.4    17.3    20.4    14.0    10.8     3.7     3.9     2.5     0.6     0.3     0.7     0.2     0.2     0.1     0.1     0.0     0.1     0.1     0.2     0.3     1.1     1.8     2.0     2.0     2.0     2.3     2.2     2.9     2.9     3.3     8.9     8.3    13.8    19.4    22.7    23.4    22.2    18.8    15.5    10.7    17.8    17.4    13.0     9.8    12.0    13.9    16.8    17.4    22.7    32.4    49.7    53.9    28.9    22.0    24.8    22.1    20.2    20.6    25.8    36.3    43.6    54.2    85.7    54.1    66.8    35.3    33.4    33.7    40.1    40.6    48.1    59.1    68.2    70.6    70.1    81.0    65.5    63.1    63.9    69.6    73.7    81.6    93.0    95.8    98.0    99.6    96.0    92.1    89.9 -9999.0 -9999.0 -9999.0 -9999.0 -9999.0 -9999.0 -9999.0 -9999.0 -9999.0 -9999.0 -9999.0 -9999.0 -9999.0 -9999.0 -9999.0 -9999.0 -9999.0 -9999.0 -9999.0 -9999.0 -9999.0 -9999.0 -9999.0 -9999.0 -9999.0 -9999.0 -9999.0
 -9999.0 -9999.0 -9999.0 -9999.0 -9999.0 -9999.0 -9999.0 -9999.0 -9999.0 -9999.0 -9999.0 -9999.0    36.9    22.7    19.3    22.3    16.1    13.9     7.3     4.6     1.7     2.8     1.2     0.5     1.2     0.4     0.2     0.1     0.0     0.1     0.1     0.2     0.7     1.6     2.0     2.6     3.0     2.9     3.3     2.9     3.4     9.4    14.0    15.8    17.6    22.2    25.3    25.8    23.5    19.2    11.7    13.7    10.2     6.1    10.4    10.1     7.3     8.8    13.6    23.0    29.2    50.4    56.0    43.1    12.3    14.9    14.4    11.7     8.9    12.1    16.6    22.8    36.6    34.8    45.3    41.3    37.6    36.2    41.0    46.4    58.3    63.1    68.7    75.8    79.7    76.9    72.4   100.4    86.8    68.7    69.3    79.9    79.5    80.5    93.8   108.0   112.8   115.9   111.5   106.7   104.0   101.9    99.4 -9999.0 -9999.0 -9999.0 -9999.0 -9999.0 -9999.0 -9999.0 -9999.0 -9999.0 -9999.0 -9999.0 -9999.0 -9999.0 -9999.0 -9999.0 -9999.0 -9999.0 -9999.0 -9999.0 -9999.0 -9999.0 -9999.0 -9999.0 -9999.0 -9999.0
 -9999.0 -9999.0 -9999.0 -9999.0 -9999.0 -9999.0 -9999.0 -9999.0 -9999.0 -9999.0 -9999.0 -9999.0 -9999.0    67.0    32.2    35.1    20.7    25.2    19.5    13.6     6.3     4.9     3.3     2.9     5.6     1.9     0.5     0.4     0.1     0.0     0.0     0.1     0.3     1.0     1.7     2.5     2.9     3.8     5.1     8.9     6.0     9.0    13.1    17.3    24.3    23.5    24.4    21.8    18.0    13.3    12.0     4.4     7.6     9.0     9.0     6.5     4.4     6.3    12.3    13.8    32.2    35.9    25.7    11.4    11.2    11.3     9.3     5.9     4.5     5.6    10.6    17.7    24.3    33.4    41.1    49.3    60.1    41.9    49.9    64.4    78.8    87.0    88.9    88.9    87.1    81.0    74.5    73.1    79.9    72.8    81.5    94.0    99.2   100.2   107.4   118.0   128.1   133.3   130.4   122.9   116.7   112.4   109.1 -9999.0 -9999.0 -9999.0 -9999.0 -9999.0 -9999.0 -9999.0 -9999.0 -9999.0 -9999.0 -9999.0 -9999.0 -9999.0 -9999.0 -9999.0 -9999.0 -9999.0 -9999.0 -9999.0 -9999.0 -9999.0 -9999.0 -9999.0 -9999.0 -9999.0
 -9999.0 -9999.0 -9999.0 -9999.0 -9999.0 -9999.0 -9999.0 -9999.0 -9999.0 -9999.0 -9999.0 -9999.0 -9999.0 -9999.0   211.4    52.9    49.3    36.5    35.2    34.8    18.7    20.5    18.2    12.6     7.3     4.4     0.4     0.2     0.0     0.0     0.0     0.0     0.1     0.4     1.2     3.0     5.0     3.5     5.0     5.9     9.9    12.6    14.3    16.2    17.5    22.4    20.8    18.8    13.8     5.9     5.2    10.4     4.8     4.8     1.4     2.9     3.1     3.3    11.6    22.3    22.8    21.2    22.0    17.9    15.5    14.0    11.1     7.4     5.6     9.8    15.2    20.1    36.1    42.9    46.2    66.2    67.0    72.6    56.4    68.6    82.1    89.5    90.7    90.7    90.4    87.7    86.2    93.0    99.9   103.3   112.5   139.9   143.6   153.1   141.0   130.4   133.7   135.7   136.7   128.0   119.4   115.7   114.5 -9999.0 -9999.0 -9999.0 -9999.0 -9999.0 -9999.0 -9999.0 -9999.0 -9999.0 -9999.0 -9999.0 -9999.0 -9999.0 -9999.0 -9999.0 -9999.0 -9999.0 -9999.0 -9999.0 -9999.0 -9999.0 -9999.0 -9999.0 -9999.0 -9999.0
 -9999.0 -9999.0 -9999.0 -9999.0 -9999.0 -9999.0 -9999.0 -9999.0 -9999.0 -9999.0 -9999.0 -9999.0 -9999.0 -9999.0 -9999.0 -9999.0 -9999.0   228.8   119.5   113.4    82.5    38.9    49.1    40.6    18.6    13.0     2.4     1.0     0.3     0.0     0.0     0.0     0.1     0.3     0.9     2.0     5.6     2.1     5.0     6.1     7.9    12.8    11.9    12.3    19.9    20.6    60.2    16.8    10.5     7.2     3.2     2.8     1.7     4.2     3.4     2.3     1.3     4.6    10.0    21.3    13.7    25.4    31.5    27.2    25.0    24.0    22.6    19.9    18.2    21.9    25.5    43.4    55.2    55.1    64.5    78.1    73.9    65.5    60.2    60.6    66.4    72.8    79.7    89.2    97.3   102.6   108.7   120.5   138.0   145.7   160.8   178.8   157.3   146.3   146.7   146.8   120.8   117.4   119.6   116.3   113.1   114.3   117.4 -9999.0 -9999.0 -9999.0 -9999.0 -9999.0 -9999.0 -9999.0 -9999.0 -9999.0 -9999.0 -9999.0 -9999.0 -9999.0 -9999.0 -9999.0 -9999.0 -9999.0 -9999.0 -9999.0 -9999.0 -9999.0 -9999.0 -9999.0 -9999.0 -9999.0
 -9999.0 -9999.0 -9999.0 -9999.0 -9999.0 -9999.0 -9999.0 -9999.0 -9999.0 -9999.0 -9999.0 -9999.0 -9999.0 -9999.0 -9999.0 -9999.0 -9999.0 -9999.0 -9999.0 -9999.0   227.3    98.8    70.9    38.9    42.2    52.8    30.8    13.1     2.3     0.4     0.0     0.2     0.2     0.5     1.7     2.8     3.5     3.9     3.4     1.9     1.5    10.9    11.9    10.8    16.4    13.9    73.6    19.0    13.5    27.9     5.5    10.1     8.1     3.2     2.6     2.3     2.1     2.7    11.1    19.7    12.0    19.8    33.8    35.4    36.6    37.4    40.7    40.9    38.4    36.8    39.3    51.8    60.2    57.6    55.8    61.3    62.5    56.8    59.3    59.7    61.6    70.2    83.5   104.4   130.3   132.6   136.4   147.5   162.3   168.0   182.5   176.3   207.9   208.5   123.3   117.7   108.6   102.5   107.7   101.9   108.3   115.7 -9999.0 -9999.0 -9999.0 -9999.0 -9999.0 -9999.0 -9999.0 -9999.0 -9999.0 -9999.0 -9999.0 -9999.0 -9999.0 -9999.0 -9999.0 -9999.0 -9999.0 -9999.0 -9999.0 -9999.0 -9999.0 -9999.0 -9999.0 -9999.0 -9999.0 -9999.0
 -9999.0 -9999.0 -9999.0 -9999.0 -9999.0 -9999.0 -9999.0 -9999.0 -9999.0 -9999.0 -9999.0 -9999.0 -9999.0 -9999.0 -9999.0 -9999.0 -9999.0 -9999.0 -9999.0 -9999.0 -9999.0 -9999.0    99.5   235.2   112.2    95.6    67.5    33.2     6.8     3.2     0.3     0.2     0.6     1.8     4.5     6.8     9.4     7.5    10.5    11.4     9.1    11.4     5.7     4.7    14.5    70.5    34.5    28.2    34.6    31.2    11.1    10.0     8.3     7.0     3.9     1.6     1.5     3.9     7.3    16.8    12.8    18.2    21.6    26.5    31.9    42.8    51.4    53.5    44.9    42.1    48.0    50.6    54.0    62.9    48.1    50.7    65.8    69.1    72.0    76.5    82.8    94.9   112.6   142.5   172.8   191.5   169.2   177.7   182.4   188.7   209.2   228.5   178.2   170.8   128.8   115.2   107.7   111.2    97.0   107.2   116.9 -9999.0 -9999.0 -9999.0 -9999.0 -9999.0 -9999.0 -9999.0 -9999.0 -9999.0 -9999.0 -9999.0 -9999.0 -9999.0 -9999.0 -9999.0 -9999.0 -9999.0 -9999.0 -9999.0 -9999.0 -9999.0 -9999.0 -9999.0 -9999.0 -9999.0 -9999.0 -9999.0
 -9999.0 -9999.0 -9999.0 -9999.0 -9999.0 -9999.0 -9999.0 -9999.0 -9999.0 -9999.0 -9999.0 -9999.0 -9999.0 -9999.0 -9999.0 -9999.0 -9999.0 -9999.0 -9999.0 -9999.0 -9999.0 -9999.0 -9999.0 -9999.0   489.1   378.2   188.2    31.3    19.2     8.5     4.4     5.5     7.2     8.5    13.1    15.1    20.2    15.1    17.7    11.6    14.5     6.1     6.5     7.9    41.1    69.7    59.1    93.3    17.2    30.7    14.6    15.5    13.9    11.8     8.5     4.0     2.2     2.6     6.7    13.1    19.1    19.5    41.2    26.0    28.8    38.0    42.2    41.4    45.1    48.7    41.0    41.5    36.1    60.3    64.9    57.5    68.3    85.2    97.2    99.2   110.1   123.7   142.4   176.4   213.2   211.8   203.0   199.3   206.3   212.8   222.8   226.1   218.2   226.5   160.0   157.0   117.3   117.4   115.0   125.2   133.0 -9999.0 -9999.0 -9999.0 -9999.0 -9999.0 -9999.0 -9999.0 -9999.0 -9999.0 -9999.0 -9999.0 -9999.0 -9999.0 -9999.0 -9999.0 -9999.0 -9999.0 -9999.0 -9999.0 -9999.0 -9999.0 -9999.0 -9999.0 -9999.0 -9999.0 -9999.0 -9999.0
 -9999.0 -9999.0 -9999.0 -9999.0 -9999.0 -9999.0 -9999.0 -9999.0 -9999.0 -9999.0 -9999.0 -9999.0 -9999.0 -9999.0 -9999.0 -9999.0 -9999.0 -9999.0 -9999.0 -9999.0 -9999.0 -9999.0 -9999.0 -9999.0 -9999.0   579.5   453.5   415.8   339.4   113.7    67.3    48.1    18.7    43.5    29.8    48.2    28.0    23.4    15.6    13.3    12.7     4.4    12.0    36.0    47.9    65.4    81.0    89.3    94.5    60.3    84.8    79.5    28.4    26.8    15.3     6.2     2.8     2.0     5.0     7.9    10.1    18.0    19.6    20.7    24.6    31.6    36.0    33.1    32.0    33.6    32.5    46.2    33.6    55.6    55.2    65.7    91.6    97.2   100.4   108.2   122.4   140.1   160.8   198.2   223.5   227.6   222.2   236.1   226.0   228.0   255.4   263.6   249.1   207.8   203.3   173.0   141.7   130.9   135.1   140.8 -9999.0 -9999.0 -9999.0 -9999.0 -9999.0 -9999.0 -9999.0 -9999.0 -9999.0 -9999.0 -9999.0 -9999.0 -9999.0 -9999.0 -9999.0 -9999.0 -9999.0 -9999.0 -9999.0 -9999.0 -9999.0 -9999.0 -9999.0 -9999.0 -9999.0 -9999.0 -9999.0 -9999.0
 -9999.0 -9999.0 -9999.0 -9999.0 -9999.0 -9999.0 -9999.0 -9999.0 -9999.0 -9999.0 -9999.0 -9999.0 -9999.0 -9999.0 -9999.0 -9999.0 -9999.0 -9999.0 -9999.0 -9999.0 -9999.0 -9999.0 -9999.0 -9999.0 -9999.0 -9999.0 -9999.0   611.8   520.5   343.6   354.2   259.4   204.8   123.1    63.4    57.0 -9999.0    41.5    33.4    18.2    14.4    16.7    12.6    41.8    55.6    61.7    68.8 -9999.0 -9999.0    79.7    90.8    93.7    57.3    23.9    26.5     9.4     2.2     1.0     2.2     5.6    10.8    15.1    19.0    20.5    24.1    32.4    41.1    45.7    38.5    27.3    24.8    41.5    53.2    44.7    67.0    70.3    87.1    90.0    93.8   101.5   119.7   141.6   166.2   197.5   218.0   219.0   217.7   226.5   239.2   226.8   241.2   245.9   235.0   197.5   187.0   153.6   134.7   135.2   140.0   144.5 -9999.0 -9999.0 -9999.0 -9999.0 -9999.0 -9999.0 -9999.0 -9999.0 -9999.0 -9999.0 -9999.0 -9999.0 -9999.0 -9999.0 -9999.0 -9999.0 -9999.0 -9999.0 -9999.0 -9999.0 -9999.0 -9999.0 -9999.0 -9999.0 -9999.0 -9999.0 -9999.0 -9999.0
 -9999.0 -9999.0 -9999.0 -9999.0 -9999.0 -9999.0 -9999.0 -9999.0 -9999.0 -9999.0 -9999.0 -9999.0 -9999.0 -9999.0 -9999.0 -9999.0 -9999.0 -9999.0 -9999.0 -9999.0 -9999.0 -9999.0 -9999.0 -9999.0 -9999.0 -9999.0 -9999.0 -9999.0 -9999.0 -9999.0 -9999.0 -9999.0 -9999.0   271.8   212.0 -9999.0 -9999.0 -9999.0 -9999.0    70.5    57.0    50.5    47.6    46.8    47.4 -9999.0 -9999.0 -9999.0 -9999.0 -9999.0 -9999.0 -9999.0    51.5    23.8    16.7     6.5     1.2     0.6     1.8     5.9    12.3    15.0    16.3    20.0    21.5    30.9    43.5    47.0    36.8    37.9    39.0    40.9    36.0    51.8    49.5    62.6    68.0    75.8    78.0    96.1   110.2   131.2   151.5   165.8   181.2   184.8   195.9   209.9   209.7   208.3   198.8   193.9   177.5   171.8   155.9   114.8   112.3   119.2   126.9 -9999.0 -9999.0 -9999.0 -9999.0 -9999.0 -9999.0 -9999.0 -9999.0 -9999.0 -9999.0 -9999.0 -9999.0 -9999.0 -9999.0 -9999.0 -9999.0 -9999.0 -9999.0 -9999.0 -9999.0 -9999.0 -9999.0 -9999.0 -9999.0 -9999.0 -9999.0 -9999.0 -9999.0 -9999.0
 -9999.0 -9999.0 -9999.0 -9999.0 -9999.0 -9999.0 -9999.0 -9999.0 -9999.0 -9999.0 -9999.0 -9999.0 -9999.0 -9999.0 -9999.0 -9999.0 -9999.0 -9999.0 -9999.0 -9999.0 -9999.0 -9999.0 -9999.0 -9999.0 -9999.0 -9999.0 -9999.0 -9999.0 -9999.0 -9999.0 -9999.0 -9999.0 -9999.0 -9999.0 -9999.0 -9999.0 -9999.0 -9999.0 -9999.0    80.1    64.3    50.4    40.3    40.9 -9999.0 -9999.0 -9999.0 -9999.0 -9999.0 -9999.0 -9999.0 -9999.0    40.8    23.6    13.8     6.4     1.4     0.9     2.1     6.5    13.5    18.4    18.4    22.8    25.4    32.3    36.3    37.1    32.7    31.2    33.3    37.7    58.7    45.3    49.7    55.8    56.6    69.4    84.5    91.9    96.4   107.6   123.3   126.1   134.2   141.9   156.7   171.8   178.3   171.5   156.4   147.9   117.6   121.6    94.7    77.1    83.1    92.7 -9999.0 -9999.0 -9999.0 -9999.0 -9999.0 -9999.0 -9999.0 -9999.0 -9999.0 -9999.0 -9999.0 -9999.0 -9999.0 -9999.0 -9999.0 -9999.0 -9999.0 -9999.0 -9999.0 -9999.0 -9999.0 -9999.0 -9999.0 -9999.0 -9999.0 -9999.0 -9999.0 -9999.0 -9999.0 -9999.0
 -9999.0 -9999.0 -9999.0 -9999.0 -9999.0 -9999.0 -9999.0 -9999.0 -9999.0 -9999.0 -9999.0 -9999.0 -9999.0 -9999.0 -9999.0 -9999.0 -9999.0 -9999.0 -9999.0 -9999.0 -9999.0 -9999.0 -9999.0 -9999.0 -9999.0 -9999.0 -9999.0 -9999.0 -9999.0 -9999.0 -9999.0 -9999.0 -9999.0 -9999.0 -9999.0 -9999.0 -9999.0 -9999.0 -9999.0 -9999.0 -9999.0 -9999.0 -9999.0 -9999.0 -9999.0 -9999.0 -9999.0 -9999.0 -9999.0 -9999.0 -9999.0    33.1    32.9    24.1    13.5     7.9     4.6     4.1     5.3     7.2    15.6    20.9    28.2    31.6    31.7    29.9    25.4    14.3    23.7    21.4    24.9    30.2    27.7    32.0    45.4    57.6    55.9    81.7    77.2    80.6    91.7    92.4    72.9    95.0   100.5   106.1   113.2   130.3   135.8   130.8   111.7   104.4    91.6    65.1    56.2    51.1    56.7    66.3 -9999.0 -9999.0 -9999.0 -9999.0 -9999.0 -9999.0 -9999.0 -9999.0 -9999.0 -9999.0 -9999.0 -9999.0 -9999.0 -9999.0 -9999.0 -9999.0 -9999.0 -9999.0 -9999.0 -9999.0 -9999.0 -9999.0 -9999.0 -9999.0 -9999.0 -9999.0 -9999.0 -9999.0 -9999.0 -9999.0
 -9999.0 -9999.0 -9999.0 -9999.0 -9999.0 -9999.0 -9999.0 -9999.0 -9999.0 -9999.0 -9999.0 -9999.0 -9999.0 -9999.0 -9999.0 -9999.0 -9999.0 -9999.0 -9999.0 -9999.0 -9999.0 -9999.0 -9999.0 -9999.0 -9999.0 -9999.0 -9999.0 -9999.0 -9999.0 -9999.0 -9999.0 -9999.0 -9999.0 -9999.0 -9999.0 -9999.0 -9999.0 -9999.0 -9999.0 -9999.0 -9999.0 -9999.0 -9999.0 -9999.0 -9999.0 -9999.0 -9999.0 -9999.0 -9999.0 -9999.0    18.7    30.2    31.4    26.9    21.3    16.9    14.7    12.8    13.8    17.9    21.0    22.9    30.8    33.8    30.8    23.1    21.0    14.5    20.2    16.6    23.3    22.8    26.9    35.6    44.1    50.0    76.0    60.0    95.4    81.6    72.8    83.2    78.1    83.2    74.4    80.6    80.1    88.7    90.4    87.4    79.3    66.2    63.5    49.9    39.0    35.3    38.3 -9999.0 -9999.0 -9999.0 -9999.0 -9999.0 -9999.0 -9999.0 -9999.0 -9999.0 -9999.0 -9999.0 -9999.0 -9999.0 -9999.0 -9999.0 -9999.0 -9999.0 -9999.0 -9999.0 -9999.0 -9999.0 -9999.0 -9999.0 -9999.0 -9999.0 -9999.0 -9999.0 -9999.0 -9999.0 -9999.0 -9999.0
 -9999.0 -9999.0 -9999.0 -9999.0 -9999.0 -9999.0 -9999.0 -9999.0 -9999.0 -9999.0 -9999.0 -9999.0 -9999.0 -9999.0 -9999.0 -9999.0 -9999.0 -9999.0 -9999.0 -9999.0 -9999.0 -9999.0 -9999.0 -9999.0 -9999.0 -9999.0 -9999.0 -9999.0 -9999.0 -9999.0 -9999.0 -9999.0 -9999.0 -9999.0 -9999.0 -9999.0 -9999.0 -9999.0 -9999.0 -9999.0 -9999.0 -9999.0 -9999.0 -9999.0 -9999.0 -9999.0 -9999.0 -9999.0 -9999.0 -9999.0    10.9    27.8    26.2    31.6    29.8    28.0    19.7    26.7    27.9    25.3    20.9    22.1    25.4    28.8    25.4    16.5    13.7     9.0    12.3    14.4    22.9    29.4    34.1    39.2    49.5    63.4    61.2    85.4    88.0    63.0    77.1    58.6    70.7    74.1    60.5    62.6    59.7    57.2    55.9    53.6    48.5    45.1    40.6    34.2    27.9    24.8    26.0 -9999.0 -9999.0 -9999.0 -9999.0 -9999.0 -9999.0 -9999.0 -9999.0 -9999.0 -9999.0 -9999.0 -9999.0 -9999.0 -9999.0 -9999.0 -9999.0 -9999.0 -9999.0 -9999.0 -9999.0 -9999.0 -9999.0 -9999.0 -9999.0 -9999.0 -9999.0 -9999.0 -9999.0 -9999.0 -9999.0 -9999.0
 -9999.0 -9999.0 -9999.0 -9999.0 -9999.0 -9999.0 -9999.0 -9999.0 -9999.0 -9999.0 -9999.0 -9999.0 -9999.0 -9999.0 -9999.0 -9999.0 -9999.0 -9999.0 -9999.0 -9999.0 -9999.0 -9999.0 -9999.0 -9999.0 -9999.0 -9999.0 -9999.0 -9999.0 -9999.0 -9999.0 -9999.0 -9999.0 -9999.0 -9999.0 -9999.0 -9999.0 -9999.0 -9999.0 -9999.0 -9999.0 -9999.0 -9999.0 -9999.0 -9999.0 -9999.0 -9999.0 -9999.0 -9999.0 -9999.0 -9999.0     5.1    12.2    16.7    31.4    28.4    26.0    33.5    32.4    36.8    23.6    23.0    21.2    23.7    26.3    24.3    16.7    11.2     8.1     8.2    19.0    23.6    38.9    41.4    46.2    55.0    60.2    46.6    68.1    60.0    69.2    44.5    66.4    71.0    63.0    47.2    52.0    49.7    43.1    36.0    32.4    26.9    25.1    23.0    20.4    17.7    16.1 -9999.0 -9999.0 -9999.0 -9999.0 -9999.0 -9999.0 -9999.0 -9999.0 -9999.0 -9999.0 -9999.0 -9999.0 -9999.0 -9999.0 -9999.0 -9999.0 -9999.0 -9999.0 -9999.0 -9999.0 -9999.0 -9999.0 -9999.0 -9999.0 -9999.0 -9999.0 -9999.0 -9999.0 -9999.0 -9999.0 -9999.0 -9999.0
 -9999.0 -9999.0 -9999.0 -9999.0 -9999.0 -9999.0 -9999.0 -9999.0 -9999.0 -9999.0 -9999.0 -9999.0 -9999.0 -9999.0 -9999.0 -9999.0 -9999.0 -9999.0 -9999.0 -9999.0 -9999.0 -9999.0 -9999.0 -9999.0 -9999.0 -9999.0 -9999.0 -9999.0 -9999.0 -9999.0 -9999.0 -9999.0 -9999.0 -9999.0 -9999.0 -9999.0 -9999.0 -9999.0 -9999.0 -9999.0 -9999.0 -9999.0 -9999.0 -9999.0 -9999.0 -9999.0 -9999.0 -9999.0 -9999.0 -9999.0     4.7    12.1    14.0    20.8    23.2    29.5    21.7    35.7    40.0    30.2    31.2    27.9    29.9    31.4    29.2    22.5    18.2    14.5    18.6     9.9    24.3    36.5    48.7    53.6    57.8    54.3    42.6    44.5    30.5    41.7    46.7    42.5    51.9    43.7    42.8    37.1    30.2    31.6    23.0    18.3    16.0    13.2    11.7    10.6 -9999.0 -9999.0 -9999.0 -9999.0 -9999.0 -9999.0 -9999.0 -9999.0 -9999.0 -9999.0 -9999.0 -9999.0 -9999.0 -9999.0 -9999.0 -9999.0 -9999.0 -9999.0 -9999.0 -9999.0 -9999.0 -9999.0 -9999.0 -9999.0 -9999.0 -9999.0 -9999.0 -9999.0 -9999.0 -9999.0 -9999.0 -9999.0 -9999.0 -9999.0
 -9999.0 -9999.0 -9999.0 -9999.0 -9999.0 -9999.0 -9999.0 -9999.0 -9999.0 -9999.0 -9999.0 -9999.0 -9999.0 -9999.0 -9999.0 -9999.0 -9999.0 -9999.0 -9999.0 -9999.0 -9999.0 -9999.0 -9999.0 -9999.0 -9999.0 -9999.0 -9999.0 -9999.0 -9999.0 -9999.0 -9999.0 -9999.0 -9999.0 -9999.0 -9999.0 -9999.0 -9999.0 -9999.0 -9999.0 -9999.0 -9999.0 -9999.0 -9999.0 -9999.0 -9999.0 -9999.0 -9999.0 -9999.0 -9999.0 -9999.0     7.3     2.8    10.4    10.9    14.6    21.5    32.9    47.8    43.5    45.5    56.2    38.1    44.3    41.4    38.0    31.8    30.3    20.0    24.3    25.7    28.2    36.6    50.7    58.4    57.3    54.1    42.9    32.6    24.9    27.3    31.4    36.3    34.5    30.8    25.6    21.3    21.1    15.9    17.8    13.1     9.3     6.8     5.5 -9999.0 -9999.0 -9999.0 -9999.0 -9999.0 -9999.0 -9999.0 -9999.0 -9999.0 -9999.0 -9999.0 -9999.0 -9999.0 -9999.0 -9999.0 -9999.0 -9999.0 -9999.0 -9999.0 -9999.0 -9999.0 -9999.0 -9999.0 -9999.0 -9999.0 -9999.0 -9999.0 -9999.0 -9999.0 -9999.0 -9999.0 -9999.0 -9999.0 -9999.0 -9999.0
 -9999.0 -9999.0 -9999.0 -9999.0 -9999.0 -9999.0 -9999.0 -9999.0 -9999.0 -9999.0 -9999.0 -9999.0 -9999.0 -9999.0 -9999.0 -9999.0 -9999.0 -9999.0 -9999.0 -9999.0 -9999.0 -9999.0 -9999.0 -9999.0 -9999.0 -9999.0 -9999.0 -9999.0 -9999.0 -9999.0 -9999.0 -9999.0 -9999.0 -9999.0 -9999.0 -9999.0 -9999.0 -9999.0 -9999.0 -9999.0 -9999.0 -9999.0 -9999.0 -9999.0 -9999.0 -9999.0 -9999.0 -9999.0 -9999.0 -9999.0 -9999.0 -9999.0 -9999.0    12.2    18.7    37.1    44.1    53.9    67.3    80.8    63.2    44.6    60.4    40.4    40.6    38.4    24.6    41.4    30.8    32.6    31.3    37.7    51.0    55.9    50.2    42.0    37.0    25.2    22.3    25.2    29.8    29.6    27.6    22.6    17.0    14.0    14.0    13.8    11.3     7.9     5.1     3.3 -9999.0 -9999.0 -9999.0 -9999.0 -9999.0 -9999.0 -9999.0 -9999.0 -9999.0 -9999.0 -9999.0 -9999.0 -9999.0 -9999.0 -9999.0 -9999.0 -9999.0 -9999.0 -9999.0 -9999.0 -9999.0 -9999.0 -9999.0 -9999.0 -9999.0 -9999.0 -9999.0 -9999.0 -9999.0 -9999.0 -9999.0 -9999.0 -9999.0 -9999.0 -9999.0 -9999.0
 -9999.0 -9999.0 -9999.0 -9999.0 -9999.0 -9999.0 -9999.0 -9999.0 -9999.0 -9999.0 -9999.0 -9999.0 -9999.0 -9999.0 -9999.0 -9999.0 -9999.0 -9999.0 -9999.0 -9999.0 -9999.0 -9999.0 -9999.0 -9999.0 -9999.0 -9999.0 -9999.0 -9999.0 -9999.0 -9999.0 -9999.0 -9999.0 -9999.0 -9999.0 -9999.0 -9999.0 -9999.0 -9999.0 -9999.0 -9999.0 -9999.0 -9999.0 -9999.0 -9999.0 -9999.0 -9999.0 -9999.0 -9999.0 -9999.0 -9999.0 -9999.0 -9999.0 -9999.0    17.0    24.0    42.0    53.5    60.1    69.6    67.7    74.7    61.4    69.9    66.8    30.2    32.5 -9999.0    47.7    52.1    42.5    39.1    41.9    46.7    45.5    36.7    29.2    26.7    23.4    17.0    29.6    33.1    29.0    22.7    19.6    13.5    10.0     8.8     8.0     6.4     4.3 -9999.0 -9999.0 -9999.0 -9999.0 -9999.0 -9999.0 -9999.0 -9999.0 -9999.0 -9999.0 -9999.0 -9999.0 -9999.0 -9999.0 -9999.0 -9999.0 -9999.0 -9999.0 -9999.0 -9999.0 -9999.0 -9999.0 -9999.0 -9999.0 -9999.0 -9999.0 -9999.0 -9999.0 -9999.0 -9999.0 -9999.0 -9999.0 -9999.0 -9999.0 -9999.0 -9999.0 -9999.0 -9999.0
 -9999.0 -9999.0 -9999.0 -9999.0 -9999.0 -9999.0 -9999.0 -9999.0 -9999.0 -9999.0 -9999.0 -9999.0 -9999.0 -9999.0 -9999.0 -9999.0 -9999.0 -9999.0 -9999.0 -9999.0 -9999.0 -9999.0 -9999.0 -9999.0 -9999.0 -9999.0 -9999.0 -9999.0 -9999.0 -9999.0 -9999.0 -9999.0 -9999.0 -9999.0 -9999.0 -9999.0 -9999.0 -9999.0 -9999.0 -9999.0 -9999.0 -9999.0 -9999.0 -9999.0 -9999.0 -9999.0 -9999.0 -9999.0 -9999.0 -9999.0 -9999.0 -9999.0 -9999.0    22.4    31.7    42.5    43.4    43.0    59.0    70.6    36.9    51.8    45.7 -9999.0 -9999.0 -9999.0 -9999.0 -9999.0    49.7    53.7    53.2    38.3    35.1    31.4    23.6    18.7    17.6    18.7    24.4    34.4    33.6    25.9    21.2    16.3    11.2     7.8 -9999.0 -9999.0 -9999.0 -9999.0 -9999.0 -9999.0 -9999.0 -9999.0 -9999.0 -9999.0 -9999.0 -9999.0 -9999.0 -9999.0 -9999.0 -9999.0 -9999.0 -9999.0 -9999.0 -9999.0 -9999.0 -9999.0 -9999.0 -9999.0 -9999.0 -9999.0 -9999.0 -9999.0 -9999.0 -9999.0 -9999.0 -9999.0 -9999.0 -9999.0 -9999.0 -9999.0 -9999.0 -9999.0 -9999.0 -9999.0 -9999.0 -9999.0
 -9999.0 -9999.0 -9999.0 -9999.0 -9999.0 -9999.0 -9999.0 -9999.0 -9999.0 -9999.0 -9999.0 -9999.0 -9999.0 -9999.0 -9999.0 -9999.0 -9999.0 -9999.0 -9999.0 -9999.0 -9999.0 -9999.0 -9999.0 -9999.0 -9999.0 -9999.0 -9999.0 -9999.0 -9999.0 -9999.0 -9999.0 -9999.0 -9999.0 -9999.0 -9999.0 -9999.0 -9999.0 -9999.0 -9999.0 -9999.0 -9999.0 -9999.0 -9999.0 -9999.0 -9999.0 -9999.0 -9999.0 -9999.0 -9999.0 -9999.0 -9999.0 -9999.0 -9999.0 -9999.0 -9999.0    34.3    49.1    39.1    31.1    38.0    31.5 -9999.0 -9999.0 -9999.0 -9999.0 -9999.0 -9999.0 -9999.0 -9999.0    44.1    39.0    27.8    23.7    18.9    14.2    12.1    12.3    14.9    21.4    29.6    29.8    23.2    17.7    13.4     9.3 -9999.0 -9999.0 -9999.0 -9999.0 -9999.0 -9999.0 -9999.0 -9999.0 -9999.0 -9999.0 -9999.0 -9999.0 -9999.0 -9999.0 -9999.0 -9999.0 -9999.0 -9999.0 -9999.0 -9999.0 -9999.0 -9999.0 -9999.0 -9999.0 -9999.0 -9999.0 -9999.0 -9999.0 -9999.0 -9999.0 -9999.0 -9999.0 -9999.0 -9999.0 -9999.0 -9999.0 -9999.0 -9999.0 -9999.0 -9999.0 -9999.0 -9999.0 -9999.0
 -9999.0 -9999.0 -9999.0 -9999.0 -9999.0 -9999.0 -9999.0 -9999.0 -9999.0 -9999.0 -9999.0 -9999.0 -9999.0 -9999.0 -9999.0 -9999.0 -9999.0 -9999.0 -9999.0 -9999.0 -9999.0 -9999.0 -9999.0 -9999.0 -9999.0 -9999.0 -9999.0 -9999.0 -9999.0 -9999.0 -9999.0 -9999.0 -9999.0 -9999.0 -9999.0 -9999.0 -9999.0 -9999.0 -9999.0 -9999.0 -9999.0 -9999.0 -9999.0 -9999.0 -9999.0 -9999.0 -9999.0 -9999.0 -9999.0 -9999.0 -9999.0 -9999.0 -9999.0 -9999.0 -9999.0 -9999.0    11.1    21.8    25.1    17.0    20.3 -9999.0 -9999.0 -9999.0 -9999.0 -9999.0 -9999.0 -9999.0 -9999.0 -9999.0 -9999.0 -9999.0    16.1    12.8    10.7    10.6    11.9    15.2    20.6 -9999.0 -9999.0 -9999.0 -9999.0 -9999.0 -9999.0 -9999.0 -9999.0 -9999.0 -9999.0 -9999.0 -9999.0 -9999.0 -9999.0 -9999.0 -9999.0 -9999.0 -9999.0 -9999.0 -9999.0 -9999.0 -9999.0 -9999.0 -9999.0 -9999.0 -9999.0 -9999.0 -9999.0 -9999.0 -9999.0 -9999.0 -9999.0 -9999.0 -9999.0 -9999.0 -9999.0 -9999.0 -9999.0 -9999.0 -9999.0 -9999.0 -9999.0 -9999.0 -9999.0 -9999.0 -9999.0 -9999.0 -9999.0 -9999.0
 -9999.0 -9999.0 -9999.0 -9999.0 -9999.0 -9999.0 -9999.0 -9999.0 -9999.0 -9999.0 -9999.0 -9999.0 -9999.0 -9999.0 -9999.0 -9999.0 -9999.0 -9999.0 -9999.0 -9999.0 -9999.0 -9999.0 -9999.0 -9999.0 -9999.0 -9999.0 -9999.0 -9999.0 -9999.0 -9999.0 -9999.0 -9999.0 -9999.0 -9999.0 -9999.0 -9999.0 -9999.0 -9999.0 -9999.0 -9999.0 -9999.0 -9999.0 -9999.0 -9999.0 -9999.0 -9999.0 -9999.0 -9999.0 -9999.0 -9999.0 -9999.0 -9999.0 -9999.0 -9999.0 -9999.0 -9999.0 -9999.0 -9999.0 -9999.0 -9999.0 -9999.0 -9999.0 -9999.0 -9999.0 -9999.0 -9999.0 -9999.0 -9999.0 -9999.0 -9999.0 -9999.0 -9999.0 -9999.0    10.8    11.5    13.4    15.8    18.9    22.5    25.0 -9999.0 -9999.0 -9999.0 -9999.0 -9999.0 -9999.0 -9999.0 -9999.0 -9999.0 -9999.0 -9999.0 -9999.0 -9999.0 -9999.0 -9999.0 -9999.0 -9999.0 -9999.0 -9999.0 -9999.0 -9999.0 -9999.0 -9999.0 -9999.0 -9999.0 -9999.0 -9999.0 -9999.0 -9999.0 -9999.0 -9999.0 -9999.0 -9999.0 -9999.0 -9999.0 -9999.0 -9999.0 -9999.0 -9999.0 -9999.0 -9999.0 -9999.0 -9999.0 -9999.0 -9999.0 -9999.0 -9999.0 -9999.0
 -9999.0 -9999.0 -9999.0 -9999.0 -9999.0 -9999.0 -9999.0 -9999.0 -9999.0 -9999.0 -9999.0 -9999.0 -9999.0 -9999.0 -9999.0 -9999.0 -9999.0 -9999.0 -9999.0 -9999.0 -9999.0 -9999.0 -9999.0 -9999.0 -9999.0 -9999.0 -9999.0 -9999.0 -9999.0 -9999.0 -9999.0 -9999.0 -9999.0 -9999.0 -9999.0 -9999.0 -9999.0 -9999.0 -9999.0 -9999.0 -9999.0 -9999.0 -9999.0 -9999.0 -9999.0 -9999.0 -9999.0 -9999.0 -9999.0 -9999.0 -9999.0 -9999.0 -9999.0 -9999.0 -9999.0 -9999.0 -9999.0 -9999.0 -9999.0 -9999.0 -9999.0 -9999.0 -9999.0 -9999.0 -9999.0 -9999.0 -9999.0 -9999.0 -9999.0 -9999.0 -9999.0 -9999.0     7.8     9.6    13.4    18.3    21.7    24.2    26.0    26.2 -9999.0 -9999.0 -9999.0 -9999.0 -9999.0 -9999.0 -9999.0 -9999.0 -9999.0 -9999.0 -9999.0 -9999.0 -9999.0 -9999.0 -9999.0 -9999.0 -9999.0 -9999.0 -9999.0 -9999.0 -9999.0 -9999.0 -9999.0 -9999.0 -9999.0 -9999.0 -9999.0 -9999.0 -9999.0 -9999.0 -9999.0 -9999.0 -9999.0 -9999.0 -9999.0 -9999.0 -9999.0 -9999.0 -9999.0 -9999.0 -9999.0 -9999.0 -9999.0 -9999.0 -9999.0 -9999.0 -9999.0 -9999.0
 -9999.0 -9999.0 -9999.0 -9999.0 -9999.0 -9999.0 -9999.0 -9999.0 -9999.0 -9999.0 -9999.0 -9999.0 -9999.0 -9999.0 -9999.0 -9999.0 -9999.0 -9999.0 -9999.0 -9999.0 -9999.0 -9999.0 -9999.0 -9999.0 -9999.0 -9999.0 -9999.0 -9999.0 -9999.0 -9999.0 -9999.0 -9999.0 -9999.0 -9999.0 -9999.0 -9999.0 -9999.0 -9999.0 -9999.0 -9999.0 -9999.0 -9999.0 -9999.0 -9999.0 -9999.0 -9999.0 -9999.0 -9999.0 -9999.0 -9999.0 -9999.0 -9999.0 -9999.0 -9999.0 -9999.0 -9999.0 -9999.0 -9999.0 -9999.0 -9999.0 -9999.0 -9999.0 -9999.0 -9999.0 -9999.0 -9999.0 -9999.0 -9999.0 -9999.0 -9999.0 -9999.0 -9999.0     4.4     7.2    13.5    19.9    25.0    28.2    28.6 -9999.0 -9999.0 -9999.0 -9999.0 -9999.0 -9999.0 -9999.0 -9999.0 -9999.0 -9999.0 -9999.0 -9999.0 -9999.0 -9999.0 -9999.0 -9999.0 -9999.0 -9999.0 -9999.0 -9999.0 -9999.0 -9999.0 -9999.0 -9999.0 -9999.0 -9999.0 -9999.0 -9999.0 -9999.0 -9999.0 -9999.0 -9999.0 -9999.0 -9999.0 -9999.0 -9999.0 -9999.0 -9999.0 -9999.0 -9999.0 -9999.0 -9999.0 -9999.0 -9999.0 -9999.0 -9999.0 -9999.0 -9999.0 -9999.0
 -9999.0 -9999.0 -9999.0 -9999.0 -9999.0 -9999.0 -9999.0 -9999.0 -9999.0 -9999.0 -9999.0 -9999.0 -9999.0 -9999.0 -9999.0 -9999.0 -9999.0 -9999.0 -9999.0 -9999.0 -9999.0 -9999.0 -9999.0 -9999.0 -9999.0 -9999.0 -9999.0 -9999.0 -9999.0 -9999.0 -9999.0 -9999.0 -9999.0 -9999.0 -9999.0 -9999.0 -9999.0 -9999.0 -9999.0 -9999.0 -9999.0 -9999.0 -9999.0 -9999.0 -9999.0 -9999.0 -9999.0 -9999.0 -9999.0 -9999.0 -9999.0 -9999.0 -9999.0 -9999.0 -9999.0 -9999.0 -9999.0 -9999.0 -9999.0 -9999.0 -9999.0 -9999.0 -9999.0 -9999.0 -9999.0 -9999.0 -9999.0 -9999.0 -9999.0 -9999.0 -9999.0 -9999.0     1.6     4.2     8.7    14.5    22.9    27.1    27.5 -9999.0 -9999.0 -9999.0 -9999.0 -9999.0 -9999.0 -9999.0 -9999.0 -9999.0 -9999.0 -9999.0 -9999.0 -9999.0 -9999.0 -9999.0 -9999.0 -9999.0 -9999.0 -9999.0 -9999.0 -9999.0 -9999.0 -9999.0 -9999.0 -9999.0 -9999.0 -9999.0 -9999.0 -9999.0 -9999.0 -9999.0 -9999.0 -9999.0 -9999.0 -9999.0 -9999.0 -9999.0 -9999.0 -9999.0 -9999.0 -9999.0 -9999.0 -9999.0 -9999.0 -9999.0 -9999.0 -9999.0 -9999.0 -9999.0
 -9999.0 -9999.0 -9999.0 -9999.0 -9999.0 -9999.0 -9999.0 -9999.0 -9999.0 -9999.0 -9999.0 -9999.0 -9999.0 -9999.0 -9999.0 -9999.0 -9999.0 -9999.0 -9999.0 -9999.0 -9999.0 -9999.0 -9999.0 -9999.0 -9999.0 -9999.0 -9999.0 -9999.0 -9999.0 -9999.0 -9999.0 -9999.0 -9999.0 -9999.0 -9999.0 -9999.0 -9999.0 -9999.0 -9999.0 -9999.0 -9999.0 -9999.0 -9999.0 -9999.0 -9999.0 -9999.0 -9999.0 -9999.0 -9999.0 -9999.0 -9999.0 -9999.0 -9999.0 -9999.0 -9999.0 -9999.0 -9999.0 -9999.0 -9999.0 -9999.0 -9999.0 -9999.0 -9999.0 -9999.0 -9999.0 -9999.0 -9999.0 -9999.0 -9999.0 -9999.0 -9999.0 -9999.0     0.2     1.0     3.6     8.7    15.2    20.1 -9999.0 -9999.0 -9999.0 -9999.0 -9999.0 -9999.0 -9999.0 -9999.0 -9999.0 -9999.0 -9999.0 -9999.0 -9999.0 -9999.0 -9999.0 -9999.0 -9999.0 -9999.0 -9999.0 -9999.0 -9999.0 -9999.0 -9999.0 -9999.0 -9999.0 -9999.0 -9999.0 -9999.0 -9999.0 -9999.0 -9999.0 -9999.0 -9999.0 -9999.0 -9999.0 -9999.0 -9999.0 -9999.0 -9999.0 -9999.0 -9999.0 -9999.0 -9999.0 -9999.0 -9999.0 -9999.0 -9999.0 -9999.0 -9999.0 -9999.0
