NCOLS      128
NROWS       72
XLLCORNER    72.000000000000    
YLLCORNER    18.000000000000    
CELLSIZE    0.50000000000000    
NODATA_VALUE   -9999.000    
 -9999.0 -9999.0 -9999.0 -9999.0 -9999.0 -9999.0 -9999.0 -9999.0 -9999.0 -9999.0 -9999.0 -9999.0 -9999.0 -9999.0 -9999.0 -9999.0 -9999.0 -9999.0 -9999.0 -9999.0 -9999.0 -9999.0 -9999.0 -9999.0 -9999.0 -9999.0 -9999.0 -9999.0 -9999.0 -9999.0 -9999.0 -9999.0 -9999.0 -9999.0 -9999.0 -9999.0 -9999.0 -9999.0 -9999.0 -9999.0 -9999.0 -9999.0 -9999.0 -9999.0 -9999.0 -9999.0 -9999.0 -9999.0 -9999.0 -9999.0 -9999.0 -9999.0 -9999.0 -9999.0 -9999.0 -9999.0 -9999.0 -9999.0 -9999.0 -9999.0 -9999.0 -9999.0 -9999.0 -9999.0 -9999.0 -9999.0 -9999.0 -9999.0 -9999.0 -9999.0 -9999.0 -9999.0 -9999.0 -9999.0 -9999.0 -9999.0 -9999.0 -9999.0 -9999.0 -9999.0 -9999.0 -9999.0 -9999.0 -9999.0 -9999.0 -9999.0 -9999.0 -9999.0 -9999.0 -9999.0 -9999.0 -9999.0 -9999.0 -9999.0 -9999.0 -9999.0 -9999.0    51.4    54.3    60.2    49.8    56.8    51.9    46.9    29.4 -9999.0 -9999.0 -9999.0 -9999.0 -9999.0 -9999.0 -9999.0 -9999.0 -9999.0 -9999.0 -9999.0 -9999.0 -9999.0 -9999.0 -9999.0 -9999.0 -9999.0 -9999.0 -9999.0 -9999.0 -9999.0 -9999.0 -9999.0
 -9999.0 -9999.0 -9999.0 -9999.0 -9999.0 -9999.0 -9999.0 -9999.0 -9999.0 -9999.0 -9999.0 -9999.0 -9999.0 -9999.0 -9999.0 -9999.0 -9999.0 -9999.0 -9999.0 -9999.0 -9999.0 -9999.0 -9999.0 -9999.0 -9999.0 -9999.0 -9999.0 -9999.0 -9999.0 -9999.0 -9999.0 -9999.0 -9999.0 -9999.0 -9999.0 -9999.0 -9999.0 -9999.0 -9999.0 -9999.0 -9999.0 -9999.0 -9999.0 -9999.0 -9999.0 -9999.0 -9999.0 -9999.0 -9999.0 -9999.0 -9999.0 -9999.0 -9999.0 -9999.0 -9999.0 -9999.0 -9999.0 -9999.0 -9999.0 -9999.0 -9999.0 -9999.0 -9999.0 -9999.0 -9999.0 -9999.0 -9999.0 -9999.0 -9999.0 -9999.0 -9999.0 -9999.0 -9999.0 -9999.0 -9999.0 -9999.0 -9999.0 -9999.0 -9999.0 -9999.0 -9999.0 -9999.0 -9999.0 -9999.0 -9999.0 -9999.0 -9999.0 -9999.0 -9999.0 -9999.0 -9999.0 -9999.0 -9999.0 -9999.0 -9999.0 -9999.0    73.9    68.6    44.5    52.9    37.7    39.8    48.9    54.6    49.7    54.4    43.6    24.5    12.4 -9999.0 -9999.0 -9999.0 -9999.0 -9999.0 -9999.0 -9999.0 -9999.0 -9999.0 -9999.0 -9999.0 -9999.0 -9999.0 -9999.0 -9999.0 -9999.0 -9999.0 -9999.0 -9999.0
 -9999.0 -9999.0 -9999.0 -9999.0 -9999.0 -9999.0 -9999.0 -9999.0 -9999.0 -9999.0 -9999.0 -9999.0 -9999.0 -9999.0 -9999.0 -9999.0 -9999.0 -9999.0 -9999.0 -9999.0 -9999.0 -9999.0 -9999.0 -9999.0 -9999.0 -9999.0 -9999.0 -9999.0 -9999.0 -9999.0 -9999.0 -9999.0 -9999.0 -9999.0 -9999.0 -9999.0 -9999.0 -9999.0 -9999.0 -9999.0 -9999.0 -9999.0 -9999.0 -9999.0 -9999.0 -9999.0 -9999.0 -9999.0 -9999.0 -9999.0 -9999.0 -9999.0 -9999.0 -9999.0 -9999.0 -9999.0 -9999.0 -9999.0 -9999.0 -9999.0 -9999.0 -9999.0 -9999.0 -9999.0 -9999.0 -9999.0 -9999.0 -9999.0 -9999.0 -9999.0 -9999.0 -9999.0 -9999.0 -9999.0 -9999.0 -9999.0 -9999.0 -9999.0 -9999.0 -9999.0 -9999.0 -9999.0 -9999.0 -9999.0 -9999.0 -9999.0 -9999.0 -9999.0 -9999.0 -9999.0 -9999.0 -9999.0 -9999.0 -9999.0 -9999.0    68.3    71.0    64.0    45.3    55.5    47.5    41.3    42.7    45.7    52.7    32.9    44.6    27.2    17.5 -9999.0 -9999.0 -9999.0 -9999.0 -9999.0 -9999.0 -9999.0 -9999.0 -9999.0 -9999.0 -9999.0 -9999.0 -9999.0 -9999.0 -9999.0 -9999.0 -9999.0 -9999.0 -9999.0
 -9999.0 -9999.0 -9999.0 -9999.0 -9999.0 -9999.0 -9999.0 -9999.0 -9999.0 -9999.0 -9999.0 -9999.0 -9999.0 -9999.0 -9999.0 -9999.0 -9999.0 -9999.0 -9999.0 -9999.0 -9999.0 -9999.0 -9999.0 -9999.0 -9999.0 -9999.0 -9999.0 -9999.0 -9999.0 -9999.0 -9999.0 -9999.0 -9999.0 -9999.0 -9999.0 -9999.0 -9999.0 -9999.0 -9999.0 -9999.0 -9999.0 -9999.0 -9999.0 -9999.0 -9999.0 -9999.0 -9999.0 -9999.0 -9999.0 -9999.0 -9999.0 -9999.0 -9999.0 -9999.0 -9999.0 -9999.0 -9999.0 -9999.0 -9999.0 -9999.0 -9999.0 -9999.0 -9999.0 -9999.0 -9999.0 -9999.0 -9999.0 -9999.0 -9999.0 -9999.0 -9999.0 -9999.0 -9999.0 -9999.0 -9999.0 -9999.0 -9999.0 -9999.0 -9999.0 -9999.0 -9999.0 -9999.0 -9999.0 -9999.0 -9999.0 -9999.0 -9999.0 -9999.0 -9999.0 -9999.0 -9999.0 -9999.0 -9999.0 -9999.0 -9999.0    91.9    62.8    98.3    67.9    47.3    31.7    23.7    41.2    46.0    49.4    49.6    49.8    31.5    23.0    13.9 -9999.0 -9999.0 -9999.0 -9999.0 -9999.0 -9999.0 -9999.0 -9999.0 -9999.0 -9999.0 -9999.0 -9999.0 -9999.0 -9999.0 -9999.0 -9999.0 -9999.0 -9999.0
 -9999.0 -9999.0 -9999.0 -9999.0 -9999.0 -9999.0 -9999.0 -9999.0 -9999.0 -9999.0 -9999.0 -9999.0 -9999.0 -9999.0 -9999.0 -9999.0 -9999.0 -9999.0 -9999.0 -9999.0 -9999.0 -9999.0 -9999.0 -9999.0 -9999.0 -9999.0 -9999.0 -9999.0 -9999.0 -9999.0 -9999.0 -9999.0 -9999.0 -9999.0 -9999.0 -9999.0 -9999.0 -9999.0 -9999.0 -9999.0 -9999.0 -9999.0 -9999.0 -9999.0 -9999.0 -9999.0 -9999.0 -9999.0 -9999.0 -9999.0 -9999.0 -9999.0 -9999.0 -9999.0 -9999.0 -9999.0 -9999.0 -9999.0 -9999.0 -9999.0 -9999.0 -9999.0 -9999.0 -9999.0 -9999.0 -9999.0 -9999.0 -9999.0 -9999.0 -9999.0 -9999.0 -9999.0 -9999.0 -9999.0 -9999.0 -9999.0 -9999.0 -9999.0 -9999.0 -9999.0 -9999.0 -9999.0 -9999.0 -9999.0 -9999.0 -9999.0 -9999.0 -9999.0 -9999.0 -9999.0 -9999.0 -9999.0 -9999.0 -9999.0 -9999.0    94.2   107.6    58.7    47.7    49.2    49.9    25.0    31.3    40.5    47.3    39.3    48.6    34.7    23.9    21.1    12.5 -9999.0 -9999.0 -9999.0 -9999.0 -9999.0 -9999.0 -9999.0 -9999.0 -9999.0 -9999.0 -9999.0 -9999.0 -9999.0 -9999.0 -9999.0 -9999.0 -9999.0
 -9999.0 -9999.0 -9999.0 -9999.0 -9999.0 -9999.0 -9999.0 -9999.0 -9999.0 -9999.0 -9999.0 -9999.0 -9999.0 -9999.0 -9999.0 -9999.0 -9999.0 -9999.0 -9999.0 -9999.0 -9999.0 -9999.0 -9999.0 -9999.0 -9999.0 -9999.0 -9999.0 -9999.0 -9999.0 -9999.0 -9999.0 -9999.0 -9999.0 -9999.0 -9999.0 -9999.0 -9999.0 -9999.0 -9999.0 -9999.0 -9999.0 -9999.0 -9999.0 -9999.0 -9999.0 -9999.0 -9999.0 -9999.0 -9999.0 -9999.0 -9999.0 -9999.0 -9999.0 -9999.0 -9999.0 -9999.0 -9999.0 -9999.0 -9999.0 -9999.0 -9999.0 -9999.0 -9999.0 -9999.0 -9999.0 -9999.0 -9999.0 -9999.0 -9999.0 -9999.0 -9999.0 -9999.0 -9999.0 -9999.0 -9999.0 -9999.0 -9999.0 -9999.0 -9999.0 -9999.0 -9999.0 -9999.0 -9999.0 -9999.0 -9999.0 -9999.0 -9999.0 -9999.0 -9999.0 -9999.0 -9999.0 -9999.0 -9999.0 -9999.0   120.4   115.5    90.4    79.5    65.5    46.6    34.5    63.3    48.1    54.3    62.2    54.9    49.2    37.9    28.7    32.1    23.7 -9999.0 -9999.0 -9999.0 -9999.0 -9999.0 -9999.0 -9999.0 -9999.0 -9999.0 -9999.0 -9999.0 -9999.0 -9999.0 -9999.0 -9999.0 -9999.0 -9999.0
 -9999.0 -9999.0 -9999.0 -9999.0 -9999.0 -9999.0 -9999.0 -9999.0 -9999.0 -9999.0 -9999.0 -9999.0 -9999.0 -9999.0 -9999.0 -9999.0 -9999.0 -9999.0 -9999.0 -9999.0 -9999.0 -9999.0 -9999.0 -9999.0 -9999.0 -9999.0 -9999.0 -9999.0 -9999.0 -9999.0 -9999.0 -9999.0 -9999.0 -9999.0 -9999.0 -9999.0 -9999.0 -9999.0 -9999.0 -9999.0 -9999.0 -9999.0 -9999.0 -9999.0 -9999.0 -9999.0 -9999.0 -9999.0 -9999.0 -9999.0 -9999.0 -9999.0 -9999.0 -9999.0 -9999.0 -9999.0 -9999.0 -9999.0 -9999.0 -9999.0 -9999.0 -9999.0 -9999.0 -9999.0 -9999.0 -9999.0 -9999.0 -9999.0 -9999.0 -9999.0 -9999.0 -9999.0 -9999.0 -9999.0 -9999.0 -9999.0 -9999.0 -9999.0 -9999.0 -9999.0 -9999.0 -9999.0 -9999.0 -9999.0 -9999.0 -9999.0 -9999.0 -9999.0 -9999.0 -9999.0 -9999.0 -9999.0 -9999.0 -9999.0   119.0    95.7    89.6    78.8    63.6    70.0    60.3    62.1    72.6    83.3    89.3    65.7    52.4    44.3    34.6    35.6    47.4    39.6 -9999.0 -9999.0 -9999.0 -9999.0 -9999.0 -9999.0 -9999.0 -9999.0 -9999.0 -9999.0 -9999.0 -9999.0 -9999.0 -9999.0 -9999.0 -9999.0
 -9999.0 -9999.0 -9999.0 -9999.0 -9999.0 -9999.0 -9999.0 -9999.0 -9999.0 -9999.0 -9999.0 -9999.0 -9999.0 -9999.0 -9999.0 -9999.0 -9999.0 -9999.0 -9999.0 -9999.0 -9999.0 -9999.0 -9999.0 -9999.0 -9999.0 -9999.0 -9999.0 -9999.0 -9999.0 -9999.0 -9999.0 -9999.0 -9999.0 -9999.0 -9999.0 -9999.0 -9999.0 -9999.0 -9999.0 -9999.0 -9999.0 -9999.0 -9999.0 -9999.0 -9999.0 -9999.0 -9999.0 -9999.0 -9999.0 -9999.0 -9999.0 -9999.0 -9999.0 -9999.0 -9999.0 -9999.0 -9999.0 -9999.0 -9999.0 -9999.0 -9999.0 -9999.0 -9999.0 -9999.0 -9999.0 -9999.0 -9999.0 -9999.0 -9999.0 -9999.0 -9999.0 -9999.0 -9999.0 -9999.0 -9999.0 -9999.0 -9999.0 -9999.0 -9999.0 -9999.0 -9999.0 -9999.0 -9999.0 -9999.0 -9999.0 -9999.0 -9999.0 -9999.0 -9999.0   197.0 -9999.0 -9999.0   171.8   136.3   133.2   119.8   104.6    92.2    79.6    74.9   123.1   117.5   117.1   136.5   116.9    84.6    63.3    38.3    39.4    42.4    65.0    59.6 -9999.0 -9999.0 -9999.0 -9999.0 -9999.0 -9999.0 -9999.0 -9999.0 -9999.0 -9999.0 -9999.0 -9999.0 -9999.0 -9999.0 -9999.0 -9999.0
 -9999.0 -9999.0 -9999.0 -9999.0 -9999.0 -9999.0 -9999.0 -9999.0 -9999.0 -9999.0 -9999.0 -9999.0 -9999.0 -9999.0 -9999.0 -9999.0 -9999.0 -9999.0 -9999.0 -9999.0 -9999.0 -9999.0 -9999.0 -9999.0 -9999.0 -9999.0 -9999.0 -9999.0 -9999.0 -9999.0 -9999.0 -9999.0 -9999.0 -9999.0 -9999.0 -9999.0 -9999.0 -9999.0 -9999.0 -9999.0 -9999.0 -9999.0 -9999.0 -9999.0 -9999.0 -9999.0 -9999.0 -9999.0 -9999.0 -9999.0 -9999.0 -9999.0 -9999.0 -9999.0 -9999.0 -9999.0 -9999.0 -9999.0 -9999.0 -9999.0 -9999.0 -9999.0 -9999.0 -9999.0 -9999.0 -9999.0 -9999.0 -9999.0 -9999.0 -9999.0 -9999.0 -9999.0 -9999.0 -9999.0 -9999.0 -9999.0 -9999.0 -9999.0 -9999.0 -9999.0 -9999.0 -9999.0 -9999.0 -9999.0 -9999.0 -9999.0 -9999.0 -9999.0   227.7   224.0   202.7   195.5   179.3   134.7   129.4    97.7    98.9    89.2    95.4   109.1   118.9   150.0   185.7   172.0   136.9    94.9    69.6    57.3    54.4    58.4    68.7    78.5    56.4    36.3    24.5    17.7 -9999.0 -9999.0 -9999.0 -9999.0 -9999.0 -9999.0 -9999.0 -9999.0 -9999.0 -9999.0 -9999.0 -9999.0
 -9999.0 -9999.0 -9999.0 -9999.0 -9999.0 -9999.0 -9999.0 -9999.0 -9999.0 -9999.0 -9999.0 -9999.0 -9999.0 -9999.0 -9999.0 -9999.0 -9999.0 -9999.0 -9999.0 -9999.0 -9999.0 -9999.0 -9999.0 -9999.0 -9999.0 -9999.0 -9999.0 -9999.0 -9999.0    10.8     9.8     8.3     6.7 -9999.0 -9999.0 -9999.0 -9999.0 -9999.0 -9999.0 -9999.0 -9999.0 -9999.0 -9999.0 -9999.0 -9999.0 -9999.0 -9999.0 -9999.0 -9999.0 -9999.0 -9999.0 -9999.0 -9999.0 -9999.0 -9999.0 -9999.0 -9999.0 -9999.0 -9999.0 -9999.0 -9999.0 -9999.0 -9999.0 -9999.0 -9999.0 -9999.0 -9999.0 -9999.0 -9999.0 -9999.0 -9999.0 -9999.0 -9999.0 -9999.0 -9999.0 -9999.0 -9999.0 -9999.0 -9999.0 -9999.0 -9999.0 -9999.0 -9999.0 -9999.0 -9999.0 -9999.0 -9999.0   223.3   222.5   216.2   208.1   206.7   177.3   149.4   126.4   118.5   102.7   109.4    90.0   121.7   183.7   246.6   253.2   261.2   181.4   126.3    98.3    82.0    67.5    71.9    82.5    84.1    62.3    49.4    37.5    36.9    33.7    29.1 -9999.0 -9999.0 -9999.0 -9999.0 -9999.0 -9999.0 -9999.0 -9999.0 -9999.0 -9999.0
 -9999.0 -9999.0 -9999.0 -9999.0 -9999.0 -9999.0 -9999.0 -9999.0 -9999.0 -9999.0 -9999.0 -9999.0 -9999.0 -9999.0 -9999.0 -9999.0 -9999.0 -9999.0 -9999.0 -9999.0 -9999.0 -9999.0 -9999.0 -9999.0 -9999.0 -9999.0 -9999.0    11.5    14.4    13.4    15.1    13.5    11.6     9.3 -9999.0 -9999.0 -9999.0 -9999.0 -9999.0 -9999.0 -9999.0 -9999.0 -9999.0 -9999.0 -9999.0 -9999.0 -9999.0 -9999.0 -9999.0 -9999.0 -9999.0 -9999.0 -9999.0 -9999.0 -9999.0 -9999.0 -9999.0 -9999.0 -9999.0 -9999.0 -9999.0 -9999.0 -9999.0 -9999.0 -9999.0 -9999.0 -9999.0 -9999.0 -9999.0 -9999.0 -9999.0 -9999.0 -9999.0 -9999.0 -9999.0 -9999.0 -9999.0 -9999.0 -9999.0 -9999.0 -9999.0 -9999.0 -9999.0 -9999.0 -9999.0 -9999.0 -9999.0   201.2   203.9   218.8   218.7   205.8   183.7   152.2   133.7   117.8   117.2   104.5   126.4   148.2   232.8   315.6   329.6   313.6   256.5   190.8   144.6   113.0   107.5   102.2    90.6    79.2    60.9    57.0    54.3    52.3    59.7    63.4 -9999.0 -9999.0 -9999.0 -9999.0 -9999.0   109.0   115.7   119.1   122.7 -9999.0
 -9999.0 -9999.0 -9999.0 -9999.0 -9999.0 -9999.0 -9999.0 -9999.0 -9999.0 -9999.0 -9999.0 -9999.0 -9999.0 -9999.0 -9999.0 -9999.0 -9999.0 -9999.0 -9999.0 -9999.0 -9999.0 -9999.0 -9999.0 -9999.0 -9999.0 -9999.0     7.9     6.6    10.2    13.0    15.3    16.2    18.8    15.5    12.6     9.6     6.7 -9999.0 -9999.0 -9999.0 -9999.0 -9999.0 -9999.0 -9999.0 -9999.0 -9999.0 -9999.0 -9999.0 -9999.0 -9999.0 -9999.0 -9999.0 -9999.0 -9999.0 -9999.0 -9999.0 -9999.0 -9999.0 -9999.0 -9999.0 -9999.0 -9999.0 -9999.0 -9999.0 -9999.0 -9999.0 -9999.0 -9999.0 -9999.0 -9999.0 -9999.0 -9999.0 -9999.0 -9999.0 -9999.0 -9999.0 -9999.0 -9999.0 -9999.0 -9999.0 -9999.0 -9999.0 -9999.0 -9999.0 -9999.0 -9999.0   192.7   197.3   205.4   212.9   207.0   201.6   185.7   163.1   146.9   124.3   122.8   118.4   139.6   234.8   321.5   406.5   421.9   366.1   310.0   257.7   215.0   174.8   147.8   122.9   101.9    87.8    76.3    81.1    75.0    92.2   129.2   137.2   114.7 -9999.0 -9999.0   133.7   134.1   135.3   138.7   132.1   141.6 -9999.0
 -9999.0 -9999.0 -9999.0 -9999.0 -9999.0 -9999.0 -9999.0 -9999.0 -9999.0 -9999.0 -9999.0 -9999.0 -9999.0 -9999.0 -9999.0 -9999.0 -9999.0 -9999.0 -9999.0 -9999.0 -9999.0 -9999.0 -9999.0 -9999.0 -9999.0 -9999.0     5.6     7.4     9.0    10.5    11.9    15.3    15.8    21.2    19.3    15.9    11.8     8.2 -9999.0 -9999.0 -9999.0 -9999.0 -9999.0 -9999.0 -9999.0 -9999.0 -9999.0 -9999.0 -9999.0 -9999.0 -9999.0 -9999.0 -9999.0 -9999.0 -9999.0 -9999.0 -9999.0 -9999.0 -9999.0 -9999.0 -9999.0 -9999.0 -9999.0 -9999.0 -9999.0 -9999.0 -9999.0 -9999.0 -9999.0 -9999.0 -9999.0 -9999.0 -9999.0 -9999.0 -9999.0 -9999.0 -9999.0 -9999.0 -9999.0 -9999.0 -9999.0 -9999.0 -9999.0 -9999.0 -9999.0 -9999.0   183.1   192.6   195.3   196.3   198.4   196.2   181.7   169.8   150.1   138.7   120.2   143.6   208.4   280.3   380.9   449.2   429.8   368.8   309.3   288.7   273.1   229.5   182.0   152.3   127.7   103.2    90.4   115.2   137.3   114.6   194.5   215.0   214.7   193.1   174.6   161.6   155.3   154.5   156.4   159.3   160.5 -9999.0
 -9999.0 -9999.0 -9999.0 -9999.0 -9999.0 -9999.0 -9999.0 -9999.0 -9999.0 -9999.0 -9999.0 -9999.0 -9999.0 -9999.0 -9999.0 -9999.0 -9999.0 -9999.0 -9999.0 -9999.0 -9999.0    41.0    44.3    31.6    19.1    17.8    20.8    23.6    19.1    16.2    14.2    17.2    19.2    23.0    25.8    22.5    18.9    13.7    10.1 -9999.0 -9999.0 -9999.0 -9999.0 -9999.0 -9999.0 -9999.0 -9999.0 -9999.0 -9999.0 -9999.0 -9999.0 -9999.0 -9999.0 -9999.0 -9999.0 -9999.0 -9999.0 -9999.0 -9999.0 -9999.0 -9999.0 -9999.0 -9999.0 -9999.0 -9999.0 -9999.0 -9999.0 -9999.0 -9999.0 -9999.0 -9999.0 -9999.0 -9999.0 -9999.0 -9999.0 -9999.0 -9999.0 -9999.0 -9999.0 -9999.0 -9999.0 -9999.0 -9999.0 -9999.0 -9999.0 -9999.0 -9999.0   170.7 -9999.0 -9999.0   185.7 -9999.0 -9999.0   168.6   162.5   149.1   134.0   164.5   229.8   268.8   393.3   409.5   385.6   319.5   277.0   266.6   263.9   232.2   204.2   168.4   147.5   135.9   126.8   129.9   163.3   186.2   239.8   246.3   230.4   208.7   183.0   178.2   172.3   170.3   170.2   168.7 -9999.0 -9999.0
 -9999.0 -9999.0 -9999.0 -9999.0 -9999.0 -9999.0 -9999.0 -9999.0 -9999.0 -9999.0 -9999.0 -9999.0 -9999.0 -9999.0 -9999.0 -9999.0 -9999.0 -9999.0 -9999.0 -9999.0 -9999.0    11.4    16.2    19.8    18.9    43.5    22.6    19.1    21.2    20.7    18.9    24.1    30.5    31.2    31.8    28.7    23.7    21.7    13.9 -9999.0 -9999.0 -9999.0 -9999.0 -9999.0 -9999.0 -9999.0 -9999.0 -9999.0 -9999.0 -9999.0 -9999.0 -9999.0 -9999.0 -9999.0 -9999.0 -9999.0 -9999.0 -9999.0 -9999.0 -9999.0 -9999.0 -9999.0 -9999.0 -9999.0 -9999.0 -9999.0 -9999.0 -9999.0 -9999.0 -9999.0 -9999.0 -9999.0 -9999.0 -9999.0 -9999.0 -9999.0 -9999.0 -9999.0 -9999.0 -9999.0 -9999.0 -9999.0 -9999.0 -9999.0 -9999.0 -9999.0 -9999.0 -9999.0 -9999.0   166.1   168.2   169.5   166.3   173.3   171.7   161.7   173.7   183.8   224.7   302.9   366.5   360.7   325.3   275.3   241.0   230.5   227.6   219.0   207.2   182.9   163.2   150.0   139.5   140.0   152.7   219.0   222.2   207.4   202.2   198.6   193.6   189.8   184.4   179.2   188.4 -9999.0 -9999.0 -9999.0
 -9999.0 -9999.0 -9999.0 -9999.0 -9999.0 -9999.0 -9999.0 -9999.0 -9999.0 -9999.0 -9999.0 -9999.0 -9999.0 -9999.0 -9999.0 -9999.0 -9999.0 -9999.0 -9999.0 -9999.0    10.4    19.9    16.3    22.9    23.3    12.0     7.5    11.0    11.3    16.3    25.4    29.7    39.5    44.3    42.4    36.2    32.7    23.6    17.6 -9999.0 -9999.0 -9999.0 -9999.0 -9999.0 -9999.0 -9999.0 -9999.0 -9999.0 -9999.0 -9999.0 -9999.0 -9999.0 -9999.0 -9999.0 -9999.0 -9999.0 -9999.0 -9999.0 -9999.0 -9999.0 -9999.0 -9999.0 -9999.0 -9999.0 -9999.0 -9999.0 -9999.0 -9999.0 -9999.0 -9999.0 -9999.0 -9999.0 -9999.0 -9999.0 -9999.0 -9999.0 -9999.0 -9999.0 -9999.0 -9999.0 -9999.0 -9999.0 -9999.0 -9999.0 -9999.0 -9999.0 -9999.0 -9999.0   145.0   147.5   151.8   159.7   165.2   175.9   185.3   187.4   192.9   184.4   208.2   260.1   294.4   302.0   278.3   240.9   208.7   192.3   189.9   197.1   206.3   204.3   185.7   164.6   144.8   155.4   174.2   173.9   164.4   150.9   155.4   178.8   200.0   205.5   208.4   209.2   210.2 -9999.0 -9999.0 -9999.0
 -9999.0 -9999.0 -9999.0 -9999.0 -9999.0 -9999.0 -9999.0 -9999.0 -9999.0 -9999.0 -9999.0 -9999.0 -9999.0 -9999.0 -9999.0 -9999.0 -9999.0 -9999.0    40.7    28.8    19.4   110.0    74.2    71.4    40.6    21.4     5.1     5.8     8.7    17.2    26.1    39.0    51.6    56.4    55.8    51.1    41.6    29.5    20.8 -9999.0 -9999.0 -9999.0 -9999.0 -9999.0 -9999.0 -9999.0 -9999.0 -9999.0 -9999.0 -9999.0 -9999.0 -9999.0 -9999.0 -9999.0 -9999.0 -9999.0 -9999.0 -9999.0 -9999.0 -9999.0 -9999.0 -9999.0 -9999.0 -9999.0 -9999.0 -9999.0 -9999.0 -9999.0 -9999.0 -9999.0 -9999.0 -9999.0 -9999.0 -9999.0 -9999.0 -9999.0 -9999.0 -9999.0 -9999.0 -9999.0 -9999.0 -9999.0 -9999.0 -9999.0   109.9   119.5   125.1   128.7   130.7   130.3   136.1   146.2   163.2   180.5   199.6   206.7   214.8   202.7   203.7   218.6   236.4   244.5   235.5   209.3   179.0   159.4   160.7   177.3   205.0   217.3   195.8   164.9   144.1   148.0   137.8   130.0   110.1   121.0   146.1   193.3   222.5   236.3   239.7   239.8 -9999.0 -9999.0 -9999.0 -9999.0
 -9999.0 -9999.0 -9999.0 -9999.0 -9999.0 -9999.0 -9999.0 -9999.0 -9999.0 -9999.0 -9999.0 -9999.0 -9999.0 -9999.0 -9999.0    12.2    46.5    91.2   108.0    78.6    94.8    33.7    87.9    34.7    14.8     6.5     6.2     7.9    10.9    19.1    30.8    44.1    59.2    66.6    76.5    70.9    55.2    65.1    40.0    26.0    23.3    19.9    15.8    12.7 -9999.0 -9999.0 -9999.0 -9999.0 -9999.0 -9999.0 -9999.0 -9999.0 -9999.0 -9999.0 -9999.0 -9999.0 -9999.0 -9999.0 -9999.0 -9999.0 -9999.0 -9999.0 -9999.0 -9999.0 -9999.0 -9999.0 -9999.0 -9999.0 -9999.0 -9999.0 -9999.0 -9999.0 -9999.0 -9999.0 -9999.0 -9999.0 -9999.0 -9999.0 -9999.0    49.9    56.4    65.5    76.9    90.0   102.8   112.3   116.6   115.9   114.2   114.9   121.1   133.6   153.8   178.6   204.9   214.3   225.3   208.9   192.3   187.2   189.6   190.4   186.7   177.9   158.9   138.7   143.0   162.9   187.4   200.1   180.7   162.7   149.5   137.3   114.0   115.6   111.1   117.7   154.9   212.3   254.7   271.9   276.0   275.3 -9999.0 -9999.0 -9999.0 -9999.0
 -9999.0 -9999.0 -9999.0 -9999.0 -9999.0 -9999.0 -9999.0 -9999.0 -9999.0 -9999.0 -9999.0 -9999.0 -9999.0 -9999.0 -9999.0    78.7    80.7   106.7    96.6    78.0    21.5    14.7    12.8    14.5    10.6     8.4     7.5     8.5    12.8    19.9    30.6    43.3    59.8    62.4    63.8    60.4    44.9    45.4    27.5    23.2    17.7    10.1     9.8     9.6     7.4     6.7     9.9 -9999.0 -9999.0 -9999.0 -9999.0 -9999.0 -9999.0 -9999.0 -9999.0 -9999.0 -9999.0 -9999.0 -9999.0 -9999.0 -9999.0 -9999.0 -9999.0 -9999.0 -9999.0 -9999.0 -9999.0 -9999.0 -9999.0 -9999.0 -9999.0 -9999.0 -9999.0 -9999.0 -9999.0 -9999.0 -9999.0 -9999.0    42.9    45.3    50.7    59.9    71.2    83.2    95.7   104.6   106.1   102.0    97.4    96.8   103.1   116.2   137.7   166.0   188.4   215.7   216.4   204.5   183.4   167.9   155.9   147.7   145.4   150.3   147.6   137.7   142.4   157.3   173.9   185.5   178.9   165.0   138.9   128.2   120.9   120.0   121.2   142.1   183.8   238.3   281.1   303.5   312.0 -9999.0 -9999.0 -9999.0 -9999.0 -9999.0
 -9999.0 -9999.0 -9999.0 -9999.0 -9999.0 -9999.0 -9999.0 -9999.0 -9999.0 -9999.0 -9999.0 -9999.0 -9999.0 -9999.0 -9999.0 -9999.0     8.3    16.6    53.2   109.4   129.6    97.7   112.4    85.6    41.3    30.2    21.1    14.3    18.0    24.3    34.2    43.9    57.3    64.3    67.3    66.2    58.6    49.3    39.7    39.0    39.6    25.8    19.1    10.6     7.2     4.9     3.4     2.4 -9999.0 -9999.0 -9999.0 -9999.0 -9999.0 -9999.0 -9999.0 -9999.0 -9999.0 -9999.0 -9999.0 -9999.0 -9999.0 -9999.0 -9999.0 -9999.0 -9999.0 -9999.0 -9999.0 -9999.0 -9999.0 -9999.0 -9999.0 -9999.0 -9999.0 -9999.0 -9999.0 -9999.0 -9999.0 -9999.0    42.1    42.0    46.7    55.0    63.5    74.2    86.4    94.7    96.9    87.8    81.6    82.4    84.7    97.4   120.6   140.1   161.5   178.4   185.0   183.4   173.9   157.7   140.9   127.8   124.7   138.6   151.3   158.5   163.1   170.2   184.6   193.5   186.8   166.4   156.9   143.6   136.4   131.4   140.1   168.9   219.7   264.2 -9999.0 -9999.0 -9999.0 -9999.0 -9999.0 -9999.0 -9999.0 -9999.0
 -9999.0 -9999.0 -9999.0 -9999.0 -9999.0 -9999.0 -9999.0 -9999.0 -9999.0 -9999.0 -9999.0 -9999.0 -9999.0 -9999.0 -9999.0 -9999.0     6.6    17.3    34.3    48.5   100.0    97.2    94.2    84.8    87.7    97.0   100.4    62.9   136.3   102.3    63.7    87.9   184.2   164.7   108.4    91.6    99.6    71.3    55.6    57.1    57.5    38.3    40.1    52.2    12.4     4.3     2.0     1.6 -9999.0 -9999.0 -9999.0 -9999.0 -9999.0 -9999.0 -9999.0 -9999.0 -9999.0 -9999.0 -9999.0 -9999.0 -9999.0 -9999.0 -9999.0 -9999.0 -9999.0 -9999.0 -9999.0 -9999.0 -9999.0 -9999.0 -9999.0 -9999.0 -9999.0 -9999.0 -9999.0 -9999.0 -9999.0    42.6    41.5    41.3    44.4    49.5    57.5    68.6    75.5    82.4    81.0    72.8    65.4    65.5    75.0    80.9    84.6    99.7   117.5   131.1   146.0   157.4   161.5   152.8   140.5   132.6   138.6   160.9   182.3   189.2   192.5   206.5   224.3   227.0   213.1   195.5   177.4   165.1   156.1   151.1   159.5   189.3   240.5 -9999.0 -9999.0 -9999.0 -9999.0 -9999.0 -9999.0 -9999.0 -9999.0 -9999.0
 -9999.0 -9999.0 -9999.0 -9999.0 -9999.0 -9999.0 -9999.0 -9999.0 -9999.0 -9999.0 -9999.0 -9999.0 -9999.0 -9999.0 -9999.0 -9999.0    91.9   109.9   121.6    90.3    78.2    88.1    88.6    71.4    62.6    67.6   118.9   142.7   148.9   156.9   156.8   125.7    89.7    79.8   108.4   116.6    81.7    33.9    27.5    13.3    21.3    28.4    33.3    52.8    40.3    14.9     4.3     1.5     2.1     1.8     1.1 -9999.0 -9999.0 -9999.0 -9999.0 -9999.0 -9999.0 -9999.0 -9999.0 -9999.0 -9999.0 -9999.0 -9999.0 -9999.0 -9999.0 -9999.0 -9999.0 -9999.0 -9999.0 -9999.0 -9999.0 -9999.0 -9999.0 -9999.0 -9999.0 -9999.0    49.7    47.5    47.5    45.0    46.6    49.9    52.9    58.9    64.7    68.0    67.2    61.7    56.4    55.8    63.3    68.1    74.2    73.1    82.4    99.0   118.1   136.1   147.3   148.2   144.7   148.6   171.1   207.9   232.1   228.1   227.0   244.0   258.7   256.4   238.5   209.9   196.1   186.6   179.7   173.4   198.1   216.2   245.1   276.3 -9999.0 -9999.0 -9999.0 -9999.0 -9999.0 -9999.0 -9999.0 -9999.0
 -9999.0 -9999.0 -9999.0 -9999.0 -9999.0 -9999.0 -9999.0 -9999.0 -9999.0 -9999.0 -9999.0 -9999.0 -9999.0 -9999.0 -9999.0    70.7    62.0    79.5   119.5   116.7   105.6    93.5    78.2    58.9    53.8    78.6   104.8   113.6   133.5   178.4   191.6    86.8    17.8     8.5     5.1     4.2    11.5     4.6     1.7     2.2     1.2     3.1     9.0    10.3    13.8    17.1    10.9     5.5     3.4     1.6     1.1     0.9     1.0     2.0     1.6     2.0     2.2     3.1     4.5     7.0     9.9 -9999.0 -9999.0 -9999.0 -9999.0 -9999.0 -9999.0 -9999.0 -9999.0    44.2    45.3    47.8    51.2    51.9    53.0    50.8    54.6    50.9    50.7    53.3    52.8    51.8    51.0    53.1    55.6    58.5    58.2    53.4    49.9    51.2    61.1    72.9    85.9    75.7    72.7    84.9   105.7   125.9   140.4   149.6   151.5   161.6   194.6   242.4   270.4   263.3   253.2   264.5   278.8   260.0   234.6   213.7   205.9   202.3   193.1   188.6   192.1   209.4 -9999.0 -9999.0 -9999.0 -9999.0 -9999.0 -9999.0 -9999.0 -9999.0 -9999.0 -9999.0
 -9999.0 -9999.0 -9999.0 -9999.0 -9999.0 -9999.0 -9999.0 -9999.0 -9999.0 -9999.0 -9999.0 -9999.0 -9999.0 -9999.0   100.7   120.1   120.6   114.6   115.1   106.8    92.4    60.6    47.8    51.2    45.1    66.8    93.2    44.4    34.9    37.4    46.2    73.8    30.8    51.7    29.5    13.5    11.9    10.4    10.6     6.3     3.6     3.8     4.6     5.4     7.4     9.9     9.9    13.3     9.3     5.8     3.7     2.3     2.5     2.1     1.9     3.0     3.1     3.7     4.1     6.3     9.9    14.2    19.5    26.6    35.3    43.4    39.6    37.9    33.2    34.9    41.2    48.3    48.9    49.9    51.3    52.1    56.6    60.3    62.0    64.7    62.7    58.1    57.1    53.3    54.1    53.2    55.7    52.4    50.5    51.1    66.1    85.0    72.4    66.9    66.4    83.4   106.0   137.8   168.2   171.4   165.9   167.2   199.4   247.7   275.5   270.7   263.0   263.9   259.8   229.9   207.2   184.4   198.2   189.3   192.6   189.6   191.1 -9999.0 -9999.0 -9999.0 -9999.0 -9999.0 -9999.0 -9999.0 -9999.0 -9999.0 -9999.0 -9999.0
 -9999.0 -9999.0 -9999.0 -9999.0 -9999.0 -9999.0 -9999.0 -9999.0 -9999.0 -9999.0 -9999.0 -9999.0   117.0   116.9   119.7    90.5   114.8    86.2    69.4    55.9    44.4    30.2    16.3    11.5    10.7    10.4    11.7    14.1    23.4    28.2    31.4    37.2    55.6    34.9    14.1    14.5    16.8    13.4     6.6     7.1     6.1     8.0    10.2    12.1    15.1    24.5    27.8    25.2    23.8    11.9     7.6     4.9     5.3     5.4     4.5     5.1     5.9     6.2     6.3     6.8     9.3    14.2    18.7    24.4    27.7    32.2    34.1    31.5    33.2    35.0    41.6    47.9    45.0    49.9    56.5    62.1    68.5    75.3    78.8    77.7    77.5    67.6    65.3    55.4    51.2    53.0    57.8    60.0    64.3    57.1    63.0    69.2    96.1    92.2    68.7    87.8   119.3   175.0   202.9   193.4   175.6   171.6   207.1   256.7   284.5   282.8   273.8   260.0   234.9   205.6   169.0   178.2   165.8   174.2   277.5 -9999.0 -9999.0 -9999.0 -9999.0 -9999.0 -9999.0 -9999.0 -9999.0 -9999.0 -9999.0 -9999.0 -9999.0 -9999.0
 -9999.0 -9999.0 -9999.0 -9999.0 -9999.0 -9999.0 -9999.0 -9999.0 -9999.0   116.8   123.9   120.4   117.3    86.5    42.1    36.9    36.3    41.5    40.3    34.9    25.7    16.0     9.2     6.4     5.7     6.1     7.5     9.4    12.1    15.2    23.5    61.1    49.2    26.6    24.0    29.6    13.1     4.1     1.6     1.3     3.1     5.9     5.1     8.7    15.1    27.5    35.0    34.6    29.3    28.2    13.8     8.2     6.7     8.9    15.1    10.9     9.9     9.6     8.9    10.4    12.4    16.8    21.9    25.6    26.1    32.4    33.3    29.2    33.8    41.6    23.8    24.4    27.6    29.2    40.3    55.1    71.7    87.7    90.4    93.6    91.6    82.6    62.2    53.6    51.9    52.8    76.4    75.1    78.3    55.2    61.7    69.8    65.7    69.7    77.6    97.9   131.4   178.8   219.5   200.9   173.1   180.6   232.4   296.4   318.3   308.0   285.0   254.8   218.3   184.6   165.0   151.0   135.1 -9999.0 -9999.0 -9999.0 -9999.0 -9999.0 -9999.0 -9999.0 -9999.0 -9999.0 -9999.0 -9999.0 -9999.0 -9999.0 -9999.0 -9999.0
 -9999.0 -9999.0 -9999.0 -9999.0 -9999.0    98.8   116.1   117.7   119.4   120.7   106.0   108.5   104.9    76.7    60.8    45.7    33.8    35.7    33.8    28.5    19.4    11.3     6.4     4.1     3.5     3.9     5.0     6.9     9.9    13.4    16.8    19.2    18.4    16.0    13.7     8.2     3.3     1.5     0.9     1.2     2.1     1.6     3.5    11.1    13.3    17.6    16.7    21.0    21.8    19.3    19.7    14.0    15.9    18.4    21.5    16.8    14.4    12.7    11.5    14.1    18.1    25.1    28.5    31.3    38.2    38.7    32.8    32.5    32.8    15.9    13.8    15.0    17.6    21.9    42.0    45.2    59.3    80.2    80.2    84.8    81.1    68.2    56.2    51.4    50.8    50.6    68.3    74.5    78.8    67.2    65.7    81.9    83.7    92.5   108.5   126.9   147.5   181.2 -9999.0 -9999.0   168.6   196.3   282.5   343.9   350.1   316.1   282.5   245.9   205.1 -9999.0 -9999.0 -9999.0 -9999.0 -9999.0 -9999.0 -9999.0 -9999.0 -9999.0 -9999.0 -9999.0 -9999.0 -9999.0 -9999.0 -9999.0 -9999.0 -9999.0 -9999.0 -9999.0
 -9999.0 -9999.0 -9999.0    74.3    73.0   103.9   108.8   111.8   112.4    66.6    48.4    52.0    72.0    45.3    31.6    32.3    32.3    31.8    29.3    23.4    15.7     8.9     5.1     3.4     3.0     3.0     4.0     5.6    11.5    14.8    19.2    22.8    22.3    18.7    12.9     7.3     3.2     1.3     0.7     0.4     0.5     0.5     0.8     2.0     5.5     8.5    12.9    25.1    24.2    28.9    18.9    11.3    11.4    13.7    16.9    18.9    21.2    19.0    16.3    16.9    19.2    22.7    28.9    37.0    37.7    35.4    41.5    23.5    16.5    12.8    12.3    11.1    13.7    18.0    25.3    38.8    54.7    67.8    76.0    74.1    66.9    70.6    46.3    43.7    65.0    58.8    72.8    78.5    62.1    64.5    87.0   114.7   140.5   155.1   172.0   186.9   193.8 -9999.0 -9999.0 -9999.0   173.8   226.8   292.9   354.1   359.6   325.1   279.4 -9999.0 -9999.0 -9999.0 -9999.0 -9999.0 -9999.0 -9999.0 -9999.0 -9999.0 -9999.0 -9999.0 -9999.0 -9999.0 -9999.0 -9999.0 -9999.0 -9999.0 -9999.0 -9999.0 -9999.0 -9999.0
 -9999.0 -9999.0    52.8    65.0    75.0    69.6    67.6    49.6    22.5    24.7    24.8    25.0    24.8    25.0    27.1    28.2    29.0    27.1    24.1    18.6    12.5     7.6     4.6     3.4     3.0     3.1     4.8     8.2    11.9    19.5    24.1    29.6    29.1    24.4    16.8     9.0     4.0     1.9     1.3     0.9     0.8     1.5     3.9     9.7    17.1    37.8    88.6    94.5    85.1    68.7    72.6    49.6    26.2    18.7    21.7    32.1    22.1    20.6    16.2    16.2    14.6    24.3    20.4    25.7    28.2    29.6    25.5    18.2    16.8    12.8    15.2    12.7    13.1    18.3    30.4    47.5    69.6    78.3    77.3    66.2    59.6    55.4    45.0    49.8    58.5    87.0    79.6    76.0    71.7    82.6   118.6   176.4   226.1   258.3   274.3 -9999.0 -9999.0 -9999.0 -9999.0   207.9   190.9   214.1   275.9   329.6 -9999.0 -9999.0 -9999.0 -9999.0 -9999.0 -9999.0 -9999.0 -9999.0 -9999.0 -9999.0 -9999.0 -9999.0 -9999.0 -9999.0 -9999.0 -9999.0 -9999.0 -9999.0 -9999.0 -9999.0 -9999.0 -9999.0 -9999.0 -9999.0
 -9999.0 -9999.0    48.8    60.4    71.6    76.5    30.5    14.0    15.3    19.4    22.5    22.3    21.9    22.3    23.5    24.6    23.7    21.5    18.5    14.1     9.6     6.3     4.5     3.2     3.0     3.5     5.4     9.3    15.8    24.9    33.2    37.0    37.8    34.4    25.3    21.3    16.6    11.5     5.7     3.3     1.6     5.7    21.4    56.4    40.6    63.5    83.7    87.3   101.6   102.6   103.6   123.3   122.7   113.5    48.7    34.1    21.2    30.9    18.1    21.4    21.7    15.7    18.0    18.5    20.9    21.4    19.4    20.6    24.7    15.8    15.3    14.8    16.7    20.2    29.6    45.9    62.5    78.7    71.3    61.9    51.4    45.3    51.9    61.7    72.0    80.9    87.1    87.3    84.0    94.9   140.6   216.0   274.2   303.0 -9999.0 -9999.0 -9999.0 -9999.0 -9999.0   246.5 -9999.0 -9999.0 -9999.0 -9999.0 -9999.0 -9999.0 -9999.0 -9999.0 -9999.0 -9999.0 -9999.0 -9999.0 -9999.0 -9999.0 -9999.0 -9999.0 -9999.0 -9999.0 -9999.0 -9999.0 -9999.0 -9999.0 -9999.0 -9999.0 -9999.0 -9999.0 -9999.0 -9999.0
 -9999.0 -9999.0    33.9    48.2    56.1    60.9    60.6    67.4    16.4    16.4    20.2    21.5    21.3    21.0    21.8    20.3    19.7    16.2    13.1    10.3     7.4     5.4     4.0     3.2     3.3     4.4     7.0    12.1    19.4    28.8    39.7    49.3    74.5    72.2    59.2    47.8    27.3    17.1    13.0     7.6     2.3     3.0     4.2    13.9    23.2    40.0    56.1    71.1    80.2    90.3   118.1   112.2   121.1   146.1   141.1   123.1    43.2    24.3    30.3    32.5    12.1    11.4    12.5    15.0    18.0    19.6    19.2    28.8    20.8    19.8    19.6    19.1    21.5    25.7    31.0    43.1    58.2    66.9    73.2    69.6    63.6    46.3    57.2    76.9    94.3   104.3   106.7    99.6    85.8    89.4   135.5 -9999.0 -9999.0 -9999.0 -9999.0 -9999.0 -9999.0 -9999.0 -9999.0 -9999.0 -9999.0 -9999.0 -9999.0 -9999.0 -9999.0 -9999.0 -9999.0 -9999.0 -9999.0 -9999.0 -9999.0 -9999.0 -9999.0 -9999.0 -9999.0 -9999.0 -9999.0 -9999.0 -9999.0 -9999.0 -9999.0 -9999.0 -9999.0 -9999.0 -9999.0 -9999.0 -9999.0 -9999.0
 -9999.0 -9999.0 -9999.0    36.3    36.4    48.5    55.6    60.5    60.0    28.8    20.4    21.6    20.9    19.8    17.9    16.4    14.0    11.4     9.4     7.9     5.9     4.7     3.6     3.0     3.5     5.1     8.5    14.7    24.5    41.4    65.3    81.7    78.3    80.5    74.9    50.2    27.5    15.2    10.0     4.0     2.3     2.1     3.3     6.3    12.7    26.2    45.9    59.7    79.2    87.6    96.5   107.4   122.0   151.0   148.6   162.3   139.7   105.7    75.5    36.6    20.4    13.1    16.5    19.6    21.4    20.2    22.0    29.5    22.8    25.2    26.4    26.0    31.8    34.8    36.1    36.0    45.9    51.2    67.3    55.5    60.2    54.6    73.3    75.9    92.5   105.6   111.0    99.3    76.0    74.7   120.6   182.4 -9999.0 -9999.0 -9999.0 -9999.0 -9999.0 -9999.0 -9999.0 -9999.0 -9999.0 -9999.0 -9999.0 -9999.0 -9999.0 -9999.0 -9999.0 -9999.0 -9999.0 -9999.0 -9999.0 -9999.0 -9999.0 -9999.0 -9999.0 -9999.0 -9999.0 -9999.0 -9999.0 -9999.0 -9999.0 -9999.0 -9999.0 -9999.0 -9999.0 -9999.0 -9999.0 -9999.0
 -9999.0 -9999.0 -9999.0 -9999.0 -9999.0    28.8    24.1    32.2    54.8    34.5    24.2    23.7    19.7    17.5    15.6    13.4    10.3     7.9     7.0     6.4     6.7     5.2     3.9     3.7     4.6     7.3    14.0    24.8    52.7    68.5    75.3    81.0    80.3    73.9    75.5    52.1    42.0    30.0    14.8     7.0     4.3     3.4     3.5     5.5     8.9    14.0    21.0    43.7    50.4    75.0    79.4   109.6   115.8   121.5   144.2   160.3   171.7   169.4   139.0   121.7    96.7    28.2    35.5    37.2    40.1    32.4    30.9    28.2    26.6    29.7    33.5    37.1    45.1    53.4    54.3    46.4    42.1    35.8    50.6    64.1    66.6    56.2    80.0    83.6    91.1   102.7   108.7   104.2    92.2    97.9   137.6   179.5   208.9   219.2 -9999.0 -9999.0 -9999.0   196.7 -9999.0 -9999.0 -9999.0 -9999.0 -9999.0 -9999.0 -9999.0 -9999.0 -9999.0 -9999.0 -9999.0 -9999.0 -9999.0 -9999.0 -9999.0 -9999.0 -9999.0 -9999.0 -9999.0 -9999.0 -9999.0 -9999.0 -9999.0 -9999.0 -9999.0 -9999.0 -9999.0 -9999.0 -9999.0 -9999.0
 -9999.0 -9999.0 -9999.0 -9999.0    14.1    25.9    36.4    35.4    41.9    29.7    43.6    41.6    33.2    18.1    13.0    10.6     7.5     5.6     5.4     6.1     6.2     5.7     5.4     7.4    11.5    20.8    32.3    65.7    63.7    71.8    77.4    79.6    79.0    76.7    66.3    56.7    44.9    53.2    41.5    23.6    10.6     6.8     6.7     6.7     7.5     8.4    10.5    16.2    25.2    28.5    39.3    69.1    93.9   121.6   101.3   117.9   122.2   152.2   145.9   159.5   147.0   122.7   107.0    76.7    55.9    66.1    63.6    36.3    53.2    46.8    47.3    56.3    65.7    74.4    76.3    66.6    51.1    42.8    70.3    49.3    55.5    83.2    97.2   117.8   107.8   116.9   129.1   146.0   162.7   189.8   216.4   217.3   219.2   217.0 -9999.0 -9999.0   178.1   190.5   190.5   237.2   210.8 -9999.0 -9999.0 -9999.0 -9999.0 -9999.0 -9999.0 -9999.0 -9999.0 -9999.0 -9999.0 -9999.0 -9999.0 -9999.0 -9999.0 -9999.0 -9999.0 -9999.0 -9999.0 -9999.0 -9999.0 -9999.0 -9999.0 -9999.0 -9999.0 -9999.0 -9999.0 -9999.0
 -9999.0 -9999.0 -9999.0 -9999.0    12.5    13.7    26.7    24.2    42.6    48.2    41.5    57.0    55.4    55.8    28.2    24.1    21.0     9.6     6.0     6.6    10.6    12.5    15.4    29.0    46.4    54.8    54.1    60.0    65.4    71.2    76.1    79.5    80.0    77.9    74.0    65.6    63.0    61.5    45.1    30.0    36.8    16.5    13.8    10.2     8.8     7.7     7.1     7.5     9.7    16.0    24.3    37.4    82.3    78.2    77.5    92.9   100.6   116.6   133.6    84.2   138.2    91.2    90.6   100.4    87.5    66.3    85.0    65.8    63.9    81.6    67.1    70.5    74.3    83.7    93.4    89.5    66.2    69.3    79.3    73.2    91.7    98.9   126.4   133.7   151.0   161.9   190.7   237.5   280.1   319.1   326.7   300.0   257.4   238.0   220.5   206.6   215.9   221.6   209.0 -9999.0 -9999.0 -9999.0 -9999.0 -9999.0 -9999.0 -9999.0 -9999.0 -9999.0 -9999.0 -9999.0 -9999.0 -9999.0 -9999.0 -9999.0 -9999.0 -9999.0 -9999.0 -9999.0 -9999.0 -9999.0 -9999.0 -9999.0 -9999.0 -9999.0 -9999.0 -9999.0 -9999.0 -9999.0
 -9999.0 -9999.0 -9999.0 -9999.0 -9999.0 -9999.0 -9999.0    19.9    30.7    34.0    46.8    51.2    49.3    52.7    52.7    22.0    35.8    20.8    17.2    25.6    37.6    43.9    45.3    45.4    46.9    50.0    55.3    60.5    65.9    71.4    76.1    79.8    81.9    82.1    81.2    75.9    75.4    68.3    70.8    69.0    45.1    67.6    58.8    38.6    21.5    11.0    11.5     9.6    14.1    13.2    17.2    28.1    52.4   114.9   116.7    71.4    63.2    65.9   116.2   101.8   132.9    90.9    84.4    98.8   110.1    89.8    93.8   100.2    92.0    93.4    79.9    78.1    87.7   100.1   115.8   116.5    88.9    88.0   100.3    81.3   113.9   136.6   160.8   189.7   221.3   235.1   279.3   344.8   387.0   417.9   408.6   358.6   310.5   274.0   247.0   246.3   262.2 -9999.0 -9999.0 -9999.0 -9999.0 -9999.0 -9999.0 -9999.0 -9999.0 -9999.0 -9999.0 -9999.0 -9999.0 -9999.0 -9999.0 -9999.0 -9999.0 -9999.0 -9999.0 -9999.0 -9999.0 -9999.0 -9999.0 -9999.0 -9999.0 -9999.0 -9999.0 -9999.0 -9999.0 -9999.0 -9999.0 -9999.0
 -9999.0 -9999.0 -9999.0 -9999.0 -9999.0 -9999.0 -9999.0    23.1    17.7    30.6    38.2    40.2    45.8    51.3    49.2    54.7    47.6    45.6    50.0    43.2    42.2    45.7    44.7    46.3    48.0    51.5    55.6    61.3    66.3    72.0    76.6    80.9    84.2    86.0    86.0    84.7    80.9    80.1    76.2    71.3    70.4    68.1    66.0    71.3    40.4    22.1    21.6    21.1    36.0    35.2    67.4    74.4    60.8    84.6   117.8    75.7    65.2    72.3    96.1   111.3   109.8   111.7   101.9   114.3   110.0    99.4    93.1    93.1   113.4    86.1    90.2    95.2   102.3   110.1   114.3   126.1   121.2   100.9    82.0   110.8   158.4   182.3   206.7   254.0   279.4   290.3   319.1   367.4   405.1   428.9   430.5   390.5   341.1   297.8   272.4   255.8 -9999.0 -9999.0 -9999.0 -9999.0 -9999.0 -9999.0 -9999.0 -9999.0 -9999.0 -9999.0 -9999.0 -9999.0 -9999.0 -9999.0 -9999.0 -9999.0 -9999.0 -9999.0 -9999.0 -9999.0 -9999.0 -9999.0 -9999.0 -9999.0 -9999.0 -9999.0 -9999.0 -9999.0 -9999.0 -9999.0 -9999.0 -9999.0
 -9999.0 -9999.0 -9999.0 -9999.0 -9999.0 -9999.0 -9999.0 -9999.0 -9999.0    23.7    28.5    32.1    41.1    43.6    43.4    42.6    46.3    52.2    47.2    50.2    46.6    44.3    45.0    46.8    49.3    52.6    57.3    62.3    67.9    72.4    79.8    83.8    87.8    90.2    92.8    92.6    90.5    88.2    82.5    80.1    74.6    75.6    69.7    58.3    53.9    44.4    38.4    35.2    38.8    45.3    61.5    67.8    74.2    81.3   112.6    84.6    63.7    66.5    94.2   100.8   109.3   119.9   123.6   121.7   121.5   108.1    93.0    85.4   112.6   101.9   115.7   118.8   121.2   123.0   128.3   108.8   107.7   109.3   117.4   147.5   191.5   217.4   212.7   255.7   283.1   287.2   282.8   307.0   347.6   372.7   390.7   389.3   364.0   325.8   277.6 -9999.0 -9999.0 -9999.0 -9999.0 -9999.0 -9999.0 -9999.0 -9999.0 -9999.0 -9999.0 -9999.0 -9999.0 -9999.0 -9999.0 -9999.0 -9999.0 -9999.0 -9999.0 -9999.0 -9999.0 -9999.0 -9999.0 -9999.0 -9999.0 -9999.0 -9999.0 -9999.0 -9999.0 -9999.0 -9999.0 -9999.0 -9999.0 -9999.0
 -9999.0 -9999.0 -9999.0 -9999.0 -9999.0 -9999.0 -9999.0 -9999.0 -9999.0 -9999.0 -9999.0    31.5    27.3    39.9    39.8    43.1    43.2    42.9    42.9    44.6    47.1    45.7    47.3    48.3    52.7    55.2    59.4    64.0    69.2    75.3    80.9    83.9    91.4    95.7   100.3   101.4   102.3    99.6   101.0    87.8    85.4    77.9    71.6    63.9    67.4    50.9    57.7    47.5    53.3    57.0    58.2    68.8    80.0    97.2   117.5   110.1    93.5    99.9   100.5   110.6   127.2   129.5   131.3   136.6   131.8   123.7    94.1    96.6   116.1   135.4   152.8   161.6   152.2   137.7   103.8   110.7   118.9   159.4   168.2   194.0   184.8   173.6   196.1   214.2   239.8   249.8   246.3   257.4   287.6   318.0   346.5   383.3   401.2   360.2   297.1 -9999.0 -9999.0 -9999.0 -9999.0 -9999.0 -9999.0 -9999.0 -9999.0 -9999.0 -9999.0 -9999.0 -9999.0 -9999.0 -9999.0 -9999.0 -9999.0 -9999.0 -9999.0 -9999.0 -9999.0 -9999.0 -9999.0 -9999.0 -9999.0 -9999.0 -9999.0 -9999.0 -9999.0 -9999.0 -9999.0 -9999.0 -9999.0 -9999.0
 -9999.0 -9999.0 -9999.0 -9999.0 -9999.0 -9999.0 -9999.0 -9999.0 -9999.0 -9999.0 -9999.0 -9999.0    23.4    27.0    37.1    36.5    44.8    42.3    43.4    48.1    43.1    45.7    47.8    49.6    55.4    57.3    62.1    66.2    71.7    74.3    82.1    88.3    93.9    97.2   103.6   110.7   112.8   113.8   107.1    95.6    84.8    79.3    76.5    76.4    71.4    68.6    68.9    59.0    63.9    70.4    86.2    91.9    91.6    93.4   107.0   118.2   121.6   130.5   110.5   138.7   149.0   154.1   150.9   147.1   155.9   141.9   137.0   138.8   153.1   173.5   198.8   176.7   149.6   138.0   171.5   211.5   244.8   253.7   231.9   277.1   232.4   187.1   184.7   186.0   206.1   221.5   221.1   226.5   247.6   276.5   321.7   387.9   418.1   371.7   303.5   243.6   203.3 -9999.0 -9999.0 -9999.0 -9999.0 -9999.0 -9999.0 -9999.0 -9999.0 -9999.0 -9999.0 -9999.0 -9999.0 -9999.0 -9999.0 -9999.0 -9999.0 -9999.0 -9999.0 -9999.0 -9999.0 -9999.0 -9999.0 -9999.0 -9999.0 -9999.0 -9999.0 -9999.0 -9999.0 -9999.0 -9999.0 -9999.0
 -9999.0 -9999.0 -9999.0 -9999.0 -9999.0 -9999.0 -9999.0 -9999.0 -9999.0 -9999.0 -9999.0 -9999.0    27.0    20.4    22.0    34.2    30.8    36.2    43.2    43.6    44.8    47.7    49.3    51.1    54.7    59.9    65.3    72.3    76.4    83.6    84.9    85.9    94.0   101.5   108.0   119.2   123.0   127.7   125.5   114.4    99.9    91.0    91.6    85.4    88.4    92.0    85.7    84.4    82.6    94.7    98.4   105.1    99.3   108.2   101.2   118.8   118.3   129.4   129.5   147.7   163.1   168.4   161.8   152.8   161.0   160.8   158.8   178.0   199.1   220.8   237.0   240.2   247.2   279.9   290.0   304.9   306.7   307.7   307.6   291.2   316.8   206.0   214.8   221.1   229.9   227.8   214.2   204.8   207.8   225.6   264.8   322.2   353.5   331.5   279.9   224.8   178.8 -9999.0 -9999.0 -9999.0 -9999.0 -9999.0 -9999.0 -9999.0 -9999.0 -9999.0 -9999.0 -9999.0 -9999.0 -9999.0 -9999.0 -9999.0 -9999.0 -9999.0 -9999.0 -9999.0 -9999.0 -9999.0 -9999.0 -9999.0 -9999.0 -9999.0 -9999.0 -9999.0 -9999.0 -9999.0 -9999.0 -9999.0
 -9999.0 -9999.0 -9999.0 -9999.0 -9999.0 -9999.0 -9999.0 -9999.0 -9999.0 -9999.0 -9999.0 -9999.0 -9999.0    20.6    29.8    22.6    32.3    32.3    34.8    38.2    42.7    43.9    49.5    51.6    57.1    62.1    67.1    70.6    77.5    82.9    90.7    95.5    92.1    97.7   115.0   125.4   137.0   143.5   135.7   134.1   121.6   111.9   105.6   107.8   107.0   109.8   117.5   125.2   131.4   134.5   134.4   124.0   115.3   142.2   130.6   124.9   121.2   135.0   154.6   155.4   161.1   162.0   158.2   148.4   132.1   158.8   186.5   229.4   252.1   262.4   235.6   272.6   322.0   330.0   327.8   332.8   325.5   294.9   219.2   192.6   290.1   274.8   316.3   331.2   313.8   265.2   217.3   188.5   182.3   186.7   207.9   238.0   257.4   252.4   229.3   192.8   150.6 -9999.0 -9999.0 -9999.0 -9999.0 -9999.0 -9999.0 -9999.0 -9999.0 -9999.0 -9999.0 -9999.0 -9999.0 -9999.0 -9999.0 -9999.0 -9999.0 -9999.0 -9999.0 -9999.0 -9999.0 -9999.0 -9999.0 -9999.0 -9999.0 -9999.0 -9999.0 -9999.0 -9999.0 -9999.0 -9999.0 -9999.0
 -9999.0 -9999.0 -9999.0 -9999.0 -9999.0 -9999.0 -9999.0 -9999.0 -9999.0 -9999.0 -9999.0 -9999.0    12.7    22.0    24.4    22.5    33.4    33.3    36.2    34.4    38.3    42.6    48.0    52.7    58.9    65.0    72.1    80.5    86.8    89.6    94.3   102.7    91.1   102.1   107.6   125.5   132.8   159.8   164.0   152.7   136.2   129.1   127.1   122.1   128.1   137.5   147.8   156.4   166.5   172.9   176.9   175.9   148.4   147.3   127.3   122.1   138.2   120.4   146.7   152.6   156.1   157.8   150.1   152.6   139.5   156.9   270.0   287.0   288.9   293.5   316.9   338.4   319.0   236.5   225.7   228.2   202.3   190.1   184.5   181.4   224.1   310.6   400.2   429.4   382.3   290.5   219.1   188.4   189.3   184.7   180.7   181.7   190.2   175.0   161.2   142.6   116.3    99.1 -9999.0 -9999.0 -9999.0 -9999.0 -9999.0 -9999.0 -9999.0 -9999.0 -9999.0 -9999.0 -9999.0 -9999.0 -9999.0 -9999.0 -9999.0 -9999.0 -9999.0 -9999.0 -9999.0 -9999.0 -9999.0 -9999.0 -9999.0 -9999.0 -9999.0 -9999.0 -9999.0 -9999.0 -9999.0 -9999.0
 -9999.0 -9999.0 -9999.0 -9999.0 -9999.0 -9999.0 -9999.0 -9999.0 -9999.0 -9999.0 -9999.0 -9999.0    12.1     7.8    13.9    28.6    30.5    25.8    29.4    36.6    36.0    43.0    47.5    53.0    60.1    69.7    79.9    90.1    97.9   106.9   111.1   107.8    94.7   110.3   114.9   120.4   145.0   159.3   169.4   168.8   153.7   145.9   140.4   139.8   145.9   157.3   172.1   187.5   201.7   206.3   205.8   203.3   174.5   147.4   131.8   112.3   129.6   147.1   149.8   172.3   179.3   183.0   143.5   122.7   129.3   251.4   253.0   346.2   299.0   272.4   287.9   308.8   307.1   332.6   333.4   263.7   190.5   224.9   226.3   215.1   257.8   331.2   423.0   440.3   356.6   258.4   197.6   191.6   201.5   187.4   160.1   143.0   140.5   120.9   107.4    93.7    80.9    72.6    76.8 -9999.0 -9999.0 -9999.0 -9999.0 -9999.0 -9999.0 -9999.0 -9999.0 -9999.0 -9999.0 -9999.0 -9999.0 -9999.0 -9999.0 -9999.0 -9999.0 -9999.0 -9999.0 -9999.0 -9999.0 -9999.0 -9999.0 -9999.0 -9999.0 -9999.0 -9999.0 -9999.0 -9999.0 -9999.0
 -9999.0 -9999.0 -9999.0 -9999.0 -9999.0 -9999.0 -9999.0 -9999.0 -9999.0 -9999.0 -9999.0 -9999.0     1.6    10.2     7.4    13.5    17.3    29.3    28.8    32.8    40.3    44.2    45.8    53.0    60.5    69.4    81.1    87.2   108.6   117.4   122.4   103.1   116.8   121.8   118.8   116.7   131.6   148.5   166.7   157.8   162.3   174.2   150.6   172.1   161.6   167.1   180.5   197.6   216.1   230.6   233.8   219.4   242.6   240.9   198.3   126.6   148.2   170.0   186.2   176.0   180.5   178.3   214.9   126.6   148.9   440.0   445.6   366.6   271.4   212.2   225.6   314.3   334.9   355.8   346.8   336.2   327.6   268.2   291.7   296.4   290.3   333.0   344.4   329.8   264.1   189.0   167.8   238.4   169.7   152.8   123.4   101.0    93.2    95.2    94.4    87.2    72.6    60.7    67.1    61.1 -9999.0 -9999.0 -9999.0 -9999.0 -9999.0 -9999.0 -9999.0 -9999.0 -9999.0 -9999.0 -9999.0 -9999.0 -9999.0 -9999.0 -9999.0 -9999.0 -9999.0 -9999.0 -9999.0 -9999.0 -9999.0 -9999.0 -9999.0 -9999.0 -9999.0 -9999.0 -9999.0 -9999.0
 -9999.0 -9999.0 -9999.0 -9999.0 -9999.0 -9999.0 -9999.0 -9999.0 -9999.0 -9999.0 -9999.0 -9999.0 -9999.0    11.5    13.2     9.9    15.2    17.8    26.2    31.1    39.0    38.3    44.8    51.6    58.9    70.8    85.5   103.4   113.1   138.1   123.6   126.1   113.7   121.5   109.0    88.1   100.0   137.4   148.6   167.3   175.3   148.4   150.0   162.0   177.4   172.1   174.2   184.1   203.4   221.0   227.0   245.4   242.6   213.9   249.0   241.4   169.5   181.5   215.6   259.6   238.3   302.9   225.9   105.3   271.2   404.8   431.0   321.2   202.4   189.1   226.3   280.7   348.5   322.3   371.7   368.1   370.3   367.1   361.4   337.7   296.5   278.5   236.7   176.8   123.5   103.5   121.9   223.4   193.2   115.3    74.1    65.6    72.2    86.4   101.1   122.5    93.5    85.1    88.7 -9999.0 -9999.0 -9999.0 -9999.0 -9999.0 -9999.0 -9999.0 -9999.0 -9999.0 -9999.0 -9999.0 -9999.0 -9999.0 -9999.0 -9999.0 -9999.0 -9999.0 -9999.0 -9999.0 -9999.0 -9999.0 -9999.0 -9999.0 -9999.0 -9999.0 -9999.0 -9999.0 -9999.0 -9999.0
 -9999.0 -9999.0 -9999.0 -9999.0 -9999.0 -9999.0 -9999.0 -9999.0 -9999.0 -9999.0 -9999.0 -9999.0 -9999.0     0.4     8.2     6.3    15.6    12.6    17.4    23.4    32.8    36.4    41.7    47.1    54.5    68.8    85.4   109.3   128.6   113.1   125.5   126.8   135.6   119.6    92.7    88.7   111.2   128.0   127.2   110.7   159.1   165.4   170.0   169.0   150.1   158.9   155.3   150.3   160.4   175.3   204.8   200.9   250.9   288.2   312.5   297.9   245.6   244.0   276.0   200.8   276.6   175.4   122.0   189.9   265.5   342.9   350.7   260.0   184.5   191.5   269.8   334.6   363.4   393.0   429.5   460.8   448.9   457.7   383.2   313.3   234.3   174.4   129.8    91.4    63.4    72.8   103.2   114.0   107.9    59.1    50.6    56.8    72.4    87.3   100.6   111.6   107.0   111.9   117.0 -9999.0 -9999.0 -9999.0 -9999.0 -9999.0 -9999.0 -9999.0 -9999.0 -9999.0 -9999.0 -9999.0 -9999.0 -9999.0 -9999.0 -9999.0 -9999.0 -9999.0 -9999.0 -9999.0 -9999.0 -9999.0 -9999.0 -9999.0 -9999.0 -9999.0 -9999.0 -9999.0 -9999.0 -9999.0
 -9999.0 -9999.0 -9999.0 -9999.0 -9999.0 -9999.0 -9999.0 -9999.0 -9999.0 -9999.0 -9999.0 -9999.0 -9999.0 -9999.0 -9999.0     3.6     4.9    10.1    11.8    13.8    23.7    25.3    30.4    38.9    49.9    63.6    77.3   101.2   109.0   151.4   149.8   155.4   114.0   104.7   106.8    76.1    72.6   150.9   138.0   140.1   123.6   132.4   150.8   164.1   192.9   179.6   131.8   115.9   119.3    96.6   137.1   220.0   232.3   283.6   270.3   330.6   334.2   232.0   345.6   353.9   185.2   172.5   242.4   255.5   301.5   330.3   296.8   223.1   197.9   262.0   343.7   370.4   382.4   413.0   476.1   502.0   510.6   454.7   390.5   245.5   161.5   111.5    88.8    77.8    79.1   105.4   130.7   115.5    74.7    51.5    59.6   103.6   101.9   119.2   107.9    86.1    93.9 -9999.0   117.7 -9999.0 -9999.0 -9999.0 -9999.0 -9999.0 -9999.0 -9999.0 -9999.0 -9999.0 -9999.0 -9999.0 -9999.0 -9999.0 -9999.0 -9999.0 -9999.0 -9999.0 -9999.0 -9999.0 -9999.0 -9999.0 -9999.0 -9999.0 -9999.0 -9999.0 -9999.0 -9999.0 -9999.0 -9999.0
 -9999.0 -9999.0 -9999.0 -9999.0 -9999.0 -9999.0 -9999.0 -9999.0 -9999.0 -9999.0 -9999.0 -9999.0 -9999.0 -9999.0 -9999.0 -9999.0 -9999.0     0.0     1.0 -9999.0     6.6    18.3    19.1    26.8    41.3    55.1    72.0    96.3   133.4   141.1   172.4   200.8   117.6   171.5   187.4   115.2    70.1   213.7   134.2   131.0   125.5   112.5   137.8   158.8   312.3   185.5   275.6   105.3    75.3    87.5    82.4   126.1   171.7   271.7   326.8   361.0   334.6   390.2   374.2   372.1   177.6   216.7   280.3   326.3   338.1   326.9   287.0   242.8   245.1   306.4   344.8   376.7   389.8   417.0   474.5   494.4   481.3   407.4   312.6   182.1   124.0    93.1    85.8    92.2   113.7   143.1   154.8   112.8    75.7    65.9    96.7   134.4   102.2    82.9    90.0   116.8    76.8   105.2   160.8   165.4   123.6 -9999.0 -9999.0 -9999.0 -9999.0 -9999.0 -9999.0 -9999.0 -9999.0 -9999.0 -9999.0 -9999.0 -9999.0 -9999.0 -9999.0 -9999.0 -9999.0 -9999.0 -9999.0 -9999.0 -9999.0 -9999.0 -9999.0 -9999.0 -9999.0 -9999.0 -9999.0 -9999.0
 -9999.0 -9999.0 -9999.0 -9999.0 -9999.0 -9999.0 -9999.0 -9999.0 -9999.0 -9999.0 -9999.0 -9999.0 -9999.0 -9999.0 -9999.0 -9999.0 -9999.0 -9999.0 -9999.0 -9999.0 -9999.0     6.8    13.6    25.5    30.5    39.0    61.2    91.6   127.1   176.0   196.9   247.7   226.7   186.5   187.7   120.3   130.5   151.5   191.8   260.6   246.0    98.4   105.5   124.5   315.0   132.1   345.4    92.5    91.3   200.2    76.5   171.5   211.6   194.0   270.9   350.5   380.8   351.7   442.1   353.8   197.1   196.6   262.1   317.8   346.1   320.5   290.6   274.2   278.1   318.8   356.4   371.7   380.3   381.8   382.2   360.8   292.5   197.6   170.6   136.5    99.2    80.9    82.8    95.7   114.5   113.2   110.5    90.0    74.3    78.0   103.4   106.7   131.3   159.5    64.7    74.9   112.1   154.5   196.0   105.9 -9999.0 -9999.0 -9999.0 -9999.0 -9999.0 -9999.0 -9999.0 -9999.0 -9999.0 -9999.0 -9999.0 -9999.0 -9999.0 -9999.0 -9999.0 -9999.0 -9999.0 -9999.0 -9999.0 -9999.0 -9999.0 -9999.0 -9999.0 -9999.0 -9999.0 -9999.0 -9999.0 -9999.0
 -9999.0 -9999.0 -9999.0 -9999.0 -9999.0 -9999.0 -9999.0 -9999.0 -9999.0 -9999.0 -9999.0 -9999.0 -9999.0 -9999.0 -9999.0 -9999.0 -9999.0 -9999.0 -9999.0 -9999.0 -9999.0 -9999.0 -9999.0     2.9    15.0    25.2    43.3    72.2   103.1   154.0   178.9   176.4   116.7   127.0    92.9    87.6    73.3   116.5    82.8    75.4    83.7    77.0   113.5   172.0   300.3   434.5   200.4   119.7   116.3   109.7    66.8   120.7   110.1   164.4   187.8   186.1   321.0   388.8   275.6   346.3   229.0   203.6   194.4   237.3   271.2   286.8   274.2   273.1   283.6   299.6   330.1   347.7   354.7   348.2   259.2   183.0   160.0   116.4    95.2    92.5    73.6    59.9    61.8    72.1    69.4    84.8    65.1    75.0    83.6    94.9   107.9   105.2    68.5    75.1    67.6    93.2   151.8   214.9   104.6 -9999.0 -9999.0 -9999.0 -9999.0 -9999.0 -9999.0 -9999.0 -9999.0 -9999.0 -9999.0 -9999.0 -9999.0 -9999.0 -9999.0 -9999.0 -9999.0 -9999.0 -9999.0 -9999.0 -9999.0 -9999.0 -9999.0 -9999.0 -9999.0 -9999.0 -9999.0 -9999.0 -9999.0 -9999.0
 -9999.0 -9999.0 -9999.0 -9999.0 -9999.0 -9999.0 -9999.0 -9999.0 -9999.0 -9999.0 -9999.0 -9999.0 -9999.0 -9999.0 -9999.0 -9999.0 -9999.0 -9999.0 -9999.0 -9999.0 -9999.0 -9999.0 -9999.0 -9999.0 -9999.0     4.6    20.2    54.7    76.7    85.6   126.3   167.2   164.5   120.0   119.9    69.8    46.4    85.2    59.0    81.8    58.3    87.7   345.4   297.9   424.2   413.8   297.7   315.8    71.5    92.0    92.3    91.9   144.3   169.2   140.6   184.4   276.6   291.0   354.2   325.6   273.1   223.4   306.1   220.1   237.4   253.7   251.2   263.0   263.5   270.1   276.8   298.1   287.7   275.2   208.2    99.6    53.7    59.0   110.0    72.5    57.5    47.2    40.1    42.8    43.8    31.3    46.6    76.1   101.4   112.4   106.2    78.1    48.8   115.7    84.1   185.7   155.5   161.1 -9999.0 -9999.0 -9999.0 -9999.0 -9999.0 -9999.0 -9999.0 -9999.0 -9999.0 -9999.0 -9999.0 -9999.0 -9999.0 -9999.0 -9999.0 -9999.0 -9999.0 -9999.0 -9999.0 -9999.0 -9999.0 -9999.0 -9999.0 -9999.0 -9999.0 -9999.0 -9999.0 -9999.0 -9999.0 -9999.0
 -9999.0 -9999.0 -9999.0 -9999.0 -9999.0 -9999.0 -9999.0 -9999.0 -9999.0 -9999.0 -9999.0 -9999.0 -9999.0 -9999.0 -9999.0 -9999.0 -9999.0 -9999.0 -9999.0 -9999.0 -9999.0 -9999.0 -9999.0 -9999.0 -9999.0 -9999.0 -9999.0    17.5    41.4    82.7   119.3   144.3    90.4   167.0    90.4   269.4   102.0   108.1   199.6   102.2    69.7   156.3   346.4   432.4   409.4   382.8   347.5   302.9   257.3   137.6   152.6   131.2   106.4   122.0   155.1   217.2   259.5   309.8   325.5   306.2   339.1   234.2   190.5   186.7   230.3   254.4   249.1   218.0   203.7   202.1   218.4   245.7   208.8   184.6   113.0    62.8    73.7    62.8    39.5    44.8    51.8    34.0    30.6    40.0    24.7    23.2    45.2    93.5   113.5   120.8   110.3   129.9    56.1    46.4   164.9   215.5   171.2 -9999.0 -9999.0 -9999.0 -9999.0 -9999.0 -9999.0 -9999.0 -9999.0 -9999.0 -9999.0 -9999.0 -9999.0 -9999.0 -9999.0 -9999.0 -9999.0 -9999.0 -9999.0 -9999.0 -9999.0 -9999.0 -9999.0 -9999.0 -9999.0 -9999.0 -9999.0 -9999.0 -9999.0 -9999.0 -9999.0 -9999.0
 -9999.0 -9999.0 -9999.0 -9999.0 -9999.0 -9999.0 -9999.0 -9999.0 -9999.0 -9999.0 -9999.0 -9999.0 -9999.0 -9999.0 -9999.0 -9999.0 -9999.0 -9999.0 -9999.0 -9999.0 -9999.0 -9999.0 -9999.0 -9999.0 -9999.0 -9999.0 -9999.0 -9999.0 -9999.0 -9999.0 -9999.0 -9999.0 -9999.0   176.5    99.5 -9999.0 -9999.0 -9999.0   284.2   153.0   246.1   319.1   278.6   400.4   386.9   353.9 -9999.0 -9999.0 -9999.0 -9999.0 -9999.0 -9999.0   120.0   161.7   178.1   242.8   304.2   382.4   368.0   400.4   332.1   242.6   191.2   182.2   212.8   252.5   266.6   249.1   206.8   170.6   169.8   185.8   158.1   100.5    82.6    55.4    75.0    45.5    39.1    39.0    34.5    26.9    31.2    32.8    34.9    27.7    51.7    92.7   126.5   120.4   126.5   115.2    79.1    69.7   142.8   153.0    98.7 -9999.0 -9999.0 -9999.0 -9999.0 -9999.0 -9999.0 -9999.0 -9999.0 -9999.0 -9999.0 -9999.0 -9999.0 -9999.0 -9999.0 -9999.0 -9999.0 -9999.0 -9999.0 -9999.0 -9999.0 -9999.0 -9999.0 -9999.0 -9999.0 -9999.0 -9999.0 -9999.0 -9999.0 -9999.0 -9999.0 -9999.0
 -9999.0 -9999.0 -9999.0 -9999.0 -9999.0 -9999.0 -9999.0 -9999.0 -9999.0 -9999.0 -9999.0 -9999.0 -9999.0 -9999.0 -9999.0 -9999.0 -9999.0 -9999.0 -9999.0 -9999.0 -9999.0 -9999.0 -9999.0 -9999.0 -9999.0 -9999.0 -9999.0 -9999.0 -9999.0 -9999.0 -9999.0 -9999.0 -9999.0 -9999.0 -9999.0 -9999.0 -9999.0 -9999.0 -9999.0   350.3   365.6   374.4   374.5   364.8 -9999.0 -9999.0 -9999.0 -9999.0 -9999.0 -9999.0 -9999.0 -9999.0   142.7   199.8   208.4   247.1   313.8   376.9   429.8   432.5   365.0   252.8   190.3   163.1   202.0   249.1   272.5   245.5   196.5   182.8   165.9   128.9    85.4    66.8    45.9    53.5    60.2    48.2    54.0    29.2    29.1    23.2    25.7    59.6    38.4    35.2    70.8   110.2   107.2   135.4   153.8   160.9   149.0   159.2   185.6    89.9 -9999.0 -9999.0 -9999.0 -9999.0 -9999.0 -9999.0 -9999.0 -9999.0 -9999.0 -9999.0 -9999.0 -9999.0 -9999.0 -9999.0 -9999.0 -9999.0 -9999.0 -9999.0 -9999.0 -9999.0 -9999.0 -9999.0 -9999.0 -9999.0 -9999.0 -9999.0 -9999.0 -9999.0 -9999.0 -9999.0 -9999.0 -9999.0
 -9999.0 -9999.0 -9999.0 -9999.0 -9999.0 -9999.0 -9999.0 -9999.0 -9999.0 -9999.0 -9999.0 -9999.0 -9999.0 -9999.0 -9999.0 -9999.0 -9999.0 -9999.0 -9999.0 -9999.0 -9999.0 -9999.0 -9999.0 -9999.0 -9999.0 -9999.0 -9999.0 -9999.0 -9999.0 -9999.0 -9999.0 -9999.0 -9999.0 -9999.0 -9999.0 -9999.0 -9999.0 -9999.0 -9999.0 -9999.0 -9999.0 -9999.0 -9999.0 -9999.0 -9999.0 -9999.0 -9999.0 -9999.0 -9999.0 -9999.0 -9999.0 -9999.0   178.0   238.7   220.4   261.8   242.8   282.7   330.2   350.5   310.4   239.5   249.4   154.8   182.8   239.6   260.1   226.1   180.5   157.3   134.9    98.2    89.6    53.2    53.5    63.4    65.2    49.5    34.1    29.3    35.1    37.6    33.8    66.8    62.5    66.5    82.5   101.5   117.7   161.8   219.5   270.0   247.3   250.8   168.4 -9999.0 -9999.0 -9999.0 -9999.0 -9999.0 -9999.0 -9999.0 -9999.0 -9999.0 -9999.0 -9999.0 -9999.0 -9999.0 -9999.0 -9999.0 -9999.0 -9999.0 -9999.0 -9999.0 -9999.0 -9999.0 -9999.0 -9999.0 -9999.0 -9999.0 -9999.0 -9999.0 -9999.0 -9999.0 -9999.0 -9999.0 -9999.0 -9999.0
 -9999.0 -9999.0 -9999.0 -9999.0 -9999.0 -9999.0 -9999.0 -9999.0 -9999.0 -9999.0 -9999.0 -9999.0 -9999.0 -9999.0 -9999.0 -9999.0 -9999.0 -9999.0 -9999.0 -9999.0 -9999.0 -9999.0 -9999.0 -9999.0 -9999.0 -9999.0 -9999.0 -9999.0 -9999.0 -9999.0 -9999.0 -9999.0 -9999.0 -9999.0 -9999.0 -9999.0 -9999.0 -9999.0 -9999.0 -9999.0 -9999.0 -9999.0 -9999.0 -9999.0 -9999.0 -9999.0 -9999.0 -9999.0 -9999.0 -9999.0 -9999.0   193.1   202.1   255.3   176.5   182.6   170.6   214.9   226.9   171.5   274.6   238.0   174.6   171.2   192.5   232.1   216.1   132.2   146.9   129.9   123.3   108.0    81.1    64.1    70.4    82.1    73.0    50.5    52.8    48.7    38.1    43.2   135.2    64.1    59.2    65.5   127.0   116.8   150.8   181.5   279.6   321.3   326.9   215.7   129.8 -9999.0 -9999.0 -9999.0 -9999.0 -9999.0 -9999.0 -9999.0 -9999.0 -9999.0 -9999.0 -9999.0 -9999.0 -9999.0 -9999.0 -9999.0 -9999.0 -9999.0 -9999.0 -9999.0 -9999.0 -9999.0 -9999.0 -9999.0 -9999.0 -9999.0 -9999.0 -9999.0 -9999.0 -9999.0 -9999.0 -9999.0 -9999.0 -9999.0
 -9999.0 -9999.0 -9999.0 -9999.0 -9999.0 -9999.0 -9999.0 -9999.0 -9999.0 -9999.0 -9999.0 -9999.0 -9999.0 -9999.0 -9999.0 -9999.0 -9999.0 -9999.0 -9999.0 -9999.0 -9999.0 -9999.0 -9999.0 -9999.0 -9999.0 -9999.0 -9999.0 -9999.0 -9999.0 -9999.0 -9999.0 -9999.0 -9999.0 -9999.0 -9999.0 -9999.0 -9999.0 -9999.0 -9999.0 -9999.0 -9999.0 -9999.0 -9999.0 -9999.0 -9999.0 -9999.0 -9999.0 -9999.0 -9999.0 -9999.0   210.3   238.5   259.7   271.7   200.9   180.1   121.0   110.0   145.3   199.3   190.8   218.8   174.2   184.4   204.8   205.3   160.9   116.6   130.1   125.2   145.8   142.1   117.3    90.2    85.9    86.4    67.0    69.8    48.1    57.8    69.6    60.5    67.0    60.5    84.9    75.4   111.7   109.3   135.8   181.8   245.4   303.4   249.1   157.2    63.5 -9999.0 -9999.0 -9999.0 -9999.0 -9999.0 -9999.0 -9999.0 -9999.0 -9999.0 -9999.0 -9999.0 -9999.0 -9999.0 -9999.0 -9999.0 -9999.0 -9999.0 -9999.0 -9999.0 -9999.0 -9999.0 -9999.0 -9999.0 -9999.0 -9999.0 -9999.0 -9999.0 -9999.0 -9999.0 -9999.0 -9999.0 -9999.0 -9999.0
 -9999.0 -9999.0 -9999.0 -9999.0 -9999.0 -9999.0 -9999.0 -9999.0 -9999.0 -9999.0 -9999.0 -9999.0 -9999.0 -9999.0 -9999.0 -9999.0 -9999.0 -9999.0 -9999.0 -9999.0 -9999.0 -9999.0 -9999.0 -9999.0 -9999.0 -9999.0 -9999.0 -9999.0 -9999.0 -9999.0 -9999.0 -9999.0 -9999.0 -9999.0 -9999.0 -9999.0 -9999.0 -9999.0 -9999.0 -9999.0 -9999.0 -9999.0 -9999.0 -9999.0 -9999.0 -9999.0 -9999.0 -9999.0 -9999.0 -9999.0   238.0   337.6   271.9   298.8   269.8   187.1   118.3   155.2   157.8   137.5   120.8   133.1   121.4   157.5   178.7   152.7   120.9    93.7   118.0   140.6   176.0   180.8   148.8   110.7    99.9    91.8    71.9    46.2    49.8    77.5    78.4   100.7    87.3    79.1    96.7    90.9    99.5   114.0   125.8   138.2   190.1   148.1   123.2    62.8 -9999.0 -9999.0 -9999.0 -9999.0 -9999.0 -9999.0 -9999.0 -9999.0 -9999.0 -9999.0 -9999.0 -9999.0 -9999.0 -9999.0 -9999.0 -9999.0 -9999.0 -9999.0 -9999.0 -9999.0 -9999.0 -9999.0 -9999.0 -9999.0 -9999.0 -9999.0 -9999.0 -9999.0 -9999.0 -9999.0 -9999.0 -9999.0 -9999.0 -9999.0
 -9999.0 -9999.0 -9999.0 -9999.0 -9999.0 -9999.0 -9999.0 -9999.0 -9999.0 -9999.0 -9999.0 -9999.0 -9999.0 -9999.0 -9999.0 -9999.0 -9999.0 -9999.0 -9999.0 -9999.0 -9999.0 -9999.0 -9999.0 -9999.0 -9999.0 -9999.0 -9999.0 -9999.0 -9999.0 -9999.0 -9999.0 -9999.0 -9999.0 -9999.0 -9999.0 -9999.0 -9999.0 -9999.0 -9999.0 -9999.0 -9999.0 -9999.0 -9999.0 -9999.0 -9999.0 -9999.0 -9999.0 -9999.0 -9999.0 -9999.0   270.5   331.4   314.3   440.8   278.5   213.4   273.1   198.1   203.4   133.5   129.7   122.5   109.1   114.0   134.9   121.1   106.0   101.6   120.0   182.5   200.2   206.9   150.5   129.9   111.6    99.9    84.4    51.6    60.6    69.5   105.8    99.2    93.5    95.6   111.1    97.9    98.5   114.4   132.4   126.0   144.2    87.5 -9999.0 -9999.0 -9999.0 -9999.0 -9999.0 -9999.0 -9999.0 -9999.0 -9999.0 -9999.0 -9999.0 -9999.0 -9999.0 -9999.0 -9999.0 -9999.0 -9999.0 -9999.0 -9999.0 -9999.0 -9999.0 -9999.0 -9999.0 -9999.0 -9999.0 -9999.0 -9999.0 -9999.0 -9999.0 -9999.0 -9999.0 -9999.0 -9999.0 -9999.0 -9999.0 -9999.0
 -9999.0 -9999.0 -9999.0 -9999.0 -9999.0 -9999.0 -9999.0 -9999.0 -9999.0 -9999.0 -9999.0 -9999.0 -9999.0 -9999.0 -9999.0 -9999.0 -9999.0 -9999.0 -9999.0 -9999.0 -9999.0 -9999.0 -9999.0 -9999.0 -9999.0 -9999.0 -9999.0 -9999.0 -9999.0 -9999.0 -9999.0 -9999.0 -9999.0 -9999.0 -9999.0 -9999.0 -9999.0 -9999.0 -9999.0 -9999.0 -9999.0 -9999.0 -9999.0 -9999.0 -9999.0 -9999.0 -9999.0 -9999.0 -9999.0 -9999.0   422.6   508.8   444.7   447.3   386.1   399.5   230.8   274.7   259.7   166.9   177.5   127.1    77.9   101.7   110.0   100.3    98.6   117.0   153.0   133.1   180.7   163.8   140.9   136.1   125.7   113.1    93.0    68.1    81.9    81.6    93.3   109.2   101.9   113.3   117.5   119.0   126.9   127.0   143.3   132.7    82.2 -9999.0 -9999.0 -9999.0 -9999.0 -9999.0 -9999.0 -9999.0 -9999.0 -9999.0 -9999.0 -9999.0 -9999.0 -9999.0 -9999.0 -9999.0 -9999.0 -9999.0 -9999.0 -9999.0 -9999.0 -9999.0 -9999.0 -9999.0 -9999.0 -9999.0 -9999.0 -9999.0 -9999.0 -9999.0 -9999.0 -9999.0 -9999.0 -9999.0 -9999.0 -9999.0 -9999.0 -9999.0
 -9999.0 -9999.0 -9999.0 -9999.0 -9999.0 -9999.0 -9999.0 -9999.0 -9999.0 -9999.0 -9999.0 -9999.0 -9999.0 -9999.0 -9999.0 -9999.0 -9999.0 -9999.0 -9999.0 -9999.0 -9999.0 -9999.0 -9999.0 -9999.0 -9999.0 -9999.0 -9999.0 -9999.0 -9999.0 -9999.0 -9999.0 -9999.0 -9999.0 -9999.0 -9999.0 -9999.0 -9999.0 -9999.0 -9999.0 -9999.0 -9999.0 -9999.0 -9999.0 -9999.0 -9999.0 -9999.0 -9999.0 -9999.0 -9999.0 -9999.0 -9999.0 -9999.0 -9999.0   412.8   342.3   325.4   335.1   347.7   230.7   226.3   374.4   134.1   186.5   128.1   112.0   103.0   109.5   129.4   158.0   165.5   148.3   128.1   121.5   142.6   162.8   136.5   103.9    87.2    89.2    94.9   103.8   107.4   115.6   131.4   160.8   175.0   163.8   167.5   140.1   107.2 -9999.0 -9999.0 -9999.0 -9999.0 -9999.0 -9999.0 -9999.0 -9999.0 -9999.0 -9999.0 -9999.0 -9999.0 -9999.0 -9999.0 -9999.0 -9999.0 -9999.0 -9999.0 -9999.0 -9999.0 -9999.0 -9999.0 -9999.0 -9999.0 -9999.0 -9999.0 -9999.0 -9999.0 -9999.0 -9999.0 -9999.0 -9999.0 -9999.0 -9999.0 -9999.0 -9999.0 -9999.0 -9999.0
 -9999.0 -9999.0 -9999.0 -9999.0 -9999.0 -9999.0 -9999.0 -9999.0 -9999.0 -9999.0 -9999.0 -9999.0 -9999.0 -9999.0 -9999.0 -9999.0 -9999.0 -9999.0 -9999.0 -9999.0 -9999.0 -9999.0 -9999.0 -9999.0 -9999.0 -9999.0 -9999.0 -9999.0 -9999.0 -9999.0 -9999.0 -9999.0 -9999.0 -9999.0 -9999.0 -9999.0 -9999.0 -9999.0 -9999.0 -9999.0 -9999.0 -9999.0 -9999.0 -9999.0 -9999.0 -9999.0 -9999.0 -9999.0 -9999.0 -9999.0 -9999.0 -9999.0 -9999.0   466.6   355.2   667.7   344.0   273.4   326.5   490.6   341.3   208.0   283.4   188.8   165.7   145.5   141.3   152.9   144.6   142.6   132.4   134.4   145.5   184.1   218.1   176.4   124.9   112.6   108.1   110.9   118.7   130.2   144.2 -9999.0   217.2   245.3 -9999.0 -9999.0 -9999.0 -9999.0 -9999.0 -9999.0 -9999.0 -9999.0 -9999.0 -9999.0 -9999.0 -9999.0 -9999.0 -9999.0 -9999.0 -9999.0 -9999.0 -9999.0 -9999.0 -9999.0 -9999.0 -9999.0 -9999.0 -9999.0 -9999.0 -9999.0 -9999.0 -9999.0 -9999.0 -9999.0 -9999.0 -9999.0 -9999.0 -9999.0 -9999.0 -9999.0 -9999.0 -9999.0 -9999.0 -9999.0 -9999.0 -9999.0
 -9999.0 -9999.0 -9999.0 -9999.0 -9999.0 -9999.0 -9999.0 -9999.0 -9999.0 -9999.0 -9999.0 -9999.0 -9999.0 -9999.0 -9999.0 -9999.0 -9999.0 -9999.0 -9999.0 -9999.0 -9999.0 -9999.0 -9999.0 -9999.0 -9999.0 -9999.0 -9999.0 -9999.0 -9999.0 -9999.0 -9999.0 -9999.0 -9999.0 -9999.0 -9999.0 -9999.0 -9999.0 -9999.0 -9999.0 -9999.0 -9999.0 -9999.0 -9999.0 -9999.0 -9999.0 -9999.0 -9999.0 -9999.0 -9999.0 -9999.0 -9999.0 -9999.0 -9999.0   552.6   324.3   518.0   412.3   318.0   363.6   387.1   478.4   387.4   398.9   315.5   227.5 -9999.0 -9999.0 -9999.0   172.9   160.3   179.7   209.7   230.7   249.7   244.6   190.4   142.9   130.9   151.7   130.7   140.0   158.7   187.9 -9999.0 -9999.0 -9999.0 -9999.0 -9999.0 -9999.0 -9999.0 -9999.0 -9999.0 -9999.0 -9999.0 -9999.0 -9999.0 -9999.0 -9999.0 -9999.0 -9999.0 -9999.0 -9999.0 -9999.0 -9999.0 -9999.0 -9999.0 -9999.0 -9999.0 -9999.0 -9999.0 -9999.0 -9999.0 -9999.0 -9999.0 -9999.0 -9999.0 -9999.0 -9999.0 -9999.0 -9999.0 -9999.0 -9999.0 -9999.0 -9999.0 -9999.0 -9999.0 -9999.0 -9999.0
 -9999.0 -9999.0 -9999.0 -9999.0 -9999.0 -9999.0 -9999.0 -9999.0 -9999.0 -9999.0 -9999.0 -9999.0 -9999.0 -9999.0 -9999.0 -9999.0 -9999.0 -9999.0 -9999.0 -9999.0 -9999.0 -9999.0 -9999.0 -9999.0 -9999.0 -9999.0 -9999.0 -9999.0 -9999.0 -9999.0 -9999.0 -9999.0 -9999.0 -9999.0 -9999.0 -9999.0 -9999.0 -9999.0 -9999.0 -9999.0 -9999.0 -9999.0 -9999.0 -9999.0 -9999.0 -9999.0 -9999.0 -9999.0 -9999.0 -9999.0 -9999.0 -9999.0 -9999.0 -9999.0   564.1   496.5   308.6   254.4   392.1   520.7   290.5 -9999.0 -9999.0 -9999.0 -9999.0 -9999.0 -9999.0 -9999.0   206.0   226.0   269.4   319.7   335.1   303.6   248.8   192.9   164.9   156.4   155.4 -9999.0   171.9 -9999.0 -9999.0 -9999.0 -9999.0 -9999.0 -9999.0 -9999.0 -9999.0 -9999.0 -9999.0 -9999.0 -9999.0 -9999.0 -9999.0 -9999.0 -9999.0 -9999.0 -9999.0 -9999.0 -9999.0 -9999.0 -9999.0 -9999.0 -9999.0 -9999.0 -9999.0 -9999.0 -9999.0 -9999.0 -9999.0 -9999.0 -9999.0 -9999.0 -9999.0 -9999.0 -9999.0 -9999.0 -9999.0 -9999.0 -9999.0 -9999.0 -9999.0 -9999.0 -9999.0 -9999.0 -9999.0 -9999.0
 -9999.0 -9999.0 -9999.0 -9999.0 -9999.0 -9999.0 -9999.0 -9999.0 -9999.0 -9999.0 -9999.0 -9999.0 -9999.0 -9999.0 -9999.0 -9999.0 -9999.0 -9999.0 -9999.0 -9999.0 -9999.0 -9999.0 -9999.0 -9999.0 -9999.0 -9999.0 -9999.0 -9999.0 -9999.0 -9999.0 -9999.0 -9999.0 -9999.0 -9999.0 -9999.0 -9999.0 -9999.0 -9999.0 -9999.0 -9999.0 -9999.0 -9999.0 -9999.0 -9999.0 -9999.0 -9999.0 -9999.0 -9999.0 -9999.0 -9999.0 -9999.0 -9999.0 -9999.0 -9999.0 -9999.0   460.3   647.7   361.7   278.8   369.3   338.8 -9999.0 -9999.0 -9999.0 -9999.0 -9999.0 -9999.0 -9999.0 -9999.0 -9999.0   345.0 -9999.0 -9999.0 -9999.0 -9999.0 -9999.0   181.3 -9999.0 -9999.0 -9999.0 -9999.0 -9999.0 -9999.0 -9999.0 -9999.0 -9999.0 -9999.0 -9999.0 -9999.0 -9999.0 -9999.0 -9999.0 -9999.0 -9999.0 -9999.0 -9999.0 -9999.0 -9999.0 -9999.0 -9999.0 -9999.0 -9999.0 -9999.0 -9999.0 -9999.0 -9999.0 -9999.0 -9999.0 -9999.0 -9999.0 -9999.0 -9999.0 -9999.0 -9999.0 -9999.0 -9999.0 -9999.0 -9999.0 -9999.0 -9999.0 -9999.0 -9999.0 -9999.0 -9999.0 -9999.0 -9999.0 -9999.0 -9999.0
 -9999.0 -9999.0 -9999.0 -9999.0 -9999.0 -9999.0 -9999.0 -9999.0 -9999.0 -9999.0 -9999.0 -9999.0 -9999.0 -9999.0 -9999.0 -9999.0 -9999.0 -9999.0 -9999.0 -9999.0 -9999.0 -9999.0 -9999.0 -9999.0 -9999.0 -9999.0 -9999.0 -9999.0 -9999.0 -9999.0 -9999.0 -9999.0 -9999.0 -9999.0 -9999.0 -9999.0 -9999.0 -9999.0 -9999.0 -9999.0 -9999.0 -9999.0 -9999.0 -9999.0 -9999.0 -9999.0 -9999.0 -9999.0 -9999.0 -9999.0 -9999.0 -9999.0 -9999.0 -9999.0 -9999.0 -9999.0 -9999.0 -9999.0   358.4   278.5 -9999.0 -9999.0 -9999.0 -9999.0 -9999.0 -9999.0 -9999.0 -9999.0 -9999.0 -9999.0 -9999.0 -9999.0 -9999.0 -9999.0 -9999.0   211.0   223.6 -9999.0 -9999.0 -9999.0 -9999.0 -9999.0 -9999.0 -9999.0 -9999.0 -9999.0 -9999.0 -9999.0 -9999.0 -9999.0 -9999.0 -9999.0 -9999.0 -9999.0 -9999.0 -9999.0 -9999.0 -9999.0 -9999.0 -9999.0 -9999.0 -9999.0 -9999.0 -9999.0 -9999.0 -9999.0 -9999.0 -9999.0 -9999.0 -9999.0 -9999.0 -9999.0 -9999.0 -9999.0 -9999.0 -9999.0 -9999.0 -9999.0 -9999.0 -9999.0 -9999.0 -9999.0 -9999.0 -9999.0 -9999.0 -9999.0 -9999.0 -9999.0
 -9999.0 -9999.0 -9999.0 -9999.0 -9999.0 -9999.0 -9999.0 -9999.0 -9999.0 -9999.0 -9999.0 -9999.0 -9999.0 -9999.0 -9999.0 -9999.0 -9999.0 -9999.0 -9999.0 -9999.0 -9999.0 -9999.0 -9999.0 -9999.0 -9999.0 -9999.0 -9999.0 -9999.0 -9999.0 -9999.0 -9999.0 -9999.0 -9999.0 -9999.0 -9999.0 -9999.0 -9999.0 -9999.0 -9999.0 -9999.0 -9999.0 -9999.0 -9999.0 -9999.0 -9999.0 -9999.0 -9999.0 -9999.0 -9999.0 -9999.0 -9999.0 -9999.0 -9999.0 -9999.0 -9999.0 -9999.0 -9999.0 -9999.0 -9999.0 -9999.0 -9999.0 -9999.0 -9999.0 -9999.0 -9999.0 -9999.0 -9999.0 -9999.0 -9999.0 -9999.0 -9999.0 -9999.0 -9999.0 -9999.0 -9999.0 -9999.0 -9999.0 -9999.0 -9999.0 -9999.0 -9999.0 -9999.0 -9999.0 -9999.0 -9999.0 -9999.0 -9999.0 -9999.0 -9999.0 -9999.0 -9999.0 -9999.0 -9999.0 -9999.0 -9999.0 -9999.0 -9999.0 -9999.0 -9999.0 -9999.0 -9999.0 -9999.0 -9999.0 -9999.0 -9999.0 -9999.0 -9999.0 -9999.0 -9999.0 -9999.0 -9999.0 -9999.0 -9999.0 -9999.0 -9999.0 -9999.0 -9999.0 -9999.0 -9999.0 -9999.0 -9999.0 -9999.0 -9999.0 -9999.0 -9999.0 -9999.0 -9999.0 -9999.0
 -9999.0 -9999.0 -9999.0 -9999.0 -9999.0 -9999.0 -9999.0 -9999.0 -9999.0 -9999.0 -9999.0 -9999.0 -9999.0 -9999.0 -9999.0 -9999.0 -9999.0 -9999.0 -9999.0 -9999.0 -9999.0 -9999.0 -9999.0 -9999.0 -9999.0 -9999.0 -9999.0 -9999.0 -9999.0 -9999.0 -9999.0 -9999.0 -9999.0 -9999.0 -9999.0 -9999.0 -9999.0 -9999.0 -9999.0 -9999.0 -9999.0 -9999.0 -9999.0 -9999.0 -9999.0 -9999.0 -9999.0 -9999.0 -9999.0 -9999.0 -9999.0 -9999.0 -9999.0 -9999.0 -9999.0 -9999.0 -9999.0 -9999.0 -9999.0 -9999.0 -9999.0 -9999.0 -9999.0 -9999.0 -9999.0 -9999.0 -9999.0 -9999.0 -9999.0 -9999.0 -9999.0 -9999.0 -9999.0 -9999.0 -9999.0   234.8   286.1   301.9 -9999.0 -9999.0 -9999.0 -9999.0 -9999.0 -9999.0 -9999.0 -9999.0 -9999.0 -9999.0 -9999.0 -9999.0 -9999.0 -9999.0 -9999.0 -9999.0 -9999.0 -9999.0 -9999.0 -9999.0 -9999.0 -9999.0 -9999.0 -9999.0 -9999.0 -9999.0 -9999.0 -9999.0 -9999.0 -9999.0 -9999.0 -9999.0 -9999.0 -9999.0 -9999.0 -9999.0 -9999.0 -9999.0 -9999.0 -9999.0 -9999.0 -9999.0 -9999.0 -9999.0 -9999.0 -9999.0 -9999.0 -9999.0 -9999.0 -9999.0
 -9999.0 -9999.0 -9999.0 -9999.0 -9999.0 -9999.0 -9999.0 -9999.0 -9999.0 -9999.0 -9999.0 -9999.0 -9999.0 -9999.0 -9999.0 -9999.0 -9999.0 -9999.0 -9999.0 -9999.0 -9999.0 -9999.0 -9999.0 -9999.0 -9999.0 -9999.0 -9999.0 -9999.0 -9999.0 -9999.0 -9999.0 -9999.0 -9999.0 -9999.0 -9999.0 -9999.0 -9999.0 -9999.0 -9999.0 -9999.0 -9999.0 -9999.0 -9999.0 -9999.0 -9999.0 -9999.0 -9999.0 -9999.0 -9999.0 -9999.0 -9999.0 -9999.0 -9999.0 -9999.0 -9999.0 -9999.0 -9999.0 -9999.0 -9999.0 -9999.0 -9999.0 -9999.0 -9999.0 -9999.0 -9999.0 -9999.0 -9999.0 -9999.0 -9999.0 -9999.0 -9999.0 -9999.0 -9999.0   205.8   190.8   191.9   201.6 -9999.0 -9999.0 -9999.0 -9999.0 -9999.0 -9999.0 -9999.0 -9999.0 -9999.0 -9999.0 -9999.0 -9999.0 -9999.0 -9999.0 -9999.0 -9999.0 -9999.0 -9999.0 -9999.0 -9999.0 -9999.0 -9999.0 -9999.0 -9999.0 -9999.0 -9999.0 -9999.0 -9999.0 -9999.0 -9999.0 -9999.0 -9999.0 -9999.0 -9999.0 -9999.0 -9999.0 -9999.0 -9999.0 -9999.0 -9999.0 -9999.0 -9999.0 -9999.0 -9999.0 -9999.0 -9999.0 -9999.0 -9999.0 -9999.0 -9999.0 -9999.0
 -9999.0 -9999.0 -9999.0 -9999.0 -9999.0 -9999.0 -9999.0 -9999.0 -9999.0 -9999.0 -9999.0 -9999.0 -9999.0 -9999.0 -9999.0 -9999.0 -9999.0 -9999.0 -9999.0 -9999.0 -9999.0 -9999.0 -9999.0 -9999.0 -9999.0 -9999.0 -9999.0 -9999.0 -9999.0 -9999.0 -9999.0 -9999.0 -9999.0 -9999.0 -9999.0 -9999.0 -9999.0 -9999.0 -9999.0 -9999.0 -9999.0 -9999.0 -9999.0 -9999.0 -9999.0 -9999.0 -9999.0 -9999.0 -9999.0 -9999.0 -9999.0 -9999.0 -9999.0 -9999.0 -9999.0 -9999.0 -9999.0 -9999.0 -9999.0 -9999.0 -9999.0 -9999.0 -9999.0 -9999.0 -9999.0 -9999.0 -9999.0 -9999.0 -9999.0 -9999.0 -9999.0 -9999.0 -9999.0 -9999.0   200.2   176.6   148.0 -9999.0 -9999.0 -9999.0 -9999.0 -9999.0 -9999.0 -9999.0 -9999.0 -9999.0 -9999.0 -9999.0 -9999.0 -9999.0 -9999.0 -9999.0 -9999.0 -9999.0 -9999.0 -9999.0 -9999.0 -9999.0 -9999.0 -9999.0 -9999.0 -9999.0 -9999.0 -9999.0 -9999.0 -9999.0 -9999.0 -9999.0 -9999.0 -9999.0 -9999.0 -9999.0 -9999.0 -9999.0 -9999.0 -9999.0 -9999.0 -9999.0 -9999.0 -9999.0 -9999.0 -9999.0 -9999.0 -9999.0 -9999.0 -9999.0 -9999.0 -9999.0
 -9999.0 -9999.0 -9999.0 -9999.0 -9999.0 -9999.0 -9999.0 -9999.0 -9999.0 -9999.0 -9999.0 -9999.0 -9999.0 -9999.0 -9999.0 -9999.0 -9999.0 -9999.0 -9999.0 -9999.0 -9999.0 -9999.0 -9999.0 -9999.0 -9999.0 -9999.0 -9999.0 -9999.0 -9999.0 -9999.0 -9999.0 -9999.0 -9999.0 -9999.0 -9999.0 -9999.0 -9999.0 -9999.0 -9999.0 -9999.0 -9999.0 -9999.0 -9999.0 -9999.0 -9999.0 -9999.0 -9999.0 -9999.0 -9999.0 -9999.0 -9999.0 -9999.0 -9999.0 -9999.0 -9999.0 -9999.0 -9999.0 -9999.0 -9999.0 -9999.0 -9999.0 -9999.0 -9999.0 -9999.0 -9999.0 -9999.0 -9999.0 -9999.0 -9999.0 -9999.0 -9999.0 -9999.0 -9999.0 -9999.0 -9999.0 -9999.0 -9999.0 -9999.0 -9999.0 -9999.0 -9999.0 -9999.0 -9999.0 -9999.0 -9999.0 -9999.0 -9999.0 -9999.0 -9999.0 -9999.0 -9999.0 -9999.0 -9999.0 -9999.0 -9999.0 -9999.0 -9999.0 -9999.0 -9999.0 -9999.0 -9999.0 -9999.0 -9999.0 -9999.0 -9999.0 -9999.0 -9999.0 -9999.0 -9999.0 -9999.0 -9999.0 -9999.0 -9999.0 -9999.0 -9999.0 -9999.0 -9999.0 -9999.0 -9999.0 -9999.0 -9999.0 -9999.0 -9999.0 -9999.0 -9999.0 -9999.0 -9999.0 -9999.0
