NCOLS      128
NROWS       72
XLLCORNER    72.000000000000    
YLLCORNER    18.000000000000    
CELLSIZE    0.50000000000000    
NODATA_VALUE   -9999.000    
 -9999.0 -9999.0 -9999.0 -9999.0 -9999.0 -9999.0 -9999.0 -9999.0 -9999.0 -9999.0 -9999.0 -9999.0 -9999.0 -9999.0 -9999.0 -9999.0 -9999.0 -9999.0 -9999.0 -9999.0 -9999.0 -9999.0 -9999.0 -9999.0 -9999.0 -9999.0 -9999.0 -9999.0 -9999.0 -9999.0 -9999.0 -9999.0 -9999.0 -9999.0 -9999.0 -9999.0 -9999.0 -9999.0 -9999.0 -9999.0 -9999.0 -9999.0 -9999.0 -9999.0 -9999.0 -9999.0 -9999.0 -9999.0 -9999.0 -9999.0 -9999.0 -9999.0 -9999.0 -9999.0 -9999.0 -9999.0 -9999.0 -9999.0 -9999.0 -9999.0 -9999.0 -9999.0 -9999.0 -9999.0 -9999.0 -9999.0 -9999.0 -9999.0 -9999.0 -9999.0 -9999.0 -9999.0 -9999.0 -9999.0 -9999.0 -9999.0 -9999.0 -9999.0 -9999.0 -9999.0 -9999.0 -9999.0 -9999.0 -9999.0 -9999.0 -9999.0 -9999.0 -9999.0 -9999.0 -9999.0 -9999.0 -9999.0 -9999.0 -9999.0 -9999.0 -9999.0 -9999.0    53.9    57.1    59.6    59.9    61.0    60.2    58.8    55.0 -9999.0 -9999.0 -9999.0 -9999.0 -9999.0 -9999.0 -9999.0 -9999.0 -9999.0 -9999.0 -9999.0 -9999.0 -9999.0 -9999.0 -9999.0 -9999.0 -9999.0 -9999.0 -9999.0 -9999.0 -9999.0 -9999.0 -9999.0
 -9999.0 -9999.0 -9999.0 -9999.0 -9999.0 -9999.0 -9999.0 -9999.0 -9999.0 -9999.0 -9999.0 -9999.0 -9999.0 -9999.0 -9999.0 -9999.0 -9999.0 -9999.0 -9999.0 -9999.0 -9999.0 -9999.0 -9999.0 -9999.0 -9999.0 -9999.0 -9999.0 -9999.0 -9999.0 -9999.0 -9999.0 -9999.0 -9999.0 -9999.0 -9999.0 -9999.0 -9999.0 -9999.0 -9999.0 -9999.0 -9999.0 -9999.0 -9999.0 -9999.0 -9999.0 -9999.0 -9999.0 -9999.0 -9999.0 -9999.0 -9999.0 -9999.0 -9999.0 -9999.0 -9999.0 -9999.0 -9999.0 -9999.0 -9999.0 -9999.0 -9999.0 -9999.0 -9999.0 -9999.0 -9999.0 -9999.0 -9999.0 -9999.0 -9999.0 -9999.0 -9999.0 -9999.0 -9999.0 -9999.0 -9999.0 -9999.0 -9999.0 -9999.0 -9999.0 -9999.0 -9999.0 -9999.0 -9999.0 -9999.0 -9999.0 -9999.0 -9999.0 -9999.0 -9999.0 -9999.0 -9999.0 -9999.0 -9999.0 -9999.0 -9999.0 -9999.0    43.3    46.7    48.4    50.3    49.7    49.3    48.7    47.3    44.8    44.0    42.3    39.5    37.8 -9999.0 -9999.0 -9999.0 -9999.0 -9999.0 -9999.0 -9999.0 -9999.0 -9999.0 -9999.0 -9999.0 -9999.0 -9999.0 -9999.0 -9999.0 -9999.0 -9999.0 -9999.0 -9999.0
 -9999.0 -9999.0 -9999.0 -9999.0 -9999.0 -9999.0 -9999.0 -9999.0 -9999.0 -9999.0 -9999.0 -9999.0 -9999.0 -9999.0 -9999.0 -9999.0 -9999.0 -9999.0 -9999.0 -9999.0 -9999.0 -9999.0 -9999.0 -9999.0 -9999.0 -9999.0 -9999.0 -9999.0 -9999.0 -9999.0 -9999.0 -9999.0 -9999.0 -9999.0 -9999.0 -9999.0 -9999.0 -9999.0 -9999.0 -9999.0 -9999.0 -9999.0 -9999.0 -9999.0 -9999.0 -9999.0 -9999.0 -9999.0 -9999.0 -9999.0 -9999.0 -9999.0 -9999.0 -9999.0 -9999.0 -9999.0 -9999.0 -9999.0 -9999.0 -9999.0 -9999.0 -9999.0 -9999.0 -9999.0 -9999.0 -9999.0 -9999.0 -9999.0 -9999.0 -9999.0 -9999.0 -9999.0 -9999.0 -9999.0 -9999.0 -9999.0 -9999.0 -9999.0 -9999.0 -9999.0 -9999.0 -9999.0 -9999.0 -9999.0 -9999.0 -9999.0 -9999.0 -9999.0 -9999.0 -9999.0 -9999.0 -9999.0 -9999.0 -9999.0 -9999.0    33.0    36.8    40.0    42.0    43.3    42.8    41.1    38.8    35.9    33.6    29.5    30.2    28.3    27.8 -9999.0 -9999.0 -9999.0 -9999.0 -9999.0 -9999.0 -9999.0 -9999.0 -9999.0 -9999.0 -9999.0 -9999.0 -9999.0 -9999.0 -9999.0 -9999.0 -9999.0 -9999.0 -9999.0
 -9999.0 -9999.0 -9999.0 -9999.0 -9999.0 -9999.0 -9999.0 -9999.0 -9999.0 -9999.0 -9999.0 -9999.0 -9999.0 -9999.0 -9999.0 -9999.0 -9999.0 -9999.0 -9999.0 -9999.0 -9999.0 -9999.0 -9999.0 -9999.0 -9999.0 -9999.0 -9999.0 -9999.0 -9999.0 -9999.0 -9999.0 -9999.0 -9999.0 -9999.0 -9999.0 -9999.0 -9999.0 -9999.0 -9999.0 -9999.0 -9999.0 -9999.0 -9999.0 -9999.0 -9999.0 -9999.0 -9999.0 -9999.0 -9999.0 -9999.0 -9999.0 -9999.0 -9999.0 -9999.0 -9999.0 -9999.0 -9999.0 -9999.0 -9999.0 -9999.0 -9999.0 -9999.0 -9999.0 -9999.0 -9999.0 -9999.0 -9999.0 -9999.0 -9999.0 -9999.0 -9999.0 -9999.0 -9999.0 -9999.0 -9999.0 -9999.0 -9999.0 -9999.0 -9999.0 -9999.0 -9999.0 -9999.0 -9999.0 -9999.0 -9999.0 -9999.0 -9999.0 -9999.0 -9999.0 -9999.0 -9999.0 -9999.0 -9999.0 -9999.0 -9999.0    27.9    31.5    34.8    36.8    37.3    36.0    33.3    30.8    27.2    23.7    21.6    21.1    19.7    19.7    19.5 -9999.0 -9999.0 -9999.0 -9999.0 -9999.0 -9999.0 -9999.0 -9999.0 -9999.0 -9999.0 -9999.0 -9999.0 -9999.0 -9999.0 -9999.0 -9999.0 -9999.0 -9999.0
 -9999.0 -9999.0 -9999.0 -9999.0 -9999.0 -9999.0 -9999.0 -9999.0 -9999.0 -9999.0 -9999.0 -9999.0 -9999.0 -9999.0 -9999.0 -9999.0 -9999.0 -9999.0 -9999.0 -9999.0 -9999.0 -9999.0 -9999.0 -9999.0 -9999.0 -9999.0 -9999.0 -9999.0 -9999.0 -9999.0 -9999.0 -9999.0 -9999.0 -9999.0 -9999.0 -9999.0 -9999.0 -9999.0 -9999.0 -9999.0 -9999.0 -9999.0 -9999.0 -9999.0 -9999.0 -9999.0 -9999.0 -9999.0 -9999.0 -9999.0 -9999.0 -9999.0 -9999.0 -9999.0 -9999.0 -9999.0 -9999.0 -9999.0 -9999.0 -9999.0 -9999.0 -9999.0 -9999.0 -9999.0 -9999.0 -9999.0 -9999.0 -9999.0 -9999.0 -9999.0 -9999.0 -9999.0 -9999.0 -9999.0 -9999.0 -9999.0 -9999.0 -9999.0 -9999.0 -9999.0 -9999.0 -9999.0 -9999.0 -9999.0 -9999.0 -9999.0 -9999.0 -9999.0 -9999.0 -9999.0 -9999.0 -9999.0 -9999.0 -9999.0 -9999.0    23.6    26.8    30.2    32.2    32.5    31.0    27.8    24.1    20.2    16.6    14.1    14.1    13.3    13.0    13.8    13.6 -9999.0 -9999.0 -9999.0 -9999.0 -9999.0 -9999.0 -9999.0 -9999.0 -9999.0 -9999.0 -9999.0 -9999.0 -9999.0 -9999.0 -9999.0 -9999.0 -9999.0
 -9999.0 -9999.0 -9999.0 -9999.0 -9999.0 -9999.0 -9999.0 -9999.0 -9999.0 -9999.0 -9999.0 -9999.0 -9999.0 -9999.0 -9999.0 -9999.0 -9999.0 -9999.0 -9999.0 -9999.0 -9999.0 -9999.0 -9999.0 -9999.0 -9999.0 -9999.0 -9999.0 -9999.0 -9999.0 -9999.0 -9999.0 -9999.0 -9999.0 -9999.0 -9999.0 -9999.0 -9999.0 -9999.0 -9999.0 -9999.0 -9999.0 -9999.0 -9999.0 -9999.0 -9999.0 -9999.0 -9999.0 -9999.0 -9999.0 -9999.0 -9999.0 -9999.0 -9999.0 -9999.0 -9999.0 -9999.0 -9999.0 -9999.0 -9999.0 -9999.0 -9999.0 -9999.0 -9999.0 -9999.0 -9999.0 -9999.0 -9999.0 -9999.0 -9999.0 -9999.0 -9999.0 -9999.0 -9999.0 -9999.0 -9999.0 -9999.0 -9999.0 -9999.0 -9999.0 -9999.0 -9999.0 -9999.0 -9999.0 -9999.0 -9999.0 -9999.0 -9999.0 -9999.0 -9999.0 -9999.0 -9999.0 -9999.0 -9999.0 -9999.0    17.0    19.8    23.0    25.7    27.8    28.2    26.5    23.6    19.9    16.3    13.2    11.0    10.0     9.3     9.0     9.9    10.2 -9999.0 -9999.0 -9999.0 -9999.0 -9999.0 -9999.0 -9999.0 -9999.0 -9999.0 -9999.0 -9999.0 -9999.0 -9999.0 -9999.0 -9999.0 -9999.0 -9999.0
 -9999.0 -9999.0 -9999.0 -9999.0 -9999.0 -9999.0 -9999.0 -9999.0 -9999.0 -9999.0 -9999.0 -9999.0 -9999.0 -9999.0 -9999.0 -9999.0 -9999.0 -9999.0 -9999.0 -9999.0 -9999.0 -9999.0 -9999.0 -9999.0 -9999.0 -9999.0 -9999.0 -9999.0 -9999.0 -9999.0 -9999.0 -9999.0 -9999.0 -9999.0 -9999.0 -9999.0 -9999.0 -9999.0 -9999.0 -9999.0 -9999.0 -9999.0 -9999.0 -9999.0 -9999.0 -9999.0 -9999.0 -9999.0 -9999.0 -9999.0 -9999.0 -9999.0 -9999.0 -9999.0 -9999.0 -9999.0 -9999.0 -9999.0 -9999.0 -9999.0 -9999.0 -9999.0 -9999.0 -9999.0 -9999.0 -9999.0 -9999.0 -9999.0 -9999.0 -9999.0 -9999.0 -9999.0 -9999.0 -9999.0 -9999.0 -9999.0 -9999.0 -9999.0 -9999.0 -9999.0 -9999.0 -9999.0 -9999.0 -9999.0 -9999.0 -9999.0 -9999.0 -9999.0 -9999.0 -9999.0 -9999.0 -9999.0 -9999.0 -9999.0    14.9    17.5    19.7    22.0    23.9    23.8    22.4    19.9    17.0    14.4    12.2     9.7     8.3     7.7     7.2     7.6     9.5    12.0 -9999.0 -9999.0 -9999.0 -9999.0 -9999.0 -9999.0 -9999.0 -9999.0 -9999.0 -9999.0 -9999.0 -9999.0 -9999.0 -9999.0 -9999.0 -9999.0
 -9999.0 -9999.0 -9999.0 -9999.0 -9999.0 -9999.0 -9999.0 -9999.0 -9999.0 -9999.0 -9999.0 -9999.0 -9999.0 -9999.0 -9999.0 -9999.0 -9999.0 -9999.0 -9999.0 -9999.0 -9999.0 -9999.0 -9999.0 -9999.0 -9999.0 -9999.0 -9999.0 -9999.0 -9999.0 -9999.0 -9999.0 -9999.0 -9999.0 -9999.0 -9999.0 -9999.0 -9999.0 -9999.0 -9999.0 -9999.0 -9999.0 -9999.0 -9999.0 -9999.0 -9999.0 -9999.0 -9999.0 -9999.0 -9999.0 -9999.0 -9999.0 -9999.0 -9999.0 -9999.0 -9999.0 -9999.0 -9999.0 -9999.0 -9999.0 -9999.0 -9999.0 -9999.0 -9999.0 -9999.0 -9999.0 -9999.0 -9999.0 -9999.0 -9999.0 -9999.0 -9999.0 -9999.0 -9999.0 -9999.0 -9999.0 -9999.0 -9999.0 -9999.0 -9999.0 -9999.0 -9999.0 -9999.0 -9999.0 -9999.0 -9999.0 -9999.0 -9999.0 -9999.0 -9999.0     9.4 -9999.0 -9999.0     9.9    11.8    13.5    15.3    17.0    18.5    19.7    20.0    18.7    17.3    15.4    13.8    11.8     9.7     8.4     7.4     7.7     8.4    11.0    14.5 -9999.0 -9999.0 -9999.0 -9999.0 -9999.0 -9999.0 -9999.0 -9999.0 -9999.0 -9999.0 -9999.0 -9999.0 -9999.0 -9999.0 -9999.0 -9999.0
 -9999.0 -9999.0 -9999.0 -9999.0 -9999.0 -9999.0 -9999.0 -9999.0 -9999.0 -9999.0 -9999.0 -9999.0 -9999.0 -9999.0 -9999.0 -9999.0 -9999.0 -9999.0 -9999.0 -9999.0 -9999.0 -9999.0 -9999.0 -9999.0 -9999.0 -9999.0 -9999.0 -9999.0 -9999.0 -9999.0 -9999.0 -9999.0 -9999.0 -9999.0 -9999.0 -9999.0 -9999.0 -9999.0 -9999.0 -9999.0 -9999.0 -9999.0 -9999.0 -9999.0 -9999.0 -9999.0 -9999.0 -9999.0 -9999.0 -9999.0 -9999.0 -9999.0 -9999.0 -9999.0 -9999.0 -9999.0 -9999.0 -9999.0 -9999.0 -9999.0 -9999.0 -9999.0 -9999.0 -9999.0 -9999.0 -9999.0 -9999.0 -9999.0 -9999.0 -9999.0 -9999.0 -9999.0 -9999.0 -9999.0 -9999.0 -9999.0 -9999.0 -9999.0 -9999.0 -9999.0 -9999.0 -9999.0 -9999.0 -9999.0 -9999.0 -9999.0 -9999.0 -9999.0    11.0    10.0     9.3     9.1     9.9    12.2    13.7    15.8    16.2    16.9    17.0    17.1    17.3    16.7    15.6    13.9    12.2    10.6    10.0    10.3    11.4    13.1    16.1    21.7    26.6    31.2    35.1    38.3 -9999.0 -9999.0 -9999.0 -9999.0 -9999.0 -9999.0 -9999.0 -9999.0 -9999.0 -9999.0 -9999.0 -9999.0
 -9999.0 -9999.0 -9999.0 -9999.0 -9999.0 -9999.0 -9999.0 -9999.0 -9999.0 -9999.0 -9999.0 -9999.0 -9999.0 -9999.0 -9999.0 -9999.0 -9999.0 -9999.0 -9999.0 -9999.0 -9999.0 -9999.0 -9999.0 -9999.0 -9999.0 -9999.0 -9999.0 -9999.0 -9999.0    90.5    91.0    90.7    89.4 -9999.0 -9999.0 -9999.0 -9999.0 -9999.0 -9999.0 -9999.0 -9999.0 -9999.0 -9999.0 -9999.0 -9999.0 -9999.0 -9999.0 -9999.0 -9999.0 -9999.0 -9999.0 -9999.0 -9999.0 -9999.0 -9999.0 -9999.0 -9999.0 -9999.0 -9999.0 -9999.0 -9999.0 -9999.0 -9999.0 -9999.0 -9999.0 -9999.0 -9999.0 -9999.0 -9999.0 -9999.0 -9999.0 -9999.0 -9999.0 -9999.0 -9999.0 -9999.0 -9999.0 -9999.0 -9999.0 -9999.0 -9999.0 -9999.0 -9999.0 -9999.0 -9999.0 -9999.0 -9999.0    13.3    12.7    11.8    10.8    10.1    11.1    13.0    15.2    16.4    17.2    16.7    17.7    17.3    18.1    19.6    19.3    18.1    15.9    14.6    14.9    16.4    18.2    21.4    25.9    31.2    34.9    38.8    40.7    43.7    44.9    44.2 -9999.0 -9999.0 -9999.0 -9999.0 -9999.0 -9999.0 -9999.0 -9999.0 -9999.0 -9999.0
 -9999.0 -9999.0 -9999.0 -9999.0 -9999.0 -9999.0 -9999.0 -9999.0 -9999.0 -9999.0 -9999.0 -9999.0 -9999.0 -9999.0 -9999.0 -9999.0 -9999.0 -9999.0 -9999.0 -9999.0 -9999.0 -9999.0 -9999.0 -9999.0 -9999.0 -9999.0 -9999.0    69.9    65.1    59.2    68.2    69.1    74.9    68.7 -9999.0 -9999.0 -9999.0 -9999.0 -9999.0 -9999.0 -9999.0 -9999.0 -9999.0 -9999.0 -9999.0 -9999.0 -9999.0 -9999.0 -9999.0 -9999.0 -9999.0 -9999.0 -9999.0 -9999.0 -9999.0 -9999.0 -9999.0 -9999.0 -9999.0 -9999.0 -9999.0 -9999.0 -9999.0 -9999.0 -9999.0 -9999.0 -9999.0 -9999.0 -9999.0 -9999.0 -9999.0 -9999.0 -9999.0 -9999.0 -9999.0 -9999.0 -9999.0 -9999.0 -9999.0 -9999.0 -9999.0 -9999.0 -9999.0 -9999.0 -9999.0 -9999.0 -9999.0    15.0    14.9    13.8    12.5    11.9    12.7    15.3    17.8    19.9    20.2    20.9    19.8    20.3    22.4    26.5    28.1    27.3    25.1    23.3    23.6    25.5    29.4    33.6    37.0    40.2    41.7    44.2    45.0    44.7    46.0    46.2 -9999.0 -9999.0 -9999.0 -9999.0 -9999.0    57.1    57.4    56.9    56.5 -9999.0
 -9999.0 -9999.0 -9999.0 -9999.0 -9999.0 -9999.0 -9999.0 -9999.0 -9999.0 -9999.0 -9999.0 -9999.0 -9999.0 -9999.0 -9999.0 -9999.0 -9999.0 -9999.0 -9999.0 -9999.0 -9999.0 -9999.0 -9999.0 -9999.0 -9999.0 -9999.0    54.1    42.9    37.7    36.0    38.1    43.0    66.2    61.9    66.7    66.8    66.6 -9999.0 -9999.0 -9999.0 -9999.0 -9999.0 -9999.0 -9999.0 -9999.0 -9999.0 -9999.0 -9999.0 -9999.0 -9999.0 -9999.0 -9999.0 -9999.0 -9999.0 -9999.0 -9999.0 -9999.0 -9999.0 -9999.0 -9999.0 -9999.0 -9999.0 -9999.0 -9999.0 -9999.0 -9999.0 -9999.0 -9999.0 -9999.0 -9999.0 -9999.0 -9999.0 -9999.0 -9999.0 -9999.0 -9999.0 -9999.0 -9999.0 -9999.0 -9999.0 -9999.0 -9999.0 -9999.0 -9999.0 -9999.0 -9999.0    15.4    15.9    15.8    15.0    14.3    13.7    14.7    17.8    21.2    25.5    26.4    27.1    26.0    25.1    29.3    35.7    39.7    38.9    36.2    34.1    34.6    36.3    39.7    43.5    46.3    48.4    49.0    50.4    47.4    47.6    50.9    50.7    47.6 -9999.0 -9999.0    56.4    57.1    56.6    56.0    52.7    53.7 -9999.0
 -9999.0 -9999.0 -9999.0 -9999.0 -9999.0 -9999.0 -9999.0 -9999.0 -9999.0 -9999.0 -9999.0 -9999.0 -9999.0 -9999.0 -9999.0 -9999.0 -9999.0 -9999.0 -9999.0 -9999.0 -9999.0 -9999.0 -9999.0 -9999.0 -9999.0 -9999.0    33.0    25.4    22.2    21.3    22.1    26.7    31.4    45.9    51.9    60.0    74.4    53.1 -9999.0 -9999.0 -9999.0 -9999.0 -9999.0 -9999.0 -9999.0 -9999.0 -9999.0 -9999.0 -9999.0 -9999.0 -9999.0 -9999.0 -9999.0 -9999.0 -9999.0 -9999.0 -9999.0 -9999.0 -9999.0 -9999.0 -9999.0 -9999.0 -9999.0 -9999.0 -9999.0 -9999.0 -9999.0 -9999.0 -9999.0 -9999.0 -9999.0 -9999.0 -9999.0 -9999.0 -9999.0 -9999.0 -9999.0 -9999.0 -9999.0 -9999.0 -9999.0 -9999.0 -9999.0 -9999.0 -9999.0 -9999.0    15.6    15.8    16.0    15.8    15.1    15.0    17.1    20.5    26.4    31.3    36.0    32.8    29.0    29.8    33.4    38.8    42.2    42.2    40.1    38.7    39.7    41.0    43.6    48.3    52.0    52.9    52.2    54.8    53.6    46.0    51.9    52.9    54.6    55.3    56.2    56.7    56.5    55.9    54.9    53.9    52.3 -9999.0
 -9999.0 -9999.0 -9999.0 -9999.0 -9999.0 -9999.0 -9999.0 -9999.0 -9999.0 -9999.0 -9999.0 -9999.0 -9999.0 -9999.0 -9999.0 -9999.0 -9999.0 -9999.0 -9999.0 -9999.0 -9999.0   103.8    91.8    74.8    51.7    33.4    22.8    18.4    15.1    15.0    16.1    20.1    25.5    32.9    41.8    44.5    55.9    51.5    52.3 -9999.0 -9999.0 -9999.0 -9999.0 -9999.0 -9999.0 -9999.0 -9999.0 -9999.0 -9999.0 -9999.0 -9999.0 -9999.0 -9999.0 -9999.0 -9999.0 -9999.0 -9999.0 -9999.0 -9999.0 -9999.0 -9999.0 -9999.0 -9999.0 -9999.0 -9999.0 -9999.0 -9999.0 -9999.0 -9999.0 -9999.0 -9999.0 -9999.0 -9999.0 -9999.0 -9999.0 -9999.0 -9999.0 -9999.0 -9999.0 -9999.0 -9999.0 -9999.0 -9999.0 -9999.0 -9999.0 -9999.0 -9999.0    16.3 -9999.0 -9999.0    15.5 -9999.0 -9999.0    23.2    28.7    36.3    41.7    35.7    30.5    31.8    31.4    33.9    35.3    35.6    34.4    32.9    34.1    36.2    40.4    45.1    50.1    53.9    54.8    53.3    52.5    49.4    51.7    52.0    52.3    53.4    53.4    56.1    56.5    55.7    54.0    51.1 -9999.0 -9999.0
 -9999.0 -9999.0 -9999.0 -9999.0 -9999.0 -9999.0 -9999.0 -9999.0 -9999.0 -9999.0 -9999.0 -9999.0 -9999.0 -9999.0 -9999.0 -9999.0 -9999.0 -9999.0 -9999.0 -9999.0 -9999.0    65.8    62.9    52.7    36.3    28.6    15.0    10.7    11.3    13.2    15.4    20.4    27.9    32.5    36.6    37.6    37.4    50.4    33.4 -9999.0 -9999.0 -9999.0 -9999.0 -9999.0 -9999.0 -9999.0 -9999.0 -9999.0 -9999.0 -9999.0 -9999.0 -9999.0 -9999.0 -9999.0 -9999.0 -9999.0 -9999.0 -9999.0 -9999.0 -9999.0 -9999.0 -9999.0 -9999.0 -9999.0 -9999.0 -9999.0 -9999.0 -9999.0 -9999.0 -9999.0 -9999.0 -9999.0 -9999.0 -9999.0 -9999.0 -9999.0 -9999.0 -9999.0 -9999.0 -9999.0 -9999.0 -9999.0 -9999.0 -9999.0 -9999.0 -9999.0 -9999.0 -9999.0 -9999.0    16.0    16.2    17.2    20.5    22.6    28.5    36.8    34.8    32.7    28.6    26.2    25.4    25.7    26.4    27.2    27.0    26.5    27.3    29.7    33.5    37.7    42.7    47.8    50.7    50.5    47.8    49.9    48.5    47.3    47.6    49.7    52.8    55.6    55.8    53.4    54.9 -9999.0 -9999.0 -9999.0
 -9999.0 -9999.0 -9999.0 -9999.0 -9999.0 -9999.0 -9999.0 -9999.0 -9999.0 -9999.0 -9999.0 -9999.0 -9999.0 -9999.0 -9999.0 -9999.0 -9999.0 -9999.0 -9999.0 -9999.0    41.7    44.3    39.3    36.4    26.7    15.1    10.2     9.9    11.5    14.7    19.6    24.0    31.5    37.1    38.2    35.3    36.4    28.6    23.4 -9999.0 -9999.0 -9999.0 -9999.0 -9999.0 -9999.0 -9999.0 -9999.0 -9999.0 -9999.0 -9999.0 -9999.0 -9999.0 -9999.0 -9999.0 -9999.0 -9999.0 -9999.0 -9999.0 -9999.0 -9999.0 -9999.0 -9999.0 -9999.0 -9999.0 -9999.0 -9999.0 -9999.0 -9999.0 -9999.0 -9999.0 -9999.0 -9999.0 -9999.0 -9999.0 -9999.0 -9999.0 -9999.0 -9999.0 -9999.0 -9999.0 -9999.0 -9999.0 -9999.0 -9999.0 -9999.0 -9999.0 -9999.0 -9999.0    16.9    17.1    17.0    16.7    18.7    20.6    24.6    29.9    29.4    30.8    25.1    21.0    19.3    18.0    18.6    20.3    21.8    22.3    22.6    24.3    26.8    30.1    35.1    40.8    45.3    49.6    49.2    45.0    43.1    41.5    40.4    43.8    50.4    54.9    57.8    57.7    55.9 -9999.0 -9999.0 -9999.0
 -9999.0 -9999.0 -9999.0 -9999.0 -9999.0 -9999.0 -9999.0 -9999.0 -9999.0 -9999.0 -9999.0 -9999.0 -9999.0 -9999.0 -9999.0 -9999.0 -9999.0 -9999.0    49.5    36.9    25.6    35.9    37.8    34.0    25.0    16.7    12.4    14.4    17.5    21.6    25.9    31.9    38.5    41.6    41.6    38.9    32.8    23.2    16.3 -9999.0 -9999.0 -9999.0 -9999.0 -9999.0 -9999.0 -9999.0 -9999.0 -9999.0 -9999.0 -9999.0 -9999.0 -9999.0 -9999.0 -9999.0 -9999.0 -9999.0 -9999.0 -9999.0 -9999.0 -9999.0 -9999.0 -9999.0 -9999.0 -9999.0 -9999.0 -9999.0 -9999.0 -9999.0 -9999.0 -9999.0 -9999.0 -9999.0 -9999.0 -9999.0 -9999.0 -9999.0 -9999.0 -9999.0 -9999.0 -9999.0 -9999.0 -9999.0 -9999.0 -9999.0    15.1    16.1    17.7    17.4    16.8    19.3    18.6    17.8    15.7    16.9    19.7    25.1    23.0    22.6    18.2    15.1    13.1    12.0    12.7    15.2    17.9    19.3    19.1    19.2    21.0    24.4    29.9    35.7    41.2    46.3    43.1    38.7    33.4    36.0    37.5    42.7    48.5    55.7    59.4    59.4 -9999.0 -9999.0 -9999.0 -9999.0
 -9999.0 -9999.0 -9999.0 -9999.0 -9999.0 -9999.0 -9999.0 -9999.0 -9999.0 -9999.0 -9999.0 -9999.0 -9999.0 -9999.0 -9999.0    73.1    54.3    37.5    30.2    35.8    32.1    15.6    29.5    21.5    18.8    18.4    21.7    25.8    29.2    32.2    35.4    38.9    43.1    44.4    47.6    43.1    32.3    45.6    22.6    13.3    14.1    15.3    15.9    17.2 -9999.0 -9999.0 -9999.0 -9999.0 -9999.0 -9999.0 -9999.0 -9999.0 -9999.0 -9999.0 -9999.0 -9999.0 -9999.0 -9999.0 -9999.0 -9999.0 -9999.0 -9999.0 -9999.0 -9999.0 -9999.0 -9999.0 -9999.0 -9999.0 -9999.0 -9999.0 -9999.0 -9999.0 -9999.0 -9999.0 -9999.0 -9999.0 -9999.0 -9999.0 -9999.0    19.5    18.5    17.4    16.3    15.7    16.3    17.4    18.6    18.5    17.8    19.1    17.4    16.8    14.8    15.7    17.3    23.0    19.3    17.2    12.9     9.9     8.2     7.6     8.4    10.7    13.6    15.4    15.1    15.3    17.5    22.4    28.0    34.7    40.3    42.3    36.0    35.6    32.9    33.3    36.9    42.4    49.7    56.0    59.8    59.4 -9999.0 -9999.0 -9999.0 -9999.0
 -9999.0 -9999.0 -9999.0 -9999.0 -9999.0 -9999.0 -9999.0 -9999.0 -9999.0 -9999.0 -9999.0 -9999.0 -9999.0 -9999.0 -9999.0    39.2    37.4    26.0    33.4    35.9    16.4     9.8    10.9    17.8    25.0    32.0    37.7    41.3    42.6    42.1    41.5    40.9    41.6    38.6    36.6    32.4    22.6    17.8     9.0     6.9     6.5     6.2     8.8    11.3    11.3    12.3    24.3 -9999.0 -9999.0 -9999.0 -9999.0 -9999.0 -9999.0 -9999.0 -9999.0 -9999.0 -9999.0 -9999.0 -9999.0 -9999.0 -9999.0 -9999.0 -9999.0 -9999.0 -9999.0 -9999.0 -9999.0 -9999.0 -9999.0 -9999.0 -9999.0 -9999.0 -9999.0 -9999.0 -9999.0 -9999.0 -9999.0 -9999.0    21.3    21.2    20.5    19.3    18.1    17.1    17.0    17.5    18.2    19.1    19.4    19.5    20.1    17.9    16.5    13.6    20.1    13.9    14.7    10.6     8.6     6.3     5.1     4.6     5.0     6.3     8.5    10.3    11.3    13.7    18.6    25.3    31.2    35.9    35.9    37.0    36.8    37.0    34.5    35.2    38.5    44.1    51.2    56.4    58.6 -9999.0 -9999.0 -9999.0 -9999.0 -9999.0
 -9999.0 -9999.0 -9999.0 -9999.0 -9999.0 -9999.0 -9999.0 -9999.0 -9999.0 -9999.0 -9999.0 -9999.0 -9999.0 -9999.0 -9999.0 -9999.0    80.2    75.1    57.4    33.3    20.7    33.3    11.1    30.5    41.3    46.6    52.3    55.0    52.7    48.3    43.9    38.1    34.1    31.9    31.7    29.9    23.6    15.2     8.8     8.7    12.7    11.7    13.6    12.3    11.2     9.3     7.8     7.3 -9999.0 -9999.0 -9999.0 -9999.0 -9999.0 -9999.0 -9999.0 -9999.0 -9999.0 -9999.0 -9999.0 -9999.0 -9999.0 -9999.0 -9999.0 -9999.0 -9999.0 -9999.0 -9999.0 -9999.0 -9999.0 -9999.0 -9999.0 -9999.0 -9999.0 -9999.0 -9999.0 -9999.0 -9999.0 -9999.0    22.4    23.5    23.0    21.8    20.5    19.0    18.2    18.2    20.2    20.0    20.8    22.4    18.6    16.3    17.4    12.0     6.7     7.6     7.5     6.9     5.2     4.1     3.4     3.1     3.2     4.0     5.9     8.7    11.6    16.4    24.4    31.8    35.2    34.4    34.7    37.7    39.3    39.0    40.7    42.5    44.1    48.9 -9999.0 -9999.0 -9999.0 -9999.0 -9999.0 -9999.0 -9999.0 -9999.0
 -9999.0 -9999.0 -9999.0 -9999.0 -9999.0 -9999.0 -9999.0 -9999.0 -9999.0 -9999.0 -9999.0 -9999.0 -9999.0 -9999.0 -9999.0 -9999.0    86.0    82.5    75.6    64.1    44.7    45.5    41.8    25.0     7.0     7.5    15.2    44.1    28.9    44.0    43.7    38.0    60.6    57.7    33.2    30.2    30.0    18.1    10.9    13.1    18.7    16.5    23.5    35.5    14.7     8.9     6.0     5.0 -9999.0 -9999.0 -9999.0 -9999.0 -9999.0 -9999.0 -9999.0 -9999.0 -9999.0 -9999.0 -9999.0 -9999.0 -9999.0 -9999.0 -9999.0 -9999.0 -9999.0 -9999.0 -9999.0 -9999.0 -9999.0 -9999.0 -9999.0 -9999.0 -9999.0 -9999.0 -9999.0 -9999.0 -9999.0    23.6    24.3    25.5    25.6    24.9    23.5    22.3    20.3    19.7    19.7    19.7    19.1    19.0    19.2    13.0     5.5     4.7     5.3     4.4     5.1     4.8     3.7     3.1     2.9     2.8     3.4     4.9     8.2    13.7    19.5    25.4    33.3    38.8    39.0    38.6    37.4    37.4    37.5    41.7    46.2    49.0    49.6 -9999.0 -9999.0 -9999.0 -9999.0 -9999.0 -9999.0 -9999.0 -9999.0 -9999.0
 -9999.0 -9999.0 -9999.0 -9999.0 -9999.0 -9999.0 -9999.0 -9999.0 -9999.0 -9999.0 -9999.0 -9999.0 -9999.0 -9999.0 -9999.0 -9999.0    27.5    21.6    17.9    45.6    56.1    53.2    14.9    22.2    18.0    16.1     5.4    10.1    20.5    28.3    33.6    31.1    18.2    14.2    24.3    29.3    21.3     9.4     4.8     2.2     5.6    13.1    20.3    27.5    22.8    12.3     6.9     4.4     5.3     6.1     5.0 -9999.0 -9999.0 -9999.0 -9999.0 -9999.0 -9999.0 -9999.0 -9999.0 -9999.0 -9999.0 -9999.0 -9999.0 -9999.0 -9999.0 -9999.0 -9999.0 -9999.0 -9999.0 -9999.0 -9999.0 -9999.0 -9999.0 -9999.0 -9999.0 -9999.0    22.5    23.0    23.7    26.0    26.7    26.8    26.2    24.8    22.8    20.6    19.5    19.1    18.4    16.9    15.1     8.8     5.0     2.6     2.7     3.6     4.1     4.1     3.7     3.5     3.6     4.2     5.9    10.0    17.2    26.8    34.8    38.2    40.2    42.2    42.1    37.5    35.6    34.4    35.5    41.1    43.9    48.8    52.2    54.3 -9999.0 -9999.0 -9999.0 -9999.0 -9999.0 -9999.0 -9999.0 -9999.0
 -9999.0 -9999.0 -9999.0 -9999.0 -9999.0 -9999.0 -9999.0 -9999.0 -9999.0 -9999.0 -9999.0 -9999.0 -9999.0 -9999.0 -9999.0    31.9    40.2    37.5    12.7     5.4     3.1     1.1     2.0     8.3     8.6     2.5     3.6    10.7    15.8    18.8    26.1    15.4     4.8     3.5     4.0     5.5     7.9     4.8     2.4     1.9     2.6     6.1    12.8    15.0    13.3    10.6     7.6     5.5     5.1     4.5     4.1     3.4     3.3     3.9     2.8     2.7     2.6     3.0     3.6     4.5     5.1 -9999.0 -9999.0 -9999.0 -9999.0 -9999.0 -9999.0 -9999.0 -9999.0    22.5    29.5    34.0    33.9    31.1    26.6    24.2    21.7    23.5    24.8    25.0    26.3    27.2    27.5    26.6    24.0    21.0    18.6    16.8    16.0    15.1    13.8    10.4     8.8     4.4     3.7     4.0     4.4     5.3     5.9     5.7     6.2     7.8    12.1    21.8    34.0    43.6    50.2    50.3    48.1    44.3    43.1    39.8    34.9    31.3    32.5    37.0    43.3    47.6 -9999.0 -9999.0 -9999.0 -9999.0 -9999.0 -9999.0 -9999.0 -9999.0 -9999.0 -9999.0
 -9999.0 -9999.0 -9999.0 -9999.0 -9999.0 -9999.0 -9999.0 -9999.0 -9999.0 -9999.0 -9999.0 -9999.0 -9999.0 -9999.0    18.5     8.7     4.9     9.6     4.0     2.0     8.0    32.6    23.1     3.0     4.9     1.5     1.9    21.7    26.1    23.1    15.3     9.8     3.3     4.3     3.7     4.5     5.4     4.8     3.9     3.2     3.9     6.4     9.3    10.2     8.9     6.7     5.2     6.0     6.1     6.1     5.6     4.3     3.8     2.7     2.0     2.2     2.1     2.5     3.0     4.0     5.0     5.4     5.4     5.4     5.7     6.5     7.6    10.8    16.9    24.5    31.5    35.2    36.2    32.0    26.4    23.1    21.6    22.1    23.2    23.5    24.5    25.6    26.7    26.6    24.3    19.7    17.1    14.5    13.9    13.0    14.1    15.0     5.6     3.7     2.8     5.4     7.9     7.6     7.8    10.0    10.5    14.5    24.1    38.8    52.9    57.3    56.9    53.9    49.5    44.3    44.2    39.2    32.4    27.9    26.9    30.0    35.7 -9999.0 -9999.0 -9999.0 -9999.0 -9999.0 -9999.0 -9999.0 -9999.0 -9999.0 -9999.0 -9999.0
 -9999.0 -9999.0 -9999.0 -9999.0 -9999.0 -9999.0 -9999.0 -9999.0 -9999.0 -9999.0 -9999.0 -9999.0    19.2    14.8     9.9    16.0     6.1    19.5    35.6    48.7    45.3    35.2    30.3    25.6    21.5    20.0    19.1    18.6    16.5    14.8    10.6     6.0     4.5     2.6     2.0     3.0     4.1     4.1     3.2     3.6     4.3     6.0     7.4     7.4     6.2     5.6     5.6     5.9     7.4     6.1     5.5     4.2     3.6     2.9     2.0     1.9     2.1     2.4     3.0     3.8     4.7     5.3     5.1     4.8     4.6     5.2     6.9    10.1    15.4    23.0    30.3    34.0    36.2    29.4    23.0    19.6    19.2    20.1    21.0    21.9    22.0    22.6    23.6    23.0    20.9    18.1    15.2    12.8    13.3    10.8    10.1     8.8    16.3    15.3     5.6     9.7     8.8     8.5    13.8    19.1    19.2    25.6    36.8    52.7    63.7    60.6    54.5    50.4    47.3    45.8    41.4    34.3    27.8    23.5    27.5 -9999.0 -9999.0 -9999.0 -9999.0 -9999.0 -9999.0 -9999.0 -9999.0 -9999.0 -9999.0 -9999.0 -9999.0 -9999.0
 -9999.0 -9999.0 -9999.0 -9999.0 -9999.0 -9999.0 -9999.0 -9999.0 -9999.0    25.1    24.0    19.8    16.2    18.7    27.0    24.9    23.5    24.9    30.3    33.8    30.2    22.4    17.0    13.8    11.9    10.9    10.5    10.4    10.2     9.6     7.4     5.3     3.8     2.2     2.3     3.4     2.8     2.2     1.9     2.0     2.8     3.7     3.8     3.8     3.5     3.7     4.3     4.9     5.5     7.0     4.8     3.5     2.6     2.5     3.1     2.1     2.1     2.4     2.9     4.0     5.0     5.4     5.2     4.5     4.0     4.8     6.4     9.5    15.3    24.0    32.0    38.3    37.8    30.3    21.6    18.0    17.9    19.3    20.6    21.0    21.4    21.5    19.8    18.9    18.2    16.0    18.6    12.2    11.2     6.4     6.8     8.3     7.6     9.3     8.0    10.2    11.0    14.4    16.9    24.2    31.4    36.9    43.0    53.4    59.1    55.9    49.2    44.0    42.9    39.5    34.5    28.3    21.9 -9999.0 -9999.0 -9999.0 -9999.0 -9999.0 -9999.0 -9999.0 -9999.0 -9999.0 -9999.0 -9999.0 -9999.0 -9999.0 -9999.0 -9999.0
 -9999.0 -9999.0 -9999.0 -9999.0 -9999.0    14.0    25.7    22.4    22.4    21.8    19.1    17.3    15.0    17.3    17.8    16.8    15.9    14.4    15.5    16.3    14.5    11.0     8.2     6.7     5.9     5.5     5.5     5.8     6.1     6.3     5.7     4.4     2.9     2.0     1.7     1.5     1.4     1.3     1.2     1.4     1.7     1.6     1.9     2.3     1.9     1.7     1.3     1.7     2.4     3.0     3.9     3.2     3.4     3.2     3.1     2.2     2.1     2.3     2.8     4.1     5.4     6.5     6.1     5.1     5.3     5.5     6.5    10.8    17.8    21.2    27.7    30.2    28.7    23.3    18.8    17.2    18.4    20.1    22.6    22.3    20.5    19.6    18.7    18.2    17.3    12.1    12.2     8.6     7.6     5.2     3.4     6.7     8.3    11.4    12.9    13.2    14.4    14.7 -9999.0 -9999.0    38.4    40.1    45.0    44.1    42.6    41.6    37.2    36.0    34.8 -9999.0 -9999.0 -9999.0 -9999.0 -9999.0 -9999.0 -9999.0 -9999.0 -9999.0 -9999.0 -9999.0 -9999.0 -9999.0 -9999.0 -9999.0 -9999.0 -9999.0 -9999.0 -9999.0
 -9999.0 -9999.0 -9999.0    11.1     9.1    17.3    16.4    17.2    17.6    16.6    19.1    19.5    16.2    19.9    20.1    14.7    10.5     8.0     7.2     7.0     6.3     5.0     3.8     3.1     2.7     2.9     3.2     3.7     3.7     4.4     4.5     3.9     3.0     2.2     1.6     1.3     1.1     1.0     0.8     0.7     0.7     0.7     0.6     0.7     0.7     0.7     0.8     1.5     1.8     3.1     2.6     2.0     2.1     2.1     2.0     2.0     2.5     2.8     3.2     4.1     5.2     6.0     6.5     7.2     6.3     6.0    11.9     9.7    13.4    18.0    20.7    19.5    18.2    17.1    16.7    17.7    19.9    22.1    23.1    23.0    22.4    25.1    20.1    18.7    23.8    14.3    13.0     9.9     4.7     2.3     2.2     3.0     5.4    11.7    15.5    13.3     9.9 -9999.0 -9999.0 -9999.0    34.8    35.4    24.0    23.3    24.7    27.2    26.2 -9999.0 -9999.0 -9999.0 -9999.0 -9999.0 -9999.0 -9999.0 -9999.0 -9999.0 -9999.0 -9999.0 -9999.0 -9999.0 -9999.0 -9999.0 -9999.0 -9999.0 -9999.0 -9999.0 -9999.0 -9999.0
 -9999.0 -9999.0    11.0    11.1    10.8     9.4    10.7    14.4    20.6    20.7    20.9    20.8    20.3    18.9    15.5    11.2     7.5     5.3     4.1     3.7     3.2     2.6     2.1     1.7     1.5     1.7     1.9     2.2     2.9     3.3     3.7     3.5     2.9     2.3     1.8     1.4     1.1     0.9     0.7     0.6     0.5     0.6     0.7     1.0     1.3     2.7     9.2    10.8     9.7     7.9     8.5     5.9     3.6     2.6     2.5     3.5     2.7     3.1     3.2     4.0     4.5     7.1     5.6     6.0     5.9     6.8     7.8     8.7    13.3    15.3    18.0    14.5    13.3    14.4    16.9    19.6    22.2    23.6    25.5    26.8    27.5    28.0    24.5    23.7    19.9    28.4    16.6     9.6     4.9     3.1     2.2     3.1     5.9     8.6     9.0 -9999.0 -9999.0 -9999.0 -9999.0    25.0    21.7    14.7    11.2    10.7 -9999.0 -9999.0 -9999.0 -9999.0 -9999.0 -9999.0 -9999.0 -9999.0 -9999.0 -9999.0 -9999.0 -9999.0 -9999.0 -9999.0 -9999.0 -9999.0 -9999.0 -9999.0 -9999.0 -9999.0 -9999.0 -9999.0 -9999.0 -9999.0
 -9999.0 -9999.0    15.2    16.7    22.5    15.0    16.0    24.2    25.8    24.2    21.8    19.7    17.7    15.3    12.3     9.0     6.4     4.6     3.5     2.9     2.5     2.1     1.7     1.5     1.4     1.5     1.7     2.0     2.5     2.9     3.3     3.4     3.0     2.5     2.0     1.8     1.7     1.7     1.2     0.8     0.6     1.0     3.4    12.2     4.8     9.6    16.8    12.0    17.5    14.5    12.2    13.8    10.2     7.8     5.0     3.9     2.9     5.8     4.3     6.1     7.4     6.3     6.6     5.7     5.8     6.4     7.1    10.9    19.6    14.0    14.3    12.6    12.9    14.8    19.0    23.6    26.3    29.5    31.8    33.2    32.5    31.4    32.9    31.8    25.6    19.3    10.0     6.3     5.1     4.4     4.4     6.0     9.1    11.8 -9999.0 -9999.0 -9999.0 -9999.0 -9999.0    16.8 -9999.0 -9999.0 -9999.0 -9999.0 -9999.0 -9999.0 -9999.0 -9999.0 -9999.0 -9999.0 -9999.0 -9999.0 -9999.0 -9999.0 -9999.0 -9999.0 -9999.0 -9999.0 -9999.0 -9999.0 -9999.0 -9999.0 -9999.0 -9999.0 -9999.0 -9999.0 -9999.0 -9999.0
 -9999.0 -9999.0    15.1    19.0    18.8    16.9    16.0    16.8    30.4    30.2    25.8    20.9    16.6    13.4    10.5     8.5     6.4     5.2     4.3     3.6     3.2     2.7     2.2     1.9     1.7     1.7     1.8     2.2     2.7     3.3     3.6     3.6     3.4     4.5     4.8     5.2     3.4     2.7     2.3     1.5     0.6     0.6     0.6     1.7     2.5     4.9     8.3    12.2    13.3    13.7    18.2    10.6     8.4    11.0     8.9     9.7     6.6     5.6     8.4     9.9     6.5     6.7     6.2     5.6     5.7     6.5     7.5    18.5    11.1    12.7    14.1    13.1    14.6    18.9    25.5    32.9    37.4    40.7    44.5    44.4    41.5    35.1    35.9    36.9    21.2    13.6     8.5     6.3     6.1     6.3     7.3 -9999.0 -9999.0 -9999.0 -9999.0 -9999.0 -9999.0 -9999.0 -9999.0 -9999.0 -9999.0 -9999.0 -9999.0 -9999.0 -9999.0 -9999.0 -9999.0 -9999.0 -9999.0 -9999.0 -9999.0 -9999.0 -9999.0 -9999.0 -9999.0 -9999.0 -9999.0 -9999.0 -9999.0 -9999.0 -9999.0 -9999.0 -9999.0 -9999.0 -9999.0 -9999.0 -9999.0 -9999.0
 -9999.0 -9999.0 -9999.0    20.4    17.7    19.1    18.6    17.8    18.5    30.8    31.2    23.7    17.1    13.0    11.0     9.4     8.2     7.2     6.2     5.5     5.1     4.5     3.8     3.3     2.9     2.7     2.8     3.0     3.4     3.4     3.1     3.8     4.6     7.8     9.2     6.1     3.7     2.4     1.8     0.9     0.6     0.5     0.5     0.7     1.3     3.6     8.7    12.5    17.1    16.2    13.9    10.9     8.6    11.7     8.0    10.6    11.0    11.8    11.8    10.1     9.8     8.6     7.9     6.3     5.3     5.0     6.7    13.2     8.8    13.1    16.3    15.7    20.0    26.5    36.8    46.4    52.7    55.1    56.0    51.8    44.6    37.1    35.9    34.0    27.3    19.0    12.5     9.8     9.6    10.3    12.2    15.0 -9999.0 -9999.0 -9999.0 -9999.0 -9999.0 -9999.0 -9999.0 -9999.0 -9999.0 -9999.0 -9999.0 -9999.0 -9999.0 -9999.0 -9999.0 -9999.0 -9999.0 -9999.0 -9999.0 -9999.0 -9999.0 -9999.0 -9999.0 -9999.0 -9999.0 -9999.0 -9999.0 -9999.0 -9999.0 -9999.0 -9999.0 -9999.0 -9999.0 -9999.0 -9999.0 -9999.0
 -9999.0 -9999.0 -9999.0 -9999.0 -9999.0    20.1    23.2    23.5    17.0    29.2    33.2    25.1    18.1    14.1    12.4    11.6    11.0    10.3     9.2     8.6     7.5     7.3     6.8     5.8     5.0     4.3     3.6     3.2     1.9     2.4     3.5     5.0     6.6     7.3    10.3     7.0     6.3     4.7     2.4     1.2     0.7     0.5     0.5     0.6     0.8     1.6     3.4    10.1    11.7    16.5    13.5    14.6     8.9     5.4     6.8     9.3    12.8    14.5    12.2    11.0    11.4    11.5    10.4     7.1     5.8     4.5     5.2     5.8     7.3    11.9    16.5    20.0    27.2    38.4    51.8    61.4    65.9    64.3    62.5    56.9    47.6    40.1    33.9    37.5    39.8    31.1    23.0    19.5    19.0    19.2    20.8    23.0    25.9    26.9 -9999.0 -9999.0 -9999.0    30.8 -9999.0 -9999.0 -9999.0 -9999.0 -9999.0 -9999.0 -9999.0 -9999.0 -9999.0 -9999.0 -9999.0 -9999.0 -9999.0 -9999.0 -9999.0 -9999.0 -9999.0 -9999.0 -9999.0 -9999.0 -9999.0 -9999.0 -9999.0 -9999.0 -9999.0 -9999.0 -9999.0 -9999.0 -9999.0 -9999.0
 -9999.0 -9999.0 -9999.0 -9999.0    22.6    21.2    19.4    19.2    17.8    29.2    19.5    17.0    14.4    15.1    15.2    14.8    14.7    14.2    13.1    12.0    12.0    12.0    10.7     7.7     5.3     3.1     2.3     0.8     1.9     2.9     4.5     6.2     7.7     9.3     8.9     8.5     7.1     8.4     5.7     2.7     1.2     0.7     0.6     0.6     0.6     0.7     1.1     2.9     5.9     6.8     8.6     9.2     7.2     7.4     3.0     5.5     8.6    12.7    11.6    13.1    11.8    10.6    10.1     7.7     4.2     6.8     9.7     4.4    15.0    16.1    19.4    30.1    42.2    54.3    64.5    69.6    68.9    64.6    63.1    61.8    54.5    41.1    35.5    36.0    55.6    48.7    39.0    34.1    32.0    31.7    32.8    34.5    35.7    36.0 -9999.0 -9999.0    39.2    44.8    40.6    55.0    20.6 -9999.0 -9999.0 -9999.0 -9999.0 -9999.0 -9999.0 -9999.0 -9999.0 -9999.0 -9999.0 -9999.0 -9999.0 -9999.0 -9999.0 -9999.0 -9999.0 -9999.0 -9999.0 -9999.0 -9999.0 -9999.0 -9999.0 -9999.0 -9999.0 -9999.0 -9999.0 -9999.0
 -9999.0 -9999.0 -9999.0 -9999.0    24.3    23.8    19.8    21.1    13.5    10.6    14.9     5.8     5.2     3.3     9.0     8.3     7.5    12.5    15.1    14.9    11.6    10.0     7.2     1.5     0.3     0.3     0.6     1.2     2.2     3.6     5.5     7.5     9.4    10.8    11.7    11.1    10.8    10.0     6.1     3.3     2.8     1.2     0.8     0.6     0.5     0.5     0.6     0.8     1.6     3.8     5.8     6.1     8.5     3.4     2.4     4.3     7.1    10.1    10.8     5.9     9.5     8.6     8.2     7.6     5.8     4.4    11.9     9.2    12.9    28.3    25.7    37.0    48.4    59.8    65.2    68.4    64.3    61.4    61.0    62.5    55.1    48.1    39.6    51.8    75.1    66.6    54.0    45.5    42.5    43.6    46.1    62.0    52.0    50.2    45.9    40.2    42.7    49.1    50.4 -9999.0 -9999.0 -9999.0 -9999.0 -9999.0 -9999.0 -9999.0 -9999.0 -9999.0 -9999.0 -9999.0 -9999.0 -9999.0 -9999.0 -9999.0 -9999.0 -9999.0 -9999.0 -9999.0 -9999.0 -9999.0 -9999.0 -9999.0 -9999.0 -9999.0 -9999.0 -9999.0 -9999.0 -9999.0
 -9999.0 -9999.0 -9999.0 -9999.0 -9999.0 -9999.0 -9999.0    20.0    14.4    13.0     6.8     4.4     4.1     2.1     1.2     8.7     2.3     6.1     7.4     3.1     0.4     0.1     0.1     0.2     0.3     0.5     0.7     1.4     2.5     4.1     6.3     8.8    11.2    13.1    14.5    14.2    14.1    11.8    10.7     8.4     3.4     5.2     3.7     2.1     1.3     0.7     1.4     1.6     4.1     3.7     4.7     5.9     6.3    17.0    11.0     3.5     4.4     5.5    10.6     7.2    10.3     7.8     8.0     8.7    12.3    10.2    15.7    20.9    21.2    30.4    33.5    41.5    56.7    66.1    66.9    68.9    61.7    59.9    60.5    61.6    57.4    50.0    48.5    64.6    82.8    77.1    63.6    52.4    48.1    53.4    60.9    72.3    85.3    80.8    62.7    54.2    50.5 -9999.0 -9999.0 -9999.0 -9999.0 -9999.0 -9999.0 -9999.0 -9999.0 -9999.0 -9999.0 -9999.0 -9999.0 -9999.0 -9999.0 -9999.0 -9999.0 -9999.0 -9999.0 -9999.0 -9999.0 -9999.0 -9999.0 -9999.0 -9999.0 -9999.0 -9999.0 -9999.0 -9999.0 -9999.0 -9999.0 -9999.0
 -9999.0 -9999.0 -9999.0 -9999.0 -9999.0 -9999.0 -9999.0    16.5    18.6    10.6     6.7     5.2     2.7     1.1     0.8     0.3     0.4     0.3     0.1     0.2     0.2     0.1     0.2     0.2     0.4     0.5     0.9     1.4     3.1     5.1     7.2     9.9    12.8    15.1    16.7    17.2    16.3    15.1    12.5     9.1     6.5     4.5     3.9     7.3     3.8     2.6     5.2     8.1    19.0    17.6    30.9    26.0    11.6    12.1    17.5     5.3     5.5     7.9    10.4    10.8    10.5    12.5    14.2    17.9    18.6    19.9    21.2    22.4    34.3    36.4    45.0    51.9    59.9    67.2    59.4    72.4    67.2    62.1    62.7    61.7    58.0    50.8    49.8    62.3    76.0    77.0    67.1    56.9    55.4    61.7    77.4    97.0   108.3   105.6   100.0    75.6 -9999.0 -9999.0 -9999.0 -9999.0 -9999.0 -9999.0 -9999.0 -9999.0 -9999.0 -9999.0 -9999.0 -9999.0 -9999.0 -9999.0 -9999.0 -9999.0 -9999.0 -9999.0 -9999.0 -9999.0 -9999.0 -9999.0 -9999.0 -9999.0 -9999.0 -9999.0 -9999.0 -9999.0 -9999.0 -9999.0 -9999.0 -9999.0
 -9999.0 -9999.0 -9999.0 -9999.0 -9999.0 -9999.0 -9999.0 -9999.0 -9999.0    10.8     7.7     5.5     2.2     1.1     0.7     0.5     0.2     0.1     0.1     0.0     0.1     0.1     0.2     0.2     0.4     0.6     0.9     1.8     3.6     5.0     8.7    11.4    14.4    16.9    19.1    19.9    19.4    18.0    15.2    12.3     8.5     6.3     4.7     4.5     7.1     9.8    13.9    17.8    22.9    26.0    31.0    26.2    20.1    14.9    20.8     9.2     6.8     8.5    11.4    10.8    10.9    12.0    15.2    23.9    26.4    26.5    23.8    24.7    37.5    45.7    54.5    53.0    52.9    60.5    71.2    60.5    69.1    69.7    66.9    66.0    62.7    57.1    49.0    58.3    69.1    71.6    65.6    63.0    72.1    84.8   107.2   131.8   137.6   138.9   126.7 -9999.0 -9999.0 -9999.0 -9999.0 -9999.0 -9999.0 -9999.0 -9999.0 -9999.0 -9999.0 -9999.0 -9999.0 -9999.0 -9999.0 -9999.0 -9999.0 -9999.0 -9999.0 -9999.0 -9999.0 -9999.0 -9999.0 -9999.0 -9999.0 -9999.0 -9999.0 -9999.0 -9999.0 -9999.0 -9999.0 -9999.0 -9999.0 -9999.0
 -9999.0 -9999.0 -9999.0 -9999.0 -9999.0 -9999.0 -9999.0 -9999.0 -9999.0 -9999.0 -9999.0     3.8     4.3     0.9     0.6     0.3     0.2     0.1     0.1     0.1     0.0     0.1     0.1     0.2     0.2     0.4     0.7     1.5     3.1     5.7     8.6    11.2    15.5    18.5    21.1    22.0    22.4    21.2    20.3    15.9    13.1     9.1     6.7     6.5    11.6    12.3    23.3    24.7    31.2    31.8    26.6    25.7    23.5    23.9    26.4    18.3    13.0    14.3    13.0    12.1    11.9    12.8    17.1    22.8    25.2    24.7    20.8    25.9    35.0    46.2    55.2    54.8    47.6    46.6    49.1    64.8    76.9    74.8    70.7    73.0    70.7    61.3    60.5    64.0    69.9    70.4    69.6    77.4    97.3   117.8   134.9   150.9   159.3   157.6   149.8 -9999.0 -9999.0 -9999.0 -9999.0 -9999.0 -9999.0 -9999.0 -9999.0 -9999.0 -9999.0 -9999.0 -9999.0 -9999.0 -9999.0 -9999.0 -9999.0 -9999.0 -9999.0 -9999.0 -9999.0 -9999.0 -9999.0 -9999.0 -9999.0 -9999.0 -9999.0 -9999.0 -9999.0 -9999.0 -9999.0 -9999.0 -9999.0 -9999.0
 -9999.0 -9999.0 -9999.0 -9999.0 -9999.0 -9999.0 -9999.0 -9999.0 -9999.0 -9999.0 -9999.0 -9999.0     3.7     2.1     0.5     0.4     0.1     0.1     0.1     0.0     0.1     0.1     0.1     0.2     0.1     0.4     0.9     1.3     2.9     4.4     8.2    12.0    15.6    18.3    21.1    23.3    23.6    23.3    21.3    18.1    14.6    11.3     9.1    10.0    12.1    17.3    25.2    25.5    29.8    31.2    37.3    34.1    26.1    20.3    21.3    22.2    21.6    23.0    15.2    16.4    14.2    13.9    15.0    19.4    24.5    29.2    25.7    29.9    36.2    45.1    55.7    55.4    50.4    54.6    70.9   101.4    85.6    76.7    73.2    80.8    85.7    81.9    79.5    76.8    75.4    73.6    77.0    94.0   119.8   134.1   136.5   139.0   141.2   137.5   137.6   141.1   140.3 -9999.0 -9999.0 -9999.0 -9999.0 -9999.0 -9999.0 -9999.0 -9999.0 -9999.0 -9999.0 -9999.0 -9999.0 -9999.0 -9999.0 -9999.0 -9999.0 -9999.0 -9999.0 -9999.0 -9999.0 -9999.0 -9999.0 -9999.0 -9999.0 -9999.0 -9999.0 -9999.0 -9999.0 -9999.0 -9999.0 -9999.0
 -9999.0 -9999.0 -9999.0 -9999.0 -9999.0 -9999.0 -9999.0 -9999.0 -9999.0 -9999.0 -9999.0 -9999.0     2.0     2.8     2.0     0.3     0.4     0.1     0.0     0.0     0.0     0.0     0.0     0.1     0.3     0.4     0.7     1.9     2.9     5.6     7.7    10.2    14.5    18.0    20.4    22.8    23.1    23.2    21.8    19.0    15.2    12.0    11.7    10.3    14.3    21.0    23.2    25.7    22.2    28.2    27.0    29.1    22.0    23.4    16.3    21.9    21.0    24.3    20.5    19.7    18.5    17.5    17.7    21.2    23.2    27.3    23.1    33.1    40.7    48.4    60.0    80.9    97.3    99.8   113.4   110.3    95.4    88.8    79.6    83.9   103.0    89.7    92.7    90.5    84.0    78.4    81.6    99.3   118.8   117.5   102.0    94.4    93.5    99.5   109.8   128.1   140.9 -9999.0 -9999.0 -9999.0 -9999.0 -9999.0 -9999.0 -9999.0 -9999.0 -9999.0 -9999.0 -9999.0 -9999.0 -9999.0 -9999.0 -9999.0 -9999.0 -9999.0 -9999.0 -9999.0 -9999.0 -9999.0 -9999.0 -9999.0 -9999.0 -9999.0 -9999.0 -9999.0 -9999.0 -9999.0 -9999.0 -9999.0
 -9999.0 -9999.0 -9999.0 -9999.0 -9999.0 -9999.0 -9999.0 -9999.0 -9999.0 -9999.0 -9999.0 -9999.0 -9999.0     1.8     0.5     0.9     0.2     0.2     0.1     0.1     0.0     0.1     0.0     0.2     0.2     0.2     0.4     0.6     1.8     3.8     7.2    10.7    12.5    15.4    19.3    20.7    21.4    21.1    20.0    17.4    14.2    12.2    10.7    13.0    14.0    17.1    23.7    29.1    31.1    29.5    28.1    22.3    19.6    34.6    26.6    23.4    23.0    28.9    34.3    29.3    26.4    23.3    23.5    24.7    15.8    22.2    31.3    45.3    57.1    65.6    69.7    77.5    99.7   122.1   135.2   128.7   110.9    92.9    89.6    95.5   106.3   104.4   106.8   101.8    92.1    83.9    83.3    91.0    98.2    84.1    63.4    59.3    63.8    76.7    95.4   115.2   130.1 -9999.0 -9999.0 -9999.0 -9999.0 -9999.0 -9999.0 -9999.0 -9999.0 -9999.0 -9999.0 -9999.0 -9999.0 -9999.0 -9999.0 -9999.0 -9999.0 -9999.0 -9999.0 -9999.0 -9999.0 -9999.0 -9999.0 -9999.0 -9999.0 -9999.0 -9999.0 -9999.0 -9999.0 -9999.0 -9999.0 -9999.0
 -9999.0 -9999.0 -9999.0 -9999.0 -9999.0 -9999.0 -9999.0 -9999.0 -9999.0 -9999.0 -9999.0 -9999.0     4.3     1.4     0.6     0.6     0.1     0.1     0.1     0.1     0.1     0.1     0.1     0.2     0.3     0.2     0.4     0.9     1.9     3.2     5.8     9.6    10.3    13.8    15.1    16.8    16.5    17.7    16.0    13.2    12.3    12.7    13.8    10.0    13.7    18.3    21.4    22.0    24.8    26.0    32.0    36.6    23.8    26.2    19.1    19.4    27.9    23.3    33.5    32.1    32.8    33.6    30.9    33.7    30.1    28.2    45.6    65.0    75.0    82.0    95.0   107.0   109.7    97.0   106.6   112.2   106.6   103.5   108.6   117.1   122.1   121.3   111.3    99.4    91.1    87.3    86.9    86.0    81.1    63.3    48.1    50.9    63.1    71.6    85.7    98.2   105.9   102.7 -9999.0 -9999.0 -9999.0 -9999.0 -9999.0 -9999.0 -9999.0 -9999.0 -9999.0 -9999.0 -9999.0 -9999.0 -9999.0 -9999.0 -9999.0 -9999.0 -9999.0 -9999.0 -9999.0 -9999.0 -9999.0 -9999.0 -9999.0 -9999.0 -9999.0 -9999.0 -9999.0 -9999.0 -9999.0 -9999.0
 -9999.0 -9999.0 -9999.0 -9999.0 -9999.0 -9999.0 -9999.0 -9999.0 -9999.0 -9999.0 -9999.0 -9999.0     4.9     5.5     2.0     0.4     0.2     0.3     0.2     0.1     0.2     0.1     0.1     0.2     0.4     0.6     0.7     1.2     1.8     3.4     5.5     7.6     8.5    12.1    12.8    12.4    13.4    12.9    11.7     9.4     7.4     6.6     7.1     9.1    12.7    17.9    25.3    27.9    29.0    22.7    24.3    31.7    21.9    15.6    13.8    11.5    20.2    29.2    31.9    40.9    44.3    46.4    33.6    30.0    29.8    37.8    44.3    76.4    93.3   101.6   106.6   109.1   107.3   129.8   140.8   112.1    87.5   101.9   116.7   126.7   130.3   123.3   101.7    91.1    90.1    95.4    97.4    95.0    82.9    64.6    51.8    54.9    67.1    70.2    74.2    78.0    81.0    78.6    72.9 -9999.0 -9999.0 -9999.0 -9999.0 -9999.0 -9999.0 -9999.0 -9999.0 -9999.0 -9999.0 -9999.0 -9999.0 -9999.0 -9999.0 -9999.0 -9999.0 -9999.0 -9999.0 -9999.0 -9999.0 -9999.0 -9999.0 -9999.0 -9999.0 -9999.0 -9999.0 -9999.0 -9999.0 -9999.0
 -9999.0 -9999.0 -9999.0 -9999.0 -9999.0 -9999.0 -9999.0 -9999.0 -9999.0 -9999.0 -9999.0 -9999.0    15.7     4.5     4.8     1.7     0.8     0.2     0.2     0.1     0.1     0.1     0.2     0.2     0.4     0.3     0.5     0.5     1.6     2.4     3.9     4.4     7.9    10.0     9.8     8.6     8.8     8.9     8.6     6.5     5.7     6.7     8.7    10.1    13.8    21.3    27.5    27.8    26.2    28.3    30.8    26.5    44.9    43.6    26.1     9.3    17.8    28.0    37.0    35.1    38.6    41.0    56.8    32.5    31.9    61.6    61.1    67.8    79.0    83.7    85.4   105.7   109.0   128.8   148.7   123.5   125.5    84.1   105.8   117.8   106.9    98.6    79.7    88.7   112.7   125.5   129.3   149.5    95.8    76.8    63.2    60.7    64.9    69.2    72.2    74.0    73.7    69.6    64.6    62.1 -9999.0 -9999.0 -9999.0 -9999.0 -9999.0 -9999.0 -9999.0 -9999.0 -9999.0 -9999.0 -9999.0 -9999.0 -9999.0 -9999.0 -9999.0 -9999.0 -9999.0 -9999.0 -9999.0 -9999.0 -9999.0 -9999.0 -9999.0 -9999.0 -9999.0 -9999.0 -9999.0 -9999.0
 -9999.0 -9999.0 -9999.0 -9999.0 -9999.0 -9999.0 -9999.0 -9999.0 -9999.0 -9999.0 -9999.0 -9999.0 -9999.0     7.3     3.9     3.2     1.3     0.9     0.4     0.3     0.2     0.3     0.3     0.4     0.8     0.8     1.0     1.3     1.0     2.2     1.9     3.3     4.6     6.5     5.8     4.2     4.6     6.7     6.6     6.4     6.3     8.1    11.8    14.5    18.1    22.3    27.8    29.0    34.7    36.2    34.0    41.1    34.5    20.4    30.9    28.9    15.3    22.5    36.6    55.8    53.7    80.0    55.3    30.1    56.5    55.1    47.5    48.3    57.1    67.3    70.0    70.3    95.2    61.6    99.7    77.2    65.1    72.5    97.6    96.8    87.6    86.6    94.8   117.2   147.2   162.5   160.7   200.1   148.0    99.6    78.1    69.7    68.6    73.3    81.4    92.3    82.8    72.7    66.0 -9999.0 -9999.0 -9999.0 -9999.0 -9999.0 -9999.0 -9999.0 -9999.0 -9999.0 -9999.0 -9999.0 -9999.0 -9999.0 -9999.0 -9999.0 -9999.0 -9999.0 -9999.0 -9999.0 -9999.0 -9999.0 -9999.0 -9999.0 -9999.0 -9999.0 -9999.0 -9999.0 -9999.0 -9999.0
 -9999.0 -9999.0 -9999.0 -9999.0 -9999.0 -9999.0 -9999.0 -9999.0 -9999.0 -9999.0 -9999.0 -9999.0 -9999.0    29.4     8.8     7.2     3.1     3.1     2.0     1.3     1.0     1.1     1.2     1.5     3.6     2.6     2.1     2.5     1.7     0.9     1.1     1.6     2.8     3.3     2.7     2.7     3.9     5.4     5.3     5.6     7.0     9.4    13.5    18.1    24.5    27.0    30.9    34.0    35.0    36.7    41.7    34.6    38.7    41.2    41.9    32.2    23.1    29.8    45.6    37.1    61.6    39.6    39.6    57.4    51.6    42.3    33.7    36.8    47.8    56.0    60.6    67.9    71.3    82.1    92.6   104.2   111.1    74.3    78.1    91.0    95.7   110.2   142.7   180.7   196.2   185.9   165.9   146.1   137.8   115.7   101.4    88.3    86.5    89.7    95.0   101.1    92.7    80.1    73.4 -9999.0 -9999.0 -9999.0 -9999.0 -9999.0 -9999.0 -9999.0 -9999.0 -9999.0 -9999.0 -9999.0 -9999.0 -9999.0 -9999.0 -9999.0 -9999.0 -9999.0 -9999.0 -9999.0 -9999.0 -9999.0 -9999.0 -9999.0 -9999.0 -9999.0 -9999.0 -9999.0 -9999.0 -9999.0
 -9999.0 -9999.0 -9999.0 -9999.0 -9999.0 -9999.0 -9999.0 -9999.0 -9999.0 -9999.0 -9999.0 -9999.0 -9999.0 -9999.0 -9999.0    15.4    12.4     7.9     7.4     8.1     5.6     7.1     8.2     8.0     7.2     6.8     4.0     3.3     1.9     1.4     1.0     1.0     1.4     1.6     1.7     1.9     2.4     6.0     5.8     6.1     7.1    10.2    14.5    20.1    31.6    42.7    34.2    43.2    36.4    34.6    36.5    48.7    38.6    36.1    22.0    30.6    34.0    33.0    59.1    73.7    49.5    50.2    67.0    56.4    45.5    36.3    33.6    41.6    54.0    62.8    69.1    75.9   100.0   101.7    95.4   127.6   127.1   135.0   108.9   107.6   125.3   156.3   202.4   240.4   225.5   182.2   149.1   137.4   136.1   144.9   134.0   128.0   121.2   122.1   113.4   102.1    98.3 -9999.0    85.3 -9999.0 -9999.0 -9999.0 -9999.0 -9999.0 -9999.0 -9999.0 -9999.0 -9999.0 -9999.0 -9999.0 -9999.0 -9999.0 -9999.0 -9999.0 -9999.0 -9999.0 -9999.0 -9999.0 -9999.0 -9999.0 -9999.0 -9999.0 -9999.0 -9999.0 -9999.0 -9999.0 -9999.0 -9999.0
 -9999.0 -9999.0 -9999.0 -9999.0 -9999.0 -9999.0 -9999.0 -9999.0 -9999.0 -9999.0 -9999.0 -9999.0 -9999.0 -9999.0 -9999.0 -9999.0 -9999.0   143.6    52.5 -9999.0    36.7    21.3    29.4    29.7    21.2    19.6    12.4     9.3     6.5     2.9     1.6     1.3     1.8     1.7     2.8     1.8     2.7     8.4     4.9     5.5     6.6    10.0    13.4    19.7    67.6    51.3   120.3    36.4    36.9    34.3    31.0    33.1    28.2    34.7    34.1    35.0    32.7    53.7    68.0    84.5    56.5    58.5    60.3    51.8    40.0    34.8    40.3    52.6    68.6    76.5    80.4   104.6   117.6   107.1   118.1   144.3   147.4   142.4   139.1   134.9   156.4   186.4   219.1   231.8   201.4   161.2   141.0   134.5   151.8   169.4   171.7   159.8   137.2   123.7   119.9   126.5   105.9   108.3   119.9   114.9   100.5 -9999.0 -9999.0 -9999.0 -9999.0 -9999.0 -9999.0 -9999.0 -9999.0 -9999.0 -9999.0 -9999.0 -9999.0 -9999.0 -9999.0 -9999.0 -9999.0 -9999.0 -9999.0 -9999.0 -9999.0 -9999.0 -9999.0 -9999.0 -9999.0 -9999.0 -9999.0 -9999.0
 -9999.0 -9999.0 -9999.0 -9999.0 -9999.0 -9999.0 -9999.0 -9999.0 -9999.0 -9999.0 -9999.0 -9999.0 -9999.0 -9999.0 -9999.0 -9999.0 -9999.0 -9999.0 -9999.0 -9999.0 -9999.0    63.8    56.6    47.1    51.3    62.7    49.3    34.0    18.9    12.1     5.3     6.5     4.3     3.7     4.7     3.1     3.6     5.0     7.2     9.8     8.2     8.9    12.4    16.6    66.8    34.2   150.0    46.8    36.0    70.1    28.9    41.6    38.6    20.7    23.5    33.6    41.5    49.8    81.6    95.0    55.3    49.7    45.4    39.1    37.5    40.4    52.9    67.4    84.0    91.8   100.8   120.7   133.2   122.5   120.3   138.0   150.2   141.1   152.4   166.2   176.9   187.8   195.3   186.1   193.7   151.2   146.7   152.0   162.7   170.5   174.2   152.1   155.2   157.0   115.3   122.2   128.9   132.4   142.5   101.8 -9999.0 -9999.0 -9999.0 -9999.0 -9999.0 -9999.0 -9999.0 -9999.0 -9999.0 -9999.0 -9999.0 -9999.0 -9999.0 -9999.0 -9999.0 -9999.0 -9999.0 -9999.0 -9999.0 -9999.0 -9999.0 -9999.0 -9999.0 -9999.0 -9999.0 -9999.0 -9999.0 -9999.0
 -9999.0 -9999.0 -9999.0 -9999.0 -9999.0 -9999.0 -9999.0 -9999.0 -9999.0 -9999.0 -9999.0 -9999.0 -9999.0 -9999.0 -9999.0 -9999.0 -9999.0 -9999.0 -9999.0 -9999.0 -9999.0 -9999.0 -9999.0   198.2   124.3   120.3   103.8    75.2    43.6    32.4    18.9    14.1    15.6    12.5    12.0     9.9     9.2     7.9     7.9     8.1     7.1     9.8     8.9    17.1    60.0   163.1    75.8    55.3    58.7    51.7    23.5    27.1    16.5    15.6    12.7    13.3    31.1    55.3    67.1    97.7    68.9    62.1    47.6    28.1    30.0    44.3    65.0    80.5    87.2   102.8   119.0   142.6   160.2   168.4   151.3   157.6   183.6   183.9   181.0   194.7   195.9   185.6   182.5   183.5   181.1   225.4   166.1   175.8   163.5   155.2   153.9   151.6   125.1   132.8   129.3   141.1   148.5   155.9   105.5 -9999.0 -9999.0 -9999.0 -9999.0 -9999.0 -9999.0 -9999.0 -9999.0 -9999.0 -9999.0 -9999.0 -9999.0 -9999.0 -9999.0 -9999.0 -9999.0 -9999.0 -9999.0 -9999.0 -9999.0 -9999.0 -9999.0 -9999.0 -9999.0 -9999.0 -9999.0 -9999.0 -9999.0 -9999.0
 -9999.0 -9999.0 -9999.0 -9999.0 -9999.0 -9999.0 -9999.0 -9999.0 -9999.0 -9999.0 -9999.0 -9999.0 -9999.0 -9999.0 -9999.0 -9999.0 -9999.0 -9999.0 -9999.0 -9999.0 -9999.0 -9999.0 -9999.0 -9999.0 -9999.0   382.8   240.6   114.0    93.8    77.6    56.4    50.6    47.2    41.2    38.6    31.3    32.5    19.9    18.7    12.6    14.0     7.7    39.9    40.3   117.0   156.0   112.6   161.5    26.5    35.4    22.4    16.2    18.0    14.3     9.0    10.1    23.5    37.1    68.1    89.5    95.2    75.5    93.9    23.6    28.7    44.2    64.6    79.1    96.4   113.5   132.0   159.0   168.6   194.2   199.3   191.6   202.2   220.3   240.6   223.8   221.0   213.0   205.6   205.1   208.6   185.6   185.5   175.2   154.6   132.8   122.3   122.0   128.1   159.1   151.0   177.2   155.2   136.8 -9999.0 -9999.0 -9999.0 -9999.0 -9999.0 -9999.0 -9999.0 -9999.0 -9999.0 -9999.0 -9999.0 -9999.0 -9999.0 -9999.0 -9999.0 -9999.0 -9999.0 -9999.0 -9999.0 -9999.0 -9999.0 -9999.0 -9999.0 -9999.0 -9999.0 -9999.0 -9999.0 -9999.0 -9999.0 -9999.0
 -9999.0 -9999.0 -9999.0 -9999.0 -9999.0 -9999.0 -9999.0 -9999.0 -9999.0 -9999.0 -9999.0 -9999.0 -9999.0 -9999.0 -9999.0 -9999.0 -9999.0 -9999.0 -9999.0 -9999.0 -9999.0 -9999.0 -9999.0 -9999.0 -9999.0 -9999.0 -9999.0   501.5   448.3   236.7   182.8   153.2   105.3   129.7    92.3   136.6    62.0    47.5    44.5    23.7    18.2    13.8    54.1   112.6   124.2   142.5   155.6   152.7   143.5    57.5    86.8    70.4    10.7    10.0     8.1    11.7    16.6    29.0    57.4    69.8    54.8    73.3    36.8    33.3    42.6    45.6    65.7    87.5   104.3   117.2   131.8   163.7   152.9   184.0   178.4   199.7   248.7   251.0   223.6   220.1   233.4   234.6   241.0   247.8   225.0   203.2   193.8   196.7   149.8   119.9   125.9   167.2   133.3   136.7   163.5   178.0   156.3 -9999.0 -9999.0 -9999.0 -9999.0 -9999.0 -9999.0 -9999.0 -9999.0 -9999.0 -9999.0 -9999.0 -9999.0 -9999.0 -9999.0 -9999.0 -9999.0 -9999.0 -9999.0 -9999.0 -9999.0 -9999.0 -9999.0 -9999.0 -9999.0 -9999.0 -9999.0 -9999.0 -9999.0 -9999.0 -9999.0 -9999.0
 -9999.0 -9999.0 -9999.0 -9999.0 -9999.0 -9999.0 -9999.0 -9999.0 -9999.0 -9999.0 -9999.0 -9999.0 -9999.0 -9999.0 -9999.0 -9999.0 -9999.0 -9999.0 -9999.0 -9999.0 -9999.0 -9999.0 -9999.0 -9999.0 -9999.0 -9999.0 -9999.0 -9999.0 -9999.0 -9999.0 -9999.0 -9999.0 -9999.0   280.5   182.9 -9999.0 -9999.0 -9999.0   109.1    49.2    52.7    65.8    48.0   120.1   137.3   133.9 -9999.0 -9999.0 -9999.0 -9999.0 -9999.0 -9999.0    23.5     9.1    15.0    17.2    21.5    33.1    45.3    50.4    54.8    57.4    40.0    34.4    33.4    44.8    72.4   108.9   130.3   125.1   121.5   153.9   173.1   136.4   167.5   181.8   233.3   233.5   203.9   195.6   205.2   221.7   247.6   260.0   247.0   211.2   190.2   181.2   176.8   130.1   131.9   129.5   123.8   124.8   139.4   149.8   112.9 -9999.0 -9999.0 -9999.0 -9999.0 -9999.0 -9999.0 -9999.0 -9999.0 -9999.0 -9999.0 -9999.0 -9999.0 -9999.0 -9999.0 -9999.0 -9999.0 -9999.0 -9999.0 -9999.0 -9999.0 -9999.0 -9999.0 -9999.0 -9999.0 -9999.0 -9999.0 -9999.0 -9999.0 -9999.0 -9999.0 -9999.0
 -9999.0 -9999.0 -9999.0 -9999.0 -9999.0 -9999.0 -9999.0 -9999.0 -9999.0 -9999.0 -9999.0 -9999.0 -9999.0 -9999.0 -9999.0 -9999.0 -9999.0 -9999.0 -9999.0 -9999.0 -9999.0 -9999.0 -9999.0 -9999.0 -9999.0 -9999.0 -9999.0 -9999.0 -9999.0 -9999.0 -9999.0 -9999.0 -9999.0 -9999.0 -9999.0 -9999.0 -9999.0 -9999.0 -9999.0   203.0   172.2   153.5   140.0   128.7 -9999.0 -9999.0 -9999.0 -9999.0 -9999.0 -9999.0 -9999.0 -9999.0    21.6    11.7    14.1    25.3    33.1    36.8    37.7    40.2    42.5    40.6    32.7    26.0    28.0    40.9    72.9   119.6   153.1   175.7   170.6   161.8   129.3   146.3   104.8   148.4   186.5   190.4   174.5   158.3   163.6   177.3   210.1   237.1   229.8   193.6   171.2   173.5   164.9   151.7   128.6   113.3   101.5   102.0   110.0   101.6 -9999.0 -9999.0 -9999.0 -9999.0 -9999.0 -9999.0 -9999.0 -9999.0 -9999.0 -9999.0 -9999.0 -9999.0 -9999.0 -9999.0 -9999.0 -9999.0 -9999.0 -9999.0 -9999.0 -9999.0 -9999.0 -9999.0 -9999.0 -9999.0 -9999.0 -9999.0 -9999.0 -9999.0 -9999.0 -9999.0 -9999.0 -9999.0
 -9999.0 -9999.0 -9999.0 -9999.0 -9999.0 -9999.0 -9999.0 -9999.0 -9999.0 -9999.0 -9999.0 -9999.0 -9999.0 -9999.0 -9999.0 -9999.0 -9999.0 -9999.0 -9999.0 -9999.0 -9999.0 -9999.0 -9999.0 -9999.0 -9999.0 -9999.0 -9999.0 -9999.0 -9999.0 -9999.0 -9999.0 -9999.0 -9999.0 -9999.0 -9999.0 -9999.0 -9999.0 -9999.0 -9999.0 -9999.0 -9999.0 -9999.0 -9999.0 -9999.0 -9999.0 -9999.0 -9999.0 -9999.0 -9999.0 -9999.0 -9999.0 -9999.0    55.9    16.1    21.2    26.3    39.5    40.9    40.2    44.2    44.5    39.7    43.1    22.8    25.6    40.7    74.9   122.8   172.6   194.2   181.5   167.3   210.2   135.5   123.9   130.2   160.1   158.3   141.1   129.1   126.3   132.5   158.3   182.2   186.5   164.8   136.0   131.0   147.3   146.8   135.8   130.7    84.6    89.6    72.1 -9999.0 -9999.0 -9999.0 -9999.0 -9999.0 -9999.0 -9999.0 -9999.0 -9999.0 -9999.0 -9999.0 -9999.0 -9999.0 -9999.0 -9999.0 -9999.0 -9999.0 -9999.0 -9999.0 -9999.0 -9999.0 -9999.0 -9999.0 -9999.0 -9999.0 -9999.0 -9999.0 -9999.0 -9999.0 -9999.0 -9999.0 -9999.0 -9999.0
 -9999.0 -9999.0 -9999.0 -9999.0 -9999.0 -9999.0 -9999.0 -9999.0 -9999.0 -9999.0 -9999.0 -9999.0 -9999.0 -9999.0 -9999.0 -9999.0 -9999.0 -9999.0 -9999.0 -9999.0 -9999.0 -9999.0 -9999.0 -9999.0 -9999.0 -9999.0 -9999.0 -9999.0 -9999.0 -9999.0 -9999.0 -9999.0 -9999.0 -9999.0 -9999.0 -9999.0 -9999.0 -9999.0 -9999.0 -9999.0 -9999.0 -9999.0 -9999.0 -9999.0 -9999.0 -9999.0 -9999.0 -9999.0 -9999.0 -9999.0 -9999.0    46.1    34.4    23.3    36.1    38.2    43.3    48.2    47.3    38.5    51.2    42.1    38.5    30.3    35.1    53.1    78.9    84.1   152.6   156.2   144.9   137.8    99.8    80.9   110.2   140.7   167.9   152.5   127.0   106.8    96.6    96.7   126.0   128.6   141.2   134.8   121.9    96.0   113.2   120.9   152.6   128.1    95.9    49.8    34.9 -9999.0 -9999.0 -9999.0 -9999.0 -9999.0 -9999.0 -9999.0 -9999.0 -9999.0 -9999.0 -9999.0 -9999.0 -9999.0 -9999.0 -9999.0 -9999.0 -9999.0 -9999.0 -9999.0 -9999.0 -9999.0 -9999.0 -9999.0 -9999.0 -9999.0 -9999.0 -9999.0 -9999.0 -9999.0 -9999.0 -9999.0 -9999.0 -9999.0
 -9999.0 -9999.0 -9999.0 -9999.0 -9999.0 -9999.0 -9999.0 -9999.0 -9999.0 -9999.0 -9999.0 -9999.0 -9999.0 -9999.0 -9999.0 -9999.0 -9999.0 -9999.0 -9999.0 -9999.0 -9999.0 -9999.0 -9999.0 -9999.0 -9999.0 -9999.0 -9999.0 -9999.0 -9999.0 -9999.0 -9999.0 -9999.0 -9999.0 -9999.0 -9999.0 -9999.0 -9999.0 -9999.0 -9999.0 -9999.0 -9999.0 -9999.0 -9999.0 -9999.0 -9999.0 -9999.0 -9999.0 -9999.0 -9999.0 -9999.0    44.2    34.0    32.5    32.5    38.0    41.6    40.5    38.7    52.1    62.3    62.2    46.3    43.9    39.7    52.9    67.6    81.4    84.4   117.9   102.9   115.2    90.0    91.2   122.0   144.6   166.4   152.1   149.9   109.7    90.0    80.2    76.8    82.3    91.6   100.9   106.7   101.8    83.2    94.1   117.5   138.2   135.7    74.0    33.8    10.9 -9999.0 -9999.0 -9999.0 -9999.0 -9999.0 -9999.0 -9999.0 -9999.0 -9999.0 -9999.0 -9999.0 -9999.0 -9999.0 -9999.0 -9999.0 -9999.0 -9999.0 -9999.0 -9999.0 -9999.0 -9999.0 -9999.0 -9999.0 -9999.0 -9999.0 -9999.0 -9999.0 -9999.0 -9999.0 -9999.0 -9999.0 -9999.0 -9999.0
 -9999.0 -9999.0 -9999.0 -9999.0 -9999.0 -9999.0 -9999.0 -9999.0 -9999.0 -9999.0 -9999.0 -9999.0 -9999.0 -9999.0 -9999.0 -9999.0 -9999.0 -9999.0 -9999.0 -9999.0 -9999.0 -9999.0 -9999.0 -9999.0 -9999.0 -9999.0 -9999.0 -9999.0 -9999.0 -9999.0 -9999.0 -9999.0 -9999.0 -9999.0 -9999.0 -9999.0 -9999.0 -9999.0 -9999.0 -9999.0 -9999.0 -9999.0 -9999.0 -9999.0 -9999.0 -9999.0 -9999.0 -9999.0 -9999.0 -9999.0    34.5    32.0    46.0    40.9    42.7    42.8    32.8    57.6    67.5    68.2    61.1    51.0    43.0    44.4    54.1    53.0    59.5    57.7    72.1    80.9   103.0   114.3   120.4   122.0   112.4   105.8   132.6   102.4    90.1    87.2    77.3    75.6    70.3    67.5    75.1    81.0    88.9    94.2    97.4   104.3   119.9    76.9    39.5    11.5 -9999.0 -9999.0 -9999.0 -9999.0 -9999.0 -9999.0 -9999.0 -9999.0 -9999.0 -9999.0 -9999.0 -9999.0 -9999.0 -9999.0 -9999.0 -9999.0 -9999.0 -9999.0 -9999.0 -9999.0 -9999.0 -9999.0 -9999.0 -9999.0 -9999.0 -9999.0 -9999.0 -9999.0 -9999.0 -9999.0 -9999.0 -9999.0 -9999.0 -9999.0
 -9999.0 -9999.0 -9999.0 -9999.0 -9999.0 -9999.0 -9999.0 -9999.0 -9999.0 -9999.0 -9999.0 -9999.0 -9999.0 -9999.0 -9999.0 -9999.0 -9999.0 -9999.0 -9999.0 -9999.0 -9999.0 -9999.0 -9999.0 -9999.0 -9999.0 -9999.0 -9999.0 -9999.0 -9999.0 -9999.0 -9999.0 -9999.0 -9999.0 -9999.0 -9999.0 -9999.0 -9999.0 -9999.0 -9999.0 -9999.0 -9999.0 -9999.0 -9999.0 -9999.0 -9999.0 -9999.0 -9999.0 -9999.0 -9999.0 -9999.0    29.4    34.8    48.3    48.2    46.7    43.1    64.0    62.8    78.2    61.0    59.3    46.6    35.8    32.6    39.3    40.0    42.0    47.2    54.9    82.9   106.8   143.9   119.9   131.6    90.0    90.3   125.8    77.2    78.4    74.8    83.3    75.0    62.0    53.3    64.4    67.8    80.6    91.1    96.8    83.4    82.3    34.9 -9999.0 -9999.0 -9999.0 -9999.0 -9999.0 -9999.0 -9999.0 -9999.0 -9999.0 -9999.0 -9999.0 -9999.0 -9999.0 -9999.0 -9999.0 -9999.0 -9999.0 -9999.0 -9999.0 -9999.0 -9999.0 -9999.0 -9999.0 -9999.0 -9999.0 -9999.0 -9999.0 -9999.0 -9999.0 -9999.0 -9999.0 -9999.0 -9999.0 -9999.0 -9999.0 -9999.0
 -9999.0 -9999.0 -9999.0 -9999.0 -9999.0 -9999.0 -9999.0 -9999.0 -9999.0 -9999.0 -9999.0 -9999.0 -9999.0 -9999.0 -9999.0 -9999.0 -9999.0 -9999.0 -9999.0 -9999.0 -9999.0 -9999.0 -9999.0 -9999.0 -9999.0 -9999.0 -9999.0 -9999.0 -9999.0 -9999.0 -9999.0 -9999.0 -9999.0 -9999.0 -9999.0 -9999.0 -9999.0 -9999.0 -9999.0 -9999.0 -9999.0 -9999.0 -9999.0 -9999.0 -9999.0 -9999.0 -9999.0 -9999.0 -9999.0 -9999.0    28.0    39.9    48.9    55.9    56.4    65.0    45.6    69.9    77.8    55.5    59.2    41.8    23.5    31.4    38.6    39.8    44.2    48.8    59.5    56.7    91.4   109.0   111.9   107.9    79.6    99.2   115.2    78.8    82.1    66.7    70.8    69.8    50.9    45.8    47.1    63.9    85.8    75.7    80.0    62.6    22.6 -9999.0 -9999.0 -9999.0 -9999.0 -9999.0 -9999.0 -9999.0 -9999.0 -9999.0 -9999.0 -9999.0 -9999.0 -9999.0 -9999.0 -9999.0 -9999.0 -9999.0 -9999.0 -9999.0 -9999.0 -9999.0 -9999.0 -9999.0 -9999.0 -9999.0 -9999.0 -9999.0 -9999.0 -9999.0 -9999.0 -9999.0 -9999.0 -9999.0 -9999.0 -9999.0 -9999.0 -9999.0
 -9999.0 -9999.0 -9999.0 -9999.0 -9999.0 -9999.0 -9999.0 -9999.0 -9999.0 -9999.0 -9999.0 -9999.0 -9999.0 -9999.0 -9999.0 -9999.0 -9999.0 -9999.0 -9999.0 -9999.0 -9999.0 -9999.0 -9999.0 -9999.0 -9999.0 -9999.0 -9999.0 -9999.0 -9999.0 -9999.0 -9999.0 -9999.0 -9999.0 -9999.0 -9999.0 -9999.0 -9999.0 -9999.0 -9999.0 -9999.0 -9999.0 -9999.0 -9999.0 -9999.0 -9999.0 -9999.0 -9999.0 -9999.0 -9999.0 -9999.0 -9999.0 -9999.0 -9999.0    63.2    63.9    62.7    69.4    84.2    54.1    57.6   105.3    44.1    69.6    59.3    60.3    57.0    60.5    50.5    53.7    58.1    68.9    78.5    77.1    72.3    78.1    93.2   107.8    83.4    64.5    57.2    60.5    54.9    44.6    38.5    43.1    53.8    55.5    63.8    30.4    15.2 -9999.0 -9999.0 -9999.0 -9999.0 -9999.0 -9999.0 -9999.0 -9999.0 -9999.0 -9999.0 -9999.0 -9999.0 -9999.0 -9999.0 -9999.0 -9999.0 -9999.0 -9999.0 -9999.0 -9999.0 -9999.0 -9999.0 -9999.0 -9999.0 -9999.0 -9999.0 -9999.0 -9999.0 -9999.0 -9999.0 -9999.0 -9999.0 -9999.0 -9999.0 -9999.0 -9999.0 -9999.0 -9999.0
 -9999.0 -9999.0 -9999.0 -9999.0 -9999.0 -9999.0 -9999.0 -9999.0 -9999.0 -9999.0 -9999.0 -9999.0 -9999.0 -9999.0 -9999.0 -9999.0 -9999.0 -9999.0 -9999.0 -9999.0 -9999.0 -9999.0 -9999.0 -9999.0 -9999.0 -9999.0 -9999.0 -9999.0 -9999.0 -9999.0 -9999.0 -9999.0 -9999.0 -9999.0 -9999.0 -9999.0 -9999.0 -9999.0 -9999.0 -9999.0 -9999.0 -9999.0 -9999.0 -9999.0 -9999.0 -9999.0 -9999.0 -9999.0 -9999.0 -9999.0 -9999.0 -9999.0 -9999.0    75.6    74.4   111.4    80.7    68.1    82.2   126.1    90.2    78.2   141.8    99.0    98.0    87.6    61.6    74.0    51.4    52.8    60.1    71.0    73.0    70.6    77.9   109.4   102.8    92.5    63.1    51.1    50.1    51.6    43.7 -9999.0    39.0    32.6 -9999.0 -9999.0 -9999.0 -9999.0 -9999.0 -9999.0 -9999.0 -9999.0 -9999.0 -9999.0 -9999.0 -9999.0 -9999.0 -9999.0 -9999.0 -9999.0 -9999.0 -9999.0 -9999.0 -9999.0 -9999.0 -9999.0 -9999.0 -9999.0 -9999.0 -9999.0 -9999.0 -9999.0 -9999.0 -9999.0 -9999.0 -9999.0 -9999.0 -9999.0 -9999.0 -9999.0 -9999.0 -9999.0 -9999.0 -9999.0 -9999.0 -9999.0
 -9999.0 -9999.0 -9999.0 -9999.0 -9999.0 -9999.0 -9999.0 -9999.0 -9999.0 -9999.0 -9999.0 -9999.0 -9999.0 -9999.0 -9999.0 -9999.0 -9999.0 -9999.0 -9999.0 -9999.0 -9999.0 -9999.0 -9999.0 -9999.0 -9999.0 -9999.0 -9999.0 -9999.0 -9999.0 -9999.0 -9999.0 -9999.0 -9999.0 -9999.0 -9999.0 -9999.0 -9999.0 -9999.0 -9999.0 -9999.0 -9999.0 -9999.0 -9999.0 -9999.0 -9999.0 -9999.0 -9999.0 -9999.0 -9999.0 -9999.0 -9999.0 -9999.0 -9999.0    94.6    77.2   113.8   107.8    90.0   100.5   104.0   152.3   166.1   229.6   226.9   116.5 -9999.0 -9999.0 -9999.0    80.9    73.2    88.8   107.7   107.0    93.4    93.6   115.8    96.1    75.2   114.8    51.2    51.6    58.6    63.5 -9999.0 -9999.0 -9999.0 -9999.0 -9999.0 -9999.0 -9999.0 -9999.0 -9999.0 -9999.0 -9999.0 -9999.0 -9999.0 -9999.0 -9999.0 -9999.0 -9999.0 -9999.0 -9999.0 -9999.0 -9999.0 -9999.0 -9999.0 -9999.0 -9999.0 -9999.0 -9999.0 -9999.0 -9999.0 -9999.0 -9999.0 -9999.0 -9999.0 -9999.0 -9999.0 -9999.0 -9999.0 -9999.0 -9999.0 -9999.0 -9999.0 -9999.0 -9999.0 -9999.0 -9999.0
 -9999.0 -9999.0 -9999.0 -9999.0 -9999.0 -9999.0 -9999.0 -9999.0 -9999.0 -9999.0 -9999.0 -9999.0 -9999.0 -9999.0 -9999.0 -9999.0 -9999.0 -9999.0 -9999.0 -9999.0 -9999.0 -9999.0 -9999.0 -9999.0 -9999.0 -9999.0 -9999.0 -9999.0 -9999.0 -9999.0 -9999.0 -9999.0 -9999.0 -9999.0 -9999.0 -9999.0 -9999.0 -9999.0 -9999.0 -9999.0 -9999.0 -9999.0 -9999.0 -9999.0 -9999.0 -9999.0 -9999.0 -9999.0 -9999.0 -9999.0 -9999.0 -9999.0 -9999.0 -9999.0   125.4   128.3    95.8    82.6   133.2   186.0   125.6 -9999.0 -9999.0 -9999.0 -9999.0 -9999.0 -9999.0 -9999.0   114.5   127.6   157.4   170.9   157.1   125.1   103.7    96.1    81.7    54.5    42.5 -9999.0    62.7 -9999.0 -9999.0 -9999.0 -9999.0 -9999.0 -9999.0 -9999.0 -9999.0 -9999.0 -9999.0 -9999.0 -9999.0 -9999.0 -9999.0 -9999.0 -9999.0 -9999.0 -9999.0 -9999.0 -9999.0 -9999.0 -9999.0 -9999.0 -9999.0 -9999.0 -9999.0 -9999.0 -9999.0 -9999.0 -9999.0 -9999.0 -9999.0 -9999.0 -9999.0 -9999.0 -9999.0 -9999.0 -9999.0 -9999.0 -9999.0 -9999.0 -9999.0 -9999.0 -9999.0 -9999.0 -9999.0 -9999.0
 -9999.0 -9999.0 -9999.0 -9999.0 -9999.0 -9999.0 -9999.0 -9999.0 -9999.0 -9999.0 -9999.0 -9999.0 -9999.0 -9999.0 -9999.0 -9999.0 -9999.0 -9999.0 -9999.0 -9999.0 -9999.0 -9999.0 -9999.0 -9999.0 -9999.0 -9999.0 -9999.0 -9999.0 -9999.0 -9999.0 -9999.0 -9999.0 -9999.0 -9999.0 -9999.0 -9999.0 -9999.0 -9999.0 -9999.0 -9999.0 -9999.0 -9999.0 -9999.0 -9999.0 -9999.0 -9999.0 -9999.0 -9999.0 -9999.0 -9999.0 -9999.0 -9999.0 -9999.0 -9999.0 -9999.0   141.3   204.7   143.9   127.2   179.1   188.4 -9999.0 -9999.0 -9999.0 -9999.0 -9999.0 -9999.0 -9999.0 -9999.0 -9999.0   211.1 -9999.0 -9999.0 -9999.0 -9999.0 -9999.0    75.3 -9999.0 -9999.0 -9999.0 -9999.0 -9999.0 -9999.0 -9999.0 -9999.0 -9999.0 -9999.0 -9999.0 -9999.0 -9999.0 -9999.0 -9999.0 -9999.0 -9999.0 -9999.0 -9999.0 -9999.0 -9999.0 -9999.0 -9999.0 -9999.0 -9999.0 -9999.0 -9999.0 -9999.0 -9999.0 -9999.0 -9999.0 -9999.0 -9999.0 -9999.0 -9999.0 -9999.0 -9999.0 -9999.0 -9999.0 -9999.0 -9999.0 -9999.0 -9999.0 -9999.0 -9999.0 -9999.0 -9999.0 -9999.0 -9999.0 -9999.0 -9999.0
 -9999.0 -9999.0 -9999.0 -9999.0 -9999.0 -9999.0 -9999.0 -9999.0 -9999.0 -9999.0 -9999.0 -9999.0 -9999.0 -9999.0 -9999.0 -9999.0 -9999.0 -9999.0 -9999.0 -9999.0 -9999.0 -9999.0 -9999.0 -9999.0 -9999.0 -9999.0 -9999.0 -9999.0 -9999.0 -9999.0 -9999.0 -9999.0 -9999.0 -9999.0 -9999.0 -9999.0 -9999.0 -9999.0 -9999.0 -9999.0 -9999.0 -9999.0 -9999.0 -9999.0 -9999.0 -9999.0 -9999.0 -9999.0 -9999.0 -9999.0 -9999.0 -9999.0 -9999.0 -9999.0 -9999.0 -9999.0 -9999.0 -9999.0   197.3   183.0 -9999.0 -9999.0 -9999.0 -9999.0 -9999.0 -9999.0 -9999.0 -9999.0 -9999.0 -9999.0 -9999.0 -9999.0 -9999.0 -9999.0 -9999.0    92.1    79.6 -9999.0 -9999.0 -9999.0 -9999.0 -9999.0 -9999.0 -9999.0 -9999.0 -9999.0 -9999.0 -9999.0 -9999.0 -9999.0 -9999.0 -9999.0 -9999.0 -9999.0 -9999.0 -9999.0 -9999.0 -9999.0 -9999.0 -9999.0 -9999.0 -9999.0 -9999.0 -9999.0 -9999.0 -9999.0 -9999.0 -9999.0 -9999.0 -9999.0 -9999.0 -9999.0 -9999.0 -9999.0 -9999.0 -9999.0 -9999.0 -9999.0 -9999.0 -9999.0 -9999.0 -9999.0 -9999.0 -9999.0 -9999.0 -9999.0 -9999.0 -9999.0
 -9999.0 -9999.0 -9999.0 -9999.0 -9999.0 -9999.0 -9999.0 -9999.0 -9999.0 -9999.0 -9999.0 -9999.0 -9999.0 -9999.0 -9999.0 -9999.0 -9999.0 -9999.0 -9999.0 -9999.0 -9999.0 -9999.0 -9999.0 -9999.0 -9999.0 -9999.0 -9999.0 -9999.0 -9999.0 -9999.0 -9999.0 -9999.0 -9999.0 -9999.0 -9999.0 -9999.0 -9999.0 -9999.0 -9999.0 -9999.0 -9999.0 -9999.0 -9999.0 -9999.0 -9999.0 -9999.0 -9999.0 -9999.0 -9999.0 -9999.0 -9999.0 -9999.0 -9999.0 -9999.0 -9999.0 -9999.0 -9999.0 -9999.0 -9999.0 -9999.0 -9999.0 -9999.0 -9999.0 -9999.0 -9999.0 -9999.0 -9999.0 -9999.0 -9999.0 -9999.0 -9999.0 -9999.0 -9999.0 -9999.0 -9999.0 -9999.0 -9999.0 -9999.0 -9999.0 -9999.0 -9999.0 -9999.0 -9999.0 -9999.0 -9999.0 -9999.0 -9999.0 -9999.0 -9999.0 -9999.0 -9999.0 -9999.0 -9999.0 -9999.0 -9999.0 -9999.0 -9999.0 -9999.0 -9999.0 -9999.0 -9999.0 -9999.0 -9999.0 -9999.0 -9999.0 -9999.0 -9999.0 -9999.0 -9999.0 -9999.0 -9999.0 -9999.0 -9999.0 -9999.0 -9999.0 -9999.0 -9999.0 -9999.0 -9999.0 -9999.0 -9999.0 -9999.0 -9999.0 -9999.0 -9999.0 -9999.0 -9999.0 -9999.0
 -9999.0 -9999.0 -9999.0 -9999.0 -9999.0 -9999.0 -9999.0 -9999.0 -9999.0 -9999.0 -9999.0 -9999.0 -9999.0 -9999.0 -9999.0 -9999.0 -9999.0 -9999.0 -9999.0 -9999.0 -9999.0 -9999.0 -9999.0 -9999.0 -9999.0 -9999.0 -9999.0 -9999.0 -9999.0 -9999.0 -9999.0 -9999.0 -9999.0 -9999.0 -9999.0 -9999.0 -9999.0 -9999.0 -9999.0 -9999.0 -9999.0 -9999.0 -9999.0 -9999.0 -9999.0 -9999.0 -9999.0 -9999.0 -9999.0 -9999.0 -9999.0 -9999.0 -9999.0 -9999.0 -9999.0 -9999.0 -9999.0 -9999.0 -9999.0 -9999.0 -9999.0 -9999.0 -9999.0 -9999.0 -9999.0 -9999.0 -9999.0 -9999.0 -9999.0 -9999.0 -9999.0 -9999.0 -9999.0 -9999.0 -9999.0   108.9    90.5    75.9 -9999.0 -9999.0 -9999.0 -9999.0 -9999.0 -9999.0 -9999.0 -9999.0 -9999.0 -9999.0 -9999.0 -9999.0 -9999.0 -9999.0 -9999.0 -9999.0 -9999.0 -9999.0 -9999.0 -9999.0 -9999.0 -9999.0 -9999.0 -9999.0 -9999.0 -9999.0 -9999.0 -9999.0 -9999.0 -9999.0 -9999.0 -9999.0 -9999.0 -9999.0 -9999.0 -9999.0 -9999.0 -9999.0 -9999.0 -9999.0 -9999.0 -9999.0 -9999.0 -9999.0 -9999.0 -9999.0 -9999.0 -9999.0 -9999.0 -9999.0
 -9999.0 -9999.0 -9999.0 -9999.0 -9999.0 -9999.0 -9999.0 -9999.0 -9999.0 -9999.0 -9999.0 -9999.0 -9999.0 -9999.0 -9999.0 -9999.0 -9999.0 -9999.0 -9999.0 -9999.0 -9999.0 -9999.0 -9999.0 -9999.0 -9999.0 -9999.0 -9999.0 -9999.0 -9999.0 -9999.0 -9999.0 -9999.0 -9999.0 -9999.0 -9999.0 -9999.0 -9999.0 -9999.0 -9999.0 -9999.0 -9999.0 -9999.0 -9999.0 -9999.0 -9999.0 -9999.0 -9999.0 -9999.0 -9999.0 -9999.0 -9999.0 -9999.0 -9999.0 -9999.0 -9999.0 -9999.0 -9999.0 -9999.0 -9999.0 -9999.0 -9999.0 -9999.0 -9999.0 -9999.0 -9999.0 -9999.0 -9999.0 -9999.0 -9999.0 -9999.0 -9999.0 -9999.0 -9999.0   140.9   154.9   121.4   108.6 -9999.0 -9999.0 -9999.0 -9999.0 -9999.0 -9999.0 -9999.0 -9999.0 -9999.0 -9999.0 -9999.0 -9999.0 -9999.0 -9999.0 -9999.0 -9999.0 -9999.0 -9999.0 -9999.0 -9999.0 -9999.0 -9999.0 -9999.0 -9999.0 -9999.0 -9999.0 -9999.0 -9999.0 -9999.0 -9999.0 -9999.0 -9999.0 -9999.0 -9999.0 -9999.0 -9999.0 -9999.0 -9999.0 -9999.0 -9999.0 -9999.0 -9999.0 -9999.0 -9999.0 -9999.0 -9999.0 -9999.0 -9999.0 -9999.0 -9999.0 -9999.0
 -9999.0 -9999.0 -9999.0 -9999.0 -9999.0 -9999.0 -9999.0 -9999.0 -9999.0 -9999.0 -9999.0 -9999.0 -9999.0 -9999.0 -9999.0 -9999.0 -9999.0 -9999.0 -9999.0 -9999.0 -9999.0 -9999.0 -9999.0 -9999.0 -9999.0 -9999.0 -9999.0 -9999.0 -9999.0 -9999.0 -9999.0 -9999.0 -9999.0 -9999.0 -9999.0 -9999.0 -9999.0 -9999.0 -9999.0 -9999.0 -9999.0 -9999.0 -9999.0 -9999.0 -9999.0 -9999.0 -9999.0 -9999.0 -9999.0 -9999.0 -9999.0 -9999.0 -9999.0 -9999.0 -9999.0 -9999.0 -9999.0 -9999.0 -9999.0 -9999.0 -9999.0 -9999.0 -9999.0 -9999.0 -9999.0 -9999.0 -9999.0 -9999.0 -9999.0 -9999.0 -9999.0 -9999.0 -9999.0 -9999.0   140.6   150.2    95.4 -9999.0 -9999.0 -9999.0 -9999.0 -9999.0 -9999.0 -9999.0 -9999.0 -9999.0 -9999.0 -9999.0 -9999.0 -9999.0 -9999.0 -9999.0 -9999.0 -9999.0 -9999.0 -9999.0 -9999.0 -9999.0 -9999.0 -9999.0 -9999.0 -9999.0 -9999.0 -9999.0 -9999.0 -9999.0 -9999.0 -9999.0 -9999.0 -9999.0 -9999.0 -9999.0 -9999.0 -9999.0 -9999.0 -9999.0 -9999.0 -9999.0 -9999.0 -9999.0 -9999.0 -9999.0 -9999.0 -9999.0 -9999.0 -9999.0 -9999.0 -9999.0
 -9999.0 -9999.0 -9999.0 -9999.0 -9999.0 -9999.0 -9999.0 -9999.0 -9999.0 -9999.0 -9999.0 -9999.0 -9999.0 -9999.0 -9999.0 -9999.0 -9999.0 -9999.0 -9999.0 -9999.0 -9999.0 -9999.0 -9999.0 -9999.0 -9999.0 -9999.0 -9999.0 -9999.0 -9999.0 -9999.0 -9999.0 -9999.0 -9999.0 -9999.0 -9999.0 -9999.0 -9999.0 -9999.0 -9999.0 -9999.0 -9999.0 -9999.0 -9999.0 -9999.0 -9999.0 -9999.0 -9999.0 -9999.0 -9999.0 -9999.0 -9999.0 -9999.0 -9999.0 -9999.0 -9999.0 -9999.0 -9999.0 -9999.0 -9999.0 -9999.0 -9999.0 -9999.0 -9999.0 -9999.0 -9999.0 -9999.0 -9999.0 -9999.0 -9999.0 -9999.0 -9999.0 -9999.0 -9999.0 -9999.0 -9999.0 -9999.0 -9999.0 -9999.0 -9999.0 -9999.0 -9999.0 -9999.0 -9999.0 -9999.0 -9999.0 -9999.0 -9999.0 -9999.0 -9999.0 -9999.0 -9999.0 -9999.0 -9999.0 -9999.0 -9999.0 -9999.0 -9999.0 -9999.0 -9999.0 -9999.0 -9999.0 -9999.0 -9999.0 -9999.0 -9999.0 -9999.0 -9999.0 -9999.0 -9999.0 -9999.0 -9999.0 -9999.0 -9999.0 -9999.0 -9999.0 -9999.0 -9999.0 -9999.0 -9999.0 -9999.0 -9999.0 -9999.0 -9999.0 -9999.0 -9999.0 -9999.0 -9999.0 -9999.0
