NCOLS      128
NROWS       72
XLLCORNER    72.000000000000    
YLLCORNER    18.000000000000    
CELLSIZE    0.50000000000000    
NODATA_VALUE   -9999.000    
 -9999.0 -9999.0 -9999.0 -9999.0 -9999.0 -9999.0 -9999.0 -9999.0 -9999.0 -9999.0 -9999.0 -9999.0 -9999.0 -9999.0 -9999.0 -9999.0 -9999.0 -9999.0 -9999.0 -9999.0 -9999.0 -9999.0 -9999.0 -9999.0 -9999.0 -9999.0 -9999.0 -9999.0 -9999.0 -9999.0 -9999.0 -9999.0 -9999.0 -9999.0 -9999.0 -9999.0 -9999.0 -9999.0 -9999.0 -9999.0 -9999.0 -9999.0 -9999.0 -9999.0 -9999.0 -9999.0 -9999.0 -9999.0 -9999.0 -9999.0 -9999.0 -9999.0 -9999.0 -9999.0 -9999.0 -9999.0 -9999.0 -9999.0 -9999.0 -9999.0 -9999.0 -9999.0 -9999.0 -9999.0 -9999.0 -9999.0 -9999.0 -9999.0 -9999.0 -9999.0 -9999.0 -9999.0 -9999.0 -9999.0 -9999.0 -9999.0 -9999.0 -9999.0 -9999.0 -9999.0 -9999.0 -9999.0 -9999.0 -9999.0 -9999.0 -9999.0 -9999.0 -9999.0 -9999.0 -9999.0 -9999.0 -9999.0 -9999.0 -9999.0 -9999.0 -9999.0 -9999.0    14.0    18.4    22.3    24.8    25.7    25.3    24.2    23.1 -9999.0 -9999.0 -9999.0 -9999.0 -9999.0 -9999.0 -9999.0 -9999.0 -9999.0 -9999.0 -9999.0 -9999.0 -9999.0 -9999.0 -9999.0 -9999.0 -9999.0 -9999.0 -9999.0 -9999.0 -9999.0 -9999.0 -9999.0
 -9999.0 -9999.0 -9999.0 -9999.0 -9999.0 -9999.0 -9999.0 -9999.0 -9999.0 -9999.0 -9999.0 -9999.0 -9999.0 -9999.0 -9999.0 -9999.0 -9999.0 -9999.0 -9999.0 -9999.0 -9999.0 -9999.0 -9999.0 -9999.0 -9999.0 -9999.0 -9999.0 -9999.0 -9999.0 -9999.0 -9999.0 -9999.0 -9999.0 -9999.0 -9999.0 -9999.0 -9999.0 -9999.0 -9999.0 -9999.0 -9999.0 -9999.0 -9999.0 -9999.0 -9999.0 -9999.0 -9999.0 -9999.0 -9999.0 -9999.0 -9999.0 -9999.0 -9999.0 -9999.0 -9999.0 -9999.0 -9999.0 -9999.0 -9999.0 -9999.0 -9999.0 -9999.0 -9999.0 -9999.0 -9999.0 -9999.0 -9999.0 -9999.0 -9999.0 -9999.0 -9999.0 -9999.0 -9999.0 -9999.0 -9999.0 -9999.0 -9999.0 -9999.0 -9999.0 -9999.0 -9999.0 -9999.0 -9999.0 -9999.0 -9999.0 -9999.0 -9999.0 -9999.0 -9999.0 -9999.0 -9999.0 -9999.0 -9999.0 -9999.0 -9999.0 -9999.0     8.6    12.7    16.8    20.7    23.1    24.3    24.4    23.8    23.1    22.7    23.1    23.9    24.6 -9999.0 -9999.0 -9999.0 -9999.0 -9999.0 -9999.0 -9999.0 -9999.0 -9999.0 -9999.0 -9999.0 -9999.0 -9999.0 -9999.0 -9999.0 -9999.0 -9999.0 -9999.0 -9999.0
 -9999.0 -9999.0 -9999.0 -9999.0 -9999.0 -9999.0 -9999.0 -9999.0 -9999.0 -9999.0 -9999.0 -9999.0 -9999.0 -9999.0 -9999.0 -9999.0 -9999.0 -9999.0 -9999.0 -9999.0 -9999.0 -9999.0 -9999.0 -9999.0 -9999.0 -9999.0 -9999.0 -9999.0 -9999.0 -9999.0 -9999.0 -9999.0 -9999.0 -9999.0 -9999.0 -9999.0 -9999.0 -9999.0 -9999.0 -9999.0 -9999.0 -9999.0 -9999.0 -9999.0 -9999.0 -9999.0 -9999.0 -9999.0 -9999.0 -9999.0 -9999.0 -9999.0 -9999.0 -9999.0 -9999.0 -9999.0 -9999.0 -9999.0 -9999.0 -9999.0 -9999.0 -9999.0 -9999.0 -9999.0 -9999.0 -9999.0 -9999.0 -9999.0 -9999.0 -9999.0 -9999.0 -9999.0 -9999.0 -9999.0 -9999.0 -9999.0 -9999.0 -9999.0 -9999.0 -9999.0 -9999.0 -9999.0 -9999.0 -9999.0 -9999.0 -9999.0 -9999.0 -9999.0 -9999.0 -9999.0 -9999.0 -9999.0 -9999.0 -9999.0 -9999.0     4.1     7.3    11.2    15.1    18.9    21.4    22.8    23.4    23.7    23.9    24.7    25.2    26.8    28.1 -9999.0 -9999.0 -9999.0 -9999.0 -9999.0 -9999.0 -9999.0 -9999.0 -9999.0 -9999.0 -9999.0 -9999.0 -9999.0 -9999.0 -9999.0 -9999.0 -9999.0 -9999.0 -9999.0
 -9999.0 -9999.0 -9999.0 -9999.0 -9999.0 -9999.0 -9999.0 -9999.0 -9999.0 -9999.0 -9999.0 -9999.0 -9999.0 -9999.0 -9999.0 -9999.0 -9999.0 -9999.0 -9999.0 -9999.0 -9999.0 -9999.0 -9999.0 -9999.0 -9999.0 -9999.0 -9999.0 -9999.0 -9999.0 -9999.0 -9999.0 -9999.0 -9999.0 -9999.0 -9999.0 -9999.0 -9999.0 -9999.0 -9999.0 -9999.0 -9999.0 -9999.0 -9999.0 -9999.0 -9999.0 -9999.0 -9999.0 -9999.0 -9999.0 -9999.0 -9999.0 -9999.0 -9999.0 -9999.0 -9999.0 -9999.0 -9999.0 -9999.0 -9999.0 -9999.0 -9999.0 -9999.0 -9999.0 -9999.0 -9999.0 -9999.0 -9999.0 -9999.0 -9999.0 -9999.0 -9999.0 -9999.0 -9999.0 -9999.0 -9999.0 -9999.0 -9999.0 -9999.0 -9999.0 -9999.0 -9999.0 -9999.0 -9999.0 -9999.0 -9999.0 -9999.0 -9999.0 -9999.0 -9999.0 -9999.0 -9999.0 -9999.0 -9999.0 -9999.0 -9999.0     3.4     6.3    10.0    13.8    17.1    19.5    21.3    22.6    24.2    26.0    27.1    28.5    30.7    32.3    33.0 -9999.0 -9999.0 -9999.0 -9999.0 -9999.0 -9999.0 -9999.0 -9999.0 -9999.0 -9999.0 -9999.0 -9999.0 -9999.0 -9999.0 -9999.0 -9999.0 -9999.0 -9999.0
 -9999.0 -9999.0 -9999.0 -9999.0 -9999.0 -9999.0 -9999.0 -9999.0 -9999.0 -9999.0 -9999.0 -9999.0 -9999.0 -9999.0 -9999.0 -9999.0 -9999.0 -9999.0 -9999.0 -9999.0 -9999.0 -9999.0 -9999.0 -9999.0 -9999.0 -9999.0 -9999.0 -9999.0 -9999.0 -9999.0 -9999.0 -9999.0 -9999.0 -9999.0 -9999.0 -9999.0 -9999.0 -9999.0 -9999.0 -9999.0 -9999.0 -9999.0 -9999.0 -9999.0 -9999.0 -9999.0 -9999.0 -9999.0 -9999.0 -9999.0 -9999.0 -9999.0 -9999.0 -9999.0 -9999.0 -9999.0 -9999.0 -9999.0 -9999.0 -9999.0 -9999.0 -9999.0 -9999.0 -9999.0 -9999.0 -9999.0 -9999.0 -9999.0 -9999.0 -9999.0 -9999.0 -9999.0 -9999.0 -9999.0 -9999.0 -9999.0 -9999.0 -9999.0 -9999.0 -9999.0 -9999.0 -9999.0 -9999.0 -9999.0 -9999.0 -9999.0 -9999.0 -9999.0 -9999.0 -9999.0 -9999.0 -9999.0 -9999.0 -9999.0 -9999.0     2.9     5.6     8.9    12.6    15.9    18.5    20.5    22.4    24.9    28.3    30.9    32.7    35.2    37.1    37.4    36.4 -9999.0 -9999.0 -9999.0 -9999.0 -9999.0 -9999.0 -9999.0 -9999.0 -9999.0 -9999.0 -9999.0 -9999.0 -9999.0 -9999.0 -9999.0 -9999.0 -9999.0
 -9999.0 -9999.0 -9999.0 -9999.0 -9999.0 -9999.0 -9999.0 -9999.0 -9999.0 -9999.0 -9999.0 -9999.0 -9999.0 -9999.0 -9999.0 -9999.0 -9999.0 -9999.0 -9999.0 -9999.0 -9999.0 -9999.0 -9999.0 -9999.0 -9999.0 -9999.0 -9999.0 -9999.0 -9999.0 -9999.0 -9999.0 -9999.0 -9999.0 -9999.0 -9999.0 -9999.0 -9999.0 -9999.0 -9999.0 -9999.0 -9999.0 -9999.0 -9999.0 -9999.0 -9999.0 -9999.0 -9999.0 -9999.0 -9999.0 -9999.0 -9999.0 -9999.0 -9999.0 -9999.0 -9999.0 -9999.0 -9999.0 -9999.0 -9999.0 -9999.0 -9999.0 -9999.0 -9999.0 -9999.0 -9999.0 -9999.0 -9999.0 -9999.0 -9999.0 -9999.0 -9999.0 -9999.0 -9999.0 -9999.0 -9999.0 -9999.0 -9999.0 -9999.0 -9999.0 -9999.0 -9999.0 -9999.0 -9999.0 -9999.0 -9999.0 -9999.0 -9999.0 -9999.0 -9999.0 -9999.0 -9999.0 -9999.0 -9999.0 -9999.0     1.1     2.7     5.2     8.4    12.1    15.3    18.0    20.2    22.2    24.6    28.1    32.3    36.2    39.6    41.4    41.1    39.9 -9999.0 -9999.0 -9999.0 -9999.0 -9999.0 -9999.0 -9999.0 -9999.0 -9999.0 -9999.0 -9999.0 -9999.0 -9999.0 -9999.0 -9999.0 -9999.0 -9999.0
 -9999.0 -9999.0 -9999.0 -9999.0 -9999.0 -9999.0 -9999.0 -9999.0 -9999.0 -9999.0 -9999.0 -9999.0 -9999.0 -9999.0 -9999.0 -9999.0 -9999.0 -9999.0 -9999.0 -9999.0 -9999.0 -9999.0 -9999.0 -9999.0 -9999.0 -9999.0 -9999.0 -9999.0 -9999.0 -9999.0 -9999.0 -9999.0 -9999.0 -9999.0 -9999.0 -9999.0 -9999.0 -9999.0 -9999.0 -9999.0 -9999.0 -9999.0 -9999.0 -9999.0 -9999.0 -9999.0 -9999.0 -9999.0 -9999.0 -9999.0 -9999.0 -9999.0 -9999.0 -9999.0 -9999.0 -9999.0 -9999.0 -9999.0 -9999.0 -9999.0 -9999.0 -9999.0 -9999.0 -9999.0 -9999.0 -9999.0 -9999.0 -9999.0 -9999.0 -9999.0 -9999.0 -9999.0 -9999.0 -9999.0 -9999.0 -9999.0 -9999.0 -9999.0 -9999.0 -9999.0 -9999.0 -9999.0 -9999.0 -9999.0 -9999.0 -9999.0 -9999.0 -9999.0 -9999.0 -9999.0 -9999.0 -9999.0 -9999.0 -9999.0     1.3     2.9     5.3     8.4    12.0    15.5    18.5    21.3    23.6    25.1    28.0    33.9    39.8    43.7    45.2    44.4    42.1    40.3 -9999.0 -9999.0 -9999.0 -9999.0 -9999.0 -9999.0 -9999.0 -9999.0 -9999.0 -9999.0 -9999.0 -9999.0 -9999.0 -9999.0 -9999.0 -9999.0
 -9999.0 -9999.0 -9999.0 -9999.0 -9999.0 -9999.0 -9999.0 -9999.0 -9999.0 -9999.0 -9999.0 -9999.0 -9999.0 -9999.0 -9999.0 -9999.0 -9999.0 -9999.0 -9999.0 -9999.0 -9999.0 -9999.0 -9999.0 -9999.0 -9999.0 -9999.0 -9999.0 -9999.0 -9999.0 -9999.0 -9999.0 -9999.0 -9999.0 -9999.0 -9999.0 -9999.0 -9999.0 -9999.0 -9999.0 -9999.0 -9999.0 -9999.0 -9999.0 -9999.0 -9999.0 -9999.0 -9999.0 -9999.0 -9999.0 -9999.0 -9999.0 -9999.0 -9999.0 -9999.0 -9999.0 -9999.0 -9999.0 -9999.0 -9999.0 -9999.0 -9999.0 -9999.0 -9999.0 -9999.0 -9999.0 -9999.0 -9999.0 -9999.0 -9999.0 -9999.0 -9999.0 -9999.0 -9999.0 -9999.0 -9999.0 -9999.0 -9999.0 -9999.0 -9999.0 -9999.0 -9999.0 -9999.0 -9999.0 -9999.0 -9999.0 -9999.0 -9999.0 -9999.0 -9999.0     0.0 -9999.0 -9999.0     0.3     0.9     1.9     3.6     6.1     9.1    12.3    15.9    20.6    24.7    28.2    30.5    33.1    39.1    44.8    47.8    47.8    46.5    44.0    42.7 -9999.0 -9999.0 -9999.0 -9999.0 -9999.0 -9999.0 -9999.0 -9999.0 -9999.0 -9999.0 -9999.0 -9999.0 -9999.0 -9999.0 -9999.0 -9999.0
 -9999.0 -9999.0 -9999.0 -9999.0 -9999.0 -9999.0 -9999.0 -9999.0 -9999.0 -9999.0 -9999.0 -9999.0 -9999.0 -9999.0 -9999.0 -9999.0 -9999.0 -9999.0 -9999.0 -9999.0 -9999.0 -9999.0 -9999.0 -9999.0 -9999.0 -9999.0 -9999.0 -9999.0 -9999.0 -9999.0 -9999.0 -9999.0 -9999.0 -9999.0 -9999.0 -9999.0 -9999.0 -9999.0 -9999.0 -9999.0 -9999.0 -9999.0 -9999.0 -9999.0 -9999.0 -9999.0 -9999.0 -9999.0 -9999.0 -9999.0 -9999.0 -9999.0 -9999.0 -9999.0 -9999.0 -9999.0 -9999.0 -9999.0 -9999.0 -9999.0 -9999.0 -9999.0 -9999.0 -9999.0 -9999.0 -9999.0 -9999.0 -9999.0 -9999.0 -9999.0 -9999.0 -9999.0 -9999.0 -9999.0 -9999.0 -9999.0 -9999.0 -9999.0 -9999.0 -9999.0 -9999.0 -9999.0 -9999.0 -9999.0 -9999.0 -9999.0 -9999.0 -9999.0     0.0     0.1     0.1     0.3     0.9     2.0     3.4     5.5     7.9    10.6    13.4    16.9    21.8    28.9    36.8    41.3    43.5    46.6    49.4    49.0    46.9    45.4    45.0    44.3    43.5    40.3    34.9    29.6 -9999.0 -9999.0 -9999.0 -9999.0 -9999.0 -9999.0 -9999.0 -9999.0 -9999.0 -9999.0 -9999.0 -9999.0
 -9999.0 -9999.0 -9999.0 -9999.0 -9999.0 -9999.0 -9999.0 -9999.0 -9999.0 -9999.0 -9999.0 -9999.0 -9999.0 -9999.0 -9999.0 -9999.0 -9999.0 -9999.0 -9999.0 -9999.0 -9999.0 -9999.0 -9999.0 -9999.0 -9999.0 -9999.0 -9999.0 -9999.0 -9999.0     6.1     6.8     6.6     5.8 -9999.0 -9999.0 -9999.0 -9999.0 -9999.0 -9999.0 -9999.0 -9999.0 -9999.0 -9999.0 -9999.0 -9999.0 -9999.0 -9999.0 -9999.0 -9999.0 -9999.0 -9999.0 -9999.0 -9999.0 -9999.0 -9999.0 -9999.0 -9999.0 -9999.0 -9999.0 -9999.0 -9999.0 -9999.0 -9999.0 -9999.0 -9999.0 -9999.0 -9999.0 -9999.0 -9999.0 -9999.0 -9999.0 -9999.0 -9999.0 -9999.0 -9999.0 -9999.0 -9999.0 -9999.0 -9999.0 -9999.0 -9999.0 -9999.0 -9999.0 -9999.0 -9999.0 -9999.0 -9999.0     0.0     0.1     0.2     0.4     1.1     2.6     4.4     6.4     8.7    11.3    13.6    15.2    18.0    24.3    34.0    42.9    49.6    48.3    47.4    47.0    43.7    40.6    39.9    41.7    43.5    43.9    40.6    35.1    29.4    25.8    24.6 -9999.0 -9999.0 -9999.0 -9999.0 -9999.0 -9999.0 -9999.0 -9999.0 -9999.0 -9999.0
 -9999.0 -9999.0 -9999.0 -9999.0 -9999.0 -9999.0 -9999.0 -9999.0 -9999.0 -9999.0 -9999.0 -9999.0 -9999.0 -9999.0 -9999.0 -9999.0 -9999.0 -9999.0 -9999.0 -9999.0 -9999.0 -9999.0 -9999.0 -9999.0 -9999.0 -9999.0 -9999.0     4.2     5.9     3.8     8.3     7.5     8.1     5.0 -9999.0 -9999.0 -9999.0 -9999.0 -9999.0 -9999.0 -9999.0 -9999.0 -9999.0 -9999.0 -9999.0 -9999.0 -9999.0 -9999.0 -9999.0 -9999.0 -9999.0 -9999.0 -9999.0 -9999.0 -9999.0 -9999.0 -9999.0 -9999.0 -9999.0 -9999.0 -9999.0 -9999.0 -9999.0 -9999.0 -9999.0 -9999.0 -9999.0 -9999.0 -9999.0 -9999.0 -9999.0 -9999.0 -9999.0 -9999.0 -9999.0 -9999.0 -9999.0 -9999.0 -9999.0 -9999.0 -9999.0 -9999.0 -9999.0 -9999.0 -9999.0 -9999.0 -9999.0     0.2     0.4     0.6     1.5     3.3     5.8     8.7    11.4    14.2    16.6    18.0    18.8    20.2    25.7    34.2    40.3    42.7    39.7    36.0    34.5    32.2    29.3    30.2    35.3    40.4    42.9    40.2    34.5    29.5    26.2    25.8 -9999.0 -9999.0 -9999.0 -9999.0 -9999.0    30.1    33.9    39.8    46.9 -9999.0
 -9999.0 -9999.0 -9999.0 -9999.0 -9999.0 -9999.0 -9999.0 -9999.0 -9999.0 -9999.0 -9999.0 -9999.0 -9999.0 -9999.0 -9999.0 -9999.0 -9999.0 -9999.0 -9999.0 -9999.0 -9999.0 -9999.0 -9999.0 -9999.0 -9999.0 -9999.0     2.8     0.7     1.0     1.3     2.4     3.7    11.5     7.7     7.5     6.6     6.2 -9999.0 -9999.0 -9999.0 -9999.0 -9999.0 -9999.0 -9999.0 -9999.0 -9999.0 -9999.0 -9999.0 -9999.0 -9999.0 -9999.0 -9999.0 -9999.0 -9999.0 -9999.0 -9999.0 -9999.0 -9999.0 -9999.0 -9999.0 -9999.0 -9999.0 -9999.0 -9999.0 -9999.0 -9999.0 -9999.0 -9999.0 -9999.0 -9999.0 -9999.0 -9999.0 -9999.0 -9999.0 -9999.0 -9999.0 -9999.0 -9999.0 -9999.0 -9999.0 -9999.0 -9999.0 -9999.0 -9999.0 -9999.0 -9999.0     0.5     0.8     1.2     2.0     3.8     6.4    10.1    13.9    17.5    21.2    23.6    24.5    24.1    24.7    27.8    31.5    31.2    28.7    25.2    22.2    21.4    20.6    19.7    22.6    29.7    36.8    40.6    38.4    34.0    28.1    24.0    24.6    28.2 -9999.0 -9999.0    30.6    33.4    38.0    43.9    53.2    60.5 -9999.0
 -9999.0 -9999.0 -9999.0 -9999.0 -9999.0 -9999.0 -9999.0 -9999.0 -9999.0 -9999.0 -9999.0 -9999.0 -9999.0 -9999.0 -9999.0 -9999.0 -9999.0 -9999.0 -9999.0 -9999.0 -9999.0 -9999.0 -9999.0 -9999.0 -9999.0 -9999.0     1.5     1.3     0.7     0.3     0.3     1.1     1.1     5.3     5.6     6.9     9.4     4.8 -9999.0 -9999.0 -9999.0 -9999.0 -9999.0 -9999.0 -9999.0 -9999.0 -9999.0 -9999.0 -9999.0 -9999.0 -9999.0 -9999.0 -9999.0 -9999.0 -9999.0 -9999.0 -9999.0 -9999.0 -9999.0 -9999.0 -9999.0 -9999.0 -9999.0 -9999.0 -9999.0 -9999.0 -9999.0 -9999.0 -9999.0 -9999.0 -9999.0 -9999.0 -9999.0 -9999.0 -9999.0 -9999.0 -9999.0 -9999.0 -9999.0 -9999.0 -9999.0 -9999.0 -9999.0 -9999.0 -9999.0 -9999.0     1.5     2.1     3.0     4.5     6.4     9.3    13.4    17.8    22.9    27.7    30.9    31.5    29.9    27.8    26.6    24.8    20.7    16.4    14.0    12.5    12.3    12.9    14.6    18.8    26.1    33.9    38.3    35.0    28.8    27.5    20.5    21.2    24.0    28.1    30.7    33.7    39.3    47.1    55.9    65.1    75.0 -9999.0
 -9999.0 -9999.0 -9999.0 -9999.0 -9999.0 -9999.0 -9999.0 -9999.0 -9999.0 -9999.0 -9999.0 -9999.0 -9999.0 -9999.0 -9999.0 -9999.0 -9999.0 -9999.0 -9999.0 -9999.0 -9999.0    24.8    23.8    17.3    10.0     7.9     8.3     9.1     5.9     2.3     0.7     0.9     1.0     1.7     3.3     3.5     5.9     4.8     5.9 -9999.0 -9999.0 -9999.0 -9999.0 -9999.0 -9999.0 -9999.0 -9999.0 -9999.0 -9999.0 -9999.0 -9999.0 -9999.0 -9999.0 -9999.0 -9999.0 -9999.0 -9999.0 -9999.0 -9999.0 -9999.0 -9999.0 -9999.0 -9999.0 -9999.0 -9999.0 -9999.0 -9999.0 -9999.0 -9999.0 -9999.0 -9999.0 -9999.0 -9999.0 -9999.0 -9999.0 -9999.0 -9999.0 -9999.0 -9999.0 -9999.0 -9999.0 -9999.0 -9999.0 -9999.0 -9999.0 -9999.0 -9999.0     5.0 -9999.0 -9999.0     8.9 -9999.0 -9999.0    19.1    25.0    31.5    35.6    36.6    33.0    28.2    21.6    17.1    12.4     8.8     7.0     6.4     6.8     8.7    11.5    17.2    24.2    30.1    33.2    31.5    24.5    19.5    14.7    15.5    19.2    25.1    30.5    34.6    42.9    54.5    67.2    80.0 -9999.0 -9999.0
 -9999.0 -9999.0 -9999.0 -9999.0 -9999.0 -9999.0 -9999.0 -9999.0 -9999.0 -9999.0 -9999.0 -9999.0 -9999.0 -9999.0 -9999.0 -9999.0 -9999.0 -9999.0 -9999.0 -9999.0 -9999.0    12.2    12.2    10.6     8.1    15.2     7.3     5.5     5.9     4.2     2.0     2.5     3.6     2.4     2.1     1.9     2.0     4.7     2.0 -9999.0 -9999.0 -9999.0 -9999.0 -9999.0 -9999.0 -9999.0 -9999.0 -9999.0 -9999.0 -9999.0 -9999.0 -9999.0 -9999.0 -9999.0 -9999.0 -9999.0 -9999.0 -9999.0 -9999.0 -9999.0 -9999.0 -9999.0 -9999.0 -9999.0 -9999.0 -9999.0 -9999.0 -9999.0 -9999.0 -9999.0 -9999.0 -9999.0 -9999.0 -9999.0 -9999.0 -9999.0 -9999.0 -9999.0 -9999.0 -9999.0 -9999.0 -9999.0 -9999.0 -9999.0 -9999.0 -9999.0 -9999.0 -9999.0 -9999.0    10.2    10.9    11.7    13.7    17.0    23.3    31.0    36.1    37.2    32.3    23.2    15.4    10.7     7.4     5.3     4.2     3.9     4.4     6.3     9.8    15.9    22.9    28.3    30.4    27.9    22.9    13.3    11.2    11.8    14.2    19.3    24.9    31.6    42.9    59.4    72.4 -9999.0 -9999.0 -9999.0
 -9999.0 -9999.0 -9999.0 -9999.0 -9999.0 -9999.0 -9999.0 -9999.0 -9999.0 -9999.0 -9999.0 -9999.0 -9999.0 -9999.0 -9999.0 -9999.0 -9999.0 -9999.0 -9999.0 -9999.0     9.7    13.3     9.1     9.0     7.9     4.1     2.1     2.6     1.9     2.6     4.7     4.3     5.9     5.3     3.1     1.5     1.4     0.7     0.6 -9999.0 -9999.0 -9999.0 -9999.0 -9999.0 -9999.0 -9999.0 -9999.0 -9999.0 -9999.0 -9999.0 -9999.0 -9999.0 -9999.0 -9999.0 -9999.0 -9999.0 -9999.0 -9999.0 -9999.0 -9999.0 -9999.0 -9999.0 -9999.0 -9999.0 -9999.0 -9999.0 -9999.0 -9999.0 -9999.0 -9999.0 -9999.0 -9999.0 -9999.0 -9999.0 -9999.0 -9999.0 -9999.0 -9999.0 -9999.0 -9999.0 -9999.0 -9999.0 -9999.0 -9999.0 -9999.0 -9999.0 -9999.0 -9999.0    12.9    13.2    12.3    10.8    11.0    13.4    19.1    26.8    32.4    34.1    27.9    18.1    11.3     7.1     5.1     4.2     3.8     3.7     4.3     5.9     9.6    15.3    21.8    26.7    28.3    22.8    16.6    13.5    12.0    12.9    15.5    17.3    19.7    26.4    37.2    53.2    71.3 -9999.0 -9999.0 -9999.0
 -9999.0 -9999.0 -9999.0 -9999.0 -9999.0 -9999.0 -9999.0 -9999.0 -9999.0 -9999.0 -9999.0 -9999.0 -9999.0 -9999.0 -9999.0 -9999.0 -9999.0 -9999.0    12.0    12.4    10.1    34.1    22.9    20.8    12.1     7.6     2.1     1.7     1.7     3.8     5.9     9.0    10.9     8.5     5.3     2.8     1.0     0.4     0.3 -9999.0 -9999.0 -9999.0 -9999.0 -9999.0 -9999.0 -9999.0 -9999.0 -9999.0 -9999.0 -9999.0 -9999.0 -9999.0 -9999.0 -9999.0 -9999.0 -9999.0 -9999.0 -9999.0 -9999.0 -9999.0 -9999.0 -9999.0 -9999.0 -9999.0 -9999.0 -9999.0 -9999.0 -9999.0 -9999.0 -9999.0 -9999.0 -9999.0 -9999.0 -9999.0 -9999.0 -9999.0 -9999.0 -9999.0 -9999.0 -9999.0 -9999.0 -9999.0 -9999.0 -9999.0    10.0    12.3    15.0    15.0    14.7    15.9    13.2    10.2     8.1     9.7    14.7    22.2    27.1    27.5    20.5    12.8     7.8     5.2     4.4     4.6     5.0     5.2     5.7     7.3    10.5    15.4    21.1    26.2    27.0    21.0    18.3    16.7    22.2    17.4    17.3    15.4    17.2    21.6    31.6    47.4 -9999.0 -9999.0 -9999.0 -9999.0
 -9999.0 -9999.0 -9999.0 -9999.0 -9999.0 -9999.0 -9999.0 -9999.0 -9999.0 -9999.0 -9999.0 -9999.0 -9999.0 -9999.0 -9999.0     0.9     9.8    27.5    34.7    22.6    28.4     9.0    24.9     8.6     4.6     3.6     4.6     4.6     4.3     6.8    10.5    13.4    15.2    12.4    11.4     6.5     2.4     9.5     2.9     2.6     6.1     9.8    11.8    14.3 -9999.0 -9999.0 -9999.0 -9999.0 -9999.0 -9999.0 -9999.0 -9999.0 -9999.0 -9999.0 -9999.0 -9999.0 -9999.0 -9999.0 -9999.0 -9999.0 -9999.0 -9999.0 -9999.0 -9999.0 -9999.0 -9999.0 -9999.0 -9999.0 -9999.0 -9999.0 -9999.0 -9999.0 -9999.0 -9999.0 -9999.0 -9999.0 -9999.0 -9999.0 -9999.0    14.7    12.9    10.9     9.6    10.4    13.3    16.2    18.1    17.3    15.7    15.3    11.8     8.9     6.9     7.8    11.7    18.6    23.4    23.1    16.0     9.5     5.9     4.5     4.8     6.1     7.3     7.7     7.7     8.8    11.7    15.2    20.9    25.2    24.7    21.0    27.0    18.4    20.6    22.9    20.7    17.3    16.6    20.5    29.3    44.7 -9999.0 -9999.0 -9999.0 -9999.0
 -9999.0 -9999.0 -9999.0 -9999.0 -9999.0 -9999.0 -9999.0 -9999.0 -9999.0 -9999.0 -9999.0 -9999.0 -9999.0 -9999.0 -9999.0    21.0    24.5    36.7    29.9    20.7     4.2     1.5     1.3     2.8     3.7     5.8     8.3     8.5     8.7    10.6    13.3    15.0    16.5    11.5     8.5     6.1     2.8     3.4     1.6     2.5     3.1     1.4     2.5     4.3     4.2     8.5    26.9 -9999.0 -9999.0 -9999.0 -9999.0 -9999.0 -9999.0 -9999.0 -9999.0 -9999.0 -9999.0 -9999.0 -9999.0 -9999.0 -9999.0 -9999.0 -9999.0 -9999.0 -9999.0 -9999.0 -9999.0 -9999.0 -9999.0 -9999.0 -9999.0 -9999.0 -9999.0 -9999.0 -9999.0 -9999.0 -9999.0 -9999.0    19.0    17.5    15.1    13.2    12.0    11.9    14.4    17.6    18.7    18.0    16.0    13.6    11.2     8.1     6.6     6.6    10.9    15.0    20.5    19.2    14.3     8.7     5.9     5.0     5.9     8.2    10.5    11.2    10.2    10.0    12.1    15.4    20.5    25.5    31.3    27.1    21.9    17.1    24.0    27.0    25.1    21.3    19.2    22.5    31.3 -9999.0 -9999.0 -9999.0 -9999.0 -9999.0
 -9999.0 -9999.0 -9999.0 -9999.0 -9999.0 -9999.0 -9999.0 -9999.0 -9999.0 -9999.0 -9999.0 -9999.0 -9999.0 -9999.0 -9999.0 -9999.0     0.5     2.0    11.9    33.3    43.2    26.3    32.0    28.2    16.9    16.1    16.8    15.3    15.1    15.6    16.9    15.8    15.1    12.5    11.0    10.6     9.4     8.3     7.7    11.8    18.8    13.2     9.9     3.4     1.9     1.5     2.2     4.1 -9999.0 -9999.0 -9999.0 -9999.0 -9999.0 -9999.0 -9999.0 -9999.0 -9999.0 -9999.0 -9999.0 -9999.0 -9999.0 -9999.0 -9999.0 -9999.0 -9999.0 -9999.0 -9999.0 -9999.0 -9999.0 -9999.0 -9999.0 -9999.0 -9999.0 -9999.0 -9999.0 -9999.0 -9999.0 -9999.0    20.9    19.1    16.7    14.3    11.6    11.4    14.9    19.3    23.8    19.7    16.5    13.9     8.9     6.5     6.2     6.0     8.1    13.2    17.5    17.5    13.5     9.7     7.5     7.1     8.8    12.6    15.8    15.3    13.3    12.3    14.2    19.6    27.4    36.6    37.9    24.3    17.4    19.7    22.2    24.5    26.5    23.3 -9999.0 -9999.0 -9999.0 -9999.0 -9999.0 -9999.0 -9999.0 -9999.0
 -9999.0 -9999.0 -9999.0 -9999.0 -9999.0 -9999.0 -9999.0 -9999.0 -9999.0 -9999.0 -9999.0 -9999.0 -9999.0 -9999.0 -9999.0 -9999.0     0.2     1.3     4.3     6.9    24.1    27.6    33.4    27.3    16.0    14.2    17.8    23.1    33.3    40.4    26.3    32.5    57.9    59.9    28.5    23.7    31.9    23.4    20.0    26.3    33.7    23.9    30.0    45.4     5.1     0.4     0.2     0.7 -9999.0 -9999.0 -9999.0 -9999.0 -9999.0 -9999.0 -9999.0 -9999.0 -9999.0 -9999.0 -9999.0 -9999.0 -9999.0 -9999.0 -9999.0 -9999.0 -9999.0 -9999.0 -9999.0 -9999.0 -9999.0 -9999.0 -9999.0 -9999.0 -9999.0 -9999.0 -9999.0 -9999.0 -9999.0    19.0    20.2    19.4    16.9    13.4    12.2    14.4    16.4    22.0    24.5    21.7    16.4    12.1     8.8     4.9     3.9     5.2     8.4    13.4    17.4    17.4    14.7    12.6    11.4    12.1    15.7    21.2    24.1    22.9    19.5    17.9    20.4    28.0    36.8    37.6    31.6    22.6    20.7    18.3    20.9    23.6    27.4 -9999.0 -9999.0 -9999.0 -9999.0 -9999.0 -9999.0 -9999.0 -9999.0 -9999.0
 -9999.0 -9999.0 -9999.0 -9999.0 -9999.0 -9999.0 -9999.0 -9999.0 -9999.0 -9999.0 -9999.0 -9999.0 -9999.0 -9999.0 -9999.0 -9999.0    35.5    48.2    53.3    19.5    15.1    26.0    26.0    21.1    14.0    10.6     8.0    10.4    18.8    27.9    36.3    33.1    16.8    12.6    27.5    36.7    27.5    10.1     9.1     3.2     7.9    12.9    17.2    36.6    28.1     7.9     1.3     0.5     3.0     4.8     4.5 -9999.0 -9999.0 -9999.0 -9999.0 -9999.0 -9999.0 -9999.0 -9999.0 -9999.0 -9999.0 -9999.0 -9999.0 -9999.0 -9999.0 -9999.0 -9999.0 -9999.0 -9999.0 -9999.0 -9999.0 -9999.0 -9999.0 -9999.0 -9999.0 -9999.0    16.1    17.9    19.9    18.8    16.8    14.6    13.2    15.2    19.1    23.4    27.3    26.8    21.1    13.4     7.9     4.2     4.2     6.2    10.1    15.7    19.3    19.5    18.9    18.4    17.7    18.4    22.2    27.5    31.3    31.0    27.8    27.6    31.2    37.1    41.3    41.8    32.6    22.4    17.2    14.6    23.8    25.9    26.5    26.6 -9999.0 -9999.0 -9999.0 -9999.0 -9999.0 -9999.0 -9999.0 -9999.0
 -9999.0 -9999.0 -9999.0 -9999.0 -9999.0 -9999.0 -9999.0 -9999.0 -9999.0 -9999.0 -9999.0 -9999.0 -9999.0 -9999.0 -9999.0    16.2    13.0    22.3    50.2    45.2    34.6    22.4    14.9    10.1     5.9     3.2     3.4     4.9     7.7    12.9    19.0     8.0     0.5     0.2     0.1     0.1     1.1     0.3     0.1     0.1     0.0     0.1     0.5     0.7     2.3     5.7     4.5     3.4     3.7     3.3     3.4     3.8     5.3     8.9     8.5     9.1     7.8     7.1     6.9     7.5     7.7 -9999.0 -9999.0 -9999.0 -9999.0 -9999.0 -9999.0 -9999.0 -9999.0    11.1    11.6    12.2    12.8    12.7    12.7    12.6    14.4    15.9    17.3    18.4    16.8    14.9    14.8    18.0    21.3    25.4    29.3    29.3    24.1    15.6     9.6     6.5     6.6     8.9    14.4    20.9    23.5    23.5    24.0    23.6    21.2    19.8    21.1    25.0    29.2    30.8    32.7    33.1    34.2    36.8    38.0    34.9    27.0    21.0    11.7    11.8    15.8    20.7 -9999.0 -9999.0 -9999.0 -9999.0 -9999.0 -9999.0 -9999.0 -9999.0 -9999.0 -9999.0
 -9999.0 -9999.0 -9999.0 -9999.0 -9999.0 -9999.0 -9999.0 -9999.0 -9999.0 -9999.0 -9999.0 -9999.0 -9999.0 -9999.0    26.0    38.9    40.8    43.5    43.3    35.7    26.7    13.2     9.8     4.3     1.9     0.9     0.9     0.8     0.6     0.4     0.5     2.1     0.3     2.3     1.3     0.5     1.0     1.4     2.0     0.7     0.2     0.1     0.1     0.1     0.4     1.7     3.4     6.7     6.5     5.6     5.0     4.7     5.8     6.0     5.7     6.9     5.5     4.4     3.4     4.0     5.0     5.2     5.0     4.9     5.5     6.6     5.2     5.5     5.3     7.0     9.6    11.4    11.2    11.3    11.3    11.5    13.2    15.9    17.7    19.4    18.8    17.5    20.3    22.7    25.3    25.1    28.5    28.3    23.8    15.2    12.0    10.7    10.7    15.2    21.5    26.5    28.6    25.2    21.3    20.3    16.5    15.1    15.7    16.6    19.7    24.3    27.9    29.3    30.1    30.6    31.3    29.0    27.0    16.7    13.3    11.7    14.4 -9999.0 -9999.0 -9999.0 -9999.0 -9999.0 -9999.0 -9999.0 -9999.0 -9999.0 -9999.0 -9999.0
 -9999.0 -9999.0 -9999.0 -9999.0 -9999.0 -9999.0 -9999.0 -9999.0 -9999.0 -9999.0 -9999.0 -9999.0    21.6    27.3    32.7    19.6    38.3    17.9     8.5     4.8     4.2     3.4     1.7     0.8     0.4     0.3     0.3     0.3     0.2     0.2     0.2     0.2     0.9     0.5     0.2     0.4     1.4     1.7     0.6     0.7     0.4     0.4     0.5     0.8     1.7     5.2     8.7    10.2    10.2     6.9     5.1     4.3     5.0     5.6     5.0     5.0     4.5     3.4     2.6     2.4     2.8     3.3     2.7     2.2     1.6     1.7     2.1     2.5     4.3     6.6     9.5    10.6     9.4    10.4    10.5    10.6    12.7    16.5    20.0    21.9    24.7    23.3    25.1    23.5    23.2    23.7    23.9    22.1    20.0    11.5    10.8    13.2    14.4    17.0    24.2    27.6    26.0    20.7    18.9    17.2    12.5    12.0    11.7    11.6    13.7    15.5    18.1    20.3    22.9    25.5    25.7    26.9    22.0    18.3    31.4 -9999.0 -9999.0 -9999.0 -9999.0 -9999.0 -9999.0 -9999.0 -9999.0 -9999.0 -9999.0 -9999.0 -9999.0 -9999.0
 -9999.0 -9999.0 -9999.0 -9999.0 -9999.0 -9999.0 -9999.0 -9999.0 -9999.0     9.5    12.0    18.5    23.5    15.8     1.1     0.6     0.7     1.5     1.6     1.3     1.0     0.6     0.3     0.1     0.1     0.1     0.1     0.2     0.2     0.2     0.2     0.5     0.5     0.3     0.3     1.6     0.5     0.1     0.0     0.0     0.1     0.2     0.2     0.4     1.8     6.1    11.1    13.3    11.6     9.1     4.9     3.2     2.9     3.8     6.1     4.1     3.2     2.6     2.0     2.3     2.5     2.6     2.1     1.3     0.6     0.8     1.0     1.2     3.5     7.4     4.1     4.5     5.7     8.0     8.9     8.4    10.6    16.3    21.4    27.3    31.6    31.8    26.3    22.2    21.2    20.2    23.9    17.2    13.7     7.0    11.5    17.9    23.3    23.3    25.5    25.2    22.1    19.5    15.4    13.4    12.8    12.8    12.5    11.9    12.1    13.2    13.2    13.6    16.3    20.4    22.5    22.2    18.6 -9999.0 -9999.0 -9999.0 -9999.0 -9999.0 -9999.0 -9999.0 -9999.0 -9999.0 -9999.0 -9999.0 -9999.0 -9999.0 -9999.0 -9999.0
 -9999.0 -9999.0 -9999.0 -9999.0 -9999.0     4.2     1.8     5.9     9.0    12.4    16.5    20.6    23.2    14.2     7.4     3.1     1.1     1.5     1.4     1.1     0.5     0.2     0.1     0.0     0.0     0.0     0.1     0.1     0.2     0.2     0.2     0.2     0.2     0.1     0.1     0.1     0.0     0.0     0.0     0.0     0.1     0.0     0.1     0.6     1.7     5.1     9.7    14.0    11.8     6.7     4.0     2.4     2.8     3.5     4.2     2.9     2.3     1.9     1.5     2.1     2.7     3.5     2.7     1.6     1.5     1.0     0.6     1.1     2.4     1.0     1.7     2.7     4.1     6.7     7.9     8.2    10.5    16.1    20.5    25.0    33.1    33.1    28.1    22.9    20.2    13.1    14.0    10.7    10.7    10.6    14.9    21.4    27.7    27.3    25.2    22.6    20.7    17.8 -9999.0 -9999.0    15.5    17.1    18.9    16.7    13.5    11.1    10.2    11.3    13.8 -9999.0 -9999.0 -9999.0 -9999.0 -9999.0 -9999.0 -9999.0 -9999.0 -9999.0 -9999.0 -9999.0 -9999.0 -9999.0 -9999.0 -9999.0 -9999.0 -9999.0 -9999.0 -9999.0
 -9999.0 -9999.0 -9999.0     2.1     7.2     3.3     7.5    10.7    14.1    13.3     8.8     8.8    15.1     5.5     2.5     2.3     2.0     2.0     1.8     1.1     0.4     0.2     0.1     0.0     0.0     0.0     0.1     0.1     0.2     0.3     0.3     0.3     0.2     0.1     0.1     0.0     0.0     0.0     0.0     0.0     0.0     0.0     0.0     0.1     0.7     3.2     8.3    14.1    11.1     6.6     2.5     0.9     0.7     0.9     1.3     1.7     2.7     2.5     1.9     1.8     2.0     2.2     2.7     3.2     2.0     1.0     2.2     0.4     0.3     0.4     1.0     1.9     3.5     5.5     7.5     9.4    12.5    17.0    22.3    28.7    32.3    31.0    26.1    22.1    20.8    14.5    14.8    16.4    18.7    16.9    16.0    19.6    25.2    25.7    20.7    16.1    15.1 -9999.0 -9999.0 -9999.0    18.2    22.0    23.8    23.5    20.8    16.3    13.5 -9999.0 -9999.0 -9999.0 -9999.0 -9999.0 -9999.0 -9999.0 -9999.0 -9999.0 -9999.0 -9999.0 -9999.0 -9999.0 -9999.0 -9999.0 -9999.0 -9999.0 -9999.0 -9999.0 -9999.0 -9999.0
 -9999.0 -9999.0     1.1     3.1     6.8    15.5    19.7    20.5    14.6    12.1     9.6     6.3     3.1     1.8     2.2     2.4     2.5     2.2     1.9     1.1     0.4     0.2     0.1     0.0     0.0     0.0     0.1     0.1     0.2     0.3     0.4     0.3     0.2     0.1     0.1     0.0     0.0     0.0     0.0     0.0     0.0     0.0     0.2     0.5     1.9     6.7    17.8    20.3    17.4    11.7    10.4     4.8     1.5     0.9     1.6     4.3     2.8     2.8     1.6     1.4     0.9     3.0     1.6     2.2     2.0     1.8     1.1     0.4     0.3     0.3     1.0     1.8     3.3     5.5     8.1    10.7    14.0    17.1    22.9    26.9    26.4    24.4    19.5    19.1    16.0    21.7    23.0    24.5    25.1    18.6    11.8    12.5    16.3    16.4    10.8 -9999.0 -9999.0 -9999.0 -9999.0    16.0    17.8    21.3    26.0    28.7 -9999.0 -9999.0 -9999.0 -9999.0 -9999.0 -9999.0 -9999.0 -9999.0 -9999.0 -9999.0 -9999.0 -9999.0 -9999.0 -9999.0 -9999.0 -9999.0 -9999.0 -9999.0 -9999.0 -9999.0 -9999.0 -9999.0 -9999.0 -9999.0
 -9999.0 -9999.0     0.2     0.3     0.1     6.7    26.4    25.2    23.3    21.6    20.0    14.8     7.9     4.0     2.9     2.6     2.4     2.2     1.8     1.2     0.5     0.2     0.1     0.1     0.0     0.0     0.1     0.2     0.3     0.4     0.4     0.3     0.2     0.2     0.1     0.2     0.4     0.8     0.4     0.3     0.1     1.2     7.5    21.8     9.7    19.3    27.9    22.1    27.3    23.0    19.1    18.0    13.7    10.3     5.7     5.0     3.1     6.9     2.6     3.5     3.5     1.7     2.6     2.4     2.7     2.7     2.0     1.8     1.7     0.7     1.1     2.1     4.1     6.7     9.0    11.0    13.1    17.6    20.7    21.4    17.7    14.0    14.9    15.9    15.8    18.2    13.0    14.7    19.9    15.3     9.0     8.4     9.8     9.2 -9999.0 -9999.0 -9999.0 -9999.0 -9999.0    12.8 -9999.0 -9999.0 -9999.0 -9999.0 -9999.0 -9999.0 -9999.0 -9999.0 -9999.0 -9999.0 -9999.0 -9999.0 -9999.0 -9999.0 -9999.0 -9999.0 -9999.0 -9999.0 -9999.0 -9999.0 -9999.0 -9999.0 -9999.0 -9999.0 -9999.0 -9999.0 -9999.0 -9999.0
 -9999.0 -9999.0     0.5     0.1     0.5     4.6    15.2    19.8    33.6    32.5    31.8    27.0    17.4     9.2     5.0     2.9     2.4     2.1     1.9     1.4     0.7     0.3     0.2     0.1     0.1     0.1     0.1     0.2     0.3     0.4     0.5     0.5     1.9     4.1     4.7     6.0     3.3     2.8     3.2     2.1     0.3     0.6     0.8     4.0     5.6    11.4    18.5    24.0    23.7    22.9    23.1    17.9    14.0    10.9     8.2     9.0     9.2     5.8     8.4     8.5     1.6     1.8     2.2     2.6     3.3     4.2     4.3     6.0     3.0     2.3     2.3     3.0     5.1     8.1     9.4    10.8    13.7    18.4    21.4    18.5    14.7     8.9     9.8    14.0     5.3     3.8     3.9     8.1    15.7    15.7    10.6 -9999.0 -9999.0 -9999.0 -9999.0 -9999.0 -9999.0 -9999.0 -9999.0 -9999.0 -9999.0 -9999.0 -9999.0 -9999.0 -9999.0 -9999.0 -9999.0 -9999.0 -9999.0 -9999.0 -9999.0 -9999.0 -9999.0 -9999.0 -9999.0 -9999.0 -9999.0 -9999.0 -9999.0 -9999.0 -9999.0 -9999.0 -9999.0 -9999.0 -9999.0 -9999.0 -9999.0 -9999.0
 -9999.0 -9999.0 -9999.0     0.1     2.8     1.7     3.9    10.1    23.3    41.5    39.8    36.0    26.8    15.3     6.8     3.2     2.2     2.2     2.3     1.9     1.2     0.6     0.3     0.2     0.2     0.2     0.2     0.3     0.4     0.7     1.2     3.4     3.8     8.5    10.5     7.1     3.1     1.7     1.6     0.4     0.3     0.3     0.6     1.3     3.3    10.6    20.2    23.9    26.4    24.8    22.3    19.0    15.2    11.2     7.8     5.8     7.8    13.4    16.4     9.8     4.9     2.6     3.1     2.8     2.9     3.5     4.9     6.3     4.1     3.7     3.5     3.7     5.6     7.6     8.7     9.3    13.4    18.3    20.0    15.3    11.8     8.8    10.5     7.2     4.2     3.5     3.9     7.8    17.6    22.1    16.2    12.1 -9999.0 -9999.0 -9999.0 -9999.0 -9999.0 -9999.0 -9999.0 -9999.0 -9999.0 -9999.0 -9999.0 -9999.0 -9999.0 -9999.0 -9999.0 -9999.0 -9999.0 -9999.0 -9999.0 -9999.0 -9999.0 -9999.0 -9999.0 -9999.0 -9999.0 -9999.0 -9999.0 -9999.0 -9999.0 -9999.0 -9999.0 -9999.0 -9999.0 -9999.0 -9999.0 -9999.0
 -9999.0 -9999.0 -9999.0 -9999.0 -9999.0     5.2    17.6    21.8    12.2    40.8    44.4    42.1    33.4    19.3     8.1     3.4     2.4     2.8     3.4     3.1     2.3     1.2     0.6     0.3     0.3     0.3     0.4     0.6     1.2     2.2     3.0     5.2     6.9     7.4    11.4     7.3     7.2     5.6     2.3     0.7     0.4     0.4     0.4     1.0     2.4     5.4    10.1    19.5    19.7    23.0    20.7    19.4    16.0    12.2     8.4     5.6     5.0     6.8    13.2    17.2    18.3     5.9     5.0     2.6     2.5     2.5     3.5     3.4     3.1     3.3     3.7     4.2     5.9     8.0    10.3    11.6    14.6    16.7    18.4    14.9    11.9     9.2    10.8    10.3     8.1     5.9     7.0    12.4    23.2    27.7    22.0    18.0    13.6     7.2 -9999.0 -9999.0 -9999.0     4.0 -9999.0 -9999.0 -9999.0 -9999.0 -9999.0 -9999.0 -9999.0 -9999.0 -9999.0 -9999.0 -9999.0 -9999.0 -9999.0 -9999.0 -9999.0 -9999.0 -9999.0 -9999.0 -9999.0 -9999.0 -9999.0 -9999.0 -9999.0 -9999.0 -9999.0 -9999.0 -9999.0 -9999.0 -9999.0 -9999.0
 -9999.0 -9999.0 -9999.0 -9999.0     2.6     0.7     0.3     6.6    11.2    37.0    33.4    36.6    33.4    21.0     8.8     3.8     3.1     4.1     5.1     4.9     3.5     2.0     1.2     0.8     0.7     0.8     1.1     2.7     2.8     4.0     5.6     6.7     7.7     9.5     8.1     7.9     6.6    10.5     8.0     3.7     1.0     0.5     0.6     0.7     1.2     1.9     3.3     6.3     9.3     8.6    11.2    16.4    15.7    12.8     9.0     6.3     6.6     8.8    14.0    12.8    13.9    13.8    10.3     3.0     1.0     2.5     3.7     2.0     4.0     3.8     4.4     6.5     9.5    13.1    15.3    16.2    17.8    18.9    18.7    13.5    11.5    12.3    13.0    15.7     9.9     8.2    11.1    18.0    26.8    29.5    25.8    23.3    17.3    10.0 -9999.0 -9999.0     6.1     6.3     7.1     9.5    12.6 -9999.0 -9999.0 -9999.0 -9999.0 -9999.0 -9999.0 -9999.0 -9999.0 -9999.0 -9999.0 -9999.0 -9999.0 -9999.0 -9999.0 -9999.0 -9999.0 -9999.0 -9999.0 -9999.0 -9999.0 -9999.0 -9999.0 -9999.0 -9999.0 -9999.0 -9999.0 -9999.0
 -9999.0 -9999.0 -9999.0 -9999.0     0.3     2.4     0.3     6.9     0.4     1.3    19.8     5.1    11.1    10.1    12.8     8.6     7.3     6.8     7.3     6.9     5.5     3.7     2.6     2.1     1.8     2.0     2.5     3.3     4.2     5.5     6.8     8.7     9.4    10.2    10.9     9.7    10.7    11.1     6.8     3.3     4.8     1.1     1.0     0.6     0.8     0.9     1.1     1.3     2.0     4.4     7.8    11.2    14.7    12.2     9.7     9.0    10.3    13.8    17.5    14.5    19.5    10.3     4.4     3.5     2.1     1.7     4.0     3.4     3.8     7.1     7.2     9.5    12.9    18.2    18.6    18.5    18.3    19.9    16.8    12.5    12.4    12.4    14.7    12.9     8.1     9.1    13.3    20.2    28.8    33.4    32.6    33.3    22.7    16.9    14.6    12.4    10.9    10.6    11.9 -9999.0 -9999.0 -9999.0 -9999.0 -9999.0 -9999.0 -9999.0 -9999.0 -9999.0 -9999.0 -9999.0 -9999.0 -9999.0 -9999.0 -9999.0 -9999.0 -9999.0 -9999.0 -9999.0 -9999.0 -9999.0 -9999.0 -9999.0 -9999.0 -9999.0 -9999.0 -9999.0 -9999.0 -9999.0
 -9999.0 -9999.0 -9999.0 -9999.0 -9999.0 -9999.0 -9999.0     3.2     1.4     5.0     0.5     0.9     5.7     4.1     3.9     9.0     6.6     7.6     7.8     6.0     3.3     2.1     1.9     2.1     2.4     2.8     3.5     4.5     5.8     7.5     9.0    10.5    11.5    12.7    13.7    12.3    13.4    11.2    12.0    11.0     4.3    10.0     8.4     5.0     2.7     1.0     2.1     1.9     4.1     3.9     6.7    11.0    13.3    13.9    13.5    13.2    14.4    15.2    21.5    19.9    21.8    14.2     8.5     8.3     8.7     5.8     6.0     6.7     6.7     9.5    11.4    13.6    20.1    23.3    19.7    17.6    15.3    15.7    14.2    10.6    10.1    11.0    11.9    10.0     7.7     9.4    12.8    18.4    25.6    32.0    33.3    31.3    25.9    22.7    22.7    20.5    17.8 -9999.0 -9999.0 -9999.0 -9999.0 -9999.0 -9999.0 -9999.0 -9999.0 -9999.0 -9999.0 -9999.0 -9999.0 -9999.0 -9999.0 -9999.0 -9999.0 -9999.0 -9999.0 -9999.0 -9999.0 -9999.0 -9999.0 -9999.0 -9999.0 -9999.0 -9999.0 -9999.0 -9999.0 -9999.0 -9999.0 -9999.0
 -9999.0 -9999.0 -9999.0 -9999.0 -9999.0 -9999.0 -9999.0     0.0     4.8     1.0     0.6     2.2     1.4     0.5     1.7     0.3     1.9     2.1     1.0     2.2     2.3     1.8     2.2     2.5     3.0     3.7     4.6     5.9     7.2     8.7    10.7    12.3    13.4    15.1    14.5    14.4    13.1    13.3    11.7     9.4     8.3     7.2     7.5    12.7     6.0     3.1     5.4     7.1    15.2    13.1    19.6    15.9    13.5    14.9    17.8    19.9    22.3    25.6    27.1    26.2    27.6    29.2    28.4    28.9    22.8    15.9    11.8    10.7    13.3    12.6    18.1    24.4    29.9    26.5    14.9    15.0    13.0    12.3    12.2    10.0    10.4    10.6    15.4     9.7     8.7     9.9    11.5    14.0    17.7    20.3    22.0    21.7    20.6    22.4    28.1    29.1 -9999.0 -9999.0 -9999.0 -9999.0 -9999.0 -9999.0 -9999.0 -9999.0 -9999.0 -9999.0 -9999.0 -9999.0 -9999.0 -9999.0 -9999.0 -9999.0 -9999.0 -9999.0 -9999.0 -9999.0 -9999.0 -9999.0 -9999.0 -9999.0 -9999.0 -9999.0 -9999.0 -9999.0 -9999.0 -9999.0 -9999.0 -9999.0
 -9999.0 -9999.0 -9999.0 -9999.0 -9999.0 -9999.0 -9999.0 -9999.0 -9999.0     0.7     1.1     1.9     0.4     0.6     1.1     1.6     0.9     0.3     0.9     0.7     1.4     2.1     2.6     3.0     3.7     4.6     5.7     7.2     8.7    10.8    11.8    13.6    14.8    16.1    15.2    15.0    14.2    14.0    11.8    11.0     8.4     8.0     6.8     6.1     8.9    10.3    12.6    14.7    18.0    19.4    20.9    16.7    15.2    18.4    24.7    28.1    30.0    33.0    34.3    33.1    30.8    26.8    25.6    51.1    42.6    33.6    26.1    22.7    24.8    25.0    31.1    30.4    29.6    24.1    18.2    11.9    12.3    13.0    12.9    11.6    11.9    14.1     6.9     8.6    10.3    10.7    10.6    11.2    12.2    11.9    12.3    14.3    18.5    25.7    34.6 -9999.0 -9999.0 -9999.0 -9999.0 -9999.0 -9999.0 -9999.0 -9999.0 -9999.0 -9999.0 -9999.0 -9999.0 -9999.0 -9999.0 -9999.0 -9999.0 -9999.0 -9999.0 -9999.0 -9999.0 -9999.0 -9999.0 -9999.0 -9999.0 -9999.0 -9999.0 -9999.0 -9999.0 -9999.0 -9999.0 -9999.0 -9999.0 -9999.0
 -9999.0 -9999.0 -9999.0 -9999.0 -9999.0 -9999.0 -9999.0 -9999.0 -9999.0 -9999.0 -9999.0     0.2     2.3     0.2     0.5     0.4     0.6     0.9     1.1     1.2     1.2     2.0     2.5     3.5     4.0     5.4     6.8     8.6    10.4    12.2    13.9    16.1    16.4    17.2    16.9    19.0    16.5    15.9    19.1    13.3    13.0     9.6     7.6     7.1    13.3    11.1    21.5    20.9    27.2    27.9    23.1    21.2    21.2    27.3    35.6    40.2    42.0    44.5    44.7    43.5    39.5    35.0    35.1    48.1    44.2    63.4    50.7    46.9    46.0    49.1    46.7    39.5    26.4    18.8    20.4    19.9    18.8    16.0    15.5    14.7    11.9     9.2    11.2    11.2    11.4    10.8    10.9    11.3    11.7    11.4    11.7    16.2    25.0    33.1    41.4 -9999.0 -9999.0 -9999.0 -9999.0 -9999.0 -9999.0 -9999.0 -9999.0 -9999.0 -9999.0 -9999.0 -9999.0 -9999.0 -9999.0 -9999.0 -9999.0 -9999.0 -9999.0 -9999.0 -9999.0 -9999.0 -9999.0 -9999.0 -9999.0 -9999.0 -9999.0 -9999.0 -9999.0 -9999.0 -9999.0 -9999.0 -9999.0 -9999.0
 -9999.0 -9999.0 -9999.0 -9999.0 -9999.0 -9999.0 -9999.0 -9999.0 -9999.0 -9999.0 -9999.0 -9999.0     1.2     1.2     0.3     0.5     0.2     0.5     0.7     0.6     1.9     2.2     2.9     4.0     4.2     6.3     8.0     9.9    11.9    14.4    15.8    17.1    18.0    19.4    19.8    19.3    22.0    19.0    16.8    14.4    12.5    11.0    10.1    11.8    12.6    16.3    23.1    22.2    29.4    34.3    40.4    36.2    32.1    36.1    45.9    52.0    54.4    55.6    55.1    55.8    52.6    44.9    38.3    40.3    72.2    55.8    83.7    79.0    75.1    74.5    55.1    41.4    36.8    35.7    32.6    37.7    24.2    22.3    20.6    31.1    20.2    15.3    14.5    12.0    10.6    10.4    11.8    14.3    16.5    17.7    20.1    28.3    37.6    42.9    48.0    51.5    52.5 -9999.0 -9999.0 -9999.0 -9999.0 -9999.0 -9999.0 -9999.0 -9999.0 -9999.0 -9999.0 -9999.0 -9999.0 -9999.0 -9999.0 -9999.0 -9999.0 -9999.0 -9999.0 -9999.0 -9999.0 -9999.0 -9999.0 -9999.0 -9999.0 -9999.0 -9999.0 -9999.0 -9999.0 -9999.0 -9999.0 -9999.0
 -9999.0 -9999.0 -9999.0 -9999.0 -9999.0 -9999.0 -9999.0 -9999.0 -9999.0 -9999.0 -9999.0 -9999.0     0.1     1.4     1.7     0.3     1.2     0.9     0.6     1.0     1.6     2.1     3.1     4.5     6.0     7.2     9.0    10.8    13.0    14.8    17.1    19.2    19.5    19.6    20.1    19.7    22.4    23.1    21.8    19.8    16.4    14.6    17.3    13.4    17.4    23.0    21.3    24.3    24.2    37.5    39.4    41.2    37.1    44.5    49.0    57.2    59.2    61.7    62.0    62.8    60.9    55.3    47.2    42.0    72.0    78.3    72.1    77.5    77.5    80.5    80.5    79.4    72.3    50.7    47.9    42.0    36.7    37.8    34.1    33.0    54.4    18.4    16.3    15.0    13.0    12.6    16.2    21.2    25.1    26.6    28.0    34.5    43.2    48.7    52.5    54.9    55.9 -9999.0 -9999.0 -9999.0 -9999.0 -9999.0 -9999.0 -9999.0 -9999.0 -9999.0 -9999.0 -9999.0 -9999.0 -9999.0 -9999.0 -9999.0 -9999.0 -9999.0 -9999.0 -9999.0 -9999.0 -9999.0 -9999.0 -9999.0 -9999.0 -9999.0 -9999.0 -9999.0 -9999.0 -9999.0 -9999.0 -9999.0
 -9999.0 -9999.0 -9999.0 -9999.0 -9999.0 -9999.0 -9999.0 -9999.0 -9999.0 -9999.0 -9999.0 -9999.0 -9999.0     0.5     0.2     1.4     0.6     1.2     1.6     1.9     2.2     3.4     3.7     5.5     6.6     7.8     9.7    12.0    14.2    16.3    17.7    18.7    20.5    20.5    18.5    18.9    20.4    23.3    30.1    26.6    24.2    23.9    21.8    24.9    21.2    19.7    25.5    32.8    38.9    41.6    42.5    36.4    36.1    51.4    51.1    53.0    54.9    58.8    62.1    62.7    61.6    56.6    50.5    47.9    45.6    68.1    90.2    93.6    96.2    83.7    75.3    73.1    65.1    64.2    64.2    57.8    53.0    50.6    48.3    40.6    42.3    29.5    27.2    27.6    25.3    22.9    26.3    30.4    32.8    31.2    28.8    32.0    40.5    48.7    54.7    58.2    59.4 -9999.0 -9999.0 -9999.0 -9999.0 -9999.0 -9999.0 -9999.0 -9999.0 -9999.0 -9999.0 -9999.0 -9999.0 -9999.0 -9999.0 -9999.0 -9999.0 -9999.0 -9999.0 -9999.0 -9999.0 -9999.0 -9999.0 -9999.0 -9999.0 -9999.0 -9999.0 -9999.0 -9999.0 -9999.0 -9999.0 -9999.0
 -9999.0 -9999.0 -9999.0 -9999.0 -9999.0 -9999.0 -9999.0 -9999.0 -9999.0 -9999.0 -9999.0 -9999.0     0.6     0.2     0.3     1.0     0.4     0.9     1.3     2.9     3.5     4.3     5.0     6.3     7.6     8.6    10.4    12.3    14.3    16.6    18.2    18.5    20.5    18.6    18.0    17.0    20.6    21.5    24.5    26.6    31.9    35.3    37.4    26.0    27.9    28.7    27.2    26.1    32.5    36.6    44.3    47.9    36.3    41.5    39.8    41.6    46.4    47.6    53.1    53.8    56.8    57.7    50.4    49.9    49.2    62.3    40.0    63.5    97.6   103.8    91.6    77.5    78.0    80.0    75.8    75.8    79.3    77.9    68.7    57.6    48.5    43.3    42.1    44.0    42.7    39.9    40.9    38.9    33.3    29.4    27.4    29.8    39.6    50.1    59.1    64.0    65.2    69.9 -9999.0 -9999.0 -9999.0 -9999.0 -9999.0 -9999.0 -9999.0 -9999.0 -9999.0 -9999.0 -9999.0 -9999.0 -9999.0 -9999.0 -9999.0 -9999.0 -9999.0 -9999.0 -9999.0 -9999.0 -9999.0 -9999.0 -9999.0 -9999.0 -9999.0 -9999.0 -9999.0 -9999.0 -9999.0 -9999.0
 -9999.0 -9999.0 -9999.0 -9999.0 -9999.0 -9999.0 -9999.0 -9999.0 -9999.0 -9999.0 -9999.0 -9999.0     0.5     2.5     1.6     0.3     0.6     2.1     2.7     2.7     4.7     4.8     6.0     7.3     8.7     9.8    10.9    12.2    13.8    15.2    16.6    18.1    19.4    16.3    14.2    13.8    14.8    19.5    23.8    24.7    26.9    27.2    28.4    30.5    32.0    34.2    40.8    40.4    40.1    29.7    30.4    37.5    29.1    27.8    30.2    31.6    34.1    40.3    44.8    54.3    60.9    65.2    51.8    48.7    52.2    44.4    62.3    51.7    63.3    75.8    82.5    83.1    79.9    75.4    81.8    79.9    87.9    78.6    75.0    68.6    60.4    55.8    53.3    53.2    51.8    53.0    54.6    50.5    39.6    35.8    35.5    39.4    49.8    60.3    69.8    73.0    71.9    77.1    89.2 -9999.0 -9999.0 -9999.0 -9999.0 -9999.0 -9999.0 -9999.0 -9999.0 -9999.0 -9999.0 -9999.0 -9999.0 -9999.0 -9999.0 -9999.0 -9999.0 -9999.0 -9999.0 -9999.0 -9999.0 -9999.0 -9999.0 -9999.0 -9999.0 -9999.0 -9999.0 -9999.0 -9999.0 -9999.0
 -9999.0 -9999.0 -9999.0 -9999.0 -9999.0 -9999.0 -9999.0 -9999.0 -9999.0 -9999.0 -9999.0 -9999.0     5.8     1.5     3.9     2.8     3.1     1.8     3.4     4.2     4.3     5.4     7.7     8.4     9.7    10.4    11.4    12.7    12.7    13.8    15.0    18.0    16.4    14.1    11.7    10.3    11.7    16.3    20.9    25.8    26.7    26.4    36.1    29.3    35.5    43.4    47.0    41.7    35.4    33.9    31.9    24.9    43.1    43.3    32.7    30.6    31.3    37.4    46.1    50.8    59.3    65.3    79.6    62.0    49.9    34.6    40.9    52.3    67.6    82.1    94.7    92.0    85.4    89.3   140.7    99.6   119.9    78.3    74.5    68.8    61.8    58.5    55.5    55.5    57.1    60.7    69.6    96.4    63.6    58.9    59.3    63.7    70.4    77.9    82.4    80.4    76.8    82.6    96.4   109.1 -9999.0 -9999.0 -9999.0 -9999.0 -9999.0 -9999.0 -9999.0 -9999.0 -9999.0 -9999.0 -9999.0 -9999.0 -9999.0 -9999.0 -9999.0 -9999.0 -9999.0 -9999.0 -9999.0 -9999.0 -9999.0 -9999.0 -9999.0 -9999.0 -9999.0 -9999.0 -9999.0 -9999.0
 -9999.0 -9999.0 -9999.0 -9999.0 -9999.0 -9999.0 -9999.0 -9999.0 -9999.0 -9999.0 -9999.0 -9999.0 -9999.0     1.6     2.2     4.8     4.5     5.6     5.1     5.8     6.1     8.6     9.4    10.4    11.8    11.9    11.8    11.4    11.8    10.8    13.5    14.3    15.4    13.0    10.6    10.7    11.4    14.5    19.8    22.5    25.0    35.9    42.1    41.1    36.7    39.2    44.5    38.6    42.6    37.4    27.1    31.5    26.4    23.0    32.2    33.9    32.5    36.7    48.7    68.8    77.1   103.3    91.1    71.4    30.8    32.9    43.8    60.8    79.9    98.8   111.8   110.3    99.6    93.0    98.0    93.8    87.2    79.9    78.6    65.3    57.3    55.3    57.1    58.5    58.7    63.4    77.4   135.9   123.5    94.7    87.6    92.6    95.5    95.8    92.7    85.0    80.3    86.3   101.5 -9999.0 -9999.0 -9999.0 -9999.0 -9999.0 -9999.0 -9999.0 -9999.0 -9999.0 -9999.0 -9999.0 -9999.0 -9999.0 -9999.0 -9999.0 -9999.0 -9999.0 -9999.0 -9999.0 -9999.0 -9999.0 -9999.0 -9999.0 -9999.0 -9999.0 -9999.0 -9999.0 -9999.0 -9999.0
 -9999.0 -9999.0 -9999.0 -9999.0 -9999.0 -9999.0 -9999.0 -9999.0 -9999.0 -9999.0 -9999.0 -9999.0 -9999.0    14.8     5.1     8.3     6.0     9.7    10.2    10.4    10.1    11.7    12.9    14.0    15.1    14.0    12.7    10.9     9.6    12.1    11.3    11.6    10.9    11.0    10.6     9.6     9.7    13.5    18.6    27.6    25.3    30.6    35.8    39.4    51.0    42.1    42.2    38.2    35.4    29.8    27.4    17.6    23.0    30.6    36.1    33.5    32.9    40.9    58.1    72.7    94.8   102.8    79.9    49.4    42.4    43.5    56.2    75.3    96.9   115.9   123.4   118.1   108.9   107.7   112.0   118.5   127.6    84.8    74.2    63.7    55.7    55.2    62.5    69.8    70.7    73.8    83.6    97.9   114.7   103.7   110.2   115.8   115.0   109.4   104.0    95.4    87.0    89.6   105.7 -9999.0 -9999.0 -9999.0 -9999.0 -9999.0 -9999.0 -9999.0 -9999.0 -9999.0 -9999.0 -9999.0 -9999.0 -9999.0 -9999.0 -9999.0 -9999.0 -9999.0 -9999.0 -9999.0 -9999.0 -9999.0 -9999.0 -9999.0 -9999.0 -9999.0 -9999.0 -9999.0 -9999.0 -9999.0
 -9999.0 -9999.0 -9999.0 -9999.0 -9999.0 -9999.0 -9999.0 -9999.0 -9999.0 -9999.0 -9999.0 -9999.0 -9999.0 -9999.0 -9999.0    13.6    15.2    14.2    16.4    18.6    16.9    19.3    20.3    19.9    18.9    17.2    15.9    12.2    11.7     6.8     7.0     6.5     9.7     9.5     8.1    10.8    12.9    10.5    14.2    17.9    26.8    33.0    35.5    36.2    34.0    38.8    38.0    39.8    30.4    26.1    16.0    27.2    18.0    23.2    24.8    27.9    33.0    42.4    67.1    92.4   109.6    89.4    86.5    81.2    70.3    67.1    73.9    89.5   110.9   123.9   126.5   120.7   132.2   133.2   126.3   146.7   132.6   132.5    84.4    69.9    64.1    68.4    82.5    96.4    99.9    97.5    95.6   100.9   102.4   111.2   125.6   138.5   127.8   121.9   116.2   110.7    99.2 -9999.0   111.7 -9999.0 -9999.0 -9999.0 -9999.0 -9999.0 -9999.0 -9999.0 -9999.0 -9999.0 -9999.0 -9999.0 -9999.0 -9999.0 -9999.0 -9999.0 -9999.0 -9999.0 -9999.0 -9999.0 -9999.0 -9999.0 -9999.0 -9999.0 -9999.0 -9999.0 -9999.0 -9999.0 -9999.0 -9999.0
 -9999.0 -9999.0 -9999.0 -9999.0 -9999.0 -9999.0 -9999.0 -9999.0 -9999.0 -9999.0 -9999.0 -9999.0 -9999.0 -9999.0 -9999.0 -9999.0 -9999.0    54.5    37.5 -9999.0    34.1    28.2    30.8    29.5    25.6    22.4    19.5    14.0     8.2     7.1     3.8     2.1     7.6     3.5     4.0     6.6    12.0     5.3     9.7    13.8    20.4    31.9    31.4    30.8    43.8    39.4   126.0    37.0    29.4    19.8    28.5    10.7    30.8    21.9    24.9    26.1    22.0    46.1    67.9    99.3    79.7    84.2   105.9   106.2    95.0    86.8    84.8    91.7   110.0   123.1   123.8   143.1   153.5   140.2   147.9   156.7   137.0   117.5   101.9    88.0    86.8    96.8   113.2   126.7   132.8   126.0   113.6   103.4   106.4   120.2   143.1   148.2   128.9   122.0   123.5   120.2   107.5   105.0   116.9   129.6   131.7 -9999.0 -9999.0 -9999.0 -9999.0 -9999.0 -9999.0 -9999.0 -9999.0 -9999.0 -9999.0 -9999.0 -9999.0 -9999.0 -9999.0 -9999.0 -9999.0 -9999.0 -9999.0 -9999.0 -9999.0 -9999.0 -9999.0 -9999.0 -9999.0 -9999.0 -9999.0 -9999.0
 -9999.0 -9999.0 -9999.0 -9999.0 -9999.0 -9999.0 -9999.0 -9999.0 -9999.0 -9999.0 -9999.0 -9999.0 -9999.0 -9999.0 -9999.0 -9999.0 -9999.0 -9999.0 -9999.0 -9999.0 -9999.0    44.9    41.7    37.8    35.6    32.0    24.2    16.0     9.3     3.7     1.9     0.5     0.9     2.2     3.7     6.1     5.3     4.6     4.4     6.3    11.1    29.8    34.6    32.4    43.6    33.6   199.8    46.3    35.6    91.8    16.4    30.7    28.5    15.4    16.4    24.4    28.7    31.3    78.7    98.2    65.7    82.9   103.4   105.9    97.2    87.9    81.0    80.0    94.9   111.0   121.4   142.4   147.3   140.2   141.2   140.2   133.9   124.0   119.8   116.5   115.9   124.0   135.9   144.2   160.5   138.5   122.1   110.5   110.1   124.7   144.3   137.6   145.6   146.0   124.3   123.2   114.6   109.2   116.7   115.7 -9999.0 -9999.0 -9999.0 -9999.0 -9999.0 -9999.0 -9999.0 -9999.0 -9999.0 -9999.0 -9999.0 -9999.0 -9999.0 -9999.0 -9999.0 -9999.0 -9999.0 -9999.0 -9999.0 -9999.0 -9999.0 -9999.0 -9999.0 -9999.0 -9999.0 -9999.0 -9999.0 -9999.0
 -9999.0 -9999.0 -9999.0 -9999.0 -9999.0 -9999.0 -9999.0 -9999.0 -9999.0 -9999.0 -9999.0 -9999.0 -9999.0 -9999.0 -9999.0 -9999.0 -9999.0 -9999.0 -9999.0 -9999.0 -9999.0 -9999.0 -9999.0    66.7    52.3    44.9    34.7    23.2    15.1     5.8     2.9     2.4     7.6     5.3     8.9     9.2    11.2     6.8    13.8    21.1    24.4    35.4    27.5    25.8    49.2   217.7    90.3    77.3   113.6   128.9    43.1    28.9    26.6    20.1    10.0     2.9    17.7    43.3    49.0    91.5    79.9    92.4    90.6    79.8    80.1    78.4    72.3    67.9    70.6    94.4   123.4   137.3   141.6   148.5   140.3   136.3   139.5   140.6   140.9   138.8   133.5   131.1   136.9   148.0   151.4   165.0   118.4   116.9   118.6   134.3   147.2   145.6   128.8   135.9   130.3   127.9   119.7   115.6    96.3 -9999.0 -9999.0 -9999.0 -9999.0 -9999.0 -9999.0 -9999.0 -9999.0 -9999.0 -9999.0 -9999.0 -9999.0 -9999.0 -9999.0 -9999.0 -9999.0 -9999.0 -9999.0 -9999.0 -9999.0 -9999.0 -9999.0 -9999.0 -9999.0 -9999.0 -9999.0 -9999.0 -9999.0 -9999.0
 -9999.0 -9999.0 -9999.0 -9999.0 -9999.0 -9999.0 -9999.0 -9999.0 -9999.0 -9999.0 -9999.0 -9999.0 -9999.0 -9999.0 -9999.0 -9999.0 -9999.0 -9999.0 -9999.0 -9999.0 -9999.0 -9999.0 -9999.0 -9999.0 -9999.0    72.8    54.2    39.8    27.0    25.6    10.0     3.9     3.9     7.7     9.0    15.8    27.9    14.8    26.3    24.3    40.8    31.5    43.2    46.4   142.4   235.4   197.5   348.8    56.2   111.3    45.9    41.8    41.0    33.2    10.5     5.7    16.1    23.3    57.8    81.6    97.3    92.0   136.8    56.7    64.8    73.3    72.9    72.1    77.3    99.5   114.0   124.4   124.2   137.0   136.3   133.5   135.7   142.1   153.6   140.1   127.2   121.3   123.6   131.6   138.7   116.3   111.0   113.8   134.5   153.9   153.3   137.6   135.8   139.1   134.9   137.3   116.8   104.2 -9999.0 -9999.0 -9999.0 -9999.0 -9999.0 -9999.0 -9999.0 -9999.0 -9999.0 -9999.0 -9999.0 -9999.0 -9999.0 -9999.0 -9999.0 -9999.0 -9999.0 -9999.0 -9999.0 -9999.0 -9999.0 -9999.0 -9999.0 -9999.0 -9999.0 -9999.0 -9999.0 -9999.0 -9999.0 -9999.0
 -9999.0 -9999.0 -9999.0 -9999.0 -9999.0 -9999.0 -9999.0 -9999.0 -9999.0 -9999.0 -9999.0 -9999.0 -9999.0 -9999.0 -9999.0 -9999.0 -9999.0 -9999.0 -9999.0 -9999.0 -9999.0 -9999.0 -9999.0 -9999.0 -9999.0 -9999.0 -9999.0    64.5    49.4    24.5    14.4     9.9    18.3    10.0    17.0    15.2    19.8    21.7    20.9    31.6    44.9    34.3    62.3   130.3   173.6   237.8   304.9   352.3   387.4   225.7   334.2   287.7    58.4    40.5    19.6    17.4    12.2    21.7    49.9    60.0    49.4    83.5    53.0    54.2    76.9    85.9    90.0    80.8    84.4   100.8   106.3   117.4   102.2   114.4   118.5   126.6   132.7   138.4   132.2   124.0   119.7   113.2   121.2   130.8   116.0   108.7   117.2   150.3   165.4   178.3   161.8   133.4   128.7   128.0   134.4   133.5   112.1 -9999.0 -9999.0 -9999.0 -9999.0 -9999.0 -9999.0 -9999.0 -9999.0 -9999.0 -9999.0 -9999.0 -9999.0 -9999.0 -9999.0 -9999.0 -9999.0 -9999.0 -9999.0 -9999.0 -9999.0 -9999.0 -9999.0 -9999.0 -9999.0 -9999.0 -9999.0 -9999.0 -9999.0 -9999.0 -9999.0 -9999.0
 -9999.0 -9999.0 -9999.0 -9999.0 -9999.0 -9999.0 -9999.0 -9999.0 -9999.0 -9999.0 -9999.0 -9999.0 -9999.0 -9999.0 -9999.0 -9999.0 -9999.0 -9999.0 -9999.0 -9999.0 -9999.0 -9999.0 -9999.0 -9999.0 -9999.0 -9999.0 -9999.0 -9999.0 -9999.0 -9999.0 -9999.0 -9999.0 -9999.0    23.7    25.1 -9999.0 -9999.0 -9999.0    37.5    40.8    47.0    64.2    68.6   147.6   199.9   237.6 -9999.0 -9999.0 -9999.0 -9999.0 -9999.0 -9999.0   123.2    52.1    33.2    16.9    14.8    20.6    32.0    40.7    52.2    64.4    48.2    49.3    63.1    86.0   102.6   107.0   107.7   108.8    96.8   105.6   110.5   100.1   111.2   125.4   137.0   138.1   131.7   128.2   130.3   137.2   146.1   138.3   127.9   117.1   133.6   164.2   183.1   186.3   156.8   131.5   114.1   109.1   119.0   110.5    90.7 -9999.0 -9999.0 -9999.0 -9999.0 -9999.0 -9999.0 -9999.0 -9999.0 -9999.0 -9999.0 -9999.0 -9999.0 -9999.0 -9999.0 -9999.0 -9999.0 -9999.0 -9999.0 -9999.0 -9999.0 -9999.0 -9999.0 -9999.0 -9999.0 -9999.0 -9999.0 -9999.0 -9999.0 -9999.0 -9999.0 -9999.0
 -9999.0 -9999.0 -9999.0 -9999.0 -9999.0 -9999.0 -9999.0 -9999.0 -9999.0 -9999.0 -9999.0 -9999.0 -9999.0 -9999.0 -9999.0 -9999.0 -9999.0 -9999.0 -9999.0 -9999.0 -9999.0 -9999.0 -9999.0 -9999.0 -9999.0 -9999.0 -9999.0 -9999.0 -9999.0 -9999.0 -9999.0 -9999.0 -9999.0 -9999.0 -9999.0 -9999.0 -9999.0 -9999.0 -9999.0    83.6    95.5   112.9   134.2   158.3 -9999.0 -9999.0 -9999.0 -9999.0 -9999.0 -9999.0 -9999.0 -9999.0   123.2    69.7    35.5    18.1    14.2    16.4    22.4    32.5    42.3    43.6    43.5    42.2    67.4    96.1   118.6   117.7   118.9   128.7   130.9   123.0   108.3   126.3   124.1   140.6   153.4   165.7   161.4   157.5   168.7   183.7   181.9   176.8   145.8   138.1   158.3   185.3   196.6   187.6   163.8   139.7   121.7   115.1   117.6    93.8 -9999.0 -9999.0 -9999.0 -9999.0 -9999.0 -9999.0 -9999.0 -9999.0 -9999.0 -9999.0 -9999.0 -9999.0 -9999.0 -9999.0 -9999.0 -9999.0 -9999.0 -9999.0 -9999.0 -9999.0 -9999.0 -9999.0 -9999.0 -9999.0 -9999.0 -9999.0 -9999.0 -9999.0 -9999.0 -9999.0 -9999.0 -9999.0
 -9999.0 -9999.0 -9999.0 -9999.0 -9999.0 -9999.0 -9999.0 -9999.0 -9999.0 -9999.0 -9999.0 -9999.0 -9999.0 -9999.0 -9999.0 -9999.0 -9999.0 -9999.0 -9999.0 -9999.0 -9999.0 -9999.0 -9999.0 -9999.0 -9999.0 -9999.0 -9999.0 -9999.0 -9999.0 -9999.0 -9999.0 -9999.0 -9999.0 -9999.0 -9999.0 -9999.0 -9999.0 -9999.0 -9999.0 -9999.0 -9999.0 -9999.0 -9999.0 -9999.0 -9999.0 -9999.0 -9999.0 -9999.0 -9999.0 -9999.0 -9999.0 -9999.0   184.7    89.7    46.0    34.9    15.0    14.7    18.2    26.4    33.3    32.8    73.1    38.8    64.1    94.4   117.2   129.4   134.4   141.9   151.4   156.2   182.3   160.7   163.9   172.9   185.1   212.2   212.7   195.5   202.0   219.8   213.1   201.1   182.5   179.6   193.0   216.2   223.6   206.9   184.8   162.1   152.6   135.5   119.2 -9999.0 -9999.0 -9999.0 -9999.0 -9999.0 -9999.0 -9999.0 -9999.0 -9999.0 -9999.0 -9999.0 -9999.0 -9999.0 -9999.0 -9999.0 -9999.0 -9999.0 -9999.0 -9999.0 -9999.0 -9999.0 -9999.0 -9999.0 -9999.0 -9999.0 -9999.0 -9999.0 -9999.0 -9999.0 -9999.0 -9999.0 -9999.0 -9999.0
 -9999.0 -9999.0 -9999.0 -9999.0 -9999.0 -9999.0 -9999.0 -9999.0 -9999.0 -9999.0 -9999.0 -9999.0 -9999.0 -9999.0 -9999.0 -9999.0 -9999.0 -9999.0 -9999.0 -9999.0 -9999.0 -9999.0 -9999.0 -9999.0 -9999.0 -9999.0 -9999.0 -9999.0 -9999.0 -9999.0 -9999.0 -9999.0 -9999.0 -9999.0 -9999.0 -9999.0 -9999.0 -9999.0 -9999.0 -9999.0 -9999.0 -9999.0 -9999.0 -9999.0 -9999.0 -9999.0 -9999.0 -9999.0 -9999.0 -9999.0 -9999.0   161.6   140.1   106.0    58.6    34.9    23.6    25.2    21.3    21.6    31.0    30.2    29.1    39.6    63.5    98.5   132.0   156.4   159.6   160.7   169.8   179.9   172.4   173.4   191.1   202.0   203.0   237.1   197.8   185.1   196.6   207.7   217.1   204.3   203.0   215.3   228.4   257.1   243.9   232.4   192.5   194.2   178.2   154.6   138.4 -9999.0 -9999.0 -9999.0 -9999.0 -9999.0 -9999.0 -9999.0 -9999.0 -9999.0 -9999.0 -9999.0 -9999.0 -9999.0 -9999.0 -9999.0 -9999.0 -9999.0 -9999.0 -9999.0 -9999.0 -9999.0 -9999.0 -9999.0 -9999.0 -9999.0 -9999.0 -9999.0 -9999.0 -9999.0 -9999.0 -9999.0 -9999.0 -9999.0
 -9999.0 -9999.0 -9999.0 -9999.0 -9999.0 -9999.0 -9999.0 -9999.0 -9999.0 -9999.0 -9999.0 -9999.0 -9999.0 -9999.0 -9999.0 -9999.0 -9999.0 -9999.0 -9999.0 -9999.0 -9999.0 -9999.0 -9999.0 -9999.0 -9999.0 -9999.0 -9999.0 -9999.0 -9999.0 -9999.0 -9999.0 -9999.0 -9999.0 -9999.0 -9999.0 -9999.0 -9999.0 -9999.0 -9999.0 -9999.0 -9999.0 -9999.0 -9999.0 -9999.0 -9999.0 -9999.0 -9999.0 -9999.0 -9999.0 -9999.0   139.5   150.5   147.6   127.3    83.8    63.2    44.7    37.1    32.4    34.5    29.5    33.3    32.3    45.6    64.7    97.0   145.4   184.6   184.2   173.5   179.6   181.1   199.1   224.9   218.1   199.3   213.4   169.0   167.2   150.1   158.4   174.3   179.9   189.9   206.3   228.8   235.5   257.7   247.2   225.6   209.5   191.1   196.6   171.7   154.2 -9999.0 -9999.0 -9999.0 -9999.0 -9999.0 -9999.0 -9999.0 -9999.0 -9999.0 -9999.0 -9999.0 -9999.0 -9999.0 -9999.0 -9999.0 -9999.0 -9999.0 -9999.0 -9999.0 -9999.0 -9999.0 -9999.0 -9999.0 -9999.0 -9999.0 -9999.0 -9999.0 -9999.0 -9999.0 -9999.0 -9999.0 -9999.0 -9999.0
 -9999.0 -9999.0 -9999.0 -9999.0 -9999.0 -9999.0 -9999.0 -9999.0 -9999.0 -9999.0 -9999.0 -9999.0 -9999.0 -9999.0 -9999.0 -9999.0 -9999.0 -9999.0 -9999.0 -9999.0 -9999.0 -9999.0 -9999.0 -9999.0 -9999.0 -9999.0 -9999.0 -9999.0 -9999.0 -9999.0 -9999.0 -9999.0 -9999.0 -9999.0 -9999.0 -9999.0 -9999.0 -9999.0 -9999.0 -9999.0 -9999.0 -9999.0 -9999.0 -9999.0 -9999.0 -9999.0 -9999.0 -9999.0 -9999.0 -9999.0   115.5   175.0   123.9   144.2   126.9    97.4    77.4    70.8    60.5    45.5    36.4    36.3    36.5    47.6    61.2    75.4   126.4   173.0   180.7   169.0   179.7   200.3   223.3   232.8   204.3   176.7   161.2   166.9   143.8   125.0   137.6   149.0   161.2   181.5   196.9   213.7   218.2   215.6   210.0   197.5   189.5   197.6   189.5   170.8 -9999.0 -9999.0 -9999.0 -9999.0 -9999.0 -9999.0 -9999.0 -9999.0 -9999.0 -9999.0 -9999.0 -9999.0 -9999.0 -9999.0 -9999.0 -9999.0 -9999.0 -9999.0 -9999.0 -9999.0 -9999.0 -9999.0 -9999.0 -9999.0 -9999.0 -9999.0 -9999.0 -9999.0 -9999.0 -9999.0 -9999.0 -9999.0 -9999.0 -9999.0
 -9999.0 -9999.0 -9999.0 -9999.0 -9999.0 -9999.0 -9999.0 -9999.0 -9999.0 -9999.0 -9999.0 -9999.0 -9999.0 -9999.0 -9999.0 -9999.0 -9999.0 -9999.0 -9999.0 -9999.0 -9999.0 -9999.0 -9999.0 -9999.0 -9999.0 -9999.0 -9999.0 -9999.0 -9999.0 -9999.0 -9999.0 -9999.0 -9999.0 -9999.0 -9999.0 -9999.0 -9999.0 -9999.0 -9999.0 -9999.0 -9999.0 -9999.0 -9999.0 -9999.0 -9999.0 -9999.0 -9999.0 -9999.0 -9999.0 -9999.0   106.0   122.4   117.9   193.9   130.0   112.2   125.9    86.5    84.5    54.5    57.8    57.9    53.1    45.0    55.6    67.8   100.8   141.8   153.5   168.7   177.2   211.4   216.2   209.1   173.7   156.4   143.0   173.2   150.3   148.4   131.5   152.9   178.4   193.9   193.7   204.4   204.0   192.2   169.6   150.3   157.0   163.3 -9999.0 -9999.0 -9999.0 -9999.0 -9999.0 -9999.0 -9999.0 -9999.0 -9999.0 -9999.0 -9999.0 -9999.0 -9999.0 -9999.0 -9999.0 -9999.0 -9999.0 -9999.0 -9999.0 -9999.0 -9999.0 -9999.0 -9999.0 -9999.0 -9999.0 -9999.0 -9999.0 -9999.0 -9999.0 -9999.0 -9999.0 -9999.0 -9999.0 -9999.0 -9999.0 -9999.0
 -9999.0 -9999.0 -9999.0 -9999.0 -9999.0 -9999.0 -9999.0 -9999.0 -9999.0 -9999.0 -9999.0 -9999.0 -9999.0 -9999.0 -9999.0 -9999.0 -9999.0 -9999.0 -9999.0 -9999.0 -9999.0 -9999.0 -9999.0 -9999.0 -9999.0 -9999.0 -9999.0 -9999.0 -9999.0 -9999.0 -9999.0 -9999.0 -9999.0 -9999.0 -9999.0 -9999.0 -9999.0 -9999.0 -9999.0 -9999.0 -9999.0 -9999.0 -9999.0 -9999.0 -9999.0 -9999.0 -9999.0 -9999.0 -9999.0 -9999.0   138.2   180.3   156.5   168.5   148.3   151.9    66.1    83.8    81.5    68.0    86.9    80.7    48.1    51.3    58.8    70.6   103.8   138.3   162.2   137.6   166.4   190.9   198.6   177.2   163.3   169.4   174.4   220.3   178.1   181.3   164.5   167.1   207.7   212.4   213.0   203.2   190.4   181.8   155.5   138.4   131.6 -9999.0 -9999.0 -9999.0 -9999.0 -9999.0 -9999.0 -9999.0 -9999.0 -9999.0 -9999.0 -9999.0 -9999.0 -9999.0 -9999.0 -9999.0 -9999.0 -9999.0 -9999.0 -9999.0 -9999.0 -9999.0 -9999.0 -9999.0 -9999.0 -9999.0 -9999.0 -9999.0 -9999.0 -9999.0 -9999.0 -9999.0 -9999.0 -9999.0 -9999.0 -9999.0 -9999.0 -9999.0
 -9999.0 -9999.0 -9999.0 -9999.0 -9999.0 -9999.0 -9999.0 -9999.0 -9999.0 -9999.0 -9999.0 -9999.0 -9999.0 -9999.0 -9999.0 -9999.0 -9999.0 -9999.0 -9999.0 -9999.0 -9999.0 -9999.0 -9999.0 -9999.0 -9999.0 -9999.0 -9999.0 -9999.0 -9999.0 -9999.0 -9999.0 -9999.0 -9999.0 -9999.0 -9999.0 -9999.0 -9999.0 -9999.0 -9999.0 -9999.0 -9999.0 -9999.0 -9999.0 -9999.0 -9999.0 -9999.0 -9999.0 -9999.0 -9999.0 -9999.0 -9999.0 -9999.0 -9999.0   133.4   104.1    79.6    71.6    78.1    55.2    78.9   155.1    85.7   113.3    69.6    67.9    79.3   112.6   137.8   159.2   161.6   163.1   176.3   180.8   171.4   187.7   222.9   244.3   273.3   255.2   216.5   192.1   211.0   229.7   226.4   210.1   202.4   196.0   177.8   161.5   140.6 -9999.0 -9999.0 -9999.0 -9999.0 -9999.0 -9999.0 -9999.0 -9999.0 -9999.0 -9999.0 -9999.0 -9999.0 -9999.0 -9999.0 -9999.0 -9999.0 -9999.0 -9999.0 -9999.0 -9999.0 -9999.0 -9999.0 -9999.0 -9999.0 -9999.0 -9999.0 -9999.0 -9999.0 -9999.0 -9999.0 -9999.0 -9999.0 -9999.0 -9999.0 -9999.0 -9999.0 -9999.0 -9999.0
 -9999.0 -9999.0 -9999.0 -9999.0 -9999.0 -9999.0 -9999.0 -9999.0 -9999.0 -9999.0 -9999.0 -9999.0 -9999.0 -9999.0 -9999.0 -9999.0 -9999.0 -9999.0 -9999.0 -9999.0 -9999.0 -9999.0 -9999.0 -9999.0 -9999.0 -9999.0 -9999.0 -9999.0 -9999.0 -9999.0 -9999.0 -9999.0 -9999.0 -9999.0 -9999.0 -9999.0 -9999.0 -9999.0 -9999.0 -9999.0 -9999.0 -9999.0 -9999.0 -9999.0 -9999.0 -9999.0 -9999.0 -9999.0 -9999.0 -9999.0 -9999.0 -9999.0 -9999.0   129.7    86.0   152.6    55.4    44.7    69.5   134.8   125.3   116.6   142.0   101.4    97.4   105.8   123.7   152.6   153.4   160.8   168.1   186.5   208.2   223.4   245.8   251.5   270.8   253.5   254.8   244.8   241.8   259.1   262.8 -9999.0   202.3   202.8 -9999.0 -9999.0 -9999.0 -9999.0 -9999.0 -9999.0 -9999.0 -9999.0 -9999.0 -9999.0 -9999.0 -9999.0 -9999.0 -9999.0 -9999.0 -9999.0 -9999.0 -9999.0 -9999.0 -9999.0 -9999.0 -9999.0 -9999.0 -9999.0 -9999.0 -9999.0 -9999.0 -9999.0 -9999.0 -9999.0 -9999.0 -9999.0 -9999.0 -9999.0 -9999.0 -9999.0 -9999.0 -9999.0 -9999.0 -9999.0 -9999.0 -9999.0
 -9999.0 -9999.0 -9999.0 -9999.0 -9999.0 -9999.0 -9999.0 -9999.0 -9999.0 -9999.0 -9999.0 -9999.0 -9999.0 -9999.0 -9999.0 -9999.0 -9999.0 -9999.0 -9999.0 -9999.0 -9999.0 -9999.0 -9999.0 -9999.0 -9999.0 -9999.0 -9999.0 -9999.0 -9999.0 -9999.0 -9999.0 -9999.0 -9999.0 -9999.0 -9999.0 -9999.0 -9999.0 -9999.0 -9999.0 -9999.0 -9999.0 -9999.0 -9999.0 -9999.0 -9999.0 -9999.0 -9999.0 -9999.0 -9999.0 -9999.0 -9999.0 -9999.0 -9999.0   134.9    69.2    93.9    67.2    57.4    84.2   116.8   164.3   168.5   183.8   166.1   141.1 -9999.0 -9999.0 -9999.0   167.1   167.0   184.9   214.4   250.6   273.9   269.8   254.9   261.5   249.1   238.4   292.7   335.1   361.1   331.3 -9999.0 -9999.0 -9999.0 -9999.0 -9999.0 -9999.0 -9999.0 -9999.0 -9999.0 -9999.0 -9999.0 -9999.0 -9999.0 -9999.0 -9999.0 -9999.0 -9999.0 -9999.0 -9999.0 -9999.0 -9999.0 -9999.0 -9999.0 -9999.0 -9999.0 -9999.0 -9999.0 -9999.0 -9999.0 -9999.0 -9999.0 -9999.0 -9999.0 -9999.0 -9999.0 -9999.0 -9999.0 -9999.0 -9999.0 -9999.0 -9999.0 -9999.0 -9999.0 -9999.0 -9999.0
 -9999.0 -9999.0 -9999.0 -9999.0 -9999.0 -9999.0 -9999.0 -9999.0 -9999.0 -9999.0 -9999.0 -9999.0 -9999.0 -9999.0 -9999.0 -9999.0 -9999.0 -9999.0 -9999.0 -9999.0 -9999.0 -9999.0 -9999.0 -9999.0 -9999.0 -9999.0 -9999.0 -9999.0 -9999.0 -9999.0 -9999.0 -9999.0 -9999.0 -9999.0 -9999.0 -9999.0 -9999.0 -9999.0 -9999.0 -9999.0 -9999.0 -9999.0 -9999.0 -9999.0 -9999.0 -9999.0 -9999.0 -9999.0 -9999.0 -9999.0 -9999.0 -9999.0 -9999.0 -9999.0   117.4    93.2    59.6    66.0   114.4   171.2   166.5 -9999.0 -9999.0 -9999.0 -9999.0 -9999.0 -9999.0 -9999.0   159.6   173.0   194.9   212.2   235.4   234.6   214.9   217.0   231.5   240.1   273.9 -9999.0   430.4 -9999.0 -9999.0 -9999.0 -9999.0 -9999.0 -9999.0 -9999.0 -9999.0 -9999.0 -9999.0 -9999.0 -9999.0 -9999.0 -9999.0 -9999.0 -9999.0 -9999.0 -9999.0 -9999.0 -9999.0 -9999.0 -9999.0 -9999.0 -9999.0 -9999.0 -9999.0 -9999.0 -9999.0 -9999.0 -9999.0 -9999.0 -9999.0 -9999.0 -9999.0 -9999.0 -9999.0 -9999.0 -9999.0 -9999.0 -9999.0 -9999.0 -9999.0 -9999.0 -9999.0 -9999.0 -9999.0 -9999.0
 -9999.0 -9999.0 -9999.0 -9999.0 -9999.0 -9999.0 -9999.0 -9999.0 -9999.0 -9999.0 -9999.0 -9999.0 -9999.0 -9999.0 -9999.0 -9999.0 -9999.0 -9999.0 -9999.0 -9999.0 -9999.0 -9999.0 -9999.0 -9999.0 -9999.0 -9999.0 -9999.0 -9999.0 -9999.0 -9999.0 -9999.0 -9999.0 -9999.0 -9999.0 -9999.0 -9999.0 -9999.0 -9999.0 -9999.0 -9999.0 -9999.0 -9999.0 -9999.0 -9999.0 -9999.0 -9999.0 -9999.0 -9999.0 -9999.0 -9999.0 -9999.0 -9999.0 -9999.0 -9999.0 -9999.0   105.1   154.3   112.8   131.8   183.4   206.0 -9999.0 -9999.0 -9999.0 -9999.0 -9999.0 -9999.0 -9999.0 -9999.0 -9999.0   160.0 -9999.0 -9999.0 -9999.0 -9999.0 -9999.0   176.2 -9999.0 -9999.0 -9999.0 -9999.0 -9999.0 -9999.0 -9999.0 -9999.0 -9999.0 -9999.0 -9999.0 -9999.0 -9999.0 -9999.0 -9999.0 -9999.0 -9999.0 -9999.0 -9999.0 -9999.0 -9999.0 -9999.0 -9999.0 -9999.0 -9999.0 -9999.0 -9999.0 -9999.0 -9999.0 -9999.0 -9999.0 -9999.0 -9999.0 -9999.0 -9999.0 -9999.0 -9999.0 -9999.0 -9999.0 -9999.0 -9999.0 -9999.0 -9999.0 -9999.0 -9999.0 -9999.0 -9999.0 -9999.0 -9999.0 -9999.0 -9999.0
 -9999.0 -9999.0 -9999.0 -9999.0 -9999.0 -9999.0 -9999.0 -9999.0 -9999.0 -9999.0 -9999.0 -9999.0 -9999.0 -9999.0 -9999.0 -9999.0 -9999.0 -9999.0 -9999.0 -9999.0 -9999.0 -9999.0 -9999.0 -9999.0 -9999.0 -9999.0 -9999.0 -9999.0 -9999.0 -9999.0 -9999.0 -9999.0 -9999.0 -9999.0 -9999.0 -9999.0 -9999.0 -9999.0 -9999.0 -9999.0 -9999.0 -9999.0 -9999.0 -9999.0 -9999.0 -9999.0 -9999.0 -9999.0 -9999.0 -9999.0 -9999.0 -9999.0 -9999.0 -9999.0 -9999.0 -9999.0 -9999.0 -9999.0   182.4   198.9 -9999.0 -9999.0 -9999.0 -9999.0 -9999.0 -9999.0 -9999.0 -9999.0 -9999.0 -9999.0 -9999.0 -9999.0 -9999.0 -9999.0 -9999.0    98.1   138.1 -9999.0 -9999.0 -9999.0 -9999.0 -9999.0 -9999.0 -9999.0 -9999.0 -9999.0 -9999.0 -9999.0 -9999.0 -9999.0 -9999.0 -9999.0 -9999.0 -9999.0 -9999.0 -9999.0 -9999.0 -9999.0 -9999.0 -9999.0 -9999.0 -9999.0 -9999.0 -9999.0 -9999.0 -9999.0 -9999.0 -9999.0 -9999.0 -9999.0 -9999.0 -9999.0 -9999.0 -9999.0 -9999.0 -9999.0 -9999.0 -9999.0 -9999.0 -9999.0 -9999.0 -9999.0 -9999.0 -9999.0 -9999.0 -9999.0 -9999.0 -9999.0
 -9999.0 -9999.0 -9999.0 -9999.0 -9999.0 -9999.0 -9999.0 -9999.0 -9999.0 -9999.0 -9999.0 -9999.0 -9999.0 -9999.0 -9999.0 -9999.0 -9999.0 -9999.0 -9999.0 -9999.0 -9999.0 -9999.0 -9999.0 -9999.0 -9999.0 -9999.0 -9999.0 -9999.0 -9999.0 -9999.0 -9999.0 -9999.0 -9999.0 -9999.0 -9999.0 -9999.0 -9999.0 -9999.0 -9999.0 -9999.0 -9999.0 -9999.0 -9999.0 -9999.0 -9999.0 -9999.0 -9999.0 -9999.0 -9999.0 -9999.0 -9999.0 -9999.0 -9999.0 -9999.0 -9999.0 -9999.0 -9999.0 -9999.0 -9999.0 -9999.0 -9999.0 -9999.0 -9999.0 -9999.0 -9999.0 -9999.0 -9999.0 -9999.0 -9999.0 -9999.0 -9999.0 -9999.0 -9999.0 -9999.0 -9999.0 -9999.0 -9999.0 -9999.0 -9999.0 -9999.0 -9999.0 -9999.0 -9999.0 -9999.0 -9999.0 -9999.0 -9999.0 -9999.0 -9999.0 -9999.0 -9999.0 -9999.0 -9999.0 -9999.0 -9999.0 -9999.0 -9999.0 -9999.0 -9999.0 -9999.0 -9999.0 -9999.0 -9999.0 -9999.0 -9999.0 -9999.0 -9999.0 -9999.0 -9999.0 -9999.0 -9999.0 -9999.0 -9999.0 -9999.0 -9999.0 -9999.0 -9999.0 -9999.0 -9999.0 -9999.0 -9999.0 -9999.0 -9999.0 -9999.0 -9999.0 -9999.0 -9999.0 -9999.0
 -9999.0 -9999.0 -9999.0 -9999.0 -9999.0 -9999.0 -9999.0 -9999.0 -9999.0 -9999.0 -9999.0 -9999.0 -9999.0 -9999.0 -9999.0 -9999.0 -9999.0 -9999.0 -9999.0 -9999.0 -9999.0 -9999.0 -9999.0 -9999.0 -9999.0 -9999.0 -9999.0 -9999.0 -9999.0 -9999.0 -9999.0 -9999.0 -9999.0 -9999.0 -9999.0 -9999.0 -9999.0 -9999.0 -9999.0 -9999.0 -9999.0 -9999.0 -9999.0 -9999.0 -9999.0 -9999.0 -9999.0 -9999.0 -9999.0 -9999.0 -9999.0 -9999.0 -9999.0 -9999.0 -9999.0 -9999.0 -9999.0 -9999.0 -9999.0 -9999.0 -9999.0 -9999.0 -9999.0 -9999.0 -9999.0 -9999.0 -9999.0 -9999.0 -9999.0 -9999.0 -9999.0 -9999.0 -9999.0 -9999.0 -9999.0   127.6   138.6   158.2 -9999.0 -9999.0 -9999.0 -9999.0 -9999.0 -9999.0 -9999.0 -9999.0 -9999.0 -9999.0 -9999.0 -9999.0 -9999.0 -9999.0 -9999.0 -9999.0 -9999.0 -9999.0 -9999.0 -9999.0 -9999.0 -9999.0 -9999.0 -9999.0 -9999.0 -9999.0 -9999.0 -9999.0 -9999.0 -9999.0 -9999.0 -9999.0 -9999.0 -9999.0 -9999.0 -9999.0 -9999.0 -9999.0 -9999.0 -9999.0 -9999.0 -9999.0 -9999.0 -9999.0 -9999.0 -9999.0 -9999.0 -9999.0 -9999.0 -9999.0
 -9999.0 -9999.0 -9999.0 -9999.0 -9999.0 -9999.0 -9999.0 -9999.0 -9999.0 -9999.0 -9999.0 -9999.0 -9999.0 -9999.0 -9999.0 -9999.0 -9999.0 -9999.0 -9999.0 -9999.0 -9999.0 -9999.0 -9999.0 -9999.0 -9999.0 -9999.0 -9999.0 -9999.0 -9999.0 -9999.0 -9999.0 -9999.0 -9999.0 -9999.0 -9999.0 -9999.0 -9999.0 -9999.0 -9999.0 -9999.0 -9999.0 -9999.0 -9999.0 -9999.0 -9999.0 -9999.0 -9999.0 -9999.0 -9999.0 -9999.0 -9999.0 -9999.0 -9999.0 -9999.0 -9999.0 -9999.0 -9999.0 -9999.0 -9999.0 -9999.0 -9999.0 -9999.0 -9999.0 -9999.0 -9999.0 -9999.0 -9999.0 -9999.0 -9999.0 -9999.0 -9999.0 -9999.0 -9999.0    64.7   141.0   151.2   157.4 -9999.0 -9999.0 -9999.0 -9999.0 -9999.0 -9999.0 -9999.0 -9999.0 -9999.0 -9999.0 -9999.0 -9999.0 -9999.0 -9999.0 -9999.0 -9999.0 -9999.0 -9999.0 -9999.0 -9999.0 -9999.0 -9999.0 -9999.0 -9999.0 -9999.0 -9999.0 -9999.0 -9999.0 -9999.0 -9999.0 -9999.0 -9999.0 -9999.0 -9999.0 -9999.0 -9999.0 -9999.0 -9999.0 -9999.0 -9999.0 -9999.0 -9999.0 -9999.0 -9999.0 -9999.0 -9999.0 -9999.0 -9999.0 -9999.0 -9999.0 -9999.0
 -9999.0 -9999.0 -9999.0 -9999.0 -9999.0 -9999.0 -9999.0 -9999.0 -9999.0 -9999.0 -9999.0 -9999.0 -9999.0 -9999.0 -9999.0 -9999.0 -9999.0 -9999.0 -9999.0 -9999.0 -9999.0 -9999.0 -9999.0 -9999.0 -9999.0 -9999.0 -9999.0 -9999.0 -9999.0 -9999.0 -9999.0 -9999.0 -9999.0 -9999.0 -9999.0 -9999.0 -9999.0 -9999.0 -9999.0 -9999.0 -9999.0 -9999.0 -9999.0 -9999.0 -9999.0 -9999.0 -9999.0 -9999.0 -9999.0 -9999.0 -9999.0 -9999.0 -9999.0 -9999.0 -9999.0 -9999.0 -9999.0 -9999.0 -9999.0 -9999.0 -9999.0 -9999.0 -9999.0 -9999.0 -9999.0 -9999.0 -9999.0 -9999.0 -9999.0 -9999.0 -9999.0 -9999.0 -9999.0 -9999.0   129.5   184.4   129.3 -9999.0 -9999.0 -9999.0 -9999.0 -9999.0 -9999.0 -9999.0 -9999.0 -9999.0 -9999.0 -9999.0 -9999.0 -9999.0 -9999.0 -9999.0 -9999.0 -9999.0 -9999.0 -9999.0 -9999.0 -9999.0 -9999.0 -9999.0 -9999.0 -9999.0 -9999.0 -9999.0 -9999.0 -9999.0 -9999.0 -9999.0 -9999.0 -9999.0 -9999.0 -9999.0 -9999.0 -9999.0 -9999.0 -9999.0 -9999.0 -9999.0 -9999.0 -9999.0 -9999.0 -9999.0 -9999.0 -9999.0 -9999.0 -9999.0 -9999.0 -9999.0
 -9999.0 -9999.0 -9999.0 -9999.0 -9999.0 -9999.0 -9999.0 -9999.0 -9999.0 -9999.0 -9999.0 -9999.0 -9999.0 -9999.0 -9999.0 -9999.0 -9999.0 -9999.0 -9999.0 -9999.0 -9999.0 -9999.0 -9999.0 -9999.0 -9999.0 -9999.0 -9999.0 -9999.0 -9999.0 -9999.0 -9999.0 -9999.0 -9999.0 -9999.0 -9999.0 -9999.0 -9999.0 -9999.0 -9999.0 -9999.0 -9999.0 -9999.0 -9999.0 -9999.0 -9999.0 -9999.0 -9999.0 -9999.0 -9999.0 -9999.0 -9999.0 -9999.0 -9999.0 -9999.0 -9999.0 -9999.0 -9999.0 -9999.0 -9999.0 -9999.0 -9999.0 -9999.0 -9999.0 -9999.0 -9999.0 -9999.0 -9999.0 -9999.0 -9999.0 -9999.0 -9999.0 -9999.0 -9999.0 -9999.0 -9999.0 -9999.0 -9999.0 -9999.0 -9999.0 -9999.0 -9999.0 -9999.0 -9999.0 -9999.0 -9999.0 -9999.0 -9999.0 -9999.0 -9999.0 -9999.0 -9999.0 -9999.0 -9999.0 -9999.0 -9999.0 -9999.0 -9999.0 -9999.0 -9999.0 -9999.0 -9999.0 -9999.0 -9999.0 -9999.0 -9999.0 -9999.0 -9999.0 -9999.0 -9999.0 -9999.0 -9999.0 -9999.0 -9999.0 -9999.0 -9999.0 -9999.0 -9999.0 -9999.0 -9999.0 -9999.0 -9999.0 -9999.0 -9999.0 -9999.0 -9999.0 -9999.0 -9999.0 -9999.0
