NCOLS      128
NROWS       72
XLLCORNER    72.000000000000    
YLLCORNER    18.000000000000    
CELLSIZE    0.50000000000000    
NODATA_VALUE   -9999.000    
 -9999.0 -9999.0 -9999.0 -9999.0 -9999.0 -9999.0 -9999.0 -9999.0 -9999.0 -9999.0 -9999.0 -9999.0 -9999.0 -9999.0 -9999.0 -9999.0 -9999.0 -9999.0 -9999.0 -9999.0 -9999.0 -9999.0 -9999.0 -9999.0 -9999.0 -9999.0 -9999.0 -9999.0 -9999.0 -9999.0 -9999.0 -9999.0 -9999.0 -9999.0 -9999.0 -9999.0 -9999.0 -9999.0 -9999.0 -9999.0 -9999.0 -9999.0 -9999.0 -9999.0 -9999.0 -9999.0 -9999.0 -9999.0 -9999.0 -9999.0 -9999.0 -9999.0 -9999.0 -9999.0 -9999.0 -9999.0 -9999.0 -9999.0 -9999.0 -9999.0 -9999.0 -9999.0 -9999.0 -9999.0 -9999.0 -9999.0 -9999.0 -9999.0 -9999.0 -9999.0 -9999.0 -9999.0 -9999.0 -9999.0 -9999.0 -9999.0 -9999.0 -9999.0 -9999.0 -9999.0 -9999.0 -9999.0 -9999.0 -9999.0 -9999.0 -9999.0 -9999.0 -9999.0 -9999.0 -9999.0 -9999.0 -9999.0 -9999.0 -9999.0 -9999.0 -9999.0    52.8    53.2    46.8    41.3    42.1    37.3    36.1    34.3    36.8    29.3    24.3    20.8 -9999.0 -9999.0 -9999.0 -9999.0 -9999.0 -9999.0 -9999.0 -9999.0 -9999.0 -9999.0 -9999.0 -9999.0 -9999.0 -9999.0 -9999.0 -9999.0 -9999.0 -9999.0 -9999.0 -9999.0
 -9999.0 -9999.0 -9999.0 -9999.0 -9999.0 -9999.0 -9999.0 -9999.0 -9999.0 -9999.0 -9999.0 -9999.0 -9999.0 -9999.0 -9999.0 -9999.0 -9999.0 -9999.0 -9999.0 -9999.0 -9999.0 -9999.0 -9999.0 -9999.0 -9999.0 -9999.0 -9999.0 -9999.0 -9999.0 -9999.0 -9999.0 -9999.0 -9999.0 -9999.0 -9999.0 -9999.0 -9999.0 -9999.0 -9999.0 -9999.0 -9999.0 -9999.0 -9999.0 -9999.0 -9999.0 -9999.0 -9999.0 -9999.0 -9999.0 -9999.0 -9999.0 -9999.0 -9999.0 -9999.0 -9999.0 -9999.0 -9999.0 -9999.0 -9999.0 -9999.0 -9999.0 -9999.0 -9999.0 -9999.0 -9999.0 -9999.0 -9999.0 -9999.0 -9999.0 -9999.0 -9999.0 -9999.0 -9999.0 -9999.0 -9999.0 -9999.0 -9999.0 -9999.0 -9999.0 -9999.0 -9999.0 -9999.0 -9999.0 -9999.0 -9999.0 -9999.0 -9999.0 -9999.0 -9999.0 -9999.0 -9999.0 -9999.0 -9999.0 -9999.0 -9999.0    53.1    45.7    41.0    44.7    39.0    43.6    42.1    37.8    34.2    32.8    25.9    22.4    22.0    20.8 -9999.0 -9999.0 -9999.0 -9999.0 -9999.0 -9999.0 -9999.0 -9999.0 -9999.0 -9999.0 -9999.0 -9999.0 -9999.0 -9999.0 -9999.0 -9999.0 -9999.0 -9999.0 -9999.0
 -9999.0 -9999.0 -9999.0 -9999.0 -9999.0 -9999.0 -9999.0 -9999.0 -9999.0 -9999.0 -9999.0 -9999.0 -9999.0 -9999.0 -9999.0 -9999.0 -9999.0 -9999.0 -9999.0 -9999.0 -9999.0 -9999.0 -9999.0 -9999.0 -9999.0 -9999.0 -9999.0 -9999.0 -9999.0 -9999.0 -9999.0 -9999.0 -9999.0 -9999.0 -9999.0 -9999.0 -9999.0 -9999.0 -9999.0 -9999.0 -9999.0 -9999.0 -9999.0 -9999.0 -9999.0 -9999.0 -9999.0 -9999.0 -9999.0 -9999.0 -9999.0 -9999.0 -9999.0 -9999.0 -9999.0 -9999.0 -9999.0 -9999.0 -9999.0 -9999.0 -9999.0 -9999.0 -9999.0 -9999.0 -9999.0 -9999.0 -9999.0 -9999.0 -9999.0 -9999.0 -9999.0 -9999.0 -9999.0 -9999.0 -9999.0 -9999.0 -9999.0 -9999.0 -9999.0 -9999.0 -9999.0 -9999.0 -9999.0 -9999.0 -9999.0 -9999.0 -9999.0 -9999.0 -9999.0 -9999.0 -9999.0 -9999.0 -9999.0 -9999.0 -9999.0    50.4    41.1    37.0    39.2    34.0    36.8    40.6    41.6    41.3    37.3    41.8    28.4    27.1    23.7    23.2 -9999.0 -9999.0 -9999.0 -9999.0 -9999.0 -9999.0 -9999.0 -9999.0 -9999.0 -9999.0 -9999.0 -9999.0 -9999.0 -9999.0 -9999.0 -9999.0 -9999.0 -9999.0
 -9999.0 -9999.0 -9999.0 -9999.0 -9999.0 -9999.0 -9999.0 -9999.0 -9999.0 -9999.0 -9999.0 -9999.0 -9999.0 -9999.0 -9999.0 -9999.0 -9999.0 -9999.0 -9999.0 -9999.0 -9999.0 -9999.0 -9999.0 -9999.0 -9999.0 -9999.0 -9999.0 -9999.0 -9999.0 -9999.0 -9999.0 -9999.0 -9999.0 -9999.0 -9999.0 -9999.0 -9999.0 -9999.0 -9999.0 -9999.0 -9999.0 -9999.0 -9999.0 -9999.0 -9999.0 -9999.0 -9999.0 -9999.0 -9999.0 -9999.0 -9999.0 -9999.0 -9999.0 -9999.0 -9999.0 -9999.0 -9999.0 -9999.0 -9999.0 -9999.0 -9999.0 -9999.0 -9999.0 -9999.0 -9999.0 -9999.0 -9999.0 -9999.0 -9999.0 -9999.0 -9999.0 -9999.0 -9999.0 -9999.0 -9999.0 -9999.0 -9999.0 -9999.0 -9999.0 -9999.0 -9999.0 -9999.0 -9999.0 -9999.0 -9999.0 -9999.0 -9999.0 -9999.0 -9999.0 -9999.0 -9999.0 -9999.0 -9999.0 -9999.0 -9999.0    38.8    39.7    24.9    28.5    33.8    42.1    50.5    45.4    46.6    46.0    42.5    34.3    33.2    28.7    28.0    30.8 -9999.0 -9999.0 -9999.0 -9999.0 -9999.0 -9999.0 -9999.0 -9999.0 -9999.0 -9999.0 -9999.0 -9999.0 -9999.0 -9999.0 -9999.0 -9999.0 -9999.0
 -9999.0 -9999.0 -9999.0 -9999.0 -9999.0 -9999.0 -9999.0 -9999.0 -9999.0 -9999.0 -9999.0 -9999.0 -9999.0 -9999.0 -9999.0 -9999.0 -9999.0 -9999.0 -9999.0 -9999.0 -9999.0 -9999.0 -9999.0 -9999.0 -9999.0 -9999.0 -9999.0 -9999.0 -9999.0 -9999.0 -9999.0 -9999.0 -9999.0 -9999.0 -9999.0 -9999.0 -9999.0 -9999.0 -9999.0 -9999.0 -9999.0 -9999.0 -9999.0 -9999.0 -9999.0 -9999.0 -9999.0 -9999.0 -9999.0 -9999.0 -9999.0 -9999.0 -9999.0 -9999.0 -9999.0 -9999.0 -9999.0 -9999.0 -9999.0 -9999.0 -9999.0 -9999.0 -9999.0 -9999.0 -9999.0 -9999.0 -9999.0 -9999.0 -9999.0 -9999.0 -9999.0 -9999.0 -9999.0 -9999.0 -9999.0 -9999.0 -9999.0 -9999.0 -9999.0 -9999.0 -9999.0 -9999.0 -9999.0 -9999.0 -9999.0 -9999.0 -9999.0 -9999.0 -9999.0 -9999.0 -9999.0 -9999.0 -9999.0 -9999.0    45.4    35.5    25.9    33.1    33.4    32.7    35.7    54.1    57.0    57.4    56.3    57.7    44.4    42.4    40.6    36.4    40.5 -9999.0 -9999.0 -9999.0 -9999.0 -9999.0 -9999.0 -9999.0 -9999.0 -9999.0 -9999.0 -9999.0 -9999.0 -9999.0 -9999.0 -9999.0 -9999.0 -9999.0
 -9999.0 -9999.0 -9999.0 -9999.0 -9999.0 -9999.0 -9999.0 -9999.0 -9999.0 -9999.0 -9999.0 -9999.0 -9999.0 -9999.0 -9999.0 -9999.0 -9999.0 -9999.0 -9999.0 -9999.0 -9999.0 -9999.0 -9999.0 -9999.0 -9999.0 -9999.0 -9999.0 -9999.0 -9999.0 -9999.0 -9999.0 -9999.0 -9999.0 -9999.0 -9999.0 -9999.0 -9999.0 -9999.0 -9999.0 -9999.0 -9999.0 -9999.0 -9999.0 -9999.0 -9999.0 -9999.0 -9999.0 -9999.0 -9999.0 -9999.0 -9999.0 -9999.0 -9999.0 -9999.0 -9999.0 -9999.0 -9999.0 -9999.0 -9999.0 -9999.0 -9999.0 -9999.0 -9999.0 -9999.0 -9999.0 -9999.0 -9999.0 -9999.0 -9999.0 -9999.0 -9999.0 -9999.0 -9999.0 -9999.0 -9999.0 -9999.0 -9999.0 -9999.0 -9999.0 -9999.0 -9999.0 -9999.0 -9999.0 -9999.0 -9999.0 -9999.0 -9999.0 -9999.0 -9999.0 -9999.0 -9999.0 -9999.0 -9999.0 -9999.0    34.3    29.0    29.9    28.3    29.5    37.3    48.9    43.7    58.2    61.5    59.5    59.5    55.2    54.5    55.3    49.3    53.6    53.0 -9999.0 -9999.0 -9999.0 -9999.0 -9999.0 -9999.0 -9999.0 -9999.0 -9999.0 -9999.0 -9999.0 -9999.0 -9999.0 -9999.0 -9999.0 -9999.0
 -9999.0 -9999.0 -9999.0 -9999.0 -9999.0 -9999.0 -9999.0 -9999.0 -9999.0 -9999.0 -9999.0 -9999.0 -9999.0 -9999.0 -9999.0 -9999.0 -9999.0 -9999.0 -9999.0 -9999.0 -9999.0 -9999.0 -9999.0 -9999.0 -9999.0 -9999.0 -9999.0 -9999.0 -9999.0 -9999.0 -9999.0 -9999.0 -9999.0 -9999.0 -9999.0 -9999.0 -9999.0 -9999.0 -9999.0 -9999.0 -9999.0 -9999.0 -9999.0 -9999.0 -9999.0 -9999.0 -9999.0 -9999.0 -9999.0 -9999.0 -9999.0 -9999.0 -9999.0 -9999.0 -9999.0 -9999.0 -9999.0 -9999.0 -9999.0 -9999.0 -9999.0 -9999.0 -9999.0 -9999.0 -9999.0 -9999.0 -9999.0 -9999.0 -9999.0 -9999.0 -9999.0 -9999.0 -9999.0 -9999.0 -9999.0 -9999.0 -9999.0 -9999.0 -9999.0 -9999.0 -9999.0 -9999.0 -9999.0 -9999.0 -9999.0 -9999.0 -9999.0 -9999.0 -9999.0 -9999.0 -9999.0 -9999.0 -9999.0    35.4    32.1    33.7    32.7    33.3    37.0    37.4    48.3    57.2    61.6    62.4    59.0    64.5    65.3    66.3    73.1    73.4    63.8    62.4 -9999.0 -9999.0 -9999.0 -9999.0 -9999.0 -9999.0 -9999.0 -9999.0 -9999.0 -9999.0 -9999.0 -9999.0 -9999.0 -9999.0 -9999.0 -9999.0
 -9999.0 -9999.0 -9999.0 -9999.0 -9999.0 -9999.0 -9999.0 -9999.0 -9999.0 -9999.0 -9999.0 -9999.0 -9999.0 -9999.0 -9999.0 -9999.0 -9999.0 -9999.0 -9999.0 -9999.0 -9999.0 -9999.0 -9999.0 -9999.0 -9999.0 -9999.0 -9999.0 -9999.0 -9999.0 -9999.0 -9999.0 -9999.0 -9999.0 -9999.0 -9999.0 -9999.0 -9999.0 -9999.0 -9999.0 -9999.0 -9999.0 -9999.0 -9999.0 -9999.0 -9999.0 -9999.0 -9999.0 -9999.0 -9999.0 -9999.0 -9999.0 -9999.0 -9999.0 -9999.0 -9999.0 -9999.0 -9999.0 -9999.0 -9999.0 -9999.0 -9999.0 -9999.0 -9999.0 -9999.0 -9999.0 -9999.0 -9999.0 -9999.0 -9999.0 -9999.0 -9999.0 -9999.0 -9999.0 -9999.0 -9999.0 -9999.0 -9999.0 -9999.0 -9999.0 -9999.0 -9999.0 -9999.0 -9999.0 -9999.0 -9999.0 -9999.0 -9999.0 -9999.0    31.7    43.8    41.7    43.8    33.5    31.9    25.7    27.3    32.8    38.0    44.3    51.4    44.8    55.6    63.2    58.9    60.8    65.8    70.5    88.8    92.4    94.8    78.7    72.2    68.8    65.6 -9999.0 -9999.0 -9999.0 -9999.0 -9999.0 -9999.0 -9999.0 -9999.0 -9999.0 -9999.0 -9999.0 -9999.0 -9999.0 -9999.0
 -9999.0 -9999.0 -9999.0 -9999.0 -9999.0 -9999.0 -9999.0 -9999.0 -9999.0 -9999.0 -9999.0 -9999.0 -9999.0 -9999.0 -9999.0 -9999.0 -9999.0 -9999.0 -9999.0 -9999.0 -9999.0 -9999.0 -9999.0 -9999.0 -9999.0 -9999.0 -9999.0 -9999.0 -9999.0   137.4   134.2   134.9   135.7 -9999.0 -9999.0 -9999.0 -9999.0 -9999.0 -9999.0 -9999.0 -9999.0 -9999.0 -9999.0 -9999.0 -9999.0 -9999.0 -9999.0 -9999.0 -9999.0 -9999.0 -9999.0 -9999.0 -9999.0 -9999.0 -9999.0 -9999.0 -9999.0 -9999.0 -9999.0 -9999.0 -9999.0 -9999.0 -9999.0 -9999.0 -9999.0 -9999.0 -9999.0 -9999.0 -9999.0 -9999.0 -9999.0 -9999.0 -9999.0 -9999.0 -9999.0 -9999.0 -9999.0 -9999.0 -9999.0 -9999.0 -9999.0 -9999.0 -9999.0 -9999.0 -9999.0 -9999.0 -9999.0    19.0    25.6    31.3    38.2    35.1    29.0    29.7    24.1    33.2    39.1    50.5    56.1    60.1    67.1    67.3    62.9    65.4    68.0    73.4    79.6    91.0   102.0   104.2    93.8    74.4    68.9    64.8    60.9    58.7    67.6 -9999.0 -9999.0 -9999.0 -9999.0 -9999.0 -9999.0 -9999.0 -9999.0 -9999.0 -9999.0 -9999.0
 -9999.0 -9999.0 -9999.0 -9999.0 -9999.0 -9999.0 -9999.0 -9999.0 -9999.0 -9999.0 -9999.0 -9999.0 -9999.0 -9999.0 -9999.0 -9999.0 -9999.0 -9999.0 -9999.0 -9999.0 -9999.0 -9999.0 -9999.0 -9999.0 -9999.0 -9999.0 -9999.0 -9999.0   113.5   106.7   104.6   106.5   110.0 -9999.0 -9999.0 -9999.0 -9999.0 -9999.0 -9999.0 -9999.0 -9999.0 -9999.0 -9999.0 -9999.0 -9999.0 -9999.0 -9999.0 -9999.0 -9999.0 -9999.0 -9999.0 -9999.0 -9999.0 -9999.0 -9999.0 -9999.0 -9999.0 -9999.0 -9999.0 -9999.0 -9999.0 -9999.0 -9999.0 -9999.0 -9999.0 -9999.0 -9999.0 -9999.0 -9999.0 -9999.0 -9999.0 -9999.0 -9999.0 -9999.0 -9999.0 -9999.0 -9999.0 -9999.0 -9999.0 -9999.0 -9999.0 -9999.0 -9999.0 -9999.0 -9999.0 -9999.0 -9999.0    14.6    19.4    25.5    30.7    28.9    28.8    26.5    26.2    30.1    45.2    56.4    77.1    77.8    71.0    64.3    65.9    58.5    69.0    75.6    80.8    95.5   113.5   109.5    92.0    74.0    68.2    62.0    62.0    59.1    62.1    71.1    82.8 -9999.0 -9999.0 -9999.0 -9999.0 -9999.0 -9999.0 -9999.0 -9999.0 -9999.0
 -9999.0 -9999.0 -9999.0 -9999.0 -9999.0 -9999.0 -9999.0 -9999.0 -9999.0 -9999.0 -9999.0 -9999.0 -9999.0 -9999.0 -9999.0 -9999.0 -9999.0 -9999.0 -9999.0 -9999.0 -9999.0 -9999.0 -9999.0 -9999.0 -9999.0 -9999.0   110.9    99.9    84.5    76.9    79.2    82.9    86.6    90.5    92.1    90.1 -9999.0 -9999.0 -9999.0 -9999.0 -9999.0 -9999.0 -9999.0 -9999.0 -9999.0 -9999.0 -9999.0 -9999.0 -9999.0 -9999.0 -9999.0 -9999.0 -9999.0 -9999.0 -9999.0 -9999.0 -9999.0 -9999.0 -9999.0 -9999.0 -9999.0 -9999.0 -9999.0 -9999.0 -9999.0 -9999.0 -9999.0 -9999.0 -9999.0 -9999.0 -9999.0 -9999.0 -9999.0 -9999.0 -9999.0 -9999.0 -9999.0 -9999.0 -9999.0 -9999.0 -9999.0 -9999.0 -9999.0 -9999.0 -9999.0 -9999.0     9.3    13.4    17.4    18.8    23.0    27.4    29.7    31.8    32.5    40.1    50.9    72.0    80.2    88.4    78.0    67.5    65.1    60.0    60.5    70.7    86.5   105.5   106.5    97.0    83.9    70.4    65.7    60.2    62.6    70.9    74.5    80.0    73.9 -9999.0 -9999.0    47.4    42.0    41.8    42.0    44.7    46.4    49.7
 -9999.0 -9999.0 -9999.0 -9999.0 -9999.0 -9999.0 -9999.0 -9999.0 -9999.0 -9999.0 -9999.0 -9999.0 -9999.0 -9999.0 -9999.0 -9999.0 -9999.0 -9999.0 -9999.0 -9999.0 -9999.0 -9999.0 -9999.0 -9999.0 -9999.0 -9999.0   100.9    71.5    53.1    46.1    50.4    59.0    67.2    71.8    74.0    74.4    74.8    73.8 -9999.0 -9999.0 -9999.0 -9999.0 -9999.0 -9999.0 -9999.0 -9999.0 -9999.0 -9999.0 -9999.0 -9999.0 -9999.0 -9999.0 -9999.0 -9999.0 -9999.0 -9999.0 -9999.0 -9999.0 -9999.0 -9999.0 -9999.0 -9999.0 -9999.0 -9999.0 -9999.0 -9999.0 -9999.0 -9999.0 -9999.0 -9999.0 -9999.0 -9999.0 -9999.0 -9999.0 -9999.0 -9999.0 -9999.0 -9999.0 -9999.0 -9999.0 -9999.0 -9999.0 -9999.0 -9999.0 -9999.0 -9999.0     8.6    11.8    14.7    17.9    24.4    29.9    35.0    38.8    41.6    52.8    62.7    79.6    88.7    77.5    71.6    61.6    55.3    53.4    52.3    63.8    83.2    96.5    93.5    80.9    66.2    55.7    52.0    49.3    63.1    73.0    74.3    79.0    82.5    55.1    44.7    39.3    36.4    37.5    39.9    51.1    47.5    48.7
 -9999.0 -9999.0 -9999.0 -9999.0 -9999.0 -9999.0 -9999.0 -9999.0 -9999.0 -9999.0 -9999.0 -9999.0 -9999.0 -9999.0 -9999.0 -9999.0 -9999.0 -9999.0 -9999.0 -9999.0 -9999.0   185.7   182.7   166.2   140.7   108.7    78.5    54.0    35.2    25.2    24.0    33.5    40.7    53.1    55.3    59.4    67.2    57.9 -9999.0 -9999.0 -9999.0 -9999.0 -9999.0 -9999.0 -9999.0 -9999.0 -9999.0 -9999.0 -9999.0 -9999.0 -9999.0 -9999.0 -9999.0 -9999.0 -9999.0 -9999.0 -9999.0 -9999.0 -9999.0 -9999.0 -9999.0 -9999.0 -9999.0 -9999.0 -9999.0 -9999.0 -9999.0 -9999.0 -9999.0 -9999.0 -9999.0 -9999.0 -9999.0 -9999.0 -9999.0 -9999.0 -9999.0 -9999.0 -9999.0 -9999.0 -9999.0 -9999.0 -9999.0 -9999.0 -9999.0 -9999.0     9.6    12.6    16.9    22.4    28.4    34.9    43.3    48.1    55.9    63.2    78.9    79.4    73.3    72.6    65.6    57.4    52.9    46.0    46.8    54.9    67.9    75.3    69.2    52.1    40.9    40.9    44.2    40.2    49.5    79.7    75.6    73.7    58.0    44.1    34.5    30.9    31.4    34.1    38.0    41.7    45.9 -9999.0
 -9999.0 -9999.0 -9999.0 -9999.0 -9999.0 -9999.0 -9999.0 -9999.0 -9999.0 -9999.0 -9999.0 -9999.0 -9999.0 -9999.0 -9999.0 -9999.0 -9999.0 -9999.0 -9999.0 -9999.0    87.6   102.6    93.7    99.9    94.9    69.3    45.3    32.2    26.6    19.0    14.9    18.7    24.4    30.6    36.7    38.4    50.1    50.5    56.9 -9999.0 -9999.0 -9999.0 -9999.0 -9999.0 -9999.0 -9999.0 -9999.0 -9999.0 -9999.0 -9999.0 -9999.0 -9999.0 -9999.0 -9999.0 -9999.0 -9999.0 -9999.0 -9999.0 -9999.0 -9999.0 -9999.0 -9999.0 -9999.0 -9999.0 -9999.0 -9999.0 -9999.0 -9999.0 -9999.0 -9999.0 -9999.0 -9999.0 -9999.0 -9999.0 -9999.0 -9999.0 -9999.0 -9999.0 -9999.0 -9999.0 -9999.0 -9999.0 -9999.0 -9999.0 -9999.0 -9999.0    13.1    17.9    22.3    28.7    35.0    42.6    49.8    59.7    65.2    73.7    84.2    75.6    66.1    72.8    60.6    60.1    53.8    47.0    45.5    50.8    56.1    57.9    45.0    33.0    26.7    29.5    36.1    43.8    51.1    65.3    64.3    57.0    42.4    30.1    26.5    23.2    26.3    31.3    37.9    48.5    49.9 -9999.0
 -9999.0 -9999.0 -9999.0 -9999.0 -9999.0 -9999.0 -9999.0 -9999.0 -9999.0 -9999.0 -9999.0 -9999.0 -9999.0 -9999.0 -9999.0 -9999.0 -9999.0 -9999.0 -9999.0 -9999.0    90.8    99.3   100.3    89.2    70.3    31.0    30.1    22.7    18.1    14.9    12.4    15.2    21.4    23.4    24.8    25.5    28.7    46.2    35.0    68.5 -9999.0 -9999.0 -9999.0 -9999.0 -9999.0 -9999.0 -9999.0 -9999.0 -9999.0 -9999.0 -9999.0 -9999.0 -9999.0 -9999.0 -9999.0 -9999.0 -9999.0 -9999.0 -9999.0 -9999.0 -9999.0 -9999.0 -9999.0 -9999.0 -9999.0 -9999.0 -9999.0 -9999.0 -9999.0 -9999.0 -9999.0 -9999.0 -9999.0 -9999.0 -9999.0 -9999.0 -9999.0 -9999.0 -9999.0 -9999.0 -9999.0 -9999.0 -9999.0 -9999.0 -9999.0 -9999.0 -9999.0 -9999.0    29.5    36.1    43.2    50.9    60.7    65.9    72.9    79.9    71.5    66.1    59.1    55.3    55.0    57.2    55.9    51.6    48.3    48.4    48.6    43.0    32.1    25.5    25.0    30.8    39.2    47.6    56.7    52.2    51.8    42.7    28.2    19.0    15.9    18.3    26.0    38.8    36.4    41.9 -9999.0 -9999.0
 -9999.0 -9999.0 -9999.0 -9999.0 -9999.0 -9999.0 -9999.0 -9999.0 -9999.0 -9999.0 -9999.0 -9999.0 -9999.0 -9999.0 -9999.0 -9999.0 -9999.0 -9999.0 -9999.0    46.5    53.5    59.0    61.6    55.4    44.4    38.0    29.8    21.1    16.6    13.9    14.3    15.9    21.2    24.7    24.3    22.0    26.1    23.1    23.2    33.5 -9999.0 -9999.0 -9999.0 -9999.0 -9999.0 -9999.0 -9999.0 -9999.0 -9999.0 -9999.0 -9999.0 -9999.0 -9999.0 -9999.0 -9999.0 -9999.0 -9999.0 -9999.0 -9999.0 -9999.0 -9999.0 -9999.0 -9999.0 -9999.0 -9999.0 -9999.0 -9999.0 -9999.0 -9999.0 -9999.0 -9999.0 -9999.0 -9999.0 -9999.0 -9999.0 -9999.0 -9999.0 -9999.0 -9999.0 -9999.0 -9999.0 -9999.0 -9999.0 -9999.0 -9999.0 -9999.0 -9999.0    30.6    37.0    43.2    48.6    53.4    61.0    68.1    74.2    76.2    66.7    63.0    53.0    48.8    52.2    55.4    56.4    53.0    48.4    45.6    42.4    34.0    25.8    23.5    26.8    32.9    40.8    43.9    46.4    50.8    47.2    37.6    28.1    19.2    14.2    18.8    25.2    31.9    38.1 -9999.0 -9999.0 -9999.0
 -9999.0 -9999.0 -9999.0 -9999.0 -9999.0 -9999.0 -9999.0 -9999.0 -9999.0 -9999.0 -9999.0 -9999.0 -9999.0 -9999.0 -9999.0 -9999.0    21.0    23.8    26.7    27.5    28.1    20.6    27.0    23.3    24.8    24.8    24.9    20.9    17.7    16.8    17.9    21.8    27.0    29.3    29.0    27.3    24.4    19.4    16.5    17.0    24.7    31.0    38.3 -9999.0 -9999.0 -9999.0 -9999.0 -9999.0 -9999.0 -9999.0 -9999.0 -9999.0 -9999.0 -9999.0 -9999.0 -9999.0 -9999.0 -9999.0 -9999.0 -9999.0 -9999.0 -9999.0 -9999.0 -9999.0 -9999.0 -9999.0 -9999.0 -9999.0 -9999.0 -9999.0 -9999.0 -9999.0 -9999.0 -9999.0 -9999.0 -9999.0 -9999.0 -9999.0 -9999.0     2.9     3.0     5.7 -9999.0 -9999.0    16.6    23.2    29.7    37.1    42.2    45.9    48.9    51.7    55.7    62.9    69.2    71.0    57.8    50.5    43.7    42.8    47.0    51.9    52.4    48.5    43.6    39.4    34.6    27.8    21.9    22.0    26.6    32.4    37.3    38.4    44.7    49.6    54.7    35.0    24.5    17.6    18.1    20.8    26.7    32.8    42.2 -9999.0 -9999.0 -9999.0
 -9999.0 -9999.0 -9999.0 -9999.0 -9999.0 -9999.0 -9999.0 -9999.0 -9999.0 -9999.0 -9999.0 -9999.0 -9999.0 -9999.0    19.7    22.3    26.4    28.0    24.3    23.0    24.0    15.6    21.3    20.2    22.2    23.1    22.5    20.9    20.0    20.8    23.7    28.3    33.9    36.6    40.3    37.6    30.0    53.8    33.7    24.8    30.9    34.5    33.7    34.9    47.3 -9999.0 -9999.0 -9999.0 -9999.0 -9999.0 -9999.0 -9999.0 -9999.0 -9999.0 -9999.0 -9999.0 -9999.0 -9999.0 -9999.0 -9999.0 -9999.0 -9999.0 -9999.0 -9999.0 -9999.0 -9999.0 -9999.0 -9999.0 -9999.0 -9999.0 -9999.0 -9999.0 -9999.0 -9999.0 -9999.0 -9999.0 -9999.0 -9999.0     5.2     5.5     6.6     8.7    12.2    16.4    21.5    29.4    37.0    42.8    45.0    44.9    44.7    45.1    48.7    55.0    59.5    60.3    48.8    42.7    39.0    38.5    41.4    44.8    43.8    39.7    35.4    32.2    28.6    24.0    20.6    20.8    25.2    27.7    28.5    29.9    40.7    39.9    41.2    31.7    21.9    18.2    17.9    21.5    26.5    34.2 -9999.0 -9999.0 -9999.0 -9999.0
 -9999.0 -9999.0 -9999.0 -9999.0 -9999.0 -9999.0 -9999.0 -9999.0 -9999.0 -9999.0 -9999.0 -9999.0 -9999.0 -9999.0    30.2    35.8    32.8    30.1    27.9    22.0     7.4     5.5     8.0    14.3    19.2    21.8    21.2    20.0    20.6    22.6    26.5    31.5    37.6    38.0    37.7    34.7    25.0    26.3    15.9    16.3    14.5     7.4     9.0    11.6    10.0    15.7    55.9    12.9 -9999.0 -9999.0 -9999.0 -9999.0 -9999.0 -9999.0 -9999.0 -9999.0 -9999.0 -9999.0 -9999.0 -9999.0 -9999.0 -9999.0 -9999.0 -9999.0 -9999.0 -9999.0 -9999.0 -9999.0 -9999.0 -9999.0 -9999.0 -9999.0 -9999.0 -9999.0 -9999.0 -9999.0 -9999.0 -9999.0     8.9    10.4    12.2    13.6    16.8    23.7    32.2    42.8    49.9    49.1    46.0    43.2    40.6    40.5    44.1    47.1    50.5    44.1    39.6    37.1    35.8    34.1    34.2    34.3    32.5    29.8    28.6    29.4    28.5    25.7    23.9    23.6    25.0    24.5    25.5    24.9    26.0    26.2    34.2    30.2    21.9    18.1    16.8    19.9    26.4    31.7 -9999.0 -9999.0 -9999.0 -9999.0
 -9999.0 -9999.0 -9999.0 -9999.0 -9999.0 -9999.0 -9999.0 -9999.0 -9999.0 -9999.0 -9999.0 -9999.0 -9999.0 -9999.0 -9999.0    15.7    15.1    14.9    22.4    34.3    33.2    30.7    18.0    28.9    27.6    25.6    22.5    19.4    20.4    22.9    26.7    30.6    35.3    38.8    41.7    41.9    37.1    31.2    26.7    32.9    43.6    29.1    21.7     9.1     5.2     3.4     3.3     4.8     4.7 -9999.0 -9999.0 -9999.0 -9999.0 -9999.0 -9999.0 -9999.0 -9999.0 -9999.0 -9999.0 -9999.0 -9999.0 -9999.0 -9999.0 -9999.0 -9999.0 -9999.0 -9999.0 -9999.0 -9999.0 -9999.0 -9999.0 -9999.0 -9999.0 -9999.0 -9999.0 -9999.0 -9999.0    15.9    15.6    20.0    22.1    23.2    30.4    39.6    48.9    59.6    56.8    54.7    47.8    44.0    44.2    44.1    45.6    44.9    39.4    35.1    32.5    32.0    30.4    27.9    26.1    24.8    23.5    22.9    24.7    28.3    31.8    32.6    33.4    33.4    31.2    26.7    23.4    17.4    17.3    24.6    29.1    25.1    20.9    15.3 -9999.0 -9999.0 -9999.0 -9999.0 -9999.0 -9999.0 -9999.0 -9999.0
 -9999.0 -9999.0 -9999.0 -9999.0 -9999.0 -9999.0 -9999.0 -9999.0 -9999.0 -9999.0 -9999.0 -9999.0 -9999.0 -9999.0 -9999.0    10.9    13.1    16.4    19.6    21.5    41.3    42.2    43.8    32.2    12.8    10.4    16.8    27.4    28.9    40.6    31.7    38.7    59.0    74.7    60.4    59.3    68.5    52.3    43.9    54.7    67.4    45.8    56.4    96.2    10.8     1.2     0.5     0.6     0.8 -9999.0 -9999.0 -9999.0 -9999.0 -9999.0 -9999.0 -9999.0 -9999.0 -9999.0 -9999.0 -9999.0 -9999.0 -9999.0 -9999.0 -9999.0 -9999.0 -9999.0 -9999.0 -9999.0 -9999.0 -9999.0 -9999.0 -9999.0 -9999.0 -9999.0 -9999.0 -9999.0 -9999.0    27.5    29.9    34.8    38.7    43.6    46.4    47.8    63.8    70.1    69.0    61.7    55.8    54.2    54.4    56.3    53.0    46.6    38.8    30.7    27.1    25.6    23.8    21.3    19.4    18.7    18.9    19.9    22.4    28.5    35.6    39.6    42.3    42.3    36.5    25.4    17.1    15.1    20.4    25.4    29.3    23.8    20.6    12.8 -9999.0 -9999.0 -9999.0 -9999.0 -9999.0 -9999.0 -9999.0 -9999.0
 -9999.0 -9999.0 -9999.0 -9999.0 -9999.0 -9999.0 -9999.0 -9999.0 -9999.0 -9999.0 -9999.0 -9999.0 -9999.0 -9999.0 -9999.0    55.1    52.2    53.7    52.5    46.9    41.0    48.6    33.8    33.6    26.4    22.8     7.9     9.9    27.5    38.8    48.3    50.0    36.4    37.0    61.5    76.1    62.1    28.2    21.3     7.7    16.4    27.3    36.3    74.3    55.1    12.9     1.3     0.4     1.8     3.9     3.2     4.4     5.8     8.0     9.1    19.5    38.1    46.3    40.1    43.1 -9999.0 -9999.0 -9999.0 -9999.0 -9999.0 -9999.0 -9999.0 -9999.0 -9999.0 -9999.0 -9999.0 -9999.0 -9999.0 -9999.0 -9999.0    34.3    37.7    41.5    43.1    51.8    55.1    56.8    63.7    66.0    71.5    75.8    71.3    65.3    63.3    66.4    69.8    71.6    62.7    49.5    36.7    26.8    21.8    19.9    18.2    16.4    15.2    15.1    15.8    17.0    19.8    26.7    34.4    40.9    44.7    43.2    35.5    25.0    16.7    16.4    21.3    23.1    32.3    26.5    16.1     9.5 -9999.0 -9999.0 -9999.0 -9999.0 -9999.0 -9999.0 -9999.0 -9999.0
 -9999.0 -9999.0 -9999.0 -9999.0 -9999.0 -9999.0 -9999.0 -9999.0 -9999.0 -9999.0 -9999.0 -9999.0 -9999.0 -9999.0 -9999.0    49.2    42.3    47.7    54.2    41.7    31.2    18.9    18.8    23.6    21.1    12.3    11.9    24.0    31.4    26.4    32.4    35.2    11.5     7.2     5.8     6.2    14.6     5.8     1.1     0.8     0.2     0.7     3.9     4.2     6.1     9.2     4.8     2.2     2.2     1.7     2.1     2.7     5.0    12.2    12.7    17.9    21.8    27.3    31.2    33.1    31.5    28.1 -9999.0 -9999.0 -9999.0 -9999.0 -9999.0 -9999.0    30.4    33.6    37.7    42.4    46.1    49.6    51.1    55.1    54.4    64.1    69.6    66.8    69.6    73.0    76.7    73.9    74.9    72.7    69.6    69.3    71.0    76.4    79.6    77.7    66.1    50.2    33.4    21.3    16.1    14.7    14.1    14.1    14.2    14.5    14.1    14.4    17.2    22.6    29.1    34.2    36.9    37.8    32.2    23.3    17.4    19.3    19.8    18.9    14.4    11.7     8.6     6.5 -9999.0 -9999.0 -9999.0 -9999.0 -9999.0 -9999.0 -9999.0 -9999.0
 -9999.0 -9999.0 -9999.0 -9999.0 -9999.0 -9999.0 -9999.0 -9999.0 -9999.0 -9999.0 -9999.0 -9999.0 -9999.0    69.4    72.8    68.1    56.3    60.6    49.0    37.1    36.9    32.4    28.4    17.5    17.8    13.1    12.9    27.8    25.7    23.5    24.2    32.7    20.1    31.6    24.3    16.0    15.8    13.4    11.7     5.3     1.9     1.4     1.3     1.2     1.5     2.1     2.4     5.9     5.9     5.8     6.0     5.8     8.2     8.6     9.5    15.5    19.0    23.5    25.1    27.0    27.1    25.4    23.7    23.4    24.7    27.1    27.0    29.7    33.2    38.4    43.9    49.4    57.4    64.1    68.9    74.5    77.6    81.0    84.0    78.3    77.0    78.5    66.4    65.8    61.8    69.2    65.8    71.0    76.5    85.0    83.9    77.0    63.5    43.5    26.0    16.7    12.2    11.3    12.8    14.6    16.8    17.3    15.2    14.2    15.9    19.6    22.9    25.7    28.4    31.7    28.4    25.3    24.0    21.0    23.1    19.8    12.5     7.9     5.6 -9999.0 -9999.0 -9999.0 -9999.0 -9999.0 -9999.0 -9999.0 -9999.0 -9999.0
 -9999.0 -9999.0 -9999.0 -9999.0 -9999.0 -9999.0 -9999.0 -9999.0 -9999.0    45.7    65.4    76.4    82.5    84.6    80.0    65.1    70.4    51.5    36.1    25.0    20.7    18.3    15.2    14.1    14.6    16.7    20.2    23.6    26.0    23.7    21.3    22.0    29.6    23.9    13.7    16.3    20.4    17.9     9.2     8.4     5.6     5.6     5.3     4.4     4.2     7.3     9.7    11.2    15.0    10.1     9.5     8.7    10.7    11.8    11.1    14.0    18.6    22.6    23.8    22.6    21.7    21.4    20.0    19.9    20.2    22.9    26.7    30.9    36.5    41.7    46.7    52.3    65.0    71.3    75.1    81.6    86.8    86.8    84.5    83.6    70.0    73.2    58.0    63.4    65.0    64.5    66.9    74.7    80.2    94.2    91.2    79.4    66.9    49.2    25.7    18.1    13.0    12.2    14.6    17.7    20.7    19.8    16.2    14.4    14.9    14.7    15.0    16.4    19.8    21.7    25.9    28.0    26.1    25.3    29.6    11.3 -9999.0     5.2 -9999.0 -9999.0 -9999.0 -9999.0 -9999.0 -9999.0 -9999.0 -9999.0 -9999.0 -9999.0
 -9999.0 -9999.0 -9999.0 -9999.0 -9999.0     3.3     9.5    12.4    26.1    52.3    65.9    78.9    87.1    74.0    27.7    27.3    30.0    31.5    26.2    19.7    14.6    11.5     9.5     8.9     9.8    12.5    16.8    21.1    22.7    19.6    17.4    26.3    24.1    16.6    18.0    26.3    16.0     6.9     2.9     1.8     3.6     5.0     2.4     3.0     4.2     8.1    12.2    15.1    16.8    21.7    14.6    11.6    10.5    12.9    19.8    15.9    17.6    20.6    21.3    22.0    20.8    20.2    19.6    18.9    19.1    23.2    27.8    32.9    39.8    44.7    50.6    62.1    77.1    90.8    93.2    96.6    95.5    84.6    84.5    70.9    58.3    55.1    71.4    75.3    70.7    73.6    61.2    85.7    97.4   104.2    93.1    80.8    61.8    47.9    33.0    25.5    18.8    16.7    20.3    24.1    24.6    21.5    17.0    14.6    12.1     9.6     8.7     8.7    10.3    17.2    22.2    24.8    24.8    26.2 -9999.0 -9999.0 -9999.0 -9999.0 -9999.0 -9999.0 -9999.0 -9999.0 -9999.0 -9999.0 -9999.0 -9999.0 -9999.0 -9999.0
 -9999.0 -9999.0 -9999.0     1.5     6.3     7.2    19.4    25.7    37.2    51.4    57.0    73.5    82.7    65.4    47.9    37.2    31.8    32.9    28.7    21.7    14.5     9.8     7.2     6.2     6.9     9.1    12.6    16.1    17.4    15.0    11.2     8.7     7.4     7.1     7.9     6.5     3.8     2.4     1.3     2.1     3.4     1.5     2.2     4.9     4.3     5.4     6.0     9.8    13.2    15.2    19.2    17.0    19.4    20.3    20.9    16.3    16.9    18.7    19.6    22.1    23.2    24.8    22.8    21.5    23.8    26.1    29.7    36.7    43.5    48.0    54.1    63.3    77.7    89.6    84.2   102.2   107.6    97.5   106.0    96.7    77.6    77.9    83.4    83.8    83.4   114.9   102.9   123.1   123.8   114.4    94.4    89.2    70.7    58.0    45.4    35.3    26.2    21.4    24.6    28.0    27.6    23.5    18.3    14.3     9.6     5.0     3.5     4.2     6.6    12.0    15.1    20.2    20.7 -9999.0 -9999.0 -9999.0 -9999.0 -9999.0 -9999.0 -9999.0 -9999.0 -9999.0 -9999.0 -9999.0 -9999.0 -9999.0 -9999.0 -9999.0
 -9999.0 -9999.0     0.7     2.6     2.9    10.5    14.5    21.5    30.8    17.9    14.9    23.7    49.8    31.7    24.8    29.9    33.7    34.6    31.3    23.9    15.8     9.7     6.3     5.0     5.2     6.4     8.6    10.6    12.4    10.6     8.1     6.4     5.5     5.0     4.3     3.5     2.5     1.5     0.8     0.6     0.7     0.5     0.5     0.9     2.0     3.2     5.7    12.8    15.4    21.7    18.7    14.6    14.7    14.5    14.1    15.3    20.5    22.8    22.8    23.5    23.7    23.6    25.1    27.6    26.8    28.2    36.5    40.1    48.7    55.8    58.7    64.0    73.2    84.0    93.2    99.5   105.6   109.2   103.1    93.1    88.1    83.8   101.2   101.0    86.9   106.8   113.4   127.3   121.3   109.8   109.0    94.9    76.2    67.1    56.2    43.6    32.1    28.2    28.6    29.0    26.6    21.9    18.4    14.3     9.2     4.4     2.5     2.6     2.9 -9999.0 -9999.0 -9999.0 -9999.0 -9999.0 -9999.0 -9999.0 -9999.0 -9999.0 -9999.0 -9999.0 -9999.0 -9999.0 -9999.0 -9999.0 -9999.0 -9999.0 -9999.0 -9999.0
 -9999.0 -9999.0     1.6     3.0     4.8     5.0     6.6     7.3     3.7     3.5     3.4     4.8     7.8    12.7    20.0    26.9    32.8    34.1    31.6    24.8    16.8    10.4     6.4     4.7     4.3     4.8     6.3     7.8     8.1     8.1     6.4     5.6     4.7     4.1     3.5     2.6     1.9     1.9     2.4     2.3     1.9     3.4     5.0     6.5     7.5    14.7    45.4    53.6    50.8    45.2    53.6    40.9    26.3    18.5    18.0    26.6    22.5    26.3    24.5    25.0    22.2    29.7    24.9    27.4    28.7    32.1    37.6    46.8    59.0    68.7    68.7    70.9    77.3    83.3    84.6    85.8    88.9   100.5    99.2    97.9    99.9   105.4   112.3   108.4   104.7    99.8   107.0   119.9   122.6   132.1   133.1   118.3    91.2    69.7    58.2    51.4    45.4    39.7    34.7    29.7    23.6    18.0    14.9    12.4     8.8     4.8     2.4 -9999.0 -9999.0 -9999.0 -9999.0 -9999.0 -9999.0 -9999.0 -9999.0 -9999.0 -9999.0 -9999.0 -9999.0 -9999.0 -9999.0 -9999.0 -9999.0 -9999.0 -9999.0 -9999.0 -9999.0 -9999.0
 -9999.0     1.0     2.3     4.5     7.0    10.6     5.3     4.2     3.7     2.5     2.0     2.3     4.1     8.2    14.9    22.7    28.6    31.2    29.9    24.6    17.7    11.6     7.5     4.9     4.1     4.2     4.8     5.7     6.3     6.6     6.2     5.1     4.6     4.8     4.5     8.4    15.3    20.9    17.4    15.1     8.6    21.6    47.8    91.9    42.1    69.7   103.5    64.3   100.3    85.1    81.1   106.6    98.5    84.4    35.3    29.8    25.8    44.9    32.1    37.4    36.8    29.9    32.2    31.5    32.8    36.0    42.9    55.0    68.0    82.8    84.0    84.2    87.3    91.6    91.3    89.9    96.0    98.7   103.0   105.5   110.5   115.1   122.2   122.7   113.2   103.2    96.2    98.3   118.9   149.0   161.7   145.4   108.8    84.0    73.7    69.1 -9999.0    54.9    42.9    31.2    21.9    15.8    12.7    10.6     7.9 -9999.0 -9999.0 -9999.0 -9999.0 -9999.0 -9999.0 -9999.0 -9999.0 -9999.0 -9999.0 -9999.0 -9999.0 -9999.0 -9999.0 -9999.0 -9999.0 -9999.0 -9999.0 -9999.0 -9999.0 -9999.0 -9999.0 -9999.0
 -9999.0 -9999.0     2.6     4.5     7.7    11.5    13.7    17.7     5.1     2.1     1.2     1.3     2.5     5.7    11.5    17.7    24.6    27.3    27.0    23.8    18.8    13.8     9.5     6.5     5.1     4.6     4.7     5.2     5.6     5.8     6.0     6.4    20.1    29.8    33.3    38.8    32.3    31.7    34.3    28.6    13.9    15.4    13.9    27.3    26.4    39.2    56.8    73.6    70.9    72.8   108.5    81.8    84.4   109.0    97.9    88.7    51.1    43.3    56.4    57.8    33.3    35.5    37.2    36.8    37.3    40.4    47.7    60.3    77.6    88.7    90.3    91.5    95.2    98.8    96.9    93.2    94.5    97.7   101.8   110.6   118.2   110.5   124.1   136.6   123.1    94.3    69.8    69.0    95.5   128.6   139.0   126.6   107.0    92.2    86.3 -9999.0 -9999.0    71.0    51.2    33.2    21.7    15.6    12.3     9.9 -9999.0 -9999.0 -9999.0 -9999.0 -9999.0 -9999.0 -9999.0 -9999.0 -9999.0 -9999.0 -9999.0 -9999.0 -9999.0 -9999.0 -9999.0 -9999.0 -9999.0 -9999.0 -9999.0 -9999.0 -9999.0 -9999.0 -9999.0 -9999.0
 -9999.0 -9999.0     3.0     4.3     7.9    11.2    15.3    19.3    19.5     4.8     1.1     1.1     2.0     4.3     7.9    13.3    19.0    23.1    24.4    23.2    20.1    16.8    12.9     9.4     7.2     6.0     5.5     5.5     6.1     8.0    13.0    20.6    24.0    28.3    33.5    37.1    28.6    23.7    23.9    14.0    10.4     9.1    10.4    11.9    16.6    38.1    68.4    78.1    91.5    83.1    74.4    72.3    77.6   103.7    91.6   108.2   106.1   110.4   103.0    62.0    46.8    43.9    45.6    42.4    40.4    42.1    49.6    62.3    77.6    85.2    87.3    89.1    92.6    95.7    94.6    92.2    92.3    92.6    99.5    95.6   103.9   101.9   122.0   129.9   115.0    82.2    51.0    45.6    65.9    80.7    76.8    68.7    71.4    76.3    82.3    90.9    94.0    81.3 -9999.0 -9999.0 -9999.0 -9999.0 -9999.0 -9999.0 -9999.0 -9999.0 -9999.0 -9999.0 -9999.0 -9999.0 -9999.0 -9999.0 -9999.0 -9999.0 -9999.0 -9999.0 -9999.0 -9999.0 -9999.0 -9999.0 -9999.0 -9999.0 -9999.0 -9999.0 -9999.0 -9999.0 -9999.0 -9999.0
 -9999.0 -9999.0 -9999.0 -9999.0     7.8    10.9    12.0    13.9    19.9     7.6     1.8     1.6     2.1     3.5     5.9    10.1    15.2    19.6    21.7    21.7    22.4    20.7    17.3    13.7    10.7     8.9     8.4     8.8    12.1    13.5    16.2    17.7    21.3    26.5    28.2    33.2    35.4    34.2    23.8    14.2     9.9     7.5     6.3     8.2    12.3    21.1    33.7    64.2    58.0    73.9    56.8    78.8    68.5    63.0    78.6    94.1   113.9   127.6   123.9   117.8    98.5    56.2    54.8    46.4    42.8    42.8    49.2    59.7    71.1    77.9    80.7    81.5    82.9    85.2    87.8    88.5    89.3    87.9    90.1    95.6    93.4    85.1    99.7   111.7   103.3    71.7    44.1    36.5    44.0    44.8    35.8    28.8    36.3    48.0    62.7    78.7    86.5    76.9    49.7    29.5    21.6    18.3    15.2 -9999.0 -9999.0 -9999.0 -9999.0 -9999.0 -9999.0 -9999.0 -9999.0 -9999.0 -9999.0 -9999.0 -9999.0 -9999.0 -9999.0 -9999.0 -9999.0 -9999.0 -9999.0 -9999.0 -9999.0 -9999.0 -9999.0 -9999.0 -9999.0 -9999.0
 -9999.0 -9999.0 -9999.0     4.6     7.6     9.0     9.7    14.7    16.5     7.9    11.1     8.7     6.6     3.8     4.6     7.6    12.2    16.6    18.2    19.3    21.4    22.9    21.6    19.4    16.7    14.4    12.9     2.0     9.1     9.4    10.7    15.0    19.1    21.9    26.9    29.5    30.1    36.9    36.8    26.9    12.6     6.8     6.1     5.9     7.7    10.6    15.6    24.1    28.7    20.2    21.1    38.2    50.1    64.5    43.9    56.7    68.2    99.0   103.5   116.2   107.0    88.2    73.9    50.8    40.3    46.2    53.4    54.7    69.2    73.4    74.9    77.5    78.0    79.0    83.0    86.4    87.7    89.1   101.1    82.2    74.2    76.8    77.8    81.5    80.9    57.1    36.2    26.9    25.6    27.8    27.6    24.1    25.1    30.7    43.1    58.5    66.9    60.9    43.8    33.9    24.1    21.5    17.9 -9999.0 -9999.0 -9999.0 -9999.0 -9999.0 -9999.0 -9999.0 -9999.0 -9999.0 -9999.0 -9999.0 -9999.0 -9999.0 -9999.0 -9999.0 -9999.0 -9999.0 -9999.0 -9999.0 -9999.0 -9999.0 -9999.0 -9999.0 -9999.0 -9999.0
 -9999.0 -9999.0 -9999.0 -9999.0     5.8     8.7     8.3    12.3     9.6    11.8    13.3    15.4    17.0    17.7    10.8    13.3    16.5    16.2    15.5    16.6    21.5    24.4    23.9    16.1     4.8     1.5     4.6     4.6     6.1     7.5     9.8    10.7    15.7    19.2    22.3    26.0    28.8    32.4    30.6    22.5    29.6    10.8     8.5     5.6     6.7     8.4     9.8    10.6    11.0    13.6    15.9    21.4    46.8    37.0    33.4    42.1    49.9    63.9    76.4    53.5    78.8    64.0    56.6    50.1    41.8    41.7    54.6    56.5    65.0    82.7    75.5    75.8    72.2    71.3    74.7    79.6    77.5    89.2    91.2    77.4    74.7    62.4    62.0    58.8    54.1    38.8    24.6    16.7    15.5    20.7    28.3    31.7    28.7    28.1    35.5    44.0    46.9    47.3    43.8    35.3    29.9    26.1    21.1 -9999.0 -9999.0 -9999.0 -9999.0 -9999.0 -9999.0 -9999.0 -9999.0 -9999.0 -9999.0 -9999.0 -9999.0 -9999.0 -9999.0 -9999.0 -9999.0 -9999.0 -9999.0 -9999.0 -9999.0 -9999.0 -9999.0 -9999.0 -9999.0 -9999.0
 -9999.0 -9999.0 -9999.0 -9999.0 -9999.0     5.6     3.5     9.7     9.3    11.2     7.7     8.3    12.3    11.7    11.7    10.9    14.8    15.2    16.1    17.1    11.4     5.4     3.8     3.9     4.0     4.0     3.2     3.3     3.9     4.0     5.9     8.3    11.5    14.0    16.6    21.4    24.2    28.0    32.6    36.8    26.5    45.1    44.5    33.6    21.7    12.3    19.8    17.5    22.7    15.3    15.2    21.2    33.3    65.6    62.6    35.2    31.7    32.8    65.1    50.1    69.3    60.6    54.4    47.4    46.4    41.7    52.9    68.6    73.5    84.1    77.8    73.3    75.0    72.9    71.0    73.6    65.2    68.5    74.3    57.0    61.2    50.6    42.7    38.2    31.0    23.6    16.2    11.1    10.2    15.6    25.4    32.7    35.4    38.0    43.2    47.0    44.9    46.2    47.9    44.4    38.9    32.7 -9999.0 -9999.0 -9999.0 -9999.0 -9999.0 -9999.0 -9999.0 -9999.0 -9999.0 -9999.0 -9999.0 -9999.0 -9999.0 -9999.0 -9999.0 -9999.0 -9999.0 -9999.0 -9999.0 -9999.0 -9999.0 -9999.0 -9999.0 -9999.0 -9999.0 -9999.0
 -9999.0 -9999.0 -9999.0 -9999.0 -9999.0 -9999.0 -9999.0     3.4     8.4     6.8     6.0     7.8     6.8     4.3     6.6     2.3     6.4     6.5     2.6     5.7     5.4     2.6     3.2     2.8     3.0     2.8     3.1     2.0     3.9     5.2     4.7     6.3     8.6     9.5    14.0    17.0    20.8    24.3    28.6    31.9    35.5    37.8    42.1    56.6    40.3    28.4    36.7    39.2    55.1    45.0    62.2    55.1    40.1    49.1    68.3    46.8    45.2    52.8    63.6    67.0    61.9    65.2    63.0    55.2    44.5    42.1    50.2    64.3    92.2    81.5    81.8    80.0    82.4    78.9    67.5    73.2    68.7    55.6    46.0    47.1    52.8    38.9    37.3    24.8    20.7    18.5    15.8    12.2    10.1    13.9    25.6    34.1    41.3    53.0    66.1    70.5    65.8    62.7    61.6    57.9 -9999.0 -9999.0 -9999.0 -9999.0 -9999.0 -9999.0 -9999.0 -9999.0 -9999.0 -9999.0 -9999.0 -9999.0 -9999.0 -9999.0 -9999.0 -9999.0 -9999.0 -9999.0 -9999.0 -9999.0 -9999.0 -9999.0 -9999.0 -9999.0 -9999.0 -9999.0 -9999.0 -9999.0
 -9999.0 -9999.0 -9999.0 -9999.0 -9999.0 -9999.0 -9999.0     5.3     5.5     4.9     5.2     5.6     3.4     3.5     4.3     4.8     3.0     0.6     1.8     0.6     1.3     2.4     2.4     2.3     2.3     2.6     2.1     2.3     3.6     2.4     5.8     6.0     7.3     8.1    12.0    14.4    17.5    20.9    25.3    30.3    33.7    38.5    40.2    41.2    50.4    54.4    58.3    58.5    58.7    55.4    57.0    50.0    47.6    51.4    71.7    63.8    59.2    64.3    74.5    71.1    70.9    73.3    71.5    58.1    48.7    43.7    48.9    64.1    98.7    93.8    94.5    84.2    89.7    89.7    84.9    73.4    68.7    60.0    52.3    47.3    43.8    35.2    23.1    21.4    21.3    22.6    23.7    23.3    21.3    25.4    40.1    45.5    53.5    72.9    93.5   102.3    97.6 -9999.0 -9999.0 -9999.0 -9999.0 -9999.0 -9999.0 -9999.0 -9999.0 -9999.0 -9999.0 -9999.0 -9999.0 -9999.0 -9999.0 -9999.0 -9999.0 -9999.0 -9999.0 -9999.0 -9999.0 -9999.0 -9999.0 -9999.0 -9999.0 -9999.0 -9999.0 -9999.0 -9999.0 -9999.0 -9999.0 -9999.0
 -9999.0 -9999.0 -9999.0 -9999.0 -9999.0 -9999.0 -9999.0 -9999.0 -9999.0 -9999.0     3.7     1.9     4.3     1.5     2.2     1.5     1.6     1.8     1.7     1.1     0.6     1.1     0.9     1.4     0.6     1.0     0.9     1.1     1.7     2.8     3.6     2.9     5.7     6.8     9.2     9.0    13.8    17.5    21.3    28.2    35.0    38.9    40.8    43.6    59.0    57.6    74.5    70.1    71.6    64.5    52.9    51.2    54.0    66.3    84.8    91.4    92.1    97.5    92.4    88.6    90.0    83.3    75.5    65.4    63.2    46.9    53.7    73.3   100.1   115.6   110.5   105.9   101.7    96.6    84.4    85.6    80.9    74.3    64.5    57.2    43.3    32.4    28.4    25.5    26.0    29.5    35.3    40.9    43.7    50.6    64.1    66.7    71.6    89.0   110.5   123.4   123.2   116.5 -9999.0 -9999.0 -9999.0 -9999.0 -9999.0 -9999.0 -9999.0 -9999.0 -9999.0 -9999.0 -9999.0 -9999.0 -9999.0 -9999.0 -9999.0 -9999.0 -9999.0 -9999.0 -9999.0 -9999.0 -9999.0 -9999.0 -9999.0 -9999.0 -9999.0 -9999.0 -9999.0 -9999.0 -9999.0 -9999.0
 -9999.0 -9999.0 -9999.0 -9999.0 -9999.0 -9999.0 -9999.0 -9999.0 -9999.0 -9999.0 -9999.0     2.5     2.6     2.4     0.9     1.3     0.3     0.7     0.6     0.2     1.0     0.7     0.7     1.0     0.1     0.8     1.5     0.8     1.2     0.7     2.2     3.2     4.1     3.8     5.0     7.5     8.0    13.5    19.0    25.3    31.7    37.2    41.9    49.9    56.7    66.7    77.8    74.9    75.3    70.6    72.6    68.7    67.6    76.9    96.1   114.4   125.9   133.1   115.5   121.6   112.0   109.3   101.3    85.4    68.1    82.9    75.3    97.0   120.7   137.9   122.3   106.2    98.7    94.9    97.7   126.9   100.4    86.8    70.9    77.1    55.8    42.5    35.2    30.0    29.4    33.4    41.0    47.2    49.5    58.9    73.3    75.3    77.7    89.6   108.9   125.4   131.6   130.9 -9999.0 -9999.0 -9999.0 -9999.0 -9999.0 -9999.0 -9999.0 -9999.0 -9999.0 -9999.0 -9999.0 -9999.0 -9999.0 -9999.0 -9999.0 -9999.0 -9999.0 -9999.0 -9999.0 -9999.0 -9999.0 -9999.0 -9999.0 -9999.0 -9999.0 -9999.0 -9999.0 -9999.0 -9999.0 -9999.0
 -9999.0 -9999.0 -9999.0 -9999.0 -9999.0 -9999.0 -9999.0 -9999.0 -9999.0 -9999.0 -9999.0 -9999.0     0.5     1.8     2.1     0.7     1.4     0.8     0.3     0.3     0.4     0.2     0.3     0.7     1.3     0.9     0.9     2.0     1.4     2.5     1.7     1.2     2.5     3.5     3.8     5.8     6.0     9.1    14.4    21.1    28.5    35.1    43.7    48.3    60.1    73.4    78.0    82.1    75.5    78.7    74.4    78.3    81.8   100.0   116.7   138.1   148.4   154.4   144.0   136.0   126.6   118.7   115.3   112.0    79.3    86.9    89.2   116.5   136.1   149.8   167.2   187.6   187.3   147.2   132.4   111.4    94.2    97.9    77.8    65.7    83.2    39.4    34.4    32.0    30.8    33.4    41.2    45.2    43.6    48.6    57.7    61.7    64.3    72.2    88.1   107.4   120.5   130.4   135.8 -9999.0 -9999.0 -9999.0 -9999.0 -9999.0 -9999.0 -9999.0 -9999.0 -9999.0 -9999.0 -9999.0 -9999.0 -9999.0 -9999.0 -9999.0 -9999.0 -9999.0 -9999.0 -9999.0 -9999.0 -9999.0 -9999.0 -9999.0 -9999.0 -9999.0 -9999.0 -9999.0 -9999.0 -9999.0
 -9999.0 -9999.0 -9999.0 -9999.0 -9999.0 -9999.0 -9999.0 -9999.0 -9999.0 -9999.0 -9999.0 -9999.0     0.9     0.7     0.3     1.2     0.5     0.7     0.7     0.6     0.4     0.6     0.2     0.8     0.7     0.2     0.3     0.2     0.5     0.8     2.0     2.8     1.5     1.9     4.4     4.9     5.9     7.4     9.1    16.2    24.2    32.7    41.3    52.5    60.8    70.3    84.1    95.0    98.8    95.3    92.2    90.8   102.1   129.7   146.1   162.0   169.3   171.6   171.5   155.3   140.4   124.9   120.6    93.2    73.9    85.1   107.4   146.5   169.5   174.6   157.5   156.9   169.1   160.1   155.8   121.7    98.6    73.4    51.3    41.6    52.5    36.0    34.9    36.1    34.6    33.4    38.8    40.8    40.2    39.4    40.6    43.5    46.5    51.0    60.7    77.9    98.3   121.9   140.1 -9999.0 -9999.0 -9999.0 -9999.0 -9999.0 -9999.0 -9999.0 -9999.0 -9999.0 -9999.0 -9999.0 -9999.0 -9999.0 -9999.0 -9999.0 -9999.0 -9999.0 -9999.0 -9999.0 -9999.0 -9999.0 -9999.0 -9999.0 -9999.0 -9999.0 -9999.0 -9999.0 -9999.0 -9999.0
 -9999.0 -9999.0 -9999.0 -9999.0 -9999.0 -9999.0 -9999.0 -9999.0 -9999.0 -9999.0 -9999.0     0.6     0.5     0.2     0.2     0.5     0.1     0.2     0.2     0.6     0.6     0.6     0.4     0.6     0.8     0.2     0.4     0.7     0.9     0.9     1.5     3.5     1.2     2.9     2.9     4.6     3.9     7.5    10.5    15.0    21.3    31.3    43.1    50.8    63.3    76.5    88.7    99.5   107.3   108.6   113.3   121.9   128.2   149.2   168.8   181.4   185.1   164.0   165.0   144.3   135.6   133.4   119.5   120.9    93.4    89.9   177.8   200.2   192.2   193.4   202.8   200.4   180.9   145.0   124.0   103.3    78.2    58.6    45.5    35.0    30.6    32.1    35.3    39.0    36.6    33.1    35.9    37.9    38.8    36.3    34.2    36.1    40.1    43.0    46.0    57.4    84.2   118.0   143.9   143.4 -9999.0 -9999.0 -9999.0 -9999.0 -9999.0 -9999.0 -9999.0 -9999.0 -9999.0 -9999.0 -9999.0 -9999.0 -9999.0 -9999.0 -9999.0 -9999.0 -9999.0 -9999.0 -9999.0 -9999.0 -9999.0 -9999.0 -9999.0 -9999.0 -9999.0 -9999.0 -9999.0 -9999.0
 -9999.0 -9999.0 -9999.0 -9999.0 -9999.0 -9999.0 -9999.0 -9999.0 -9999.0 -9999.0 -9999.0     0.3     0.2     0.7     0.5     0.0     0.0     0.4     0.4     0.1     0.5     0.2     0.2     0.3     0.7     1.0     1.0     1.2     1.4     2.7     3.6     3.5     1.7     5.5     5.9     5.4     7.8     8.3    11.3    17.9    24.1    33.6    43.4    53.9    65.8    79.3    93.7   106.0   115.4   119.5   122.1   133.2   147.6   170.4   189.2   195.7   189.4   179.7   158.7   159.6   154.9   152.4   112.9    88.9    81.1   141.9   142.4   246.8   244.4   218.8   210.8   211.0   201.2   194.9   179.4   134.5    92.9    84.0    62.9    42.4    38.0    38.7    42.1    44.4    38.7    37.7    40.7    44.1    44.9    41.9    38.2    41.0    48.8    55.7    57.9    64.8    88.1   118.4   142.9   140.6   101.3 -9999.0 -9999.0 -9999.0 -9999.0 -9999.0 -9999.0 -9999.0 -9999.0 -9999.0 -9999.0 -9999.0 -9999.0 -9999.0 -9999.0 -9999.0 -9999.0 -9999.0 -9999.0 -9999.0 -9999.0 -9999.0 -9999.0 -9999.0 -9999.0 -9999.0 -9999.0 -9999.0
 -9999.0 -9999.0 -9999.0 -9999.0 -9999.0 -9999.0 -9999.0 -9999.0 -9999.0 -9999.0 -9999.0 -9999.0     0.8     0.2     0.6     0.3     0.3     0.0     0.1     0.1     0.0     0.0     0.1     0.1     0.2     0.1     0.3     0.1     1.5     2.3     3.7     1.4     5.9     9.0     9.1     8.2     9.8    11.9    17.0    20.0    30.1    44.6    50.5    63.9    70.2    79.6    88.9    97.8   108.0   114.4   121.2   132.5   154.1   172.1   189.6   196.7   189.0   178.6   170.4   150.3   145.6   140.2   162.3    91.5    89.3   257.2   276.9   247.3   211.4   203.7   203.0   210.7   214.6   210.0   217.3   175.0   176.1   110.9   101.4    75.2    56.3    56.0    51.3    56.4    63.0    64.3    68.4   102.2    56.6    52.9    48.7    53.3    66.2    82.0    91.7    95.8   102.3   115.3   131.3   126.1    84.8 -9999.0 -9999.0 -9999.0 -9999.0 -9999.0 -9999.0 -9999.0 -9999.0 -9999.0 -9999.0 -9999.0 -9999.0 -9999.0 -9999.0 -9999.0 -9999.0 -9999.0 -9999.0 -9999.0 -9999.0 -9999.0 -9999.0 -9999.0 -9999.0 -9999.0 -9999.0 -9999.0
 -9999.0 -9999.0 -9999.0 -9999.0 -9999.0 -9999.0 -9999.0 -9999.0 -9999.0 -9999.0 -9999.0 -9999.0     0.3     0.0     0.0     0.2     0.1     0.2     0.0     0.0     0.0     0.0     0.0     0.0     0.2     0.2     0.4     0.8     0.6     3.8     1.4     3.4     3.9     8.9     8.6     5.1     8.3    17.6    22.4    31.9    42.3    46.8    57.9    68.9    75.6    74.8    75.4    73.9    81.3    87.8    94.1   118.5   138.3   159.3   179.0   186.5   168.1   160.5   167.2   183.3   173.8   202.8   161.3    82.1   214.8   248.9   243.6   201.3   179.9   165.8   182.7   199.6   208.4   188.4   188.4   165.9   157.2   147.1   142.5   109.1    83.6    74.2    68.3    68.5    82.2    97.0   102.9   175.9   112.0    63.4    54.0    60.8    73.3    88.3   102.9   111.8   112.0   118.2   131.0   122.8    75.1    26.3     2.5 -9999.0 -9999.0 -9999.0 -9999.0 -9999.0 -9999.0 -9999.0 -9999.0 -9999.0 -9999.0 -9999.0 -9999.0 -9999.0 -9999.0 -9999.0 -9999.0 -9999.0 -9999.0 -9999.0 -9999.0 -9999.0 -9999.0 -9999.0 -9999.0 -9999.0
 -9999.0 -9999.0 -9999.0 -9999.0 -9999.0 -9999.0 -9999.0 -9999.0 -9999.0 -9999.0 -9999.0 -9999.0 -9999.0     0.9     0.0     0.2     0.0     0.2     0.1     0.0     0.0     0.0     0.0     0.0     0.3     0.2     0.2     0.9     1.0     0.1     0.5     1.3     5.7     7.0     5.2     7.2    15.2    22.3    25.9    26.8    48.3    60.9    71.9    75.7    70.2    65.8    57.9    44.4    45.0    49.9    69.1    72.3   111.0   141.1   161.4   165.4   149.1   151.5   170.3   158.5   187.9   147.9   107.6   197.8   220.4   216.8   188.0   167.8   157.5   168.1   182.0   194.5   199.8   195.2   186.7   184.4   186.6   163.7   137.9   124.7    99.1    80.8    75.2    81.6   100.6   120.6   122.3   104.2    87.8    53.2    49.4    55.9    65.9    73.6    85.4   102.0   119.4   150.2   179.8   158.5    86.3    25.9     1.5 -9999.0 -9999.0 -9999.0 -9999.0 -9999.0 -9999.0 -9999.0 -9999.0 -9999.0 -9999.0 -9999.0 -9999.0 -9999.0 -9999.0 -9999.0 -9999.0 -9999.0 -9999.0 -9999.0 -9999.0 -9999.0 -9999.0 -9999.0 -9999.0 -9999.0
 -9999.0 -9999.0 -9999.0 -9999.0 -9999.0 -9999.0 -9999.0 -9999.0 -9999.0 -9999.0 -9999.0 -9999.0 -9999.0 -9999.0     5.5     0.2     0.2     0.1     0.1     0.2     0.0     0.0     0.1     0.0     0.0     0.1     0.0     0.1     0.0     0.8     0.7     2.4     1.0     2.8     7.2     5.2     7.9    28.3    32.1    39.7    45.1    56.8    69.4    75.2    79.0    69.9    43.0    29.0    25.8    16.8    30.4    71.9    77.6   105.4    97.2   133.0   139.0   119.2   172.8   192.6   177.0   124.1   174.4   205.2   224.7   221.7   205.4   199.8   194.7   186.6   196.0   197.0   185.2   186.0   175.4   185.3   181.8   191.8   152.1   115.2    96.5    85.3    86.6    99.8   121.6   136.9   129.0   110.4    72.1    52.4    50.2    59.4    67.2    74.8    79.4    92.4   127.4   194.0   256.6   222.0   121.0    36.3     1.8 -9999.0 -9999.0 -9999.0 -9999.0 -9999.0 -9999.0 -9999.0 -9999.0 -9999.0 -9999.0 -9999.0 -9999.0 -9999.0 -9999.0 -9999.0 -9999.0 -9999.0 -9999.0 -9999.0 -9999.0 -9999.0 -9999.0 -9999.0 -9999.0 -9999.0
 -9999.0 -9999.0 -9999.0 -9999.0 -9999.0 -9999.0 -9999.0 -9999.0 -9999.0 -9999.0 -9999.0 -9999.0 -9999.0 -9999.0 -9999.0 -9999.0 -9999.0    12.8     4.0     4.5     1.7     0.0     0.4     0.4     0.0     0.1     0.0     0.1     0.6     0.2     1.1     6.4     0.8    11.6    19.1    12.0     9.1    28.1    27.9    35.3    44.3    52.3    63.6    69.9   132.9    76.7   174.2    29.5    13.2    14.1    12.2    24.4    35.3    79.8   103.5   119.1   112.5   150.1   165.9   189.2   146.7   131.8   172.6   211.6   217.8   218.9   232.3   235.6   238.2   224.2   227.8   170.1   168.4   165.5   165.6   173.4   161.4   152.7   138.8   101.2    90.7    87.9    94.2   109.2   134.8   145.2   132.2   101.2    76.5    60.7    67.6    75.9    78.5    84.3    89.5   106.7   126.5   205.1   275.9   258.1   151.2    45.0     2.0 -9999.0 -9999.0 -9999.0 -9999.0 -9999.0 -9999.0 -9999.0 -9999.0 -9999.0 -9999.0 -9999.0 -9999.0 -9999.0 -9999.0 -9999.0 -9999.0 -9999.0 -9999.0 -9999.0 -9999.0 -9999.0 -9999.0 -9999.0 -9999.0 -9999.0
 -9999.0 -9999.0 -9999.0 -9999.0 -9999.0 -9999.0 -9999.0 -9999.0 -9999.0 -9999.0 -9999.0 -9999.0 -9999.0 -9999.0 -9999.0 -9999.0 -9999.0 -9999.0 -9999.0 -9999.0    18.3     0.8     0.2     0.0     0.1     1.9     1.4     1.2     0.8     3.8     3.3    19.0    16.4    14.1    18.3    12.3    15.3    18.1    20.7    26.3    35.1    46.0    53.6    58.5   133.7    54.0   226.4    33.1    23.0    71.2    11.1    44.2    56.4    41.4    72.2   107.1   124.5   128.3   172.4   177.5   150.1   151.0   151.8   173.9   194.5   207.3   235.5   247.3   259.4   233.5   196.2   151.8   144.2   140.8   139.3   135.5   125.1   107.1   107.7   101.6    91.5    90.3    95.5   106.6   153.3   127.1   114.5    96.0    76.5    64.4    76.4    79.5   111.2   136.4   107.0   114.3   143.3   204.1   250.5   214.0   124.4    35.5 -9999.0 -9999.0 -9999.0 -9999.0 -9999.0 -9999.0 -9999.0 -9999.0 -9999.0 -9999.0 -9999.0 -9999.0 -9999.0 -9999.0 -9999.0 -9999.0 -9999.0 -9999.0 -9999.0 -9999.0 -9999.0 -9999.0 -9999.0 -9999.0 -9999.0 -9999.0
 -9999.0 -9999.0 -9999.0 -9999.0 -9999.0 -9999.0 -9999.0 -9999.0 -9999.0 -9999.0 -9999.0 -9999.0 -9999.0 -9999.0 -9999.0 -9999.0 -9999.0 -9999.0 -9999.0 -9999.0 -9999.0 -9999.0     0.1    22.9     2.3     3.5     3.6     2.1     0.4     3.2     3.2     4.6     2.0     8.3     8.4    11.4    13.1    15.3    19.4    25.4    31.1    40.9    46.4    63.3   130.0   256.7   115.9    61.3    57.5    42.9    10.3    26.3    18.6    36.8    45.9    50.4   103.3   134.6   137.2   160.8   198.4   199.1   182.2   145.3   142.8   157.5   184.6   198.5   167.4   182.9   142.4   124.3   116.5   133.5   136.5   125.1   128.5   119.4   111.3   113.8   107.1   101.2    99.1   107.3   118.7   186.5   111.4   114.2    90.5    77.3    90.5   109.5   100.3   133.2   142.8   161.1   186.9   224.1   179.0   132.4    67.2 -9999.0 -9999.0 -9999.0 -9999.0 -9999.0 -9999.0 -9999.0 -9999.0 -9999.0 -9999.0 -9999.0 -9999.0 -9999.0 -9999.0 -9999.0 -9999.0 -9999.0 -9999.0 -9999.0 -9999.0 -9999.0 -9999.0 -9999.0 -9999.0 -9999.0 -9999.0 -9999.0
 -9999.0 -9999.0 -9999.0 -9999.0 -9999.0 -9999.0 -9999.0 -9999.0 -9999.0 -9999.0 -9999.0 -9999.0 -9999.0 -9999.0 -9999.0 -9999.0 -9999.0 -9999.0 -9999.0 -9999.0 -9999.0 -9999.0 -9999.0 -9999.0    90.0    76.7    25.4     0.1     0.3     0.1     1.8    13.3    19.8    15.8    21.3    15.6    16.3    18.2    23.0    22.9    33.7    34.7    96.3   108.1   214.4   250.7   199.4   236.2    27.0    36.8    23.6    20.0    36.4    44.2    36.9    54.9    90.2   105.0   131.4   141.0   162.9   182.8   165.1   131.9   121.8   109.5    99.9    88.3   100.9   116.8   120.1   105.7   105.4   137.4   162.8   136.6   116.3   131.5   176.4   142.4   137.3   131.1   113.4   108.6   122.7   124.6   141.6   143.9   135.8   119.3   109.4   103.0   114.1   201.3   191.8   257.7   224.1   213.4   136.7    75.2    25.8 -9999.0 -9999.0 -9999.0 -9999.0 -9999.0 -9999.0 -9999.0 -9999.0 -9999.0 -9999.0 -9999.0 -9999.0 -9999.0 -9999.0 -9999.0 -9999.0 -9999.0 -9999.0 -9999.0 -9999.0 -9999.0 -9999.0 -9999.0 -9999.0 -9999.0 -9999.0 -9999.0
 -9999.0 -9999.0 -9999.0 -9999.0 -9999.0 -9999.0 -9999.0 -9999.0 -9999.0 -9999.0 -9999.0 -9999.0 -9999.0 -9999.0 -9999.0 -9999.0 -9999.0 -9999.0 -9999.0 -9999.0 -9999.0 -9999.0 -9999.0 -9999.0 -9999.0   114.6   102.8   117.8   118.8    44.0    40.6    43.8    12.1    53.3    30.4    63.7    27.8    24.9    28.5    25.9    33.7    42.2   114.7   195.3   221.3   240.2   243.3   233.0   213.4    96.9   127.3   102.8    30.8    36.5    46.4    69.2    96.4   124.6   118.2   133.5   212.0   146.9   158.8   130.8    93.5    79.0    67.2    61.2    78.3    98.7   104.3   108.7   115.6   138.1   146.9   129.1   163.9   166.9   132.0   131.1   149.8   136.0   120.6   120.6   123.6   145.9   174.4   200.5   188.3   171.0   168.1   205.0   149.7   164.3   289.5   321.9   275.5   189.0   119.1    50.8 -9999.0 -9999.0 -9999.0 -9999.0 -9999.0 -9999.0 -9999.0 -9999.0 -9999.0 -9999.0 -9999.0 -9999.0 -9999.0 -9999.0 -9999.0 -9999.0 -9999.0 -9999.0 -9999.0 -9999.0 -9999.0 -9999.0 -9999.0 -9999.0 -9999.0 -9999.0 -9999.0 -9999.0
 -9999.0 -9999.0 -9999.0 -9999.0 -9999.0 -9999.0 -9999.0 -9999.0 -9999.0 -9999.0 -9999.0 -9999.0 -9999.0 -9999.0 -9999.0 -9999.0 -9999.0 -9999.0 -9999.0 -9999.0 -9999.0 -9999.0 -9999.0 -9999.0 -9999.0 -9999.0 -9999.0   145.8   148.9   126.2   146.1   134.3   126.6    97.4    54.6    50.3 -9999.0    58.8    67.5    41.3    65.5   103.7   108.8   197.8   220.3   228.8   229.1 -9999.0 -9999.0   164.0   159.4   136.0    63.1    54.8    67.7    99.8   126.9   173.9   145.1   170.8   155.0   120.4   126.4   103.1    85.0    71.5    66.0    68.8    74.2    83.1    96.1   109.7   119.0   124.3   139.5   122.0   168.3   151.4   124.2   106.9   106.6   101.0   100.8   106.6   122.6   144.4   167.6   189.5   202.5   196.2   189.8   186.0   166.0   190.1   307.6   310.8   252.3   184.4   106.0    37.8 -9999.0 -9999.0 -9999.0 -9999.0 -9999.0 -9999.0 -9999.0 -9999.0 -9999.0 -9999.0 -9999.0 -9999.0 -9999.0 -9999.0 -9999.0 -9999.0 -9999.0 -9999.0 -9999.0 -9999.0 -9999.0 -9999.0 -9999.0 -9999.0 -9999.0 -9999.0 -9999.0 -9999.0
 -9999.0 -9999.0 -9999.0 -9999.0 -9999.0 -9999.0 -9999.0 -9999.0 -9999.0 -9999.0 -9999.0 -9999.0 -9999.0 -9999.0 -9999.0 -9999.0 -9999.0 -9999.0 -9999.0 -9999.0 -9999.0 -9999.0 -9999.0 -9999.0 -9999.0 -9999.0 -9999.0 -9999.0 -9999.0 -9999.0 -9999.0 -9999.0 -9999.0   141.9   134.1 -9999.0 -9999.0 -9999.0 -9999.0   136.3   146.1   161.1   177.8   193.5   206.4 -9999.0 -9999.0 -9999.0 -9999.0 -9999.0 -9999.0 -9999.0    85.0    80.7    85.6   118.5   159.6   176.7   183.1   176.6   151.3   107.4    87.0    81.1    72.5    80.1    93.1    88.6    75.5    84.8   101.4   114.4   119.8   129.7   126.8   125.2   133.6   122.9   115.8    77.9    76.5    72.1    76.3    92.9   105.3   123.6   136.5   159.1   183.5   196.3   197.6   197.8   203.5   281.7   349.5   269.7   227.8   166.5    89.5 -9999.0 -9999.0 -9999.0 -9999.0 -9999.0 -9999.0 -9999.0 -9999.0 -9999.0 -9999.0 -9999.0 -9999.0 -9999.0 -9999.0 -9999.0 -9999.0 -9999.0 -9999.0 -9999.0 -9999.0 -9999.0 -9999.0 -9999.0 -9999.0 -9999.0 -9999.0 -9999.0 -9999.0 -9999.0
 -9999.0 -9999.0 -9999.0 -9999.0 -9999.0 -9999.0 -9999.0 -9999.0 -9999.0 -9999.0 -9999.0 -9999.0 -9999.0 -9999.0 -9999.0 -9999.0 -9999.0 -9999.0 -9999.0 -9999.0 -9999.0 -9999.0 -9999.0 -9999.0 -9999.0 -9999.0 -9999.0 -9999.0 -9999.0 -9999.0 -9999.0 -9999.0 -9999.0 -9999.0 -9999.0 -9999.0 -9999.0 -9999.0 -9999.0   137.8   146.3   156.6   168.7   183.2 -9999.0 -9999.0 -9999.0 -9999.0 -9999.0 -9999.0 -9999.0 -9999.0   121.2   114.9   113.1   128.1   136.5   131.6   128.8   123.7   119.4    97.0   106.2    76.5    89.7   129.7   152.6   120.7    90.6    91.9   113.3   129.9   143.9   147.4   146.8   120.1   108.0    86.0    71.4    69.3    75.5    76.6    76.7    87.2    96.0   106.2   116.9   143.5   177.3   202.1   218.6   235.6   256.7   320.0   325.5   251.0   206.2   140.6 -9999.0 -9999.0 -9999.0 -9999.0 -9999.0 -9999.0 -9999.0 -9999.0 -9999.0 -9999.0 -9999.0 -9999.0 -9999.0 -9999.0 -9999.0 -9999.0 -9999.0 -9999.0 -9999.0 -9999.0 -9999.0 -9999.0 -9999.0 -9999.0 -9999.0 -9999.0 -9999.0 -9999.0 -9999.0 -9999.0
 -9999.0 -9999.0 -9999.0 -9999.0 -9999.0 -9999.0 -9999.0 -9999.0 -9999.0 -9999.0 -9999.0 -9999.0 -9999.0 -9999.0 -9999.0 -9999.0 -9999.0 -9999.0 -9999.0 -9999.0 -9999.0 -9999.0 -9999.0 -9999.0 -9999.0 -9999.0 -9999.0 -9999.0 -9999.0 -9999.0 -9999.0 -9999.0 -9999.0 -9999.0 -9999.0 -9999.0 -9999.0 -9999.0 -9999.0 -9999.0 -9999.0 -9999.0 -9999.0 -9999.0 -9999.0 -9999.0 -9999.0 -9999.0 -9999.0 -9999.0 -9999.0   172.4   173.7   155.1   121.4   129.1   116.2   112.2    91.6    97.1   104.8   101.7    88.0    96.6   125.9   186.9   188.1   105.4   112.0   114.9   141.3   153.2   157.4   162.9   149.0   118.3    99.9    72.2    74.9    84.4    92.1    99.0   121.1    99.1   104.4   110.6   128.5   162.8   201.1   231.6   221.8   260.1   291.3   305.1   299.0   236.5   177.9   111.2 -9999.0 -9999.0 -9999.0 -9999.0 -9999.0 -9999.0 -9999.0 -9999.0 -9999.0 -9999.0 -9999.0 -9999.0 -9999.0 -9999.0 -9999.0 -9999.0 -9999.0 -9999.0 -9999.0 -9999.0 -9999.0 -9999.0 -9999.0 -9999.0 -9999.0 -9999.0 -9999.0 -9999.0 -9999.0 -9999.0
 -9999.0 -9999.0 -9999.0 -9999.0 -9999.0 -9999.0 -9999.0 -9999.0 -9999.0 -9999.0 -9999.0 -9999.0 -9999.0 -9999.0 -9999.0 -9999.0 -9999.0 -9999.0 -9999.0 -9999.0 -9999.0 -9999.0 -9999.0 -9999.0 -9999.0 -9999.0 -9999.0 -9999.0 -9999.0 -9999.0 -9999.0 -9999.0 -9999.0 -9999.0 -9999.0 -9999.0 -9999.0 -9999.0 -9999.0 -9999.0 -9999.0 -9999.0 -9999.0 -9999.0 -9999.0 -9999.0 -9999.0 -9999.0 -9999.0 -9999.0   146.8   231.2   223.2   195.4   153.8   143.8   110.8    89.2    86.8   104.7    96.2   121.7   104.2   120.2   145.4   182.0   205.7   145.3   151.6   158.1   177.5   176.3   175.1   171.8   151.8   126.5   100.5   101.4    94.6   112.9   130.0   134.5   126.2   119.9   119.6   126.1   153.7   205.4   249.4   259.8   252.2   238.4   281.3   286.8   258.3   204.6   142.9 -9999.0 -9999.0 -9999.0 -9999.0 -9999.0 -9999.0 -9999.0 -9999.0 -9999.0 -9999.0 -9999.0 -9999.0 -9999.0 -9999.0 -9999.0 -9999.0 -9999.0 -9999.0 -9999.0 -9999.0 -9999.0 -9999.0 -9999.0 -9999.0 -9999.0 -9999.0 -9999.0 -9999.0 -9999.0 -9999.0 -9999.0
 -9999.0 -9999.0 -9999.0 -9999.0 -9999.0 -9999.0 -9999.0 -9999.0 -9999.0 -9999.0 -9999.0 -9999.0 -9999.0 -9999.0 -9999.0 -9999.0 -9999.0 -9999.0 -9999.0 -9999.0 -9999.0 -9999.0 -9999.0 -9999.0 -9999.0 -9999.0 -9999.0 -9999.0 -9999.0 -9999.0 -9999.0 -9999.0 -9999.0 -9999.0 -9999.0 -9999.0 -9999.0 -9999.0 -9999.0 -9999.0 -9999.0 -9999.0 -9999.0 -9999.0 -9999.0 -9999.0 -9999.0 -9999.0 -9999.0 -9999.0   138.1   261.5   187.9   205.3   180.7   151.1   111.6   143.6   134.4   105.5    79.7    91.6    79.5   105.3   126.6   116.7   145.4   146.8   175.0   203.9   222.3   220.4   212.3   196.6   162.6   130.6   125.3   137.7   148.7   153.4   164.6   154.4   139.5   128.7   133.4   139.4   166.8   217.5   266.1   281.4   250.4   231.6   231.7   229.7   204.7   158.3   103.0 -9999.0 -9999.0 -9999.0 -9999.0 -9999.0 -9999.0 -9999.0 -9999.0 -9999.0 -9999.0 -9999.0 -9999.0 -9999.0 -9999.0 -9999.0 -9999.0 -9999.0 -9999.0 -9999.0 -9999.0 -9999.0 -9999.0 -9999.0 -9999.0 -9999.0 -9999.0 -9999.0 -9999.0 -9999.0 -9999.0 -9999.0
 -9999.0 -9999.0 -9999.0 -9999.0 -9999.0 -9999.0 -9999.0 -9999.0 -9999.0 -9999.0 -9999.0 -9999.0 -9999.0 -9999.0 -9999.0 -9999.0 -9999.0 -9999.0 -9999.0 -9999.0 -9999.0 -9999.0 -9999.0 -9999.0 -9999.0 -9999.0 -9999.0 -9999.0 -9999.0 -9999.0 -9999.0 -9999.0 -9999.0 -9999.0 -9999.0 -9999.0 -9999.0 -9999.0 -9999.0 -9999.0 -9999.0 -9999.0 -9999.0 -9999.0 -9999.0 -9999.0 -9999.0 -9999.0 -9999.0 -9999.0   111.6   163.1   133.5   217.7   133.5   138.9   201.0   176.0   176.7    81.6    88.8    96.9    88.4    76.7   104.1   109.9   126.1   159.2   196.6   228.1   251.0   253.8   261.8   242.2   206.0   168.7   157.9   170.3   179.8   183.5   173.8   161.6   133.7   129.5   141.5   137.2   143.3   182.2   234.6   252.0   226.0   187.4   173.9   165.3   143.3   106.3 -9999.0 -9999.0 -9999.0 -9999.0 -9999.0 -9999.0 -9999.0 -9999.0 -9999.0 -9999.0 -9999.0 -9999.0 -9999.0 -9999.0 -9999.0 -9999.0 -9999.0 -9999.0 -9999.0 -9999.0 -9999.0 -9999.0 -9999.0 -9999.0 -9999.0 -9999.0 -9999.0 -9999.0 -9999.0 -9999.0 -9999.0 -9999.0
 -9999.0 -9999.0 -9999.0 -9999.0 -9999.0 -9999.0 -9999.0 -9999.0 -9999.0 -9999.0 -9999.0 -9999.0 -9999.0 -9999.0 -9999.0 -9999.0 -9999.0 -9999.0 -9999.0 -9999.0 -9999.0 -9999.0 -9999.0 -9999.0 -9999.0 -9999.0 -9999.0 -9999.0 -9999.0 -9999.0 -9999.0 -9999.0 -9999.0 -9999.0 -9999.0 -9999.0 -9999.0 -9999.0 -9999.0 -9999.0 -9999.0 -9999.0 -9999.0 -9999.0 -9999.0 -9999.0 -9999.0 -9999.0 -9999.0 -9999.0   161.6   204.7   165.0   163.3   148.0   190.3   137.7   199.8   183.4    87.3   103.6    83.6    46.0    85.1   116.9   131.0   153.8   177.9   208.3   215.6   235.6   255.0   279.7   279.5   260.6   225.1   195.1   182.8   175.9   169.1   165.6   162.7   139.9   141.4   142.1   133.5   134.3   138.7   187.5   208.8   180.5   144.5   124.4   109.1 -9999.0 -9999.0 -9999.0 -9999.0 -9999.0 -9999.0 -9999.0 -9999.0 -9999.0 -9999.0 -9999.0 -9999.0 -9999.0 -9999.0 -9999.0 -9999.0 -9999.0 -9999.0 -9999.0 -9999.0 -9999.0 -9999.0 -9999.0 -9999.0 -9999.0 -9999.0 -9999.0 -9999.0 -9999.0 -9999.0 -9999.0 -9999.0 -9999.0 -9999.0
 -9999.0 -9999.0 -9999.0 -9999.0 -9999.0 -9999.0 -9999.0 -9999.0 -9999.0 -9999.0 -9999.0 -9999.0 -9999.0 -9999.0 -9999.0 -9999.0 -9999.0 -9999.0 -9999.0 -9999.0 -9999.0 -9999.0 -9999.0 -9999.0 -9999.0 -9999.0 -9999.0 -9999.0 -9999.0 -9999.0 -9999.0 -9999.0 -9999.0 -9999.0 -9999.0 -9999.0 -9999.0 -9999.0 -9999.0 -9999.0 -9999.0 -9999.0 -9999.0 -9999.0 -9999.0 -9999.0 -9999.0 -9999.0 -9999.0 -9999.0   215.9   111.0   173.3   138.4   129.2   136.0   176.4   222.8   145.3   127.1   245.6    68.4   160.3   132.4   160.5   179.3   200.8   200.1   207.9   199.4   187.2   197.5   235.9   271.3   283.7   261.3   220.1   178.1   153.4   147.8   157.3   158.0   150.7   142.3   140.4   127.8   105.2   120.7   121.0   140.7   129.7   104.8    83.4 -9999.0 -9999.0 -9999.0 -9999.0 -9999.0 -9999.0 -9999.0 -9999.0 -9999.0 -9999.0 -9999.0 -9999.0 -9999.0 -9999.0 -9999.0 -9999.0 -9999.0 -9999.0 -9999.0 -9999.0 -9999.0 -9999.0 -9999.0 -9999.0 -9999.0 -9999.0 -9999.0 -9999.0 -9999.0 -9999.0 -9999.0 -9999.0 -9999.0 -9999.0 -9999.0
 -9999.0 -9999.0 -9999.0 -9999.0 -9999.0 -9999.0 -9999.0 -9999.0 -9999.0 -9999.0 -9999.0 -9999.0 -9999.0 -9999.0 -9999.0 -9999.0 -9999.0 -9999.0 -9999.0 -9999.0 -9999.0 -9999.0 -9999.0 -9999.0 -9999.0 -9999.0 -9999.0 -9999.0 -9999.0 -9999.0 -9999.0 -9999.0 -9999.0 -9999.0 -9999.0 -9999.0 -9999.0 -9999.0 -9999.0 -9999.0 -9999.0 -9999.0 -9999.0 -9999.0 -9999.0 -9999.0 -9999.0 -9999.0 -9999.0 -9999.0 -9999.0 -9999.0 -9999.0   145.3   130.5   208.0   166.7   180.1   230.5   305.6   203.3   143.3   237.7   205.3   238.9   251.6   226.0   237.5   186.8   159.8   140.0   156.0   203.7   257.5   285.3   269.0   216.4   177.4   151.9   153.9   168.7   171.2   152.1   135.1   124.5   104.3    77.0    65.2    73.7    83.8    80.1    65.6 -9999.0 -9999.0 -9999.0 -9999.0 -9999.0 -9999.0 -9999.0 -9999.0 -9999.0 -9999.0 -9999.0 -9999.0 -9999.0 -9999.0 -9999.0 -9999.0 -9999.0 -9999.0 -9999.0 -9999.0 -9999.0 -9999.0 -9999.0 -9999.0 -9999.0 -9999.0 -9999.0 -9999.0 -9999.0 -9999.0 -9999.0 -9999.0 -9999.0 -9999.0 -9999.0 -9999.0
 -9999.0 -9999.0 -9999.0 -9999.0 -9999.0 -9999.0 -9999.0 -9999.0 -9999.0 -9999.0 -9999.0 -9999.0 -9999.0 -9999.0 -9999.0 -9999.0 -9999.0 -9999.0 -9999.0 -9999.0 -9999.0 -9999.0 -9999.0 -9999.0 -9999.0 -9999.0 -9999.0 -9999.0 -9999.0 -9999.0 -9999.0 -9999.0 -9999.0 -9999.0 -9999.0 -9999.0 -9999.0 -9999.0 -9999.0 -9999.0 -9999.0 -9999.0 -9999.0 -9999.0 -9999.0 -9999.0 -9999.0 -9999.0 -9999.0 -9999.0 -9999.0 -9999.0 -9999.0   148.5   115.3   163.7   170.4   192.6   256.7   284.1   330.3   299.4   356.4   365.8   303.0   297.2 -9999.0   242.9   200.7   147.0   137.3   168.5   225.9   277.6   288.1   261.2   203.9   183.1   255.0   217.7   223.4   202.9   175.8   131.1   110.4    87.0    62.8    48.7    46.4    47.4 -9999.0 -9999.0 -9999.0 -9999.0 -9999.0 -9999.0 -9999.0 -9999.0 -9999.0 -9999.0 -9999.0 -9999.0 -9999.0 -9999.0 -9999.0 -9999.0 -9999.0 -9999.0 -9999.0 -9999.0 -9999.0 -9999.0 -9999.0 -9999.0 -9999.0 -9999.0 -9999.0 -9999.0 -9999.0 -9999.0 -9999.0 -9999.0 -9999.0 -9999.0 -9999.0 -9999.0 -9999.0 -9999.0
 -9999.0 -9999.0 -9999.0 -9999.0 -9999.0 -9999.0 -9999.0 -9999.0 -9999.0 -9999.0 -9999.0 -9999.0 -9999.0 -9999.0 -9999.0 -9999.0 -9999.0 -9999.0 -9999.0 -9999.0 -9999.0 -9999.0 -9999.0 -9999.0 -9999.0 -9999.0 -9999.0 -9999.0 -9999.0 -9999.0 -9999.0 -9999.0 -9999.0 -9999.0 -9999.0 -9999.0 -9999.0 -9999.0 -9999.0 -9999.0 -9999.0 -9999.0 -9999.0 -9999.0 -9999.0 -9999.0 -9999.0 -9999.0 -9999.0 -9999.0 -9999.0 -9999.0 -9999.0   158.6   143.6   145.5   134.9   163.6   262.3   360.6   285.5   374.2   383.9 -9999.0 -9999.0 -9999.0 -9999.0 -9999.0   197.2   176.0   189.8   202.4   254.1   290.4   275.1   233.2   199.4   207.6   251.9   292.1   308.0   256.0   193.2   144.4   109.5    80.0 -9999.0 -9999.0 -9999.0 -9999.0 -9999.0 -9999.0 -9999.0 -9999.0 -9999.0 -9999.0 -9999.0 -9999.0 -9999.0 -9999.0 -9999.0 -9999.0 -9999.0 -9999.0 -9999.0 -9999.0 -9999.0 -9999.0 -9999.0 -9999.0 -9999.0 -9999.0 -9999.0 -9999.0 -9999.0 -9999.0 -9999.0 -9999.0 -9999.0 -9999.0 -9999.0 -9999.0 -9999.0 -9999.0 -9999.0 -9999.0 -9999.0 -9999.0
 -9999.0 -9999.0 -9999.0 -9999.0 -9999.0 -9999.0 -9999.0 -9999.0 -9999.0 -9999.0 -9999.0 -9999.0 -9999.0 -9999.0 -9999.0 -9999.0 -9999.0 -9999.0 -9999.0 -9999.0 -9999.0 -9999.0 -9999.0 -9999.0 -9999.0 -9999.0 -9999.0 -9999.0 -9999.0 -9999.0 -9999.0 -9999.0 -9999.0 -9999.0 -9999.0 -9999.0 -9999.0 -9999.0 -9999.0 -9999.0 -9999.0 -9999.0 -9999.0 -9999.0 -9999.0 -9999.0 -9999.0 -9999.0 -9999.0 -9999.0 -9999.0 -9999.0 -9999.0 -9999.0 -9999.0   129.6   192.3   183.2   217.4   306.4   337.8 -9999.0 -9999.0 -9999.0 -9999.0 -9999.0 -9999.0 -9999.0 -9999.0   197.4   203.4   219.2   255.2   268.8   254.2   231.7   224.3   249.6   304.5   350.1   353.0   304.6   233.5   169.4   120.3 -9999.0 -9999.0 -9999.0 -9999.0 -9999.0 -9999.0 -9999.0 -9999.0 -9999.0 -9999.0 -9999.0 -9999.0 -9999.0 -9999.0 -9999.0 -9999.0 -9999.0 -9999.0 -9999.0 -9999.0 -9999.0 -9999.0 -9999.0 -9999.0 -9999.0 -9999.0 -9999.0 -9999.0 -9999.0 -9999.0 -9999.0 -9999.0 -9999.0 -9999.0 -9999.0 -9999.0 -9999.0 -9999.0 -9999.0 -9999.0 -9999.0 -9999.0 -9999.0
 -9999.0 -9999.0 -9999.0 -9999.0 -9999.0 -9999.0 -9999.0 -9999.0 -9999.0 -9999.0 -9999.0 -9999.0 -9999.0 -9999.0 -9999.0 -9999.0 -9999.0 -9999.0 -9999.0 -9999.0 -9999.0 -9999.0 -9999.0 -9999.0 -9999.0 -9999.0 -9999.0 -9999.0 -9999.0 -9999.0 -9999.0 -9999.0 -9999.0 -9999.0 -9999.0 -9999.0 -9999.0 -9999.0 -9999.0 -9999.0 -9999.0 -9999.0 -9999.0 -9999.0 -9999.0 -9999.0 -9999.0 -9999.0 -9999.0 -9999.0 -9999.0 -9999.0 -9999.0 -9999.0 -9999.0 -9999.0    93.1   165.2   234.3   264.1   338.8 -9999.0 -9999.0 -9999.0 -9999.0 -9999.0 -9999.0 -9999.0 -9999.0 -9999.0 -9999.0 -9999.0   240.9   246.0   242.3   243.1   256.5   280.5   328.7 -9999.0 -9999.0 -9999.0 -9999.0 -9999.0 -9999.0 -9999.0 -9999.0 -9999.0 -9999.0 -9999.0 -9999.0 -9999.0 -9999.0 -9999.0 -9999.0 -9999.0 -9999.0 -9999.0 -9999.0 -9999.0 -9999.0 -9999.0 -9999.0 -9999.0 -9999.0 -9999.0 -9999.0 -9999.0 -9999.0 -9999.0 -9999.0 -9999.0 -9999.0 -9999.0 -9999.0 -9999.0 -9999.0 -9999.0 -9999.0 -9999.0 -9999.0 -9999.0 -9999.0 -9999.0 -9999.0 -9999.0 -9999.0 -9999.0
 -9999.0 -9999.0 -9999.0 -9999.0 -9999.0 -9999.0 -9999.0 -9999.0 -9999.0 -9999.0 -9999.0 -9999.0 -9999.0 -9999.0 -9999.0 -9999.0 -9999.0 -9999.0 -9999.0 -9999.0 -9999.0 -9999.0 -9999.0 -9999.0 -9999.0 -9999.0 -9999.0 -9999.0 -9999.0 -9999.0 -9999.0 -9999.0 -9999.0 -9999.0 -9999.0 -9999.0 -9999.0 -9999.0 -9999.0 -9999.0 -9999.0 -9999.0 -9999.0 -9999.0 -9999.0 -9999.0 -9999.0 -9999.0 -9999.0 -9999.0 -9999.0 -9999.0 -9999.0 -9999.0 -9999.0 -9999.0 -9999.0 -9999.0 -9999.0 -9999.0 -9999.0 -9999.0 -9999.0 -9999.0 -9999.0 -9999.0 -9999.0 -9999.0 -9999.0 -9999.0 -9999.0 -9999.0 -9999.0   228.6   236.6   249.0   264.7   290.9   331.0   366.4 -9999.0 -9999.0 -9999.0 -9999.0 -9999.0 -9999.0 -9999.0 -9999.0 -9999.0 -9999.0 -9999.0 -9999.0 -9999.0 -9999.0 -9999.0 -9999.0 -9999.0 -9999.0 -9999.0 -9999.0 -9999.0 -9999.0 -9999.0 -9999.0 -9999.0 -9999.0 -9999.0 -9999.0 -9999.0 -9999.0 -9999.0 -9999.0 -9999.0 -9999.0 -9999.0 -9999.0 -9999.0 -9999.0 -9999.0 -9999.0 -9999.0 -9999.0 -9999.0 -9999.0 -9999.0 -9999.0 -9999.0 -9999.0
 -9999.0 -9999.0 -9999.0 -9999.0 -9999.0 -9999.0 -9999.0 -9999.0 -9999.0 -9999.0 -9999.0 -9999.0 -9999.0 -9999.0 -9999.0 -9999.0 -9999.0 -9999.0 -9999.0 -9999.0 -9999.0 -9999.0 -9999.0 -9999.0 -9999.0 -9999.0 -9999.0 -9999.0 -9999.0 -9999.0 -9999.0 -9999.0 -9999.0 -9999.0 -9999.0 -9999.0 -9999.0 -9999.0 -9999.0 -9999.0 -9999.0 -9999.0 -9999.0 -9999.0 -9999.0 -9999.0 -9999.0 -9999.0 -9999.0 -9999.0 -9999.0 -9999.0 -9999.0 -9999.0 -9999.0 -9999.0 -9999.0 -9999.0 -9999.0 -9999.0 -9999.0 -9999.0 -9999.0 -9999.0 -9999.0 -9999.0 -9999.0 -9999.0 -9999.0 -9999.0 -9999.0 -9999.0   201.1   207.7   224.5   261.0   276.6   297.3   330.8   362.4 -9999.0 -9999.0 -9999.0 -9999.0 -9999.0 -9999.0 -9999.0 -9999.0 -9999.0 -9999.0 -9999.0 -9999.0 -9999.0 -9999.0 -9999.0 -9999.0 -9999.0 -9999.0 -9999.0 -9999.0 -9999.0 -9999.0 -9999.0 -9999.0 -9999.0 -9999.0 -9999.0 -9999.0 -9999.0 -9999.0 -9999.0 -9999.0 -9999.0 -9999.0 -9999.0 -9999.0 -9999.0 -9999.0 -9999.0 -9999.0 -9999.0 -9999.0 -9999.0 -9999.0 -9999.0 -9999.0 -9999.0 -9999.0
 -9999.0 -9999.0 -9999.0 -9999.0 -9999.0 -9999.0 -9999.0 -9999.0 -9999.0 -9999.0 -9999.0 -9999.0 -9999.0 -9999.0 -9999.0 -9999.0 -9999.0 -9999.0 -9999.0 -9999.0 -9999.0 -9999.0 -9999.0 -9999.0 -9999.0 -9999.0 -9999.0 -9999.0 -9999.0 -9999.0 -9999.0 -9999.0 -9999.0 -9999.0 -9999.0 -9999.0 -9999.0 -9999.0 -9999.0 -9999.0 -9999.0 -9999.0 -9999.0 -9999.0 -9999.0 -9999.0 -9999.0 -9999.0 -9999.0 -9999.0 -9999.0 -9999.0 -9999.0 -9999.0 -9999.0 -9999.0 -9999.0 -9999.0 -9999.0 -9999.0 -9999.0 -9999.0 -9999.0 -9999.0 -9999.0 -9999.0 -9999.0 -9999.0 -9999.0 -9999.0 -9999.0 -9999.0   176.8   181.6   254.0   272.2   325.3   314.9   345.9 -9999.0 -9999.0 -9999.0 -9999.0 -9999.0 -9999.0 -9999.0 -9999.0 -9999.0 -9999.0 -9999.0 -9999.0 -9999.0 -9999.0 -9999.0 -9999.0 -9999.0 -9999.0 -9999.0 -9999.0 -9999.0 -9999.0 -9999.0 -9999.0 -9999.0 -9999.0 -9999.0 -9999.0 -9999.0 -9999.0 -9999.0 -9999.0 -9999.0 -9999.0 -9999.0 -9999.0 -9999.0 -9999.0 -9999.0 -9999.0 -9999.0 -9999.0 -9999.0 -9999.0 -9999.0 -9999.0 -9999.0 -9999.0 -9999.0
 -9999.0 -9999.0 -9999.0 -9999.0 -9999.0 -9999.0 -9999.0 -9999.0 -9999.0 -9999.0 -9999.0 -9999.0 -9999.0 -9999.0 -9999.0 -9999.0 -9999.0 -9999.0 -9999.0 -9999.0 -9999.0 -9999.0 -9999.0 -9999.0 -9999.0 -9999.0 -9999.0 -9999.0 -9999.0 -9999.0 -9999.0 -9999.0 -9999.0 -9999.0 -9999.0 -9999.0 -9999.0 -9999.0 -9999.0 -9999.0 -9999.0 -9999.0 -9999.0 -9999.0 -9999.0 -9999.0 -9999.0 -9999.0 -9999.0 -9999.0 -9999.0 -9999.0 -9999.0 -9999.0 -9999.0 -9999.0 -9999.0 -9999.0 -9999.0 -9999.0 -9999.0 -9999.0 -9999.0 -9999.0 -9999.0 -9999.0 -9999.0 -9999.0 -9999.0 -9999.0 -9999.0 -9999.0   156.5   186.7   206.2   327.8   315.0   346.8   373.8 -9999.0 -9999.0 -9999.0 -9999.0 -9999.0 -9999.0 -9999.0 -9999.0 -9999.0 -9999.0 -9999.0 -9999.0 -9999.0 -9999.0 -9999.0 -9999.0 -9999.0 -9999.0 -9999.0 -9999.0 -9999.0 -9999.0 -9999.0 -9999.0 -9999.0 -9999.0 -9999.0 -9999.0 -9999.0 -9999.0 -9999.0 -9999.0 -9999.0 -9999.0 -9999.0 -9999.0 -9999.0 -9999.0 -9999.0 -9999.0 -9999.0 -9999.0 -9999.0 -9999.0 -9999.0 -9999.0 -9999.0 -9999.0 -9999.0
 -9999.0 -9999.0 -9999.0 -9999.0 -9999.0 -9999.0 -9999.0 -9999.0 -9999.0 -9999.0 -9999.0 -9999.0 -9999.0 -9999.0 -9999.0 -9999.0 -9999.0 -9999.0 -9999.0 -9999.0 -9999.0 -9999.0 -9999.0 -9999.0 -9999.0 -9999.0 -9999.0 -9999.0 -9999.0 -9999.0 -9999.0 -9999.0 -9999.0 -9999.0 -9999.0 -9999.0 -9999.0 -9999.0 -9999.0 -9999.0 -9999.0 -9999.0 -9999.0 -9999.0 -9999.0 -9999.0 -9999.0 -9999.0 -9999.0 -9999.0 -9999.0 -9999.0 -9999.0 -9999.0 -9999.0 -9999.0 -9999.0 -9999.0 -9999.0 -9999.0 -9999.0 -9999.0 -9999.0 -9999.0 -9999.0 -9999.0 -9999.0 -9999.0 -9999.0 -9999.0 -9999.0 -9999.0   151.4   160.7   195.2   259.4   326.8   375.1 -9999.0 -9999.0 -9999.0 -9999.0 -9999.0 -9999.0 -9999.0 -9999.0 -9999.0 -9999.0 -9999.0 -9999.0 -9999.0 -9999.0 -9999.0 -9999.0 -9999.0 -9999.0 -9999.0 -9999.0 -9999.0 -9999.0 -9999.0 -9999.0 -9999.0 -9999.0 -9999.0 -9999.0 -9999.0 -9999.0 -9999.0 -9999.0 -9999.0 -9999.0 -9999.0 -9999.0 -9999.0 -9999.0 -9999.0 -9999.0 -9999.0 -9999.0 -9999.0 -9999.0 -9999.0 -9999.0 -9999.0 -9999.0 -9999.0 -9999.0
