NCOLS      128
NROWS       72
XLLCORNER    72.000000000000    
YLLCORNER    18.000000000000    
CELLSIZE    0.50000000000000    
NODATA_VALUE   -9999.000    
 -9999.0 -9999.0 -9999.0 -9999.0 -9999.0 -9999.0 -9999.0 -9999.0 -9999.0 -9999.0 -9999.0 -9999.0 -9999.0 -9999.0 -9999.0 -9999.0 -9999.0 -9999.0 -9999.0 -9999.0 -9999.0 -9999.0 -9999.0 -9999.0 -9999.0 -9999.0 -9999.0 -9999.0 -9999.0 -9999.0 -9999.0 -9999.0 -9999.0 -9999.0 -9999.0 -9999.0 -9999.0 -9999.0 -9999.0 -9999.0 -9999.0 -9999.0 -9999.0 -9999.0 -9999.0 -9999.0 -9999.0 -9999.0 -9999.0 -9999.0 -9999.0 -9999.0 -9999.0 -9999.0 -9999.0 -9999.0 -9999.0 -9999.0 -9999.0 -9999.0 -9999.0 -9999.0 -9999.0 -9999.0 -9999.0 -9999.0 -9999.0 -9999.0 -9999.0 -9999.0 -9999.0 -9999.0 -9999.0 -9999.0 -9999.0 -9999.0 -9999.0 -9999.0 -9999.0 -9999.0 -9999.0 -9999.0 -9999.0 -9999.0 -9999.0 -9999.0 -9999.0 -9999.0 -9999.0 -9999.0 -9999.0 -9999.0 -9999.0 -9999.0 -9999.0 -9999.0 -9999.0     6.9     6.3     5.6     6.2     5.5     5.2     4.4     3.9 -9999.0 -9999.0 -9999.0 -9999.0 -9999.0 -9999.0 -9999.0 -9999.0 -9999.0 -9999.0 -9999.0 -9999.0 -9999.0 -9999.0 -9999.0 -9999.0 -9999.0 -9999.0 -9999.0 -9999.0 -9999.0 -9999.0 -9999.0
 -9999.0 -9999.0 -9999.0 -9999.0 -9999.0 -9999.0 -9999.0 -9999.0 -9999.0 -9999.0 -9999.0 -9999.0 -9999.0 -9999.0 -9999.0 -9999.0 -9999.0 -9999.0 -9999.0 -9999.0 -9999.0 -9999.0 -9999.0 -9999.0 -9999.0 -9999.0 -9999.0 -9999.0 -9999.0 -9999.0 -9999.0 -9999.0 -9999.0 -9999.0 -9999.0 -9999.0 -9999.0 -9999.0 -9999.0 -9999.0 -9999.0 -9999.0 -9999.0 -9999.0 -9999.0 -9999.0 -9999.0 -9999.0 -9999.0 -9999.0 -9999.0 -9999.0 -9999.0 -9999.0 -9999.0 -9999.0 -9999.0 -9999.0 -9999.0 -9999.0 -9999.0 -9999.0 -9999.0 -9999.0 -9999.0 -9999.0 -9999.0 -9999.0 -9999.0 -9999.0 -9999.0 -9999.0 -9999.0 -9999.0 -9999.0 -9999.0 -9999.0 -9999.0 -9999.0 -9999.0 -9999.0 -9999.0 -9999.0 -9999.0 -9999.0 -9999.0 -9999.0 -9999.0 -9999.0 -9999.0 -9999.0 -9999.0 -9999.0 -9999.0 -9999.0 -9999.0     8.5     8.7    10.9     9.9    11.8    11.7    10.1     7.8     5.6     3.5     2.9     3.4     4.4 -9999.0 -9999.0 -9999.0 -9999.0 -9999.0 -9999.0 -9999.0 -9999.0 -9999.0 -9999.0 -9999.0 -9999.0 -9999.0 -9999.0 -9999.0 -9999.0 -9999.0 -9999.0 -9999.0
 -9999.0 -9999.0 -9999.0 -9999.0 -9999.0 -9999.0 -9999.0 -9999.0 -9999.0 -9999.0 -9999.0 -9999.0 -9999.0 -9999.0 -9999.0 -9999.0 -9999.0 -9999.0 -9999.0 -9999.0 -9999.0 -9999.0 -9999.0 -9999.0 -9999.0 -9999.0 -9999.0 -9999.0 -9999.0 -9999.0 -9999.0 -9999.0 -9999.0 -9999.0 -9999.0 -9999.0 -9999.0 -9999.0 -9999.0 -9999.0 -9999.0 -9999.0 -9999.0 -9999.0 -9999.0 -9999.0 -9999.0 -9999.0 -9999.0 -9999.0 -9999.0 -9999.0 -9999.0 -9999.0 -9999.0 -9999.0 -9999.0 -9999.0 -9999.0 -9999.0 -9999.0 -9999.0 -9999.0 -9999.0 -9999.0 -9999.0 -9999.0 -9999.0 -9999.0 -9999.0 -9999.0 -9999.0 -9999.0 -9999.0 -9999.0 -9999.0 -9999.0 -9999.0 -9999.0 -9999.0 -9999.0 -9999.0 -9999.0 -9999.0 -9999.0 -9999.0 -9999.0 -9999.0 -9999.0 -9999.0 -9999.0 -9999.0 -9999.0 -9999.0 -9999.0    12.3    11.8    12.2    14.2    13.3    15.1    16.8    16.5    13.6     8.8     6.9     4.5     5.3     6.6 -9999.0 -9999.0 -9999.0 -9999.0 -9999.0 -9999.0 -9999.0 -9999.0 -9999.0 -9999.0 -9999.0 -9999.0 -9999.0 -9999.0 -9999.0 -9999.0 -9999.0 -9999.0 -9999.0
 -9999.0 -9999.0 -9999.0 -9999.0 -9999.0 -9999.0 -9999.0 -9999.0 -9999.0 -9999.0 -9999.0 -9999.0 -9999.0 -9999.0 -9999.0 -9999.0 -9999.0 -9999.0 -9999.0 -9999.0 -9999.0 -9999.0 -9999.0 -9999.0 -9999.0 -9999.0 -9999.0 -9999.0 -9999.0 -9999.0 -9999.0 -9999.0 -9999.0 -9999.0 -9999.0 -9999.0 -9999.0 -9999.0 -9999.0 -9999.0 -9999.0 -9999.0 -9999.0 -9999.0 -9999.0 -9999.0 -9999.0 -9999.0 -9999.0 -9999.0 -9999.0 -9999.0 -9999.0 -9999.0 -9999.0 -9999.0 -9999.0 -9999.0 -9999.0 -9999.0 -9999.0 -9999.0 -9999.0 -9999.0 -9999.0 -9999.0 -9999.0 -9999.0 -9999.0 -9999.0 -9999.0 -9999.0 -9999.0 -9999.0 -9999.0 -9999.0 -9999.0 -9999.0 -9999.0 -9999.0 -9999.0 -9999.0 -9999.0 -9999.0 -9999.0 -9999.0 -9999.0 -9999.0 -9999.0 -9999.0 -9999.0 -9999.0 -9999.0 -9999.0 -9999.0    12.1    15.2    11.2    13.8    16.6    20.2    23.3    21.4    18.3    12.4     7.9     6.1     7.3     8.8    10.5 -9999.0 -9999.0 -9999.0 -9999.0 -9999.0 -9999.0 -9999.0 -9999.0 -9999.0 -9999.0 -9999.0 -9999.0 -9999.0 -9999.0 -9999.0 -9999.0 -9999.0 -9999.0
 -9999.0 -9999.0 -9999.0 -9999.0 -9999.0 -9999.0 -9999.0 -9999.0 -9999.0 -9999.0 -9999.0 -9999.0 -9999.0 -9999.0 -9999.0 -9999.0 -9999.0 -9999.0 -9999.0 -9999.0 -9999.0 -9999.0 -9999.0 -9999.0 -9999.0 -9999.0 -9999.0 -9999.0 -9999.0 -9999.0 -9999.0 -9999.0 -9999.0 -9999.0 -9999.0 -9999.0 -9999.0 -9999.0 -9999.0 -9999.0 -9999.0 -9999.0 -9999.0 -9999.0 -9999.0 -9999.0 -9999.0 -9999.0 -9999.0 -9999.0 -9999.0 -9999.0 -9999.0 -9999.0 -9999.0 -9999.0 -9999.0 -9999.0 -9999.0 -9999.0 -9999.0 -9999.0 -9999.0 -9999.0 -9999.0 -9999.0 -9999.0 -9999.0 -9999.0 -9999.0 -9999.0 -9999.0 -9999.0 -9999.0 -9999.0 -9999.0 -9999.0 -9999.0 -9999.0 -9999.0 -9999.0 -9999.0 -9999.0 -9999.0 -9999.0 -9999.0 -9999.0 -9999.0 -9999.0 -9999.0 -9999.0 -9999.0 -9999.0 -9999.0 -9999.0    13.3    11.8    16.2    16.7    16.5    17.8    23.5    23.6    20.6    14.8    11.2     8.2     9.1    10.7    11.8    12.4 -9999.0 -9999.0 -9999.0 -9999.0 -9999.0 -9999.0 -9999.0 -9999.0 -9999.0 -9999.0 -9999.0 -9999.0 -9999.0 -9999.0 -9999.0 -9999.0 -9999.0
 -9999.0 -9999.0 -9999.0 -9999.0 -9999.0 -9999.0 -9999.0 -9999.0 -9999.0 -9999.0 -9999.0 -9999.0 -9999.0 -9999.0 -9999.0 -9999.0 -9999.0 -9999.0 -9999.0 -9999.0 -9999.0 -9999.0 -9999.0 -9999.0 -9999.0 -9999.0 -9999.0 -9999.0 -9999.0 -9999.0 -9999.0 -9999.0 -9999.0 -9999.0 -9999.0 -9999.0 -9999.0 -9999.0 -9999.0 -9999.0 -9999.0 -9999.0 -9999.0 -9999.0 -9999.0 -9999.0 -9999.0 -9999.0 -9999.0 -9999.0 -9999.0 -9999.0 -9999.0 -9999.0 -9999.0 -9999.0 -9999.0 -9999.0 -9999.0 -9999.0 -9999.0 -9999.0 -9999.0 -9999.0 -9999.0 -9999.0 -9999.0 -9999.0 -9999.0 -9999.0 -9999.0 -9999.0 -9999.0 -9999.0 -9999.0 -9999.0 -9999.0 -9999.0 -9999.0 -9999.0 -9999.0 -9999.0 -9999.0 -9999.0 -9999.0 -9999.0 -9999.0 -9999.0 -9999.0 -9999.0 -9999.0 -9999.0 -9999.0 -9999.0    10.7    11.5    13.7    13.7    13.8    15.4    18.1    16.4    19.4    17.7    13.7    11.2     9.8    10.3    11.2    11.3    11.7 -9999.0 -9999.0 -9999.0 -9999.0 -9999.0 -9999.0 -9999.0 -9999.0 -9999.0 -9999.0 -9999.0 -9999.0 -9999.0 -9999.0 -9999.0 -9999.0 -9999.0
 -9999.0 -9999.0 -9999.0 -9999.0 -9999.0 -9999.0 -9999.0 -9999.0 -9999.0 -9999.0 -9999.0 -9999.0 -9999.0 -9999.0 -9999.0 -9999.0 -9999.0 -9999.0 -9999.0 -9999.0 -9999.0 -9999.0 -9999.0 -9999.0 -9999.0 -9999.0 -9999.0 -9999.0 -9999.0 -9999.0 -9999.0 -9999.0 -9999.0 -9999.0 -9999.0 -9999.0 -9999.0 -9999.0 -9999.0 -9999.0 -9999.0 -9999.0 -9999.0 -9999.0 -9999.0 -9999.0 -9999.0 -9999.0 -9999.0 -9999.0 -9999.0 -9999.0 -9999.0 -9999.0 -9999.0 -9999.0 -9999.0 -9999.0 -9999.0 -9999.0 -9999.0 -9999.0 -9999.0 -9999.0 -9999.0 -9999.0 -9999.0 -9999.0 -9999.0 -9999.0 -9999.0 -9999.0 -9999.0 -9999.0 -9999.0 -9999.0 -9999.0 -9999.0 -9999.0 -9999.0 -9999.0 -9999.0 -9999.0 -9999.0 -9999.0 -9999.0 -9999.0 -9999.0 -9999.0 -9999.0 -9999.0 -9999.0 -9999.0 -9999.0     9.8    12.6    13.0    12.7    12.7    11.1    12.8    14.2    14.3    13.1    11.0    10.8    10.5    10.6    11.0    10.5    10.1    11.8 -9999.0 -9999.0 -9999.0 -9999.0 -9999.0 -9999.0 -9999.0 -9999.0 -9999.0 -9999.0 -9999.0 -9999.0 -9999.0 -9999.0 -9999.0 -9999.0
 -9999.0 -9999.0 -9999.0 -9999.0 -9999.0 -9999.0 -9999.0 -9999.0 -9999.0 -9999.0 -9999.0 -9999.0 -9999.0 -9999.0 -9999.0 -9999.0 -9999.0 -9999.0 -9999.0 -9999.0 -9999.0 -9999.0 -9999.0 -9999.0 -9999.0 -9999.0 -9999.0 -9999.0 -9999.0 -9999.0 -9999.0 -9999.0 -9999.0 -9999.0 -9999.0 -9999.0 -9999.0 -9999.0 -9999.0 -9999.0 -9999.0 -9999.0 -9999.0 -9999.0 -9999.0 -9999.0 -9999.0 -9999.0 -9999.0 -9999.0 -9999.0 -9999.0 -9999.0 -9999.0 -9999.0 -9999.0 -9999.0 -9999.0 -9999.0 -9999.0 -9999.0 -9999.0 -9999.0 -9999.0 -9999.0 -9999.0 -9999.0 -9999.0 -9999.0 -9999.0 -9999.0 -9999.0 -9999.0 -9999.0 -9999.0 -9999.0 -9999.0 -9999.0 -9999.0 -9999.0 -9999.0 -9999.0 -9999.0 -9999.0 -9999.0 -9999.0 -9999.0 -9999.0 -9999.0     2.7 -9999.0 -9999.0     4.1     6.4     6.5     8.1     9.7    10.0    10.2    10.4     7.5     8.9     9.6     8.2     8.5     9.4    10.2    11.8    11.3    10.6     9.6    12.1 -9999.0 -9999.0 -9999.0 -9999.0 -9999.0 -9999.0 -9999.0 -9999.0 -9999.0 -9999.0 -9999.0 -9999.0 -9999.0 -9999.0 -9999.0 -9999.0
 -9999.0 -9999.0 -9999.0 -9999.0 -9999.0 -9999.0 -9999.0 -9999.0 -9999.0 -9999.0 -9999.0 -9999.0 -9999.0 -9999.0 -9999.0 -9999.0 -9999.0 -9999.0 -9999.0 -9999.0 -9999.0 -9999.0 -9999.0 -9999.0 -9999.0 -9999.0 -9999.0 -9999.0 -9999.0 -9999.0 -9999.0 -9999.0 -9999.0 -9999.0 -9999.0 -9999.0 -9999.0 -9999.0 -9999.0 -9999.0 -9999.0 -9999.0 -9999.0 -9999.0 -9999.0 -9999.0 -9999.0 -9999.0 -9999.0 -9999.0 -9999.0 -9999.0 -9999.0 -9999.0 -9999.0 -9999.0 -9999.0 -9999.0 -9999.0 -9999.0 -9999.0 -9999.0 -9999.0 -9999.0 -9999.0 -9999.0 -9999.0 -9999.0 -9999.0 -9999.0 -9999.0 -9999.0 -9999.0 -9999.0 -9999.0 -9999.0 -9999.0 -9999.0 -9999.0 -9999.0 -9999.0 -9999.0 -9999.0 -9999.0 -9999.0 -9999.0 -9999.0 -9999.0     0.8     1.3     2.6     2.7     2.9     5.1     4.8     7.6     7.8     8.8     8.8     8.6     9.0     7.8     6.1     6.2     7.1     8.7    10.2    11.2    11.5    11.2    11.4    14.3    20.5    27.1    32.4    35.7 -9999.0 -9999.0 -9999.0 -9999.0 -9999.0 -9999.0 -9999.0 -9999.0 -9999.0 -9999.0 -9999.0 -9999.0
 -9999.0 -9999.0 -9999.0 -9999.0 -9999.0 -9999.0 -9999.0 -9999.0 -9999.0 -9999.0 -9999.0 -9999.0 -9999.0 -9999.0 -9999.0 -9999.0 -9999.0 -9999.0 -9999.0 -9999.0 -9999.0 -9999.0 -9999.0 -9999.0 -9999.0 -9999.0 -9999.0 -9999.0 -9999.0     7.7     9.7    10.5    10.1 -9999.0 -9999.0 -9999.0 -9999.0 -9999.0 -9999.0 -9999.0 -9999.0 -9999.0 -9999.0 -9999.0 -9999.0 -9999.0 -9999.0 -9999.0 -9999.0 -9999.0 -9999.0 -9999.0 -9999.0 -9999.0 -9999.0 -9999.0 -9999.0 -9999.0 -9999.0 -9999.0 -9999.0 -9999.0 -9999.0 -9999.0 -9999.0 -9999.0 -9999.0 -9999.0 -9999.0 -9999.0 -9999.0 -9999.0 -9999.0 -9999.0 -9999.0 -9999.0 -9999.0 -9999.0 -9999.0 -9999.0 -9999.0 -9999.0 -9999.0 -9999.0 -9999.0 -9999.0 -9999.0     0.7     1.1     1.6     2.2     1.9     2.7     3.3     4.0     4.6     6.5     7.1    11.5    10.7     8.0     5.6     5.0     3.8     5.6     7.5     9.0    10.6    12.2    12.5    13.3    16.6    22.9    30.1    36.0    41.2    43.5    41.4 -9999.0 -9999.0 -9999.0 -9999.0 -9999.0 -9999.0 -9999.0 -9999.0 -9999.0 -9999.0
 -9999.0 -9999.0 -9999.0 -9999.0 -9999.0 -9999.0 -9999.0 -9999.0 -9999.0 -9999.0 -9999.0 -9999.0 -9999.0 -9999.0 -9999.0 -9999.0 -9999.0 -9999.0 -9999.0 -9999.0 -9999.0 -9999.0 -9999.0 -9999.0 -9999.0 -9999.0 -9999.0     4.9     7.0     6.3    11.1    11.3    13.9     9.2 -9999.0 -9999.0 -9999.0 -9999.0 -9999.0 -9999.0 -9999.0 -9999.0 -9999.0 -9999.0 -9999.0 -9999.0 -9999.0 -9999.0 -9999.0 -9999.0 -9999.0 -9999.0 -9999.0 -9999.0 -9999.0 -9999.0 -9999.0 -9999.0 -9999.0 -9999.0 -9999.0 -9999.0 -9999.0 -9999.0 -9999.0 -9999.0 -9999.0 -9999.0 -9999.0 -9999.0 -9999.0 -9999.0 -9999.0 -9999.0 -9999.0 -9999.0 -9999.0 -9999.0 -9999.0 -9999.0 -9999.0 -9999.0 -9999.0 -9999.0 -9999.0 -9999.0 -9999.0     2.7     2.9     1.7     1.8     2.3     2.8     3.9     4.4     5.7     6.8    10.8    12.0    13.8     9.8     6.3     4.9     3.9     4.2     5.7     7.7    10.0    11.1    12.3    14.3    18.0    23.9    31.0    38.2    43.6    48.2    49.1 -9999.0 -9999.0 -9999.0 -9999.0 -9999.0    25.6    24.5    23.3    23.3 -9999.0
 -9999.0 -9999.0 -9999.0 -9999.0 -9999.0 -9999.0 -9999.0 -9999.0 -9999.0 -9999.0 -9999.0 -9999.0 -9999.0 -9999.0 -9999.0 -9999.0 -9999.0 -9999.0 -9999.0 -9999.0 -9999.0 -9999.0 -9999.0 -9999.0 -9999.0 -9999.0     3.5     3.6     5.0     5.5     6.3     7.5    19.4    14.7    16.8    16.4    17.2 -9999.0 -9999.0 -9999.0 -9999.0 -9999.0 -9999.0 -9999.0 -9999.0 -9999.0 -9999.0 -9999.0 -9999.0 -9999.0 -9999.0 -9999.0 -9999.0 -9999.0 -9999.0 -9999.0 -9999.0 -9999.0 -9999.0 -9999.0 -9999.0 -9999.0 -9999.0 -9999.0 -9999.0 -9999.0 -9999.0 -9999.0 -9999.0 -9999.0 -9999.0 -9999.0 -9999.0 -9999.0 -9999.0 -9999.0 -9999.0 -9999.0 -9999.0 -9999.0 -9999.0 -9999.0 -9999.0 -9999.0 -9999.0 -9999.0     3.5     4.5     4.3     3.7     4.3     4.2     4.6     5.3     5.9     8.7    10.6    15.3    17.8    13.2    10.4     6.7     4.8     4.3     4.0     4.8     6.3     8.0     9.6    11.4    14.0    18.6    25.0    32.6    40.0    48.0    58.3    63.2    57.7 -9999.0 -9999.0    41.8    35.8    31.9    30.1    24.1    28.0 -9999.0
 -9999.0 -9999.0 -9999.0 -9999.0 -9999.0 -9999.0 -9999.0 -9999.0 -9999.0 -9999.0 -9999.0 -9999.0 -9999.0 -9999.0 -9999.0 -9999.0 -9999.0 -9999.0 -9999.0 -9999.0 -9999.0 -9999.0 -9999.0 -9999.0 -9999.0 -9999.0     3.7     5.6     5.8     5.3     5.1     6.3     6.5    12.4    14.1    19.8    36.3    16.0 -9999.0 -9999.0 -9999.0 -9999.0 -9999.0 -9999.0 -9999.0 -9999.0 -9999.0 -9999.0 -9999.0 -9999.0 -9999.0 -9999.0 -9999.0 -9999.0 -9999.0 -9999.0 -9999.0 -9999.0 -9999.0 -9999.0 -9999.0 -9999.0 -9999.0 -9999.0 -9999.0 -9999.0 -9999.0 -9999.0 -9999.0 -9999.0 -9999.0 -9999.0 -9999.0 -9999.0 -9999.0 -9999.0 -9999.0 -9999.0 -9999.0 -9999.0 -9999.0 -9999.0 -9999.0 -9999.0 -9999.0 -9999.0     6.4     7.5     9.2    10.1     9.5     8.6     9.0     8.6    10.3    12.3    18.9    18.6    16.4    16.1    12.4     8.2     6.4     5.6     5.5     5.5     6.0     7.0     8.5    10.3    14.1    20.9    28.7    37.1    46.8    51.9    68.7    80.4    89.2    83.4    66.7    50.7    41.8    38.0    36.2    35.8    34.8 -9999.0
 -9999.0 -9999.0 -9999.0 -9999.0 -9999.0 -9999.0 -9999.0 -9999.0 -9999.0 -9999.0 -9999.0 -9999.0 -9999.0 -9999.0 -9999.0 -9999.0 -9999.0 -9999.0 -9999.0 -9999.0 -9999.0     6.2     8.2     6.3     4.9     7.0     9.7    10.9     9.6     8.1     7.1     7.9     8.5    10.3    13.5    13.7    25.2    23.2    28.4 -9999.0 -9999.0 -9999.0 -9999.0 -9999.0 -9999.0 -9999.0 -9999.0 -9999.0 -9999.0 -9999.0 -9999.0 -9999.0 -9999.0 -9999.0 -9999.0 -9999.0 -9999.0 -9999.0 -9999.0 -9999.0 -9999.0 -9999.0 -9999.0 -9999.0 -9999.0 -9999.0 -9999.0 -9999.0 -9999.0 -9999.0 -9999.0 -9999.0 -9999.0 -9999.0 -9999.0 -9999.0 -9999.0 -9999.0 -9999.0 -9999.0 -9999.0 -9999.0 -9999.0 -9999.0 -9999.0 -9999.0 -9999.0    17.1 -9999.0 -9999.0    18.6 -9999.0 -9999.0    14.4    13.8    17.0    23.7    20.1    17.8    21.9    15.1    12.3     9.1     8.6     8.7     9.1     8.9     9.4    10.5    13.6    19.1    27.6    37.2    46.0    55.7    64.9    83.9   101.3   110.1   101.3    73.9    58.4    48.5    44.2    41.1    35.1 -9999.0 -9999.0
 -9999.0 -9999.0 -9999.0 -9999.0 -9999.0 -9999.0 -9999.0 -9999.0 -9999.0 -9999.0 -9999.0 -9999.0 -9999.0 -9999.0 -9999.0 -9999.0 -9999.0 -9999.0 -9999.0 -9999.0 -9999.0     2.5     3.5     4.7     6.7    15.8    11.8    11.1    11.2    10.8    10.3    11.9    14.6    14.8    15.1    14.0    13.9    30.3    14.6 -9999.0 -9999.0 -9999.0 -9999.0 -9999.0 -9999.0 -9999.0 -9999.0 -9999.0 -9999.0 -9999.0 -9999.0 -9999.0 -9999.0 -9999.0 -9999.0 -9999.0 -9999.0 -9999.0 -9999.0 -9999.0 -9999.0 -9999.0 -9999.0 -9999.0 -9999.0 -9999.0 -9999.0 -9999.0 -9999.0 -9999.0 -9999.0 -9999.0 -9999.0 -9999.0 -9999.0 -9999.0 -9999.0 -9999.0 -9999.0 -9999.0 -9999.0 -9999.0 -9999.0 -9999.0 -9999.0 -9999.0 -9999.0 -9999.0 -9999.0    32.1    31.0    27.0    24.0    17.9    16.7    19.7    16.2    17.1    17.1    16.9    15.6    13.9    11.6    11.1    11.8    13.2    14.3    15.1    17.4    23.4    30.6    39.0    49.8    59.9    66.7    81.8    97.2   113.9   120.6   104.4    79.5    61.3    49.0    38.8    47.3 -9999.0 -9999.0 -9999.0
 -9999.0 -9999.0 -9999.0 -9999.0 -9999.0 -9999.0 -9999.0 -9999.0 -9999.0 -9999.0 -9999.0 -9999.0 -9999.0 -9999.0 -9999.0 -9999.0 -9999.0 -9999.0 -9999.0 -9999.0     3.0     6.8     6.2     8.8    11.9    11.7    11.7    12.6    11.7    12.3    14.6    15.9    19.6    21.8    20.8    17.3    19.3    13.5    10.4 -9999.0 -9999.0 -9999.0 -9999.0 -9999.0 -9999.0 -9999.0 -9999.0 -9999.0 -9999.0 -9999.0 -9999.0 -9999.0 -9999.0 -9999.0 -9999.0 -9999.0 -9999.0 -9999.0 -9999.0 -9999.0 -9999.0 -9999.0 -9999.0 -9999.0 -9999.0 -9999.0 -9999.0 -9999.0 -9999.0 -9999.0 -9999.0 -9999.0 -9999.0 -9999.0 -9999.0 -9999.0 -9999.0 -9999.0 -9999.0 -9999.0 -9999.0 -9999.0 -9999.0 -9999.0 -9999.0 -9999.0 -9999.0 -9999.0    38.3    42.8    39.8    31.0    24.9    19.0    16.0    15.7    13.0    16.0    14.0    13.2    13.9    12.3    11.2    11.1    12.7    15.9    19.6    22.0    26.1    34.1    43.1    51.6    64.4    79.7    89.1    92.7   103.7   113.3   103.8    86.3    71.5    57.3    52.1    49.7    48.3 -9999.0 -9999.0 -9999.0
 -9999.0 -9999.0 -9999.0 -9999.0 -9999.0 -9999.0 -9999.0 -9999.0 -9999.0 -9999.0 -9999.0 -9999.0 -9999.0 -9999.0 -9999.0 -9999.0 -9999.0 -9999.0     2.7     4.1     5.9    23.3    22.0    24.8    21.5    20.0    14.7    14.0    13.6    15.5    17.4    21.1    25.2    27.0    26.8    25.2    21.2    13.5     7.9 -9999.0 -9999.0 -9999.0 -9999.0 -9999.0 -9999.0 -9999.0 -9999.0 -9999.0 -9999.0 -9999.0 -9999.0 -9999.0 -9999.0 -9999.0 -9999.0 -9999.0 -9999.0 -9999.0 -9999.0 -9999.0 -9999.0 -9999.0 -9999.0 -9999.0 -9999.0 -9999.0 -9999.0 -9999.0 -9999.0 -9999.0 -9999.0 -9999.0 -9999.0 -9999.0 -9999.0 -9999.0 -9999.0 -9999.0 -9999.0 -9999.0 -9999.0 -9999.0 -9999.0 -9999.0    11.5    16.6    24.0    28.8    35.2    43.7    38.9    29.2    19.7    15.6    13.2    13.5     9.3     9.3     7.8     8.2     9.2     9.2     9.1     9.9    12.5    17.2    22.8    27.6    33.1    44.1    57.0    68.6    81.8    96.5    97.1    95.5    85.5   109.9   100.7    82.7    61.9    56.1    52.6    50.3 -9999.0 -9999.0 -9999.0 -9999.0
 -9999.0 -9999.0 -9999.0 -9999.0 -9999.0 -9999.0 -9999.0 -9999.0 -9999.0 -9999.0 -9999.0 -9999.0 -9999.0 -9999.0 -9999.0     0.6     3.1    11.0    16.1     9.5    15.9    11.8    26.0    19.4    17.2    17.0    18.7    18.8    18.0    19.4    21.4    23.5    26.9    28.9    33.4    31.9    24.5    39.7    18.7     9.2    10.4    12.1    13.4    18.1 -9999.0 -9999.0 -9999.0 -9999.0 -9999.0 -9999.0 -9999.0 -9999.0 -9999.0 -9999.0 -9999.0 -9999.0 -9999.0 -9999.0 -9999.0 -9999.0 -9999.0 -9999.0 -9999.0 -9999.0 -9999.0 -9999.0 -9999.0 -9999.0 -9999.0 -9999.0 -9999.0 -9999.0 -9999.0 -9999.0 -9999.0 -9999.0 -9999.0 -9999.0 -9999.0     3.4     4.1     4.7     5.4     7.6    11.7    15.0    18.4    21.5    25.6    29.8    24.6    18.0    13.2    12.2    11.6    14.0     8.7     7.1     5.7     6.1     7.3     8.1     9.0    10.5    13.8    20.0    27.8    35.1    43.3    56.7    74.5    88.3    98.4   103.0    85.7    93.5    95.7   102.0    96.8    77.5    64.1    55.7    52.3    46.4 -9999.0 -9999.0 -9999.0 -9999.0
 -9999.0 -9999.0 -9999.0 -9999.0 -9999.0 -9999.0 -9999.0 -9999.0 -9999.0 -9999.0 -9999.0 -9999.0 -9999.0 -9999.0 -9999.0    11.2     9.7    15.3    11.3    10.8     8.0     8.4    10.5    14.7    16.5    18.9    21.7    22.9    23.0    22.8    22.4    21.7    22.9    23.1    24.8    24.0    17.0    14.0     6.0     4.1     3.0     1.4     2.5     5.0     5.9    14.9    68.3 -9999.0 -9999.0 -9999.0 -9999.0 -9999.0 -9999.0 -9999.0 -9999.0 -9999.0 -9999.0 -9999.0 -9999.0 -9999.0 -9999.0 -9999.0 -9999.0 -9999.0 -9999.0 -9999.0 -9999.0 -9999.0 -9999.0 -9999.0 -9999.0 -9999.0 -9999.0 -9999.0 -9999.0 -9999.0 -9999.0 -9999.0     4.7     4.6     4.8     6.0     7.0     7.1     8.2     9.2    10.2    12.6    15.2    16.1    13.8    10.1     9.7     9.1    14.9     9.6     9.4     6.5     7.0     8.2    10.0    11.4    13.3    16.2    20.9    29.5    39.5    48.8    59.7    71.4    84.8    95.4    97.3    92.4    86.6    90.7    79.3    78.2    77.1    68.9    63.9    55.9    47.3 -9999.0 -9999.0 -9999.0 -9999.0 -9999.0
 -9999.0 -9999.0 -9999.0 -9999.0 -9999.0 -9999.0 -9999.0 -9999.0 -9999.0 -9999.0 -9999.0 -9999.0 -9999.0 -9999.0 -9999.0 -9999.0     3.4     5.4     9.9    17.0    22.2    23.7    25.5    33.4    29.2    28.1    29.0    29.5    29.1    26.8    23.3    18.2    15.6    16.8    20.9    22.7    19.2    12.7     7.2     7.0    10.6     8.0     8.7     5.5     4.4     3.8     5.1     9.4 -9999.0 -9999.0 -9999.0 -9999.0 -9999.0 -9999.0 -9999.0 -9999.0 -9999.0 -9999.0 -9999.0 -9999.0 -9999.0 -9999.0 -9999.0 -9999.0 -9999.0 -9999.0 -9999.0 -9999.0 -9999.0 -9999.0 -9999.0 -9999.0 -9999.0 -9999.0 -9999.0 -9999.0 -9999.0 -9999.0     6.8     5.2     5.4     6.3     5.3     4.9     5.5     5.9     8.4     8.0     9.8    12.2     9.4     8.1    10.8     9.1     7.4     9.0     9.5    10.2    11.5    14.3    17.1    19.6    23.3    28.0    32.4    38.9    50.9    63.7    75.9    83.5    88.4    94.8    90.6    84.7    83.8    75.2    75.0    77.3    66.4    69.5 -9999.0 -9999.0 -9999.0 -9999.0 -9999.0 -9999.0 -9999.0 -9999.0
 -9999.0 -9999.0 -9999.0 -9999.0 -9999.0 -9999.0 -9999.0 -9999.0 -9999.0 -9999.0 -9999.0 -9999.0 -9999.0 -9999.0 -9999.0 -9999.0     5.0     8.2    11.9    15.0    21.4    26.4    33.1    29.1    18.6    17.4    20.0    29.2    26.9    34.6    27.1    19.9    41.9    37.2    18.7    21.3    23.0    15.0     9.2    10.8    16.1    12.7    22.9    56.2    11.9     2.5     0.7     1.5 -9999.0 -9999.0 -9999.0 -9999.0 -9999.0 -9999.0 -9999.0 -9999.0 -9999.0 -9999.0 -9999.0 -9999.0 -9999.0 -9999.0 -9999.0 -9999.0 -9999.0 -9999.0 -9999.0 -9999.0 -9999.0 -9999.0 -9999.0 -9999.0 -9999.0 -9999.0 -9999.0 -9999.0 -9999.0     7.1     7.3     6.3     5.8     5.1     5.3     6.5     5.0     5.6     6.5     7.5     9.0    11.8    14.5    11.3     7.0     7.3     9.8    11.1    14.0    16.4    18.7    22.2    25.2    27.6    32.5    36.9    38.3    45.8    59.6    74.7    85.5    88.8    87.0    80.7    75.7    72.7    66.9    68.9    71.6    75.5    62.8 -9999.0 -9999.0 -9999.0 -9999.0 -9999.0 -9999.0 -9999.0 -9999.0 -9999.0
 -9999.0 -9999.0 -9999.0 -9999.0 -9999.0 -9999.0 -9999.0 -9999.0 -9999.0 -9999.0 -9999.0 -9999.0 -9999.0 -9999.0 -9999.0 -9999.0    12.8    14.5    15.6    19.0    20.5    25.6    17.9    20.8    17.0    13.7     9.2    11.1    15.1    20.5    24.5    20.7     7.7     5.5    13.9    19.6    16.5     8.5     4.1     1.4     3.1     7.8    14.8    35.0    34.6    17.7     4.0     1.0     5.1     8.1     5.7 -9999.0 -9999.0 -9999.0 -9999.0 -9999.0 -9999.0 -9999.0 -9999.0 -9999.0 -9999.0 -9999.0 -9999.0 -9999.0 -9999.0 -9999.0 -9999.0 -9999.0 -9999.0 -9999.0 -9999.0 -9999.0 -9999.0 -9999.0 -9999.0 -9999.0     9.9    10.2    11.4     9.2     8.4     7.7     6.1     6.0     6.1     6.7     8.9    12.0    15.1    17.8    20.0    17.1    13.4    10.8    12.0    14.9    18.0    20.8    23.6    26.5    27.8    27.8    30.8    36.9    42.9    55.7    71.0    88.3   100.1    97.4    87.4    88.5    68.0    60.6    58.3    67.3    52.8    58.3    68.3    75.5 -9999.0 -9999.0 -9999.0 -9999.0 -9999.0 -9999.0 -9999.0 -9999.0
 -9999.0 -9999.0 -9999.0 -9999.0 -9999.0 -9999.0 -9999.0 -9999.0 -9999.0 -9999.0 -9999.0 -9999.0 -9999.0 -9999.0 -9999.0     8.7     8.6    10.2    10.6     9.2     7.7     6.1     5.5     7.1     5.9     3.0     3.1     4.4     6.9     9.4    13.4    12.8     3.5     2.2     3.2     5.6     8.7     5.4     2.2     1.2     0.9     2.0     5.1     6.4     7.6     9.7     7.0     4.3     4.1     3.1     2.9     2.6     3.2     6.3     4.0     4.0     3.1     3.6     5.0     8.2    11.0 -9999.0 -9999.0 -9999.0 -9999.0 -9999.0 -9999.0 -9999.0 -9999.0     5.8     4.8     5.0     6.5     7.7     9.5     9.8    12.6    12.0    12.7    14.5    12.7    10.0     7.9     7.8     8.2    10.2    14.0    18.6    22.9    25.1    26.9    26.3    25.8    21.6    19.8    19.0    19.0    20.5    22.4    24.4    25.0    24.7    27.3    39.4    56.5    74.0    89.5    99.8   101.5   108.4    98.2    81.2    63.0    53.0    54.1    63.3    75.3    78.0 -9999.0 -9999.0 -9999.0 -9999.0 -9999.0 -9999.0 -9999.0 -9999.0 -9999.0 -9999.0
 -9999.0 -9999.0 -9999.0 -9999.0 -9999.0 -9999.0 -9999.0 -9999.0 -9999.0 -9999.0 -9999.0 -9999.0 -9999.0 -9999.0    10.3    13.3    12.2     7.2     6.2     4.7     3.3     4.2     3.7     1.1     0.8     0.4     0.4     3.4     9.7    16.5    16.5    11.4     7.5     6.6     6.1     6.9     7.4     5.8     3.8     2.3     1.9     2.4     3.1     3.2     2.7     2.3     2.2     3.9     4.2     4.3     4.2     3.5     3.9     2.9     1.9     2.4     1.7     1.6     1.9     4.3     7.8    10.0    10.3    10.1    10.7    12.0     7.0     5.2     2.8     3.1     5.1     7.7     7.8     9.6    11.5    12.5    14.3    16.7    19.0    21.4    18.7    14.2    13.9    12.5    14.3    15.1    21.0    26.0    30.1    30.0    31.8    34.3    30.1    29.3    24.2    21.5    18.8    15.6    15.2    18.6    23.8    30.7    40.6    59.2    80.6    98.8   107.7   109.5   109.1   119.0    97.8    84.6    63.9    44.4    39.5    46.2    60.7 -9999.0 -9999.0 -9999.0 -9999.0 -9999.0 -9999.0 -9999.0 -9999.0 -9999.0 -9999.0 -9999.0
 -9999.0 -9999.0 -9999.0 -9999.0 -9999.0 -9999.0 -9999.0 -9999.0 -9999.0 -9999.0 -9999.0 -9999.0    15.2    13.2    12.4     5.2     6.4     2.6     1.3     0.7     0.7     0.8     0.9     0.6     0.3     0.3     0.3     0.8     2.6     6.8     9.9     9.6     7.7     6.7     5.6     6.2     6.2     5.0     3.4     2.6     2.2     2.2     2.2     1.8     1.2     1.1     1.6     2.3     3.7     3.0     2.9     2.6     2.9     2.7     1.8     1.5     1.4     1.3     1.6     2.7     4.9     7.0     6.3     5.1     3.2     2.8     2.8     2.4     4.2     6.1    10.2    13.5    10.6    14.8    18.1    18.8    19.6    23.3    28.1    28.6    27.4    19.7    20.0    16.1    17.4    22.3    26.8    30.0    33.9    31.0    30.5    31.0    37.7    38.7    29.1    23.9    15.5    12.0    13.8    19.6    33.3    50.6    69.7    87.5    94.6   105.2   104.5    98.3    95.7    87.6    84.8    70.2    47.6    33.9    30.2 -9999.0 -9999.0 -9999.0 -9999.0 -9999.0 -9999.0 -9999.0 -9999.0 -9999.0 -9999.0 -9999.0 -9999.0 -9999.0
 -9999.0 -9999.0 -9999.0 -9999.0 -9999.0 -9999.0 -9999.0 -9999.0 -9999.0    13.3    19.4    14.3    11.6     4.7     1.6     1.4     1.4     1.2     0.8     0.4     0.3     0.2     0.1     0.1     0.0     0.0     0.0     0.1     0.3     1.4     3.5     3.6     4.9     5.2     5.1     5.0     4.5     3.6     2.6     1.9     1.5     1.3     1.0     0.6     0.4     0.4     0.7     1.2     1.6     2.4     1.7     1.5     1.4     1.7     2.7     1.4     1.0     1.0     1.2     2.5     4.1     5.1     4.6     2.8     1.2     1.4     1.7     1.8     6.6    15.9     5.3     5.8     8.1    12.4    18.4    20.7    22.9    28.3    31.9    35.5    35.5    30.6    18.8    16.0    20.4    25.1    37.8    30.2    30.2    27.9    26.8    26.5    27.5    31.1    27.4    22.2    16.4    15.0    20.1    32.6    52.1    75.6    97.0    99.8    88.6    79.4    77.8    72.8    63.2    64.5    58.0    44.4    29.9 -9999.0 -9999.0 -9999.0 -9999.0 -9999.0 -9999.0 -9999.0 -9999.0 -9999.0 -9999.0 -9999.0 -9999.0 -9999.0 -9999.0 -9999.0
 -9999.0 -9999.0 -9999.0 -9999.0 -9999.0     6.5    17.2    12.2    12.0    12.3     6.9     7.3     6.1     2.6     1.5     1.2     1.3     1.4     0.9     0.4     0.2     0.1     0.0     0.0     0.0     0.0     0.0     0.0     0.0     0.2     0.7     1.7     2.5     3.0     3.3     3.4     3.1     2.6     2.0     1.5     1.1     0.8     0.5     0.4     0.3     0.3     0.4     0.6     0.7     0.7     0.8     0.9     1.3     1.7     1.9     1.1     0.8     0.7     0.8     1.8     3.2     4.8     4.0     2.6     2.4     1.8     1.2     3.3     8.5     3.1     5.2     8.7    12.3    17.3    22.6    20.9    22.0    25.0    25.3    25.1    26.0    22.4    18.8    18.0    20.0    14.7    21.8    20.8    23.4    24.5    23.0    19.1    20.2    24.5    27.0    25.4    21.5    22.4 -9999.0 -9999.0    70.6    84.5    75.9    89.4   104.9    86.3    72.2    52.8    43.3 -9999.0 -9999.0 -9999.0 -9999.0 -9999.0 -9999.0 -9999.0 -9999.0 -9999.0 -9999.0 -9999.0 -9999.0 -9999.0 -9999.0 -9999.0 -9999.0 -9999.0 -9999.0 -9999.0
 -9999.0 -9999.0 -9999.0     5.1     2.8    10.0     8.1     7.8     7.4     1.7     0.9     1.0     1.8     0.8     0.7     1.0     1.4     1.6     1.2     0.5     0.2     0.1     0.0     0.0     0.0     0.0     0.0     0.0     0.0     0.1     0.2     0.5     1.1     1.6     2.0     2.2     2.2     2.0     1.6     1.2     0.8     0.6     0.5     0.4     0.4     0.4     0.5     0.7     0.6     0.5     0.4     0.4     0.6     0.7     0.7     0.7     1.0     1.0     0.9     1.1     1.5     1.9     2.6     3.4     2.2     1.3     4.7     1.6     2.5     5.0    10.8    15.5    20.1    21.5    20.1    18.3    18.1    19.0    19.9    20.4    19.7    26.8    16.2    15.6    28.5    15.5    18.3    20.7    29.5    31.6    23.9    21.6    23.4    26.0    31.1    33.3    31.8 -9999.0 -9999.0 -9999.0    73.9    65.5    92.1   116.1   132.5    99.4    73.0 -9999.0 -9999.0 -9999.0 -9999.0 -9999.0 -9999.0 -9999.0 -9999.0 -9999.0 -9999.0 -9999.0 -9999.0 -9999.0 -9999.0 -9999.0 -9999.0 -9999.0 -9999.0 -9999.0 -9999.0 -9999.0
 -9999.0 -9999.0     3.8     4.0     3.7     1.9     1.6     1.0     0.4     0.4     0.4     0.4     0.4     0.4     0.6     0.9     1.3     1.5     1.1     0.5     0.3     0.1     0.0     0.0     0.0     0.0     0.0     0.0     0.0     0.0     0.1     0.3     0.5     0.9     1.3     1.6     1.6     1.4     1.1     0.8     0.6     0.5     0.4     0.4     0.5     0.6     1.1     1.2     0.9     0.6     0.8     0.6     0.7     0.7     0.9     1.7     1.1     1.1     0.7     0.7     0.5     1.8     1.0     1.5     1.4     1.6     1.7     1.9     5.8    10.1    18.9    21.1    22.3    22.4    19.5    15.8    14.3    14.4    15.2    15.6    16.3    18.4    15.6    18.0    17.2    32.4    20.3    26.0    35.9    34.8    32.4    32.3    36.2    42.6    48.4 -9999.0 -9999.0 -9999.0 -9999.0    46.3    57.5    71.8    90.2   119.6 -9999.0 -9999.0 -9999.0 -9999.0 -9999.0 -9999.0 -9999.0 -9999.0 -9999.0 -9999.0 -9999.0 -9999.0 -9999.0 -9999.0 -9999.0 -9999.0 -9999.0 -9999.0 -9999.0 -9999.0 -9999.0 -9999.0 -9999.0 -9999.0
 -9999.0 -9999.0     6.0     7.5    14.3     4.8     0.5     0.4     0.4     0.3     0.4     0.4     0.4     0.4     0.5     0.8     1.0     1.1     0.9     0.5     0.3     0.1     0.1     0.0     0.0     0.0     0.0     0.0     0.0     0.1     0.1     0.3     0.4     0.6     0.9     0.9     0.7     0.6     0.5     0.5     0.4     0.4     1.0     5.4     0.9     1.9     5.8     1.2     4.5     2.3     1.9     6.2     4.1     2.2     1.7     1.9     1.4     3.0     1.2     1.6     1.8     1.0     1.7     1.6     1.6     1.8     2.4     6.0    15.2    16.6    21.5    21.1    20.9    20.4    17.8    14.8    13.8    14.0    14.1    13.9    13.2    14.5    20.3    24.4    23.2    21.6    25.7    36.2    40.2    37.0    35.1    38.5    46.5    53.6 -9999.0 -9999.0 -9999.0 -9999.0 -9999.0    34.5 -9999.0 -9999.0 -9999.0 -9999.0 -9999.0 -9999.0 -9999.0 -9999.0 -9999.0 -9999.0 -9999.0 -9999.0 -9999.0 -9999.0 -9999.0 -9999.0 -9999.0 -9999.0 -9999.0 -9999.0 -9999.0 -9999.0 -9999.0 -9999.0 -9999.0 -9999.0 -9999.0 -9999.0
 -9999.0 -9999.0     3.0     7.1     6.6     4.0     2.1     2.2     0.4     0.3     0.4     0.4     0.4     0.4     0.5     0.6     0.8     0.8     0.7     0.5     0.3     0.2     0.1     0.1     0.1     0.1     0.1     0.1     0.1     0.1     0.2     0.3     0.2     0.2     0.3     0.3     0.4     0.4     0.4     0.4     0.3     0.3     0.4     0.5     0.5     0.7     0.9     1.5     1.2     1.3     8.1     2.4     2.7     7.4     3.6     2.6     3.7     3.1     4.6     4.9     1.1     1.6     2.2     2.1     2.1     2.8     4.2    12.8    13.4    20.7    25.4    23.4    21.1    19.8    17.2    15.5    16.0    17.8    19.4    21.2    21.9    21.0    25.5    31.8    28.4    26.9    31.1    39.2    41.2    36.5    35.0 -9999.0 -9999.0 -9999.0 -9999.0 -9999.0 -9999.0 -9999.0 -9999.0 -9999.0 -9999.0 -9999.0 -9999.0 -9999.0 -9999.0 -9999.0 -9999.0 -9999.0 -9999.0 -9999.0 -9999.0 -9999.0 -9999.0 -9999.0 -9999.0 -9999.0 -9999.0 -9999.0 -9999.0 -9999.0 -9999.0 -9999.0 -9999.0 -9999.0 -9999.0 -9999.0 -9999.0 -9999.0
 -9999.0 -9999.0 -9999.0     5.6     2.1     4.0     3.8     2.7     1.4     0.4     0.4     0.4     0.4     0.4     0.4     0.5     0.6     0.6     0.5     0.4     0.3     0.3     0.2     0.2     0.2     0.2     0.3     0.3     0.3     0.3     0.2     0.1     0.1     0.2     0.3     0.3     0.4     0.4     0.3     0.3     0.3     0.3     0.3     0.3     0.4     0.5     1.4     2.1     4.3     3.3     2.5     2.6     3.6    10.1     4.9     6.6     5.3     8.7    11.4     6.1     3.6     3.0     3.9     3.2     2.6     2.6     4.6    11.3    12.6    22.3    27.7    25.8    21.9    18.4    16.7    16.8    20.1    24.2    27.5    28.2    26.7    25.2    29.8    32.0    30.8    30.0    32.4    35.9    36.1    32.9    32.7    37.9 -9999.0 -9999.0 -9999.0 -9999.0 -9999.0 -9999.0 -9999.0 -9999.0 -9999.0 -9999.0 -9999.0 -9999.0 -9999.0 -9999.0 -9999.0 -9999.0 -9999.0 -9999.0 -9999.0 -9999.0 -9999.0 -9999.0 -9999.0 -9999.0 -9999.0 -9999.0 -9999.0 -9999.0 -9999.0 -9999.0 -9999.0 -9999.0 -9999.0 -9999.0 -9999.0 -9999.0
 -9999.0 -9999.0 -9999.0 -9999.0 -9999.0     1.0     0.4     0.5     1.6     0.4     0.4     0.4     0.4     0.4     0.4     0.4     0.4     0.4     0.4     0.4     0.3     0.3     0.4     0.4     0.5     0.6     0.5     0.5     0.1     0.1     0.1     0.1     0.1     0.2     0.3     0.3     0.4     0.4     0.4     0.3     0.3     0.3     0.3     0.3     0.3     0.3     0.4     1.5     1.2     3.5     1.8     6.7     4.9     4.1     6.5     8.0    10.8    13.4    14.1    16.3    15.4     5.9     6.5     4.4     4.0     3.5     4.8     6.4    10.8    18.8    23.5    22.2    18.8    17.0    18.4    21.2    26.0    30.0    34.8    34.7    30.6    24.1    28.4    31.9    30.8    29.4    28.6    28.1    28.3    27.9    29.5    35.7    40.1    40.8 -9999.0 -9999.0 -9999.0    58.0 -9999.0 -9999.0 -9999.0 -9999.0 -9999.0 -9999.0 -9999.0 -9999.0 -9999.0 -9999.0 -9999.0 -9999.0 -9999.0 -9999.0 -9999.0 -9999.0 -9999.0 -9999.0 -9999.0 -9999.0 -9999.0 -9999.0 -9999.0 -9999.0 -9999.0 -9999.0 -9999.0 -9999.0 -9999.0 -9999.0
 -9999.0 -9999.0 -9999.0 -9999.0     0.5     1.7     3.3     1.0     0.8     0.3     0.4     0.4     0.4     0.3     0.4     0.4     0.4     0.4     0.4     0.3     0.3     0.4     0.5     0.5     0.5     0.3     0.3     0.0     0.1     0.1     0.1     0.2     0.2     0.3     0.4     0.4     0.5     0.7     0.6     0.4     0.3     0.3     0.3     0.3     0.3     0.3     0.3     0.3     0.4     0.3     0.4     1.4     3.7     7.9     3.2     4.5     5.7    10.5    12.3    19.2    19.2    15.0    13.0     7.1     4.1     9.2    13.6     7.3    19.2    19.6    18.8    19.1    18.6    19.9    24.0    29.3    33.9    36.2    38.0    34.8    28.9    26.4    27.2    30.9    32.5    28.9    23.5    21.5    23.9    26.7    30.1    36.9    41.1    41.0 -9999.0 -9999.0    63.8    59.9    55.4    35.1    35.3 -9999.0 -9999.0 -9999.0 -9999.0 -9999.0 -9999.0 -9999.0 -9999.0 -9999.0 -9999.0 -9999.0 -9999.0 -9999.0 -9999.0 -9999.0 -9999.0 -9999.0 -9999.0 -9999.0 -9999.0 -9999.0 -9999.0 -9999.0 -9999.0 -9999.0 -9999.0 -9999.0
 -9999.0 -9999.0 -9999.0 -9999.0     0.8     0.4     1.8     0.4     2.9     2.3     0.4     1.2     0.5     0.4     0.3     0.3     0.2     0.3     0.3     0.4     0.3     0.3     0.3     0.1     0.0     0.0     0.1     0.1     0.1     0.1     0.2     0.2     0.3     0.4     0.5     0.7     0.8     1.0     0.8     0.6     0.7     0.4     0.4     0.3     0.3     0.3     0.3     0.3     0.3     0.4     0.6     0.8     5.1     3.0     2.4     3.6     4.7     6.6     9.2     5.4    10.9     5.4     5.9     7.6     8.7    11.5    23.5    20.3    20.8    27.7    19.2    17.9    18.5    24.3    31.7    40.3    42.3    42.0    40.7    37.2    31.6    27.0    25.9    31.6    37.7    33.1    25.8    23.1    26.1    31.5    37.1    46.5    53.4    58.0    63.5    69.3    66.9    62.5    59.2 -9999.0 -9999.0 -9999.0 -9999.0 -9999.0 -9999.0 -9999.0 -9999.0 -9999.0 -9999.0 -9999.0 -9999.0 -9999.0 -9999.0 -9999.0 -9999.0 -9999.0 -9999.0 -9999.0 -9999.0 -9999.0 -9999.0 -9999.0 -9999.0 -9999.0 -9999.0 -9999.0 -9999.0 -9999.0
 -9999.0 -9999.0 -9999.0 -9999.0 -9999.0 -9999.0 -9999.0     0.4     0.9     0.5     1.9     1.6     0.5     0.5     0.4     0.3     0.2     0.2     0.2     0.2     0.1     0.1     0.1     0.1     0.1     0.1     0.1     0.2     0.2     0.2     0.3     0.4     0.5     0.6     0.8     1.1     1.4     1.5     2.0     2.3     1.2     2.7     2.1     1.1     0.6     0.5     0.6     0.6     1.1     1.1     1.6     2.3     3.4    16.1    12.0     2.6     3.0     4.4     9.2     5.7    12.7     3.5     3.9     6.8    15.2    22.4    33.4    38.3    32.5    31.4    24.3    21.9    29.8    40.0    47.9    56.9    51.6    49.1    44.5    37.5    32.8    28.9    29.1    38.0    44.5    41.8    36.3    33.4    34.4    38.3    44.1    55.5    70.3    79.9    83.9    84.9    76.8 -9999.0 -9999.0 -9999.0 -9999.0 -9999.0 -9999.0 -9999.0 -9999.0 -9999.0 -9999.0 -9999.0 -9999.0 -9999.0 -9999.0 -9999.0 -9999.0 -9999.0 -9999.0 -9999.0 -9999.0 -9999.0 -9999.0 -9999.0 -9999.0 -9999.0 -9999.0 -9999.0 -9999.0 -9999.0 -9999.0 -9999.0
 -9999.0 -9999.0 -9999.0 -9999.0 -9999.0 -9999.0 -9999.0     1.8     0.3     0.7     1.0     0.6     0.7     1.0     0.4     0.7     0.3     0.2     0.2     0.2     0.2     0.1     0.1     0.2     0.2     0.2     0.3     0.3     0.4     0.5     0.5     0.7     0.9     1.0     1.5     1.8     2.2     2.7     3.1     3.2     3.3     3.1     3.2     5.6     2.5     1.6     2.4     3.2     7.7     7.3    16.0    14.9     7.7     9.8    17.8     4.0     3.1     4.9    11.2    17.2    12.8     9.7     6.5    11.4    20.5    32.7    41.7    43.3    46.2    37.2    36.2    39.9    51.8    62.5    59.2    75.1    69.7    57.0    49.1    47.3    39.5    37.2    33.3    47.9    54.1    53.9    51.3    49.3    48.7    49.2    53.2    66.3    80.5    90.5    97.2   100.6 -9999.0 -9999.0 -9999.0 -9999.0 -9999.0 -9999.0 -9999.0 -9999.0 -9999.0 -9999.0 -9999.0 -9999.0 -9999.0 -9999.0 -9999.0 -9999.0 -9999.0 -9999.0 -9999.0 -9999.0 -9999.0 -9999.0 -9999.0 -9999.0 -9999.0 -9999.0 -9999.0 -9999.0 -9999.0 -9999.0 -9999.0 -9999.0
 -9999.0 -9999.0 -9999.0 -9999.0 -9999.0 -9999.0 -9999.0 -9999.0 -9999.0     0.5     0.4     0.4     0.7     0.6     0.4     0.3     0.3     0.4     0.3     0.3     0.2     0.2     0.3     0.3     0.3     0.4     0.5     0.6     0.9     0.7     1.5     1.5     1.8     1.9     2.7     3.1     3.7     4.3     5.0     5.7     5.7     5.8     5.3     4.8     5.9     6.4     7.5     8.7    11.1    13.2    17.1    15.8    13.8    12.4    21.0     9.1     5.1     6.6    18.2    22.2    25.3    32.4    35.4    21.5    35.2    44.3    47.1    46.9    51.3    47.3    50.9    54.4    65.7    75.9    82.5    62.0    63.7    65.4    69.1    72.9    66.4    62.7    67.1    67.9    68.3    67.1    65.7    66.4    68.9    71.7    76.8    85.8    89.8    91.9    97.9 -9999.0 -9999.0 -9999.0 -9999.0 -9999.0 -9999.0 -9999.0 -9999.0 -9999.0 -9999.0 -9999.0 -9999.0 -9999.0 -9999.0 -9999.0 -9999.0 -9999.0 -9999.0 -9999.0 -9999.0 -9999.0 -9999.0 -9999.0 -9999.0 -9999.0 -9999.0 -9999.0 -9999.0 -9999.0 -9999.0 -9999.0 -9999.0 -9999.0
 -9999.0 -9999.0 -9999.0 -9999.0 -9999.0 -9999.0 -9999.0 -9999.0 -9999.0 -9999.0 -9999.0     0.6     0.3     0.6     0.4     0.4     0.4     0.3     0.3     0.3     0.3     0.3     0.4     0.5     0.4     0.6     0.7     0.9     1.2     1.7     2.1     1.9     2.9     3.2     4.0     4.1     5.4     6.5     8.3     9.2    10.5    10.2     9.2     8.7    11.7    10.0    15.4    14.6    18.2    19.4    17.7    18.1    18.1    21.3    28.5    24.4    18.3    22.2    23.4    27.8    38.2    40.3    43.5    47.1    59.7    49.6    42.0    46.8    49.4    52.1    57.2    66.7    68.9    65.8    51.2    58.1    66.9    82.2    91.6    99.7   100.5    96.9    96.0    93.0    88.4    82.5    78.8    82.4    90.6    98.6   105.8   108.8    99.0    88.4    93.2 -9999.0 -9999.0 -9999.0 -9999.0 -9999.0 -9999.0 -9999.0 -9999.0 -9999.0 -9999.0 -9999.0 -9999.0 -9999.0 -9999.0 -9999.0 -9999.0 -9999.0 -9999.0 -9999.0 -9999.0 -9999.0 -9999.0 -9999.0 -9999.0 -9999.0 -9999.0 -9999.0 -9999.0 -9999.0 -9999.0 -9999.0 -9999.0 -9999.0
 -9999.0 -9999.0 -9999.0 -9999.0 -9999.0 -9999.0 -9999.0 -9999.0 -9999.0 -9999.0 -9999.0 -9999.0     0.3     0.3     0.5     0.4     0.5     0.4     0.4     0.4     0.5     0.5     0.6     0.9     0.4     1.2     1.8     1.5     2.0     1.7     2.8     3.5     4.0     4.0     4.7     6.0     6.8     9.0    11.3    13.4    15.1    15.5    15.0    15.6    15.7    17.2    20.4    18.9    21.9    23.9    28.5    27.3    23.8    22.8    27.5    33.2    36.0    42.0    23.4    39.6    41.3    56.3    65.3    68.4    69.0    79.1    46.1    47.6    50.7    56.7    57.3    57.5    59.3    60.9    71.4    97.6    93.8    99.9   109.0   106.0   118.5   117.5   117.9   115.5   109.7   101.4    95.1    97.4   105.8   112.9   116.9   116.5   104.4    91.1    93.7    98.9    97.0 -9999.0 -9999.0 -9999.0 -9999.0 -9999.0 -9999.0 -9999.0 -9999.0 -9999.0 -9999.0 -9999.0 -9999.0 -9999.0 -9999.0 -9999.0 -9999.0 -9999.0 -9999.0 -9999.0 -9999.0 -9999.0 -9999.0 -9999.0 -9999.0 -9999.0 -9999.0 -9999.0 -9999.0 -9999.0 -9999.0 -9999.0
 -9999.0 -9999.0 -9999.0 -9999.0 -9999.0 -9999.0 -9999.0 -9999.0 -9999.0 -9999.0 -9999.0 -9999.0     0.5     0.3     0.4     0.5     0.5     0.5     0.5     0.5     0.6     0.6     0.8     1.3     2.3     2.2     2.6     3.9     3.5     4.7     4.1     3.7     5.0     5.9     6.5     8.1     8.9    11.3    14.4    17.8    20.5    21.7    23.5    21.5    23.6    26.7    24.8    25.2    23.8    28.5    28.2    29.3    26.1    29.7    29.0    36.5    36.0    39.3    29.5    31.2    37.8    49.0    68.4    85.3    70.9    74.0    33.5    36.4    44.6    59.8    86.4   116.6   128.3   115.2   110.6   104.8   105.5   104.1   109.7   112.1   111.2   102.0   109.8   118.9   120.4   115.5   109.1   104.3   105.7   106.9   105.4   103.4    97.9    91.4    91.0    89.0    83.1 -9999.0 -9999.0 -9999.0 -9999.0 -9999.0 -9999.0 -9999.0 -9999.0 -9999.0 -9999.0 -9999.0 -9999.0 -9999.0 -9999.0 -9999.0 -9999.0 -9999.0 -9999.0 -9999.0 -9999.0 -9999.0 -9999.0 -9999.0 -9999.0 -9999.0 -9999.0 -9999.0 -9999.0 -9999.0 -9999.0 -9999.0
 -9999.0 -9999.0 -9999.0 -9999.0 -9999.0 -9999.0 -9999.0 -9999.0 -9999.0 -9999.0 -9999.0 -9999.0 -9999.0     0.3     0.5     0.5     0.5     0.6     0.8     0.9     0.9     1.4     1.2     2.5     2.8     1.8     2.2     2.0     3.2     4.2     6.1     7.0     5.8     6.6     9.5    10.4    11.9    14.1    18.7    22.4    26.4    29.8    30.7    33.5    31.3    30.5    33.5    36.2    37.1    35.8    34.3    30.0    29.5    42.2    40.4    40.6    39.2    43.3    56.4    47.8    51.3    52.6    69.3    63.0    54.9    56.8    55.6    47.4    62.2    74.4    70.3   103.5   139.3   139.5   131.3   115.8   108.1   106.5   103.8    86.7    84.9    73.9    89.1   107.8   116.8   114.7   106.5    96.0    90.6    87.9    85.4    83.6    80.6    75.0    69.7    64.8    59.4 -9999.0 -9999.0 -9999.0 -9999.0 -9999.0 -9999.0 -9999.0 -9999.0 -9999.0 -9999.0 -9999.0 -9999.0 -9999.0 -9999.0 -9999.0 -9999.0 -9999.0 -9999.0 -9999.0 -9999.0 -9999.0 -9999.0 -9999.0 -9999.0 -9999.0 -9999.0 -9999.0 -9999.0 -9999.0 -9999.0 -9999.0
 -9999.0 -9999.0 -9999.0 -9999.0 -9999.0 -9999.0 -9999.0 -9999.0 -9999.0 -9999.0 -9999.0 -9999.0     0.2     0.4     0.4     0.4     0.5     0.6     0.7     1.3     1.6     2.0     2.1     2.9     4.0     2.4     3.4     4.8     5.4     5.5     6.8     9.6     6.9     9.7    10.4    12.9    13.6    17.7    21.7    27.0    34.5    41.7    46.8    39.2    41.1    41.8    40.5    38.7    40.0    39.7    42.1    44.2    36.9    41.4    40.8    42.1    47.8    40.8    49.2    45.8    54.5    71.9    71.0    91.8    73.5    64.8    40.7    49.5    82.5   119.1   146.6   168.6   162.6   134.4   124.6   105.5    91.5    86.1    74.8    53.1    41.5    50.9    73.9    96.7   107.9   107.1    98.8    85.7    74.8    69.0    66.3    64.1    59.1    51.5    43.1    37.8    34.8    30.7 -9999.0 -9999.0 -9999.0 -9999.0 -9999.0 -9999.0 -9999.0 -9999.0 -9999.0 -9999.0 -9999.0 -9999.0 -9999.0 -9999.0 -9999.0 -9999.0 -9999.0 -9999.0 -9999.0 -9999.0 -9999.0 -9999.0 -9999.0 -9999.0 -9999.0 -9999.0 -9999.0 -9999.0 -9999.0 -9999.0
 -9999.0 -9999.0 -9999.0 -9999.0 -9999.0 -9999.0 -9999.0 -9999.0 -9999.0 -9999.0 -9999.0 -9999.0     0.3     0.2     0.3     0.5     0.5     0.7     1.0     0.9     1.8     1.6     2.2     2.9     4.5     5.9     6.2     6.8     7.3     9.3    10.6    10.7     8.8    13.8    15.1    15.7    19.1    21.6    26.6    33.4    39.5    43.6    45.7    47.6    48.9    50.8    55.4    52.9    50.3    42.3    41.0    44.7    41.3    43.8    46.7    48.8    49.3    55.9    57.9    73.6    88.0   105.6    66.2    59.6    64.2    59.6    61.8    55.0    62.6    88.1   129.5   165.7   169.7   162.8   136.8    96.2    70.9    67.6    55.7    37.5    35.2    50.4    78.8    98.5   105.1   105.5    97.6    82.3    65.0    55.6    51.2    46.7    41.2    34.6    26.9    23.2    23.3    23.0    24.4 -9999.0 -9999.0 -9999.0 -9999.0 -9999.0 -9999.0 -9999.0 -9999.0 -9999.0 -9999.0 -9999.0 -9999.0 -9999.0 -9999.0 -9999.0 -9999.0 -9999.0 -9999.0 -9999.0 -9999.0 -9999.0 -9999.0 -9999.0 -9999.0 -9999.0 -9999.0 -9999.0 -9999.0 -9999.0
 -9999.0 -9999.0 -9999.0 -9999.0 -9999.0 -9999.0 -9999.0 -9999.0 -9999.0 -9999.0 -9999.0 -9999.0     0.1     0.2     0.3     0.4     0.5     0.5     0.7     0.9     0.7     0.8     1.9     1.8     3.1     2.3     3.7     2.7     7.6     9.1    11.0     8.1    14.0    17.4    18.3    18.9    21.9    26.1    33.0    40.6    48.1    51.1    60.4    50.0    56.5    64.8    66.6    58.5    51.2    49.0    47.1    44.3    57.3    59.9    54.0    60.7    59.3    67.3    79.1    78.5    85.1    92.8   147.4    68.7    55.5    70.7    62.6    60.1    66.5    74.1    96.8   157.4   161.3   155.8   183.7   115.7   130.5    61.4    59.9    47.1    51.5    75.7   105.2   116.0   112.4   107.5    95.8    79.4    60.8    52.6    47.5    39.8    35.6    31.8    26.7    25.7    29.2    31.8    35.5    47.7 -9999.0 -9999.0 -9999.0 -9999.0 -9999.0 -9999.0 -9999.0 -9999.0 -9999.0 -9999.0 -9999.0 -9999.0 -9999.0 -9999.0 -9999.0 -9999.0 -9999.0 -9999.0 -9999.0 -9999.0 -9999.0 -9999.0 -9999.0 -9999.0 -9999.0 -9999.0 -9999.0 -9999.0
 -9999.0 -9999.0 -9999.0 -9999.0 -9999.0 -9999.0 -9999.0 -9999.0 -9999.0 -9999.0 -9999.0 -9999.0 -9999.0     0.3     0.3     0.3     0.4     0.5     0.5     0.5     0.4     1.0     0.9     1.0     2.7     2.8     3.8     5.6     5.0    10.5     7.4    10.4    11.4    16.4    16.9    16.8    21.7    29.2    37.5    47.1    55.5    68.9    76.7    72.7    61.3    63.1    69.2    57.2    62.2    55.4    46.7    51.1    48.0    51.4    56.6    61.8    65.9    73.8    90.8   123.2   129.8   196.8   149.9    60.9    56.5    58.1    60.9    65.3    70.0    85.1    99.5   111.7   137.0   101.9   114.1    94.7    83.4    77.1    81.7    70.5    83.2   108.8   129.7   129.1   113.9   101.0    87.6    80.9    66.6    62.6    60.0    52.0    48.0    45.3    42.9    44.6    53.1    57.2    60.1 -9999.0 -9999.0 -9999.0 -9999.0 -9999.0 -9999.0 -9999.0 -9999.0 -9999.0 -9999.0 -9999.0 -9999.0 -9999.0 -9999.0 -9999.0 -9999.0 -9999.0 -9999.0 -9999.0 -9999.0 -9999.0 -9999.0 -9999.0 -9999.0 -9999.0 -9999.0 -9999.0 -9999.0 -9999.0
 -9999.0 -9999.0 -9999.0 -9999.0 -9999.0 -9999.0 -9999.0 -9999.0 -9999.0 -9999.0 -9999.0 -9999.0 -9999.0     0.1     0.2     0.2     0.3     0.4     0.5     0.6     0.4     0.5     0.5     0.8     2.8     2.3     2.5     4.9     5.3     2.1     4.3     6.9    12.0    13.3    13.3    16.5    21.8    28.8    39.5    57.3    61.6    70.3    75.3    76.6    94.0    74.1    72.3    60.6    58.2    51.6    51.4    38.7    44.6    53.2    61.4    60.3    62.2    76.4   103.1   102.1   152.6   114.3    80.1    76.7    60.3    59.7    70.3    80.3    86.1    96.3   109.1   116.9   113.9   116.4   121.4   131.7   145.0   103.9    94.7    96.7   103.5   115.2   124.2   118.3   101.2    88.1    77.0    67.9    65.9    70.6    74.2    71.5    68.5    65.5    66.5    73.5    83.5    87.9    88.7 -9999.0 -9999.0 -9999.0 -9999.0 -9999.0 -9999.0 -9999.0 -9999.0 -9999.0 -9999.0 -9999.0 -9999.0 -9999.0 -9999.0 -9999.0 -9999.0 -9999.0 -9999.0 -9999.0 -9999.0 -9999.0 -9999.0 -9999.0 -9999.0 -9999.0 -9999.0 -9999.0 -9999.0 -9999.0
 -9999.0 -9999.0 -9999.0 -9999.0 -9999.0 -9999.0 -9999.0 -9999.0 -9999.0 -9999.0 -9999.0 -9999.0 -9999.0 -9999.0 -9999.0     0.2     0.3     0.3     0.4     0.7     0.4     0.7     1.0     0.9     0.9     1.1     0.5     1.3     0.9     3.8     4.0     6.9     6.3     8.9    11.9    15.4    22.6    23.3    34.8    48.3    67.5    78.6    79.5    75.0    58.6    57.2    70.6    57.6    60.4    41.2    40.7    60.2    38.5    41.4    33.8    49.5    59.6    57.8   111.2   148.9   118.8   104.9   127.3   107.2    89.0    87.8    97.0   104.7   106.7   117.6   132.5   136.3   148.8   145.9   142.5   172.0   167.4   168.6   129.6   110.4   101.8    98.0    98.2    94.2    86.4    78.2    69.2    62.9    60.1    65.1    73.7    74.9    73.0    72.2    81.2    95.1   103.6 -9999.0   104.4 -9999.0 -9999.0 -9999.0 -9999.0 -9999.0 -9999.0 -9999.0 -9999.0 -9999.0 -9999.0 -9999.0 -9999.0 -9999.0 -9999.0 -9999.0 -9999.0 -9999.0 -9999.0 -9999.0 -9999.0 -9999.0 -9999.0 -9999.0 -9999.0 -9999.0 -9999.0 -9999.0 -9999.0 -9999.0
 -9999.0 -9999.0 -9999.0 -9999.0 -9999.0 -9999.0 -9999.0 -9999.0 -9999.0 -9999.0 -9999.0 -9999.0 -9999.0 -9999.0 -9999.0 -9999.0 -9999.0     3.0     1.5 -9999.0     1.8     0.5     1.4     1.6     0.7     0.9     0.4     0.6     1.9     1.3     3.3     8.1     5.1    11.0    12.0    10.2    21.4    11.8    26.7    39.9    54.9    77.2    70.7    62.6    40.3    50.6    75.5    83.7    53.5    55.1    40.2    36.6    37.0    44.3    49.3    52.8    43.3    81.8   106.5   146.5   103.4   121.2   136.4   127.5   112.1   109.8   116.7   118.4   123.1   132.6   155.9   170.2   181.9   170.6   180.7   198.4   190.1   174.4   152.0   112.1    90.0    79.2    77.2    78.4    79.2    73.2    63.1    55.7    54.0    56.7    65.8    71.5    73.3    82.1    92.3    97.8   105.2   104.7    98.2    94.1   103.1 -9999.0 -9999.0 -9999.0 -9999.0 -9999.0 -9999.0 -9999.0 -9999.0 -9999.0 -9999.0 -9999.0 -9999.0 -9999.0 -9999.0 -9999.0 -9999.0 -9999.0 -9999.0 -9999.0 -9999.0 -9999.0 -9999.0 -9999.0 -9999.0 -9999.0 -9999.0 -9999.0
 -9999.0 -9999.0 -9999.0 -9999.0 -9999.0 -9999.0 -9999.0 -9999.0 -9999.0 -9999.0 -9999.0 -9999.0 -9999.0 -9999.0 -9999.0 -9999.0 -9999.0 -9999.0 -9999.0 -9999.0 -9999.0     1.2     0.8     0.4     0.7     2.2     1.9     1.6     1.3     3.1     3.3    11.6    10.8     8.8     7.2     6.3     6.7     8.3     8.5     6.3    10.5    66.3    73.4    63.5    31.7    56.8   102.0    61.5    98.2   198.4    61.8    98.3    87.4    44.1    49.5    64.2    67.4    61.9   130.5   134.8   118.0   129.4   123.5   113.8   108.9   108.8   118.1   121.2   131.9   138.4   159.9   188.8   203.6   200.2   196.1   196.4   189.5   167.8   147.0   113.9    85.2    73.2    72.1    77.4    86.8    68.2    55.3    50.1    52.1    54.9    63.5    69.4    88.2    97.2    98.2    97.1    92.4    87.3    84.0    69.7 -9999.0 -9999.0 -9999.0 -9999.0 -9999.0 -9999.0 -9999.0 -9999.0 -9999.0 -9999.0 -9999.0 -9999.0 -9999.0 -9999.0 -9999.0 -9999.0 -9999.0 -9999.0 -9999.0 -9999.0 -9999.0 -9999.0 -9999.0 -9999.0 -9999.0 -9999.0 -9999.0 -9999.0
 -9999.0 -9999.0 -9999.0 -9999.0 -9999.0 -9999.0 -9999.0 -9999.0 -9999.0 -9999.0 -9999.0 -9999.0 -9999.0 -9999.0 -9999.0 -9999.0 -9999.0 -9999.0 -9999.0 -9999.0 -9999.0 -9999.0 -9999.0     7.6     1.7     2.0     2.0     1.3     0.5     1.6     1.9     3.1     4.6     5.8     7.9     8.2    14.9     8.2    26.2    41.7    43.6    66.8    38.7    25.3    27.5   100.9    64.2    74.9    96.8   113.9    89.3   115.6    85.3    88.3    60.1    28.9    61.6    92.9    83.6   128.9   143.2   144.4   124.8    87.2    75.6    87.1   106.0   116.8   119.4   140.0   171.7   201.5   218.8   225.7   205.9   185.3   182.0   162.5   136.2   115.2    94.0    82.6    79.2    84.0    83.6    90.8    54.1    54.0    57.5    63.8    74.9    90.4    87.4   102.7    95.5    87.0    79.8    79.3    61.6 -9999.0 -9999.0 -9999.0 -9999.0 -9999.0 -9999.0 -9999.0 -9999.0 -9999.0 -9999.0 -9999.0 -9999.0 -9999.0 -9999.0 -9999.0 -9999.0 -9999.0 -9999.0 -9999.0 -9999.0 -9999.0 -9999.0 -9999.0 -9999.0 -9999.0 -9999.0 -9999.0 -9999.0 -9999.0
 -9999.0 -9999.0 -9999.0 -9999.0 -9999.0 -9999.0 -9999.0 -9999.0 -9999.0 -9999.0 -9999.0 -9999.0 -9999.0 -9999.0 -9999.0 -9999.0 -9999.0 -9999.0 -9999.0 -9999.0 -9999.0 -9999.0 -9999.0 -9999.0 -9999.0    21.3     6.3     0.5     0.6     1.2     1.5     4.0     5.8     6.5     5.4    13.3    36.4    13.6    39.0    26.6    62.9    30.8     7.4    14.5    55.2   109.4   107.6   197.2   114.1   140.0   161.2   156.0   169.2   152.9    73.9    55.9    73.3    70.9   107.6   123.3   137.5   134.0   171.3    70.8    61.3    70.5    87.1   103.8   128.0   153.6   173.7   194.6   199.4   219.7   214.6   168.4   138.0   137.6   158.6   117.2   102.6    96.2    86.5    86.7    91.6    75.3    65.4    64.0    73.0    81.4    85.8    87.3   100.2   127.2    95.3    97.3    71.1    68.3 -9999.0 -9999.0 -9999.0 -9999.0 -9999.0 -9999.0 -9999.0 -9999.0 -9999.0 -9999.0 -9999.0 -9999.0 -9999.0 -9999.0 -9999.0 -9999.0 -9999.0 -9999.0 -9999.0 -9999.0 -9999.0 -9999.0 -9999.0 -9999.0 -9999.0 -9999.0 -9999.0 -9999.0 -9999.0 -9999.0
 -9999.0 -9999.0 -9999.0 -9999.0 -9999.0 -9999.0 -9999.0 -9999.0 -9999.0 -9999.0 -9999.0 -9999.0 -9999.0 -9999.0 -9999.0 -9999.0 -9999.0 -9999.0 -9999.0 -9999.0 -9999.0 -9999.0 -9999.0 -9999.0 -9999.0 -9999.0 -9999.0    28.1    27.9     7.8     7.1     7.9     8.2     7.8     9.7     3.9     6.9     7.5     1.2    13.3    37.1     6.4    10.2    40.6    69.1   113.6   164.9   210.4   254.4   227.2   302.8   307.0   206.3   166.6   123.6   110.0    75.6    82.5   108.9   121.1   163.1   130.4   109.8    78.3    79.4    70.6    84.4   103.6   125.8   148.6   162.2   177.9   167.5   187.2   167.3   134.1   150.9   138.8   104.0    97.1   102.8    95.0    92.9    97.0    93.0    86.0    79.9    94.7    92.2    96.7   116.7   149.4   115.8   101.2   122.3   105.2    79.5 -9999.0 -9999.0 -9999.0 -9999.0 -9999.0 -9999.0 -9999.0 -9999.0 -9999.0 -9999.0 -9999.0 -9999.0 -9999.0 -9999.0 -9999.0 -9999.0 -9999.0 -9999.0 -9999.0 -9999.0 -9999.0 -9999.0 -9999.0 -9999.0 -9999.0 -9999.0 -9999.0 -9999.0 -9999.0 -9999.0 -9999.0
 -9999.0 -9999.0 -9999.0 -9999.0 -9999.0 -9999.0 -9999.0 -9999.0 -9999.0 -9999.0 -9999.0 -9999.0 -9999.0 -9999.0 -9999.0 -9999.0 -9999.0 -9999.0 -9999.0 -9999.0 -9999.0 -9999.0 -9999.0 -9999.0 -9999.0 -9999.0 -9999.0 -9999.0 -9999.0 -9999.0 -9999.0 -9999.0 -9999.0    10.5    10.1 -9999.0 -9999.0 -9999.0     1.8     5.2     3.2     7.2    12.5    48.6    84.5   118.3 -9999.0 -9999.0 -9999.0 -9999.0 -9999.0 -9999.0   281.1   232.4   158.4   112.5    98.0    96.0   115.4   150.5   172.1   144.8   130.9    96.7    81.4    82.7    98.0   117.6   131.2   142.6   145.9   155.3   161.5   150.2   155.6   120.9   150.2   113.7   100.7    91.5    89.7    93.6    99.0    96.5    95.5    90.1    87.9    95.5   110.4    95.8   112.3   119.0    99.3    88.4   108.5    91.0    77.1 -9999.0 -9999.0 -9999.0 -9999.0 -9999.0 -9999.0 -9999.0 -9999.0 -9999.0 -9999.0 -9999.0 -9999.0 -9999.0 -9999.0 -9999.0 -9999.0 -9999.0 -9999.0 -9999.0 -9999.0 -9999.0 -9999.0 -9999.0 -9999.0 -9999.0 -9999.0 -9999.0 -9999.0 -9999.0 -9999.0 -9999.0
 -9999.0 -9999.0 -9999.0 -9999.0 -9999.0 -9999.0 -9999.0 -9999.0 -9999.0 -9999.0 -9999.0 -9999.0 -9999.0 -9999.0 -9999.0 -9999.0 -9999.0 -9999.0 -9999.0 -9999.0 -9999.0 -9999.0 -9999.0 -9999.0 -9999.0 -9999.0 -9999.0 -9999.0 -9999.0 -9999.0 -9999.0 -9999.0 -9999.0 -9999.0 -9999.0 -9999.0 -9999.0 -9999.0 -9999.0    12.7    16.4    24.4    37.1    55.2 -9999.0 -9999.0 -9999.0 -9999.0 -9999.0 -9999.0 -9999.0 -9999.0   323.9   274.9   202.9   143.1   115.8   109.9   125.6   172.3   216.8   182.8   141.9   116.9   106.4   111.0   120.9   117.6   122.9   141.2   152.8   150.0   140.3   146.3   124.4   124.6   130.0   114.9   122.7    84.8    90.9    96.1    98.4    95.7    89.2    90.8    96.9   100.6    90.0    87.4    85.1    89.0    83.6    98.9   102.9    72.1 -9999.0 -9999.0 -9999.0 -9999.0 -9999.0 -9999.0 -9999.0 -9999.0 -9999.0 -9999.0 -9999.0 -9999.0 -9999.0 -9999.0 -9999.0 -9999.0 -9999.0 -9999.0 -9999.0 -9999.0 -9999.0 -9999.0 -9999.0 -9999.0 -9999.0 -9999.0 -9999.0 -9999.0 -9999.0 -9999.0 -9999.0 -9999.0
 -9999.0 -9999.0 -9999.0 -9999.0 -9999.0 -9999.0 -9999.0 -9999.0 -9999.0 -9999.0 -9999.0 -9999.0 -9999.0 -9999.0 -9999.0 -9999.0 -9999.0 -9999.0 -9999.0 -9999.0 -9999.0 -9999.0 -9999.0 -9999.0 -9999.0 -9999.0 -9999.0 -9999.0 -9999.0 -9999.0 -9999.0 -9999.0 -9999.0 -9999.0 -9999.0 -9999.0 -9999.0 -9999.0 -9999.0 -9999.0 -9999.0 -9999.0 -9999.0 -9999.0 -9999.0 -9999.0 -9999.0 -9999.0 -9999.0 -9999.0 -9999.0 -9999.0   329.1   306.9   239.4   194.7   145.7   129.8   137.6   175.7   206.4   192.2   126.2   115.4   109.8   117.6   113.6   108.6   109.2   124.4   144.7   150.3   152.5   138.3   128.4   115.7   129.5   120.4   108.9   104.2   112.3   111.8   101.0    89.2    84.5    90.6    96.9    91.5    78.5    71.5    76.8    96.4    79.1    89.4    62.1 -9999.0 -9999.0 -9999.0 -9999.0 -9999.0 -9999.0 -9999.0 -9999.0 -9999.0 -9999.0 -9999.0 -9999.0 -9999.0 -9999.0 -9999.0 -9999.0 -9999.0 -9999.0 -9999.0 -9999.0 -9999.0 -9999.0 -9999.0 -9999.0 -9999.0 -9999.0 -9999.0 -9999.0 -9999.0 -9999.0 -9999.0 -9999.0 -9999.0
 -9999.0 -9999.0 -9999.0 -9999.0 -9999.0 -9999.0 -9999.0 -9999.0 -9999.0 -9999.0 -9999.0 -9999.0 -9999.0 -9999.0 -9999.0 -9999.0 -9999.0 -9999.0 -9999.0 -9999.0 -9999.0 -9999.0 -9999.0 -9999.0 -9999.0 -9999.0 -9999.0 -9999.0 -9999.0 -9999.0 -9999.0 -9999.0 -9999.0 -9999.0 -9999.0 -9999.0 -9999.0 -9999.0 -9999.0 -9999.0 -9999.0 -9999.0 -9999.0 -9999.0 -9999.0 -9999.0 -9999.0 -9999.0 -9999.0 -9999.0 -9999.0   306.5   355.1   325.4   268.2   212.5   169.5   151.4   139.0   116.6   153.9   136.7   112.8    93.0   100.7   117.5   109.9    87.5    92.6   100.2   123.9   136.8   131.9   118.7   112.1   110.6   125.6   121.3   133.0   132.3   118.1   108.1   102.6    85.6    83.3    86.4    87.4    81.5    68.4    56.7    75.9    77.7    75.7    41.8    31.7 -9999.0 -9999.0 -9999.0 -9999.0 -9999.0 -9999.0 -9999.0 -9999.0 -9999.0 -9999.0 -9999.0 -9999.0 -9999.0 -9999.0 -9999.0 -9999.0 -9999.0 -9999.0 -9999.0 -9999.0 -9999.0 -9999.0 -9999.0 -9999.0 -9999.0 -9999.0 -9999.0 -9999.0 -9999.0 -9999.0 -9999.0 -9999.0 -9999.0
 -9999.0 -9999.0 -9999.0 -9999.0 -9999.0 -9999.0 -9999.0 -9999.0 -9999.0 -9999.0 -9999.0 -9999.0 -9999.0 -9999.0 -9999.0 -9999.0 -9999.0 -9999.0 -9999.0 -9999.0 -9999.0 -9999.0 -9999.0 -9999.0 -9999.0 -9999.0 -9999.0 -9999.0 -9999.0 -9999.0 -9999.0 -9999.0 -9999.0 -9999.0 -9999.0 -9999.0 -9999.0 -9999.0 -9999.0 -9999.0 -9999.0 -9999.0 -9999.0 -9999.0 -9999.0 -9999.0 -9999.0 -9999.0 -9999.0 -9999.0   201.5   302.1   333.8   322.8   267.5   227.3   176.9   134.7   117.2   113.2   100.3    94.3    75.0    70.7    90.3   107.4   111.6    87.8    79.5    70.3    85.8    92.9    97.6   106.0   108.1   110.5   111.7   113.8   114.1   117.7   111.1    91.6    84.6    81.0    80.7    79.5    78.6    69.6    56.1    51.2    57.2    69.1    50.2    32.5    19.1 -9999.0 -9999.0 -9999.0 -9999.0 -9999.0 -9999.0 -9999.0 -9999.0 -9999.0 -9999.0 -9999.0 -9999.0 -9999.0 -9999.0 -9999.0 -9999.0 -9999.0 -9999.0 -9999.0 -9999.0 -9999.0 -9999.0 -9999.0 -9999.0 -9999.0 -9999.0 -9999.0 -9999.0 -9999.0 -9999.0 -9999.0 -9999.0 -9999.0
 -9999.0 -9999.0 -9999.0 -9999.0 -9999.0 -9999.0 -9999.0 -9999.0 -9999.0 -9999.0 -9999.0 -9999.0 -9999.0 -9999.0 -9999.0 -9999.0 -9999.0 -9999.0 -9999.0 -9999.0 -9999.0 -9999.0 -9999.0 -9999.0 -9999.0 -9999.0 -9999.0 -9999.0 -9999.0 -9999.0 -9999.0 -9999.0 -9999.0 -9999.0 -9999.0 -9999.0 -9999.0 -9999.0 -9999.0 -9999.0 -9999.0 -9999.0 -9999.0 -9999.0 -9999.0 -9999.0 -9999.0 -9999.0 -9999.0 -9999.0   166.4   290.6   223.7   278.9   263.1   219.7   159.1   146.4   108.6    72.1    53.0    55.0    57.9    65.0    82.2    78.0    82.3    69.9    62.4    53.6    60.0    67.4    73.2    81.7    91.9   100.6    92.7    82.4    83.3    94.2    85.9    86.3    74.4    75.4    75.8    66.9    60.0    54.6    47.2    44.8    53.8    46.9    41.1    28.3 -9999.0 -9999.0 -9999.0 -9999.0 -9999.0 -9999.0 -9999.0 -9999.0 -9999.0 -9999.0 -9999.0 -9999.0 -9999.0 -9999.0 -9999.0 -9999.0 -9999.0 -9999.0 -9999.0 -9999.0 -9999.0 -9999.0 -9999.0 -9999.0 -9999.0 -9999.0 -9999.0 -9999.0 -9999.0 -9999.0 -9999.0 -9999.0 -9999.0 -9999.0
 -9999.0 -9999.0 -9999.0 -9999.0 -9999.0 -9999.0 -9999.0 -9999.0 -9999.0 -9999.0 -9999.0 -9999.0 -9999.0 -9999.0 -9999.0 -9999.0 -9999.0 -9999.0 -9999.0 -9999.0 -9999.0 -9999.0 -9999.0 -9999.0 -9999.0 -9999.0 -9999.0 -9999.0 -9999.0 -9999.0 -9999.0 -9999.0 -9999.0 -9999.0 -9999.0 -9999.0 -9999.0 -9999.0 -9999.0 -9999.0 -9999.0 -9999.0 -9999.0 -9999.0 -9999.0 -9999.0 -9999.0 -9999.0 -9999.0 -9999.0   134.9   173.3   167.9   274.1   209.4   193.5   186.3   143.5   104.5    70.1    48.4    45.2    49.1    64.7    72.6    71.8    63.3    65.0    64.6    72.5    68.2    85.3    68.8    75.8    74.5    84.4    75.4    73.7    71.1    75.8    84.1    77.2    68.2    66.3    59.7    42.0    30.7    30.0    39.4    49.0    62.2    56.6 -9999.0 -9999.0 -9999.0 -9999.0 -9999.0 -9999.0 -9999.0 -9999.0 -9999.0 -9999.0 -9999.0 -9999.0 -9999.0 -9999.0 -9999.0 -9999.0 -9999.0 -9999.0 -9999.0 -9999.0 -9999.0 -9999.0 -9999.0 -9999.0 -9999.0 -9999.0 -9999.0 -9999.0 -9999.0 -9999.0 -9999.0 -9999.0 -9999.0 -9999.0 -9999.0 -9999.0
 -9999.0 -9999.0 -9999.0 -9999.0 -9999.0 -9999.0 -9999.0 -9999.0 -9999.0 -9999.0 -9999.0 -9999.0 -9999.0 -9999.0 -9999.0 -9999.0 -9999.0 -9999.0 -9999.0 -9999.0 -9999.0 -9999.0 -9999.0 -9999.0 -9999.0 -9999.0 -9999.0 -9999.0 -9999.0 -9999.0 -9999.0 -9999.0 -9999.0 -9999.0 -9999.0 -9999.0 -9999.0 -9999.0 -9999.0 -9999.0 -9999.0 -9999.0 -9999.0 -9999.0 -9999.0 -9999.0 -9999.0 -9999.0 -9999.0 -9999.0   154.0   201.3   187.7   209.7   202.3   199.1   142.6   134.6   107.8    82.5    63.1    54.2    67.1    59.8    55.7    56.4    67.3    83.4   104.6    81.4    99.8    95.3    88.4    78.8    66.8    74.1    70.3    71.2    64.6    73.2    87.9    83.5    65.4    50.5    30.7    18.6    19.5    18.7    41.6    64.7    75.0 -9999.0 -9999.0 -9999.0 -9999.0 -9999.0 -9999.0 -9999.0 -9999.0 -9999.0 -9999.0 -9999.0 -9999.0 -9999.0 -9999.0 -9999.0 -9999.0 -9999.0 -9999.0 -9999.0 -9999.0 -9999.0 -9999.0 -9999.0 -9999.0 -9999.0 -9999.0 -9999.0 -9999.0 -9999.0 -9999.0 -9999.0 -9999.0 -9999.0 -9999.0 -9999.0 -9999.0 -9999.0
 -9999.0 -9999.0 -9999.0 -9999.0 -9999.0 -9999.0 -9999.0 -9999.0 -9999.0 -9999.0 -9999.0 -9999.0 -9999.0 -9999.0 -9999.0 -9999.0 -9999.0 -9999.0 -9999.0 -9999.0 -9999.0 -9999.0 -9999.0 -9999.0 -9999.0 -9999.0 -9999.0 -9999.0 -9999.0 -9999.0 -9999.0 -9999.0 -9999.0 -9999.0 -9999.0 -9999.0 -9999.0 -9999.0 -9999.0 -9999.0 -9999.0 -9999.0 -9999.0 -9999.0 -9999.0 -9999.0 -9999.0 -9999.0 -9999.0 -9999.0 -9999.0 -9999.0 -9999.0   170.6   159.3   143.1   130.4   115.0    84.3    81.5    74.1    81.3    59.3    61.1    42.3    40.8    59.8    84.7   123.3   134.1   123.5   108.6    94.0    86.2    86.2    81.3    69.2    57.2    47.9    49.0    62.3    66.1    53.5    34.2    16.6     8.5     9.3    30.8    50.2    83.3 -9999.0 -9999.0 -9999.0 -9999.0 -9999.0 -9999.0 -9999.0 -9999.0 -9999.0 -9999.0 -9999.0 -9999.0 -9999.0 -9999.0 -9999.0 -9999.0 -9999.0 -9999.0 -9999.0 -9999.0 -9999.0 -9999.0 -9999.0 -9999.0 -9999.0 -9999.0 -9999.0 -9999.0 -9999.0 -9999.0 -9999.0 -9999.0 -9999.0 -9999.0 -9999.0 -9999.0 -9999.0 -9999.0
 -9999.0 -9999.0 -9999.0 -9999.0 -9999.0 -9999.0 -9999.0 -9999.0 -9999.0 -9999.0 -9999.0 -9999.0 -9999.0 -9999.0 -9999.0 -9999.0 -9999.0 -9999.0 -9999.0 -9999.0 -9999.0 -9999.0 -9999.0 -9999.0 -9999.0 -9999.0 -9999.0 -9999.0 -9999.0 -9999.0 -9999.0 -9999.0 -9999.0 -9999.0 -9999.0 -9999.0 -9999.0 -9999.0 -9999.0 -9999.0 -9999.0 -9999.0 -9999.0 -9999.0 -9999.0 -9999.0 -9999.0 -9999.0 -9999.0 -9999.0 -9999.0 -9999.0 -9999.0   159.0   139.7   158.5   105.5    81.6    77.4    90.8    94.3    95.1    90.1    81.8    54.7    44.7    48.8    90.1    90.0   107.2   111.8   114.0   107.7   103.9   105.8    93.5    62.0    37.1    25.7    27.5    35.8    48.4    47.8 -9999.0    18.2     8.7 -9999.0 -9999.0 -9999.0 -9999.0 -9999.0 -9999.0 -9999.0 -9999.0 -9999.0 -9999.0 -9999.0 -9999.0 -9999.0 -9999.0 -9999.0 -9999.0 -9999.0 -9999.0 -9999.0 -9999.0 -9999.0 -9999.0 -9999.0 -9999.0 -9999.0 -9999.0 -9999.0 -9999.0 -9999.0 -9999.0 -9999.0 -9999.0 -9999.0 -9999.0 -9999.0 -9999.0 -9999.0 -9999.0 -9999.0 -9999.0 -9999.0 -9999.0
 -9999.0 -9999.0 -9999.0 -9999.0 -9999.0 -9999.0 -9999.0 -9999.0 -9999.0 -9999.0 -9999.0 -9999.0 -9999.0 -9999.0 -9999.0 -9999.0 -9999.0 -9999.0 -9999.0 -9999.0 -9999.0 -9999.0 -9999.0 -9999.0 -9999.0 -9999.0 -9999.0 -9999.0 -9999.0 -9999.0 -9999.0 -9999.0 -9999.0 -9999.0 -9999.0 -9999.0 -9999.0 -9999.0 -9999.0 -9999.0 -9999.0 -9999.0 -9999.0 -9999.0 -9999.0 -9999.0 -9999.0 -9999.0 -9999.0 -9999.0 -9999.0 -9999.0 -9999.0   147.5   114.7   122.4    96.1    73.3    70.7    77.2   100.8   113.2   106.3    80.1    65.7 -9999.0 -9999.0 -9999.0    92.4    88.0   124.6   157.3   146.3   116.3    98.0    86.5    59.6    42.2    77.5    43.8    51.1    64.7    73.8 -9999.0 -9999.0 -9999.0 -9999.0 -9999.0 -9999.0 -9999.0 -9999.0 -9999.0 -9999.0 -9999.0 -9999.0 -9999.0 -9999.0 -9999.0 -9999.0 -9999.0 -9999.0 -9999.0 -9999.0 -9999.0 -9999.0 -9999.0 -9999.0 -9999.0 -9999.0 -9999.0 -9999.0 -9999.0 -9999.0 -9999.0 -9999.0 -9999.0 -9999.0 -9999.0 -9999.0 -9999.0 -9999.0 -9999.0 -9999.0 -9999.0 -9999.0 -9999.0 -9999.0 -9999.0
 -9999.0 -9999.0 -9999.0 -9999.0 -9999.0 -9999.0 -9999.0 -9999.0 -9999.0 -9999.0 -9999.0 -9999.0 -9999.0 -9999.0 -9999.0 -9999.0 -9999.0 -9999.0 -9999.0 -9999.0 -9999.0 -9999.0 -9999.0 -9999.0 -9999.0 -9999.0 -9999.0 -9999.0 -9999.0 -9999.0 -9999.0 -9999.0 -9999.0 -9999.0 -9999.0 -9999.0 -9999.0 -9999.0 -9999.0 -9999.0 -9999.0 -9999.0 -9999.0 -9999.0 -9999.0 -9999.0 -9999.0 -9999.0 -9999.0 -9999.0 -9999.0 -9999.0 -9999.0 -9999.0   120.8   103.1    72.4    57.4    67.0    82.2    74.5 -9999.0 -9999.0 -9999.0 -9999.0 -9999.0 -9999.0 -9999.0    77.2   123.5   200.4   211.6   182.9   123.6    75.7    58.8    68.7    97.9   121.9 -9999.0   126.3 -9999.0 -9999.0 -9999.0 -9999.0 -9999.0 -9999.0 -9999.0 -9999.0 -9999.0 -9999.0 -9999.0 -9999.0 -9999.0 -9999.0 -9999.0 -9999.0 -9999.0 -9999.0 -9999.0 -9999.0 -9999.0 -9999.0 -9999.0 -9999.0 -9999.0 -9999.0 -9999.0 -9999.0 -9999.0 -9999.0 -9999.0 -9999.0 -9999.0 -9999.0 -9999.0 -9999.0 -9999.0 -9999.0 -9999.0 -9999.0 -9999.0 -9999.0 -9999.0 -9999.0 -9999.0 -9999.0 -9999.0
 -9999.0 -9999.0 -9999.0 -9999.0 -9999.0 -9999.0 -9999.0 -9999.0 -9999.0 -9999.0 -9999.0 -9999.0 -9999.0 -9999.0 -9999.0 -9999.0 -9999.0 -9999.0 -9999.0 -9999.0 -9999.0 -9999.0 -9999.0 -9999.0 -9999.0 -9999.0 -9999.0 -9999.0 -9999.0 -9999.0 -9999.0 -9999.0 -9999.0 -9999.0 -9999.0 -9999.0 -9999.0 -9999.0 -9999.0 -9999.0 -9999.0 -9999.0 -9999.0 -9999.0 -9999.0 -9999.0 -9999.0 -9999.0 -9999.0 -9999.0 -9999.0 -9999.0 -9999.0 -9999.0 -9999.0    83.6    90.9    60.1    50.9    64.0    70.4 -9999.0 -9999.0 -9999.0 -9999.0 -9999.0 -9999.0 -9999.0 -9999.0 -9999.0   212.3 -9999.0 -9999.0 -9999.0 -9999.0 -9999.0    67.8 -9999.0 -9999.0 -9999.0 -9999.0 -9999.0 -9999.0 -9999.0 -9999.0 -9999.0 -9999.0 -9999.0 -9999.0 -9999.0 -9999.0 -9999.0 -9999.0 -9999.0 -9999.0 -9999.0 -9999.0 -9999.0 -9999.0 -9999.0 -9999.0 -9999.0 -9999.0 -9999.0 -9999.0 -9999.0 -9999.0 -9999.0 -9999.0 -9999.0 -9999.0 -9999.0 -9999.0 -9999.0 -9999.0 -9999.0 -9999.0 -9999.0 -9999.0 -9999.0 -9999.0 -9999.0 -9999.0 -9999.0 -9999.0 -9999.0 -9999.0 -9999.0
 -9999.0 -9999.0 -9999.0 -9999.0 -9999.0 -9999.0 -9999.0 -9999.0 -9999.0 -9999.0 -9999.0 -9999.0 -9999.0 -9999.0 -9999.0 -9999.0 -9999.0 -9999.0 -9999.0 -9999.0 -9999.0 -9999.0 -9999.0 -9999.0 -9999.0 -9999.0 -9999.0 -9999.0 -9999.0 -9999.0 -9999.0 -9999.0 -9999.0 -9999.0 -9999.0 -9999.0 -9999.0 -9999.0 -9999.0 -9999.0 -9999.0 -9999.0 -9999.0 -9999.0 -9999.0 -9999.0 -9999.0 -9999.0 -9999.0 -9999.0 -9999.0 -9999.0 -9999.0 -9999.0 -9999.0 -9999.0 -9999.0 -9999.0    51.6    47.1 -9999.0 -9999.0 -9999.0 -9999.0 -9999.0 -9999.0 -9999.0 -9999.0 -9999.0 -9999.0 -9999.0 -9999.0 -9999.0 -9999.0 -9999.0    50.8    71.4 -9999.0 -9999.0 -9999.0 -9999.0 -9999.0 -9999.0 -9999.0 -9999.0 -9999.0 -9999.0 -9999.0 -9999.0 -9999.0 -9999.0 -9999.0 -9999.0 -9999.0 -9999.0 -9999.0 -9999.0 -9999.0 -9999.0 -9999.0 -9999.0 -9999.0 -9999.0 -9999.0 -9999.0 -9999.0 -9999.0 -9999.0 -9999.0 -9999.0 -9999.0 -9999.0 -9999.0 -9999.0 -9999.0 -9999.0 -9999.0 -9999.0 -9999.0 -9999.0 -9999.0 -9999.0 -9999.0 -9999.0 -9999.0 -9999.0 -9999.0 -9999.0
 -9999.0 -9999.0 -9999.0 -9999.0 -9999.0 -9999.0 -9999.0 -9999.0 -9999.0 -9999.0 -9999.0 -9999.0 -9999.0 -9999.0 -9999.0 -9999.0 -9999.0 -9999.0 -9999.0 -9999.0 -9999.0 -9999.0 -9999.0 -9999.0 -9999.0 -9999.0 -9999.0 -9999.0 -9999.0 -9999.0 -9999.0 -9999.0 -9999.0 -9999.0 -9999.0 -9999.0 -9999.0 -9999.0 -9999.0 -9999.0 -9999.0 -9999.0 -9999.0 -9999.0 -9999.0 -9999.0 -9999.0 -9999.0 -9999.0 -9999.0 -9999.0 -9999.0 -9999.0 -9999.0 -9999.0 -9999.0 -9999.0 -9999.0 -9999.0 -9999.0 -9999.0 -9999.0 -9999.0 -9999.0 -9999.0 -9999.0 -9999.0 -9999.0 -9999.0 -9999.0 -9999.0 -9999.0 -9999.0 -9999.0 -9999.0 -9999.0 -9999.0 -9999.0 -9999.0 -9999.0 -9999.0 -9999.0 -9999.0 -9999.0 -9999.0 -9999.0 -9999.0 -9999.0 -9999.0 -9999.0 -9999.0 -9999.0 -9999.0 -9999.0 -9999.0 -9999.0 -9999.0 -9999.0 -9999.0 -9999.0 -9999.0 -9999.0 -9999.0 -9999.0 -9999.0 -9999.0 -9999.0 -9999.0 -9999.0 -9999.0 -9999.0 -9999.0 -9999.0 -9999.0 -9999.0 -9999.0 -9999.0 -9999.0 -9999.0 -9999.0 -9999.0 -9999.0 -9999.0 -9999.0 -9999.0 -9999.0 -9999.0 -9999.0
 -9999.0 -9999.0 -9999.0 -9999.0 -9999.0 -9999.0 -9999.0 -9999.0 -9999.0 -9999.0 -9999.0 -9999.0 -9999.0 -9999.0 -9999.0 -9999.0 -9999.0 -9999.0 -9999.0 -9999.0 -9999.0 -9999.0 -9999.0 -9999.0 -9999.0 -9999.0 -9999.0 -9999.0 -9999.0 -9999.0 -9999.0 -9999.0 -9999.0 -9999.0 -9999.0 -9999.0 -9999.0 -9999.0 -9999.0 -9999.0 -9999.0 -9999.0 -9999.0 -9999.0 -9999.0 -9999.0 -9999.0 -9999.0 -9999.0 -9999.0 -9999.0 -9999.0 -9999.0 -9999.0 -9999.0 -9999.0 -9999.0 -9999.0 -9999.0 -9999.0 -9999.0 -9999.0 -9999.0 -9999.0 -9999.0 -9999.0 -9999.0 -9999.0 -9999.0 -9999.0 -9999.0 -9999.0 -9999.0 -9999.0 -9999.0   216.4   222.1   293.2 -9999.0 -9999.0 -9999.0 -9999.0 -9999.0 -9999.0 -9999.0 -9999.0 -9999.0 -9999.0 -9999.0 -9999.0 -9999.0 -9999.0 -9999.0 -9999.0 -9999.0 -9999.0 -9999.0 -9999.0 -9999.0 -9999.0 -9999.0 -9999.0 -9999.0 -9999.0 -9999.0 -9999.0 -9999.0 -9999.0 -9999.0 -9999.0 -9999.0 -9999.0 -9999.0 -9999.0 -9999.0 -9999.0 -9999.0 -9999.0 -9999.0 -9999.0 -9999.0 -9999.0 -9999.0 -9999.0 -9999.0 -9999.0 -9999.0 -9999.0
 -9999.0 -9999.0 -9999.0 -9999.0 -9999.0 -9999.0 -9999.0 -9999.0 -9999.0 -9999.0 -9999.0 -9999.0 -9999.0 -9999.0 -9999.0 -9999.0 -9999.0 -9999.0 -9999.0 -9999.0 -9999.0 -9999.0 -9999.0 -9999.0 -9999.0 -9999.0 -9999.0 -9999.0 -9999.0 -9999.0 -9999.0 -9999.0 -9999.0 -9999.0 -9999.0 -9999.0 -9999.0 -9999.0 -9999.0 -9999.0 -9999.0 -9999.0 -9999.0 -9999.0 -9999.0 -9999.0 -9999.0 -9999.0 -9999.0 -9999.0 -9999.0 -9999.0 -9999.0 -9999.0 -9999.0 -9999.0 -9999.0 -9999.0 -9999.0 -9999.0 -9999.0 -9999.0 -9999.0 -9999.0 -9999.0 -9999.0 -9999.0 -9999.0 -9999.0 -9999.0 -9999.0 -9999.0 -9999.0   228.5   358.1   362.4   419.7 -9999.0 -9999.0 -9999.0 -9999.0 -9999.0 -9999.0 -9999.0 -9999.0 -9999.0 -9999.0 -9999.0 -9999.0 -9999.0 -9999.0 -9999.0 -9999.0 -9999.0 -9999.0 -9999.0 -9999.0 -9999.0 -9999.0 -9999.0 -9999.0 -9999.0 -9999.0 -9999.0 -9999.0 -9999.0 -9999.0 -9999.0 -9999.0 -9999.0 -9999.0 -9999.0 -9999.0 -9999.0 -9999.0 -9999.0 -9999.0 -9999.0 -9999.0 -9999.0 -9999.0 -9999.0 -9999.0 -9999.0 -9999.0 -9999.0 -9999.0 -9999.0
 -9999.0 -9999.0 -9999.0 -9999.0 -9999.0 -9999.0 -9999.0 -9999.0 -9999.0 -9999.0 -9999.0 -9999.0 -9999.0 -9999.0 -9999.0 -9999.0 -9999.0 -9999.0 -9999.0 -9999.0 -9999.0 -9999.0 -9999.0 -9999.0 -9999.0 -9999.0 -9999.0 -9999.0 -9999.0 -9999.0 -9999.0 -9999.0 -9999.0 -9999.0 -9999.0 -9999.0 -9999.0 -9999.0 -9999.0 -9999.0 -9999.0 -9999.0 -9999.0 -9999.0 -9999.0 -9999.0 -9999.0 -9999.0 -9999.0 -9999.0 -9999.0 -9999.0 -9999.0 -9999.0 -9999.0 -9999.0 -9999.0 -9999.0 -9999.0 -9999.0 -9999.0 -9999.0 -9999.0 -9999.0 -9999.0 -9999.0 -9999.0 -9999.0 -9999.0 -9999.0 -9999.0 -9999.0 -9999.0 -9999.0   340.6   506.2   495.5 -9999.0 -9999.0 -9999.0 -9999.0 -9999.0 -9999.0 -9999.0 -9999.0 -9999.0 -9999.0 -9999.0 -9999.0 -9999.0 -9999.0 -9999.0 -9999.0 -9999.0 -9999.0 -9999.0 -9999.0 -9999.0 -9999.0 -9999.0 -9999.0 -9999.0 -9999.0 -9999.0 -9999.0 -9999.0 -9999.0 -9999.0 -9999.0 -9999.0 -9999.0 -9999.0 -9999.0 -9999.0 -9999.0 -9999.0 -9999.0 -9999.0 -9999.0 -9999.0 -9999.0 -9999.0 -9999.0 -9999.0 -9999.0 -9999.0 -9999.0 -9999.0
 -9999.0 -9999.0 -9999.0 -9999.0 -9999.0 -9999.0 -9999.0 -9999.0 -9999.0 -9999.0 -9999.0 -9999.0 -9999.0 -9999.0 -9999.0 -9999.0 -9999.0 -9999.0 -9999.0 -9999.0 -9999.0 -9999.0 -9999.0 -9999.0 -9999.0 -9999.0 -9999.0 -9999.0 -9999.0 -9999.0 -9999.0 -9999.0 -9999.0 -9999.0 -9999.0 -9999.0 -9999.0 -9999.0 -9999.0 -9999.0 -9999.0 -9999.0 -9999.0 -9999.0 -9999.0 -9999.0 -9999.0 -9999.0 -9999.0 -9999.0 -9999.0 -9999.0 -9999.0 -9999.0 -9999.0 -9999.0 -9999.0 -9999.0 -9999.0 -9999.0 -9999.0 -9999.0 -9999.0 -9999.0 -9999.0 -9999.0 -9999.0 -9999.0 -9999.0 -9999.0 -9999.0 -9999.0 -9999.0 -9999.0 -9999.0 -9999.0 -9999.0 -9999.0 -9999.0 -9999.0 -9999.0 -9999.0 -9999.0 -9999.0 -9999.0 -9999.0 -9999.0 -9999.0 -9999.0 -9999.0 -9999.0 -9999.0 -9999.0 -9999.0 -9999.0 -9999.0 -9999.0 -9999.0 -9999.0 -9999.0 -9999.0 -9999.0 -9999.0 -9999.0 -9999.0 -9999.0 -9999.0 -9999.0 -9999.0 -9999.0 -9999.0 -9999.0 -9999.0 -9999.0 -9999.0 -9999.0 -9999.0 -9999.0 -9999.0 -9999.0 -9999.0 -9999.0 -9999.0 -9999.0 -9999.0 -9999.0 -9999.0 -9999.0
