NCOLS      128
NROWS       72
XLLCORNER    72.000000000000    
YLLCORNER    18.000000000000    
CELLSIZE    0.50000000000000    
NODATA_VALUE   -9999.000    
 -9999.0 -9999.0 -9999.0 -9999.0 -9999.0 -9999.0 -9999.0 -9999.0 -9999.0 -9999.0 -9999.0 -9999.0 -9999.0 -9999.0 -9999.0 -9999.0 -9999.0 -9999.0 -9999.0 -9999.0 -9999.0 -9999.0 -9999.0 -9999.0 -9999.0 -9999.0 -9999.0 -9999.0 -9999.0 -9999.0 -9999.0 -9999.0 -9999.0 -9999.0 -9999.0 -9999.0 -9999.0 -9999.0 -9999.0 -9999.0 -9999.0 -9999.0 -9999.0 -9999.0 -9999.0 -9999.0 -9999.0 -9999.0 -9999.0 -9999.0 -9999.0 -9999.0 -9999.0 -9999.0 -9999.0 -9999.0 -9999.0 -9999.0 -9999.0 -9999.0 -9999.0 -9999.0 -9999.0 -9999.0 -9999.0 -9999.0 -9999.0 -9999.0 -9999.0 -9999.0 -9999.0 -9999.0 -9999.0 -9999.0 -9999.0 -9999.0 -9999.0 -9999.0 -9999.0 -9999.0 -9999.0 -9999.0 -9999.0 -9999.0 -9999.0 -9999.0 -9999.0 -9999.0 -9999.0 -9999.0 -9999.0 -9999.0 -9999.0 -9999.0 -9999.0 -9999.0 -9999.0   266.2   241.4   220.0   214.4   200.4   198.2   199.5   217.2 -9999.0 -9999.0 -9999.0 -9999.0 -9999.0 -9999.0 -9999.0 -9999.0 -9999.0 -9999.0 -9999.0 -9999.0 -9999.0 -9999.0 -9999.0 -9999.0 -9999.0 -9999.0 -9999.0 -9999.0 -9999.0 -9999.0 -9999.0
 -9999.0 -9999.0 -9999.0 -9999.0 -9999.0 -9999.0 -9999.0 -9999.0 -9999.0 -9999.0 -9999.0 -9999.0 -9999.0 -9999.0 -9999.0 -9999.0 -9999.0 -9999.0 -9999.0 -9999.0 -9999.0 -9999.0 -9999.0 -9999.0 -9999.0 -9999.0 -9999.0 -9999.0 -9999.0 -9999.0 -9999.0 -9999.0 -9999.0 -9999.0 -9999.0 -9999.0 -9999.0 -9999.0 -9999.0 -9999.0 -9999.0 -9999.0 -9999.0 -9999.0 -9999.0 -9999.0 -9999.0 -9999.0 -9999.0 -9999.0 -9999.0 -9999.0 -9999.0 -9999.0 -9999.0 -9999.0 -9999.0 -9999.0 -9999.0 -9999.0 -9999.0 -9999.0 -9999.0 -9999.0 -9999.0 -9999.0 -9999.0 -9999.0 -9999.0 -9999.0 -9999.0 -9999.0 -9999.0 -9999.0 -9999.0 -9999.0 -9999.0 -9999.0 -9999.0 -9999.0 -9999.0 -9999.0 -9999.0 -9999.0 -9999.0 -9999.0 -9999.0 -9999.0 -9999.0 -9999.0 -9999.0 -9999.0 -9999.0 -9999.0 -9999.0 -9999.0   242.1   220.1   214.9   194.5   196.1   190.2   182.8   181.0   188.6   184.7   190.2   206.8   220.5 -9999.0 -9999.0 -9999.0 -9999.0 -9999.0 -9999.0 -9999.0 -9999.0 -9999.0 -9999.0 -9999.0 -9999.0 -9999.0 -9999.0 -9999.0 -9999.0 -9999.0 -9999.0 -9999.0
 -9999.0 -9999.0 -9999.0 -9999.0 -9999.0 -9999.0 -9999.0 -9999.0 -9999.0 -9999.0 -9999.0 -9999.0 -9999.0 -9999.0 -9999.0 -9999.0 -9999.0 -9999.0 -9999.0 -9999.0 -9999.0 -9999.0 -9999.0 -9999.0 -9999.0 -9999.0 -9999.0 -9999.0 -9999.0 -9999.0 -9999.0 -9999.0 -9999.0 -9999.0 -9999.0 -9999.0 -9999.0 -9999.0 -9999.0 -9999.0 -9999.0 -9999.0 -9999.0 -9999.0 -9999.0 -9999.0 -9999.0 -9999.0 -9999.0 -9999.0 -9999.0 -9999.0 -9999.0 -9999.0 -9999.0 -9999.0 -9999.0 -9999.0 -9999.0 -9999.0 -9999.0 -9999.0 -9999.0 -9999.0 -9999.0 -9999.0 -9999.0 -9999.0 -9999.0 -9999.0 -9999.0 -9999.0 -9999.0 -9999.0 -9999.0 -9999.0 -9999.0 -9999.0 -9999.0 -9999.0 -9999.0 -9999.0 -9999.0 -9999.0 -9999.0 -9999.0 -9999.0 -9999.0 -9999.0 -9999.0 -9999.0 -9999.0 -9999.0 -9999.0 -9999.0   240.0   211.1   190.9   183.2   165.2   164.6   169.4   173.4   179.8   183.7   211.6   194.5   208.8   214.3 -9999.0 -9999.0 -9999.0 -9999.0 -9999.0 -9999.0 -9999.0 -9999.0 -9999.0 -9999.0 -9999.0 -9999.0 -9999.0 -9999.0 -9999.0 -9999.0 -9999.0 -9999.0 -9999.0
 -9999.0 -9999.0 -9999.0 -9999.0 -9999.0 -9999.0 -9999.0 -9999.0 -9999.0 -9999.0 -9999.0 -9999.0 -9999.0 -9999.0 -9999.0 -9999.0 -9999.0 -9999.0 -9999.0 -9999.0 -9999.0 -9999.0 -9999.0 -9999.0 -9999.0 -9999.0 -9999.0 -9999.0 -9999.0 -9999.0 -9999.0 -9999.0 -9999.0 -9999.0 -9999.0 -9999.0 -9999.0 -9999.0 -9999.0 -9999.0 -9999.0 -9999.0 -9999.0 -9999.0 -9999.0 -9999.0 -9999.0 -9999.0 -9999.0 -9999.0 -9999.0 -9999.0 -9999.0 -9999.0 -9999.0 -9999.0 -9999.0 -9999.0 -9999.0 -9999.0 -9999.0 -9999.0 -9999.0 -9999.0 -9999.0 -9999.0 -9999.0 -9999.0 -9999.0 -9999.0 -9999.0 -9999.0 -9999.0 -9999.0 -9999.0 -9999.0 -9999.0 -9999.0 -9999.0 -9999.0 -9999.0 -9999.0 -9999.0 -9999.0 -9999.0 -9999.0 -9999.0 -9999.0 -9999.0 -9999.0 -9999.0 -9999.0 -9999.0 -9999.0 -9999.0   196.2   185.6   148.4   144.3   146.0   156.5   171.5   167.2   177.5   189.4   199.1   196.6   211.0   213.1   226.1 -9999.0 -9999.0 -9999.0 -9999.0 -9999.0 -9999.0 -9999.0 -9999.0 -9999.0 -9999.0 -9999.0 -9999.0 -9999.0 -9999.0 -9999.0 -9999.0 -9999.0 -9999.0
 -9999.0 -9999.0 -9999.0 -9999.0 -9999.0 -9999.0 -9999.0 -9999.0 -9999.0 -9999.0 -9999.0 -9999.0 -9999.0 -9999.0 -9999.0 -9999.0 -9999.0 -9999.0 -9999.0 -9999.0 -9999.0 -9999.0 -9999.0 -9999.0 -9999.0 -9999.0 -9999.0 -9999.0 -9999.0 -9999.0 -9999.0 -9999.0 -9999.0 -9999.0 -9999.0 -9999.0 -9999.0 -9999.0 -9999.0 -9999.0 -9999.0 -9999.0 -9999.0 -9999.0 -9999.0 -9999.0 -9999.0 -9999.0 -9999.0 -9999.0 -9999.0 -9999.0 -9999.0 -9999.0 -9999.0 -9999.0 -9999.0 -9999.0 -9999.0 -9999.0 -9999.0 -9999.0 -9999.0 -9999.0 -9999.0 -9999.0 -9999.0 -9999.0 -9999.0 -9999.0 -9999.0 -9999.0 -9999.0 -9999.0 -9999.0 -9999.0 -9999.0 -9999.0 -9999.0 -9999.0 -9999.0 -9999.0 -9999.0 -9999.0 -9999.0 -9999.0 -9999.0 -9999.0 -9999.0 -9999.0 -9999.0 -9999.0 -9999.0 -9999.0 -9999.0   167.2   140.9   140.4   131.7   126.3   131.7   165.1   178.6   190.7   202.0   221.7   208.8   218.8   229.1   229.5   258.7 -9999.0 -9999.0 -9999.0 -9999.0 -9999.0 -9999.0 -9999.0 -9999.0 -9999.0 -9999.0 -9999.0 -9999.0 -9999.0 -9999.0 -9999.0 -9999.0 -9999.0
 -9999.0 -9999.0 -9999.0 -9999.0 -9999.0 -9999.0 -9999.0 -9999.0 -9999.0 -9999.0 -9999.0 -9999.0 -9999.0 -9999.0 -9999.0 -9999.0 -9999.0 -9999.0 -9999.0 -9999.0 -9999.0 -9999.0 -9999.0 -9999.0 -9999.0 -9999.0 -9999.0 -9999.0 -9999.0 -9999.0 -9999.0 -9999.0 -9999.0 -9999.0 -9999.0 -9999.0 -9999.0 -9999.0 -9999.0 -9999.0 -9999.0 -9999.0 -9999.0 -9999.0 -9999.0 -9999.0 -9999.0 -9999.0 -9999.0 -9999.0 -9999.0 -9999.0 -9999.0 -9999.0 -9999.0 -9999.0 -9999.0 -9999.0 -9999.0 -9999.0 -9999.0 -9999.0 -9999.0 -9999.0 -9999.0 -9999.0 -9999.0 -9999.0 -9999.0 -9999.0 -9999.0 -9999.0 -9999.0 -9999.0 -9999.0 -9999.0 -9999.0 -9999.0 -9999.0 -9999.0 -9999.0 -9999.0 -9999.0 -9999.0 -9999.0 -9999.0 -9999.0 -9999.0 -9999.0 -9999.0 -9999.0 -9999.0 -9999.0 -9999.0   147.6   133.2   125.0   112.1   106.0   115.3   137.0   141.3   176.9   197.8   208.4   220.0   220.8   228.5   241.7   236.5   265.3 -9999.0 -9999.0 -9999.0 -9999.0 -9999.0 -9999.0 -9999.0 -9999.0 -9999.0 -9999.0 -9999.0 -9999.0 -9999.0 -9999.0 -9999.0 -9999.0 -9999.0
 -9999.0 -9999.0 -9999.0 -9999.0 -9999.0 -9999.0 -9999.0 -9999.0 -9999.0 -9999.0 -9999.0 -9999.0 -9999.0 -9999.0 -9999.0 -9999.0 -9999.0 -9999.0 -9999.0 -9999.0 -9999.0 -9999.0 -9999.0 -9999.0 -9999.0 -9999.0 -9999.0 -9999.0 -9999.0 -9999.0 -9999.0 -9999.0 -9999.0 -9999.0 -9999.0 -9999.0 -9999.0 -9999.0 -9999.0 -9999.0 -9999.0 -9999.0 -9999.0 -9999.0 -9999.0 -9999.0 -9999.0 -9999.0 -9999.0 -9999.0 -9999.0 -9999.0 -9999.0 -9999.0 -9999.0 -9999.0 -9999.0 -9999.0 -9999.0 -9999.0 -9999.0 -9999.0 -9999.0 -9999.0 -9999.0 -9999.0 -9999.0 -9999.0 -9999.0 -9999.0 -9999.0 -9999.0 -9999.0 -9999.0 -9999.0 -9999.0 -9999.0 -9999.0 -9999.0 -9999.0 -9999.0 -9999.0 -9999.0 -9999.0 -9999.0 -9999.0 -9999.0 -9999.0 -9999.0 -9999.0 -9999.0 -9999.0 -9999.0 -9999.0   117.6   114.3   105.0    96.3    95.3    99.0   123.7   152.7   180.2   202.0   210.0   224.6   226.5   228.3   248.4   260.1   247.5   258.3 -9999.0 -9999.0 -9999.0 -9999.0 -9999.0 -9999.0 -9999.0 -9999.0 -9999.0 -9999.0 -9999.0 -9999.0 -9999.0 -9999.0 -9999.0 -9999.0
 -9999.0 -9999.0 -9999.0 -9999.0 -9999.0 -9999.0 -9999.0 -9999.0 -9999.0 -9999.0 -9999.0 -9999.0 -9999.0 -9999.0 -9999.0 -9999.0 -9999.0 -9999.0 -9999.0 -9999.0 -9999.0 -9999.0 -9999.0 -9999.0 -9999.0 -9999.0 -9999.0 -9999.0 -9999.0 -9999.0 -9999.0 -9999.0 -9999.0 -9999.0 -9999.0 -9999.0 -9999.0 -9999.0 -9999.0 -9999.0 -9999.0 -9999.0 -9999.0 -9999.0 -9999.0 -9999.0 -9999.0 -9999.0 -9999.0 -9999.0 -9999.0 -9999.0 -9999.0 -9999.0 -9999.0 -9999.0 -9999.0 -9999.0 -9999.0 -9999.0 -9999.0 -9999.0 -9999.0 -9999.0 -9999.0 -9999.0 -9999.0 -9999.0 -9999.0 -9999.0 -9999.0 -9999.0 -9999.0 -9999.0 -9999.0 -9999.0 -9999.0 -9999.0 -9999.0 -9999.0 -9999.0 -9999.0 -9999.0 -9999.0 -9999.0 -9999.0 -9999.0 -9999.0 -9999.0   114.3 -9999.0 -9999.0    99.1    94.6    82.4    79.7    80.0    78.4    83.5    99.2   110.0   145.0   179.2   193.5   205.7   212.3   212.8   242.0   244.7   256.8   231.6   236.4 -9999.0 -9999.0 -9999.0 -9999.0 -9999.0 -9999.0 -9999.0 -9999.0 -9999.0 -9999.0 -9999.0 -9999.0 -9999.0 -9999.0 -9999.0 -9999.0
 -9999.0 -9999.0 -9999.0 -9999.0 -9999.0 -9999.0 -9999.0 -9999.0 -9999.0 -9999.0 -9999.0 -9999.0 -9999.0 -9999.0 -9999.0 -9999.0 -9999.0 -9999.0 -9999.0 -9999.0 -9999.0 -9999.0 -9999.0 -9999.0 -9999.0 -9999.0 -9999.0 -9999.0 -9999.0 -9999.0 -9999.0 -9999.0 -9999.0 -9999.0 -9999.0 -9999.0 -9999.0 -9999.0 -9999.0 -9999.0 -9999.0 -9999.0 -9999.0 -9999.0 -9999.0 -9999.0 -9999.0 -9999.0 -9999.0 -9999.0 -9999.0 -9999.0 -9999.0 -9999.0 -9999.0 -9999.0 -9999.0 -9999.0 -9999.0 -9999.0 -9999.0 -9999.0 -9999.0 -9999.0 -9999.0 -9999.0 -9999.0 -9999.0 -9999.0 -9999.0 -9999.0 -9999.0 -9999.0 -9999.0 -9999.0 -9999.0 -9999.0 -9999.0 -9999.0 -9999.0 -9999.0 -9999.0 -9999.0 -9999.0 -9999.0 -9999.0 -9999.0 -9999.0    67.3    73.9    84.4    80.8    72.4    69.7    57.1    60.1    59.6    65.9    75.8    94.4   124.6   152.9   172.6   191.0   198.3   201.0   199.5   203.7   211.6   216.9   211.6   193.7   213.2   221.9   204.6   174.3 -9999.0 -9999.0 -9999.0 -9999.0 -9999.0 -9999.0 -9999.0 -9999.0 -9999.0 -9999.0 -9999.0 -9999.0
 -9999.0 -9999.0 -9999.0 -9999.0 -9999.0 -9999.0 -9999.0 -9999.0 -9999.0 -9999.0 -9999.0 -9999.0 -9999.0 -9999.0 -9999.0 -9999.0 -9999.0 -9999.0 -9999.0 -9999.0 -9999.0 -9999.0 -9999.0 -9999.0 -9999.0 -9999.0 -9999.0 -9999.0 -9999.0   125.1   128.6   123.3   114.6 -9999.0 -9999.0 -9999.0 -9999.0 -9999.0 -9999.0 -9999.0 -9999.0 -9999.0 -9999.0 -9999.0 -9999.0 -9999.0 -9999.0 -9999.0 -9999.0 -9999.0 -9999.0 -9999.0 -9999.0 -9999.0 -9999.0 -9999.0 -9999.0 -9999.0 -9999.0 -9999.0 -9999.0 -9999.0 -9999.0 -9999.0 -9999.0 -9999.0 -9999.0 -9999.0 -9999.0 -9999.0 -9999.0 -9999.0 -9999.0 -9999.0 -9999.0 -9999.0 -9999.0 -9999.0 -9999.0 -9999.0 -9999.0 -9999.0 -9999.0 -9999.0 -9999.0 -9999.0 -9999.0    40.4    44.4    51.5    58.7    57.3    56.8    49.8    42.4    39.2    45.6    53.5    79.3   100.6   123.9   147.1   170.3   165.7   176.2   174.3   168.5   174.1   190.9   183.0   168.3   166.6   199.1   207.2   206.2   161.5   138.5   156.2 -9999.0 -9999.0 -9999.0 -9999.0 -9999.0 -9999.0 -9999.0 -9999.0 -9999.0 -9999.0
 -9999.0 -9999.0 -9999.0 -9999.0 -9999.0 -9999.0 -9999.0 -9999.0 -9999.0 -9999.0 -9999.0 -9999.0 -9999.0 -9999.0 -9999.0 -9999.0 -9999.0 -9999.0 -9999.0 -9999.0 -9999.0 -9999.0 -9999.0 -9999.0 -9999.0 -9999.0 -9999.0    79.2    95.1    74.8   106.5    98.0   102.7    80.0 -9999.0 -9999.0 -9999.0 -9999.0 -9999.0 -9999.0 -9999.0 -9999.0 -9999.0 -9999.0 -9999.0 -9999.0 -9999.0 -9999.0 -9999.0 -9999.0 -9999.0 -9999.0 -9999.0 -9999.0 -9999.0 -9999.0 -9999.0 -9999.0 -9999.0 -9999.0 -9999.0 -9999.0 -9999.0 -9999.0 -9999.0 -9999.0 -9999.0 -9999.0 -9999.0 -9999.0 -9999.0 -9999.0 -9999.0 -9999.0 -9999.0 -9999.0 -9999.0 -9999.0 -9999.0 -9999.0 -9999.0 -9999.0 -9999.0 -9999.0 -9999.0 -9999.0 -9999.0    31.1    32.8    31.6    37.3    44.3    46.6    44.2    37.6    36.9    40.8    57.7    75.9   106.1   129.5   150.7   167.1   160.6   145.3   140.7   153.1   168.5   151.7   137.9   144.3   163.1   206.0   218.4   222.8   214.4   174.3   175.1 -9999.0 -9999.0 -9999.0 -9999.0 -9999.0   181.2   187.2   197.3   198.1 -9999.0
 -9999.0 -9999.0 -9999.0 -9999.0 -9999.0 -9999.0 -9999.0 -9999.0 -9999.0 -9999.0 -9999.0 -9999.0 -9999.0 -9999.0 -9999.0 -9999.0 -9999.0 -9999.0 -9999.0 -9999.0 -9999.0 -9999.0 -9999.0 -9999.0 -9999.0 -9999.0    42.4    25.9    31.7    33.2    38.7    45.3    96.6    76.1    81.1    80.4    82.1 -9999.0 -9999.0 -9999.0 -9999.0 -9999.0 -9999.0 -9999.0 -9999.0 -9999.0 -9999.0 -9999.0 -9999.0 -9999.0 -9999.0 -9999.0 -9999.0 -9999.0 -9999.0 -9999.0 -9999.0 -9999.0 -9999.0 -9999.0 -9999.0 -9999.0 -9999.0 -9999.0 -9999.0 -9999.0 -9999.0 -9999.0 -9999.0 -9999.0 -9999.0 -9999.0 -9999.0 -9999.0 -9999.0 -9999.0 -9999.0 -9999.0 -9999.0 -9999.0 -9999.0 -9999.0 -9999.0 -9999.0 -9999.0 -9999.0    19.8    20.4    20.5    22.5    30.4    37.5    42.3    41.4    37.5    40.8    46.3    63.5    84.1    98.3   123.7   143.1   151.8   148.3   129.5   127.0   147.0   153.6   133.1   120.1   126.5   147.2   182.1   194.0   243.7   226.5   161.2   161.5   225.3 -9999.0 -9999.0   161.6   157.6   163.8   169.8   214.7   184.0 -9999.0
 -9999.0 -9999.0 -9999.0 -9999.0 -9999.0 -9999.0 -9999.0 -9999.0 -9999.0 -9999.0 -9999.0 -9999.0 -9999.0 -9999.0 -9999.0 -9999.0 -9999.0 -9999.0 -9999.0 -9999.0 -9999.0 -9999.0 -9999.0 -9999.0 -9999.0 -9999.0    20.9    21.8    16.1    10.7     8.4    13.7    16.1    44.6    54.0    68.7    89.0    64.9 -9999.0 -9999.0 -9999.0 -9999.0 -9999.0 -9999.0 -9999.0 -9999.0 -9999.0 -9999.0 -9999.0 -9999.0 -9999.0 -9999.0 -9999.0 -9999.0 -9999.0 -9999.0 -9999.0 -9999.0 -9999.0 -9999.0 -9999.0 -9999.0 -9999.0 -9999.0 -9999.0 -9999.0 -9999.0 -9999.0 -9999.0 -9999.0 -9999.0 -9999.0 -9999.0 -9999.0 -9999.0 -9999.0 -9999.0 -9999.0 -9999.0 -9999.0 -9999.0 -9999.0 -9999.0 -9999.0 -9999.0 -9999.0    14.6    14.1    16.4    20.7    26.1    32.4    39.2    39.5    41.2    44.5    59.0    66.9    75.7    94.3   111.8   126.7   136.1   128.2   119.6   117.2   129.7   132.4   118.2    99.4   101.8   134.2   176.6   165.0   180.3   277.6   173.5   157.2   152.3   167.5   166.6   158.5   152.6   148.6   148.9   149.3   155.6 -9999.0
 -9999.0 -9999.0 -9999.0 -9999.0 -9999.0 -9999.0 -9999.0 -9999.0 -9999.0 -9999.0 -9999.0 -9999.0 -9999.0 -9999.0 -9999.0 -9999.0 -9999.0 -9999.0 -9999.0 -9999.0 -9999.0   104.9   113.8    82.7    54.7    57.2    68.6    68.8    37.2    14.3     5.2     6.0     8.3    16.9    33.6    41.9    61.7    59.4    64.4 -9999.0 -9999.0 -9999.0 -9999.0 -9999.0 -9999.0 -9999.0 -9999.0 -9999.0 -9999.0 -9999.0 -9999.0 -9999.0 -9999.0 -9999.0 -9999.0 -9999.0 -9999.0 -9999.0 -9999.0 -9999.0 -9999.0 -9999.0 -9999.0 -9999.0 -9999.0 -9999.0 -9999.0 -9999.0 -9999.0 -9999.0 -9999.0 -9999.0 -9999.0 -9999.0 -9999.0 -9999.0 -9999.0 -9999.0 -9999.0 -9999.0 -9999.0 -9999.0 -9999.0 -9999.0 -9999.0 -9999.0 -9999.0    15.6 -9999.0 -9999.0    24.1 -9999.0 -9999.0    38.4    40.2    48.3    64.5    68.8    74.5    95.2    95.7   111.8   115.1   110.2   101.5    99.9   107.5   117.7   103.3    97.1    98.3   113.8   144.0   177.8   187.0   209.8   161.1   146.0   154.5   172.6   190.9   157.6   142.8   133.0   135.2   163.2 -9999.0 -9999.0
 -9999.0 -9999.0 -9999.0 -9999.0 -9999.0 -9999.0 -9999.0 -9999.0 -9999.0 -9999.0 -9999.0 -9999.0 -9999.0 -9999.0 -9999.0 -9999.0 -9999.0 -9999.0 -9999.0 -9999.0 -9999.0    20.6    27.9    36.7    40.8   112.6    58.8    41.6    30.8    14.9     5.5     6.5    11.8    14.6    21.9    28.6    35.1    55.0    40.0 -9999.0 -9999.0 -9999.0 -9999.0 -9999.0 -9999.0 -9999.0 -9999.0 -9999.0 -9999.0 -9999.0 -9999.0 -9999.0 -9999.0 -9999.0 -9999.0 -9999.0 -9999.0 -9999.0 -9999.0 -9999.0 -9999.0 -9999.0 -9999.0 -9999.0 -9999.0 -9999.0 -9999.0 -9999.0 -9999.0 -9999.0 -9999.0 -9999.0 -9999.0 -9999.0 -9999.0 -9999.0 -9999.0 -9999.0 -9999.0 -9999.0 -9999.0 -9999.0 -9999.0 -9999.0 -9999.0 -9999.0 -9999.0 -9999.0 -9999.0    20.0    24.5    29.2    34.7    34.3    38.1    48.5    53.0    65.5    74.2    77.5    82.9    94.4    98.3    94.1    86.7    86.2    97.5   108.0   106.4   108.3   114.1   127.9   149.9   176.0   203.2   157.3   145.5   139.6   143.1   157.2   160.5   151.9   151.8   172.3   117.5 -9999.0 -9999.0 -9999.0
 -9999.0 -9999.0 -9999.0 -9999.0 -9999.0 -9999.0 -9999.0 -9999.0 -9999.0 -9999.0 -9999.0 -9999.0 -9999.0 -9999.0 -9999.0 -9999.0 -9999.0 -9999.0 -9999.0 -9999.0    15.1    25.4    20.9    33.4    41.0    23.9    13.6    16.1     8.7     6.9     8.1     6.7    12.1    18.2    22.0    23.6    32.4    28.2    27.4 -9999.0 -9999.0 -9999.0 -9999.0 -9999.0 -9999.0 -9999.0 -9999.0 -9999.0 -9999.0 -9999.0 -9999.0 -9999.0 -9999.0 -9999.0 -9999.0 -9999.0 -9999.0 -9999.0 -9999.0 -9999.0 -9999.0 -9999.0 -9999.0 -9999.0 -9999.0 -9999.0 -9999.0 -9999.0 -9999.0 -9999.0 -9999.0 -9999.0 -9999.0 -9999.0 -9999.0 -9999.0 -9999.0 -9999.0 -9999.0 -9999.0 -9999.0 -9999.0 -9999.0 -9999.0 -9999.0 -9999.0 -9999.0 -9999.0    18.8    22.2    25.4    27.1    30.7    31.4    33.6    40.9    48.6    67.1    74.3    77.1    85.5    90.8    90.7    83.1    76.0    79.6    96.9   113.3   124.1   131.0   137.1   143.1   152.4   133.5   125.4   135.0   124.8   129.4   161.9   170.5   151.3   154.3   141.2   128.4   122.0 -9999.0 -9999.0 -9999.0
 -9999.0 -9999.0 -9999.0 -9999.0 -9999.0 -9999.0 -9999.0 -9999.0 -9999.0 -9999.0 -9999.0 -9999.0 -9999.0 -9999.0 -9999.0 -9999.0 -9999.0 -9999.0    73.9    37.7    19.7   197.7    97.9   108.1    65.8    39.2     7.8     6.3     5.7     7.8     7.5    10.2    15.8    20.6    25.5    29.6    28.8    23.1    19.7 -9999.0 -9999.0 -9999.0 -9999.0 -9999.0 -9999.0 -9999.0 -9999.0 -9999.0 -9999.0 -9999.0 -9999.0 -9999.0 -9999.0 -9999.0 -9999.0 -9999.0 -9999.0 -9999.0 -9999.0 -9999.0 -9999.0 -9999.0 -9999.0 -9999.0 -9999.0 -9999.0 -9999.0 -9999.0 -9999.0 -9999.0 -9999.0 -9999.0 -9999.0 -9999.0 -9999.0 -9999.0 -9999.0 -9999.0 -9999.0 -9999.0 -9999.0 -9999.0 -9999.0 -9999.0    20.3    19.3    19.7    17.3    18.0    25.2    27.1    28.4    27.4    29.0    30.4    38.1    43.5    57.7    65.6    74.6    86.1    93.6    89.6    78.2    69.4    73.2    95.2   124.0   145.2   160.4   164.9   164.4   152.8   116.9   122.5   121.6   169.7   112.2   132.5   138.2   157.1   147.7   140.5   132.8 -9999.0 -9999.0 -9999.0 -9999.0
 -9999.0 -9999.0 -9999.0 -9999.0 -9999.0 -9999.0 -9999.0 -9999.0 -9999.0 -9999.0 -9999.0 -9999.0 -9999.0 -9999.0 -9999.0    67.8   117.5   184.1   209.6    95.8   108.7    28.0   106.8    41.7    21.8    11.0    10.4    11.5    10.9    11.7    11.4    11.8    17.0    23.1    38.2    41.5    34.1    59.4    34.8    25.4    29.3    31.9    32.6    35.1 -9999.0 -9999.0 -9999.0 -9999.0 -9999.0 -9999.0 -9999.0 -9999.0 -9999.0 -9999.0 -9999.0 -9999.0 -9999.0 -9999.0 -9999.0 -9999.0 -9999.0 -9999.0 -9999.0 -9999.0 -9999.0 -9999.0 -9999.0 -9999.0 -9999.0 -9999.0 -9999.0 -9999.0 -9999.0 -9999.0 -9999.0 -9999.0 -9999.0 -9999.0 -9999.0    18.7    20.5    21.6    21.9    22.8    23.7    21.6    19.7    18.0    18.9    24.1    25.3    27.9    29.3    32.6    34.1    43.6    44.1    52.3    57.8    67.3    81.0    92.9    91.6    80.4    70.2    73.0    97.5   136.9   174.7   190.2   195.5   173.6   143.0   122.5   190.0   111.8   100.3   102.2   113.1   130.2   137.5   145.0   142.9   153.6 -9999.0 -9999.0 -9999.0 -9999.0
 -9999.0 -9999.0 -9999.0 -9999.0 -9999.0 -9999.0 -9999.0 -9999.0 -9999.0 -9999.0 -9999.0 -9999.0 -9999.0 -9999.0 -9999.0   170.4   161.1   197.5   136.1    74.4    12.4     9.4    10.5    15.9    15.5    15.7    15.8    17.7    19.2    17.0    13.1    10.8    15.3    18.7    25.7    30.2    23.3    28.6    17.4    17.4    15.6    10.2    13.1    17.3    17.7    23.5    57.4 -9999.0 -9999.0 -9999.0 -9999.0 -9999.0 -9999.0 -9999.0 -9999.0 -9999.0 -9999.0 -9999.0 -9999.0 -9999.0 -9999.0 -9999.0 -9999.0 -9999.0 -9999.0 -9999.0 -9999.0 -9999.0 -9999.0 -9999.0 -9999.0 -9999.0 -9999.0 -9999.0 -9999.0 -9999.0 -9999.0 -9999.0    17.1    17.4    18.8    22.6    25.2    24.3    22.5    19.1    16.8    18.2    21.7    26.3    31.7    34.8    40.4    40.2    51.9    38.4    42.7    42.0    49.9    58.9    73.5    88.7    95.9    94.2    92.5   105.2   132.8   172.0   216.5   225.4   210.0   183.8   202.1   182.7   160.3   110.3   133.9   136.8   137.5   143.6   137.9   147.0   166.0 -9999.0 -9999.0 -9999.0 -9999.0 -9999.0
 -9999.0 -9999.0 -9999.0 -9999.0 -9999.0 -9999.0 -9999.0 -9999.0 -9999.0 -9999.0 -9999.0 -9999.0 -9999.0 -9999.0 -9999.0 -9999.0    31.5    29.4    53.1   107.9   157.6    75.8   190.2   109.4    56.5    51.2    43.4    33.8    31.8    25.8    17.4    11.3    14.3    22.2    32.3    38.7    37.1    32.6    27.5    30.9    36.5    25.5    21.7    14.0    11.9    10.8    11.0    12.7 -9999.0 -9999.0 -9999.0 -9999.0 -9999.0 -9999.0 -9999.0 -9999.0 -9999.0 -9999.0 -9999.0 -9999.0 -9999.0 -9999.0 -9999.0 -9999.0 -9999.0 -9999.0 -9999.0 -9999.0 -9999.0 -9999.0 -9999.0 -9999.0 -9999.0 -9999.0 -9999.0 -9999.0 -9999.0 -9999.0    16.3    14.3    16.1    20.3    21.7    21.9    21.1    18.4    21.0    21.7    28.1    38.4    42.0    48.9    60.8    54.8    37.3    33.2    32.5    38.8    46.4    56.1    71.5    93.9   115.0   129.9   142.0   160.9   199.1   243.3   284.4   285.7   256.5   258.0   257.9   175.9   147.5   162.4   148.6   136.7   162.6   143.7 -9999.0 -9999.0 -9999.0 -9999.0 -9999.0 -9999.0 -9999.0 -9999.0
 -9999.0 -9999.0 -9999.0 -9999.0 -9999.0 -9999.0 -9999.0 -9999.0 -9999.0 -9999.0 -9999.0 -9999.0 -9999.0 -9999.0 -9999.0 -9999.0    22.8    25.6    28.4    28.3    67.4    67.1    85.5   117.7   153.8   143.6   114.3    66.1    92.2    63.6    32.8    38.2   111.2   106.7    71.9    66.2    78.0    55.2    43.2    48.1    53.3    35.9    42.9    74.8    15.7     6.2     3.7     4.2 -9999.0 -9999.0 -9999.0 -9999.0 -9999.0 -9999.0 -9999.0 -9999.0 -9999.0 -9999.0 -9999.0 -9999.0 -9999.0 -9999.0 -9999.0 -9999.0 -9999.0 -9999.0 -9999.0 -9999.0 -9999.0 -9999.0 -9999.0 -9999.0 -9999.0 -9999.0 -9999.0 -9999.0 -9999.0    13.9    13.0    11.7    12.3    14.5    19.7    26.0    23.2    22.6    23.6    27.8    35.4    48.3    65.4    70.2    60.3    55.9    48.5    34.7    36.2    44.2    54.9    67.0    87.0   121.0   161.9   193.6   209.0   239.2   287.1   333.8   362.4   348.0   301.4   242.4   206.8   186.1   211.2   189.7   175.6   158.7   186.6 -9999.0 -9999.0 -9999.0 -9999.0 -9999.0 -9999.0 -9999.0 -9999.0 -9999.0
 -9999.0 -9999.0 -9999.0 -9999.0 -9999.0 -9999.0 -9999.0 -9999.0 -9999.0 -9999.0 -9999.0 -9999.0 -9999.0 -9999.0 -9999.0 -9999.0   134.8   145.8   151.6    68.4    47.1    61.0   128.4    99.8    92.7    85.2   120.9   110.5    77.5    69.8    68.7    57.8    41.8    43.4    75.0    89.8    65.7    23.7    18.6     7.1    14.9    23.5    30.7    58.4    46.5    16.3     5.1     2.0     5.2     7.8     5.8 -9999.0 -9999.0 -9999.0 -9999.0 -9999.0 -9999.0 -9999.0 -9999.0 -9999.0 -9999.0 -9999.0 -9999.0 -9999.0 -9999.0 -9999.0 -9999.0 -9999.0 -9999.0 -9999.0 -9999.0 -9999.0 -9999.0 -9999.0 -9999.0 -9999.0    18.5    16.0    14.9    11.1    10.8    13.6    18.3    25.9    29.7    30.4    33.9    40.3    49.4    62.8    81.9    89.9    86.8    66.5    54.6    51.6    52.3    60.3    76.2    96.0   124.9   170.7   226.0   269.9   291.9   314.8   345.5   397.0   425.6   394.3   328.8   310.2   245.6   228.2   233.4   198.7   264.0   229.8   184.8   152.7 -9999.0 -9999.0 -9999.0 -9999.0 -9999.0 -9999.0 -9999.0 -9999.0
 -9999.0 -9999.0 -9999.0 -9999.0 -9999.0 -9999.0 -9999.0 -9999.0 -9999.0 -9999.0 -9999.0 -9999.0 -9999.0 -9999.0 -9999.0   110.8    86.1    91.7   155.7   175.7   175.0   175.5   146.1    96.8    78.6    95.1    89.5    58.1    50.2    74.2    82.1    33.9     7.2     2.9     1.6     1.5     6.6     1.9     0.7     0.9     0.5     1.6     6.5     7.9    10.4    13.0     8.4     4.7     4.3     3.1     2.9     2.7     3.6     8.3     5.0     5.4     4.7     5.7     7.5    10.4    12.6 -9999.0 -9999.0 -9999.0 -9999.0 -9999.0 -9999.0 -9999.0 -9999.0    28.9    25.9    24.4    25.2    24.6    25.2    22.0    23.6    18.0    14.5    13.1    11.1    12.4    19.4    31.9    40.0    44.7    50.2    56.0    63.0    75.0    96.4   115.6   128.7   110.7    94.6    89.3    85.1    92.4   114.5   145.4   185.8   234.0   280.3   328.9   361.2   355.7   361.9   381.5   391.0   391.3   344.6   294.0   259.4   273.8   228.0   206.1   178.8   171.6 -9999.0 -9999.0 -9999.0 -9999.0 -9999.0 -9999.0 -9999.0 -9999.0 -9999.0 -9999.0
 -9999.0 -9999.0 -9999.0 -9999.0 -9999.0 -9999.0 -9999.0 -9999.0 -9999.0 -9999.0 -9999.0 -9999.0 -9999.0 -9999.0   146.2   171.0   179.6   155.1   172.2   173.5   132.4    62.5    54.7    85.4    58.4    70.1    68.9    17.2    13.2    12.8    15.4    27.1    15.8    30.4    19.9     8.9     8.2     7.4     7.8     4.1     2.2     2.5     3.3     3.7     4.4     4.9     4.4     7.9     7.4     7.0     6.7     5.2     6.1     4.1     2.5     3.6     3.0     3.2     3.2     4.9     7.5     9.5    11.7    15.2    21.3    29.3    24.9    24.7    20.5    22.4    27.3    31.5    28.3    28.9    30.6    29.9    30.5    28.0    22.3    18.3    14.7    15.7    28.6    45.6    58.2    61.5    73.1    79.1    80.0    83.5   108.4   138.1   139.7   141.9   129.8   138.0   137.1   133.0   156.9   207.1   258.6   291.0   304.2   331.1   373.4   384.6   371.8   358.4   363.2   385.4   335.5   327.3   342.7   284.0   286.3   250.7   205.3 -9999.0 -9999.0 -9999.0 -9999.0 -9999.0 -9999.0 -9999.0 -9999.0 -9999.0 -9999.0 -9999.0
 -9999.0 -9999.0 -9999.0 -9999.0 -9999.0 -9999.0 -9999.0 -9999.0 -9999.0 -9999.0 -9999.0 -9999.0   141.6   150.7   158.2   119.9   158.0    98.0    66.7    47.3    37.0    25.4    11.2     6.0     4.5     4.2     5.2     6.6     9.1     9.6    10.5    13.9    24.3    19.2     8.3    10.0    13.7    12.2     6.0     7.0     6.0     7.6     8.8     8.7     8.4    11.1    11.9    11.7    15.6     9.5     8.6     6.8     7.9     6.8     3.9     3.4     3.4     3.2     2.9     2.8     3.8     5.7     6.7     8.4     9.2    12.6    16.6    18.3    25.5    31.3    39.5    43.8    33.3    40.6    47.4    48.7    48.3    44.7    36.7    27.2    24.6    24.9    40.0    54.9    66.4    76.9    93.6   104.1   103.3    91.5   106.1   130.9   174.1   192.4   170.9   175.0   155.9   155.4   196.8   257.7   308.6   303.6   264.9   283.6   353.2   372.3   363.6   350.8   361.6   341.3   355.2   393.0   353.1   341.3   459.5 -9999.0 -9999.0 -9999.0 -9999.0 -9999.0 -9999.0 -9999.0 -9999.0 -9999.0 -9999.0 -9999.0 -9999.0 -9999.0
 -9999.0 -9999.0 -9999.0 -9999.0 -9999.0 -9999.0 -9999.0 -9999.0 -9999.0   105.0   104.9   129.6   142.2   126.4    60.1    45.8    38.0    34.7    27.4    21.9    16.6    10.9     5.9     3.3     2.3     2.4     3.3     4.6     5.7     5.8     7.2    19.1    18.5    11.6    13.0    21.5    10.9     3.7     1.7     1.6     4.5     7.6     5.6     7.1     8.5    11.6    12.8    12.8    13.2    19.9    11.3     8.1     6.7     8.1    12.8     6.0     4.2     3.5     2.8     3.1     3.4     4.4     5.5     6.0     5.7    10.1    14.3    16.9    31.7    51.5    25.6    21.0    21.6    27.9    42.6    49.9    54.2    55.3    46.8    42.1    40.2    41.7    46.6    59.9    70.1    77.2   104.5   108.2   105.3    91.2   109.3   135.5   162.1   188.7   187.0   177.8   166.4   176.9   206.6   260.7   298.5   265.9   210.8   236.3   316.8   371.4   375.1   347.4   332.7   380.4   395.7   388.6   355.7 -9999.0 -9999.0 -9999.0 -9999.0 -9999.0 -9999.0 -9999.0 -9999.0 -9999.0 -9999.0 -9999.0 -9999.0 -9999.0 -9999.0 -9999.0
 -9999.0 -9999.0 -9999.0 -9999.0 -9999.0    36.4    35.6    62.4    83.4   101.4   131.3   138.3   141.1   113.7    78.4    48.8    27.8    21.9    16.5    13.8    10.4     7.0     4.3     2.6     2.0     2.1     2.6     3.4     4.1     4.1     3.7     3.6     3.6     3.7     4.4     3.4     1.8     1.4     1.1     2.3     4.8     3.4     5.5    10.4     8.6     7.4     4.2     4.3     5.5     7.4    13.2    12.2    16.2    17.2    16.1     8.6     5.8     4.2     3.0     3.3     4.0     6.1     6.4     6.8    10.4    12.6    13.1    21.5    34.5    19.3    19.4    19.7    23.0    33.8    53.6    44.4    45.7    50.4    43.1    41.6    44.5    46.9    54.7    64.8    70.3    60.5    73.5    73.6    83.7    97.5   120.1   139.3   168.0   197.5   206.4   193.1   179.6   177.8 -9999.0 -9999.0   234.4   213.8   214.3   222.6   248.8   300.0   315.1   337.2   350.8 -9999.0 -9999.0 -9999.0 -9999.0 -9999.0 -9999.0 -9999.0 -9999.0 -9999.0 -9999.0 -9999.0 -9999.0 -9999.0 -9999.0 -9999.0 -9999.0 -9999.0 -9999.0 -9999.0
 -9999.0 -9999.0 -9999.0     9.6    21.7    27.0    46.1    66.3    88.1   116.3   115.0   113.3   119.2    75.8    42.6    31.4    22.4    15.9    11.9     9.9     8.1     6.0     4.4     3.3     2.8     2.3     2.3     2.5     3.6     3.1     2.7     2.7     2.6     2.5     2.2     1.8     1.4     1.2     1.0     0.9     1.4     1.4     1.8     3.3     4.8     4.2     3.4     5.8     6.0    12.1    10.9     8.8    10.7    11.7    11.1    10.2    10.9     8.3     5.2     3.8     3.4     3.6     5.4     9.2    10.1    10.8    23.3    13.5    14.4    17.2    22.2    22.6    33.3    43.3    40.9    36.1    36.5    40.4    45.8    51.9    54.5    61.7    58.7    64.8    72.6    56.3    51.4    48.5    65.4   103.7   126.6   143.4   172.0   204.8   216.4   204.7   180.2 -9999.0 -9999.0 -9999.0   166.6   173.3   152.6   164.5   196.9   253.2   281.3 -9999.0 -9999.0 -9999.0 -9999.0 -9999.0 -9999.0 -9999.0 -9999.0 -9999.0 -9999.0 -9999.0 -9999.0 -9999.0 -9999.0 -9999.0 -9999.0 -9999.0 -9999.0 -9999.0 -9999.0 -9999.0
 -9999.0 -9999.0     2.8     8.2    17.8    31.7    47.3    60.4    63.7    78.5    81.0    74.9    63.0    48.9    37.3    27.1    20.0    13.8    10.7     8.9     7.8     6.8     6.1     5.4     4.5     3.3     3.3     3.4     2.8     3.1     2.4     2.5     2.3     2.2     2.0     1.6     1.3     1.7     2.8     3.3     3.5     6.3     9.2    11.8    12.7    18.7    45.9    53.2    50.9    46.4    68.2    49.5    27.2    17.8    17.0    23.1    15.1    12.9     7.0     4.3     2.2     4.5     2.8     4.9     6.9    10.2    12.0    11.2    16.5    18.3    29.2    31.6    41.0    51.9    48.1    37.6    37.7    42.1    54.4    65.3    67.9    64.8    58.6    62.9    61.9    71.1    46.2    32.1    53.5    93.6   129.2   147.8   169.4   196.0   207.0 -9999.0 -9999.0 -9999.0 -9999.0   119.2   112.8   109.3   114.0   129.1 -9999.0 -9999.0 -9999.0 -9999.0 -9999.0 -9999.0 -9999.0 -9999.0 -9999.0 -9999.0 -9999.0 -9999.0 -9999.0 -9999.0 -9999.0 -9999.0 -9999.0 -9999.0 -9999.0 -9999.0 -9999.0 -9999.0 -9999.0 -9999.0
 -9999.0 -9999.0     1.6     4.8     6.7    24.3    27.8    28.9    40.8    53.7    59.8    56.8    49.7    40.9    32.3    24.9    18.1    13.3    10.7     9.3     8.6     8.7     9.1     7.8     6.5     4.9     4.1     3.6     3.4     3.4     3.1     2.5     2.4     3.0     3.2     8.5    18.6    26.9    22.3    19.1    11.7    22.9    44.3    94.6    37.4    60.5   106.5    62.1   123.4   116.6   127.3   185.1   175.1   137.4    37.6    27.9    20.9    30.1    13.5    10.9     7.4     3.0     3.5     3.7     5.5     8.6    11.8    18.2    28.1    21.7    26.2    32.2    42.5    47.0    43.5    37.9    36.9    50.3    61.7    78.1    72.2    58.4    58.0    61.3    63.4    57.0    40.6    38.3    56.5    96.3   132.5   143.3   144.1   154.3 -9999.0 -9999.0 -9999.0 -9999.0 -9999.0    89.3 -9999.0 -9999.0 -9999.0 -9999.0 -9999.0 -9999.0 -9999.0 -9999.0 -9999.0 -9999.0 -9999.0 -9999.0 -9999.0 -9999.0 -9999.0 -9999.0 -9999.0 -9999.0 -9999.0 -9999.0 -9999.0 -9999.0 -9999.0 -9999.0 -9999.0 -9999.0 -9999.0 -9999.0
 -9999.0 -9999.0     1.5     3.4     9.1    20.2    32.8    45.2    25.7    29.6    35.2    37.8    37.1    33.2    28.6    21.8    18.0    13.3    10.8     9.9     9.8    11.0    11.7    10.9     9.4     7.4     5.9     4.9     4.2     3.7     3.7     4.3    33.0    59.6    62.2    71.8    51.8    48.9    50.3    38.7    18.2    17.5    14.4    23.4    22.3    30.8    45.5    69.8    79.2   100.1   178.6   149.9   158.9   192.0   147.7    98.1    44.5    33.9    35.5    27.8     6.1     3.9     3.1     3.2     4.7     8.5    14.1    27.0    22.2    21.8    22.9    26.0    32.8    38.4    38.1    39.6    45.1    56.4    90.1   101.0    87.6    47.9    50.6    63.9    73.4    68.3    60.4    60.2    80.4   122.5   153.3 -9999.0 -9999.0 -9999.0 -9999.0 -9999.0 -9999.0 -9999.0 -9999.0 -9999.0 -9999.0 -9999.0 -9999.0 -9999.0 -9999.0 -9999.0 -9999.0 -9999.0 -9999.0 -9999.0 -9999.0 -9999.0 -9999.0 -9999.0 -9999.0 -9999.0 -9999.0 -9999.0 -9999.0 -9999.0 -9999.0 -9999.0 -9999.0 -9999.0 -9999.0 -9999.0 -9999.0 -9999.0
 -9999.0 -9999.0 -9999.0     2.5     9.3    15.8    25.8    38.2    46.3    23.3    17.9    22.4    26.2    26.0    21.9    18.3    15.2    12.9    11.5    11.1    10.9    12.6    13.7    12.9    11.3     9.3     7.5     6.4     6.2     9.3    23.1    67.7    61.2   107.6   114.9    83.9    52.7    41.6    40.7    23.3    16.4    12.7    12.1    11.8    14.0    27.1    58.7    78.9   115.4   120.2   125.9   137.3   150.7   187.5   143.5   140.9   103.5    91.5    76.5    37.1    15.9     6.8     4.7     3.5     4.0     6.5    12.9    22.4    21.8    18.9    16.5    17.2    23.6    29.0    32.8    33.8    43.4    52.4    93.2    74.6    72.3    44.9    56.0    65.6    80.5    76.9    76.2    86.4   118.2   163.7   185.3   146.2 -9999.0 -9999.0 -9999.0 -9999.0 -9999.0 -9999.0 -9999.0 -9999.0 -9999.0 -9999.0 -9999.0 -9999.0 -9999.0 -9999.0 -9999.0 -9999.0 -9999.0 -9999.0 -9999.0 -9999.0 -9999.0 -9999.0 -9999.0 -9999.0 -9999.0 -9999.0 -9999.0 -9999.0 -9999.0 -9999.0 -9999.0 -9999.0 -9999.0 -9999.0 -9999.0 -9999.0
 -9999.0 -9999.0 -9999.0 -9999.0 -9999.0    13.7    17.0    23.9    41.3    20.5    11.6    15.4    18.6    19.1    17.0    15.0    13.5    12.6    12.0    11.5    14.3    15.1    15.0    15.1    14.0    13.1    14.4    16.8    45.6    65.0    65.1    91.3    99.6    94.5   123.4    88.7    87.8    76.3    48.1    28.2    19.1    13.6    10.1    10.2    11.8    16.2    24.9    65.7    68.6   109.4    99.0   146.9   134.1   117.2   125.7   125.6   132.8   133.4   111.2    93.6    62.6    14.8     8.8     4.5     4.4     5.9    10.9    16.6    18.7    14.9    11.7    13.0    19.1    27.9    36.6    38.3    39.4    32.1    57.6    76.3    64.9    35.0    53.6    63.8    71.9    66.2    75.8   102.1   149.5   188.4   189.9   140.9    77.2    65.2 -9999.0 -9999.0 -9999.0   221.2 -9999.0 -9999.0 -9999.0 -9999.0 -9999.0 -9999.0 -9999.0 -9999.0 -9999.0 -9999.0 -9999.0 -9999.0 -9999.0 -9999.0 -9999.0 -9999.0 -9999.0 -9999.0 -9999.0 -9999.0 -9999.0 -9999.0 -9999.0 -9999.0 -9999.0 -9999.0 -9999.0 -9999.0 -9999.0 -9999.0
 -9999.0 -9999.0 -9999.0 -9999.0     4.9     9.9    15.1    25.2    32.8    15.9    29.9    29.5    26.9    16.6    12.7    12.0    11.9    12.1    11.4    11.9    13.0    14.9    16.9    22.4    27.9    37.5    46.1   109.6    86.6    95.4   103.5   101.3   101.7   112.2    95.5    94.1    85.1   112.4    95.0    60.7    28.6    16.1    13.1    10.7    10.7    11.8    15.4    25.1    36.6    33.6    41.5    75.2    97.7   119.1    70.2    74.6    80.5   115.9   115.3   128.7   101.3    57.2    30.7     8.7     4.6    10.3    17.2    16.0    22.8    18.0    14.8    18.0    27.8    41.3    50.8    49.6    40.7    34.0    81.3    34.0    32.9    53.5    65.5    92.2    60.4    58.9    84.0   117.0   162.9   180.0   153.4   107.0    61.4    59.2 -9999.0 -9999.0   221.3   205.3   156.6   127.5    83.7 -9999.0 -9999.0 -9999.0 -9999.0 -9999.0 -9999.0 -9999.0 -9999.0 -9999.0 -9999.0 -9999.0 -9999.0 -9999.0 -9999.0 -9999.0 -9999.0 -9999.0 -9999.0 -9999.0 -9999.0 -9999.0 -9999.0 -9999.0 -9999.0 -9999.0 -9999.0 -9999.0
 -9999.0 -9999.0 -9999.0 -9999.0     3.1     7.1    12.2    18.5    25.6    35.3    33.3    54.1    57.6    63.8    31.4    31.8    33.3    19.8    12.9    12.2    20.6    27.5    36.7    66.7    97.9   106.8    99.1   101.5   101.3   103.6   105.6   114.8   110.7   112.2   115.8   107.3   115.2   118.2    90.1    59.8    71.3    28.4    21.6    14.3    13.7    14.1    14.8    16.1    18.7    25.2    30.7    40.4    85.7    65.5    54.7    63.0    73.6    95.6   111.8    66.2    82.1    33.4    17.4    14.5    11.9    11.7    29.8    30.4    37.3    44.3    35.6    36.8    45.7    62.2    66.9    66.6    49.5    67.8    77.1    51.0    61.7    53.7    86.2    84.4    65.3    80.2   118.6   133.8   152.8   163.2   139.8   110.1    72.4    71.8   107.5   153.9   174.4   158.8   128.3 -9999.0 -9999.0 -9999.0 -9999.0 -9999.0 -9999.0 -9999.0 -9999.0 -9999.0 -9999.0 -9999.0 -9999.0 -9999.0 -9999.0 -9999.0 -9999.0 -9999.0 -9999.0 -9999.0 -9999.0 -9999.0 -9999.0 -9999.0 -9999.0 -9999.0 -9999.0 -9999.0 -9999.0 -9999.0
 -9999.0 -9999.0 -9999.0 -9999.0 -9999.0 -9999.0 -9999.0    14.6    22.2    28.6    36.6    45.4    52.1    60.8    66.8    29.8    56.1    36.9    32.6    50.4    79.1    93.7    97.6    98.4    98.9    99.7   103.6   106.1   108.5   114.2   116.5   118.9   120.2   124.4   129.4   121.3   128.7   118.2   123.9   118.9    72.9   110.7    96.6    66.9    42.0    24.8    33.3    29.7    37.7    27.8    26.8    34.2    53.1   125.5   113.9    57.1    57.1    65.2   118.9    75.8    94.9    36.6    22.9    21.9    29.7    27.4    47.0    70.7    78.5    89.4    87.9    80.0    88.3   113.1   120.6   125.6    86.2   103.3   113.8    66.4    77.2    78.0    91.4   104.2   103.0   124.9   163.0   160.8   162.8   183.5   181.7   155.0   126.5   110.8   116.1   132.3   132.4 -9999.0 -9999.0 -9999.0 -9999.0 -9999.0 -9999.0 -9999.0 -9999.0 -9999.0 -9999.0 -9999.0 -9999.0 -9999.0 -9999.0 -9999.0 -9999.0 -9999.0 -9999.0 -9999.0 -9999.0 -9999.0 -9999.0 -9999.0 -9999.0 -9999.0 -9999.0 -9999.0 -9999.0 -9999.0 -9999.0 -9999.0
 -9999.0 -9999.0 -9999.0 -9999.0 -9999.0 -9999.0 -9999.0     9.8    14.5    24.0    31.3    38.8    47.0    53.9    61.1    66.6    71.8    75.3    84.0    82.7    85.7    93.9    95.2    98.2    99.6   101.9   103.3   108.8   107.7   109.3   117.1   120.7   123.4   131.0   127.0   127.8   122.5   125.8   119.9   110.2   106.6   100.7   100.5   120.1    79.3    54.4    63.1    64.4    88.0    73.4   107.6    99.1    65.8    86.9   132.1    76.1    75.6    96.5   130.3   134.4    87.1    57.8    37.9    39.3    39.4    42.3    55.8    80.2   123.4   156.6   166.5   145.6   143.3   178.7   167.1   212.5   187.4   134.5    96.4   107.3   126.4   113.7   138.0   147.3   161.3   181.2   203.7   203.8   205.9   227.9   241.7   213.3   171.6   140.6   131.9   124.6 -9999.0 -9999.0 -9999.0 -9999.0 -9999.0 -9999.0 -9999.0 -9999.0 -9999.0 -9999.0 -9999.0 -9999.0 -9999.0 -9999.0 -9999.0 -9999.0 -9999.0 -9999.0 -9999.0 -9999.0 -9999.0 -9999.0 -9999.0 -9999.0 -9999.0 -9999.0 -9999.0 -9999.0 -9999.0 -9999.0 -9999.0 -9999.0
 -9999.0 -9999.0 -9999.0 -9999.0 -9999.0 -9999.0 -9999.0 -9999.0 -9999.0    18.7    25.2    31.4    40.3    47.7    53.9    58.9    67.2    72.1    78.6    83.8    88.0    89.6    93.0    96.6    99.2   100.8   104.2   106.4   106.6   113.7   111.0   117.0   120.9   127.1   123.0   123.2   120.6   122.0   114.1   113.6   104.2   106.2   100.1    93.0   101.9   100.1    99.3    94.9    93.3    88.8    94.8    86.2    83.2    89.0   135.8   106.4    91.7   108.7   157.0   145.6   122.3   113.0    95.5    48.8    53.8    48.7    49.0    71.2   134.8   203.4   219.1   189.7   173.8   211.7   258.3   162.0   148.0   138.4   141.8   156.8   168.4   162.0   149.6   168.5   183.7   196.7   210.4   218.4   227.8   241.4   250.9   228.0   187.4   158.2   142.5 -9999.0 -9999.0 -9999.0 -9999.0 -9999.0 -9999.0 -9999.0 -9999.0 -9999.0 -9999.0 -9999.0 -9999.0 -9999.0 -9999.0 -9999.0 -9999.0 -9999.0 -9999.0 -9999.0 -9999.0 -9999.0 -9999.0 -9999.0 -9999.0 -9999.0 -9999.0 -9999.0 -9999.0 -9999.0 -9999.0 -9999.0 -9999.0 -9999.0
 -9999.0 -9999.0 -9999.0 -9999.0 -9999.0 -9999.0 -9999.0 -9999.0 -9999.0 -9999.0 -9999.0    27.0    29.7    41.1    47.9    55.1    61.2    66.6    71.9    78.4    84.5    88.2    92.9    95.5   100.4   102.0   104.5   106.2   107.7   109.0   111.8   118.6   118.9   122.7   122.7   132.4   123.0   120.6   134.0   113.7   116.9   106.6    99.8    97.3   119.5   105.3   125.2   110.1   109.0    97.6    80.8    80.5    87.6   111.4   147.1   153.9   145.8   165.4   164.6   160.1   161.9   129.0   101.7    81.0    85.3    41.4    35.0    68.2   132.8   193.0   216.9   188.4   160.2   156.3   122.6   142.6   158.4   200.2   213.5   233.8   220.0   195.5   181.4   163.0   159.2   165.0   181.2   197.9   210.0   213.6   206.1   191.1   176.7   165.7   161.3 -9999.0 -9999.0 -9999.0 -9999.0 -9999.0 -9999.0 -9999.0 -9999.0 -9999.0 -9999.0 -9999.0 -9999.0 -9999.0 -9999.0 -9999.0 -9999.0 -9999.0 -9999.0 -9999.0 -9999.0 -9999.0 -9999.0 -9999.0 -9999.0 -9999.0 -9999.0 -9999.0 -9999.0 -9999.0 -9999.0 -9999.0 -9999.0 -9999.0
 -9999.0 -9999.0 -9999.0 -9999.0 -9999.0 -9999.0 -9999.0 -9999.0 -9999.0 -9999.0 -9999.0 -9999.0    25.5    31.9    42.2    47.9    55.3    62.0    68.2    74.1    78.3    84.8    90.0    93.5    95.7    99.7   100.5   102.8   103.9   106.9   108.6   111.6   115.6   122.5   126.2   125.5   133.8   121.6   111.9   103.4    99.5    99.1   100.3   110.2   112.3   118.8   125.9   110.3   106.2    97.3   100.6    95.8    93.6   104.6   133.8   160.0   172.1   184.8   146.1   180.7   172.3   175.0   159.7   125.4    78.2   108.2    62.7    94.7   143.3   181.0   187.1   121.2    88.4    92.2   133.8   292.9   253.9   291.9   309.9   346.0   321.1   268.9   211.9   157.9   131.5   130.1   146.1   168.7   180.8   172.6   155.3   144.2   147.5   157.3   170.7   175.8   163.8 -9999.0 -9999.0 -9999.0 -9999.0 -9999.0 -9999.0 -9999.0 -9999.0 -9999.0 -9999.0 -9999.0 -9999.0 -9999.0 -9999.0 -9999.0 -9999.0 -9999.0 -9999.0 -9999.0 -9999.0 -9999.0 -9999.0 -9999.0 -9999.0 -9999.0 -9999.0 -9999.0 -9999.0 -9999.0 -9999.0 -9999.0
 -9999.0 -9999.0 -9999.0 -9999.0 -9999.0 -9999.0 -9999.0 -9999.0 -9999.0 -9999.0 -9999.0 -9999.0    23.1    25.0    29.4    42.7    45.2    54.4    63.1    69.4    75.6    81.6    86.9    91.1    93.7    96.5    97.5    97.4    98.3    98.9   102.0   106.7   110.6   115.0   120.4   120.6   126.7   124.3   115.1   106.4    97.1    96.3   111.3   104.0   117.6   128.2   117.7   111.6    95.1    97.7    88.9    90.5    88.6   108.0   118.6   143.1   141.8   146.6   135.0   149.1   160.9   162.3   168.7   170.1    80.7    99.4    78.4   136.1   196.0   217.1   217.6   250.1   272.1   224.3   232.5   233.9   275.0   342.0   381.0   397.2   398.2   310.5   232.3   171.8   137.7   127.2   137.3   158.2   164.3   144.9   120.5   109.7   116.7   142.7   168.2   180.8   177.3 -9999.0 -9999.0 -9999.0 -9999.0 -9999.0 -9999.0 -9999.0 -9999.0 -9999.0 -9999.0 -9999.0 -9999.0 -9999.0 -9999.0 -9999.0 -9999.0 -9999.0 -9999.0 -9999.0 -9999.0 -9999.0 -9999.0 -9999.0 -9999.0 -9999.0 -9999.0 -9999.0 -9999.0 -9999.0 -9999.0 -9999.0
 -9999.0 -9999.0 -9999.0 -9999.0 -9999.0 -9999.0 -9999.0 -9999.0 -9999.0 -9999.0 -9999.0 -9999.0 -9999.0    23.3    30.8    32.0    43.2    48.1    54.7    62.3    70.4    76.1    83.0    87.6    91.4    91.3    91.4    89.6    91.0    91.8    93.7    96.7   102.7   109.0   111.1   114.5   115.2   115.0   124.8   109.8   103.0   106.5   107.9   121.0   116.6   113.3   120.7   123.8   119.2   108.1    98.0    86.1    86.3   115.1   117.4   119.9   114.0   119.4   140.5   142.4   157.7   160.1   166.7   118.3    62.0    94.6   139.9   229.1   309.1   322.9   226.7   241.9   302.8   307.7   317.5   293.8   309.5   354.7   375.4   376.0   409.2   341.2   279.8   228.6   191.6   167.0   161.5   167.0   166.7   141.1   115.6   108.3   119.9   151.1   176.9   189.1   198.9 -9999.0 -9999.0 -9999.0 -9999.0 -9999.0 -9999.0 -9999.0 -9999.0 -9999.0 -9999.0 -9999.0 -9999.0 -9999.0 -9999.0 -9999.0 -9999.0 -9999.0 -9999.0 -9999.0 -9999.0 -9999.0 -9999.0 -9999.0 -9999.0 -9999.0 -9999.0 -9999.0 -9999.0 -9999.0 -9999.0 -9999.0
 -9999.0 -9999.0 -9999.0 -9999.0 -9999.0 -9999.0 -9999.0 -9999.0 -9999.0 -9999.0 -9999.0 -9999.0    13.7    19.9    25.7    29.9    38.3    44.7    51.5    55.8    63.9    71.8    79.0    84.4    88.1    86.3    86.5    85.9    84.2    83.1    84.5    87.7    92.5    98.7   105.6   108.0   112.9   103.0    97.1    94.4   106.4   116.3   125.9   112.0   121.0   123.9   119.1   113.2   117.0   113.6   113.4   112.0    94.2    99.9    94.7    93.0    99.9    93.2   110.4   128.8   145.6   163.3   163.1   179.7   139.1   136.2   298.3   417.8   459.3   448.4   470.6   474.2   430.0   341.4   341.0   307.1   272.0   277.7   287.8   282.0   284.2   303.2   320.7   307.4   269.8   236.5   214.6   198.7   186.9   165.5   148.6   150.5   173.3   197.4   216.5   230.6   255.2   260.0 -9999.0 -9999.0 -9999.0 -9999.0 -9999.0 -9999.0 -9999.0 -9999.0 -9999.0 -9999.0 -9999.0 -9999.0 -9999.0 -9999.0 -9999.0 -9999.0 -9999.0 -9999.0 -9999.0 -9999.0 -9999.0 -9999.0 -9999.0 -9999.0 -9999.0 -9999.0 -9999.0 -9999.0 -9999.0 -9999.0
 -9999.0 -9999.0 -9999.0 -9999.0 -9999.0 -9999.0 -9999.0 -9999.0 -9999.0 -9999.0 -9999.0 -9999.0    11.1    12.1    19.0    26.1    32.7    37.5    44.4    53.0    59.3    67.6    74.4    79.9    84.2    85.5    83.5    80.6    77.5    76.7    76.8    78.3    81.9    88.9    95.2   100.4    97.5    94.7    87.7    78.2    81.9    87.6    99.2   112.1   120.8   127.3   138.1   136.2   134.2   119.3   116.3   117.4   101.2    91.1    83.1    75.0    78.2    89.1   105.2   127.6   152.4   179.1   158.0   130.0   128.3   200.0   308.2   513.9   525.3   542.2   545.7   530.7   504.3   518.5   431.9   326.4   227.8   234.7   229.0   198.9   203.3   254.2   338.1   377.1   344.3   314.5   282.3   261.4   241.8   225.1   215.4   222.0   246.9   266.3   279.8   291.0   305.6   293.9   241.5 -9999.0 -9999.0 -9999.0 -9999.0 -9999.0 -9999.0 -9999.0 -9999.0 -9999.0 -9999.0 -9999.0 -9999.0 -9999.0 -9999.0 -9999.0 -9999.0 -9999.0 -9999.0 -9999.0 -9999.0 -9999.0 -9999.0 -9999.0 -9999.0 -9999.0 -9999.0 -9999.0 -9999.0 -9999.0
 -9999.0 -9999.0 -9999.0 -9999.0 -9999.0 -9999.0 -9999.0 -9999.0 -9999.0 -9999.0 -9999.0 -9999.0     4.7    12.0    13.5    20.2    26.0    33.8    40.4    47.6    53.0    58.9    69.0    71.9    76.9    72.5    73.2    66.0    70.5    68.6    68.6    66.8    74.3    80.9    87.1    92.1    90.7    85.1    75.9    76.8    76.2    81.6   108.7   102.5   121.5   138.2   145.5   138.4   130.4   135.6   136.4   125.0   137.8   128.4    97.4    73.7    73.8    85.6   104.3   124.5   147.9   170.3   224.5   144.4   101.3   279.2   430.7   468.9   466.2   417.3   403.9   512.6   487.6   468.4   408.3   321.3   307.0   216.4   231.3   210.2   179.3   232.1   303.9   388.0   419.2   391.0   377.5   449.9   326.4   310.1   300.1   295.3   310.8   331.5   334.6   322.2   293.2   258.3   225.0   183.2 -9999.0 -9999.0 -9999.0 -9999.0 -9999.0 -9999.0 -9999.0 -9999.0 -9999.0 -9999.0 -9999.0 -9999.0 -9999.0 -9999.0 -9999.0 -9999.0 -9999.0 -9999.0 -9999.0 -9999.0 -9999.0 -9999.0 -9999.0 -9999.0 -9999.0 -9999.0 -9999.0 -9999.0
 -9999.0 -9999.0 -9999.0 -9999.0 -9999.0 -9999.0 -9999.0 -9999.0 -9999.0 -9999.0 -9999.0 -9999.0 -9999.0     9.3    13.6    16.9    22.9    28.4    35.7    42.0    44.0    56.2    59.6    61.9    71.3    69.7    68.6    67.1    60.6    64.5    57.9    61.6    64.9    73.6    79.8    85.6    86.9    77.5    73.4    70.4    76.5   101.3   118.5   125.8   119.9   125.2   139.4   119.8   149.3   151.9   143.5   154.6   139.5   114.0   112.0    96.9    76.3    83.3   103.5   145.0   166.1   247.9   228.9   108.0   152.3   248.5   333.4   355.5   328.5   339.7   303.4   267.7   339.4   196.9   274.0   227.8   240.7   262.8   280.8   273.3   224.9   245.2   320.4   385.6   422.8   425.4   449.9   563.0   498.1   417.0   389.9   379.2   384.3   381.1   356.9   319.7   264.9   223.0   212.6 -9999.0 -9999.0 -9999.0 -9999.0 -9999.0 -9999.0 -9999.0 -9999.0 -9999.0 -9999.0 -9999.0 -9999.0 -9999.0 -9999.0 -9999.0 -9999.0 -9999.0 -9999.0 -9999.0 -9999.0 -9999.0 -9999.0 -9999.0 -9999.0 -9999.0 -9999.0 -9999.0 -9999.0 -9999.0
 -9999.0 -9999.0 -9999.0 -9999.0 -9999.0 -9999.0 -9999.0 -9999.0 -9999.0 -9999.0 -9999.0 -9999.0 -9999.0     3.6    11.0    14.3    20.0    25.0    31.9    38.9    40.8    46.8    50.9    57.4    69.2    65.4    61.9    63.3    58.4    45.5    48.9    53.4    62.7    68.0    72.3    77.8    77.4    74.4    77.1    90.1    89.1   103.5   118.0   127.9   144.5   133.2   134.6   117.6   134.0   144.9   163.6   144.7   158.8   155.0   144.0   113.5    87.2    89.8   114.9   114.6   180.1   166.5   126.8   148.0   179.5   229.8   274.8   284.1   267.4   227.4   203.0   188.4   171.4   200.7   229.7   272.9   304.9   343.8   363.8   342.5   277.1   282.7   358.6   432.1   458.5   457.8   475.6   497.9   488.1   459.4   479.2   486.6   448.3   386.2   336.2   296.4   253.4   226.3   216.9 -9999.0 -9999.0 -9999.0 -9999.0 -9999.0 -9999.0 -9999.0 -9999.0 -9999.0 -9999.0 -9999.0 -9999.0 -9999.0 -9999.0 -9999.0 -9999.0 -9999.0 -9999.0 -9999.0 -9999.0 -9999.0 -9999.0 -9999.0 -9999.0 -9999.0 -9999.0 -9999.0 -9999.0 -9999.0
 -9999.0 -9999.0 -9999.0 -9999.0 -9999.0 -9999.0 -9999.0 -9999.0 -9999.0 -9999.0 -9999.0 -9999.0 -9999.0 -9999.0 -9999.0    12.6    17.0    23.2    29.6    37.3    40.7    50.1    56.6    58.9    58.4    59.0    46.6    50.7    41.9    50.4    48.0    54.2    53.6    62.0    70.7    73.2    78.4    73.6    81.0    90.0   101.9   113.6   123.7   129.0   118.1   105.9   124.9    96.7   131.6   104.7   146.1   189.6   171.8   168.3   127.4   129.8   116.6    97.5   145.5   183.7   141.9   186.7   221.7   222.1   237.4   264.2   296.9   272.4   221.7   207.5   182.3   160.1   238.2   252.1   264.2   332.5   361.5   359.5   401.0   325.7   272.7   320.0   423.3   500.3   512.7   466.8   411.9   402.3   404.5   457.1   517.6   503.8   431.8   344.8   283.9   253.7   218.1 -9999.0   198.4 -9999.0 -9999.0 -9999.0 -9999.0 -9999.0 -9999.0 -9999.0 -9999.0 -9999.0 -9999.0 -9999.0 -9999.0 -9999.0 -9999.0 -9999.0 -9999.0 -9999.0 -9999.0 -9999.0 -9999.0 -9999.0 -9999.0 -9999.0 -9999.0 -9999.0 -9999.0 -9999.0 -9999.0 -9999.0
 -9999.0 -9999.0 -9999.0 -9999.0 -9999.0 -9999.0 -9999.0 -9999.0 -9999.0 -9999.0 -9999.0 -9999.0 -9999.0 -9999.0 -9999.0 -9999.0 -9999.0     7.7    26.0 -9999.0    47.5    48.5    61.2    65.9    57.9    59.2    45.1    48.3    52.8    43.7    50.1    64.2    52.8    79.9    85.1    74.1    77.9    78.9    91.2   100.8   108.4   115.9   123.2   125.3   104.4   103.1    81.1   139.1   102.0   133.2    98.5   149.6   125.0   191.3   186.9   174.3   140.7   171.7   178.1   209.2   204.9   256.4   290.8   302.5   285.5   285.0   298.1   264.4   209.1   186.5   157.1   257.2   281.4   289.3   345.9   383.7   427.4   434.7   395.2   291.4   253.5   320.8   437.8   510.1   520.3   424.0   306.8   267.5   321.4   433.6   520.1   480.7   399.1   301.8   229.8   190.8   176.0   159.4   179.2   205.8   205.1 -9999.0 -9999.0 -9999.0 -9999.0 -9999.0 -9999.0 -9999.0 -9999.0 -9999.0 -9999.0 -9999.0 -9999.0 -9999.0 -9999.0 -9999.0 -9999.0 -9999.0 -9999.0 -9999.0 -9999.0 -9999.0 -9999.0 -9999.0 -9999.0 -9999.0 -9999.0 -9999.0
 -9999.0 -9999.0 -9999.0 -9999.0 -9999.0 -9999.0 -9999.0 -9999.0 -9999.0 -9999.0 -9999.0 -9999.0 -9999.0 -9999.0 -9999.0 -9999.0 -9999.0 -9999.0 -9999.0 -9999.0 -9999.0    57.1    58.8    50.6    61.8    77.3    72.7    66.3    57.8    63.2    59.6    87.8    92.4    91.0    91.1    77.3    80.2    88.9   104.0   118.4   119.9   113.3   119.0   121.5   107.1   112.5    87.6    91.9   151.2   238.3   137.6   210.6   219.5   168.4   197.3   220.0   219.9   196.9   269.9   231.4   249.0   240.8   277.0   275.2   274.2   260.1   249.5   216.9   176.3   168.5   195.8   267.3   287.4   312.0   361.6   421.2   450.3   422.5   342.9   253.9   212.5   250.6   341.8   405.4   424.8   299.8   201.7   190.3   261.3   396.8   502.0   475.8   358.4   293.1   201.5   172.9   180.3   203.3   235.1   292.4 -9999.0 -9999.0 -9999.0 -9999.0 -9999.0 -9999.0 -9999.0 -9999.0 -9999.0 -9999.0 -9999.0 -9999.0 -9999.0 -9999.0 -9999.0 -9999.0 -9999.0 -9999.0 -9999.0 -9999.0 -9999.0 -9999.0 -9999.0 -9999.0 -9999.0 -9999.0 -9999.0 -9999.0
 -9999.0 -9999.0 -9999.0 -9999.0 -9999.0 -9999.0 -9999.0 -9999.0 -9999.0 -9999.0 -9999.0 -9999.0 -9999.0 -9999.0 -9999.0 -9999.0 -9999.0 -9999.0 -9999.0 -9999.0 -9999.0 -9999.0 -9999.0    96.9    81.5    86.0    84.4    75.2    57.0    68.2    65.2    69.0    61.7    79.3    77.5    81.3    84.7    94.1    97.4    99.9   103.3   106.0   109.1   110.1   107.3    98.0    93.1    89.3    85.1    88.5   106.8   187.8   140.7   182.4   186.4   176.6   246.8   280.3   200.7   269.8   224.2   204.9   174.8   163.5   175.9   201.6   187.9   160.3   175.7   174.2   249.3   258.6   252.8   265.1   286.0   340.8   365.4   338.7   261.8   194.6   152.1   144.4   189.4   252.1   257.9   277.2   132.5   151.6   207.8   311.6   393.8   375.1   324.6   245.3   199.6   196.6   240.7   281.5   361.5 -9999.0 -9999.0 -9999.0 -9999.0 -9999.0 -9999.0 -9999.0 -9999.0 -9999.0 -9999.0 -9999.0 -9999.0 -9999.0 -9999.0 -9999.0 -9999.0 -9999.0 -9999.0 -9999.0 -9999.0 -9999.0 -9999.0 -9999.0 -9999.0 -9999.0 -9999.0 -9999.0 -9999.0 -9999.0
 -9999.0 -9999.0 -9999.0 -9999.0 -9999.0 -9999.0 -9999.0 -9999.0 -9999.0 -9999.0 -9999.0 -9999.0 -9999.0 -9999.0 -9999.0 -9999.0 -9999.0 -9999.0 -9999.0 -9999.0 -9999.0 -9999.0 -9999.0 -9999.0 -9999.0   137.3   123.3    55.4    59.1    50.2    66.2    92.0   103.3    93.6    99.4    86.8    84.0    93.9    92.0    94.9    93.5    95.9   109.3   108.6   107.6   105.9   104.2   112.6   114.7   100.7   173.3   160.1   208.6   216.2   173.5   201.7   264.4   255.4   306.2   288.6   255.0   215.9   321.8   146.6   153.5   167.3   148.9   170.3   195.7   214.0   213.7   195.4   144.7   168.8   188.5   219.3   242.9   222.1   171.1   140.1   118.0   105.4   110.0   137.9   166.8   111.1    98.3   111.2   155.6   214.0   258.8   265.2   241.0   237.6   202.6   221.8   295.3   356.6 -9999.0 -9999.0 -9999.0 -9999.0 -9999.0 -9999.0 -9999.0 -9999.0 -9999.0 -9999.0 -9999.0 -9999.0 -9999.0 -9999.0 -9999.0 -9999.0 -9999.0 -9999.0 -9999.0 -9999.0 -9999.0 -9999.0 -9999.0 -9999.0 -9999.0 -9999.0 -9999.0 -9999.0 -9999.0 -9999.0
 -9999.0 -9999.0 -9999.0 -9999.0 -9999.0 -9999.0 -9999.0 -9999.0 -9999.0 -9999.0 -9999.0 -9999.0 -9999.0 -9999.0 -9999.0 -9999.0 -9999.0 -9999.0 -9999.0 -9999.0 -9999.0 -9999.0 -9999.0 -9999.0 -9999.0 -9999.0 -9999.0   166.3   174.3   142.6   136.2   138.2    87.8   145.0   108.8   139.6   102.7    99.8   108.0    92.4    86.1    96.6   111.8   112.7   113.4   114.3   117.2   124.3   133.3   122.1   142.8   150.1   162.3   167.6   194.5   249.5   235.5   241.7   300.6   250.6   223.2   229.2   162.8   154.3   178.8   183.2   170.5   146.0   159.1   164.7   147.2   130.1    75.2    83.7    88.9   114.5   127.1   117.2   101.8    88.4    91.0    88.1    82.7   106.7    99.3    92.7    92.4   147.3   122.4   147.1   191.1   246.2   185.0   174.2   207.4   211.5   258.4 -9999.0 -9999.0 -9999.0 -9999.0 -9999.0 -9999.0 -9999.0 -9999.0 -9999.0 -9999.0 -9999.0 -9999.0 -9999.0 -9999.0 -9999.0 -9999.0 -9999.0 -9999.0 -9999.0 -9999.0 -9999.0 -9999.0 -9999.0 -9999.0 -9999.0 -9999.0 -9999.0 -9999.0 -9999.0 -9999.0 -9999.0
 -9999.0 -9999.0 -9999.0 -9999.0 -9999.0 -9999.0 -9999.0 -9999.0 -9999.0 -9999.0 -9999.0 -9999.0 -9999.0 -9999.0 -9999.0 -9999.0 -9999.0 -9999.0 -9999.0 -9999.0 -9999.0 -9999.0 -9999.0 -9999.0 -9999.0 -9999.0 -9999.0 -9999.0 -9999.0 -9999.0 -9999.0 -9999.0 -9999.0   175.1   136.3 -9999.0 -9999.0 -9999.0   123.5   103.0   111.2   115.9   114.0   117.2   116.0   121.1 -9999.0 -9999.0 -9999.0 -9999.0 -9999.0 -9999.0   164.5   219.4   188.1   211.5   242.0   239.3   242.9   230.6   220.1   218.0   178.9   177.8   196.0   217.4   222.8   209.0   173.0   137.9   111.4    92.0    70.9    40.7    49.5    58.3    65.5    64.0    53.7    47.2    52.9    59.7    69.7    83.3   111.4    85.7    83.6   108.1   167.9   121.5   164.7   170.5   147.0   146.9   178.1   167.9   191.3 -9999.0 -9999.0 -9999.0 -9999.0 -9999.0 -9999.0 -9999.0 -9999.0 -9999.0 -9999.0 -9999.0 -9999.0 -9999.0 -9999.0 -9999.0 -9999.0 -9999.0 -9999.0 -9999.0 -9999.0 -9999.0 -9999.0 -9999.0 -9999.0 -9999.0 -9999.0 -9999.0 -9999.0 -9999.0 -9999.0 -9999.0
 -9999.0 -9999.0 -9999.0 -9999.0 -9999.0 -9999.0 -9999.0 -9999.0 -9999.0 -9999.0 -9999.0 -9999.0 -9999.0 -9999.0 -9999.0 -9999.0 -9999.0 -9999.0 -9999.0 -9999.0 -9999.0 -9999.0 -9999.0 -9999.0 -9999.0 -9999.0 -9999.0 -9999.0 -9999.0 -9999.0 -9999.0 -9999.0 -9999.0 -9999.0 -9999.0 -9999.0 -9999.0 -9999.0 -9999.0   115.2   115.0   114.6   115.7   119.0 -9999.0 -9999.0 -9999.0 -9999.0 -9999.0 -9999.0 -9999.0 -9999.0   191.0   251.6   227.2   215.7   228.6   230.5   226.1   218.8   205.5   189.6   176.3   172.6   189.1   224.0   248.2   243.9   193.3   156.9   142.9   120.9    73.7    53.1    35.6    42.1    45.8    44.4    33.9    32.5    33.8    40.8    51.4   108.4    85.0    59.0    92.2   136.8    95.6   122.6   126.9   130.5   130.3   172.1   179.9   134.9 -9999.0 -9999.0 -9999.0 -9999.0 -9999.0 -9999.0 -9999.0 -9999.0 -9999.0 -9999.0 -9999.0 -9999.0 -9999.0 -9999.0 -9999.0 -9999.0 -9999.0 -9999.0 -9999.0 -9999.0 -9999.0 -9999.0 -9999.0 -9999.0 -9999.0 -9999.0 -9999.0 -9999.0 -9999.0 -9999.0 -9999.0 -9999.0
 -9999.0 -9999.0 -9999.0 -9999.0 -9999.0 -9999.0 -9999.0 -9999.0 -9999.0 -9999.0 -9999.0 -9999.0 -9999.0 -9999.0 -9999.0 -9999.0 -9999.0 -9999.0 -9999.0 -9999.0 -9999.0 -9999.0 -9999.0 -9999.0 -9999.0 -9999.0 -9999.0 -9999.0 -9999.0 -9999.0 -9999.0 -9999.0 -9999.0 -9999.0 -9999.0 -9999.0 -9999.0 -9999.0 -9999.0 -9999.0 -9999.0 -9999.0 -9999.0 -9999.0 -9999.0 -9999.0 -9999.0 -9999.0 -9999.0 -9999.0 -9999.0 -9999.0   224.4   279.2   244.1   269.6   228.3   216.3   203.3   191.7   176.8   162.5   244.5   148.2   174.2   238.4   289.5   282.3   250.3   229.6   232.6   209.6   162.1    91.0    61.4    61.4    55.7    49.6    41.4    34.9    36.0    45.9    52.1    96.8    85.7    71.6    68.1    69.9    80.5    96.5   104.6   144.2   129.3   182.7   160.9 -9999.0 -9999.0 -9999.0 -9999.0 -9999.0 -9999.0 -9999.0 -9999.0 -9999.0 -9999.0 -9999.0 -9999.0 -9999.0 -9999.0 -9999.0 -9999.0 -9999.0 -9999.0 -9999.0 -9999.0 -9999.0 -9999.0 -9999.0 -9999.0 -9999.0 -9999.0 -9999.0 -9999.0 -9999.0 -9999.0 -9999.0 -9999.0 -9999.0
 -9999.0 -9999.0 -9999.0 -9999.0 -9999.0 -9999.0 -9999.0 -9999.0 -9999.0 -9999.0 -9999.0 -9999.0 -9999.0 -9999.0 -9999.0 -9999.0 -9999.0 -9999.0 -9999.0 -9999.0 -9999.0 -9999.0 -9999.0 -9999.0 -9999.0 -9999.0 -9999.0 -9999.0 -9999.0 -9999.0 -9999.0 -9999.0 -9999.0 -9999.0 -9999.0 -9999.0 -9999.0 -9999.0 -9999.0 -9999.0 -9999.0 -9999.0 -9999.0 -9999.0 -9999.0 -9999.0 -9999.0 -9999.0 -9999.0 -9999.0 -9999.0   255.6   271.2   293.5   229.0   239.2   222.9   215.3   180.6   158.3   175.2   162.6   140.1   141.9   178.3   247.6   289.9   272.4   306.1   317.9   337.4   300.6   200.4   128.3   111.4   106.9    85.7    72.5    51.2    46.6    47.5    55.3   135.1    81.1    59.3    46.1   129.4    55.4    96.2    76.0   137.5   122.1   160.5   158.0   148.9 -9999.0 -9999.0 -9999.0 -9999.0 -9999.0 -9999.0 -9999.0 -9999.0 -9999.0 -9999.0 -9999.0 -9999.0 -9999.0 -9999.0 -9999.0 -9999.0 -9999.0 -9999.0 -9999.0 -9999.0 -9999.0 -9999.0 -9999.0 -9999.0 -9999.0 -9999.0 -9999.0 -9999.0 -9999.0 -9999.0 -9999.0 -9999.0 -9999.0
 -9999.0 -9999.0 -9999.0 -9999.0 -9999.0 -9999.0 -9999.0 -9999.0 -9999.0 -9999.0 -9999.0 -9999.0 -9999.0 -9999.0 -9999.0 -9999.0 -9999.0 -9999.0 -9999.0 -9999.0 -9999.0 -9999.0 -9999.0 -9999.0 -9999.0 -9999.0 -9999.0 -9999.0 -9999.0 -9999.0 -9999.0 -9999.0 -9999.0 -9999.0 -9999.0 -9999.0 -9999.0 -9999.0 -9999.0 -9999.0 -9999.0 -9999.0 -9999.0 -9999.0 -9999.0 -9999.0 -9999.0 -9999.0 -9999.0 -9999.0   230.3   318.3   330.9   321.1   274.4   258.5   218.9   189.1   156.0   152.0   135.4   175.8   156.2   169.7   218.3   261.4   255.7   278.4   318.6   327.2   351.5   267.4   207.6   195.8   170.5   143.4   108.4    84.3    67.0    66.1    71.1    75.1    87.6    72.0    93.1    56.5   104.4    59.5    89.8    99.7   104.5   130.4   139.1   136.2   113.2 -9999.0 -9999.0 -9999.0 -9999.0 -9999.0 -9999.0 -9999.0 -9999.0 -9999.0 -9999.0 -9999.0 -9999.0 -9999.0 -9999.0 -9999.0 -9999.0 -9999.0 -9999.0 -9999.0 -9999.0 -9999.0 -9999.0 -9999.0 -9999.0 -9999.0 -9999.0 -9999.0 -9999.0 -9999.0 -9999.0 -9999.0 -9999.0 -9999.0
 -9999.0 -9999.0 -9999.0 -9999.0 -9999.0 -9999.0 -9999.0 -9999.0 -9999.0 -9999.0 -9999.0 -9999.0 -9999.0 -9999.0 -9999.0 -9999.0 -9999.0 -9999.0 -9999.0 -9999.0 -9999.0 -9999.0 -9999.0 -9999.0 -9999.0 -9999.0 -9999.0 -9999.0 -9999.0 -9999.0 -9999.0 -9999.0 -9999.0 -9999.0 -9999.0 -9999.0 -9999.0 -9999.0 -9999.0 -9999.0 -9999.0 -9999.0 -9999.0 -9999.0 -9999.0 -9999.0 -9999.0 -9999.0 -9999.0 -9999.0   247.1   376.9   332.9   347.5   315.8   264.1   202.3   198.4   160.1   121.6   113.3   143.5   162.9   199.3   235.8   211.5   220.0   238.5   288.3   280.7   287.2   245.4   201.2   177.7   152.6   120.7   106.6    69.7    78.0    93.9    94.9   113.9   109.1    87.9   108.2    85.5    96.1   109.9   105.9    86.7    98.5    64.5    79.4    76.1 -9999.0 -9999.0 -9999.0 -9999.0 -9999.0 -9999.0 -9999.0 -9999.0 -9999.0 -9999.0 -9999.0 -9999.0 -9999.0 -9999.0 -9999.0 -9999.0 -9999.0 -9999.0 -9999.0 -9999.0 -9999.0 -9999.0 -9999.0 -9999.0 -9999.0 -9999.0 -9999.0 -9999.0 -9999.0 -9999.0 -9999.0 -9999.0 -9999.0 -9999.0
 -9999.0 -9999.0 -9999.0 -9999.0 -9999.0 -9999.0 -9999.0 -9999.0 -9999.0 -9999.0 -9999.0 -9999.0 -9999.0 -9999.0 -9999.0 -9999.0 -9999.0 -9999.0 -9999.0 -9999.0 -9999.0 -9999.0 -9999.0 -9999.0 -9999.0 -9999.0 -9999.0 -9999.0 -9999.0 -9999.0 -9999.0 -9999.0 -9999.0 -9999.0 -9999.0 -9999.0 -9999.0 -9999.0 -9999.0 -9999.0 -9999.0 -9999.0 -9999.0 -9999.0 -9999.0 -9999.0 -9999.0 -9999.0 -9999.0 -9999.0   248.6   330.9   320.3   390.9   295.9   252.3   272.0   205.8   182.1   123.7   124.0   149.7   161.8   167.3   200.4   196.2   193.1   219.0   237.6   303.1   236.0   291.1   154.8   179.5   125.3   121.8   137.7    84.7   101.5   107.0   134.6   122.5   113.1   107.9   139.0   102.0    97.9   110.5   128.8    98.7    95.6    46.6 -9999.0 -9999.0 -9999.0 -9999.0 -9999.0 -9999.0 -9999.0 -9999.0 -9999.0 -9999.0 -9999.0 -9999.0 -9999.0 -9999.0 -9999.0 -9999.0 -9999.0 -9999.0 -9999.0 -9999.0 -9999.0 -9999.0 -9999.0 -9999.0 -9999.0 -9999.0 -9999.0 -9999.0 -9999.0 -9999.0 -9999.0 -9999.0 -9999.0 -9999.0 -9999.0 -9999.0
 -9999.0 -9999.0 -9999.0 -9999.0 -9999.0 -9999.0 -9999.0 -9999.0 -9999.0 -9999.0 -9999.0 -9999.0 -9999.0 -9999.0 -9999.0 -9999.0 -9999.0 -9999.0 -9999.0 -9999.0 -9999.0 -9999.0 -9999.0 -9999.0 -9999.0 -9999.0 -9999.0 -9999.0 -9999.0 -9999.0 -9999.0 -9999.0 -9999.0 -9999.0 -9999.0 -9999.0 -9999.0 -9999.0 -9999.0 -9999.0 -9999.0 -9999.0 -9999.0 -9999.0 -9999.0 -9999.0 -9999.0 -9999.0 -9999.0 -9999.0   344.1   411.7   387.1   379.8   335.8   322.9   235.1   240.7   217.8   162.2   171.6   156.7   111.3   154.7   187.4   199.2   235.9   263.9   311.5   154.0   203.9   179.5   170.9   173.3   128.7   156.3   170.0   130.3   146.2   127.8   130.3   155.6   142.3   156.0   136.0   146.1   184.9   154.2   182.0   147.2    67.7 -9999.0 -9999.0 -9999.0 -9999.0 -9999.0 -9999.0 -9999.0 -9999.0 -9999.0 -9999.0 -9999.0 -9999.0 -9999.0 -9999.0 -9999.0 -9999.0 -9999.0 -9999.0 -9999.0 -9999.0 -9999.0 -9999.0 -9999.0 -9999.0 -9999.0 -9999.0 -9999.0 -9999.0 -9999.0 -9999.0 -9999.0 -9999.0 -9999.0 -9999.0 -9999.0 -9999.0 -9999.0
 -9999.0 -9999.0 -9999.0 -9999.0 -9999.0 -9999.0 -9999.0 -9999.0 -9999.0 -9999.0 -9999.0 -9999.0 -9999.0 -9999.0 -9999.0 -9999.0 -9999.0 -9999.0 -9999.0 -9999.0 -9999.0 -9999.0 -9999.0 -9999.0 -9999.0 -9999.0 -9999.0 -9999.0 -9999.0 -9999.0 -9999.0 -9999.0 -9999.0 -9999.0 -9999.0 -9999.0 -9999.0 -9999.0 -9999.0 -9999.0 -9999.0 -9999.0 -9999.0 -9999.0 -9999.0 -9999.0 -9999.0 -9999.0 -9999.0 -9999.0 -9999.0 -9999.0 -9999.0   373.8   342.1   309.4   294.0   298.7   242.3   241.5   396.0   182.5   289.5   209.4   201.7   204.8   267.7   237.3   282.0   245.3   190.6   173.0   180.0   180.0   173.3   178.4   198.1   177.2   165.8   160.4   167.5   173.4   197.0   209.2   208.2   214.8   215.3   248.4   188.0   139.6 -9999.0 -9999.0 -9999.0 -9999.0 -9999.0 -9999.0 -9999.0 -9999.0 -9999.0 -9999.0 -9999.0 -9999.0 -9999.0 -9999.0 -9999.0 -9999.0 -9999.0 -9999.0 -9999.0 -9999.0 -9999.0 -9999.0 -9999.0 -9999.0 -9999.0 -9999.0 -9999.0 -9999.0 -9999.0 -9999.0 -9999.0 -9999.0 -9999.0 -9999.0 -9999.0 -9999.0 -9999.0 -9999.0
 -9999.0 -9999.0 -9999.0 -9999.0 -9999.0 -9999.0 -9999.0 -9999.0 -9999.0 -9999.0 -9999.0 -9999.0 -9999.0 -9999.0 -9999.0 -9999.0 -9999.0 -9999.0 -9999.0 -9999.0 -9999.0 -9999.0 -9999.0 -9999.0 -9999.0 -9999.0 -9999.0 -9999.0 -9999.0 -9999.0 -9999.0 -9999.0 -9999.0 -9999.0 -9999.0 -9999.0 -9999.0 -9999.0 -9999.0 -9999.0 -9999.0 -9999.0 -9999.0 -9999.0 -9999.0 -9999.0 -9999.0 -9999.0 -9999.0 -9999.0 -9999.0 -9999.0 -9999.0   381.6   338.9   408.7   310.6   288.7   345.9   501.6   412.7   297.0   480.4   245.6   222.9   211.4   140.2   287.8   182.1   174.8   159.2   189.9   239.2   243.4   218.0   233.8   221.9   237.2   214.0   203.4   201.9   219.3   247.3 -9999.0   264.0   249.4 -9999.0 -9999.0 -9999.0 -9999.0 -9999.0 -9999.0 -9999.0 -9999.0 -9999.0 -9999.0 -9999.0 -9999.0 -9999.0 -9999.0 -9999.0 -9999.0 -9999.0 -9999.0 -9999.0 -9999.0 -9999.0 -9999.0 -9999.0 -9999.0 -9999.0 -9999.0 -9999.0 -9999.0 -9999.0 -9999.0 -9999.0 -9999.0 -9999.0 -9999.0 -9999.0 -9999.0 -9999.0 -9999.0 -9999.0 -9999.0 -9999.0 -9999.0
 -9999.0 -9999.0 -9999.0 -9999.0 -9999.0 -9999.0 -9999.0 -9999.0 -9999.0 -9999.0 -9999.0 -9999.0 -9999.0 -9999.0 -9999.0 -9999.0 -9999.0 -9999.0 -9999.0 -9999.0 -9999.0 -9999.0 -9999.0 -9999.0 -9999.0 -9999.0 -9999.0 -9999.0 -9999.0 -9999.0 -9999.0 -9999.0 -9999.0 -9999.0 -9999.0 -9999.0 -9999.0 -9999.0 -9999.0 -9999.0 -9999.0 -9999.0 -9999.0 -9999.0 -9999.0 -9999.0 -9999.0 -9999.0 -9999.0 -9999.0 -9999.0 -9999.0 -9999.0   381.4   295.5   366.0   343.8   333.7   415.6   481.4   632.9   586.3   690.9   592.8   196.6 -9999.0 -9999.0 -9999.0   206.1   147.7   182.1   253.4   295.6   281.5   262.4   286.3   276.8   281.9   334.3   236.0   207.2   213.6   268.4 -9999.0 -9999.0 -9999.0 -9999.0 -9999.0 -9999.0 -9999.0 -9999.0 -9999.0 -9999.0 -9999.0 -9999.0 -9999.0 -9999.0 -9999.0 -9999.0 -9999.0 -9999.0 -9999.0 -9999.0 -9999.0 -9999.0 -9999.0 -9999.0 -9999.0 -9999.0 -9999.0 -9999.0 -9999.0 -9999.0 -9999.0 -9999.0 -9999.0 -9999.0 -9999.0 -9999.0 -9999.0 -9999.0 -9999.0 -9999.0 -9999.0 -9999.0 -9999.0 -9999.0 -9999.0
 -9999.0 -9999.0 -9999.0 -9999.0 -9999.0 -9999.0 -9999.0 -9999.0 -9999.0 -9999.0 -9999.0 -9999.0 -9999.0 -9999.0 -9999.0 -9999.0 -9999.0 -9999.0 -9999.0 -9999.0 -9999.0 -9999.0 -9999.0 -9999.0 -9999.0 -9999.0 -9999.0 -9999.0 -9999.0 -9999.0 -9999.0 -9999.0 -9999.0 -9999.0 -9999.0 -9999.0 -9999.0 -9999.0 -9999.0 -9999.0 -9999.0 -9999.0 -9999.0 -9999.0 -9999.0 -9999.0 -9999.0 -9999.0 -9999.0 -9999.0 -9999.0 -9999.0 -9999.0 -9999.0   362.6   352.1   294.7   306.1   483.3   680.7   476.8 -9999.0 -9999.0 -9999.0 -9999.0 -9999.0 -9999.0 -9999.0   151.4   191.8   282.5   280.1   291.3   278.8   267.3   299.9   355.3   326.1   270.9 -9999.0   188.1 -9999.0 -9999.0 -9999.0 -9999.0 -9999.0 -9999.0 -9999.0 -9999.0 -9999.0 -9999.0 -9999.0 -9999.0 -9999.0 -9999.0 -9999.0 -9999.0 -9999.0 -9999.0 -9999.0 -9999.0 -9999.0 -9999.0 -9999.0 -9999.0 -9999.0 -9999.0 -9999.0 -9999.0 -9999.0 -9999.0 -9999.0 -9999.0 -9999.0 -9999.0 -9999.0 -9999.0 -9999.0 -9999.0 -9999.0 -9999.0 -9999.0 -9999.0 -9999.0 -9999.0 -9999.0 -9999.0 -9999.0
 -9999.0 -9999.0 -9999.0 -9999.0 -9999.0 -9999.0 -9999.0 -9999.0 -9999.0 -9999.0 -9999.0 -9999.0 -9999.0 -9999.0 -9999.0 -9999.0 -9999.0 -9999.0 -9999.0 -9999.0 -9999.0 -9999.0 -9999.0 -9999.0 -9999.0 -9999.0 -9999.0 -9999.0 -9999.0 -9999.0 -9999.0 -9999.0 -9999.0 -9999.0 -9999.0 -9999.0 -9999.0 -9999.0 -9999.0 -9999.0 -9999.0 -9999.0 -9999.0 -9999.0 -9999.0 -9999.0 -9999.0 -9999.0 -9999.0 -9999.0 -9999.0 -9999.0 -9999.0 -9999.0 -9999.0   337.4   483.0   406.2   424.2   592.0   595.1 -9999.0 -9999.0 -9999.0 -9999.0 -9999.0 -9999.0 -9999.0 -9999.0 -9999.0   239.4 -9999.0 -9999.0 -9999.0 -9999.0 -9999.0   338.5 -9999.0 -9999.0 -9999.0 -9999.0 -9999.0 -9999.0 -9999.0 -9999.0 -9999.0 -9999.0 -9999.0 -9999.0 -9999.0 -9999.0 -9999.0 -9999.0 -9999.0 -9999.0 -9999.0 -9999.0 -9999.0 -9999.0 -9999.0 -9999.0 -9999.0 -9999.0 -9999.0 -9999.0 -9999.0 -9999.0 -9999.0 -9999.0 -9999.0 -9999.0 -9999.0 -9999.0 -9999.0 -9999.0 -9999.0 -9999.0 -9999.0 -9999.0 -9999.0 -9999.0 -9999.0 -9999.0 -9999.0 -9999.0 -9999.0 -9999.0 -9999.0
 -9999.0 -9999.0 -9999.0 -9999.0 -9999.0 -9999.0 -9999.0 -9999.0 -9999.0 -9999.0 -9999.0 -9999.0 -9999.0 -9999.0 -9999.0 -9999.0 -9999.0 -9999.0 -9999.0 -9999.0 -9999.0 -9999.0 -9999.0 -9999.0 -9999.0 -9999.0 -9999.0 -9999.0 -9999.0 -9999.0 -9999.0 -9999.0 -9999.0 -9999.0 -9999.0 -9999.0 -9999.0 -9999.0 -9999.0 -9999.0 -9999.0 -9999.0 -9999.0 -9999.0 -9999.0 -9999.0 -9999.0 -9999.0 -9999.0 -9999.0 -9999.0 -9999.0 -9999.0 -9999.0 -9999.0 -9999.0 -9999.0 -9999.0   517.7   506.7 -9999.0 -9999.0 -9999.0 -9999.0 -9999.0 -9999.0 -9999.0 -9999.0 -9999.0 -9999.0 -9999.0 -9999.0 -9999.0 -9999.0 -9999.0   220.3   266.8 -9999.0 -9999.0 -9999.0 -9999.0 -9999.0 -9999.0 -9999.0 -9999.0 -9999.0 -9999.0 -9999.0 -9999.0 -9999.0 -9999.0 -9999.0 -9999.0 -9999.0 -9999.0 -9999.0 -9999.0 -9999.0 -9999.0 -9999.0 -9999.0 -9999.0 -9999.0 -9999.0 -9999.0 -9999.0 -9999.0 -9999.0 -9999.0 -9999.0 -9999.0 -9999.0 -9999.0 -9999.0 -9999.0 -9999.0 -9999.0 -9999.0 -9999.0 -9999.0 -9999.0 -9999.0 -9999.0 -9999.0 -9999.0 -9999.0 -9999.0 -9999.0
 -9999.0 -9999.0 -9999.0 -9999.0 -9999.0 -9999.0 -9999.0 -9999.0 -9999.0 -9999.0 -9999.0 -9999.0 -9999.0 -9999.0 -9999.0 -9999.0 -9999.0 -9999.0 -9999.0 -9999.0 -9999.0 -9999.0 -9999.0 -9999.0 -9999.0 -9999.0 -9999.0 -9999.0 -9999.0 -9999.0 -9999.0 -9999.0 -9999.0 -9999.0 -9999.0 -9999.0 -9999.0 -9999.0 -9999.0 -9999.0 -9999.0 -9999.0 -9999.0 -9999.0 -9999.0 -9999.0 -9999.0 -9999.0 -9999.0 -9999.0 -9999.0 -9999.0 -9999.0 -9999.0 -9999.0 -9999.0 -9999.0 -9999.0 -9999.0 -9999.0 -9999.0 -9999.0 -9999.0 -9999.0 -9999.0 -9999.0 -9999.0 -9999.0 -9999.0 -9999.0 -9999.0 -9999.0 -9999.0 -9999.0 -9999.0 -9999.0 -9999.0 -9999.0 -9999.0 -9999.0 -9999.0 -9999.0 -9999.0 -9999.0 -9999.0 -9999.0 -9999.0 -9999.0 -9999.0 -9999.0 -9999.0 -9999.0 -9999.0 -9999.0 -9999.0 -9999.0 -9999.0 -9999.0 -9999.0 -9999.0 -9999.0 -9999.0 -9999.0 -9999.0 -9999.0 -9999.0 -9999.0 -9999.0 -9999.0 -9999.0 -9999.0 -9999.0 -9999.0 -9999.0 -9999.0 -9999.0 -9999.0 -9999.0 -9999.0 -9999.0 -9999.0 -9999.0 -9999.0 -9999.0 -9999.0 -9999.0 -9999.0 -9999.0
 -9999.0 -9999.0 -9999.0 -9999.0 -9999.0 -9999.0 -9999.0 -9999.0 -9999.0 -9999.0 -9999.0 -9999.0 -9999.0 -9999.0 -9999.0 -9999.0 -9999.0 -9999.0 -9999.0 -9999.0 -9999.0 -9999.0 -9999.0 -9999.0 -9999.0 -9999.0 -9999.0 -9999.0 -9999.0 -9999.0 -9999.0 -9999.0 -9999.0 -9999.0 -9999.0 -9999.0 -9999.0 -9999.0 -9999.0 -9999.0 -9999.0 -9999.0 -9999.0 -9999.0 -9999.0 -9999.0 -9999.0 -9999.0 -9999.0 -9999.0 -9999.0 -9999.0 -9999.0 -9999.0 -9999.0 -9999.0 -9999.0 -9999.0 -9999.0 -9999.0 -9999.0 -9999.0 -9999.0 -9999.0 -9999.0 -9999.0 -9999.0 -9999.0 -9999.0 -9999.0 -9999.0 -9999.0 -9999.0 -9999.0 -9999.0   178.7   180.5   171.7 -9999.0 -9999.0 -9999.0 -9999.0 -9999.0 -9999.0 -9999.0 -9999.0 -9999.0 -9999.0 -9999.0 -9999.0 -9999.0 -9999.0 -9999.0 -9999.0 -9999.0 -9999.0 -9999.0 -9999.0 -9999.0 -9999.0 -9999.0 -9999.0 -9999.0 -9999.0 -9999.0 -9999.0 -9999.0 -9999.0 -9999.0 -9999.0 -9999.0 -9999.0 -9999.0 -9999.0 -9999.0 -9999.0 -9999.0 -9999.0 -9999.0 -9999.0 -9999.0 -9999.0 -9999.0 -9999.0 -9999.0 -9999.0 -9999.0 -9999.0
 -9999.0 -9999.0 -9999.0 -9999.0 -9999.0 -9999.0 -9999.0 -9999.0 -9999.0 -9999.0 -9999.0 -9999.0 -9999.0 -9999.0 -9999.0 -9999.0 -9999.0 -9999.0 -9999.0 -9999.0 -9999.0 -9999.0 -9999.0 -9999.0 -9999.0 -9999.0 -9999.0 -9999.0 -9999.0 -9999.0 -9999.0 -9999.0 -9999.0 -9999.0 -9999.0 -9999.0 -9999.0 -9999.0 -9999.0 -9999.0 -9999.0 -9999.0 -9999.0 -9999.0 -9999.0 -9999.0 -9999.0 -9999.0 -9999.0 -9999.0 -9999.0 -9999.0 -9999.0 -9999.0 -9999.0 -9999.0 -9999.0 -9999.0 -9999.0 -9999.0 -9999.0 -9999.0 -9999.0 -9999.0 -9999.0 -9999.0 -9999.0 -9999.0 -9999.0 -9999.0 -9999.0 -9999.0 -9999.0   155.8   231.7   192.3   189.6 -9999.0 -9999.0 -9999.0 -9999.0 -9999.0 -9999.0 -9999.0 -9999.0 -9999.0 -9999.0 -9999.0 -9999.0 -9999.0 -9999.0 -9999.0 -9999.0 -9999.0 -9999.0 -9999.0 -9999.0 -9999.0 -9999.0 -9999.0 -9999.0 -9999.0 -9999.0 -9999.0 -9999.0 -9999.0 -9999.0 -9999.0 -9999.0 -9999.0 -9999.0 -9999.0 -9999.0 -9999.0 -9999.0 -9999.0 -9999.0 -9999.0 -9999.0 -9999.0 -9999.0 -9999.0 -9999.0 -9999.0 -9999.0 -9999.0 -9999.0 -9999.0
 -9999.0 -9999.0 -9999.0 -9999.0 -9999.0 -9999.0 -9999.0 -9999.0 -9999.0 -9999.0 -9999.0 -9999.0 -9999.0 -9999.0 -9999.0 -9999.0 -9999.0 -9999.0 -9999.0 -9999.0 -9999.0 -9999.0 -9999.0 -9999.0 -9999.0 -9999.0 -9999.0 -9999.0 -9999.0 -9999.0 -9999.0 -9999.0 -9999.0 -9999.0 -9999.0 -9999.0 -9999.0 -9999.0 -9999.0 -9999.0 -9999.0 -9999.0 -9999.0 -9999.0 -9999.0 -9999.0 -9999.0 -9999.0 -9999.0 -9999.0 -9999.0 -9999.0 -9999.0 -9999.0 -9999.0 -9999.0 -9999.0 -9999.0 -9999.0 -9999.0 -9999.0 -9999.0 -9999.0 -9999.0 -9999.0 -9999.0 -9999.0 -9999.0 -9999.0 -9999.0 -9999.0 -9999.0 -9999.0 -9999.0   197.8   226.8   134.6 -9999.0 -9999.0 -9999.0 -9999.0 -9999.0 -9999.0 -9999.0 -9999.0 -9999.0 -9999.0 -9999.0 -9999.0 -9999.0 -9999.0 -9999.0 -9999.0 -9999.0 -9999.0 -9999.0 -9999.0 -9999.0 -9999.0 -9999.0 -9999.0 -9999.0 -9999.0 -9999.0 -9999.0 -9999.0 -9999.0 -9999.0 -9999.0 -9999.0 -9999.0 -9999.0 -9999.0 -9999.0 -9999.0 -9999.0 -9999.0 -9999.0 -9999.0 -9999.0 -9999.0 -9999.0 -9999.0 -9999.0 -9999.0 -9999.0 -9999.0 -9999.0
 -9999.0 -9999.0 -9999.0 -9999.0 -9999.0 -9999.0 -9999.0 -9999.0 -9999.0 -9999.0 -9999.0 -9999.0 -9999.0 -9999.0 -9999.0 -9999.0 -9999.0 -9999.0 -9999.0 -9999.0 -9999.0 -9999.0 -9999.0 -9999.0 -9999.0 -9999.0 -9999.0 -9999.0 -9999.0 -9999.0 -9999.0 -9999.0 -9999.0 -9999.0 -9999.0 -9999.0 -9999.0 -9999.0 -9999.0 -9999.0 -9999.0 -9999.0 -9999.0 -9999.0 -9999.0 -9999.0 -9999.0 -9999.0 -9999.0 -9999.0 -9999.0 -9999.0 -9999.0 -9999.0 -9999.0 -9999.0 -9999.0 -9999.0 -9999.0 -9999.0 -9999.0 -9999.0 -9999.0 -9999.0 -9999.0 -9999.0 -9999.0 -9999.0 -9999.0 -9999.0 -9999.0 -9999.0 -9999.0 -9999.0 -9999.0 -9999.0 -9999.0 -9999.0 -9999.0 -9999.0 -9999.0 -9999.0 -9999.0 -9999.0 -9999.0 -9999.0 -9999.0 -9999.0 -9999.0 -9999.0 -9999.0 -9999.0 -9999.0 -9999.0 -9999.0 -9999.0 -9999.0 -9999.0 -9999.0 -9999.0 -9999.0 -9999.0 -9999.0 -9999.0 -9999.0 -9999.0 -9999.0 -9999.0 -9999.0 -9999.0 -9999.0 -9999.0 -9999.0 -9999.0 -9999.0 -9999.0 -9999.0 -9999.0 -9999.0 -9999.0 -9999.0 -9999.0 -9999.0 -9999.0 -9999.0 -9999.0 -9999.0 -9999.0
