NCOLS      128
NROWS       72
XLLCORNER    72.000000000000    
YLLCORNER    18.000000000000    
CELLSIZE    0.50000000000000    
NODATA_VALUE   -9999.000    
 -9999.0 -9999.0 -9999.0 -9999.0 -9999.0 -9999.0 -9999.0 -9999.0 -9999.0 -9999.0 -9999.0 -9999.0 -9999.0 -9999.0 -9999.0 -9999.0 -9999.0 -9999.0 -9999.0 -9999.0 -9999.0 -9999.0 -9999.0 -9999.0 -9999.0 -9999.0 -9999.0 -9999.0 -9999.0 -9999.0 -9999.0 -9999.0 -9999.0 -9999.0 -9999.0 -9999.0 -9999.0 -9999.0 -9999.0 -9999.0 -9999.0 -9999.0 -9999.0 -9999.0 -9999.0 -9999.0 -9999.0 -9999.0 -9999.0 -9999.0 -9999.0 -9999.0 -9999.0 -9999.0 -9999.0 -9999.0 -9999.0 -9999.0 -9999.0 -9999.0 -9999.0 -9999.0 -9999.0 -9999.0 -9999.0 -9999.0 -9999.0 -9999.0 -9999.0 -9999.0 -9999.0 -9999.0 -9999.0 -9999.0 -9999.0 -9999.0 -9999.0 -9999.0 -9999.0 -9999.0 -9999.0 -9999.0 -9999.0 -9999.0 -9999.0 -9999.0 -9999.0 -9999.0 -9999.0 -9999.0 -9999.0 -9999.0 -9999.0 -9999.0 -9999.0 -9999.0 -9999.0     8.0     8.7     9.7    10.5    12.4    13.9    15.4    15.4 -9999.0 -9999.0 -9999.0 -9999.0 -9999.0 -9999.0 -9999.0 -9999.0 -9999.0 -9999.0 -9999.0 -9999.0 -9999.0 -9999.0 -9999.0 -9999.0 -9999.0 -9999.0 -9999.0 -9999.0 -9999.0 -9999.0 -9999.0
 -9999.0 -9999.0 -9999.0 -9999.0 -9999.0 -9999.0 -9999.0 -9999.0 -9999.0 -9999.0 -9999.0 -9999.0 -9999.0 -9999.0 -9999.0 -9999.0 -9999.0 -9999.0 -9999.0 -9999.0 -9999.0 -9999.0 -9999.0 -9999.0 -9999.0 -9999.0 -9999.0 -9999.0 -9999.0 -9999.0 -9999.0 -9999.0 -9999.0 -9999.0 -9999.0 -9999.0 -9999.0 -9999.0 -9999.0 -9999.0 -9999.0 -9999.0 -9999.0 -9999.0 -9999.0 -9999.0 -9999.0 -9999.0 -9999.0 -9999.0 -9999.0 -9999.0 -9999.0 -9999.0 -9999.0 -9999.0 -9999.0 -9999.0 -9999.0 -9999.0 -9999.0 -9999.0 -9999.0 -9999.0 -9999.0 -9999.0 -9999.0 -9999.0 -9999.0 -9999.0 -9999.0 -9999.0 -9999.0 -9999.0 -9999.0 -9999.0 -9999.0 -9999.0 -9999.0 -9999.0 -9999.0 -9999.0 -9999.0 -9999.0 -9999.0 -9999.0 -9999.0 -9999.0 -9999.0 -9999.0 -9999.0 -9999.0 -9999.0 -9999.0 -9999.0 -9999.0     8.3     8.8     8.7     9.7    10.1    11.6    13.8    15.5    16.2    17.9    19.1    19.5    20.7 -9999.0 -9999.0 -9999.0 -9999.0 -9999.0 -9999.0 -9999.0 -9999.0 -9999.0 -9999.0 -9999.0 -9999.0 -9999.0 -9999.0 -9999.0 -9999.0 -9999.0 -9999.0 -9999.0
 -9999.0 -9999.0 -9999.0 -9999.0 -9999.0 -9999.0 -9999.0 -9999.0 -9999.0 -9999.0 -9999.0 -9999.0 -9999.0 -9999.0 -9999.0 -9999.0 -9999.0 -9999.0 -9999.0 -9999.0 -9999.0 -9999.0 -9999.0 -9999.0 -9999.0 -9999.0 -9999.0 -9999.0 -9999.0 -9999.0 -9999.0 -9999.0 -9999.0 -9999.0 -9999.0 -9999.0 -9999.0 -9999.0 -9999.0 -9999.0 -9999.0 -9999.0 -9999.0 -9999.0 -9999.0 -9999.0 -9999.0 -9999.0 -9999.0 -9999.0 -9999.0 -9999.0 -9999.0 -9999.0 -9999.0 -9999.0 -9999.0 -9999.0 -9999.0 -9999.0 -9999.0 -9999.0 -9999.0 -9999.0 -9999.0 -9999.0 -9999.0 -9999.0 -9999.0 -9999.0 -9999.0 -9999.0 -9999.0 -9999.0 -9999.0 -9999.0 -9999.0 -9999.0 -9999.0 -9999.0 -9999.0 -9999.0 -9999.0 -9999.0 -9999.0 -9999.0 -9999.0 -9999.0 -9999.0 -9999.0 -9999.0 -9999.0 -9999.0 -9999.0 -9999.0     8.4     9.0     9.2     9.2    10.1    10.8    11.9    13.3    14.3    15.1    13.7    16.6    17.2    18.9 -9999.0 -9999.0 -9999.0 -9999.0 -9999.0 -9999.0 -9999.0 -9999.0 -9999.0 -9999.0 -9999.0 -9999.0 -9999.0 -9999.0 -9999.0 -9999.0 -9999.0 -9999.0 -9999.0
 -9999.0 -9999.0 -9999.0 -9999.0 -9999.0 -9999.0 -9999.0 -9999.0 -9999.0 -9999.0 -9999.0 -9999.0 -9999.0 -9999.0 -9999.0 -9999.0 -9999.0 -9999.0 -9999.0 -9999.0 -9999.0 -9999.0 -9999.0 -9999.0 -9999.0 -9999.0 -9999.0 -9999.0 -9999.0 -9999.0 -9999.0 -9999.0 -9999.0 -9999.0 -9999.0 -9999.0 -9999.0 -9999.0 -9999.0 -9999.0 -9999.0 -9999.0 -9999.0 -9999.0 -9999.0 -9999.0 -9999.0 -9999.0 -9999.0 -9999.0 -9999.0 -9999.0 -9999.0 -9999.0 -9999.0 -9999.0 -9999.0 -9999.0 -9999.0 -9999.0 -9999.0 -9999.0 -9999.0 -9999.0 -9999.0 -9999.0 -9999.0 -9999.0 -9999.0 -9999.0 -9999.0 -9999.0 -9999.0 -9999.0 -9999.0 -9999.0 -9999.0 -9999.0 -9999.0 -9999.0 -9999.0 -9999.0 -9999.0 -9999.0 -9999.0 -9999.0 -9999.0 -9999.0 -9999.0 -9999.0 -9999.0 -9999.0 -9999.0 -9999.0 -9999.0     9.2     9.6    10.2    10.0     9.8     9.7    10.0    12.6    13.3    13.2    13.2    14.7    15.2    17.0    18.2 -9999.0 -9999.0 -9999.0 -9999.0 -9999.0 -9999.0 -9999.0 -9999.0 -9999.0 -9999.0 -9999.0 -9999.0 -9999.0 -9999.0 -9999.0 -9999.0 -9999.0 -9999.0
 -9999.0 -9999.0 -9999.0 -9999.0 -9999.0 -9999.0 -9999.0 -9999.0 -9999.0 -9999.0 -9999.0 -9999.0 -9999.0 -9999.0 -9999.0 -9999.0 -9999.0 -9999.0 -9999.0 -9999.0 -9999.0 -9999.0 -9999.0 -9999.0 -9999.0 -9999.0 -9999.0 -9999.0 -9999.0 -9999.0 -9999.0 -9999.0 -9999.0 -9999.0 -9999.0 -9999.0 -9999.0 -9999.0 -9999.0 -9999.0 -9999.0 -9999.0 -9999.0 -9999.0 -9999.0 -9999.0 -9999.0 -9999.0 -9999.0 -9999.0 -9999.0 -9999.0 -9999.0 -9999.0 -9999.0 -9999.0 -9999.0 -9999.0 -9999.0 -9999.0 -9999.0 -9999.0 -9999.0 -9999.0 -9999.0 -9999.0 -9999.0 -9999.0 -9999.0 -9999.0 -9999.0 -9999.0 -9999.0 -9999.0 -9999.0 -9999.0 -9999.0 -9999.0 -9999.0 -9999.0 -9999.0 -9999.0 -9999.0 -9999.0 -9999.0 -9999.0 -9999.0 -9999.0 -9999.0 -9999.0 -9999.0 -9999.0 -9999.0 -9999.0 -9999.0     9.8    10.5    10.1     9.4     9.2     9.6     8.7     9.9    10.9    11.0    10.5    12.5    13.1    13.9    15.8    16.0 -9999.0 -9999.0 -9999.0 -9999.0 -9999.0 -9999.0 -9999.0 -9999.0 -9999.0 -9999.0 -9999.0 -9999.0 -9999.0 -9999.0 -9999.0 -9999.0 -9999.0
 -9999.0 -9999.0 -9999.0 -9999.0 -9999.0 -9999.0 -9999.0 -9999.0 -9999.0 -9999.0 -9999.0 -9999.0 -9999.0 -9999.0 -9999.0 -9999.0 -9999.0 -9999.0 -9999.0 -9999.0 -9999.0 -9999.0 -9999.0 -9999.0 -9999.0 -9999.0 -9999.0 -9999.0 -9999.0 -9999.0 -9999.0 -9999.0 -9999.0 -9999.0 -9999.0 -9999.0 -9999.0 -9999.0 -9999.0 -9999.0 -9999.0 -9999.0 -9999.0 -9999.0 -9999.0 -9999.0 -9999.0 -9999.0 -9999.0 -9999.0 -9999.0 -9999.0 -9999.0 -9999.0 -9999.0 -9999.0 -9999.0 -9999.0 -9999.0 -9999.0 -9999.0 -9999.0 -9999.0 -9999.0 -9999.0 -9999.0 -9999.0 -9999.0 -9999.0 -9999.0 -9999.0 -9999.0 -9999.0 -9999.0 -9999.0 -9999.0 -9999.0 -9999.0 -9999.0 -9999.0 -9999.0 -9999.0 -9999.0 -9999.0 -9999.0 -9999.0 -9999.0 -9999.0 -9999.0 -9999.0 -9999.0 -9999.0 -9999.0 -9999.0     8.5    10.0    11.1    10.7     9.4     8.1     7.3     9.0     8.8     9.5    10.1    10.2    10.8    11.1    11.3    13.0    13.2 -9999.0 -9999.0 -9999.0 -9999.0 -9999.0 -9999.0 -9999.0 -9999.0 -9999.0 -9999.0 -9999.0 -9999.0 -9999.0 -9999.0 -9999.0 -9999.0 -9999.0
 -9999.0 -9999.0 -9999.0 -9999.0 -9999.0 -9999.0 -9999.0 -9999.0 -9999.0 -9999.0 -9999.0 -9999.0 -9999.0 -9999.0 -9999.0 -9999.0 -9999.0 -9999.0 -9999.0 -9999.0 -9999.0 -9999.0 -9999.0 -9999.0 -9999.0 -9999.0 -9999.0 -9999.0 -9999.0 -9999.0 -9999.0 -9999.0 -9999.0 -9999.0 -9999.0 -9999.0 -9999.0 -9999.0 -9999.0 -9999.0 -9999.0 -9999.0 -9999.0 -9999.0 -9999.0 -9999.0 -9999.0 -9999.0 -9999.0 -9999.0 -9999.0 -9999.0 -9999.0 -9999.0 -9999.0 -9999.0 -9999.0 -9999.0 -9999.0 -9999.0 -9999.0 -9999.0 -9999.0 -9999.0 -9999.0 -9999.0 -9999.0 -9999.0 -9999.0 -9999.0 -9999.0 -9999.0 -9999.0 -9999.0 -9999.0 -9999.0 -9999.0 -9999.0 -9999.0 -9999.0 -9999.0 -9999.0 -9999.0 -9999.0 -9999.0 -9999.0 -9999.0 -9999.0 -9999.0 -9999.0 -9999.0 -9999.0 -9999.0 -9999.0     8.1    10.4    11.3    10.6     8.8     7.5     6.7     6.6     7.4     8.5     9.6     9.4     9.6     9.7     9.0     9.3    11.6    13.3 -9999.0 -9999.0 -9999.0 -9999.0 -9999.0 -9999.0 -9999.0 -9999.0 -9999.0 -9999.0 -9999.0 -9999.0 -9999.0 -9999.0 -9999.0 -9999.0
 -9999.0 -9999.0 -9999.0 -9999.0 -9999.0 -9999.0 -9999.0 -9999.0 -9999.0 -9999.0 -9999.0 -9999.0 -9999.0 -9999.0 -9999.0 -9999.0 -9999.0 -9999.0 -9999.0 -9999.0 -9999.0 -9999.0 -9999.0 -9999.0 -9999.0 -9999.0 -9999.0 -9999.0 -9999.0 -9999.0 -9999.0 -9999.0 -9999.0 -9999.0 -9999.0 -9999.0 -9999.0 -9999.0 -9999.0 -9999.0 -9999.0 -9999.0 -9999.0 -9999.0 -9999.0 -9999.0 -9999.0 -9999.0 -9999.0 -9999.0 -9999.0 -9999.0 -9999.0 -9999.0 -9999.0 -9999.0 -9999.0 -9999.0 -9999.0 -9999.0 -9999.0 -9999.0 -9999.0 -9999.0 -9999.0 -9999.0 -9999.0 -9999.0 -9999.0 -9999.0 -9999.0 -9999.0 -9999.0 -9999.0 -9999.0 -9999.0 -9999.0 -9999.0 -9999.0 -9999.0 -9999.0 -9999.0 -9999.0 -9999.0 -9999.0 -9999.0 -9999.0 -9999.0 -9999.0     2.6 -9999.0 -9999.0     3.6     5.3     6.6     8.8    10.5    10.1     8.3     6.5     6.1     5.8     6.1     7.6     8.5     8.8     8.9     7.3     7.1     6.9     9.3    11.5 -9999.0 -9999.0 -9999.0 -9999.0 -9999.0 -9999.0 -9999.0 -9999.0 -9999.0 -9999.0 -9999.0 -9999.0 -9999.0 -9999.0 -9999.0 -9999.0
 -9999.0 -9999.0 -9999.0 -9999.0 -9999.0 -9999.0 -9999.0 -9999.0 -9999.0 -9999.0 -9999.0 -9999.0 -9999.0 -9999.0 -9999.0 -9999.0 -9999.0 -9999.0 -9999.0 -9999.0 -9999.0 -9999.0 -9999.0 -9999.0 -9999.0 -9999.0 -9999.0 -9999.0 -9999.0 -9999.0 -9999.0 -9999.0 -9999.0 -9999.0 -9999.0 -9999.0 -9999.0 -9999.0 -9999.0 -9999.0 -9999.0 -9999.0 -9999.0 -9999.0 -9999.0 -9999.0 -9999.0 -9999.0 -9999.0 -9999.0 -9999.0 -9999.0 -9999.0 -9999.0 -9999.0 -9999.0 -9999.0 -9999.0 -9999.0 -9999.0 -9999.0 -9999.0 -9999.0 -9999.0 -9999.0 -9999.0 -9999.0 -9999.0 -9999.0 -9999.0 -9999.0 -9999.0 -9999.0 -9999.0 -9999.0 -9999.0 -9999.0 -9999.0 -9999.0 -9999.0 -9999.0 -9999.0 -9999.0 -9999.0 -9999.0 -9999.0 -9999.0 -9999.0     1.5     1.8     2.5     2.6     3.0     4.7     5.4     8.1     9.2     9.0     7.3     5.6     4.5     4.3     4.9     5.6     6.5     7.1     7.6     7.2     6.5     6.1     7.2    10.6    13.1    14.9    15.9    16.2 -9999.0 -9999.0 -9999.0 -9999.0 -9999.0 -9999.0 -9999.0 -9999.0 -9999.0 -9999.0 -9999.0 -9999.0
 -9999.0 -9999.0 -9999.0 -9999.0 -9999.0 -9999.0 -9999.0 -9999.0 -9999.0 -9999.0 -9999.0 -9999.0 -9999.0 -9999.0 -9999.0 -9999.0 -9999.0 -9999.0 -9999.0 -9999.0 -9999.0 -9999.0 -9999.0 -9999.0 -9999.0 -9999.0 -9999.0 -9999.0 -9999.0    49.3    52.4    55.7    59.3 -9999.0 -9999.0 -9999.0 -9999.0 -9999.0 -9999.0 -9999.0 -9999.0 -9999.0 -9999.0 -9999.0 -9999.0 -9999.0 -9999.0 -9999.0 -9999.0 -9999.0 -9999.0 -9999.0 -9999.0 -9999.0 -9999.0 -9999.0 -9999.0 -9999.0 -9999.0 -9999.0 -9999.0 -9999.0 -9999.0 -9999.0 -9999.0 -9999.0 -9999.0 -9999.0 -9999.0 -9999.0 -9999.0 -9999.0 -9999.0 -9999.0 -9999.0 -9999.0 -9999.0 -9999.0 -9999.0 -9999.0 -9999.0 -9999.0 -9999.0 -9999.0 -9999.0 -9999.0 -9999.0     1.2     1.6     2.0     2.4     2.3     3.1     4.0     5.0     6.1     7.9     7.5     6.4     4.5     3.5     3.4     3.7     4.7     5.1     5.8     6.7     6.6     5.6     5.7     7.0     9.6    11.4    13.4    13.6    14.5    13.7    11.6 -9999.0 -9999.0 -9999.0 -9999.0 -9999.0 -9999.0 -9999.0 -9999.0 -9999.0 -9999.0
 -9999.0 -9999.0 -9999.0 -9999.0 -9999.0 -9999.0 -9999.0 -9999.0 -9999.0 -9999.0 -9999.0 -9999.0 -9999.0 -9999.0 -9999.0 -9999.0 -9999.0 -9999.0 -9999.0 -9999.0 -9999.0 -9999.0 -9999.0 -9999.0 -9999.0 -9999.0 -9999.0    35.2    36.5    35.5    43.0    47.1    51.0    55.5 -9999.0 -9999.0 -9999.0 -9999.0 -9999.0 -9999.0 -9999.0 -9999.0 -9999.0 -9999.0 -9999.0 -9999.0 -9999.0 -9999.0 -9999.0 -9999.0 -9999.0 -9999.0 -9999.0 -9999.0 -9999.0 -9999.0 -9999.0 -9999.0 -9999.0 -9999.0 -9999.0 -9999.0 -9999.0 -9999.0 -9999.0 -9999.0 -9999.0 -9999.0 -9999.0 -9999.0 -9999.0 -9999.0 -9999.0 -9999.0 -9999.0 -9999.0 -9999.0 -9999.0 -9999.0 -9999.0 -9999.0 -9999.0 -9999.0 -9999.0 -9999.0 -9999.0 -9999.0     1.7     2.1     1.7     1.9     2.5     3.4     4.8     5.6     6.9     7.2     7.3     5.2     3.6     2.6     2.5     2.9     3.6     4.3     4.7     5.2     5.3     5.9     6.5     7.0     8.3     9.2    10.8    11.1    10.3    10.3     9.3 -9999.0 -9999.0 -9999.0 -9999.0 -9999.0    13.5    15.0    16.2    17.6 -9999.0
 -9999.0 -9999.0 -9999.0 -9999.0 -9999.0 -9999.0 -9999.0 -9999.0 -9999.0 -9999.0 -9999.0 -9999.0 -9999.0 -9999.0 -9999.0 -9999.0 -9999.0 -9999.0 -9999.0 -9999.0 -9999.0 -9999.0 -9999.0 -9999.0 -9999.0 -9999.0    26.9    19.7    19.3    21.3    27.9    36.3    43.1    48.0    48.8    48.1    45.2 -9999.0 -9999.0 -9999.0 -9999.0 -9999.0 -9999.0 -9999.0 -9999.0 -9999.0 -9999.0 -9999.0 -9999.0 -9999.0 -9999.0 -9999.0 -9999.0 -9999.0 -9999.0 -9999.0 -9999.0 -9999.0 -9999.0 -9999.0 -9999.0 -9999.0 -9999.0 -9999.0 -9999.0 -9999.0 -9999.0 -9999.0 -9999.0 -9999.0 -9999.0 -9999.0 -9999.0 -9999.0 -9999.0 -9999.0 -9999.0 -9999.0 -9999.0 -9999.0 -9999.0 -9999.0 -9999.0 -9999.0 -9999.0 -9999.0     1.0     1.4     1.5     1.6     2.3     3.0     4.1     5.6     6.6     8.6     8.1     7.3     5.0     2.5     1.9     1.9     2.4     3.1     3.5     3.7     4.0     4.6     5.5     6.4     7.2     8.5     9.3    10.7     9.1     9.1    10.2     9.2     7.0 -9999.0 -9999.0     9.8    10.5    11.4    12.6    12.1    14.7 -9999.0
 -9999.0 -9999.0 -9999.0 -9999.0 -9999.0 -9999.0 -9999.0 -9999.0 -9999.0 -9999.0 -9999.0 -9999.0 -9999.0 -9999.0 -9999.0 -9999.0 -9999.0 -9999.0 -9999.0 -9999.0 -9999.0 -9999.0 -9999.0 -9999.0 -9999.0 -9999.0    17.5    15.3    12.2    11.6    14.8    24.2    32.3    42.4    44.2    41.4    33.9    35.2 -9999.0 -9999.0 -9999.0 -9999.0 -9999.0 -9999.0 -9999.0 -9999.0 -9999.0 -9999.0 -9999.0 -9999.0 -9999.0 -9999.0 -9999.0 -9999.0 -9999.0 -9999.0 -9999.0 -9999.0 -9999.0 -9999.0 -9999.0 -9999.0 -9999.0 -9999.0 -9999.0 -9999.0 -9999.0 -9999.0 -9999.0 -9999.0 -9999.0 -9999.0 -9999.0 -9999.0 -9999.0 -9999.0 -9999.0 -9999.0 -9999.0 -9999.0 -9999.0 -9999.0 -9999.0 -9999.0 -9999.0 -9999.0     0.7     0.8     1.2     1.8     2.3     3.1     4.9     6.4     8.8     9.8    10.6     6.6     3.1     1.9     1.3     1.3     1.7     2.4     2.6     2.7     3.1     3.8     4.9     6.5     8.1     9.0     9.3    11.6    11.3     6.7     9.2     8.8     9.1     9.1     8.9     8.6     8.8     9.5    10.5    11.7    12.7 -9999.0
 -9999.0 -9999.0 -9999.0 -9999.0 -9999.0 -9999.0 -9999.0 -9999.0 -9999.0 -9999.0 -9999.0 -9999.0 -9999.0 -9999.0 -9999.0 -9999.0 -9999.0 -9999.0 -9999.0 -9999.0 -9999.0    34.2    31.9    29.3    23.1    18.4    15.8    14.5    12.6    10.5    11.1    17.2    24.2    32.2    37.4    36.4    31.6    28.1    24.1 -9999.0 -9999.0 -9999.0 -9999.0 -9999.0 -9999.0 -9999.0 -9999.0 -9999.0 -9999.0 -9999.0 -9999.0 -9999.0 -9999.0 -9999.0 -9999.0 -9999.0 -9999.0 -9999.0 -9999.0 -9999.0 -9999.0 -9999.0 -9999.0 -9999.0 -9999.0 -9999.0 -9999.0 -9999.0 -9999.0 -9999.0 -9999.0 -9999.0 -9999.0 -9999.0 -9999.0 -9999.0 -9999.0 -9999.0 -9999.0 -9999.0 -9999.0 -9999.0 -9999.0 -9999.0 -9999.0 -9999.0 -9999.0     1.2 -9999.0 -9999.0     2.1 -9999.0 -9999.0     7.1     8.6    10.4    10.4     5.1     2.0     1.6     0.8     0.8     1.0     1.5     1.6     1.5     2.0     2.9     4.5     6.3     8.4    10.4    11.1    10.6    10.4     8.6     8.9     8.3     8.2     8.5     7.6     7.7     7.7     8.2     8.8     8.9 -9999.0 -9999.0
 -9999.0 -9999.0 -9999.0 -9999.0 -9999.0 -9999.0 -9999.0 -9999.0 -9999.0 -9999.0 -9999.0 -9999.0 -9999.0 -9999.0 -9999.0 -9999.0 -9999.0 -9999.0 -9999.0 -9999.0 -9999.0    31.5    28.2    21.7    15.8    13.9     9.9     8.2     8.3     8.6     9.7    15.0    22.4    26.6    29.4    28.8    26.0    22.4    18.9 -9999.0 -9999.0 -9999.0 -9999.0 -9999.0 -9999.0 -9999.0 -9999.0 -9999.0 -9999.0 -9999.0 -9999.0 -9999.0 -9999.0 -9999.0 -9999.0 -9999.0 -9999.0 -9999.0 -9999.0 -9999.0 -9999.0 -9999.0 -9999.0 -9999.0 -9999.0 -9999.0 -9999.0 -9999.0 -9999.0 -9999.0 -9999.0 -9999.0 -9999.0 -9999.0 -9999.0 -9999.0 -9999.0 -9999.0 -9999.0 -9999.0 -9999.0 -9999.0 -9999.0 -9999.0 -9999.0 -9999.0 -9999.0 -9999.0 -9999.0     1.4     2.2     3.3     5.5     5.7     7.1     8.6     4.8     2.5     1.0     0.6     0.5     0.5     0.7     0.8     0.8     0.8     1.2     2.3     4.1     6.1     8.0     9.7    10.3     9.7     8.1     9.1     7.6     6.8     7.1     7.6     7.5     7.1     6.7     6.3     8.0 -9999.0 -9999.0 -9999.0
 -9999.0 -9999.0 -9999.0 -9999.0 -9999.0 -9999.0 -9999.0 -9999.0 -9999.0 -9999.0 -9999.0 -9999.0 -9999.0 -9999.0 -9999.0 -9999.0 -9999.0 -9999.0 -9999.0 -9999.0    22.2    24.6    20.5    15.4    11.0     7.2     5.1     5.0     4.8     6.4    10.1    13.6    19.8    23.9    24.6    22.7    21.1    16.8    13.5 -9999.0 -9999.0 -9999.0 -9999.0 -9999.0 -9999.0 -9999.0 -9999.0 -9999.0 -9999.0 -9999.0 -9999.0 -9999.0 -9999.0 -9999.0 -9999.0 -9999.0 -9999.0 -9999.0 -9999.0 -9999.0 -9999.0 -9999.0 -9999.0 -9999.0 -9999.0 -9999.0 -9999.0 -9999.0 -9999.0 -9999.0 -9999.0 -9999.0 -9999.0 -9999.0 -9999.0 -9999.0 -9999.0 -9999.0 -9999.0 -9999.0 -9999.0 -9999.0 -9999.0 -9999.0 -9999.0 -9999.0 -9999.0 -9999.0     1.2     1.5     2.0     2.4     3.7     4.1     4.3     4.2     2.2     1.6     0.5     0.3     0.4     0.4     0.5     0.5     0.5     0.5     0.9     2.0     3.9     5.8     7.3     8.3     8.8     9.5     8.7     6.6     5.5     5.3     5.7     6.6     7.2     6.9     6.8     7.1     7.6 -9999.0 -9999.0 -9999.0
 -9999.0 -9999.0 -9999.0 -9999.0 -9999.0 -9999.0 -9999.0 -9999.0 -9999.0 -9999.0 -9999.0 -9999.0 -9999.0 -9999.0 -9999.0 -9999.0 -9999.0 -9999.0     9.0    13.5    15.9    11.1    16.2    13.9    10.0     7.2     4.1     3.9     4.6     7.1    10.3    15.0    19.5    21.4    21.4    20.0    16.9    12.6     9.1 -9999.0 -9999.0 -9999.0 -9999.0 -9999.0 -9999.0 -9999.0 -9999.0 -9999.0 -9999.0 -9999.0 -9999.0 -9999.0 -9999.0 -9999.0 -9999.0 -9999.0 -9999.0 -9999.0 -9999.0 -9999.0 -9999.0 -9999.0 -9999.0 -9999.0 -9999.0 -9999.0 -9999.0 -9999.0 -9999.0 -9999.0 -9999.0 -9999.0 -9999.0 -9999.0 -9999.0 -9999.0 -9999.0 -9999.0 -9999.0 -9999.0 -9999.0 -9999.0 -9999.0 -9999.0     1.1     1.3     1.7     0.9     0.7     1.8     2.0     2.3     2.0     2.2     2.1     2.2     0.7     0.4     0.2     0.2     0.2     0.3     0.4     0.4     0.4     0.4     0.9     2.1     4.1     5.7     6.5     7.0     7.4     7.9     6.1     4.4     3.6     5.2     6.8     7.9     8.0     7.8     7.7     7.8 -9999.0 -9999.0 -9999.0 -9999.0
 -9999.0 -9999.0 -9999.0 -9999.0 -9999.0 -9999.0 -9999.0 -9999.0 -9999.0 -9999.0 -9999.0 -9999.0 -9999.0 -9999.0 -9999.0     7.0     4.3     3.1     3.3    10.6    13.3    13.4    15.8    10.8     7.1     5.2     5.5     6.3     7.1     9.6    12.9    16.2    18.9    19.1    20.0    18.2    14.5    12.7     8.9     5.5     4.6     4.0     3.6     3.3 -9999.0 -9999.0 -9999.0 -9999.0 -9999.0 -9999.0 -9999.0 -9999.0 -9999.0 -9999.0 -9999.0 -9999.0 -9999.0 -9999.0 -9999.0 -9999.0 -9999.0 -9999.0 -9999.0 -9999.0 -9999.0 -9999.0 -9999.0 -9999.0 -9999.0 -9999.0 -9999.0 -9999.0 -9999.0 -9999.0 -9999.0 -9999.0 -9999.0 -9999.0 -9999.0     0.2     0.3     0.5     0.6     1.0     1.6     1.8     1.6     0.9     0.5     1.1     1.0     1.5     1.4     1.7     1.4     1.7     0.4     0.2     0.1     0.1     0.1     0.2     0.3     0.4     0.5     0.7     1.4     2.9     4.8     5.9     6.2     6.8     7.2     6.6     4.5     4.2     4.6     7.1     9.9    11.1    11.1    10.5     9.9     9.3 -9999.0 -9999.0 -9999.0 -9999.0
 -9999.0 -9999.0 -9999.0 -9999.0 -9999.0 -9999.0 -9999.0 -9999.0 -9999.0 -9999.0 -9999.0 -9999.0 -9999.0 -9999.0 -9999.0     2.1     2.8     2.1     6.8    14.9    14.9    11.8    10.0     9.1     7.5     7.3     8.6    10.0    10.9    12.2    14.4    16.1    17.0    14.5    13.1    12.0     8.9     7.9     4.1     2.7     1.8     1.2     1.4     1.7     1.8     1.8     1.3 -9999.0 -9999.0 -9999.0 -9999.0 -9999.0 -9999.0 -9999.0 -9999.0 -9999.0 -9999.0 -9999.0 -9999.0 -9999.0 -9999.0 -9999.0 -9999.0 -9999.0 -9999.0 -9999.0 -9999.0 -9999.0 -9999.0 -9999.0 -9999.0 -9999.0 -9999.0 -9999.0 -9999.0 -9999.0 -9999.0 -9999.0     0.2     0.2     0.3     0.6     0.9     1.0     1.2     1.2     0.8     0.7     0.6     0.9     1.6     1.7     2.0     1.3     2.3     0.4     0.2     0.1     0.1     0.1     0.1     0.2     0.3     0.5     0.9     1.4     2.5     4.2     5.7     6.6     6.9     7.3     6.5     6.3     6.0     6.3     8.2    11.9    15.6    16.7    16.1    14.8    13.3 -9999.0 -9999.0 -9999.0 -9999.0 -9999.0
 -9999.0 -9999.0 -9999.0 -9999.0 -9999.0 -9999.0 -9999.0 -9999.0 -9999.0 -9999.0 -9999.0 -9999.0 -9999.0 -9999.0 -9999.0 -9999.0    18.8    23.2    21.5    14.9    11.4    25.3     9.3    20.7    16.4    14.6    15.0    15.1    14.7    14.6    15.9    15.5    14.0    11.4    10.1    10.0     8.8     6.3     3.6     2.5     2.3     1.6     1.5     1.2     1.2     1.1     1.1     1.1 -9999.0 -9999.0 -9999.0 -9999.0 -9999.0 -9999.0 -9999.0 -9999.0 -9999.0 -9999.0 -9999.0 -9999.0 -9999.0 -9999.0 -9999.0 -9999.0 -9999.0 -9999.0 -9999.0 -9999.0 -9999.0 -9999.0 -9999.0 -9999.0 -9999.0 -9999.0 -9999.0 -9999.0 -9999.0 -9999.0     0.2     0.2     0.2     0.5     0.6     0.6     0.8     0.8     1.3     0.8     0.9     1.9     1.5     1.8     2.7     1.3     0.2     0.1     0.1     0.1     0.1     0.1     0.2     0.3     0.5     1.0     1.9     2.9     4.2     5.9     6.9     7.6     8.0     7.7     7.4     8.5     8.8    10.6    14.4    19.1    22.9    23.4 -9999.0 -9999.0 -9999.0 -9999.0 -9999.0 -9999.0 -9999.0 -9999.0
 -9999.0 -9999.0 -9999.0 -9999.0 -9999.0 -9999.0 -9999.0 -9999.0 -9999.0 -9999.0 -9999.0 -9999.0 -9999.0 -9999.0 -9999.0 -9999.0    21.6    26.1    30.1    31.7    26.2    29.5    27.3    18.6     7.3     5.8     8.8    15.1    11.2    18.5    18.3    17.0     6.6     9.1    10.1    10.0    10.2     6.6     3.5     2.6     2.4     1.6     1.8     1.1     1.1     0.8     0.7     0.7 -9999.0 -9999.0 -9999.0 -9999.0 -9999.0 -9999.0 -9999.0 -9999.0 -9999.0 -9999.0 -9999.0 -9999.0 -9999.0 -9999.0 -9999.0 -9999.0 -9999.0 -9999.0 -9999.0 -9999.0 -9999.0 -9999.0 -9999.0 -9999.0 -9999.0 -9999.0 -9999.0 -9999.0 -9999.0     0.2     0.1     0.1     0.2     0.3     0.5     0.8     0.6     0.8     0.9     0.8     0.9     1.4     2.6     1.5     0.3     0.2     0.2     0.1     0.1     0.1     0.2     0.3     0.5     0.7     1.3     2.5     3.8     5.2     6.3     7.3     8.3     9.5    10.6    11.5    11.6    11.5    12.2    15.3    20.4    25.2    28.6 -9999.0 -9999.0 -9999.0 -9999.0 -9999.0 -9999.0 -9999.0 -9999.0 -9999.0
 -9999.0 -9999.0 -9999.0 -9999.0 -9999.0 -9999.0 -9999.0 -9999.0 -9999.0 -9999.0 -9999.0 -9999.0 -9999.0 -9999.0 -9999.0 -9999.0     2.5     2.6     3.1    15.2    22.3    23.8    10.0    13.5    10.5     7.8     1.1     1.1     4.6     6.4     7.4     7.9     5.8     4.5     5.8     6.7     6.3     2.8     1.1     0.2     0.4     0.8     1.3     1.0     0.7     0.6     0.6     0.5     0.7     0.7     0.6 -9999.0 -9999.0 -9999.0 -9999.0 -9999.0 -9999.0 -9999.0 -9999.0 -9999.0 -9999.0 -9999.0 -9999.0 -9999.0 -9999.0 -9999.0 -9999.0 -9999.0 -9999.0 -9999.0 -9999.0 -9999.0 -9999.0 -9999.0 -9999.0 -9999.0     0.3     0.2     0.2     0.2     0.3     0.5     0.5     0.6     0.7     0.8     1.0     1.3     1.5     1.7     2.0     0.9     0.3     0.1     0.1     0.1     0.1     0.2     0.3     0.6     1.0     1.5     2.6     4.4     6.5     8.4     9.5     9.5    10.6    13.2    15.4    14.6    15.4    14.6    14.8    17.6    21.7    27.5    31.0    31.5 -9999.0 -9999.0 -9999.0 -9999.0 -9999.0 -9999.0 -9999.0 -9999.0
 -9999.0 -9999.0 -9999.0 -9999.0 -9999.0 -9999.0 -9999.0 -9999.0 -9999.0 -9999.0 -9999.0 -9999.0 -9999.0 -9999.0 -9999.0     1.6     3.4     3.6     0.6     0.2     0.2     0.1     0.8     3.8     3.5     0.8     0.4     1.2     1.4     0.6     0.6     2.2     0.6     0.2     0.2     0.4     1.2     0.4     0.1     0.0     0.0     0.1     0.4     0.7     0.7     0.6     0.6     0.6     0.7     0.6     0.5     0.3     0.1     0.1     0.1     0.1     0.1     0.2     0.6     1.2     2.1 -9999.0 -9999.0 -9999.0 -9999.0 -9999.0 -9999.0 -9999.0 -9999.0     2.1     1.2     0.8     0.7     0.6     0.5     0.3     0.4     0.2     0.2     0.4     0.5     0.6     0.5     0.6     0.6     0.9     1.3     1.4     1.5     1.8     2.1     1.5     1.1     0.2     0.1     0.1     0.1     0.2     0.6     1.1     1.8     2.5     3.8     6.3     9.8    13.0    14.5    15.1    17.1    19.6    21.9    21.9    19.9    16.4    16.4    18.1    22.1    26.7 -9999.0 -9999.0 -9999.0 -9999.0 -9999.0 -9999.0 -9999.0 -9999.0 -9999.0 -9999.0
 -9999.0 -9999.0 -9999.0 -9999.0 -9999.0 -9999.0 -9999.0 -9999.0 -9999.0 -9999.0 -9999.0 -9999.0 -9999.0 -9999.0     0.2     0.1     0.0     0.0     0.0     0.0     0.1     1.8     1.9     0.3     0.4     0.1     0.0     0.3     0.3     0.2     0.2     0.3     0.1     0.3     0.4     0.4     0.6     0.5     0.3     0.1     0.1     0.1     0.2     0.4     0.5     0.5     0.6     0.8     0.9     0.8     0.6     0.3     0.1     0.1     0.0     0.0     0.0     0.1     0.2     0.6     1.2     1.9     2.6     3.2     4.1     5.0     3.8     2.9     1.4     0.9     0.9     1.0     0.6     0.6     0.6     0.4     0.4     0.4     0.4     0.6     0.7     0.7     0.8     0.7     0.9     1.0     1.4     1.4     1.5     1.4     2.3     2.8     0.3     0.2     0.1     0.3     0.4     0.3     0.7     1.7     2.7     4.0     6.0     9.2    13.8    18.2    20.1    21.6    24.4    25.5    29.1    24.4    17.0    17.8    16.1    17.8    21.4 -9999.0 -9999.0 -9999.0 -9999.0 -9999.0 -9999.0 -9999.0 -9999.0 -9999.0 -9999.0 -9999.0
 -9999.0 -9999.0 -9999.0 -9999.0 -9999.0 -9999.0 -9999.0 -9999.0 -9999.0 -9999.0 -9999.0 -9999.0     1.1     0.3     0.1     0.0     0.0     0.0     0.1     0.1     0.2     0.3     0.5     0.3     0.1     0.1     0.1     0.1     0.1     0.0     0.0     0.0     0.1     0.1     0.1     0.1     0.3     0.3     0.1     0.1     0.1     0.2     0.3     0.4     0.5     0.7     0.9     1.1     1.1     1.0     0.7     0.3     0.1     0.1     0.0     0.0     0.0     0.0     0.1     0.3     0.6     1.1     1.4     1.6     1.6     1.9     2.0     1.5     1.6     1.4     1.6     1.6     0.7     1.1     1.4     1.1     0.8     0.8     0.9     1.0     1.0     0.9     0.9     0.7     0.7     1.0     1.3     1.4     1.8     0.9     0.8     0.6     2.4     2.0     0.4     0.7     0.4     0.3     1.1     2.8     4.4     6.6     9.8    14.3    19.5    23.2    24.8    26.8    29.4    34.0    30.2    18.6    16.9    14.4     8.0 -9999.0 -9999.0 -9999.0 -9999.0 -9999.0 -9999.0 -9999.0 -9999.0 -9999.0 -9999.0 -9999.0 -9999.0 -9999.0
 -9999.0 -9999.0 -9999.0 -9999.0 -9999.0 -9999.0 -9999.0 -9999.0 -9999.0     4.8     4.9     2.0     0.6     0.1     0.1     0.1     0.1     0.1     0.1     0.1     0.0     0.0     0.0     0.0     0.0     0.0     0.0     0.0     0.1     0.1     0.0     0.0     0.0     0.0     0.1     0.1     0.1     0.1     0.0     0.0     0.1     0.1     0.2     0.3     0.5     1.0     1.4     1.6     1.4     1.1     0.7     0.4     0.2     0.1     0.1     0.0     0.0     0.0     0.1     0.2     0.4     0.6     0.8     0.8     0.7     1.1     1.2     1.0     2.0     3.2     0.3     0.1     0.2     0.4     1.2     1.2     1.2     1.6     1.6     1.8     1.6     1.3     0.9     0.7     0.8     0.8     2.1     1.3     1.3     0.2     0.2     0.3     0.3     0.7     0.8     0.9     0.7     0.9     1.5     3.7     6.8    10.3    15.6    22.4    27.3    28.6    29.3    32.2    36.8    31.2    24.7    19.3    16.7 -9999.0 -9999.0 -9999.0 -9999.0 -9999.0 -9999.0 -9999.0 -9999.0 -9999.0 -9999.0 -9999.0 -9999.0 -9999.0 -9999.0 -9999.0
 -9999.0 -9999.0 -9999.0 -9999.0 -9999.0     4.6    12.9     7.4     5.7     4.3     1.3     0.7     0.2     0.0     0.0     0.0     0.1     0.1     0.1     0.0     0.0     0.0     0.0     0.0     0.0     0.0     0.0     0.0     0.1     0.1     0.1     0.1     0.0     0.0     0.0     0.0     0.0     0.0     0.0     0.0     0.1     0.1     0.1     0.4     0.7     1.1     1.5     1.9     1.6     1.1     0.8     0.6     0.5     0.3     0.2     0.1     0.1     0.1     0.1     0.1     0.2     0.4     0.5     0.5     0.8     0.9     0.8     1.2     1.8     0.2     0.1     0.1     0.2     0.7     2.3     1.4     1.2     1.7     1.6     2.2     2.0     1.3     1.0     0.9     1.0     0.3     0.7     0.5     0.5     0.3     0.1     0.3     0.5     1.3     2.2     2.4     2.0     1.7 -9999.0 -9999.0     8.9    14.9    24.8    33.0    38.6    40.4    40.3    40.0    39.3 -9999.0 -9999.0 -9999.0 -9999.0 -9999.0 -9999.0 -9999.0 -9999.0 -9999.0 -9999.0 -9999.0 -9999.0 -9999.0 -9999.0 -9999.0 -9999.0 -9999.0 -9999.0 -9999.0
 -9999.0 -9999.0 -9999.0     4.8     1.5     7.8     4.9     3.9     2.9     0.3     0.2     0.1     0.1     0.1     0.1     0.1     0.1     0.1     0.1     0.0     0.0     0.0     0.0     0.0     0.0     0.0     0.0     0.1     0.1     0.1     0.1     0.1     0.1     0.0     0.0     0.0     0.0     0.0     0.0     0.0     0.0     0.0     0.1     0.3     0.7     1.2     2.0     2.8     2.2     1.5     1.1     1.2     1.2     1.1     0.7     0.5     0.4     0.3     0.2     0.1     0.1     0.1     0.2     0.4     0.4     0.4     1.2     0.3     0.1     0.1     0.3     0.4     0.8     1.2     1.5     1.5     1.2     1.0     1.5     2.1     1.7     1.8     0.8     0.9     2.0     0.8     0.7     0.4     0.2     0.1     0.2     0.4     0.9     2.5     4.4     5.2     4.0 -9999.0 -9999.0 -9999.0    11.7    22.1    33.3    44.5    51.4    53.5    52.9 -9999.0 -9999.0 -9999.0 -9999.0 -9999.0 -9999.0 -9999.0 -9999.0 -9999.0 -9999.0 -9999.0 -9999.0 -9999.0 -9999.0 -9999.0 -9999.0 -9999.0 -9999.0 -9999.0 -9999.0 -9999.0
 -9999.0 -9999.0     4.6     3.7     2.4     0.4     0.2     0.1     0.1     0.1     0.1     0.1     0.1     0.1     0.1     0.1     0.1     0.1     0.1     0.0     0.0     0.0     0.0     0.0     0.0     0.0     0.1     0.1     0.2     0.2     0.2     0.1     0.1     0.0     0.0     0.0     0.0     0.0     0.0     0.0     0.1     0.1     0.4     1.1     2.1     4.1     4.6     3.6     2.9     2.2     1.3     1.7     2.9     3.2     2.9     2.6     1.7     0.9     0.4     0.2     0.1     0.1     0.1     0.1     0.1     0.2     0.2     0.1     0.1     0.1     0.6     0.8     1.2     1.9     3.0     3.1     2.6     1.2     1.5     1.7     1.4     1.1     0.5     1.0     1.2     2.5     0.8     0.2     0.1     0.1     0.3     0.8     1.8     3.5     6.1 -9999.0 -9999.0 -9999.0 -9999.0    10.6    17.0    28.0    42.7    55.9 -9999.0 -9999.0 -9999.0 -9999.0 -9999.0 -9999.0 -9999.0 -9999.0 -9999.0 -9999.0 -9999.0 -9999.0 -9999.0 -9999.0 -9999.0 -9999.0 -9999.0 -9999.0 -9999.0 -9999.0 -9999.0 -9999.0 -9999.0 -9999.0
 -9999.0 -9999.0     8.0     8.4    13.8     3.5     0.1     0.1     0.1     0.1     0.1     0.1     0.1     0.1     0.1     0.1     0.1     0.1     0.1     0.1     0.0     0.0     0.0     0.0     0.1     0.1     0.2     0.3     0.4     0.4     0.3     0.2     0.1     0.1     0.0     0.1     0.1     0.1     0.1     0.1     0.1     0.1     0.1     0.0     1.3     0.6     0.0     2.1     0.1     0.2     0.2     0.0     0.0     0.2     4.3     4.7     3.2     2.2     0.9     0.5     0.3     0.1     0.1     0.1     0.1     0.1     0.1     0.1     0.4     0.1     0.5     0.9     1.7     2.8     3.7     3.6     2.0     1.5     0.9     1.1     0.6     0.2     0.6     1.0     1.1     0.6     0.1     0.1     0.1     0.1     0.3     1.0     2.0     3.9 -9999.0 -9999.0 -9999.0 -9999.0 -9999.0    17.3 -9999.0 -9999.0 -9999.0 -9999.0 -9999.0 -9999.0 -9999.0 -9999.0 -9999.0 -9999.0 -9999.0 -9999.0 -9999.0 -9999.0 -9999.0 -9999.0 -9999.0 -9999.0 -9999.0 -9999.0 -9999.0 -9999.0 -9999.0 -9999.0 -9999.0 -9999.0 -9999.0 -9999.0
 -9999.0 -9999.0     4.7     8.8     7.2     3.6     1.1     0.9     0.1     0.1     0.1     0.1     0.1     0.1     0.1     0.1     0.1     0.1     0.1     0.1     0.1     0.1     0.1     0.1     0.2     0.4     0.6     0.8     0.8     0.7     0.5     0.3     0.2     0.1     0.2     0.2     0.2     0.2     0.1     0.1     0.1     0.1     0.2     0.4     1.5     2.0     1.4     0.5     0.6     0.3     0.0     0.1     0.1     0.0     0.1     1.1     4.1     3.0     2.2     1.3     0.4     0.3     0.2     0.1     0.1     0.1     0.1     0.5     0.1     0.2     0.9     1.5     2.4     3.7     4.1     3.8     2.7     1.6     2.1     2.0     1.3     0.1     0.2     0.9     0.1     0.1     0.1     0.1     0.1     0.1     0.2 -9999.0 -9999.0 -9999.0 -9999.0 -9999.0 -9999.0 -9999.0 -9999.0 -9999.0 -9999.0 -9999.0 -9999.0 -9999.0 -9999.0 -9999.0 -9999.0 -9999.0 -9999.0 -9999.0 -9999.0 -9999.0 -9999.0 -9999.0 -9999.0 -9999.0 -9999.0 -9999.0 -9999.0 -9999.0 -9999.0 -9999.0 -9999.0 -9999.0 -9999.0 -9999.0 -9999.0 -9999.0
 -9999.0 -9999.0 -9999.0     8.0     2.8     4.5     3.6     2.0     0.6     0.1     0.1     0.1     0.1     0.1     0.1     0.1     0.1     0.1     0.1     0.1     0.2     0.2     0.3     0.5     0.8     1.1     1.4     1.6     1.5     1.2     0.7     0.1     0.3     0.0     0.0     0.2     0.4     0.3     0.2     0.1     0.1     0.1     0.2     0.6     1.3     0.9     0.1     0.1     0.0     0.0     0.1     0.1     0.0     0.0     0.1     0.1     0.9     2.4     3.2     2.0     1.5     1.2     0.8     0.4     0.2     0.1     0.2     0.4     0.1     0.6     1.7     2.2     2.7     3.0     3.1     2.4     1.9     1.1     2.1     0.8     0.7     0.2     0.3     0.1     0.1     0.1     0.1     0.1     0.1     0.1     0.3     0.7 -9999.0 -9999.0 -9999.0 -9999.0 -9999.0 -9999.0 -9999.0 -9999.0 -9999.0 -9999.0 -9999.0 -9999.0 -9999.0 -9999.0 -9999.0 -9999.0 -9999.0 -9999.0 -9999.0 -9999.0 -9999.0 -9999.0 -9999.0 -9999.0 -9999.0 -9999.0 -9999.0 -9999.0 -9999.0 -9999.0 -9999.0 -9999.0 -9999.0 -9999.0 -9999.0 -9999.0
 -9999.0 -9999.0 -9999.0 -9999.0 -9999.0     1.5     0.3     0.3     1.2     0.1     0.1     0.1     0.1     0.1     0.1     0.1     0.1     0.1     0.1     0.1     0.2     0.4     0.7     1.1     1.5     1.9     2.0     1.9     0.6     0.2     0.4     0.1     0.1     0.3     0.1     0.5     0.4     0.3     0.3     0.2     0.1     0.1     0.2     0.5     1.0     1.4     1.1     0.1     0.2     0.1     0.2     0.0     0.1     0.1     0.1     0.1     0.1     0.6     2.2     2.9     3.0     2.8     1.9     0.8     0.4     0.2     0.2     0.2     0.2     0.6     1.5     1.7     1.6     1.7     2.1     1.7     1.1     0.3     0.6     1.0     0.6     0.1     0.1     0.1     0.1     0.1     0.1     0.1     0.2     0.3     0.7     1.5     3.5     7.6 -9999.0 -9999.0 -9999.0    36.1 -9999.0 -9999.0 -9999.0 -9999.0 -9999.0 -9999.0 -9999.0 -9999.0 -9999.0 -9999.0 -9999.0 -9999.0 -9999.0 -9999.0 -9999.0 -9999.0 -9999.0 -9999.0 -9999.0 -9999.0 -9999.0 -9999.0 -9999.0 -9999.0 -9999.0 -9999.0 -9999.0 -9999.0 -9999.0 -9999.0
 -9999.0 -9999.0 -9999.0 -9999.0     1.5     3.3     4.4     1.3     0.8     0.1     0.1     0.1     0.1     0.1     0.1     0.1     0.1     0.1     0.1     0.1     0.3     0.7     1.2     1.4     1.5     1.3     1.0     0.0     0.1     0.1     0.1     0.3     0.4     0.3     0.8     0.8     0.8     0.2     0.2     0.2     0.2     0.2     0.3     0.6     1.2     2.0     2.3     1.7     1.4     2.4     2.1     0.5     0.2     0.1     0.2     0.2     0.5     0.8     2.1     1.9     2.3     2.3     1.8     0.9     0.2     0.3     0.4     0.1     0.6     0.7     1.0     1.3     1.2     1.2     1.3     1.1     0.6     0.2     1.0     0.1     0.1     0.4     0.2     0.4     0.1     0.2     0.4     0.7     0.8     1.1     2.2     4.2     7.8    13.0 -9999.0 -9999.0    29.7    36.5    44.3    58.8    73.9 -9999.0 -9999.0 -9999.0 -9999.0 -9999.0 -9999.0 -9999.0 -9999.0 -9999.0 -9999.0 -9999.0 -9999.0 -9999.0 -9999.0 -9999.0 -9999.0 -9999.0 -9999.0 -9999.0 -9999.0 -9999.0 -9999.0 -9999.0 -9999.0 -9999.0 -9999.0 -9999.0
 -9999.0 -9999.0 -9999.0 -9999.0     2.9     1.4     3.3     0.8     2.8     1.8     0.2     0.5     0.1     0.1     0.1     0.0     0.0     0.1     0.1     0.1     0.2     0.4     0.6     0.1     0.0     0.0     0.0     0.0     0.1     0.2     0.3     0.3     0.7     0.8     0.8     1.0     0.6     0.3     0.5     0.5     0.2     0.3     0.3     0.7     1.4     2.3     3.0     3.4     3.5     3.1     2.7     1.8     0.4     0.4     0.4     0.3     0.5     1.1     1.8     1.6     2.2     1.2     0.7     0.5     0.2     0.1     0.3     0.2     0.2     0.9     0.6     0.6     0.4     0.6     0.8     0.8     0.3     0.4     0.6     0.5     1.0     0.7     1.1     0.5     0.4     1.1     2.1     2.8     3.2     4.0     5.7     8.9    12.7    17.5    20.0    22.2    26.6    32.9    41.6 -9999.0 -9999.0 -9999.0 -9999.0 -9999.0 -9999.0 -9999.0 -9999.0 -9999.0 -9999.0 -9999.0 -9999.0 -9999.0 -9999.0 -9999.0 -9999.0 -9999.0 -9999.0 -9999.0 -9999.0 -9999.0 -9999.0 -9999.0 -9999.0 -9999.0 -9999.0 -9999.0 -9999.0 -9999.0
 -9999.0 -9999.0 -9999.0 -9999.0 -9999.0 -9999.0 -9999.0     1.1     1.5     0.7     1.3     0.7     0.2     0.1     0.1     0.0     0.0     0.0     0.0     0.0     0.0     0.0     0.0     0.0     0.0     0.0     0.1     0.1     0.1     0.1     0.3     0.5     0.8     0.9     0.8     1.1     0.7     0.7     0.4     0.3     0.5     0.1     0.1     0.2     0.6     2.0     1.7     2.3     1.9     3.1     3.4     2.6     1.4     0.3     0.3     0.5     0.6     0.7     1.0     0.9     1.5     0.4     0.2     0.2     0.3     0.1     0.2     0.3     0.2     0.4     0.3     0.3     0.6     1.1     1.3     1.3     0.5     0.7     1.5     1.9     2.5     2.5     2.4     2.0     2.2     3.9     5.7     6.4     6.7     7.7     9.4    11.8    15.0    17.2    17.0    18.3    22.4 -9999.0 -9999.0 -9999.0 -9999.0 -9999.0 -9999.0 -9999.0 -9999.0 -9999.0 -9999.0 -9999.0 -9999.0 -9999.0 -9999.0 -9999.0 -9999.0 -9999.0 -9999.0 -9999.0 -9999.0 -9999.0 -9999.0 -9999.0 -9999.0 -9999.0 -9999.0 -9999.0 -9999.0 -9999.0 -9999.0 -9999.0
 -9999.0 -9999.0 -9999.0 -9999.0 -9999.0 -9999.0 -9999.0     3.2     0.6     1.1     1.0     0.4     0.3     0.2     0.1     0.0     0.0     0.0     0.0     0.0     0.0     0.0     0.0     0.0     0.0     0.1     0.1     0.1     0.4     0.7     0.6     0.8     1.1     0.9     1.4     1.4     1.4     1.0     0.9     0.8     0.6     0.4     0.3     0.1     0.3     1.0     0.8     0.9     0.5     1.2     0.7     1.1     2.0     1.3     0.7     0.8     0.5     0.4     0.6     0.8     0.7     0.5     0.2     0.3     0.2     0.2     0.2     0.2     0.5     0.2     0.3     0.7     1.4     2.3     1.6     2.3     1.6     1.2     2.3     3.9     5.7     5.5     6.8     6.2     7.2     8.8     9.9     9.7     9.7    10.7    11.9    13.1    14.3    14.5    14.4    15.4 -9999.0 -9999.0 -9999.0 -9999.0 -9999.0 -9999.0 -9999.0 -9999.0 -9999.0 -9999.0 -9999.0 -9999.0 -9999.0 -9999.0 -9999.0 -9999.0 -9999.0 -9999.0 -9999.0 -9999.0 -9999.0 -9999.0 -9999.0 -9999.0 -9999.0 -9999.0 -9999.0 -9999.0 -9999.0 -9999.0 -9999.0 -9999.0
 -9999.0 -9999.0 -9999.0 -9999.0 -9999.0 -9999.0 -9999.0 -9999.0 -9999.0     1.0     0.6     0.4     0.4     0.2     0.1     0.1     0.0     0.0     0.0     0.0     0.0     0.0     0.0     0.0     0.1     0.2     0.2     0.4     0.8     0.6     1.6     1.6     1.8     1.7     2.3     2.2     2.1     1.7     1.6     1.2     1.1     0.8     0.7     0.6     0.4     0.4     0.4     0.5     0.8     1.3     1.7     2.5     2.8     2.4     1.4     1.3     0.7     0.4     0.5     0.6     0.8     1.2     1.4     0.4     0.5     0.4     0.3     0.6     0.8     0.5     0.8     1.1     2.2     3.5     4.2     1.0     0.9     1.6     3.3     5.0     7.4     8.7     8.6    11.6    13.2    13.8    14.2    13.8    14.2    15.1    14.7    14.1    13.6    13.7    13.9 -9999.0 -9999.0 -9999.0 -9999.0 -9999.0 -9999.0 -9999.0 -9999.0 -9999.0 -9999.0 -9999.0 -9999.0 -9999.0 -9999.0 -9999.0 -9999.0 -9999.0 -9999.0 -9999.0 -9999.0 -9999.0 -9999.0 -9999.0 -9999.0 -9999.0 -9999.0 -9999.0 -9999.0 -9999.0 -9999.0 -9999.0 -9999.0 -9999.0
 -9999.0 -9999.0 -9999.0 -9999.0 -9999.0 -9999.0 -9999.0 -9999.0 -9999.0 -9999.0 -9999.0     0.7     0.2     0.2     0.1     0.1     0.0     0.0     0.0     0.0     0.0     0.0     0.0     0.1     0.1     0.1     0.2     0.4     0.7     1.2     1.6     1.4     2.3     2.4     2.7     1.9     2.5     2.2     1.3     1.7     1.3     1.2     1.1     0.9     0.5     0.6     0.4     0.6     0.9     1.7     3.0     3.7     3.8     2.9     2.0     2.0     1.7     1.2     0.8     0.7     1.0     1.3     1.6     1.2     1.3     0.5     0.9     1.4     1.4     1.1     1.2     2.0     2.6     3.0     1.4     1.2     1.3     3.4     5.6     7.9     9.4    11.2    14.0    16.1    16.9    16.9    17.7    18.5    19.3    19.0    16.6    14.8    14.2    14.5    15.5 -9999.0 -9999.0 -9999.0 -9999.0 -9999.0 -9999.0 -9999.0 -9999.0 -9999.0 -9999.0 -9999.0 -9999.0 -9999.0 -9999.0 -9999.0 -9999.0 -9999.0 -9999.0 -9999.0 -9999.0 -9999.0 -9999.0 -9999.0 -9999.0 -9999.0 -9999.0 -9999.0 -9999.0 -9999.0 -9999.0 -9999.0 -9999.0 -9999.0
 -9999.0 -9999.0 -9999.0 -9999.0 -9999.0 -9999.0 -9999.0 -9999.0 -9999.0 -9999.0 -9999.0 -9999.0     0.2     0.1     0.1     0.1     0.1     0.0     0.0     0.0     0.0     0.0     0.0     0.1     0.0     0.2     0.5     0.5     0.9     0.8     1.6     2.2     2.5     2.3     2.4     2.7     1.9     2.5     2.5     2.3     2.0     1.7     1.4     1.2     1.0     0.9     0.8     1.0     1.4     2.3     2.9     3.7     4.3     3.9     3.2     2.8     2.5     1.9     1.1     1.2     1.2     1.2     1.5     1.8     1.0     1.7     1.3     1.9     1.8     1.5     1.1     1.3     1.6     2.5     4.1     9.5     7.5     8.6    10.0    13.8    15.5    17.7    18.9    18.9    18.4    18.0    19.0    20.4    20.6    19.1    16.9    15.4    14.8    15.4    17.3    20.0    22.5 -9999.0 -9999.0 -9999.0 -9999.0 -9999.0 -9999.0 -9999.0 -9999.0 -9999.0 -9999.0 -9999.0 -9999.0 -9999.0 -9999.0 -9999.0 -9999.0 -9999.0 -9999.0 -9999.0 -9999.0 -9999.0 -9999.0 -9999.0 -9999.0 -9999.0 -9999.0 -9999.0 -9999.0 -9999.0 -9999.0 -9999.0
 -9999.0 -9999.0 -9999.0 -9999.0 -9999.0 -9999.0 -9999.0 -9999.0 -9999.0 -9999.0 -9999.0 -9999.0     0.5     0.1     0.1     0.1     0.1     0.1     0.0     0.0     0.0     0.0     0.1     0.1     0.2     0.3     0.5     1.0     1.2     1.8     1.9     1.8     2.5     2.9     2.8     3.1     2.4     2.4     2.5     2.4     2.2     1.9     1.6     1.7     1.5     1.4     1.5     1.6     2.2     2.8     3.8     4.3     4.8     4.2     4.2     3.5     3.1     2.2     1.3     1.0     0.9     1.0     1.1     1.5     1.1     1.5     1.0     1.8     1.9     1.6     2.6     5.3     8.0     9.8    10.6    10.4    11.1    14.2    15.9    18.0    19.8    21.2    20.5    19.3    18.1    17.2    17.3    18.1    17.9    17.1    16.3    15.2    13.8    14.6    17.9    21.9    24.1 -9999.0 -9999.0 -9999.0 -9999.0 -9999.0 -9999.0 -9999.0 -9999.0 -9999.0 -9999.0 -9999.0 -9999.0 -9999.0 -9999.0 -9999.0 -9999.0 -9999.0 -9999.0 -9999.0 -9999.0 -9999.0 -9999.0 -9999.0 -9999.0 -9999.0 -9999.0 -9999.0 -9999.0 -9999.0 -9999.0 -9999.0
 -9999.0 -9999.0 -9999.0 -9999.0 -9999.0 -9999.0 -9999.0 -9999.0 -9999.0 -9999.0 -9999.0 -9999.0 -9999.0     0.2     0.2     0.1     0.1     0.1     0.1     0.1     0.1     0.1     0.1     0.1     0.2     0.2     0.3     0.4     0.8     1.3     2.2     2.7     2.3     2.5     3.5     3.4     3.3     2.9     1.8     2.2     2.1     1.9     1.9     2.0     2.2     2.5     2.4     2.3     2.3     2.8     3.5     4.3     4.5     3.5     3.6     3.4     2.9     2.1     1.5     0.8     0.7     0.8     1.1     1.9     0.8     1.1     1.7     2.3     2.9     3.8     9.2    11.5    11.9    12.9    13.6    14.0    15.4    17.7    19.8    21.9    23.5    22.4    20.3    18.4    16.9    15.1    13.9    13.4    13.9    14.0    13.7    12.7    11.7    13.3    18.3    22.9    24.2 -9999.0 -9999.0 -9999.0 -9999.0 -9999.0 -9999.0 -9999.0 -9999.0 -9999.0 -9999.0 -9999.0 -9999.0 -9999.0 -9999.0 -9999.0 -9999.0 -9999.0 -9999.0 -9999.0 -9999.0 -9999.0 -9999.0 -9999.0 -9999.0 -9999.0 -9999.0 -9999.0 -9999.0 -9999.0 -9999.0 -9999.0
 -9999.0 -9999.0 -9999.0 -9999.0 -9999.0 -9999.0 -9999.0 -9999.0 -9999.0 -9999.0 -9999.0 -9999.0     0.4     0.4     0.3     0.1     0.1     0.1     0.1     0.1     0.1     0.1     0.1     0.1     0.2     0.2     0.4     0.7     1.1     1.4     2.0     3.0     2.3     3.1     3.1     3.5     2.8     3.5     3.2     2.6     2.2     2.2     2.4     2.6     3.0     3.3     3.3     2.9     2.5     2.5     2.8     3.0     3.5     3.3     3.1     2.8     2.4     1.6     1.2     0.7     0.7     1.0     1.6     2.2     2.7     2.0     0.7     2.1     4.0     4.9     6.9    11.6    15.9    15.2    13.9    14.2    15.7    18.0    20.4    21.7    21.7    20.6    19.0    16.9    15.0    13.4    12.4    11.6    11.8    12.0    11.9    11.3    12.2    14.7    19.8    23.0    22.5    20.7 -9999.0 -9999.0 -9999.0 -9999.0 -9999.0 -9999.0 -9999.0 -9999.0 -9999.0 -9999.0 -9999.0 -9999.0 -9999.0 -9999.0 -9999.0 -9999.0 -9999.0 -9999.0 -9999.0 -9999.0 -9999.0 -9999.0 -9999.0 -9999.0 -9999.0 -9999.0 -9999.0 -9999.0 -9999.0 -9999.0
 -9999.0 -9999.0 -9999.0 -9999.0 -9999.0 -9999.0 -9999.0 -9999.0 -9999.0 -9999.0 -9999.0 -9999.0     0.6     0.1     0.2     0.3     0.2     0.1     0.1     0.1     0.1     0.1     0.1     0.1     0.2     0.3     0.5     0.8     1.1     1.7     2.3     2.7     2.5     3.7     3.8     3.5     4.0     3.7     3.5     3.1     2.7     2.7     3.0     3.5     3.9     4.1     3.8     3.0     2.3     1.7     1.9     2.3     2.4     2.2     2.0     1.6     1.7     1.6     1.3     1.3     1.5     1.9     2.9     3.1     2.9     1.4     1.9     2.3     4.9     8.0    10.8    13.4    15.2    14.9    16.1    15.8    15.2    18.3    19.9    19.1    18.9    18.6    18.3    16.7    14.4    13.8    13.7    13.7    13.6    13.9    13.7    14.2    16.5    18.8    22.0    23.1    21.7    20.1    20.2 -9999.0 -9999.0 -9999.0 -9999.0 -9999.0 -9999.0 -9999.0 -9999.0 -9999.0 -9999.0 -9999.0 -9999.0 -9999.0 -9999.0 -9999.0 -9999.0 -9999.0 -9999.0 -9999.0 -9999.0 -9999.0 -9999.0 -9999.0 -9999.0 -9999.0 -9999.0 -9999.0 -9999.0 -9999.0
 -9999.0 -9999.0 -9999.0 -9999.0 -9999.0 -9999.0 -9999.0 -9999.0 -9999.0 -9999.0 -9999.0 -9999.0     0.1     0.4     0.1     0.1     0.1     0.1     0.1     0.1     0.1     0.1     0.1     0.1     0.2     0.2     0.3     0.4     0.9     1.3     1.9     1.9     3.1     3.9     4.0     3.8     4.1     4.2     4.3     3.6     3.6     3.6     4.9     3.7     4.9     5.1     4.3     2.8     1.4     1.1     1.2     1.3     1.9     1.9     1.5     0.7     1.2     1.5     1.8     2.1     2.6     3.3     4.3     3.6     2.0     0.6     1.0     2.5     4.6     7.0    10.0    12.0    14.1    15.8    21.2    19.8    24.5    18.2    21.1    19.3    17.0    18.4    18.7    18.4    17.8    18.2    19.9    29.4    19.7    20.1    20.1    21.1    23.1    25.4    27.0    27.0    25.9    25.1    25.5    30.2 -9999.0 -9999.0 -9999.0 -9999.0 -9999.0 -9999.0 -9999.0 -9999.0 -9999.0 -9999.0 -9999.0 -9999.0 -9999.0 -9999.0 -9999.0 -9999.0 -9999.0 -9999.0 -9999.0 -9999.0 -9999.0 -9999.0 -9999.0 -9999.0 -9999.0 -9999.0 -9999.0 -9999.0
 -9999.0 -9999.0 -9999.0 -9999.0 -9999.0 -9999.0 -9999.0 -9999.0 -9999.0 -9999.0 -9999.0 -9999.0 -9999.0     0.9     0.6     0.2     0.1     0.1     0.1     0.1     0.1     0.1     0.1     0.1     0.2     0.2     0.4     0.5     0.6     1.1     1.2     1.7     2.1     3.2     3.3     2.4     3.1     5.2     5.4     5.5     5.5     6.7     7.8     7.8     5.8     5.1     4.4     1.7     1.6     0.9     0.6     1.1     1.0     0.6     1.1     1.1     0.7     1.3     2.1     3.2     3.9     5.7     5.9     2.3     0.7     0.2     0.9     2.6     4.1     6.5     9.9    14.0    16.4    19.5    19.7    19.6    20.1    21.9    26.5    20.9    19.3    21.4    23.7    23.8    23.8    25.4    28.7    46.4    43.8    33.4    29.9    31.2    32.5    33.5    34.9    36.9    36.4    37.2    38.8 -9999.0 -9999.0 -9999.0 -9999.0 -9999.0 -9999.0 -9999.0 -9999.0 -9999.0 -9999.0 -9999.0 -9999.0 -9999.0 -9999.0 -9999.0 -9999.0 -9999.0 -9999.0 -9999.0 -9999.0 -9999.0 -9999.0 -9999.0 -9999.0 -9999.0 -9999.0 -9999.0 -9999.0 -9999.0
 -9999.0 -9999.0 -9999.0 -9999.0 -9999.0 -9999.0 -9999.0 -9999.0 -9999.0 -9999.0 -9999.0 -9999.0 -9999.0     0.1     0.6     0.2     0.4     0.1     0.1     0.1     0.2     0.2     0.2     0.2     0.3     0.3     0.4     0.5     0.5     0.4     0.6     0.9     1.6     2.0     1.8     2.3     4.2     5.9     6.2     5.8     8.4     9.7    10.6    10.2     9.9     6.6     4.4     1.4     0.9     0.5     0.9     0.5     0.9     1.2     1.4     1.0     0.6     1.3     2.6     2.2     5.0     3.2     1.9     1.9     0.5     0.3     1.3     3.2     5.2     8.2    13.2    18.2    22.0    23.4    24.7    28.0    34.9    27.8    24.3    26.5    28.0    30.1    32.7    34.1    33.7    33.9    36.1    39.6    45.5    40.5    42.4    42.7    43.5    43.6    45.0    47.7    49.0    50.5    52.5 -9999.0 -9999.0 -9999.0 -9999.0 -9999.0 -9999.0 -9999.0 -9999.0 -9999.0 -9999.0 -9999.0 -9999.0 -9999.0 -9999.0 -9999.0 -9999.0 -9999.0 -9999.0 -9999.0 -9999.0 -9999.0 -9999.0 -9999.0 -9999.0 -9999.0 -9999.0 -9999.0 -9999.0 -9999.0
 -9999.0 -9999.0 -9999.0 -9999.0 -9999.0 -9999.0 -9999.0 -9999.0 -9999.0 -9999.0 -9999.0 -9999.0 -9999.0 -9999.0 -9999.0     0.3     0.2     0.3     0.2     0.2     0.4     0.3     0.3     0.4     0.4     0.4     0.4     0.4     0.3     0.4     0.4     0.5     0.5     0.7     1.3     1.1     1.6     6.5     7.3     8.7     9.7    11.8    13.1    11.9     6.6     3.9     4.4     1.2     1.3     0.3     0.6     1.9     0.9     0.9     0.1     0.8     1.0     0.3     3.3     5.2     1.6     1.1     2.2     1.6     0.6     0.6     2.0     4.7     7.9    12.8    18.7    23.8    26.2    28.7    31.7    39.0    44.0    51.8    42.1    39.0    42.8    44.3    45.1    45.5    44.1    42.1    40.7    42.9    43.9    48.6    54.0    60.2    57.0    59.4    57.6    56.9    57.0 -9999.0    55.4 -9999.0 -9999.0 -9999.0 -9999.0 -9999.0 -9999.0 -9999.0 -9999.0 -9999.0 -9999.0 -9999.0 -9999.0 -9999.0 -9999.0 -9999.0 -9999.0 -9999.0 -9999.0 -9999.0 -9999.0 -9999.0 -9999.0 -9999.0 -9999.0 -9999.0 -9999.0 -9999.0 -9999.0 -9999.0
 -9999.0 -9999.0 -9999.0 -9999.0 -9999.0 -9999.0 -9999.0 -9999.0 -9999.0 -9999.0 -9999.0 -9999.0 -9999.0 -9999.0 -9999.0 -9999.0 -9999.0     0.0     0.1 -9999.0     0.3     0.6     0.6     0.6     0.7     0.7     0.6     0.5     0.4     0.3     0.3     0.2     0.2     0.5     1.4     1.3     1.0     4.7     5.4     7.6    10.1    12.5    13.7    11.8     2.5     4.1     4.2     5.1     1.5     1.7     1.3     1.5     0.9     1.6     1.7     1.7     0.8     2.9     3.9     5.8     0.8     2.4     3.3     1.8     1.2     1.8     4.4     8.7    12.7    17.6    22.7    28.8    32.0    33.7    39.9    47.7    50.9    53.7    55.6    53.3    57.4    56.3    54.8    54.5    54.2    51.2    47.3    44.5    48.0    54.3    65.2    70.7    62.8    63.7    66.1    63.9    57.7    53.8    49.9    49.5    53.3 -9999.0 -9999.0 -9999.0 -9999.0 -9999.0 -9999.0 -9999.0 -9999.0 -9999.0 -9999.0 -9999.0 -9999.0 -9999.0 -9999.0 -9999.0 -9999.0 -9999.0 -9999.0 -9999.0 -9999.0 -9999.0 -9999.0 -9999.0 -9999.0 -9999.0 -9999.0 -9999.0
 -9999.0 -9999.0 -9999.0 -9999.0 -9999.0 -9999.0 -9999.0 -9999.0 -9999.0 -9999.0 -9999.0 -9999.0 -9999.0 -9999.0 -9999.0 -9999.0 -9999.0 -9999.0 -9999.0 -9999.0 -9999.0     0.9     1.2     1.4     1.3     1.1     1.0     0.8     0.6     0.3     0.2     0.1     0.1     0.2     0.5     0.5     0.9     1.5     2.4     2.2     3.1    11.9    13.9    13.0     2.6     7.5     6.7     4.5     6.7    11.5     3.9     6.1     5.4     1.8     2.1     3.3     3.5     2.5     7.3     6.0     2.1     4.9     5.3     3.0     2.1     4.3     9.3    15.2    19.2    21.8    25.2    30.6    32.8    33.9    39.3    45.0    47.7    47.7    57.5    65.4    66.2    62.5    61.2    63.4    70.8    59.6    53.5    50.5    52.1    56.7    67.0    68.0    84.2    83.5    69.9    62.8    55.4    48.1    42.3    39.3 -9999.0 -9999.0 -9999.0 -9999.0 -9999.0 -9999.0 -9999.0 -9999.0 -9999.0 -9999.0 -9999.0 -9999.0 -9999.0 -9999.0 -9999.0 -9999.0 -9999.0 -9999.0 -9999.0 -9999.0 -9999.0 -9999.0 -9999.0 -9999.0 -9999.0 -9999.0 -9999.0 -9999.0
 -9999.0 -9999.0 -9999.0 -9999.0 -9999.0 -9999.0 -9999.0 -9999.0 -9999.0 -9999.0 -9999.0 -9999.0 -9999.0 -9999.0 -9999.0 -9999.0 -9999.0 -9999.0 -9999.0 -9999.0 -9999.0 -9999.0 -9999.0     1.1     2.0     1.9     1.7     1.4     1.1     0.6     0.3     0.2     0.2     0.2     0.1     0.1     0.2     0.4     1.4     3.8     6.9    10.9    11.0     7.2     3.1     4.8     7.4     8.7    11.3    13.2     9.0     8.9     5.9     5.0     2.6     0.3     3.8     6.2     1.2     7.0     4.4     6.6     6.2     3.5     3.6     7.1    15.1    21.5    21.6    24.1    27.3    28.7    30.3    35.2    35.1    39.4    51.6    58.4    64.5    72.5    71.7    67.1    67.6    73.9    75.9    80.3    58.6    60.1    59.6    63.8    73.3    84.0    77.8    83.8    72.3    61.4    53.2    46.1    37.2 -9999.0 -9999.0 -9999.0 -9999.0 -9999.0 -9999.0 -9999.0 -9999.0 -9999.0 -9999.0 -9999.0 -9999.0 -9999.0 -9999.0 -9999.0 -9999.0 -9999.0 -9999.0 -9999.0 -9999.0 -9999.0 -9999.0 -9999.0 -9999.0 -9999.0 -9999.0 -9999.0 -9999.0 -9999.0
 -9999.0 -9999.0 -9999.0 -9999.0 -9999.0 -9999.0 -9999.0 -9999.0 -9999.0 -9999.0 -9999.0 -9999.0 -9999.0 -9999.0 -9999.0 -9999.0 -9999.0 -9999.0 -9999.0 -9999.0 -9999.0 -9999.0 -9999.0 -9999.0 -9999.0     0.7     2.2     2.7     2.1     1.6     0.9     0.4     0.3     0.3     0.2     0.2     0.3     0.2     1.1     2.1     6.2     7.8     0.5     2.1     2.6     5.4    10.4    13.6    13.5    17.7    14.4    13.5    12.7    10.2     2.7     1.7     4.5     3.2     7.2     7.2     6.9     6.3    12.5     1.2     2.4     7.3    15.0    16.3    20.1    24.4    25.5    26.2    27.3    35.9    41.4    41.4    50.4    66.2    81.1    80.3    79.2    77.4    76.4    79.2    81.5    67.9    65.0    66.1    71.5    75.4    77.5    78.3    85.2    86.5    73.1    65.7    53.3    48.2 -9999.0 -9999.0 -9999.0 -9999.0 -9999.0 -9999.0 -9999.0 -9999.0 -9999.0 -9999.0 -9999.0 -9999.0 -9999.0 -9999.0 -9999.0 -9999.0 -9999.0 -9999.0 -9999.0 -9999.0 -9999.0 -9999.0 -9999.0 -9999.0 -9999.0 -9999.0 -9999.0 -9999.0 -9999.0 -9999.0
 -9999.0 -9999.0 -9999.0 -9999.0 -9999.0 -9999.0 -9999.0 -9999.0 -9999.0 -9999.0 -9999.0 -9999.0 -9999.0 -9999.0 -9999.0 -9999.0 -9999.0 -9999.0 -9999.0 -9999.0 -9999.0 -9999.0 -9999.0 -9999.0 -9999.0 -9999.0 -9999.0     0.4     0.3     1.5     1.1     0.8     1.2     0.4     0.6     0.0     0.1     0.1     0.1     1.0     4.0     2.5     0.5     0.9     2.8     5.7     9.0    13.5    18.3    26.2    26.9    24.5    15.3     9.4     5.7     6.0     2.0     1.6     6.0     3.8     1.1     5.4     0.3     0.5     2.6     4.7    11.3    18.3    22.2    24.7    27.0    29.7    31.8    39.3    43.3    48.9    66.5    75.0    75.3    78.9    84.5    84.7    86.2    88.2    78.3    70.7    74.1    89.2    86.4    87.1    94.9    92.6    87.5    79.4    75.5    67.8    57.3 -9999.0 -9999.0 -9999.0 -9999.0 -9999.0 -9999.0 -9999.0 -9999.0 -9999.0 -9999.0 -9999.0 -9999.0 -9999.0 -9999.0 -9999.0 -9999.0 -9999.0 -9999.0 -9999.0 -9999.0 -9999.0 -9999.0 -9999.0 -9999.0 -9999.0 -9999.0 -9999.0 -9999.0 -9999.0 -9999.0 -9999.0
 -9999.0 -9999.0 -9999.0 -9999.0 -9999.0 -9999.0 -9999.0 -9999.0 -9999.0 -9999.0 -9999.0 -9999.0 -9999.0 -9999.0 -9999.0 -9999.0 -9999.0 -9999.0 -9999.0 -9999.0 -9999.0 -9999.0 -9999.0 -9999.0 -9999.0 -9999.0 -9999.0 -9999.0 -9999.0 -9999.0 -9999.0 -9999.0 -9999.0     0.1     0.9 -9999.0 -9999.0 -9999.0     0.0     0.3     0.1     0.1     1.0     0.9     2.3     5.2 -9999.0 -9999.0 -9999.0 -9999.0 -9999.0 -9999.0    19.6    14.6     5.7     2.9     2.4     1.4     2.0     1.4     1.9     3.3     0.5     0.5     1.4     4.2     8.6    12.8    18.1    25.8    31.9    34.2    38.2    45.0    54.2    60.4    72.0    74.6    74.1    76.0    80.4    85.4    91.5    91.0    84.6    73.9    77.4    87.4    95.6    90.0    93.3    87.5    76.8    70.1    71.0    64.4    53.9 -9999.0 -9999.0 -9999.0 -9999.0 -9999.0 -9999.0 -9999.0 -9999.0 -9999.0 -9999.0 -9999.0 -9999.0 -9999.0 -9999.0 -9999.0 -9999.0 -9999.0 -9999.0 -9999.0 -9999.0 -9999.0 -9999.0 -9999.0 -9999.0 -9999.0 -9999.0 -9999.0 -9999.0 -9999.0 -9999.0 -9999.0
 -9999.0 -9999.0 -9999.0 -9999.0 -9999.0 -9999.0 -9999.0 -9999.0 -9999.0 -9999.0 -9999.0 -9999.0 -9999.0 -9999.0 -9999.0 -9999.0 -9999.0 -9999.0 -9999.0 -9999.0 -9999.0 -9999.0 -9999.0 -9999.0 -9999.0 -9999.0 -9999.0 -9999.0 -9999.0 -9999.0 -9999.0 -9999.0 -9999.0 -9999.0 -9999.0 -9999.0 -9999.0 -9999.0 -9999.0     0.0     0.0     0.0     0.1     0.7 -9999.0 -9999.0 -9999.0 -9999.0 -9999.0 -9999.0 -9999.0 -9999.0    21.8    16.6     9.3     4.5     2.9     2.1     1.4     1.0     1.0     1.3     1.3     0.7     2.4     4.8     7.8    11.7    16.3    20.5    30.0    36.8    42.1    47.1    58.7    67.9    74.8    75.7    75.6    71.7    76.0    80.5    87.5    91.4    80.5    67.8    70.9    80.6    78.4    85.5    83.1    73.7    61.6    62.7    61.5    55.4 -9999.0 -9999.0 -9999.0 -9999.0 -9999.0 -9999.0 -9999.0 -9999.0 -9999.0 -9999.0 -9999.0 -9999.0 -9999.0 -9999.0 -9999.0 -9999.0 -9999.0 -9999.0 -9999.0 -9999.0 -9999.0 -9999.0 -9999.0 -9999.0 -9999.0 -9999.0 -9999.0 -9999.0 -9999.0 -9999.0 -9999.0 -9999.0
 -9999.0 -9999.0 -9999.0 -9999.0 -9999.0 -9999.0 -9999.0 -9999.0 -9999.0 -9999.0 -9999.0 -9999.0 -9999.0 -9999.0 -9999.0 -9999.0 -9999.0 -9999.0 -9999.0 -9999.0 -9999.0 -9999.0 -9999.0 -9999.0 -9999.0 -9999.0 -9999.0 -9999.0 -9999.0 -9999.0 -9999.0 -9999.0 -9999.0 -9999.0 -9999.0 -9999.0 -9999.0 -9999.0 -9999.0 -9999.0 -9999.0 -9999.0 -9999.0 -9999.0 -9999.0 -9999.0 -9999.0 -9999.0 -9999.0 -9999.0 -9999.0 -9999.0    19.0    17.0    10.7     7.4     4.5     3.4     2.1     1.3     0.7     0.6     5.3     1.2     2.8     4.4     7.6    11.9    16.4    23.6    34.2    40.5    42.3    50.3    60.1    72.6    77.4    78.3    74.8    73.7    76.1    78.4    80.9    83.0    74.1    64.5    61.8    66.4    71.4    77.9    74.8    64.6    47.0    48.3    46.7 -9999.0 -9999.0 -9999.0 -9999.0 -9999.0 -9999.0 -9999.0 -9999.0 -9999.0 -9999.0 -9999.0 -9999.0 -9999.0 -9999.0 -9999.0 -9999.0 -9999.0 -9999.0 -9999.0 -9999.0 -9999.0 -9999.0 -9999.0 -9999.0 -9999.0 -9999.0 -9999.0 -9999.0 -9999.0 -9999.0 -9999.0 -9999.0 -9999.0
 -9999.0 -9999.0 -9999.0 -9999.0 -9999.0 -9999.0 -9999.0 -9999.0 -9999.0 -9999.0 -9999.0 -9999.0 -9999.0 -9999.0 -9999.0 -9999.0 -9999.0 -9999.0 -9999.0 -9999.0 -9999.0 -9999.0 -9999.0 -9999.0 -9999.0 -9999.0 -9999.0 -9999.0 -9999.0 -9999.0 -9999.0 -9999.0 -9999.0 -9999.0 -9999.0 -9999.0 -9999.0 -9999.0 -9999.0 -9999.0 -9999.0 -9999.0 -9999.0 -9999.0 -9999.0 -9999.0 -9999.0 -9999.0 -9999.0 -9999.0 -9999.0    18.3    20.0    15.7    13.1     7.7     5.2     3.3     2.1     0.6     0.8     0.7     0.5     1.2     2.4     3.5     7.0    15.5    19.9    32.1    44.6    50.6    55.8    63.2    70.2    76.9    78.2    79.0    78.3    77.0    74.8    73.7    74.3    73.4    66.1    59.6    69.6    68.0    75.3    72.3    64.2    51.6    38.8    28.6    29.7 -9999.0 -9999.0 -9999.0 -9999.0 -9999.0 -9999.0 -9999.0 -9999.0 -9999.0 -9999.0 -9999.0 -9999.0 -9999.0 -9999.0 -9999.0 -9999.0 -9999.0 -9999.0 -9999.0 -9999.0 -9999.0 -9999.0 -9999.0 -9999.0 -9999.0 -9999.0 -9999.0 -9999.0 -9999.0 -9999.0 -9999.0 -9999.0 -9999.0
 -9999.0 -9999.0 -9999.0 -9999.0 -9999.0 -9999.0 -9999.0 -9999.0 -9999.0 -9999.0 -9999.0 -9999.0 -9999.0 -9999.0 -9999.0 -9999.0 -9999.0 -9999.0 -9999.0 -9999.0 -9999.0 -9999.0 -9999.0 -9999.0 -9999.0 -9999.0 -9999.0 -9999.0 -9999.0 -9999.0 -9999.0 -9999.0 -9999.0 -9999.0 -9999.0 -9999.0 -9999.0 -9999.0 -9999.0 -9999.0 -9999.0 -9999.0 -9999.0 -9999.0 -9999.0 -9999.0 -9999.0 -9999.0 -9999.0 -9999.0    11.0    14.2    14.2    12.7    10.0     6.4     4.1     2.6     1.1     0.4     0.3     0.9     0.7     1.8     2.6     3.8     6.9    14.3    23.9    39.0    51.1    57.3    63.9    72.4    75.6    75.1    74.1    74.9    74.5    73.7    72.5    69.4    69.0    65.4    66.7    60.3    66.3    62.4    64.1    61.9    53.3    39.9    24.5    17.5    16.4 -9999.0 -9999.0 -9999.0 -9999.0 -9999.0 -9999.0 -9999.0 -9999.0 -9999.0 -9999.0 -9999.0 -9999.0 -9999.0 -9999.0 -9999.0 -9999.0 -9999.0 -9999.0 -9999.0 -9999.0 -9999.0 -9999.0 -9999.0 -9999.0 -9999.0 -9999.0 -9999.0 -9999.0 -9999.0 -9999.0 -9999.0 -9999.0 -9999.0
 -9999.0 -9999.0 -9999.0 -9999.0 -9999.0 -9999.0 -9999.0 -9999.0 -9999.0 -9999.0 -9999.0 -9999.0 -9999.0 -9999.0 -9999.0 -9999.0 -9999.0 -9999.0 -9999.0 -9999.0 -9999.0 -9999.0 -9999.0 -9999.0 -9999.0 -9999.0 -9999.0 -9999.0 -9999.0 -9999.0 -9999.0 -9999.0 -9999.0 -9999.0 -9999.0 -9999.0 -9999.0 -9999.0 -9999.0 -9999.0 -9999.0 -9999.0 -9999.0 -9999.0 -9999.0 -9999.0 -9999.0 -9999.0 -9999.0 -9999.0     7.7     9.5     7.2     7.2     6.2     3.8     2.3     1.1     0.5     0.3     0.5     1.1     1.9     3.8     5.5     7.0    10.7    18.4    30.1    42.0    52.9    58.9    65.0    71.7    69.0    62.8    66.1    65.3    65.9    67.2    65.9    68.4    67.3    64.4    66.8    62.0    58.8    54.6    48.5    42.4    39.6    23.7    15.0     9.7 -9999.0 -9999.0 -9999.0 -9999.0 -9999.0 -9999.0 -9999.0 -9999.0 -9999.0 -9999.0 -9999.0 -9999.0 -9999.0 -9999.0 -9999.0 -9999.0 -9999.0 -9999.0 -9999.0 -9999.0 -9999.0 -9999.0 -9999.0 -9999.0 -9999.0 -9999.0 -9999.0 -9999.0 -9999.0 -9999.0 -9999.0 -9999.0 -9999.0 -9999.0
 -9999.0 -9999.0 -9999.0 -9999.0 -9999.0 -9999.0 -9999.0 -9999.0 -9999.0 -9999.0 -9999.0 -9999.0 -9999.0 -9999.0 -9999.0 -9999.0 -9999.0 -9999.0 -9999.0 -9999.0 -9999.0 -9999.0 -9999.0 -9999.0 -9999.0 -9999.0 -9999.0 -9999.0 -9999.0 -9999.0 -9999.0 -9999.0 -9999.0 -9999.0 -9999.0 -9999.0 -9999.0 -9999.0 -9999.0 -9999.0 -9999.0 -9999.0 -9999.0 -9999.0 -9999.0 -9999.0 -9999.0 -9999.0 -9999.0 -9999.0     5.3     5.0     5.3     5.7     3.2     2.0     2.4     1.4     1.3     2.6     2.7     4.8     7.5     9.9    13.9    15.7    19.7    26.9    36.0    50.7    54.1    66.0    56.0    63.9    53.3    52.2    58.5    55.1    56.1    54.5    62.9    63.1    64.1    65.2    66.1    57.1    48.0    40.3    37.4    31.8    30.4    17.6 -9999.0 -9999.0 -9999.0 -9999.0 -9999.0 -9999.0 -9999.0 -9999.0 -9999.0 -9999.0 -9999.0 -9999.0 -9999.0 -9999.0 -9999.0 -9999.0 -9999.0 -9999.0 -9999.0 -9999.0 -9999.0 -9999.0 -9999.0 -9999.0 -9999.0 -9999.0 -9999.0 -9999.0 -9999.0 -9999.0 -9999.0 -9999.0 -9999.0 -9999.0 -9999.0 -9999.0
 -9999.0 -9999.0 -9999.0 -9999.0 -9999.0 -9999.0 -9999.0 -9999.0 -9999.0 -9999.0 -9999.0 -9999.0 -9999.0 -9999.0 -9999.0 -9999.0 -9999.0 -9999.0 -9999.0 -9999.0 -9999.0 -9999.0 -9999.0 -9999.0 -9999.0 -9999.0 -9999.0 -9999.0 -9999.0 -9999.0 -9999.0 -9999.0 -9999.0 -9999.0 -9999.0 -9999.0 -9999.0 -9999.0 -9999.0 -9999.0 -9999.0 -9999.0 -9999.0 -9999.0 -9999.0 -9999.0 -9999.0 -9999.0 -9999.0 -9999.0     3.8     4.3     4.0     4.2     3.9     4.2     3.6     4.5     6.2     9.1    10.0    13.4    14.6    23.1    29.9    33.1    37.8    43.5    53.1    46.4    57.4    55.8    54.6    56.5    47.6    51.3    53.8    47.7    49.8    46.7    52.7    61.7    62.4    65.4    56.9    50.7    47.9    36.9    37.3    33.2    22.6 -9999.0 -9999.0 -9999.0 -9999.0 -9999.0 -9999.0 -9999.0 -9999.0 -9999.0 -9999.0 -9999.0 -9999.0 -9999.0 -9999.0 -9999.0 -9999.0 -9999.0 -9999.0 -9999.0 -9999.0 -9999.0 -9999.0 -9999.0 -9999.0 -9999.0 -9999.0 -9999.0 -9999.0 -9999.0 -9999.0 -9999.0 -9999.0 -9999.0 -9999.0 -9999.0 -9999.0 -9999.0
 -9999.0 -9999.0 -9999.0 -9999.0 -9999.0 -9999.0 -9999.0 -9999.0 -9999.0 -9999.0 -9999.0 -9999.0 -9999.0 -9999.0 -9999.0 -9999.0 -9999.0 -9999.0 -9999.0 -9999.0 -9999.0 -9999.0 -9999.0 -9999.0 -9999.0 -9999.0 -9999.0 -9999.0 -9999.0 -9999.0 -9999.0 -9999.0 -9999.0 -9999.0 -9999.0 -9999.0 -9999.0 -9999.0 -9999.0 -9999.0 -9999.0 -9999.0 -9999.0 -9999.0 -9999.0 -9999.0 -9999.0 -9999.0 -9999.0 -9999.0 -9999.0 -9999.0 -9999.0     6.5     7.1     8.0     9.8    12.8    17.6    18.7    24.9    22.6    39.4    41.8    49.5    53.7    59.9    58.6    65.1    67.4    64.7    57.3    52.9    54.8    57.5    54.8    53.1    46.6    44.1    46.5    52.5    54.9    58.3    57.5    51.4    46.2    42.2    44.6    35.8    31.0 -9999.0 -9999.0 -9999.0 -9999.0 -9999.0 -9999.0 -9999.0 -9999.0 -9999.0 -9999.0 -9999.0 -9999.0 -9999.0 -9999.0 -9999.0 -9999.0 -9999.0 -9999.0 -9999.0 -9999.0 -9999.0 -9999.0 -9999.0 -9999.0 -9999.0 -9999.0 -9999.0 -9999.0 -9999.0 -9999.0 -9999.0 -9999.0 -9999.0 -9999.0 -9999.0 -9999.0 -9999.0 -9999.0
 -9999.0 -9999.0 -9999.0 -9999.0 -9999.0 -9999.0 -9999.0 -9999.0 -9999.0 -9999.0 -9999.0 -9999.0 -9999.0 -9999.0 -9999.0 -9999.0 -9999.0 -9999.0 -9999.0 -9999.0 -9999.0 -9999.0 -9999.0 -9999.0 -9999.0 -9999.0 -9999.0 -9999.0 -9999.0 -9999.0 -9999.0 -9999.0 -9999.0 -9999.0 -9999.0 -9999.0 -9999.0 -9999.0 -9999.0 -9999.0 -9999.0 -9999.0 -9999.0 -9999.0 -9999.0 -9999.0 -9999.0 -9999.0 -9999.0 -9999.0 -9999.0 -9999.0 -9999.0    11.4    14.2    18.7    21.4    27.2    29.6    32.0    32.2    37.0    56.1    56.8    65.9    70.8    63.2    78.5    68.5    70.1    65.9    60.1    60.6    66.8    71.7    70.9    57.8    57.3    55.0    57.6    58.2    58.0    55.5 -9999.0    46.9    41.6 -9999.0 -9999.0 -9999.0 -9999.0 -9999.0 -9999.0 -9999.0 -9999.0 -9999.0 -9999.0 -9999.0 -9999.0 -9999.0 -9999.0 -9999.0 -9999.0 -9999.0 -9999.0 -9999.0 -9999.0 -9999.0 -9999.0 -9999.0 -9999.0 -9999.0 -9999.0 -9999.0 -9999.0 -9999.0 -9999.0 -9999.0 -9999.0 -9999.0 -9999.0 -9999.0 -9999.0 -9999.0 -9999.0 -9999.0 -9999.0 -9999.0 -9999.0
 -9999.0 -9999.0 -9999.0 -9999.0 -9999.0 -9999.0 -9999.0 -9999.0 -9999.0 -9999.0 -9999.0 -9999.0 -9999.0 -9999.0 -9999.0 -9999.0 -9999.0 -9999.0 -9999.0 -9999.0 -9999.0 -9999.0 -9999.0 -9999.0 -9999.0 -9999.0 -9999.0 -9999.0 -9999.0 -9999.0 -9999.0 -9999.0 -9999.0 -9999.0 -9999.0 -9999.0 -9999.0 -9999.0 -9999.0 -9999.0 -9999.0 -9999.0 -9999.0 -9999.0 -9999.0 -9999.0 -9999.0 -9999.0 -9999.0 -9999.0 -9999.0 -9999.0 -9999.0    18.6    23.4    28.3    32.8    38.7    40.9    40.8    45.9    53.2    71.0    83.0    71.3 -9999.0 -9999.0 -9999.0    76.2    65.5    64.2    65.8    68.5    74.0    79.1    79.2    63.2    63.1    86.0    75.0    71.0    65.7    64.3 -9999.0 -9999.0 -9999.0 -9999.0 -9999.0 -9999.0 -9999.0 -9999.0 -9999.0 -9999.0 -9999.0 -9999.0 -9999.0 -9999.0 -9999.0 -9999.0 -9999.0 -9999.0 -9999.0 -9999.0 -9999.0 -9999.0 -9999.0 -9999.0 -9999.0 -9999.0 -9999.0 -9999.0 -9999.0 -9999.0 -9999.0 -9999.0 -9999.0 -9999.0 -9999.0 -9999.0 -9999.0 -9999.0 -9999.0 -9999.0 -9999.0 -9999.0 -9999.0 -9999.0 -9999.0
 -9999.0 -9999.0 -9999.0 -9999.0 -9999.0 -9999.0 -9999.0 -9999.0 -9999.0 -9999.0 -9999.0 -9999.0 -9999.0 -9999.0 -9999.0 -9999.0 -9999.0 -9999.0 -9999.0 -9999.0 -9999.0 -9999.0 -9999.0 -9999.0 -9999.0 -9999.0 -9999.0 -9999.0 -9999.0 -9999.0 -9999.0 -9999.0 -9999.0 -9999.0 -9999.0 -9999.0 -9999.0 -9999.0 -9999.0 -9999.0 -9999.0 -9999.0 -9999.0 -9999.0 -9999.0 -9999.0 -9999.0 -9999.0 -9999.0 -9999.0 -9999.0 -9999.0 -9999.0 -9999.0    31.9    37.2    42.6    48.1    49.4    52.6    52.8 -9999.0 -9999.0 -9999.0 -9999.0 -9999.0 -9999.0 -9999.0    58.9    61.1    68.6    57.0    59.7    69.7    72.9    68.7    64.3    62.5    70.8 -9999.0    82.9 -9999.0 -9999.0 -9999.0 -9999.0 -9999.0 -9999.0 -9999.0 -9999.0 -9999.0 -9999.0 -9999.0 -9999.0 -9999.0 -9999.0 -9999.0 -9999.0 -9999.0 -9999.0 -9999.0 -9999.0 -9999.0 -9999.0 -9999.0 -9999.0 -9999.0 -9999.0 -9999.0 -9999.0 -9999.0 -9999.0 -9999.0 -9999.0 -9999.0 -9999.0 -9999.0 -9999.0 -9999.0 -9999.0 -9999.0 -9999.0 -9999.0 -9999.0 -9999.0 -9999.0 -9999.0 -9999.0 -9999.0
 -9999.0 -9999.0 -9999.0 -9999.0 -9999.0 -9999.0 -9999.0 -9999.0 -9999.0 -9999.0 -9999.0 -9999.0 -9999.0 -9999.0 -9999.0 -9999.0 -9999.0 -9999.0 -9999.0 -9999.0 -9999.0 -9999.0 -9999.0 -9999.0 -9999.0 -9999.0 -9999.0 -9999.0 -9999.0 -9999.0 -9999.0 -9999.0 -9999.0 -9999.0 -9999.0 -9999.0 -9999.0 -9999.0 -9999.0 -9999.0 -9999.0 -9999.0 -9999.0 -9999.0 -9999.0 -9999.0 -9999.0 -9999.0 -9999.0 -9999.0 -9999.0 -9999.0 -9999.0 -9999.0 -9999.0    43.7    49.7    52.2    54.3    56.8    58.9 -9999.0 -9999.0 -9999.0 -9999.0 -9999.0 -9999.0 -9999.0 -9999.0 -9999.0    42.0 -9999.0 -9999.0 -9999.0 -9999.0 -9999.0    61.2 -9999.0 -9999.0 -9999.0 -9999.0 -9999.0 -9999.0 -9999.0 -9999.0 -9999.0 -9999.0 -9999.0 -9999.0 -9999.0 -9999.0 -9999.0 -9999.0 -9999.0 -9999.0 -9999.0 -9999.0 -9999.0 -9999.0 -9999.0 -9999.0 -9999.0 -9999.0 -9999.0 -9999.0 -9999.0 -9999.0 -9999.0 -9999.0 -9999.0 -9999.0 -9999.0 -9999.0 -9999.0 -9999.0 -9999.0 -9999.0 -9999.0 -9999.0 -9999.0 -9999.0 -9999.0 -9999.0 -9999.0 -9999.0 -9999.0 -9999.0 -9999.0
 -9999.0 -9999.0 -9999.0 -9999.0 -9999.0 -9999.0 -9999.0 -9999.0 -9999.0 -9999.0 -9999.0 -9999.0 -9999.0 -9999.0 -9999.0 -9999.0 -9999.0 -9999.0 -9999.0 -9999.0 -9999.0 -9999.0 -9999.0 -9999.0 -9999.0 -9999.0 -9999.0 -9999.0 -9999.0 -9999.0 -9999.0 -9999.0 -9999.0 -9999.0 -9999.0 -9999.0 -9999.0 -9999.0 -9999.0 -9999.0 -9999.0 -9999.0 -9999.0 -9999.0 -9999.0 -9999.0 -9999.0 -9999.0 -9999.0 -9999.0 -9999.0 -9999.0 -9999.0 -9999.0 -9999.0 -9999.0 -9999.0 -9999.0    57.4    56.8 -9999.0 -9999.0 -9999.0 -9999.0 -9999.0 -9999.0 -9999.0 -9999.0 -9999.0 -9999.0 -9999.0 -9999.0 -9999.0 -9999.0 -9999.0    54.1    58.3 -9999.0 -9999.0 -9999.0 -9999.0 -9999.0 -9999.0 -9999.0 -9999.0 -9999.0 -9999.0 -9999.0 -9999.0 -9999.0 -9999.0 -9999.0 -9999.0 -9999.0 -9999.0 -9999.0 -9999.0 -9999.0 -9999.0 -9999.0 -9999.0 -9999.0 -9999.0 -9999.0 -9999.0 -9999.0 -9999.0 -9999.0 -9999.0 -9999.0 -9999.0 -9999.0 -9999.0 -9999.0 -9999.0 -9999.0 -9999.0 -9999.0 -9999.0 -9999.0 -9999.0 -9999.0 -9999.0 -9999.0 -9999.0 -9999.0 -9999.0 -9999.0
 -9999.0 -9999.0 -9999.0 -9999.0 -9999.0 -9999.0 -9999.0 -9999.0 -9999.0 -9999.0 -9999.0 -9999.0 -9999.0 -9999.0 -9999.0 -9999.0 -9999.0 -9999.0 -9999.0 -9999.0 -9999.0 -9999.0 -9999.0 -9999.0 -9999.0 -9999.0 -9999.0 -9999.0 -9999.0 -9999.0 -9999.0 -9999.0 -9999.0 -9999.0 -9999.0 -9999.0 -9999.0 -9999.0 -9999.0 -9999.0 -9999.0 -9999.0 -9999.0 -9999.0 -9999.0 -9999.0 -9999.0 -9999.0 -9999.0 -9999.0 -9999.0 -9999.0 -9999.0 -9999.0 -9999.0 -9999.0 -9999.0 -9999.0 -9999.0 -9999.0 -9999.0 -9999.0 -9999.0 -9999.0 -9999.0 -9999.0 -9999.0 -9999.0 -9999.0 -9999.0 -9999.0 -9999.0 -9999.0 -9999.0 -9999.0 -9999.0 -9999.0 -9999.0 -9999.0 -9999.0 -9999.0 -9999.0 -9999.0 -9999.0 -9999.0 -9999.0 -9999.0 -9999.0 -9999.0 -9999.0 -9999.0 -9999.0 -9999.0 -9999.0 -9999.0 -9999.0 -9999.0 -9999.0 -9999.0 -9999.0 -9999.0 -9999.0 -9999.0 -9999.0 -9999.0 -9999.0 -9999.0 -9999.0 -9999.0 -9999.0 -9999.0 -9999.0 -9999.0 -9999.0 -9999.0 -9999.0 -9999.0 -9999.0 -9999.0 -9999.0 -9999.0 -9999.0 -9999.0 -9999.0 -9999.0 -9999.0 -9999.0 -9999.0
 -9999.0 -9999.0 -9999.0 -9999.0 -9999.0 -9999.0 -9999.0 -9999.0 -9999.0 -9999.0 -9999.0 -9999.0 -9999.0 -9999.0 -9999.0 -9999.0 -9999.0 -9999.0 -9999.0 -9999.0 -9999.0 -9999.0 -9999.0 -9999.0 -9999.0 -9999.0 -9999.0 -9999.0 -9999.0 -9999.0 -9999.0 -9999.0 -9999.0 -9999.0 -9999.0 -9999.0 -9999.0 -9999.0 -9999.0 -9999.0 -9999.0 -9999.0 -9999.0 -9999.0 -9999.0 -9999.0 -9999.0 -9999.0 -9999.0 -9999.0 -9999.0 -9999.0 -9999.0 -9999.0 -9999.0 -9999.0 -9999.0 -9999.0 -9999.0 -9999.0 -9999.0 -9999.0 -9999.0 -9999.0 -9999.0 -9999.0 -9999.0 -9999.0 -9999.0 -9999.0 -9999.0 -9999.0 -9999.0 -9999.0 -9999.0    58.0    70.7    86.2 -9999.0 -9999.0 -9999.0 -9999.0 -9999.0 -9999.0 -9999.0 -9999.0 -9999.0 -9999.0 -9999.0 -9999.0 -9999.0 -9999.0 -9999.0 -9999.0 -9999.0 -9999.0 -9999.0 -9999.0 -9999.0 -9999.0 -9999.0 -9999.0 -9999.0 -9999.0 -9999.0 -9999.0 -9999.0 -9999.0 -9999.0 -9999.0 -9999.0 -9999.0 -9999.0 -9999.0 -9999.0 -9999.0 -9999.0 -9999.0 -9999.0 -9999.0 -9999.0 -9999.0 -9999.0 -9999.0 -9999.0 -9999.0 -9999.0 -9999.0
 -9999.0 -9999.0 -9999.0 -9999.0 -9999.0 -9999.0 -9999.0 -9999.0 -9999.0 -9999.0 -9999.0 -9999.0 -9999.0 -9999.0 -9999.0 -9999.0 -9999.0 -9999.0 -9999.0 -9999.0 -9999.0 -9999.0 -9999.0 -9999.0 -9999.0 -9999.0 -9999.0 -9999.0 -9999.0 -9999.0 -9999.0 -9999.0 -9999.0 -9999.0 -9999.0 -9999.0 -9999.0 -9999.0 -9999.0 -9999.0 -9999.0 -9999.0 -9999.0 -9999.0 -9999.0 -9999.0 -9999.0 -9999.0 -9999.0 -9999.0 -9999.0 -9999.0 -9999.0 -9999.0 -9999.0 -9999.0 -9999.0 -9999.0 -9999.0 -9999.0 -9999.0 -9999.0 -9999.0 -9999.0 -9999.0 -9999.0 -9999.0 -9999.0 -9999.0 -9999.0 -9999.0 -9999.0 -9999.0    13.4    51.6    73.2   104.5 -9999.0 -9999.0 -9999.0 -9999.0 -9999.0 -9999.0 -9999.0 -9999.0 -9999.0 -9999.0 -9999.0 -9999.0 -9999.0 -9999.0 -9999.0 -9999.0 -9999.0 -9999.0 -9999.0 -9999.0 -9999.0 -9999.0 -9999.0 -9999.0 -9999.0 -9999.0 -9999.0 -9999.0 -9999.0 -9999.0 -9999.0 -9999.0 -9999.0 -9999.0 -9999.0 -9999.0 -9999.0 -9999.0 -9999.0 -9999.0 -9999.0 -9999.0 -9999.0 -9999.0 -9999.0 -9999.0 -9999.0 -9999.0 -9999.0 -9999.0 -9999.0
 -9999.0 -9999.0 -9999.0 -9999.0 -9999.0 -9999.0 -9999.0 -9999.0 -9999.0 -9999.0 -9999.0 -9999.0 -9999.0 -9999.0 -9999.0 -9999.0 -9999.0 -9999.0 -9999.0 -9999.0 -9999.0 -9999.0 -9999.0 -9999.0 -9999.0 -9999.0 -9999.0 -9999.0 -9999.0 -9999.0 -9999.0 -9999.0 -9999.0 -9999.0 -9999.0 -9999.0 -9999.0 -9999.0 -9999.0 -9999.0 -9999.0 -9999.0 -9999.0 -9999.0 -9999.0 -9999.0 -9999.0 -9999.0 -9999.0 -9999.0 -9999.0 -9999.0 -9999.0 -9999.0 -9999.0 -9999.0 -9999.0 -9999.0 -9999.0 -9999.0 -9999.0 -9999.0 -9999.0 -9999.0 -9999.0 -9999.0 -9999.0 -9999.0 -9999.0 -9999.0 -9999.0 -9999.0 -9999.0 -9999.0    43.9   100.0   114.7 -9999.0 -9999.0 -9999.0 -9999.0 -9999.0 -9999.0 -9999.0 -9999.0 -9999.0 -9999.0 -9999.0 -9999.0 -9999.0 -9999.0 -9999.0 -9999.0 -9999.0 -9999.0 -9999.0 -9999.0 -9999.0 -9999.0 -9999.0 -9999.0 -9999.0 -9999.0 -9999.0 -9999.0 -9999.0 -9999.0 -9999.0 -9999.0 -9999.0 -9999.0 -9999.0 -9999.0 -9999.0 -9999.0 -9999.0 -9999.0 -9999.0 -9999.0 -9999.0 -9999.0 -9999.0 -9999.0 -9999.0 -9999.0 -9999.0 -9999.0 -9999.0
 -9999.0 -9999.0 -9999.0 -9999.0 -9999.0 -9999.0 -9999.0 -9999.0 -9999.0 -9999.0 -9999.0 -9999.0 -9999.0 -9999.0 -9999.0 -9999.0 -9999.0 -9999.0 -9999.0 -9999.0 -9999.0 -9999.0 -9999.0 -9999.0 -9999.0 -9999.0 -9999.0 -9999.0 -9999.0 -9999.0 -9999.0 -9999.0 -9999.0 -9999.0 -9999.0 -9999.0 -9999.0 -9999.0 -9999.0 -9999.0 -9999.0 -9999.0 -9999.0 -9999.0 -9999.0 -9999.0 -9999.0 -9999.0 -9999.0 -9999.0 -9999.0 -9999.0 -9999.0 -9999.0 -9999.0 -9999.0 -9999.0 -9999.0 -9999.0 -9999.0 -9999.0 -9999.0 -9999.0 -9999.0 -9999.0 -9999.0 -9999.0 -9999.0 -9999.0 -9999.0 -9999.0 -9999.0 -9999.0 -9999.0 -9999.0 -9999.0 -9999.0 -9999.0 -9999.0 -9999.0 -9999.0 -9999.0 -9999.0 -9999.0 -9999.0 -9999.0 -9999.0 -9999.0 -9999.0 -9999.0 -9999.0 -9999.0 -9999.0 -9999.0 -9999.0 -9999.0 -9999.0 -9999.0 -9999.0 -9999.0 -9999.0 -9999.0 -9999.0 -9999.0 -9999.0 -9999.0 -9999.0 -9999.0 -9999.0 -9999.0 -9999.0 -9999.0 -9999.0 -9999.0 -9999.0 -9999.0 -9999.0 -9999.0 -9999.0 -9999.0 -9999.0 -9999.0 -9999.0 -9999.0 -9999.0 -9999.0 -9999.0 -9999.0
