NCOLS      128
NROWS       72
XLLCORNER    72.000000000000    
YLLCORNER    18.000000000000    
CELLSIZE    0.50000000000000    
NODATA_VALUE   -9999.000    
 -9999.0 -9999.0 -9999.0 -9999.0 -9999.0 -9999.0 -9999.0 -9999.0 -9999.0 -9999.0 -9999.0 -9999.0 -9999.0 -9999.0 -9999.0 -9999.0 -9999.0 -9999.0 -9999.0 -9999.0 -9999.0 -9999.0 -9999.0 -9999.0 -9999.0 -9999.0 -9999.0 -9999.0 -9999.0 -9999.0 -9999.0 -9999.0 -9999.0 -9999.0 -9999.0 -9999.0 -9999.0 -9999.0 -9999.0 -9999.0 -9999.0 -9999.0 -9999.0 -9999.0 -9999.0 -9999.0 -9999.0 -9999.0 -9999.0 -9999.0 -9999.0 -9999.0 -9999.0 -9999.0 -9999.0 -9999.0 -9999.0 -9999.0 -9999.0 -9999.0 -9999.0 -9999.0 -9999.0 -9999.0 -9999.0 -9999.0 -9999.0 -9999.0 -9999.0 -9999.0 -9999.0 -9999.0 -9999.0 -9999.0 -9999.0 -9999.0 -9999.0 -9999.0 -9999.0 -9999.0 -9999.0 -9999.0 -9999.0 -9999.0 -9999.0 -9999.0 -9999.0 -9999.0 -9999.0 -9999.0 -9999.0 -9999.0 -9999.0 -9999.0 -9999.0 -9999.0 -9999.0     4.8     5.3     6.0     7.0     8.1     9.4    10.8    12.0 -9999.0 -9999.0 -9999.0 -9999.0 -9999.0 -9999.0 -9999.0 -9999.0 -9999.0 -9999.0 -9999.0 -9999.0 -9999.0 -9999.0 -9999.0 -9999.0 -9999.0 -9999.0 -9999.0 -9999.0 -9999.0 -9999.0 -9999.0
 -9999.0 -9999.0 -9999.0 -9999.0 -9999.0 -9999.0 -9999.0 -9999.0 -9999.0 -9999.0 -9999.0 -9999.0 -9999.0 -9999.0 -9999.0 -9999.0 -9999.0 -9999.0 -9999.0 -9999.0 -9999.0 -9999.0 -9999.0 -9999.0 -9999.0 -9999.0 -9999.0 -9999.0 -9999.0 -9999.0 -9999.0 -9999.0 -9999.0 -9999.0 -9999.0 -9999.0 -9999.0 -9999.0 -9999.0 -9999.0 -9999.0 -9999.0 -9999.0 -9999.0 -9999.0 -9999.0 -9999.0 -9999.0 -9999.0 -9999.0 -9999.0 -9999.0 -9999.0 -9999.0 -9999.0 -9999.0 -9999.0 -9999.0 -9999.0 -9999.0 -9999.0 -9999.0 -9999.0 -9999.0 -9999.0 -9999.0 -9999.0 -9999.0 -9999.0 -9999.0 -9999.0 -9999.0 -9999.0 -9999.0 -9999.0 -9999.0 -9999.0 -9999.0 -9999.0 -9999.0 -9999.0 -9999.0 -9999.0 -9999.0 -9999.0 -9999.0 -9999.0 -9999.0 -9999.0 -9999.0 -9999.0 -9999.0 -9999.0 -9999.0 -9999.0 -9999.0     3.8     4.3     5.1     5.4     6.3     7.2     8.1     9.1    10.1    10.6    10.5     9.9     9.1 -9999.0 -9999.0 -9999.0 -9999.0 -9999.0 -9999.0 -9999.0 -9999.0 -9999.0 -9999.0 -9999.0 -9999.0 -9999.0 -9999.0 -9999.0 -9999.0 -9999.0 -9999.0 -9999.0
 -9999.0 -9999.0 -9999.0 -9999.0 -9999.0 -9999.0 -9999.0 -9999.0 -9999.0 -9999.0 -9999.0 -9999.0 -9999.0 -9999.0 -9999.0 -9999.0 -9999.0 -9999.0 -9999.0 -9999.0 -9999.0 -9999.0 -9999.0 -9999.0 -9999.0 -9999.0 -9999.0 -9999.0 -9999.0 -9999.0 -9999.0 -9999.0 -9999.0 -9999.0 -9999.0 -9999.0 -9999.0 -9999.0 -9999.0 -9999.0 -9999.0 -9999.0 -9999.0 -9999.0 -9999.0 -9999.0 -9999.0 -9999.0 -9999.0 -9999.0 -9999.0 -9999.0 -9999.0 -9999.0 -9999.0 -9999.0 -9999.0 -9999.0 -9999.0 -9999.0 -9999.0 -9999.0 -9999.0 -9999.0 -9999.0 -9999.0 -9999.0 -9999.0 -9999.0 -9999.0 -9999.0 -9999.0 -9999.0 -9999.0 -9999.0 -9999.0 -9999.0 -9999.0 -9999.0 -9999.0 -9999.0 -9999.0 -9999.0 -9999.0 -9999.0 -9999.0 -9999.0 -9999.0 -9999.0 -9999.0 -9999.0 -9999.0 -9999.0 -9999.0 -9999.0     3.7     3.9     4.2     4.8     4.9     5.5     6.2     6.9     7.5     8.1     8.5     8.3     7.6     6.8 -9999.0 -9999.0 -9999.0 -9999.0 -9999.0 -9999.0 -9999.0 -9999.0 -9999.0 -9999.0 -9999.0 -9999.0 -9999.0 -9999.0 -9999.0 -9999.0 -9999.0 -9999.0 -9999.0
 -9999.0 -9999.0 -9999.0 -9999.0 -9999.0 -9999.0 -9999.0 -9999.0 -9999.0 -9999.0 -9999.0 -9999.0 -9999.0 -9999.0 -9999.0 -9999.0 -9999.0 -9999.0 -9999.0 -9999.0 -9999.0 -9999.0 -9999.0 -9999.0 -9999.0 -9999.0 -9999.0 -9999.0 -9999.0 -9999.0 -9999.0 -9999.0 -9999.0 -9999.0 -9999.0 -9999.0 -9999.0 -9999.0 -9999.0 -9999.0 -9999.0 -9999.0 -9999.0 -9999.0 -9999.0 -9999.0 -9999.0 -9999.0 -9999.0 -9999.0 -9999.0 -9999.0 -9999.0 -9999.0 -9999.0 -9999.0 -9999.0 -9999.0 -9999.0 -9999.0 -9999.0 -9999.0 -9999.0 -9999.0 -9999.0 -9999.0 -9999.0 -9999.0 -9999.0 -9999.0 -9999.0 -9999.0 -9999.0 -9999.0 -9999.0 -9999.0 -9999.0 -9999.0 -9999.0 -9999.0 -9999.0 -9999.0 -9999.0 -9999.0 -9999.0 -9999.0 -9999.0 -9999.0 -9999.0 -9999.0 -9999.0 -9999.0 -9999.0 -9999.0 -9999.0     3.5     4.2     3.7     4.2     4.7     5.4     5.9     5.8     6.0     6.1     6.3     6.1     5.6     4.8     4.2 -9999.0 -9999.0 -9999.0 -9999.0 -9999.0 -9999.0 -9999.0 -9999.0 -9999.0 -9999.0 -9999.0 -9999.0 -9999.0 -9999.0 -9999.0 -9999.0 -9999.0 -9999.0
 -9999.0 -9999.0 -9999.0 -9999.0 -9999.0 -9999.0 -9999.0 -9999.0 -9999.0 -9999.0 -9999.0 -9999.0 -9999.0 -9999.0 -9999.0 -9999.0 -9999.0 -9999.0 -9999.0 -9999.0 -9999.0 -9999.0 -9999.0 -9999.0 -9999.0 -9999.0 -9999.0 -9999.0 -9999.0 -9999.0 -9999.0 -9999.0 -9999.0 -9999.0 -9999.0 -9999.0 -9999.0 -9999.0 -9999.0 -9999.0 -9999.0 -9999.0 -9999.0 -9999.0 -9999.0 -9999.0 -9999.0 -9999.0 -9999.0 -9999.0 -9999.0 -9999.0 -9999.0 -9999.0 -9999.0 -9999.0 -9999.0 -9999.0 -9999.0 -9999.0 -9999.0 -9999.0 -9999.0 -9999.0 -9999.0 -9999.0 -9999.0 -9999.0 -9999.0 -9999.0 -9999.0 -9999.0 -9999.0 -9999.0 -9999.0 -9999.0 -9999.0 -9999.0 -9999.0 -9999.0 -9999.0 -9999.0 -9999.0 -9999.0 -9999.0 -9999.0 -9999.0 -9999.0 -9999.0 -9999.0 -9999.0 -9999.0 -9999.0 -9999.0 -9999.0     3.8     3.7     4.5     4.7     4.6     4.7     5.7     5.5     5.1     4.7     4.7     4.5     4.0     3.4     2.9     2.6 -9999.0 -9999.0 -9999.0 -9999.0 -9999.0 -9999.0 -9999.0 -9999.0 -9999.0 -9999.0 -9999.0 -9999.0 -9999.0 -9999.0 -9999.0 -9999.0 -9999.0
 -9999.0 -9999.0 -9999.0 -9999.0 -9999.0 -9999.0 -9999.0 -9999.0 -9999.0 -9999.0 -9999.0 -9999.0 -9999.0 -9999.0 -9999.0 -9999.0 -9999.0 -9999.0 -9999.0 -9999.0 -9999.0 -9999.0 -9999.0 -9999.0 -9999.0 -9999.0 -9999.0 -9999.0 -9999.0 -9999.0 -9999.0 -9999.0 -9999.0 -9999.0 -9999.0 -9999.0 -9999.0 -9999.0 -9999.0 -9999.0 -9999.0 -9999.0 -9999.0 -9999.0 -9999.0 -9999.0 -9999.0 -9999.0 -9999.0 -9999.0 -9999.0 -9999.0 -9999.0 -9999.0 -9999.0 -9999.0 -9999.0 -9999.0 -9999.0 -9999.0 -9999.0 -9999.0 -9999.0 -9999.0 -9999.0 -9999.0 -9999.0 -9999.0 -9999.0 -9999.0 -9999.0 -9999.0 -9999.0 -9999.0 -9999.0 -9999.0 -9999.0 -9999.0 -9999.0 -9999.0 -9999.0 -9999.0 -9999.0 -9999.0 -9999.0 -9999.0 -9999.0 -9999.0 -9999.0 -9999.0 -9999.0 -9999.0 -9999.0 -9999.0     3.3     3.7     4.3     4.3     4.3     4.8     5.4     4.8     5.2     4.8     4.2     3.9     3.6     3.2     2.6     2.1     1.9 -9999.0 -9999.0 -9999.0 -9999.0 -9999.0 -9999.0 -9999.0 -9999.0 -9999.0 -9999.0 -9999.0 -9999.0 -9999.0 -9999.0 -9999.0 -9999.0 -9999.0
 -9999.0 -9999.0 -9999.0 -9999.0 -9999.0 -9999.0 -9999.0 -9999.0 -9999.0 -9999.0 -9999.0 -9999.0 -9999.0 -9999.0 -9999.0 -9999.0 -9999.0 -9999.0 -9999.0 -9999.0 -9999.0 -9999.0 -9999.0 -9999.0 -9999.0 -9999.0 -9999.0 -9999.0 -9999.0 -9999.0 -9999.0 -9999.0 -9999.0 -9999.0 -9999.0 -9999.0 -9999.0 -9999.0 -9999.0 -9999.0 -9999.0 -9999.0 -9999.0 -9999.0 -9999.0 -9999.0 -9999.0 -9999.0 -9999.0 -9999.0 -9999.0 -9999.0 -9999.0 -9999.0 -9999.0 -9999.0 -9999.0 -9999.0 -9999.0 -9999.0 -9999.0 -9999.0 -9999.0 -9999.0 -9999.0 -9999.0 -9999.0 -9999.0 -9999.0 -9999.0 -9999.0 -9999.0 -9999.0 -9999.0 -9999.0 -9999.0 -9999.0 -9999.0 -9999.0 -9999.0 -9999.0 -9999.0 -9999.0 -9999.0 -9999.0 -9999.0 -9999.0 -9999.0 -9999.0 -9999.0 -9999.0 -9999.0 -9999.0 -9999.0     3.7     4.6     4.7     4.5     4.7     4.5     5.1     5.5     5.4     5.0     4.4     4.0     3.4     2.8     2.4     1.9     1.6     1.7 -9999.0 -9999.0 -9999.0 -9999.0 -9999.0 -9999.0 -9999.0 -9999.0 -9999.0 -9999.0 -9999.0 -9999.0 -9999.0 -9999.0 -9999.0 -9999.0
 -9999.0 -9999.0 -9999.0 -9999.0 -9999.0 -9999.0 -9999.0 -9999.0 -9999.0 -9999.0 -9999.0 -9999.0 -9999.0 -9999.0 -9999.0 -9999.0 -9999.0 -9999.0 -9999.0 -9999.0 -9999.0 -9999.0 -9999.0 -9999.0 -9999.0 -9999.0 -9999.0 -9999.0 -9999.0 -9999.0 -9999.0 -9999.0 -9999.0 -9999.0 -9999.0 -9999.0 -9999.0 -9999.0 -9999.0 -9999.0 -9999.0 -9999.0 -9999.0 -9999.0 -9999.0 -9999.0 -9999.0 -9999.0 -9999.0 -9999.0 -9999.0 -9999.0 -9999.0 -9999.0 -9999.0 -9999.0 -9999.0 -9999.0 -9999.0 -9999.0 -9999.0 -9999.0 -9999.0 -9999.0 -9999.0 -9999.0 -9999.0 -9999.0 -9999.0 -9999.0 -9999.0 -9999.0 -9999.0 -9999.0 -9999.0 -9999.0 -9999.0 -9999.0 -9999.0 -9999.0 -9999.0 -9999.0 -9999.0 -9999.0 -9999.0 -9999.0 -9999.0 -9999.0 -9999.0     0.8 -9999.0 -9999.0     1.9     3.2     3.6     4.1     4.4     4.3     4.5     5.0     4.4     5.1     5.4     5.0     4.7     4.1     3.4     3.1     2.5     2.1     1.7     1.8 -9999.0 -9999.0 -9999.0 -9999.0 -9999.0 -9999.0 -9999.0 -9999.0 -9999.0 -9999.0 -9999.0 -9999.0 -9999.0 -9999.0 -9999.0 -9999.0
 -9999.0 -9999.0 -9999.0 -9999.0 -9999.0 -9999.0 -9999.0 -9999.0 -9999.0 -9999.0 -9999.0 -9999.0 -9999.0 -9999.0 -9999.0 -9999.0 -9999.0 -9999.0 -9999.0 -9999.0 -9999.0 -9999.0 -9999.0 -9999.0 -9999.0 -9999.0 -9999.0 -9999.0 -9999.0 -9999.0 -9999.0 -9999.0 -9999.0 -9999.0 -9999.0 -9999.0 -9999.0 -9999.0 -9999.0 -9999.0 -9999.0 -9999.0 -9999.0 -9999.0 -9999.0 -9999.0 -9999.0 -9999.0 -9999.0 -9999.0 -9999.0 -9999.0 -9999.0 -9999.0 -9999.0 -9999.0 -9999.0 -9999.0 -9999.0 -9999.0 -9999.0 -9999.0 -9999.0 -9999.0 -9999.0 -9999.0 -9999.0 -9999.0 -9999.0 -9999.0 -9999.0 -9999.0 -9999.0 -9999.0 -9999.0 -9999.0 -9999.0 -9999.0 -9999.0 -9999.0 -9999.0 -9999.0 -9999.0 -9999.0 -9999.0 -9999.0 -9999.0 -9999.0     0.5     0.7     1.2     1.5     2.0     3.6     3.9     5.0     4.5     4.4     4.4     4.7     5.3     5.4     5.0     5.0     4.6     4.1     3.6     3.1     2.8     2.5     2.2     2.2     2.5     2.6     2.3     2.0 -9999.0 -9999.0 -9999.0 -9999.0 -9999.0 -9999.0 -9999.0 -9999.0 -9999.0 -9999.0 -9999.0 -9999.0
 -9999.0 -9999.0 -9999.0 -9999.0 -9999.0 -9999.0 -9999.0 -9999.0 -9999.0 -9999.0 -9999.0 -9999.0 -9999.0 -9999.0 -9999.0 -9999.0 -9999.0 -9999.0 -9999.0 -9999.0 -9999.0 -9999.0 -9999.0 -9999.0 -9999.0 -9999.0 -9999.0 -9999.0 -9999.0    21.3    24.0    24.8    24.1 -9999.0 -9999.0 -9999.0 -9999.0 -9999.0 -9999.0 -9999.0 -9999.0 -9999.0 -9999.0 -9999.0 -9999.0 -9999.0 -9999.0 -9999.0 -9999.0 -9999.0 -9999.0 -9999.0 -9999.0 -9999.0 -9999.0 -9999.0 -9999.0 -9999.0 -9999.0 -9999.0 -9999.0 -9999.0 -9999.0 -9999.0 -9999.0 -9999.0 -9999.0 -9999.0 -9999.0 -9999.0 -9999.0 -9999.0 -9999.0 -9999.0 -9999.0 -9999.0 -9999.0 -9999.0 -9999.0 -9999.0 -9999.0 -9999.0 -9999.0 -9999.0 -9999.0 -9999.0 -9999.0     0.4     0.7     1.1     1.4     1.6     2.5     3.5     4.4     4.4     4.6     4.1     5.7     5.4     4.7     4.2     4.4     3.7     3.9     3.6     3.3     3.2     3.2     2.9     2.7     2.7     2.9     2.7     2.2     1.8     1.6     1.6 -9999.0 -9999.0 -9999.0 -9999.0 -9999.0 -9999.0 -9999.0 -9999.0 -9999.0 -9999.0
 -9999.0 -9999.0 -9999.0 -9999.0 -9999.0 -9999.0 -9999.0 -9999.0 -9999.0 -9999.0 -9999.0 -9999.0 -9999.0 -9999.0 -9999.0 -9999.0 -9999.0 -9999.0 -9999.0 -9999.0 -9999.0 -9999.0 -9999.0 -9999.0 -9999.0 -9999.0 -9999.0    11.4    12.8    11.2    17.7    18.2    20.5    16.6 -9999.0 -9999.0 -9999.0 -9999.0 -9999.0 -9999.0 -9999.0 -9999.0 -9999.0 -9999.0 -9999.0 -9999.0 -9999.0 -9999.0 -9999.0 -9999.0 -9999.0 -9999.0 -9999.0 -9999.0 -9999.0 -9999.0 -9999.0 -9999.0 -9999.0 -9999.0 -9999.0 -9999.0 -9999.0 -9999.0 -9999.0 -9999.0 -9999.0 -9999.0 -9999.0 -9999.0 -9999.0 -9999.0 -9999.0 -9999.0 -9999.0 -9999.0 -9999.0 -9999.0 -9999.0 -9999.0 -9999.0 -9999.0 -9999.0 -9999.0 -9999.0 -9999.0 -9999.0     0.7     1.2     1.2     1.4     1.9     2.7     4.1     4.9     5.4     5.1     6.0     5.6     6.0     4.6     3.6     3.3     2.8     2.6     2.7     3.1     3.4     3.0     2.8     2.9     3.1     3.3     2.9     2.3     2.0     1.7     1.7 -9999.0 -9999.0 -9999.0 -9999.0 -9999.0     2.1     2.5     3.0     3.4 -9999.0
 -9999.0 -9999.0 -9999.0 -9999.0 -9999.0 -9999.0 -9999.0 -9999.0 -9999.0 -9999.0 -9999.0 -9999.0 -9999.0 -9999.0 -9999.0 -9999.0 -9999.0 -9999.0 -9999.0 -9999.0 -9999.0 -9999.0 -9999.0 -9999.0 -9999.0 -9999.0     7.8     5.1     4.4     4.7     6.6     9.3    18.0    14.6    14.7    13.0    11.6 -9999.0 -9999.0 -9999.0 -9999.0 -9999.0 -9999.0 -9999.0 -9999.0 -9999.0 -9999.0 -9999.0 -9999.0 -9999.0 -9999.0 -9999.0 -9999.0 -9999.0 -9999.0 -9999.0 -9999.0 -9999.0 -9999.0 -9999.0 -9999.0 -9999.0 -9999.0 -9999.0 -9999.0 -9999.0 -9999.0 -9999.0 -9999.0 -9999.0 -9999.0 -9999.0 -9999.0 -9999.0 -9999.0 -9999.0 -9999.0 -9999.0 -9999.0 -9999.0 -9999.0 -9999.0 -9999.0 -9999.0 -9999.0 -9999.0     0.2     0.6     0.9     1.1     1.7     2.1     2.9     4.2     5.2     6.8     6.8     7.6     7.2     4.5     3.4     2.4     1.8     1.7     1.7     2.1     2.8     3.0     2.6     2.4     2.7     3.0     3.3     2.9     2.7     2.3     1.7     1.6     1.9 -9999.0 -9999.0     1.0     1.1     1.4     1.7     2.8     2.6 -9999.0
 -9999.0 -9999.0 -9999.0 -9999.0 -9999.0 -9999.0 -9999.0 -9999.0 -9999.0 -9999.0 -9999.0 -9999.0 -9999.0 -9999.0 -9999.0 -9999.0 -9999.0 -9999.0 -9999.0 -9999.0 -9999.0 -9999.0 -9999.0 -9999.0 -9999.0 -9999.0     4.6     3.2     2.1     1.8     2.5     4.6     6.3     8.9     8.9     9.8    14.9     6.0 -9999.0 -9999.0 -9999.0 -9999.0 -9999.0 -9999.0 -9999.0 -9999.0 -9999.0 -9999.0 -9999.0 -9999.0 -9999.0 -9999.0 -9999.0 -9999.0 -9999.0 -9999.0 -9999.0 -9999.0 -9999.0 -9999.0 -9999.0 -9999.0 -9999.0 -9999.0 -9999.0 -9999.0 -9999.0 -9999.0 -9999.0 -9999.0 -9999.0 -9999.0 -9999.0 -9999.0 -9999.0 -9999.0 -9999.0 -9999.0 -9999.0 -9999.0 -9999.0 -9999.0 -9999.0 -9999.0 -9999.0 -9999.0     0.2     0.3     0.7     1.1     1.5     1.9     3.0     4.1     6.0     7.4     9.9     7.7     5.0     3.9     2.5     1.5     1.2     1.0     1.2     1.6     2.1     2.1     1.8     1.6     1.9     2.7     3.3     2.8     2.5     3.2     2.0     1.6     1.1     0.8     0.7     0.7     0.8     0.9     1.1     1.4     1.7 -9999.0
 -9999.0 -9999.0 -9999.0 -9999.0 -9999.0 -9999.0 -9999.0 -9999.0 -9999.0 -9999.0 -9999.0 -9999.0 -9999.0 -9999.0 -9999.0 -9999.0 -9999.0 -9999.0 -9999.0 -9999.0 -9999.0    11.7    11.0     8.8     6.3     4.1     2.9     2.4     1.5     1.1     1.3     2.5     3.8     4.9     5.3     4.5     6.6     5.1     5.6 -9999.0 -9999.0 -9999.0 -9999.0 -9999.0 -9999.0 -9999.0 -9999.0 -9999.0 -9999.0 -9999.0 -9999.0 -9999.0 -9999.0 -9999.0 -9999.0 -9999.0 -9999.0 -9999.0 -9999.0 -9999.0 -9999.0 -9999.0 -9999.0 -9999.0 -9999.0 -9999.0 -9999.0 -9999.0 -9999.0 -9999.0 -9999.0 -9999.0 -9999.0 -9999.0 -9999.0 -9999.0 -9999.0 -9999.0 -9999.0 -9999.0 -9999.0 -9999.0 -9999.0 -9999.0 -9999.0 -9999.0 -9999.0     0.4 -9999.0 -9999.0     1.1 -9999.0 -9999.0     3.9     5.2     7.5    10.0     6.6     3.9     4.3     1.9     1.4     0.9     0.8     1.0     1.2     1.3     1.3     1.0     1.0     1.3     1.8     2.4     2.7     2.5     2.5     1.7     1.3     1.0     0.7     0.7     0.5     0.5     0.6     0.8     1.4 -9999.0 -9999.0
 -9999.0 -9999.0 -9999.0 -9999.0 -9999.0 -9999.0 -9999.0 -9999.0 -9999.0 -9999.0 -9999.0 -9999.0 -9999.0 -9999.0 -9999.0 -9999.0 -9999.0 -9999.0 -9999.0 -9999.0 -9999.0     7.5     7.5     6.0     3.7     3.0     1.0     0.5     0.5     0.6     0.9     1.7     3.0     3.4     3.3     2.6     1.9     4.6     1.4 -9999.0 -9999.0 -9999.0 -9999.0 -9999.0 -9999.0 -9999.0 -9999.0 -9999.0 -9999.0 -9999.0 -9999.0 -9999.0 -9999.0 -9999.0 -9999.0 -9999.0 -9999.0 -9999.0 -9999.0 -9999.0 -9999.0 -9999.0 -9999.0 -9999.0 -9999.0 -9999.0 -9999.0 -9999.0 -9999.0 -9999.0 -9999.0 -9999.0 -9999.0 -9999.0 -9999.0 -9999.0 -9999.0 -9999.0 -9999.0 -9999.0 -9999.0 -9999.0 -9999.0 -9999.0 -9999.0 -9999.0 -9999.0 -9999.0 -9999.0     0.7     1.0     1.4     2.5     2.6     3.8     5.9     4.3     3.7     2.6     2.0     1.4     1.0     0.8     0.8     0.8     0.9     0.9     0.8     0.7     0.8     1.0     1.2     1.7     2.0     2.3     1.3     1.0     0.9     0.8     0.6     0.5     0.4     0.6     1.1     0.5 -9999.0 -9999.0 -9999.0
 -9999.0 -9999.0 -9999.0 -9999.0 -9999.0 -9999.0 -9999.0 -9999.0 -9999.0 -9999.0 -9999.0 -9999.0 -9999.0 -9999.0 -9999.0 -9999.0 -9999.0 -9999.0 -9999.0 -9999.0     4.7     5.1     5.0     3.7     2.0     0.9     0.4     0.2     0.3     0.4     0.9     1.5     2.5     3.0     2.7     1.8     1.5     0.8     0.5 -9999.0 -9999.0 -9999.0 -9999.0 -9999.0 -9999.0 -9999.0 -9999.0 -9999.0 -9999.0 -9999.0 -9999.0 -9999.0 -9999.0 -9999.0 -9999.0 -9999.0 -9999.0 -9999.0 -9999.0 -9999.0 -9999.0 -9999.0 -9999.0 -9999.0 -9999.0 -9999.0 -9999.0 -9999.0 -9999.0 -9999.0 -9999.0 -9999.0 -9999.0 -9999.0 -9999.0 -9999.0 -9999.0 -9999.0 -9999.0 -9999.0 -9999.0 -9999.0 -9999.0 -9999.0 -9999.0 -9999.0 -9999.0 -9999.0     0.6     0.8     0.9     0.9     1.4     1.5     1.9     2.5     1.9     2.5     1.7     1.3     1.2     0.9     0.8     0.7     0.7     0.7     0.8     0.8     0.8     0.8     0.8     0.8     1.0     0.8     0.6     0.5     0.3     0.3     0.7     0.7     0.5     0.5     0.5     0.5     0.6 -9999.0 -9999.0 -9999.0
 -9999.0 -9999.0 -9999.0 -9999.0 -9999.0 -9999.0 -9999.0 -9999.0 -9999.0 -9999.0 -9999.0 -9999.0 -9999.0 -9999.0 -9999.0 -9999.0 -9999.0 -9999.0     4.9     3.8     3.5     9.1     3.9     2.9     1.3     0.6     0.6     0.6     0.6     0.7     1.1     1.8     2.7     3.0     2.6     2.0     1.2     0.5     0.3 -9999.0 -9999.0 -9999.0 -9999.0 -9999.0 -9999.0 -9999.0 -9999.0 -9999.0 -9999.0 -9999.0 -9999.0 -9999.0 -9999.0 -9999.0 -9999.0 -9999.0 -9999.0 -9999.0 -9999.0 -9999.0 -9999.0 -9999.0 -9999.0 -9999.0 -9999.0 -9999.0 -9999.0 -9999.0 -9999.0 -9999.0 -9999.0 -9999.0 -9999.0 -9999.0 -9999.0 -9999.0 -9999.0 -9999.0 -9999.0 -9999.0 -9999.0 -9999.0 -9999.0 -9999.0     0.2     0.5     0.9     0.6     0.4     1.2     1.1     1.0     0.6     0.7     0.7     1.0     0.5     0.6     0.5     0.6     0.7     0.7     0.7     0.6     0.5     0.5     0.6     0.8     0.9     1.0     1.1     1.2     1.0     0.4     0.4     0.3     0.9     0.1     0.3     0.4     0.6     0.6     0.6     0.6 -9999.0 -9999.0 -9999.0 -9999.0
 -9999.0 -9999.0 -9999.0 -9999.0 -9999.0 -9999.0 -9999.0 -9999.0 -9999.0 -9999.0 -9999.0 -9999.0 -9999.0 -9999.0 -9999.0     4.9     6.9    11.2    13.0     5.9     5.9     3.5     3.9     2.4     1.7     1.5     1.4     1.3     1.3     1.4     1.8     2.4     3.0     3.2     3.4     2.7     1.5     4.6     1.2     0.5     0.7     0.8     0.6     0.6 -9999.0 -9999.0 -9999.0 -9999.0 -9999.0 -9999.0 -9999.0 -9999.0 -9999.0 -9999.0 -9999.0 -9999.0 -9999.0 -9999.0 -9999.0 -9999.0 -9999.0 -9999.0 -9999.0 -9999.0 -9999.0 -9999.0 -9999.0 -9999.0 -9999.0 -9999.0 -9999.0 -9999.0 -9999.0 -9999.0 -9999.0 -9999.0 -9999.0 -9999.0 -9999.0     0.2     0.2     0.2     0.2     0.3     0.8     1.2     1.3     0.9     0.6     0.9     0.8     0.9     0.6     0.6     0.4     0.8     0.2     0.2     0.2     0.2     0.3     0.4     0.4     0.3     0.3     0.3     0.4     0.7     0.9     1.1     1.6     1.9     1.3     0.5     1.7     0.2     0.2     0.2     0.3     0.5     0.5     0.7     0.7     1.0 -9999.0 -9999.0 -9999.0 -9999.0
 -9999.0 -9999.0 -9999.0 -9999.0 -9999.0 -9999.0 -9999.0 -9999.0 -9999.0 -9999.0 -9999.0 -9999.0 -9999.0 -9999.0 -9999.0    10.6     8.9    11.6     8.0     7.0     5.3     5.2     4.8     4.0     3.2     2.9     3.0     2.9     2.6     2.5     2.7     2.9     3.1     2.8     2.5     2.1     1.2     1.0     0.3     0.3     0.2     0.1     0.1     0.2     0.1     0.1     2.2 -9999.0 -9999.0 -9999.0 -9999.0 -9999.0 -9999.0 -9999.0 -9999.0 -9999.0 -9999.0 -9999.0 -9999.0 -9999.0 -9999.0 -9999.0 -9999.0 -9999.0 -9999.0 -9999.0 -9999.0 -9999.0 -9999.0 -9999.0 -9999.0 -9999.0 -9999.0 -9999.0 -9999.0 -9999.0 -9999.0 -9999.0     0.8     0.6     0.5     0.7     0.7     0.7     0.9     1.2     1.1     1.0     0.9     1.1     1.6     1.5     1.4     0.7     1.5     0.2     0.2     0.1     0.1     0.1     0.1     0.1     0.1     0.1     0.2     0.3     0.4     0.5     0.8     1.0     1.4     1.8     2.8     1.8     0.8     0.1     0.8     1.3     1.3     1.2     0.8     0.9     1.3 -9999.0 -9999.0 -9999.0 -9999.0 -9999.0
 -9999.0 -9999.0 -9999.0 -9999.0 -9999.0 -9999.0 -9999.0 -9999.0 -9999.0 -9999.0 -9999.0 -9999.0 -9999.0 -9999.0 -9999.0 -9999.0     6.5     8.3     9.3     8.5     7.6     7.9     5.4     3.7     3.3     2.7     3.1     3.8     3.7     3.5     3.5     3.2     2.7     2.4     2.3     2.3     1.8     1.2     0.8     1.0     1.6     0.8     0.5     0.1     0.1     0.1     0.1     0.1 -9999.0 -9999.0 -9999.0 -9999.0 -9999.0 -9999.0 -9999.0 -9999.0 -9999.0 -9999.0 -9999.0 -9999.0 -9999.0 -9999.0 -9999.0 -9999.0 -9999.0 -9999.0 -9999.0 -9999.0 -9999.0 -9999.0 -9999.0 -9999.0 -9999.0 -9999.0 -9999.0 -9999.0 -9999.0 -9999.0     1.6     1.0     0.9     1.1     0.8     0.6     0.9     1.3     2.3     1.4     1.5     2.3     1.7     1.9     2.7     1.3     0.2     0.2     0.2     0.1     0.1     0.1     0.1     0.1     0.1     0.1     0.2     0.3     0.4     0.4     0.8     1.2     1.9     3.5     4.0     1.2     0.4     0.8     1.0     1.3     2.4     1.4 -9999.0 -9999.0 -9999.0 -9999.0 -9999.0 -9999.0 -9999.0 -9999.0
 -9999.0 -9999.0 -9999.0 -9999.0 -9999.0 -9999.0 -9999.0 -9999.0 -9999.0 -9999.0 -9999.0 -9999.0 -9999.0 -9999.0 -9999.0 -9999.0     7.0     9.1    11.1    12.1     9.9     9.4     6.7     3.2     2.0     1.9     1.2     1.7     3.3     4.6     4.7     4.5    14.5    10.4     3.2     2.9     3.9     2.4     1.6     2.3     3.3     1.8     2.2     6.9     0.1     0.1     0.1     0.1 -9999.0 -9999.0 -9999.0 -9999.0 -9999.0 -9999.0 -9999.0 -9999.0 -9999.0 -9999.0 -9999.0 -9999.0 -9999.0 -9999.0 -9999.0 -9999.0 -9999.0 -9999.0 -9999.0 -9999.0 -9999.0 -9999.0 -9999.0 -9999.0 -9999.0 -9999.0 -9999.0 -9999.0 -9999.0     2.0     1.8     1.4     1.2     1.0     1.0     1.5     1.1     1.6     1.8     1.5     1.2     1.7     2.7     1.7     0.7     0.7     0.7     0.4     0.3     0.2     0.1     0.1     0.1     0.1     0.1     0.1     0.2     0.4     0.5     0.5     0.9     1.7     2.6     2.3     1.8     1.3     1.9     1.4     1.4     1.3     2.6 -9999.0 -9999.0 -9999.0 -9999.0 -9999.0 -9999.0 -9999.0 -9999.0 -9999.0
 -9999.0 -9999.0 -9999.0 -9999.0 -9999.0 -9999.0 -9999.0 -9999.0 -9999.0 -9999.0 -9999.0 -9999.0 -9999.0 -9999.0 -9999.0 -9999.0     4.1     4.7     5.1     7.2     9.3     8.3     3.0     2.3     1.1     0.4     2.1     3.3     1.7     3.2     5.2     4.5     1.7     0.9     2.4     3.7     2.4     0.7     0.4     0.1     0.3     0.8     1.2     4.2     2.6     0.1     0.1     0.1     0.3     0.6     0.5 -9999.0 -9999.0 -9999.0 -9999.0 -9999.0 -9999.0 -9999.0 -9999.0 -9999.0 -9999.0 -9999.0 -9999.0 -9999.0 -9999.0 -9999.0 -9999.0 -9999.0 -9999.0 -9999.0 -9999.0 -9999.0 -9999.0 -9999.0 -9999.0 -9999.0     3.1     2.8     2.9     2.1     1.9     1.8     1.1     1.0     1.0     1.2     1.6     1.7     1.6     1.6     1.8     0.9     0.7     0.5     0.4     0.3     0.2     0.1     0.1     0.1     0.1     0.1     0.1     0.1     0.3     0.8     1.1     1.3     2.2     3.2     3.6     5.0     3.0     2.5     2.5     1.5     3.7     2.8     1.6     0.8 -9999.0 -9999.0 -9999.0 -9999.0 -9999.0 -9999.0 -9999.0 -9999.0
 -9999.0 -9999.0 -9999.0 -9999.0 -9999.0 -9999.0 -9999.0 -9999.0 -9999.0 -9999.0 -9999.0 -9999.0 -9999.0 -9999.0 -9999.0     1.8     2.2     2.8     2.8     2.9     2.6     2.3     1.3     0.8     0.3     0.1     0.3     0.1     0.2     2.7     5.4     1.7     0.3     0.1     0.1     0.0     0.1     0.0     0.0     0.0     0.0     0.0     0.1     0.1     0.2     0.4     0.4     0.4     0.7     0.7     0.7     0.4     0.3     0.3     0.1     0.0     0.0     0.0     0.0     0.0     0.0 -9999.0 -9999.0 -9999.0 -9999.0 -9999.0 -9999.0 -9999.0 -9999.0     0.2     0.6     1.4     2.5     3.2     3.6     3.1     3.4     2.5     2.2     2.9     2.6     2.1     1.2     0.8     0.7     1.1     1.3     1.2     1.3     1.4     1.6     1.2     1.4     0.7     0.4     0.2     0.1     0.1     0.1     0.1     0.1     0.1     0.1     0.2     0.8     1.3     2.1     2.5     3.0     5.4     5.9     5.3     4.1     4.1     2.5     1.5     0.7     0.6 -9999.0 -9999.0 -9999.0 -9999.0 -9999.0 -9999.0 -9999.0 -9999.0 -9999.0 -9999.0
 -9999.0 -9999.0 -9999.0 -9999.0 -9999.0 -9999.0 -9999.0 -9999.0 -9999.0 -9999.0 -9999.0 -9999.0 -9999.0 -9999.0     1.6     3.5     4.0     1.3     1.7     1.6     1.1     2.3     1.5     0.2     0.1     0.0     0.0     0.4     2.3     3.4     2.3     0.8     0.1     0.1     0.0     0.0     0.0     0.0     0.1     0.0     0.0     0.0     0.0     0.1     0.1     0.3     0.6     1.6     1.9     2.1     1.8     1.1     0.7     0.3     0.1     0.1     0.0     0.0     0.0     0.0     0.1     0.1     0.0     0.0     0.1     0.1     0.0     0.0     0.1     0.2     0.8     2.2     3.2     3.8     3.8     3.1     2.8     2.7     2.6     3.2     3.0     2.3     2.1     1.2     1.2     0.9     1.3     0.9     1.0     1.0     1.8     2.5     0.4     0.3     0.1     0.1     0.1     0.1     0.1     0.1     0.0     0.0     0.1     0.4     1.5     3.4     4.9     5.6     6.6     9.7     8.2     8.1     6.7     4.1     3.4     2.1     0.8 -9999.0 -9999.0 -9999.0 -9999.0 -9999.0 -9999.0 -9999.0 -9999.0 -9999.0 -9999.0 -9999.0
 -9999.0 -9999.0 -9999.0 -9999.0 -9999.0 -9999.0 -9999.0 -9999.0 -9999.0 -9999.0 -9999.0 -9999.0     3.5     2.5     2.5     0.2     0.8     0.3     0.8     1.9     2.6     2.9     3.3     2.4     1.4     1.1     1.3     1.8     1.9     2.4     1.7     0.5     0.1     0.0     0.0     0.0     0.0     0.0     0.0     0.0     0.0     0.1     0.2     0.4     0.7     1.9     2.7     3.1     3.9     2.9     2.3     1.5     1.1     0.6     0.3     0.2     0.1     0.1     0.1     0.1     0.1     0.1     0.1     0.1     0.0     0.0     0.1     0.1     0.1     0.4     1.6     3.3     4.0     4.7     4.7     3.9     3.2     3.2     3.3     2.9     3.5     2.3     3.0     1.7     1.2     1.3     1.2     0.9     1.3     0.5     0.4     0.4     2.8     2.5     0.4     0.4     0.2     0.1     0.1     0.2     0.1     0.1     0.4     1.5     5.0     6.7     8.4    10.0    12.1    11.0    11.3     9.7     6.1     4.2     5.8 -9999.0 -9999.0 -9999.0 -9999.0 -9999.0 -9999.0 -9999.0 -9999.0 -9999.0 -9999.0 -9999.0 -9999.0 -9999.0
 -9999.0 -9999.0 -9999.0 -9999.0 -9999.0 -9999.0 -9999.0 -9999.0 -9999.0     4.0     5.4     3.2     2.0     0.3     0.2     0.1     0.2     0.5     1.2     2.2     3.0     3.3     2.8     1.9     1.2     0.9     1.0     1.4     1.9     2.1     1.1     0.1     0.1     0.0     0.0     0.0     0.0     0.0     0.0     0.0     0.0     0.1     0.1     0.3     1.0     2.3     3.2     3.5     3.4     3.9     2.2     1.4     1.0     1.0     1.1     0.6     0.4     0.3     0.2     0.1     0.1     0.1     0.1     0.1     0.1     0.1     0.1     0.1     0.4     1.8     1.2     2.3     3.3     3.3     3.2     2.7     2.6     3.5     3.0     3.9     4.7     4.3     2.0     1.6     1.7     1.3     3.3     1.2     0.9     0.1     0.2     0.7     1.1     1.6     0.8     0.6     0.5     0.4     0.2     0.1     0.2     0.5     1.4     4.7    10.2    14.6    15.3    14.4    14.4    15.7    12.9     8.7     5.0 -9999.0 -9999.0 -9999.0 -9999.0 -9999.0 -9999.0 -9999.0 -9999.0 -9999.0 -9999.0 -9999.0 -9999.0 -9999.0 -9999.0 -9999.0
 -9999.0 -9999.0 -9999.0 -9999.0 -9999.0     1.9     4.7     3.7     3.6     3.4     1.9     1.3     0.7     0.1     0.1     0.1     0.3     0.5     1.1     1.8     2.5     2.7     2.3     1.7     1.2     0.9     1.0     1.3     1.5     1.6     1.1     0.5     0.1     0.0     0.0     0.0     0.0     0.0     0.0     0.0     0.0     0.0     0.1     0.5     0.8     1.2     1.1     1.3     1.4     1.3     1.7     1.4     1.7     1.8     1.8     1.4     1.0     0.7     0.4     0.3     0.2     0.2     0.2     0.3     0.5     0.5     0.4     0.6     1.3     0.7     1.3     2.3     3.0     2.9     3.4     1.8     1.4     1.7     0.6     0.6     1.5     1.5     1.4     1.7     1.5     0.1     0.8     0.3     0.3     0.1     0.2     1.2     2.2     2.6     1.7     0.9     0.8     0.5 -9999.0 -9999.0     0.7     1.4     5.3     8.3     9.9    12.7    14.0    17.5    18.3 -9999.0 -9999.0 -9999.0 -9999.0 -9999.0 -9999.0 -9999.0 -9999.0 -9999.0 -9999.0 -9999.0 -9999.0 -9999.0 -9999.0 -9999.0 -9999.0 -9999.0 -9999.0 -9999.0
 -9999.0 -9999.0 -9999.0     0.8     0.6     2.3     2.2     2.4     2.4     1.9     1.5     0.7     0.2     0.1     0.2     0.2     0.3     0.6     1.0     1.5     2.0     2.2     1.9     1.4     1.0     1.0     1.2     1.5     1.2     1.5     1.2     0.7     0.3     0.1     0.0     0.0     0.0     0.0     0.0     0.0     0.0     0.0     0.0     0.1     0.3     0.5     0.6     1.2     1.0     1.4     1.0     1.1     1.5     2.0     2.2     2.1     1.8     1.3     0.7     0.4     0.2     0.2     0.3     0.7     0.9     0.9     2.0     0.8     0.7     1.2     2.2     2.8     2.9     2.3     1.7     1.3     1.1     0.8     0.8     1.0     1.3     3.0     0.6     0.5     2.7     0.4     0.6     0.3     0.1     0.1     0.3     1.6     3.5     4.0     2.6     1.1     0.5 -9999.0 -9999.0 -9999.0     1.7     3.6     2.5     5.0     8.5    13.4    15.6 -9999.0 -9999.0 -9999.0 -9999.0 -9999.0 -9999.0 -9999.0 -9999.0 -9999.0 -9999.0 -9999.0 -9999.0 -9999.0 -9999.0 -9999.0 -9999.0 -9999.0 -9999.0 -9999.0 -9999.0 -9999.0
 -9999.0 -9999.0     0.3     0.5     0.6     0.5     0.6     0.9     1.7     2.1     1.5     0.6     0.2     0.1     0.1     0.2     0.3     0.6     0.9     1.3     1.6     1.7     1.5     1.1     0.9     1.1     1.1     1.2     1.7     1.6     1.7     1.2     0.7     0.3     0.1     0.0     0.0     0.0     0.0     0.0     0.0     0.0     0.1     0.3     0.8     2.2     7.1     7.9     6.5     4.7     5.1     3.3     2.5     2.6     2.8     3.0     2.3     1.7     1.0     0.6     0.3     0.4     0.4     0.7     1.1     1.5     1.5     1.0     1.4     1.7     3.5     3.4     2.7     2.1     1.9     1.8     1.9     1.4     1.5     1.8     2.1     1.8     0.3     0.3     0.4     2.3     0.5     0.1     0.1     0.1     0.3     2.4     6.0     6.1     3.0 -9999.0 -9999.0 -9999.0 -9999.0     1.9     2.8     2.7     3.1     5.0 -9999.0 -9999.0 -9999.0 -9999.0 -9999.0 -9999.0 -9999.0 -9999.0 -9999.0 -9999.0 -9999.0 -9999.0 -9999.0 -9999.0 -9999.0 -9999.0 -9999.0 -9999.0 -9999.0 -9999.0 -9999.0 -9999.0 -9999.0 -9999.0
 -9999.0 -9999.0     0.8     1.4     3.8     1.1     0.3     0.5     1.1     1.6     1.1     0.4     0.1     0.1     0.1     0.1     0.3     0.6     0.9     1.2     1.5     1.4     1.2     1.1     1.1     1.2     1.4     1.8     2.1     2.2     2.3     2.3     1.7     0.9     0.4     0.1     0.1     0.0     0.0     0.0     0.0     0.1     1.5     9.1     3.4     7.5    12.6     8.9    12.3    10.0     8.2     8.5     5.8     3.6     2.8     2.8     2.3     2.4     1.4     1.1     0.7     0.5     0.8     1.0     1.4     1.8     1.8     2.2     3.6     2.2     3.4     3.5     2.8     1.9     1.6     1.7     1.6     1.8     1.5     2.1     1.9     0.9     0.5     0.4     0.3     0.2     0.1     0.1     0.1     0.1     0.3     2.9     8.1     9.0 -9999.0 -9999.0 -9999.0 -9999.0 -9999.0     2.6 -9999.0 -9999.0 -9999.0 -9999.0 -9999.0 -9999.0 -9999.0 -9999.0 -9999.0 -9999.0 -9999.0 -9999.0 -9999.0 -9999.0 -9999.0 -9999.0 -9999.0 -9999.0 -9999.0 -9999.0 -9999.0 -9999.0 -9999.0 -9999.0 -9999.0 -9999.0 -9999.0 -9999.0
 -9999.0 -9999.0     0.4     1.6     1.7     1.2     0.7     0.8     0.8     1.2     1.0     0.5     0.1     0.1     0.1     0.2     0.3     0.7     1.1     1.4     1.5     1.4     1.2     1.2     1.2     1.4     1.8     2.3     3.0     3.6     3.7     3.2     0.8     0.8     0.8     1.0     0.4     0.2     0.2     0.1     0.0     0.0     0.1     0.9     1.9     4.3     7.0     9.1     9.1     8.8    10.2     6.4     4.7     4.6     2.7     2.0     2.5     2.3     2.4     1.8     1.1     1.3     1.5     1.5     1.6     2.0     2.3     5.1     1.9     2.5     3.9     3.8     2.9     1.9     1.5     1.7     1.9     1.7     2.3     2.7     2.2     0.4     0.2     0.3     0.1     0.1     0.1     0.2     0.2     0.2     0.5 -9999.0 -9999.0 -9999.0 -9999.0 -9999.0 -9999.0 -9999.0 -9999.0 -9999.0 -9999.0 -9999.0 -9999.0 -9999.0 -9999.0 -9999.0 -9999.0 -9999.0 -9999.0 -9999.0 -9999.0 -9999.0 -9999.0 -9999.0 -9999.0 -9999.0 -9999.0 -9999.0 -9999.0 -9999.0 -9999.0 -9999.0 -9999.0 -9999.0 -9999.0 -9999.0 -9999.0 -9999.0
 -9999.0 -9999.0 -9999.0     1.4     0.6     1.4     1.5     1.2     0.8     0.9     1.1     0.7     0.3     0.2     0.2     0.4     0.7     1.1     1.4     1.6     1.9     1.8     1.6     1.6     1.8     2.2     2.8     3.4     4.0     3.3     1.6     1.0     1.2     3.1     3.9     1.6     0.6     0.3     0.2     0.1     0.0     0.1     0.1     0.5     1.4     3.9     7.0     8.4     9.7     8.9     7.5     5.8     4.2     4.3     2.2     2.2     2.0     2.8     3.3     2.3     2.3     2.9     2.9     2.3     1.8     1.4     1.8     3.6     1.8     3.4     4.8     4.3     3.4     2.1     1.5     1.3     1.6     1.3     2.2     1.1     1.1     0.3     0.2     0.1     0.1     0.1     0.2     0.5     0.6     0.6     0.9     2.3 -9999.0 -9999.0 -9999.0 -9999.0 -9999.0 -9999.0 -9999.0 -9999.0 -9999.0 -9999.0 -9999.0 -9999.0 -9999.0 -9999.0 -9999.0 -9999.0 -9999.0 -9999.0 -9999.0 -9999.0 -9999.0 -9999.0 -9999.0 -9999.0 -9999.0 -9999.0 -9999.0 -9999.0 -9999.0 -9999.0 -9999.0 -9999.0 -9999.0 -9999.0 -9999.0 -9999.0
 -9999.0 -9999.0 -9999.0 -9999.0 -9999.0     0.6     0.4     0.5     1.0     0.8     1.2     0.9     0.6     0.5     0.6     0.9     1.3     1.7     1.9     2.1     2.0     2.5     2.7     2.6     2.7     2.9     2.7     2.5     0.6     0.7     1.1     1.7     2.4     2.3     4.8     2.0     1.7     1.2     0.4     0.2     0.1     0.1     0.3     0.7     1.5     2.7     4.0     6.4     6.6     7.5     6.6     5.9     3.8     2.1     1.8     1.9     2.5     3.2     3.6     3.7     3.1     4.7     4.2     2.9     1.9     1.2     1.2     1.4     1.9     3.2     4.1     4.0     3.4     2.6     1.9     1.3     1.2     0.6     0.8     1.0     0.6     0.1     0.1     0.1     0.1     0.1     0.1     0.6     1.2     1.4     1.7     2.2     2.8     2.8 -9999.0 -9999.0 -9999.0     4.4 -9999.0 -9999.0 -9999.0 -9999.0 -9999.0 -9999.0 -9999.0 -9999.0 -9999.0 -9999.0 -9999.0 -9999.0 -9999.0 -9999.0 -9999.0 -9999.0 -9999.0 -9999.0 -9999.0 -9999.0 -9999.0 -9999.0 -9999.0 -9999.0 -9999.0 -9999.0 -9999.0 -9999.0 -9999.0 -9999.0
 -9999.0 -9999.0 -9999.0 -9999.0     0.4     1.1     1.9     0.9     0.8     0.8     0.6     0.5     0.4     0.8     1.3     1.7     2.3     2.7     2.6     2.6     3.3     4.2     4.2     2.9     1.9     1.0     0.7     1.0     0.6     1.1     1.9     2.4     2.8     3.5     2.7     2.5     1.9     3.4     2.2     0.9     0.4     0.4     0.7     1.1     1.6     2.1     2.5     3.0     3.9     4.7     5.9     5.1     3.3     2.5     0.9     1.0     1.6     3.3     4.4     5.0     4.2     2.7     1.7     2.5     1.7     1.5     2.0     1.0     3.7     3.5     3.1     3.6     3.7     3.2     2.1     1.3     0.9     0.6     1.5     0.1     0.1     0.2     0.1     0.1     0.1     0.1     0.2     1.1     2.4     2.9     2.8     2.4     2.0     1.7 -9999.0 -9999.0     2.7     4.7     6.8    12.7    11.0 -9999.0 -9999.0 -9999.0 -9999.0 -9999.0 -9999.0 -9999.0 -9999.0 -9999.0 -9999.0 -9999.0 -9999.0 -9999.0 -9999.0 -9999.0 -9999.0 -9999.0 -9999.0 -9999.0 -9999.0 -9999.0 -9999.0 -9999.0 -9999.0 -9999.0 -9999.0 -9999.0
 -9999.0 -9999.0 -9999.0 -9999.0     0.7     0.6     1.4     0.8     1.9     1.5     0.6     0.6     0.3     0.1     0.5     0.5     0.5     1.7     2.9     3.2     2.4     2.4     1.7     0.1     0.1     0.2     0.2     0.5     1.0     1.6     2.3     3.3     3.5     3.9     4.1     3.4     3.7     3.9     1.9     1.0     1.4     0.8     1.1     1.5     1.8     2.0     1.8     1.6     1.9     3.5     5.8     6.0     3.6     1.9     1.0     1.0     1.5     3.0     5.1     3.8     6.2     4.9     4.1     3.0     2.0     1.1     2.3     2.0     2.5     4.3     2.4     2.4     2.4     2.2     1.3     1.0     0.7     1.3     1.1     0.2     0.5     0.4     0.4     0.2     0.1     0.1     0.7     2.6     4.4     4.5     3.5     2.9     1.9     1.6     1.7     2.1     3.1     4.9     6.9 -9999.0 -9999.0 -9999.0 -9999.0 -9999.0 -9999.0 -9999.0 -9999.0 -9999.0 -9999.0 -9999.0 -9999.0 -9999.0 -9999.0 -9999.0 -9999.0 -9999.0 -9999.0 -9999.0 -9999.0 -9999.0 -9999.0 -9999.0 -9999.0 -9999.0 -9999.0 -9999.0 -9999.0 -9999.0
 -9999.0 -9999.0 -9999.0 -9999.0 -9999.0 -9999.0 -9999.0     0.8     1.1     0.8     1.2     0.9     0.4     0.2     0.1     0.8     0.1     0.5     0.8     0.2     0.0     0.0     0.0     0.0     0.1     0.2     0.3     0.7     1.3     2.1     3.0     3.8     4.4     5.1     5.7     4.7     5.2     3.9     4.3     3.8     1.3     3.5     2.9     2.0     1.8     1.8     1.6     1.3     1.9     3.3     6.3     7.9     5.0     3.9     3.1     1.2     1.2     1.8     6.4     5.5     8.5     5.2     5.1     4.9     4.1     2.4     3.0     4.0     3.4     3.2     1.7     1.3     2.0     2.1     1.4     1.6     1.1     1.5     1.8     0.7     1.2     1.2     0.9     0.3     0.1     0.6     2.4     4.8     5.6     4.8     3.4     2.6     2.3     2.2     2.7     3.9     5.2 -9999.0 -9999.0 -9999.0 -9999.0 -9999.0 -9999.0 -9999.0 -9999.0 -9999.0 -9999.0 -9999.0 -9999.0 -9999.0 -9999.0 -9999.0 -9999.0 -9999.0 -9999.0 -9999.0 -9999.0 -9999.0 -9999.0 -9999.0 -9999.0 -9999.0 -9999.0 -9999.0 -9999.0 -9999.0 -9999.0 -9999.0
 -9999.0 -9999.0 -9999.0 -9999.0 -9999.0 -9999.0 -9999.0     1.6     0.8     0.9     0.9     0.6     0.5     0.4     0.2     0.2     0.1     0.0     0.0     0.0     0.0     0.0     0.0     0.1     0.1     0.2     0.4     0.8     1.4     2.2     3.2     4.2     5.1     6.3     5.9     5.9     5.0     4.9     3.9     2.8     2.5     2.2     2.4     4.2     2.1     1.6     1.7     1.9     3.3     3.6     4.9     4.5     4.9     3.9     4.7     2.4     2.3     3.9     7.4     9.5     8.9     8.0     7.6     8.8     6.7     4.7     4.1     4.1     5.5     2.1     1.6     1.6     2.3     2.6     1.7     3.1     3.1     2.1     1.5     2.0     3.4     2.8     2.7     0.7     0.5     1.5     3.8     5.5     5.2     3.9     3.2     3.0     2.8     3.0     4.5     6.8 -9999.0 -9999.0 -9999.0 -9999.0 -9999.0 -9999.0 -9999.0 -9999.0 -9999.0 -9999.0 -9999.0 -9999.0 -9999.0 -9999.0 -9999.0 -9999.0 -9999.0 -9999.0 -9999.0 -9999.0 -9999.0 -9999.0 -9999.0 -9999.0 -9999.0 -9999.0 -9999.0 -9999.0 -9999.0 -9999.0 -9999.0 -9999.0
 -9999.0 -9999.0 -9999.0 -9999.0 -9999.0 -9999.0 -9999.0 -9999.0 -9999.0     0.8     0.7     0.6     0.5     0.3     0.2     0.1     0.1     0.1     0.0     0.0     0.0     0.0     0.0     0.1     0.1     0.2     0.4     0.8     1.5     2.3     3.3     4.4     5.4     6.4     6.4     6.2     5.6     5.1     3.7     3.1     2.1     2.2     2.0     2.0     2.6     2.7     2.8     2.8     3.4     4.1     4.8     4.5     4.6     4.9     6.1     4.1     3.1     4.4     8.1     9.1     8.5     7.8     7.0     8.9     8.2     6.4     5.1     4.8     6.4     3.1     2.5     2.1     2.7     3.4     3.9     2.2     2.1     2.1     2.3     2.9     4.0     3.7     0.3     0.6     1.1     2.1     3.8     5.2     5.0     4.0     4.2     4.9     5.0     5.3     7.5 -9999.0 -9999.0 -9999.0 -9999.0 -9999.0 -9999.0 -9999.0 -9999.0 -9999.0 -9999.0 -9999.0 -9999.0 -9999.0 -9999.0 -9999.0 -9999.0 -9999.0 -9999.0 -9999.0 -9999.0 -9999.0 -9999.0 -9999.0 -9999.0 -9999.0 -9999.0 -9999.0 -9999.0 -9999.0 -9999.0 -9999.0 -9999.0 -9999.0
 -9999.0 -9999.0 -9999.0 -9999.0 -9999.0 -9999.0 -9999.0 -9999.0 -9999.0 -9999.0 -9999.0     0.6     0.6     0.3     0.2     0.1     0.1     0.1     0.0     0.0     0.0     0.0     0.0     0.1     0.1     0.2     0.3     0.7     1.3     2.2     3.3     4.6     5.7     6.7     7.2     8.5     6.9     6.0     7.5     3.6     3.4     2.2     2.0     2.2     4.0     3.0     5.0     4.0     4.9     5.2     5.0     5.0     5.3     6.6     8.2     7.2     5.1     6.2     7.1     7.7     8.0     5.9     4.5     4.9     6.0     6.5     5.4     6.0     6.0     4.5     3.0     2.9     2.9     2.9     2.0     1.7     1.5     2.3     2.5     3.2     1.8     0.6     0.9     1.2     1.9     2.8     3.9     5.1     5.5     5.7     6.9     8.4     9.1     9.8    12.5 -9999.0 -9999.0 -9999.0 -9999.0 -9999.0 -9999.0 -9999.0 -9999.0 -9999.0 -9999.0 -9999.0 -9999.0 -9999.0 -9999.0 -9999.0 -9999.0 -9999.0 -9999.0 -9999.0 -9999.0 -9999.0 -9999.0 -9999.0 -9999.0 -9999.0 -9999.0 -9999.0 -9999.0 -9999.0 -9999.0 -9999.0 -9999.0 -9999.0
 -9999.0 -9999.0 -9999.0 -9999.0 -9999.0 -9999.0 -9999.0 -9999.0 -9999.0 -9999.0 -9999.0 -9999.0     0.6     0.5     0.2     0.1     0.1     0.0     0.0     0.0     0.0     0.0     0.0     0.1     0.0     0.1     0.4     0.5     1.1     1.8     3.0     4.4     5.8     7.3     8.5     8.8    10.5     7.7     5.6     3.7     2.6     2.3     2.5     3.6     4.2     5.2     6.3     4.7     5.6     6.3     7.4     6.7     6.4     7.2     8.5     8.3     7.2     7.5     4.9     7.2     6.5     6.9     6.0     4.2     4.3     7.1     7.7     8.1     6.9     5.3     2.7     1.9     1.8     1.8     2.0     8.8     3.4     3.3     2.6     8.5     3.1     1.4     1.8     2.7     4.0     4.6     4.7     5.3     6.1     8.1    11.1    12.5    12.5    13.7    16.9    20.9    23.7 -9999.0 -9999.0 -9999.0 -9999.0 -9999.0 -9999.0 -9999.0 -9999.0 -9999.0 -9999.0 -9999.0 -9999.0 -9999.0 -9999.0 -9999.0 -9999.0 -9999.0 -9999.0 -9999.0 -9999.0 -9999.0 -9999.0 -9999.0 -9999.0 -9999.0 -9999.0 -9999.0 -9999.0 -9999.0 -9999.0 -9999.0
 -9999.0 -9999.0 -9999.0 -9999.0 -9999.0 -9999.0 -9999.0 -9999.0 -9999.0 -9999.0 -9999.0 -9999.0     0.3     0.7     0.8     0.1     0.3     0.1     0.0     0.0     0.0     0.0     0.0     0.1     0.1     0.1     0.3     0.7     1.0     1.9     2.6     3.8     5.4     7.0     8.6     9.3    10.9    10.6     8.3     5.9     3.7     3.2     5.0     4.3     6.7     9.0     7.4     6.7     5.4     7.2     6.8     6.6     5.8     7.0     6.6     7.1     5.6     5.4     4.0     4.1     4.4     4.5     5.8     6.9     3.0     6.1     5.4     6.4     5.2     4.6     6.0    10.0    11.6     6.0     5.2     3.2     2.3     7.0     6.2     6.1    12.4     1.6     2.9     4.8     6.4     7.0     7.1     7.5     8.8    12.2    16.0    16.2    14.2    15.8    19.8    23.8    26.8 -9999.0 -9999.0 -9999.0 -9999.0 -9999.0 -9999.0 -9999.0 -9999.0 -9999.0 -9999.0 -9999.0 -9999.0 -9999.0 -9999.0 -9999.0 -9999.0 -9999.0 -9999.0 -9999.0 -9999.0 -9999.0 -9999.0 -9999.0 -9999.0 -9999.0 -9999.0 -9999.0 -9999.0 -9999.0 -9999.0 -9999.0
 -9999.0 -9999.0 -9999.0 -9999.0 -9999.0 -9999.0 -9999.0 -9999.0 -9999.0 -9999.0 -9999.0 -9999.0 -9999.0     0.4     0.1     0.7     0.1     0.2     0.1     0.1     0.0     0.1     0.0     0.1     0.1     0.0     0.1     0.1     0.4     1.0     2.1     3.4     4.7     6.5     7.8     9.1    10.1    10.9    14.5     9.7     7.2     7.1     6.8     9.8     9.2     9.3    11.1    11.5    10.4     8.6     7.2     4.9     4.2     7.5     6.3     5.3     4.2     4.4     5.5     4.5     4.9     4.7     6.0     2.9     1.1     4.2     8.4     9.9     8.4     5.6     3.5     3.5     5.5     6.1     8.6     5.3     4.7     4.3     3.8     3.4     6.3     3.6     5.6     7.7     9.0    10.4    11.7    12.7    14.7    17.3    19.3    18.6    16.9    19.7    24.0    27.1    30.1 -9999.0 -9999.0 -9999.0 -9999.0 -9999.0 -9999.0 -9999.0 -9999.0 -9999.0 -9999.0 -9999.0 -9999.0 -9999.0 -9999.0 -9999.0 -9999.0 -9999.0 -9999.0 -9999.0 -9999.0 -9999.0 -9999.0 -9999.0 -9999.0 -9999.0 -9999.0 -9999.0 -9999.0 -9999.0 -9999.0 -9999.0
 -9999.0 -9999.0 -9999.0 -9999.0 -9999.0 -9999.0 -9999.0 -9999.0 -9999.0 -9999.0 -9999.0 -9999.0     0.5     0.1     0.1     0.4     0.0     0.1     0.0     0.2     0.1     0.1     0.1     0.1     0.1     0.0     0.1     0.2     0.3     0.6     1.4     2.7     3.5     5.2     6.8     8.1    10.4     9.8     9.4     8.8    11.7    14.1    16.3     9.9    12.8    14.2    12.7     9.4     8.9     7.7     8.2     8.0     3.9     4.7     3.6     3.1     3.5     2.8     3.5     3.5     4.4     6.3     6.7     9.1     6.1     5.9    11.8    13.0    12.2    11.7     9.1     5.6     4.3     3.7     3.6     4.0     4.8     7.1     7.7     6.6     6.2     7.6    10.3    12.9    14.6    17.3    20.0    20.8    21.1    21.1    21.9    22.2    23.6    27.6    31.4    33.2    35.8    39.3 -9999.0 -9999.0 -9999.0 -9999.0 -9999.0 -9999.0 -9999.0 -9999.0 -9999.0 -9999.0 -9999.0 -9999.0 -9999.0 -9999.0 -9999.0 -9999.0 -9999.0 -9999.0 -9999.0 -9999.0 -9999.0 -9999.0 -9999.0 -9999.0 -9999.0 -9999.0 -9999.0 -9999.0 -9999.0 -9999.0
 -9999.0 -9999.0 -9999.0 -9999.0 -9999.0 -9999.0 -9999.0 -9999.0 -9999.0 -9999.0 -9999.0 -9999.0     0.2     1.4     0.7     0.0     0.0     0.3     0.2     0.0     0.2     0.0     0.1     0.1     0.2     0.3     0.2     0.2     0.3     0.6     1.1     1.7     2.3     3.9     4.9     6.0     6.7     8.0     8.0     6.2     6.6     6.8     8.4    11.3    13.9    16.2    19.4    16.1    12.3     4.8     4.2     5.9     2.9     2.3     2.5     2.2     2.1     2.7     3.1     5.0     7.0     9.7     7.6     6.4     6.0     9.2    13.3    17.4    13.8    10.2     7.0     5.4     6.4    10.5    14.0    10.1     9.3    12.2    12.8    11.3    11.7    13.8    17.6    21.4    23.7    27.1    30.0    30.8    30.2    29.0    29.3    30.0    31.8    35.1    37.4    38.2    39.7    40.2    42.1 -9999.0 -9999.0 -9999.0 -9999.0 -9999.0 -9999.0 -9999.0 -9999.0 -9999.0 -9999.0 -9999.0 -9999.0 -9999.0 -9999.0 -9999.0 -9999.0 -9999.0 -9999.0 -9999.0 -9999.0 -9999.0 -9999.0 -9999.0 -9999.0 -9999.0 -9999.0 -9999.0 -9999.0 -9999.0
 -9999.0 -9999.0 -9999.0 -9999.0 -9999.0 -9999.0 -9999.0 -9999.0 -9999.0 -9999.0 -9999.0 -9999.0     2.8     0.3     1.6     0.7     0.5     0.0     0.1     0.1     0.0     0.0     0.1     0.0     0.1     0.0     0.0     0.0     0.1     0.2     0.5     0.5     1.7     2.8     3.2     3.6     4.1     4.8     4.7     5.8     5.4     5.1    13.0     7.4    13.9    20.9    22.4    15.2     7.3     5.8     5.2     2.5    10.6     9.9     4.7     3.0     2.8     3.5     4.7     4.9     6.7     9.1    16.1     8.6     4.9    18.1    20.4    20.0    17.6    13.2     9.8    10.0    12.4    17.9    39.2    23.0    35.3    15.4    17.9    16.8    16.8    20.0    23.6    28.2    31.4    33.1    36.3    44.6    39.0    38.3    37.5    36.9    36.4    37.1    36.4    34.5    34.1    32.4    32.8    36.0 -9999.0 -9999.0 -9999.0 -9999.0 -9999.0 -9999.0 -9999.0 -9999.0 -9999.0 -9999.0 -9999.0 -9999.0 -9999.0 -9999.0 -9999.0 -9999.0 -9999.0 -9999.0 -9999.0 -9999.0 -9999.0 -9999.0 -9999.0 -9999.0 -9999.0 -9999.0 -9999.0 -9999.0
 -9999.0 -9999.0 -9999.0 -9999.0 -9999.0 -9999.0 -9999.0 -9999.0 -9999.0 -9999.0 -9999.0 -9999.0 -9999.0     0.1     0.1     0.7     0.3     0.4     0.0     0.0     0.0     0.0     0.0     0.0     0.1     0.0     0.0     0.1     0.0     0.1     0.0     0.2     0.5     1.4     1.6     2.0     2.5     2.3     2.8     2.8     3.9    11.6    17.4    17.3    11.9    13.7    18.5     7.4    14.1     9.8     3.2     8.1     5.0     2.2     6.7     6.4     3.8     4.2     6.2    11.1    11.6    23.4    16.5     6.0    12.1    16.0    18.2    19.5    19.4    16.7    13.6    14.0    17.4    22.1    23.4    21.3    19.2    19.5    23.4    21.4    21.9    25.5    30.6    33.0    32.5    32.4    36.3    54.4    48.7    41.1    37.3    35.8    34.4    32.9    30.4    27.3    26.7    25.4    24.7 -9999.0 -9999.0 -9999.0 -9999.0 -9999.0 -9999.0 -9999.0 -9999.0 -9999.0 -9999.0 -9999.0 -9999.0 -9999.0 -9999.0 -9999.0 -9999.0 -9999.0 -9999.0 -9999.0 -9999.0 -9999.0 -9999.0 -9999.0 -9999.0 -9999.0 -9999.0 -9999.0 -9999.0 -9999.0
 -9999.0 -9999.0 -9999.0 -9999.0 -9999.0 -9999.0 -9999.0 -9999.0 -9999.0 -9999.0 -9999.0 -9999.0 -9999.0     6.8     0.2     1.0     0.1     0.8     0.4     0.1     0.0     0.0     0.0     0.0     0.5     0.1     0.0     0.1     0.0     0.0     0.0     0.0     0.2     0.4     0.5     0.7     0.8     0.9     1.7     5.7     4.2     8.0    12.4    15.6    25.7    16.4    15.5     7.2     8.0     6.2     8.1     1.1     5.4     9.4    11.6     8.2     4.8     5.6     9.1     7.2    14.7    10.1     6.8    12.9    13.5    14.8    16.9    20.3    21.9    20.5    18.1    18.0    21.8    25.5    28.8    31.4    37.2    24.6    27.0    26.8    27.6    32.1    38.2    39.7    35.8    33.5    36.1    40.9    43.4    37.7    34.1    32.2    31.3    30.1    29.8    29.7    30.7    30.5    28.8 -9999.0 -9999.0 -9999.0 -9999.0 -9999.0 -9999.0 -9999.0 -9999.0 -9999.0 -9999.0 -9999.0 -9999.0 -9999.0 -9999.0 -9999.0 -9999.0 -9999.0 -9999.0 -9999.0 -9999.0 -9999.0 -9999.0 -9999.0 -9999.0 -9999.0 -9999.0 -9999.0 -9999.0 -9999.0
 -9999.0 -9999.0 -9999.0 -9999.0 -9999.0 -9999.0 -9999.0 -9999.0 -9999.0 -9999.0 -9999.0 -9999.0 -9999.0 -9999.0 -9999.0     1.3     1.8     0.5     1.0     1.6     0.1     0.4     0.6     0.3     0.1     0.1     0.0     0.0     0.0     0.0     0.0     0.0     0.0     0.0     0.2     0.3     0.6     0.2     0.4     1.3     4.9     9.0    11.9    12.9     7.7     5.1    10.7     2.7     7.1     0.5     2.3    12.3     4.0     6.0     1.2     7.3     7.7     2.6    13.0    17.5     8.5     5.5    15.3    15.4    15.8    17.7    20.9    25.2    26.5    24.5    22.4    21.4    24.0    28.3    34.1    41.9    40.4    43.7    32.7    33.1    35.0    42.4    49.8    50.5    45.5    40.7    39.6    41.4    40.2    37.2    33.8    33.7    34.0    35.6    37.6    41.9    41.9 -9999.0    39.9 -9999.0 -9999.0 -9999.0 -9999.0 -9999.0 -9999.0 -9999.0 -9999.0 -9999.0 -9999.0 -9999.0 -9999.0 -9999.0 -9999.0 -9999.0 -9999.0 -9999.0 -9999.0 -9999.0 -9999.0 -9999.0 -9999.0 -9999.0 -9999.0 -9999.0 -9999.0 -9999.0 -9999.0 -9999.0
 -9999.0 -9999.0 -9999.0 -9999.0 -9999.0 -9999.0 -9999.0 -9999.0 -9999.0 -9999.0 -9999.0 -9999.0 -9999.0 -9999.0 -9999.0 -9999.0 -9999.0    81.2    22.5 -9999.0    11.9     1.1     4.6     3.9     0.4     0.3     0.0     0.0     0.0     0.0     0.0     0.0     0.0     0.2     0.8     0.1     0.2     0.1     0.1     0.6     2.3     6.9     8.2     8.3     4.0     3.3     5.0    12.2     1.5     3.4     0.1     0.8     0.4     6.9    10.0    11.1     5.2    13.7    14.0    18.0     1.8     5.4    12.5    14.5    15.6    19.5    24.3    27.7    29.6    29.6    29.5    30.7    33.4    32.4    40.9    49.7    48.5    45.0    44.0    43.8    47.3    58.5    66.5    64.2    58.3    52.0    46.5    42.2    40.4    38.9    39.3    41.1    41.8    44.0    46.2    46.8    47.4    46.1    48.2    53.5    58.3 -9999.0 -9999.0 -9999.0 -9999.0 -9999.0 -9999.0 -9999.0 -9999.0 -9999.0 -9999.0 -9999.0 -9999.0 -9999.0 -9999.0 -9999.0 -9999.0 -9999.0 -9999.0 -9999.0 -9999.0 -9999.0 -9999.0 -9999.0 -9999.0 -9999.0 -9999.0 -9999.0
 -9999.0 -9999.0 -9999.0 -9999.0 -9999.0 -9999.0 -9999.0 -9999.0 -9999.0 -9999.0 -9999.0 -9999.0 -9999.0 -9999.0 -9999.0 -9999.0 -9999.0 -9999.0 -9999.0 -9999.0 -9999.0    10.3     4.8     0.5     2.1     7.7     3.8     1.0     0.0     0.0     0.0     0.2     0.2     0.3     1.3     0.1     0.1     0.0     0.1     0.8     1.4     4.1     6.6     6.6     3.9     4.2    21.1     1.4    11.4    49.9     1.9    15.8    14.6     2.0     6.8    15.0    15.5     8.7    27.3    15.4     0.9     2.5     8.0    10.4    14.4    20.3    25.7    28.3    31.5    35.0    37.6    40.3    40.1    40.4    48.5    56.3    59.5    61.2    63.4    65.4    69.7    79.7    83.1    75.4    69.3    59.5    51.6    44.2    41.1    42.2    47.5    51.7    55.6    57.5    52.6    51.0    49.9    51.0    57.9    66.9 -9999.0 -9999.0 -9999.0 -9999.0 -9999.0 -9999.0 -9999.0 -9999.0 -9999.0 -9999.0 -9999.0 -9999.0 -9999.0 -9999.0 -9999.0 -9999.0 -9999.0 -9999.0 -9999.0 -9999.0 -9999.0 -9999.0 -9999.0 -9999.0 -9999.0 -9999.0 -9999.0 -9999.0
 -9999.0 -9999.0 -9999.0 -9999.0 -9999.0 -9999.0 -9999.0 -9999.0 -9999.0 -9999.0 -9999.0 -9999.0 -9999.0 -9999.0 -9999.0 -9999.0 -9999.0 -9999.0 -9999.0 -9999.0 -9999.0 -9999.0 -9999.0    61.9    14.8    14.2     9.8     3.2     0.0     0.1     0.0     0.0     0.0     0.0     0.0     0.1     0.1     0.1     0.2     0.6     1.1     3.1     2.4     2.4     4.8    49.1     4.2     2.4     4.7     7.9     2.0    10.1     3.2     6.1     4.2     0.6    11.9    21.0     1.4    16.3     3.0     7.2    10.5     9.9    14.3    21.8    27.4    29.3    34.4    40.1    48.8    51.0    49.9    54.6    58.6    65.4    70.8    76.3    86.5    95.2    99.3    97.7    91.5    81.3    71.3    70.0    56.4    51.0    50.1    54.9    63.7    69.0    68.8    66.6    60.5    59.4    62.6    67.3    71.1 -9999.0 -9999.0 -9999.0 -9999.0 -9999.0 -9999.0 -9999.0 -9999.0 -9999.0 -9999.0 -9999.0 -9999.0 -9999.0 -9999.0 -9999.0 -9999.0 -9999.0 -9999.0 -9999.0 -9999.0 -9999.0 -9999.0 -9999.0 -9999.0 -9999.0 -9999.0 -9999.0 -9999.0 -9999.0
 -9999.0 -9999.0 -9999.0 -9999.0 -9999.0 -9999.0 -9999.0 -9999.0 -9999.0 -9999.0 -9999.0 -9999.0 -9999.0 -9999.0 -9999.0 -9999.0 -9999.0 -9999.0 -9999.0 -9999.0 -9999.0 -9999.0 -9999.0 -9999.0 -9999.0   146.8    45.4     0.1     0.0     0.0     0.0     0.1     0.2     0.1     0.7     0.1     0.1     0.4     0.5     0.7     1.6     1.2    11.2     7.1    36.8    67.4    30.5    89.3     4.4     9.8    11.9     9.6    16.8    16.6     5.6     4.0    11.3     6.3    18.6    16.7    17.3    21.0    39.1    12.4    16.4    24.3    30.6    34.0    39.4    47.3    53.2    55.8    51.1    66.6    75.4    75.2    76.3    84.2    96.7   110.3   111.7   102.8    91.6    82.8    75.4    70.0    67.1    67.7    73.2    79.6    86.7    90.2    87.9    89.2    78.5    84.5    85.5    88.7 -9999.0 -9999.0 -9999.0 -9999.0 -9999.0 -9999.0 -9999.0 -9999.0 -9999.0 -9999.0 -9999.0 -9999.0 -9999.0 -9999.0 -9999.0 -9999.0 -9999.0 -9999.0 -9999.0 -9999.0 -9999.0 -9999.0 -9999.0 -9999.0 -9999.0 -9999.0 -9999.0 -9999.0 -9999.0 -9999.0
 -9999.0 -9999.0 -9999.0 -9999.0 -9999.0 -9999.0 -9999.0 -9999.0 -9999.0 -9999.0 -9999.0 -9999.0 -9999.0 -9999.0 -9999.0 -9999.0 -9999.0 -9999.0 -9999.0 -9999.0 -9999.0 -9999.0 -9999.0 -9999.0 -9999.0 -9999.0 -9999.0   192.8   166.1    28.7    14.7     9.8     0.0    12.4     0.7    39.4     2.5     2.7     8.5     2.2     1.6     3.1    20.6    55.1    61.9    81.1   102.8   110.2   114.7    43.7    97.1    99.1    19.7    19.2    13.5    14.8     4.9     3.8    15.2    11.6    15.8    32.7    21.6    19.1    20.4    22.2    32.5    36.0    39.5    45.5    50.8    59.6    53.9    72.8    78.6    81.0    86.1    87.8    95.3   102.4   103.5    95.1    88.5    84.9    79.8    78.4    79.9    88.3   104.8   108.8   105.9   101.2   110.8   106.6   112.4   109.2   103.7 -9999.0 -9999.0 -9999.0 -9999.0 -9999.0 -9999.0 -9999.0 -9999.0 -9999.0 -9999.0 -9999.0 -9999.0 -9999.0 -9999.0 -9999.0 -9999.0 -9999.0 -9999.0 -9999.0 -9999.0 -9999.0 -9999.0 -9999.0 -9999.0 -9999.0 -9999.0 -9999.0 -9999.0 -9999.0 -9999.0 -9999.0
 -9999.0 -9999.0 -9999.0 -9999.0 -9999.0 -9999.0 -9999.0 -9999.0 -9999.0 -9999.0 -9999.0 -9999.0 -9999.0 -9999.0 -9999.0 -9999.0 -9999.0 -9999.0 -9999.0 -9999.0 -9999.0 -9999.0 -9999.0 -9999.0 -9999.0 -9999.0 -9999.0 -9999.0 -9999.0 -9999.0 -9999.0 -9999.0 -9999.0    67.3     6.7 -9999.0 -9999.0 -9999.0    39.4     9.0    18.9    30.8    19.7    77.5    99.2    99.4 -9999.0 -9999.0 -9999.0 -9999.0 -9999.0 -9999.0    50.4    26.4    20.4     9.5     6.1     7.0     8.8    13.6    23.4    36.1    30.4    25.2    22.8    25.0    31.3    37.2    40.0    41.8    45.3    56.0    67.1    70.5    87.7    84.8    89.3    86.8    88.9    88.7    88.1    88.2    89.0    86.6    83.8    85.1    91.2   107.1   117.1   132.3   124.6   125.3   127.0   120.8   129.9   117.3   100.9 -9999.0 -9999.0 -9999.0 -9999.0 -9999.0 -9999.0 -9999.0 -9999.0 -9999.0 -9999.0 -9999.0 -9999.0 -9999.0 -9999.0 -9999.0 -9999.0 -9999.0 -9999.0 -9999.0 -9999.0 -9999.0 -9999.0 -9999.0 -9999.0 -9999.0 -9999.0 -9999.0 -9999.0 -9999.0 -9999.0 -9999.0
 -9999.0 -9999.0 -9999.0 -9999.0 -9999.0 -9999.0 -9999.0 -9999.0 -9999.0 -9999.0 -9999.0 -9999.0 -9999.0 -9999.0 -9999.0 -9999.0 -9999.0 -9999.0 -9999.0 -9999.0 -9999.0 -9999.0 -9999.0 -9999.0 -9999.0 -9999.0 -9999.0 -9999.0 -9999.0 -9999.0 -9999.0 -9999.0 -9999.0 -9999.0 -9999.0 -9999.0 -9999.0 -9999.0 -9999.0   133.3   118.4   112.3   108.1   103.5 -9999.0 -9999.0 -9999.0 -9999.0 -9999.0 -9999.0 -9999.0 -9999.0    49.2    32.0    20.9    10.4     6.9     8.7    11.2    15.3    23.0    33.6    37.4    33.7    36.6    38.2    40.2    38.1    36.9    41.1    47.0    53.8    58.8    73.9    75.2    83.9    86.5    86.4    87.7    76.3    79.2    86.3    92.2    93.4    91.5    98.2   107.9   121.8   141.8   145.0   142.4   136.5   125.2   132.5   136.6   110.8 -9999.0 -9999.0 -9999.0 -9999.0 -9999.0 -9999.0 -9999.0 -9999.0 -9999.0 -9999.0 -9999.0 -9999.0 -9999.0 -9999.0 -9999.0 -9999.0 -9999.0 -9999.0 -9999.0 -9999.0 -9999.0 -9999.0 -9999.0 -9999.0 -9999.0 -9999.0 -9999.0 -9999.0 -9999.0 -9999.0 -9999.0 -9999.0
 -9999.0 -9999.0 -9999.0 -9999.0 -9999.0 -9999.0 -9999.0 -9999.0 -9999.0 -9999.0 -9999.0 -9999.0 -9999.0 -9999.0 -9999.0 -9999.0 -9999.0 -9999.0 -9999.0 -9999.0 -9999.0 -9999.0 -9999.0 -9999.0 -9999.0 -9999.0 -9999.0 -9999.0 -9999.0 -9999.0 -9999.0 -9999.0 -9999.0 -9999.0 -9999.0 -9999.0 -9999.0 -9999.0 -9999.0 -9999.0 -9999.0 -9999.0 -9999.0 -9999.0 -9999.0 -9999.0 -9999.0 -9999.0 -9999.0 -9999.0 -9999.0 -9999.0    49.7    36.0    25.0    19.8    11.9    12.9    14.9    19.8    25.5    33.2    49.2    42.0    47.6    48.6    42.4    37.2    34.8    37.4    44.6    53.4    67.9    68.3    74.7    78.0    83.7    85.9    82.7    77.1    83.1    94.6   102.3   103.7   105.9   116.8   131.3   144.6   155.9   158.3   149.7   135.8   117.8   127.2   118.1 -9999.0 -9999.0 -9999.0 -9999.0 -9999.0 -9999.0 -9999.0 -9999.0 -9999.0 -9999.0 -9999.0 -9999.0 -9999.0 -9999.0 -9999.0 -9999.0 -9999.0 -9999.0 -9999.0 -9999.0 -9999.0 -9999.0 -9999.0 -9999.0 -9999.0 -9999.0 -9999.0 -9999.0 -9999.0 -9999.0 -9999.0 -9999.0 -9999.0
 -9999.0 -9999.0 -9999.0 -9999.0 -9999.0 -9999.0 -9999.0 -9999.0 -9999.0 -9999.0 -9999.0 -9999.0 -9999.0 -9999.0 -9999.0 -9999.0 -9999.0 -9999.0 -9999.0 -9999.0 -9999.0 -9999.0 -9999.0 -9999.0 -9999.0 -9999.0 -9999.0 -9999.0 -9999.0 -9999.0 -9999.0 -9999.0 -9999.0 -9999.0 -9999.0 -9999.0 -9999.0 -9999.0 -9999.0 -9999.0 -9999.0 -9999.0 -9999.0 -9999.0 -9999.0 -9999.0 -9999.0 -9999.0 -9999.0 -9999.0 -9999.0    44.2    46.9    40.3    30.6    25.7    23.6    24.6    23.8    18.5    33.7    36.5    37.1    42.2    50.5    52.6    41.7    33.7    33.7    37.0    46.0    55.6    58.5    57.2    64.0    70.2    80.3    81.9    88.4    89.8    91.9   105.1   125.7   119.6   127.9   145.4   147.0   161.9   164.9   169.3   143.8   137.0   121.5   102.6   101.8 -9999.0 -9999.0 -9999.0 -9999.0 -9999.0 -9999.0 -9999.0 -9999.0 -9999.0 -9999.0 -9999.0 -9999.0 -9999.0 -9999.0 -9999.0 -9999.0 -9999.0 -9999.0 -9999.0 -9999.0 -9999.0 -9999.0 -9999.0 -9999.0 -9999.0 -9999.0 -9999.0 -9999.0 -9999.0 -9999.0 -9999.0 -9999.0 -9999.0
 -9999.0 -9999.0 -9999.0 -9999.0 -9999.0 -9999.0 -9999.0 -9999.0 -9999.0 -9999.0 -9999.0 -9999.0 -9999.0 -9999.0 -9999.0 -9999.0 -9999.0 -9999.0 -9999.0 -9999.0 -9999.0 -9999.0 -9999.0 -9999.0 -9999.0 -9999.0 -9999.0 -9999.0 -9999.0 -9999.0 -9999.0 -9999.0 -9999.0 -9999.0 -9999.0 -9999.0 -9999.0 -9999.0 -9999.0 -9999.0 -9999.0 -9999.0 -9999.0 -9999.0 -9999.0 -9999.0 -9999.0 -9999.0 -9999.0 -9999.0    43.9    45.0    48.3    46.1    41.6    38.5    36.2    31.9    31.9    34.4    36.9    37.0    34.3    38.1    45.9    46.6    42.1    33.8    35.1    40.9    49.9    59.4    58.6    56.7    59.4    68.3    67.1    91.5    88.2   102.2   117.1   125.2   136.1   140.7   151.6   173.8   173.5   177.9   174.0   168.0   153.2   130.5   117.3   100.5    91.9 -9999.0 -9999.0 -9999.0 -9999.0 -9999.0 -9999.0 -9999.0 -9999.0 -9999.0 -9999.0 -9999.0 -9999.0 -9999.0 -9999.0 -9999.0 -9999.0 -9999.0 -9999.0 -9999.0 -9999.0 -9999.0 -9999.0 -9999.0 -9999.0 -9999.0 -9999.0 -9999.0 -9999.0 -9999.0 -9999.0 -9999.0 -9999.0 -9999.0
 -9999.0 -9999.0 -9999.0 -9999.0 -9999.0 -9999.0 -9999.0 -9999.0 -9999.0 -9999.0 -9999.0 -9999.0 -9999.0 -9999.0 -9999.0 -9999.0 -9999.0 -9999.0 -9999.0 -9999.0 -9999.0 -9999.0 -9999.0 -9999.0 -9999.0 -9999.0 -9999.0 -9999.0 -9999.0 -9999.0 -9999.0 -9999.0 -9999.0 -9999.0 -9999.0 -9999.0 -9999.0 -9999.0 -9999.0 -9999.0 -9999.0 -9999.0 -9999.0 -9999.0 -9999.0 -9999.0 -9999.0 -9999.0 -9999.0 -9999.0    38.6    44.4    37.1    46.8    45.5    43.3    31.4    40.4    37.2    35.2    35.4    34.1    29.1    31.9    36.9    33.8    34.1    33.4    35.9    43.3    51.2    58.2    58.2    52.5    49.9    54.7    77.7    90.5   110.0   135.9   145.4   164.1   171.2   176.7   186.3   201.9   200.5   187.0   176.2   164.8   147.2   132.8   113.3    94.7 -9999.0 -9999.0 -9999.0 -9999.0 -9999.0 -9999.0 -9999.0 -9999.0 -9999.0 -9999.0 -9999.0 -9999.0 -9999.0 -9999.0 -9999.0 -9999.0 -9999.0 -9999.0 -9999.0 -9999.0 -9999.0 -9999.0 -9999.0 -9999.0 -9999.0 -9999.0 -9999.0 -9999.0 -9999.0 -9999.0 -9999.0 -9999.0 -9999.0 -9999.0
 -9999.0 -9999.0 -9999.0 -9999.0 -9999.0 -9999.0 -9999.0 -9999.0 -9999.0 -9999.0 -9999.0 -9999.0 -9999.0 -9999.0 -9999.0 -9999.0 -9999.0 -9999.0 -9999.0 -9999.0 -9999.0 -9999.0 -9999.0 -9999.0 -9999.0 -9999.0 -9999.0 -9999.0 -9999.0 -9999.0 -9999.0 -9999.0 -9999.0 -9999.0 -9999.0 -9999.0 -9999.0 -9999.0 -9999.0 -9999.0 -9999.0 -9999.0 -9999.0 -9999.0 -9999.0 -9999.0 -9999.0 -9999.0 -9999.0 -9999.0    35.7    33.7    29.5    37.1    32.5    29.9    34.8    32.8    34.1    28.2    33.3    34.4    30.5    25.1    29.6    29.9    29.3    31.0    36.1    40.7    47.9    56.7    57.8    62.9    61.7    72.0   109.0   125.0   155.4   172.4   192.9   204.5   217.7   224.6   220.7   226.7   216.5   192.9   165.7   144.0   130.1   118.2 -9999.0 -9999.0 -9999.0 -9999.0 -9999.0 -9999.0 -9999.0 -9999.0 -9999.0 -9999.0 -9999.0 -9999.0 -9999.0 -9999.0 -9999.0 -9999.0 -9999.0 -9999.0 -9999.0 -9999.0 -9999.0 -9999.0 -9999.0 -9999.0 -9999.0 -9999.0 -9999.0 -9999.0 -9999.0 -9999.0 -9999.0 -9999.0 -9999.0 -9999.0 -9999.0 -9999.0
 -9999.0 -9999.0 -9999.0 -9999.0 -9999.0 -9999.0 -9999.0 -9999.0 -9999.0 -9999.0 -9999.0 -9999.0 -9999.0 -9999.0 -9999.0 -9999.0 -9999.0 -9999.0 -9999.0 -9999.0 -9999.0 -9999.0 -9999.0 -9999.0 -9999.0 -9999.0 -9999.0 -9999.0 -9999.0 -9999.0 -9999.0 -9999.0 -9999.0 -9999.0 -9999.0 -9999.0 -9999.0 -9999.0 -9999.0 -9999.0 -9999.0 -9999.0 -9999.0 -9999.0 -9999.0 -9999.0 -9999.0 -9999.0 -9999.0 -9999.0    30.3    26.7    23.2    19.7    16.0    17.3    11.2    20.1    24.5    22.3    32.4    34.1    21.8    29.6    35.0    35.5    35.9    32.2    36.3    40.7    44.2    51.7    64.7    82.3    94.1   114.0   150.0   179.7   210.6   219.7   228.8   237.3   246.8   247.3   232.6   218.1   193.7   166.2   135.4   113.8   100.4 -9999.0 -9999.0 -9999.0 -9999.0 -9999.0 -9999.0 -9999.0 -9999.0 -9999.0 -9999.0 -9999.0 -9999.0 -9999.0 -9999.0 -9999.0 -9999.0 -9999.0 -9999.0 -9999.0 -9999.0 -9999.0 -9999.0 -9999.0 -9999.0 -9999.0 -9999.0 -9999.0 -9999.0 -9999.0 -9999.0 -9999.0 -9999.0 -9999.0 -9999.0 -9999.0 -9999.0 -9999.0
 -9999.0 -9999.0 -9999.0 -9999.0 -9999.0 -9999.0 -9999.0 -9999.0 -9999.0 -9999.0 -9999.0 -9999.0 -9999.0 -9999.0 -9999.0 -9999.0 -9999.0 -9999.0 -9999.0 -9999.0 -9999.0 -9999.0 -9999.0 -9999.0 -9999.0 -9999.0 -9999.0 -9999.0 -9999.0 -9999.0 -9999.0 -9999.0 -9999.0 -9999.0 -9999.0 -9999.0 -9999.0 -9999.0 -9999.0 -9999.0 -9999.0 -9999.0 -9999.0 -9999.0 -9999.0 -9999.0 -9999.0 -9999.0 -9999.0 -9999.0 -9999.0 -9999.0 -9999.0     5.5     2.4     1.9     5.1    12.3    15.2    22.1    51.6    29.8    59.2    47.2    49.5    47.4    49.4    40.0    43.0    45.4    47.1    54.5    76.3   109.7   139.3   164.1   198.5   228.2   241.5   239.2   235.2   226.3   219.3   207.3   187.9   169.4   149.0   124.3    93.5    75.7 -9999.0 -9999.0 -9999.0 -9999.0 -9999.0 -9999.0 -9999.0 -9999.0 -9999.0 -9999.0 -9999.0 -9999.0 -9999.0 -9999.0 -9999.0 -9999.0 -9999.0 -9999.0 -9999.0 -9999.0 -9999.0 -9999.0 -9999.0 -9999.0 -9999.0 -9999.0 -9999.0 -9999.0 -9999.0 -9999.0 -9999.0 -9999.0 -9999.0 -9999.0 -9999.0 -9999.0 -9999.0 -9999.0
 -9999.0 -9999.0 -9999.0 -9999.0 -9999.0 -9999.0 -9999.0 -9999.0 -9999.0 -9999.0 -9999.0 -9999.0 -9999.0 -9999.0 -9999.0 -9999.0 -9999.0 -9999.0 -9999.0 -9999.0 -9999.0 -9999.0 -9999.0 -9999.0 -9999.0 -9999.0 -9999.0 -9999.0 -9999.0 -9999.0 -9999.0 -9999.0 -9999.0 -9999.0 -9999.0 -9999.0 -9999.0 -9999.0 -9999.0 -9999.0 -9999.0 -9999.0 -9999.0 -9999.0 -9999.0 -9999.0 -9999.0 -9999.0 -9999.0 -9999.0 -9999.0 -9999.0 -9999.0     1.1     0.3     1.2     2.9     8.7    18.7    38.9    43.4    44.6    80.3    62.0    66.9    65.7    60.9    62.3    61.1    61.0    59.2    65.6    95.4   141.9   181.9   217.1   236.7   242.1   232.9   219.1   200.4   177.6   151.8 -9999.0   118.5   103.5 -9999.0 -9999.0 -9999.0 -9999.0 -9999.0 -9999.0 -9999.0 -9999.0 -9999.0 -9999.0 -9999.0 -9999.0 -9999.0 -9999.0 -9999.0 -9999.0 -9999.0 -9999.0 -9999.0 -9999.0 -9999.0 -9999.0 -9999.0 -9999.0 -9999.0 -9999.0 -9999.0 -9999.0 -9999.0 -9999.0 -9999.0 -9999.0 -9999.0 -9999.0 -9999.0 -9999.0 -9999.0 -9999.0 -9999.0 -9999.0 -9999.0 -9999.0
 -9999.0 -9999.0 -9999.0 -9999.0 -9999.0 -9999.0 -9999.0 -9999.0 -9999.0 -9999.0 -9999.0 -9999.0 -9999.0 -9999.0 -9999.0 -9999.0 -9999.0 -9999.0 -9999.0 -9999.0 -9999.0 -9999.0 -9999.0 -9999.0 -9999.0 -9999.0 -9999.0 -9999.0 -9999.0 -9999.0 -9999.0 -9999.0 -9999.0 -9999.0 -9999.0 -9999.0 -9999.0 -9999.0 -9999.0 -9999.0 -9999.0 -9999.0 -9999.0 -9999.0 -9999.0 -9999.0 -9999.0 -9999.0 -9999.0 -9999.0 -9999.0 -9999.0 -9999.0     0.3     0.4     0.9     5.0    13.0    24.5    38.1    62.0    74.3   103.5   112.4    84.3 -9999.0 -9999.0 -9999.0    84.9    84.3    81.8    90.9   125.4   173.6   207.4   226.4   223.8   207.4   201.3   174.5   151.2   124.6   101.5 -9999.0 -9999.0 -9999.0 -9999.0 -9999.0 -9999.0 -9999.0 -9999.0 -9999.0 -9999.0 -9999.0 -9999.0 -9999.0 -9999.0 -9999.0 -9999.0 -9999.0 -9999.0 -9999.0 -9999.0 -9999.0 -9999.0 -9999.0 -9999.0 -9999.0 -9999.0 -9999.0 -9999.0 -9999.0 -9999.0 -9999.0 -9999.0 -9999.0 -9999.0 -9999.0 -9999.0 -9999.0 -9999.0 -9999.0 -9999.0 -9999.0 -9999.0 -9999.0 -9999.0 -9999.0
 -9999.0 -9999.0 -9999.0 -9999.0 -9999.0 -9999.0 -9999.0 -9999.0 -9999.0 -9999.0 -9999.0 -9999.0 -9999.0 -9999.0 -9999.0 -9999.0 -9999.0 -9999.0 -9999.0 -9999.0 -9999.0 -9999.0 -9999.0 -9999.0 -9999.0 -9999.0 -9999.0 -9999.0 -9999.0 -9999.0 -9999.0 -9999.0 -9999.0 -9999.0 -9999.0 -9999.0 -9999.0 -9999.0 -9999.0 -9999.0 -9999.0 -9999.0 -9999.0 -9999.0 -9999.0 -9999.0 -9999.0 -9999.0 -9999.0 -9999.0 -9999.0 -9999.0 -9999.0 -9999.0     0.4     2.3     8.3    16.3    31.0    52.0    54.4 -9999.0 -9999.0 -9999.0 -9999.0 -9999.0 -9999.0 -9999.0   102.9   102.8   106.0   117.5   149.8   185.4   195.8   185.4   169.0   148.7   134.7 -9999.0   108.8 -9999.0 -9999.0 -9999.0 -9999.0 -9999.0 -9999.0 -9999.0 -9999.0 -9999.0 -9999.0 -9999.0 -9999.0 -9999.0 -9999.0 -9999.0 -9999.0 -9999.0 -9999.0 -9999.0 -9999.0 -9999.0 -9999.0 -9999.0 -9999.0 -9999.0 -9999.0 -9999.0 -9999.0 -9999.0 -9999.0 -9999.0 -9999.0 -9999.0 -9999.0 -9999.0 -9999.0 -9999.0 -9999.0 -9999.0 -9999.0 -9999.0 -9999.0 -9999.0 -9999.0 -9999.0 -9999.0 -9999.0
 -9999.0 -9999.0 -9999.0 -9999.0 -9999.0 -9999.0 -9999.0 -9999.0 -9999.0 -9999.0 -9999.0 -9999.0 -9999.0 -9999.0 -9999.0 -9999.0 -9999.0 -9999.0 -9999.0 -9999.0 -9999.0 -9999.0 -9999.0 -9999.0 -9999.0 -9999.0 -9999.0 -9999.0 -9999.0 -9999.0 -9999.0 -9999.0 -9999.0 -9999.0 -9999.0 -9999.0 -9999.0 -9999.0 -9999.0 -9999.0 -9999.0 -9999.0 -9999.0 -9999.0 -9999.0 -9999.0 -9999.0 -9999.0 -9999.0 -9999.0 -9999.0 -9999.0 -9999.0 -9999.0 -9999.0     3.9    10.9    20.5    29.8    47.7    62.0 -9999.0 -9999.0 -9999.0 -9999.0 -9999.0 -9999.0 -9999.0 -9999.0 -9999.0   111.7 -9999.0 -9999.0 -9999.0 -9999.0 -9999.0   105.7 -9999.0 -9999.0 -9999.0 -9999.0 -9999.0 -9999.0 -9999.0 -9999.0 -9999.0 -9999.0 -9999.0 -9999.0 -9999.0 -9999.0 -9999.0 -9999.0 -9999.0 -9999.0 -9999.0 -9999.0 -9999.0 -9999.0 -9999.0 -9999.0 -9999.0 -9999.0 -9999.0 -9999.0 -9999.0 -9999.0 -9999.0 -9999.0 -9999.0 -9999.0 -9999.0 -9999.0 -9999.0 -9999.0 -9999.0 -9999.0 -9999.0 -9999.0 -9999.0 -9999.0 -9999.0 -9999.0 -9999.0 -9999.0 -9999.0 -9999.0 -9999.0
 -9999.0 -9999.0 -9999.0 -9999.0 -9999.0 -9999.0 -9999.0 -9999.0 -9999.0 -9999.0 -9999.0 -9999.0 -9999.0 -9999.0 -9999.0 -9999.0 -9999.0 -9999.0 -9999.0 -9999.0 -9999.0 -9999.0 -9999.0 -9999.0 -9999.0 -9999.0 -9999.0 -9999.0 -9999.0 -9999.0 -9999.0 -9999.0 -9999.0 -9999.0 -9999.0 -9999.0 -9999.0 -9999.0 -9999.0 -9999.0 -9999.0 -9999.0 -9999.0 -9999.0 -9999.0 -9999.0 -9999.0 -9999.0 -9999.0 -9999.0 -9999.0 -9999.0 -9999.0 -9999.0 -9999.0 -9999.0 -9999.0 -9999.0    31.8    41.6 -9999.0 -9999.0 -9999.0 -9999.0 -9999.0 -9999.0 -9999.0 -9999.0 -9999.0 -9999.0 -9999.0 -9999.0 -9999.0 -9999.0 -9999.0    84.0    69.5 -9999.0 -9999.0 -9999.0 -9999.0 -9999.0 -9999.0 -9999.0 -9999.0 -9999.0 -9999.0 -9999.0 -9999.0 -9999.0 -9999.0 -9999.0 -9999.0 -9999.0 -9999.0 -9999.0 -9999.0 -9999.0 -9999.0 -9999.0 -9999.0 -9999.0 -9999.0 -9999.0 -9999.0 -9999.0 -9999.0 -9999.0 -9999.0 -9999.0 -9999.0 -9999.0 -9999.0 -9999.0 -9999.0 -9999.0 -9999.0 -9999.0 -9999.0 -9999.0 -9999.0 -9999.0 -9999.0 -9999.0 -9999.0 -9999.0 -9999.0 -9999.0
 -9999.0 -9999.0 -9999.0 -9999.0 -9999.0 -9999.0 -9999.0 -9999.0 -9999.0 -9999.0 -9999.0 -9999.0 -9999.0 -9999.0 -9999.0 -9999.0 -9999.0 -9999.0 -9999.0 -9999.0 -9999.0 -9999.0 -9999.0 -9999.0 -9999.0 -9999.0 -9999.0 -9999.0 -9999.0 -9999.0 -9999.0 -9999.0 -9999.0 -9999.0 -9999.0 -9999.0 -9999.0 -9999.0 -9999.0 -9999.0 -9999.0 -9999.0 -9999.0 -9999.0 -9999.0 -9999.0 -9999.0 -9999.0 -9999.0 -9999.0 -9999.0 -9999.0 -9999.0 -9999.0 -9999.0 -9999.0 -9999.0 -9999.0 -9999.0 -9999.0 -9999.0 -9999.0 -9999.0 -9999.0 -9999.0 -9999.0 -9999.0 -9999.0 -9999.0 -9999.0 -9999.0 -9999.0 -9999.0 -9999.0 -9999.0 -9999.0 -9999.0 -9999.0 -9999.0 -9999.0 -9999.0 -9999.0 -9999.0 -9999.0 -9999.0 -9999.0 -9999.0 -9999.0 -9999.0 -9999.0 -9999.0 -9999.0 -9999.0 -9999.0 -9999.0 -9999.0 -9999.0 -9999.0 -9999.0 -9999.0 -9999.0 -9999.0 -9999.0 -9999.0 -9999.0 -9999.0 -9999.0 -9999.0 -9999.0 -9999.0 -9999.0 -9999.0 -9999.0 -9999.0 -9999.0 -9999.0 -9999.0 -9999.0 -9999.0 -9999.0 -9999.0 -9999.0 -9999.0 -9999.0 -9999.0 -9999.0 -9999.0 -9999.0
 -9999.0 -9999.0 -9999.0 -9999.0 -9999.0 -9999.0 -9999.0 -9999.0 -9999.0 -9999.0 -9999.0 -9999.0 -9999.0 -9999.0 -9999.0 -9999.0 -9999.0 -9999.0 -9999.0 -9999.0 -9999.0 -9999.0 -9999.0 -9999.0 -9999.0 -9999.0 -9999.0 -9999.0 -9999.0 -9999.0 -9999.0 -9999.0 -9999.0 -9999.0 -9999.0 -9999.0 -9999.0 -9999.0 -9999.0 -9999.0 -9999.0 -9999.0 -9999.0 -9999.0 -9999.0 -9999.0 -9999.0 -9999.0 -9999.0 -9999.0 -9999.0 -9999.0 -9999.0 -9999.0 -9999.0 -9999.0 -9999.0 -9999.0 -9999.0 -9999.0 -9999.0 -9999.0 -9999.0 -9999.0 -9999.0 -9999.0 -9999.0 -9999.0 -9999.0 -9999.0 -9999.0 -9999.0 -9999.0 -9999.0 -9999.0    51.4    59.7    64.8 -9999.0 -9999.0 -9999.0 -9999.0 -9999.0 -9999.0 -9999.0 -9999.0 -9999.0 -9999.0 -9999.0 -9999.0 -9999.0 -9999.0 -9999.0 -9999.0 -9999.0 -9999.0 -9999.0 -9999.0 -9999.0 -9999.0 -9999.0 -9999.0 -9999.0 -9999.0 -9999.0 -9999.0 -9999.0 -9999.0 -9999.0 -9999.0 -9999.0 -9999.0 -9999.0 -9999.0 -9999.0 -9999.0 -9999.0 -9999.0 -9999.0 -9999.0 -9999.0 -9999.0 -9999.0 -9999.0 -9999.0 -9999.0 -9999.0 -9999.0
 -9999.0 -9999.0 -9999.0 -9999.0 -9999.0 -9999.0 -9999.0 -9999.0 -9999.0 -9999.0 -9999.0 -9999.0 -9999.0 -9999.0 -9999.0 -9999.0 -9999.0 -9999.0 -9999.0 -9999.0 -9999.0 -9999.0 -9999.0 -9999.0 -9999.0 -9999.0 -9999.0 -9999.0 -9999.0 -9999.0 -9999.0 -9999.0 -9999.0 -9999.0 -9999.0 -9999.0 -9999.0 -9999.0 -9999.0 -9999.0 -9999.0 -9999.0 -9999.0 -9999.0 -9999.0 -9999.0 -9999.0 -9999.0 -9999.0 -9999.0 -9999.0 -9999.0 -9999.0 -9999.0 -9999.0 -9999.0 -9999.0 -9999.0 -9999.0 -9999.0 -9999.0 -9999.0 -9999.0 -9999.0 -9999.0 -9999.0 -9999.0 -9999.0 -9999.0 -9999.0 -9999.0 -9999.0 -9999.0    15.8    26.4    37.8    54.1 -9999.0 -9999.0 -9999.0 -9999.0 -9999.0 -9999.0 -9999.0 -9999.0 -9999.0 -9999.0 -9999.0 -9999.0 -9999.0 -9999.0 -9999.0 -9999.0 -9999.0 -9999.0 -9999.0 -9999.0 -9999.0 -9999.0 -9999.0 -9999.0 -9999.0 -9999.0 -9999.0 -9999.0 -9999.0 -9999.0 -9999.0 -9999.0 -9999.0 -9999.0 -9999.0 -9999.0 -9999.0 -9999.0 -9999.0 -9999.0 -9999.0 -9999.0 -9999.0 -9999.0 -9999.0 -9999.0 -9999.0 -9999.0 -9999.0 -9999.0 -9999.0
 -9999.0 -9999.0 -9999.0 -9999.0 -9999.0 -9999.0 -9999.0 -9999.0 -9999.0 -9999.0 -9999.0 -9999.0 -9999.0 -9999.0 -9999.0 -9999.0 -9999.0 -9999.0 -9999.0 -9999.0 -9999.0 -9999.0 -9999.0 -9999.0 -9999.0 -9999.0 -9999.0 -9999.0 -9999.0 -9999.0 -9999.0 -9999.0 -9999.0 -9999.0 -9999.0 -9999.0 -9999.0 -9999.0 -9999.0 -9999.0 -9999.0 -9999.0 -9999.0 -9999.0 -9999.0 -9999.0 -9999.0 -9999.0 -9999.0 -9999.0 -9999.0 -9999.0 -9999.0 -9999.0 -9999.0 -9999.0 -9999.0 -9999.0 -9999.0 -9999.0 -9999.0 -9999.0 -9999.0 -9999.0 -9999.0 -9999.0 -9999.0 -9999.0 -9999.0 -9999.0 -9999.0 -9999.0 -9999.0 -9999.0     9.2    23.4    38.1 -9999.0 -9999.0 -9999.0 -9999.0 -9999.0 -9999.0 -9999.0 -9999.0 -9999.0 -9999.0 -9999.0 -9999.0 -9999.0 -9999.0 -9999.0 -9999.0 -9999.0 -9999.0 -9999.0 -9999.0 -9999.0 -9999.0 -9999.0 -9999.0 -9999.0 -9999.0 -9999.0 -9999.0 -9999.0 -9999.0 -9999.0 -9999.0 -9999.0 -9999.0 -9999.0 -9999.0 -9999.0 -9999.0 -9999.0 -9999.0 -9999.0 -9999.0 -9999.0 -9999.0 -9999.0 -9999.0 -9999.0 -9999.0 -9999.0 -9999.0 -9999.0
 -9999.0 -9999.0 -9999.0 -9999.0 -9999.0 -9999.0 -9999.0 -9999.0 -9999.0 -9999.0 -9999.0 -9999.0 -9999.0 -9999.0 -9999.0 -9999.0 -9999.0 -9999.0 -9999.0 -9999.0 -9999.0 -9999.0 -9999.0 -9999.0 -9999.0 -9999.0 -9999.0 -9999.0 -9999.0 -9999.0 -9999.0 -9999.0 -9999.0 -9999.0 -9999.0 -9999.0 -9999.0 -9999.0 -9999.0 -9999.0 -9999.0 -9999.0 -9999.0 -9999.0 -9999.0 -9999.0 -9999.0 -9999.0 -9999.0 -9999.0 -9999.0 -9999.0 -9999.0 -9999.0 -9999.0 -9999.0 -9999.0 -9999.0 -9999.0 -9999.0 -9999.0 -9999.0 -9999.0 -9999.0 -9999.0 -9999.0 -9999.0 -9999.0 -9999.0 -9999.0 -9999.0 -9999.0 -9999.0 -9999.0 -9999.0 -9999.0 -9999.0 -9999.0 -9999.0 -9999.0 -9999.0 -9999.0 -9999.0 -9999.0 -9999.0 -9999.0 -9999.0 -9999.0 -9999.0 -9999.0 -9999.0 -9999.0 -9999.0 -9999.0 -9999.0 -9999.0 -9999.0 -9999.0 -9999.0 -9999.0 -9999.0 -9999.0 -9999.0 -9999.0 -9999.0 -9999.0 -9999.0 -9999.0 -9999.0 -9999.0 -9999.0 -9999.0 -9999.0 -9999.0 -9999.0 -9999.0 -9999.0 -9999.0 -9999.0 -9999.0 -9999.0 -9999.0 -9999.0 -9999.0 -9999.0 -9999.0 -9999.0 -9999.0
