NCOLS      128
NROWS       72
XLLCORNER    72.000000000000    
YLLCORNER    18.000000000000    
CELLSIZE    0.50000000000000    
NODATA_VALUE   -9999.000    
 -9999.0 -9999.0 -9999.0 -9999.0 -9999.0 -9999.0 -9999.0 -9999.0 -9999.0 -9999.0 -9999.0 -9999.0 -9999.0 -9999.0 -9999.0 -9999.0 -9999.0 -9999.0 -9999.0 -9999.0 -9999.0 -9999.0 -9999.0 -9999.0 -9999.0 -9999.0 -9999.0 -9999.0 -9999.0 -9999.0 -9999.0 -9999.0 -9999.0 -9999.0 -9999.0 -9999.0 -9999.0 -9999.0 -9999.0 -9999.0 -9999.0 -9999.0 -9999.0 -9999.0 -9999.0 -9999.0 -9999.0 -9999.0 -9999.0 -9999.0 -9999.0 -9999.0 -9999.0 -9999.0 -9999.0 -9999.0 -9999.0 -9999.0 -9999.0 -9999.0 -9999.0 -9999.0 -9999.0 -9999.0 -9999.0 -9999.0 -9999.0 -9999.0 -9999.0 -9999.0 -9999.0 -9999.0 -9999.0 -9999.0 -9999.0 -9999.0 -9999.0 -9999.0 -9999.0 -9999.0 -9999.0 -9999.0 -9999.0 -9999.0 -9999.0 -9999.0 -9999.0 -9999.0 -9999.0 -9999.0 -9999.0 -9999.0 -9999.0 -9999.0 -9999.0 -9999.0    21.7    24.7    25.9    26.2    26.1    23.4    20.1    16.5    14.0    11.1     9.4     8.6 -9999.0 -9999.0 -9999.0 -9999.0 -9999.0 -9999.0 -9999.0 -9999.0 -9999.0 -9999.0 -9999.0 -9999.0 -9999.0 -9999.0 -9999.0 -9999.0 -9999.0 -9999.0 -9999.0 -9999.0
 -9999.0 -9999.0 -9999.0 -9999.0 -9999.0 -9999.0 -9999.0 -9999.0 -9999.0 -9999.0 -9999.0 -9999.0 -9999.0 -9999.0 -9999.0 -9999.0 -9999.0 -9999.0 -9999.0 -9999.0 -9999.0 -9999.0 -9999.0 -9999.0 -9999.0 -9999.0 -9999.0 -9999.0 -9999.0 -9999.0 -9999.0 -9999.0 -9999.0 -9999.0 -9999.0 -9999.0 -9999.0 -9999.0 -9999.0 -9999.0 -9999.0 -9999.0 -9999.0 -9999.0 -9999.0 -9999.0 -9999.0 -9999.0 -9999.0 -9999.0 -9999.0 -9999.0 -9999.0 -9999.0 -9999.0 -9999.0 -9999.0 -9999.0 -9999.0 -9999.0 -9999.0 -9999.0 -9999.0 -9999.0 -9999.0 -9999.0 -9999.0 -9999.0 -9999.0 -9999.0 -9999.0 -9999.0 -9999.0 -9999.0 -9999.0 -9999.0 -9999.0 -9999.0 -9999.0 -9999.0 -9999.0 -9999.0 -9999.0 -9999.0 -9999.0 -9999.0 -9999.0 -9999.0 -9999.0 -9999.0 -9999.0 -9999.0 -9999.0 -9999.0 -9999.0    15.2    17.0    19.0    21.9    22.4    22.9    20.9    17.4    13.8    11.0     8.6     7.5     7.3     7.4 -9999.0 -9999.0 -9999.0 -9999.0 -9999.0 -9999.0 -9999.0 -9999.0 -9999.0 -9999.0 -9999.0 -9999.0 -9999.0 -9999.0 -9999.0 -9999.0 -9999.0 -9999.0 -9999.0
 -9999.0 -9999.0 -9999.0 -9999.0 -9999.0 -9999.0 -9999.0 -9999.0 -9999.0 -9999.0 -9999.0 -9999.0 -9999.0 -9999.0 -9999.0 -9999.0 -9999.0 -9999.0 -9999.0 -9999.0 -9999.0 -9999.0 -9999.0 -9999.0 -9999.0 -9999.0 -9999.0 -9999.0 -9999.0 -9999.0 -9999.0 -9999.0 -9999.0 -9999.0 -9999.0 -9999.0 -9999.0 -9999.0 -9999.0 -9999.0 -9999.0 -9999.0 -9999.0 -9999.0 -9999.0 -9999.0 -9999.0 -9999.0 -9999.0 -9999.0 -9999.0 -9999.0 -9999.0 -9999.0 -9999.0 -9999.0 -9999.0 -9999.0 -9999.0 -9999.0 -9999.0 -9999.0 -9999.0 -9999.0 -9999.0 -9999.0 -9999.0 -9999.0 -9999.0 -9999.0 -9999.0 -9999.0 -9999.0 -9999.0 -9999.0 -9999.0 -9999.0 -9999.0 -9999.0 -9999.0 -9999.0 -9999.0 -9999.0 -9999.0 -9999.0 -9999.0 -9999.0 -9999.0 -9999.0 -9999.0 -9999.0 -9999.0 -9999.0 -9999.0 -9999.0    12.1    13.3    15.3    18.0    18.6    19.1    18.2    15.7    12.7     9.8     8.8     7.1     7.1     7.2     7.5 -9999.0 -9999.0 -9999.0 -9999.0 -9999.0 -9999.0 -9999.0 -9999.0 -9999.0 -9999.0 -9999.0 -9999.0 -9999.0 -9999.0 -9999.0 -9999.0 -9999.0 -9999.0
 -9999.0 -9999.0 -9999.0 -9999.0 -9999.0 -9999.0 -9999.0 -9999.0 -9999.0 -9999.0 -9999.0 -9999.0 -9999.0 -9999.0 -9999.0 -9999.0 -9999.0 -9999.0 -9999.0 -9999.0 -9999.0 -9999.0 -9999.0 -9999.0 -9999.0 -9999.0 -9999.0 -9999.0 -9999.0 -9999.0 -9999.0 -9999.0 -9999.0 -9999.0 -9999.0 -9999.0 -9999.0 -9999.0 -9999.0 -9999.0 -9999.0 -9999.0 -9999.0 -9999.0 -9999.0 -9999.0 -9999.0 -9999.0 -9999.0 -9999.0 -9999.0 -9999.0 -9999.0 -9999.0 -9999.0 -9999.0 -9999.0 -9999.0 -9999.0 -9999.0 -9999.0 -9999.0 -9999.0 -9999.0 -9999.0 -9999.0 -9999.0 -9999.0 -9999.0 -9999.0 -9999.0 -9999.0 -9999.0 -9999.0 -9999.0 -9999.0 -9999.0 -9999.0 -9999.0 -9999.0 -9999.0 -9999.0 -9999.0 -9999.0 -9999.0 -9999.0 -9999.0 -9999.0 -9999.0 -9999.0 -9999.0 -9999.0 -9999.0 -9999.0 -9999.0     8.4    10.8    11.1    13.8    16.2    17.7    17.8    15.0    12.5    10.0     8.4     7.6     7.8     7.8     7.9     8.1 -9999.0 -9999.0 -9999.0 -9999.0 -9999.0 -9999.0 -9999.0 -9999.0 -9999.0 -9999.0 -9999.0 -9999.0 -9999.0 -9999.0 -9999.0 -9999.0 -9999.0
 -9999.0 -9999.0 -9999.0 -9999.0 -9999.0 -9999.0 -9999.0 -9999.0 -9999.0 -9999.0 -9999.0 -9999.0 -9999.0 -9999.0 -9999.0 -9999.0 -9999.0 -9999.0 -9999.0 -9999.0 -9999.0 -9999.0 -9999.0 -9999.0 -9999.0 -9999.0 -9999.0 -9999.0 -9999.0 -9999.0 -9999.0 -9999.0 -9999.0 -9999.0 -9999.0 -9999.0 -9999.0 -9999.0 -9999.0 -9999.0 -9999.0 -9999.0 -9999.0 -9999.0 -9999.0 -9999.0 -9999.0 -9999.0 -9999.0 -9999.0 -9999.0 -9999.0 -9999.0 -9999.0 -9999.0 -9999.0 -9999.0 -9999.0 -9999.0 -9999.0 -9999.0 -9999.0 -9999.0 -9999.0 -9999.0 -9999.0 -9999.0 -9999.0 -9999.0 -9999.0 -9999.0 -9999.0 -9999.0 -9999.0 -9999.0 -9999.0 -9999.0 -9999.0 -9999.0 -9999.0 -9999.0 -9999.0 -9999.0 -9999.0 -9999.0 -9999.0 -9999.0 -9999.0 -9999.0 -9999.0 -9999.0 -9999.0 -9999.0 -9999.0     6.1     6.6     7.3    10.5    12.8    14.4    15.6    17.6    16.4    14.2    11.8    10.8     9.5     9.6     9.6     8.9     8.8 -9999.0 -9999.0 -9999.0 -9999.0 -9999.0 -9999.0 -9999.0 -9999.0 -9999.0 -9999.0 -9999.0 -9999.0 -9999.0 -9999.0 -9999.0 -9999.0 -9999.0
 -9999.0 -9999.0 -9999.0 -9999.0 -9999.0 -9999.0 -9999.0 -9999.0 -9999.0 -9999.0 -9999.0 -9999.0 -9999.0 -9999.0 -9999.0 -9999.0 -9999.0 -9999.0 -9999.0 -9999.0 -9999.0 -9999.0 -9999.0 -9999.0 -9999.0 -9999.0 -9999.0 -9999.0 -9999.0 -9999.0 -9999.0 -9999.0 -9999.0 -9999.0 -9999.0 -9999.0 -9999.0 -9999.0 -9999.0 -9999.0 -9999.0 -9999.0 -9999.0 -9999.0 -9999.0 -9999.0 -9999.0 -9999.0 -9999.0 -9999.0 -9999.0 -9999.0 -9999.0 -9999.0 -9999.0 -9999.0 -9999.0 -9999.0 -9999.0 -9999.0 -9999.0 -9999.0 -9999.0 -9999.0 -9999.0 -9999.0 -9999.0 -9999.0 -9999.0 -9999.0 -9999.0 -9999.0 -9999.0 -9999.0 -9999.0 -9999.0 -9999.0 -9999.0 -9999.0 -9999.0 -9999.0 -9999.0 -9999.0 -9999.0 -9999.0 -9999.0 -9999.0 -9999.0 -9999.0 -9999.0 -9999.0 -9999.0 -9999.0 -9999.0     4.4     5.1     6.7     8.6    11.0    14.0    16.6    16.2    17.3    16.4    14.7    13.6    12.7    12.4    12.0    10.4     9.8     9.1 -9999.0 -9999.0 -9999.0 -9999.0 -9999.0 -9999.0 -9999.0 -9999.0 -9999.0 -9999.0 -9999.0 -9999.0 -9999.0 -9999.0 -9999.0 -9999.0
 -9999.0 -9999.0 -9999.0 -9999.0 -9999.0 -9999.0 -9999.0 -9999.0 -9999.0 -9999.0 -9999.0 -9999.0 -9999.0 -9999.0 -9999.0 -9999.0 -9999.0 -9999.0 -9999.0 -9999.0 -9999.0 -9999.0 -9999.0 -9999.0 -9999.0 -9999.0 -9999.0 -9999.0 -9999.0 -9999.0 -9999.0 -9999.0 -9999.0 -9999.0 -9999.0 -9999.0 -9999.0 -9999.0 -9999.0 -9999.0 -9999.0 -9999.0 -9999.0 -9999.0 -9999.0 -9999.0 -9999.0 -9999.0 -9999.0 -9999.0 -9999.0 -9999.0 -9999.0 -9999.0 -9999.0 -9999.0 -9999.0 -9999.0 -9999.0 -9999.0 -9999.0 -9999.0 -9999.0 -9999.0 -9999.0 -9999.0 -9999.0 -9999.0 -9999.0 -9999.0 -9999.0 -9999.0 -9999.0 -9999.0 -9999.0 -9999.0 -9999.0 -9999.0 -9999.0 -9999.0 -9999.0 -9999.0 -9999.0 -9999.0 -9999.0 -9999.0 -9999.0 -9999.0 -9999.0 -9999.0 -9999.0 -9999.0 -9999.0     3.8     4.5     5.6     6.7     8.5    11.2    13.1    15.9    17.8    18.8    18.9    18.1    17.5    16.5    15.5    15.0    13.5    10.9     9.9 -9999.0 -9999.0 -9999.0 -9999.0 -9999.0 -9999.0 -9999.0 -9999.0 -9999.0 -9999.0 -9999.0 -9999.0 -9999.0 -9999.0 -9999.0 -9999.0
 -9999.0 -9999.0 -9999.0 -9999.0 -9999.0 -9999.0 -9999.0 -9999.0 -9999.0 -9999.0 -9999.0 -9999.0 -9999.0 -9999.0 -9999.0 -9999.0 -9999.0 -9999.0 -9999.0 -9999.0 -9999.0 -9999.0 -9999.0 -9999.0 -9999.0 -9999.0 -9999.0 -9999.0 -9999.0 -9999.0 -9999.0 -9999.0 -9999.0 -9999.0 -9999.0 -9999.0 -9999.0 -9999.0 -9999.0 -9999.0 -9999.0 -9999.0 -9999.0 -9999.0 -9999.0 -9999.0 -9999.0 -9999.0 -9999.0 -9999.0 -9999.0 -9999.0 -9999.0 -9999.0 -9999.0 -9999.0 -9999.0 -9999.0 -9999.0 -9999.0 -9999.0 -9999.0 -9999.0 -9999.0 -9999.0 -9999.0 -9999.0 -9999.0 -9999.0 -9999.0 -9999.0 -9999.0 -9999.0 -9999.0 -9999.0 -9999.0 -9999.0 -9999.0 -9999.0 -9999.0 -9999.0 -9999.0 -9999.0 -9999.0 -9999.0 -9999.0 -9999.0 -9999.0     1.8     2.7     2.5     3.3     3.4     4.5     4.8     5.6     7.0     9.0    11.4    13.8    14.4    17.1    19.1    19.7    20.0    19.6    18.8    19.2    18.2    17.1    13.7    12.1    11.9    12.9 -9999.0 -9999.0 -9999.0 -9999.0 -9999.0 -9999.0 -9999.0 -9999.0 -9999.0 -9999.0 -9999.0 -9999.0 -9999.0 -9999.0
 -9999.0 -9999.0 -9999.0 -9999.0 -9999.0 -9999.0 -9999.0 -9999.0 -9999.0 -9999.0 -9999.0 -9999.0 -9999.0 -9999.0 -9999.0 -9999.0 -9999.0 -9999.0 -9999.0 -9999.0 -9999.0 -9999.0 -9999.0 -9999.0 -9999.0 -9999.0 -9999.0 -9999.0 -9999.0    69.9    55.7    51.6    46.4 -9999.0 -9999.0 -9999.0 -9999.0 -9999.0 -9999.0 -9999.0 -9999.0 -9999.0 -9999.0 -9999.0 -9999.0 -9999.0 -9999.0 -9999.0 -9999.0 -9999.0 -9999.0 -9999.0 -9999.0 -9999.0 -9999.0 -9999.0 -9999.0 -9999.0 -9999.0 -9999.0 -9999.0 -9999.0 -9999.0 -9999.0 -9999.0 -9999.0 -9999.0 -9999.0 -9999.0 -9999.0 -9999.0 -9999.0 -9999.0 -9999.0 -9999.0 -9999.0 -9999.0 -9999.0 -9999.0 -9999.0 -9999.0 -9999.0 -9999.0 -9999.0 -9999.0 -9999.0 -9999.0     1.4     1.9     2.3     3.1     3.5     4.1     5.9     6.4     8.4     9.2    11.1    12.2    13.4    15.3    16.8    17.7    18.8    19.2    19.3    19.0    18.9    19.2    19.4    18.4    15.1    13.9    14.1    15.7    18.4    23.3 -9999.0 -9999.0 -9999.0 -9999.0 -9999.0 -9999.0 -9999.0 -9999.0 -9999.0 -9999.0 -9999.0
 -9999.0 -9999.0 -9999.0 -9999.0 -9999.0 -9999.0 -9999.0 -9999.0 -9999.0 -9999.0 -9999.0 -9999.0 -9999.0 -9999.0 -9999.0 -9999.0 -9999.0 -9999.0 -9999.0 -9999.0 -9999.0 -9999.0 -9999.0 -9999.0 -9999.0 -9999.0 -9999.0 -9999.0    63.1    50.9    42.8    37.2    33.2 -9999.0 -9999.0 -9999.0 -9999.0 -9999.0 -9999.0 -9999.0 -9999.0 -9999.0 -9999.0 -9999.0 -9999.0 -9999.0 -9999.0 -9999.0 -9999.0 -9999.0 -9999.0 -9999.0 -9999.0 -9999.0 -9999.0 -9999.0 -9999.0 -9999.0 -9999.0 -9999.0 -9999.0 -9999.0 -9999.0 -9999.0 -9999.0 -9999.0 -9999.0 -9999.0 -9999.0 -9999.0 -9999.0 -9999.0 -9999.0 -9999.0 -9999.0 -9999.0 -9999.0 -9999.0 -9999.0 -9999.0 -9999.0 -9999.0 -9999.0 -9999.0 -9999.0 -9999.0 -9999.0     1.5     2.1     2.9     3.6     4.0     5.4     6.9     8.4     9.5    11.5    12.2    14.1    13.7    13.6    14.3    15.5    14.7    15.5    15.7    15.5    16.0    18.0    19.3    19.5    17.5    16.2    15.4    16.8    18.6    21.6    25.3    29.5 -9999.0 -9999.0 -9999.0 -9999.0 -9999.0 -9999.0 -9999.0 -9999.0 -9999.0
 -9999.0 -9999.0 -9999.0 -9999.0 -9999.0 -9999.0 -9999.0 -9999.0 -9999.0 -9999.0 -9999.0 -9999.0 -9999.0 -9999.0 -9999.0 -9999.0 -9999.0 -9999.0 -9999.0 -9999.0 -9999.0 -9999.0 -9999.0 -9999.0 -9999.0 -9999.0    70.3    58.6    44.9    34.8    29.5    25.6    24.3    21.8    23.1    22.1 -9999.0 -9999.0 -9999.0 -9999.0 -9999.0 -9999.0 -9999.0 -9999.0 -9999.0 -9999.0 -9999.0 -9999.0 -9999.0 -9999.0 -9999.0 -9999.0 -9999.0 -9999.0 -9999.0 -9999.0 -9999.0 -9999.0 -9999.0 -9999.0 -9999.0 -9999.0 -9999.0 -9999.0 -9999.0 -9999.0 -9999.0 -9999.0 -9999.0 -9999.0 -9999.0 -9999.0 -9999.0 -9999.0 -9999.0 -9999.0 -9999.0 -9999.0 -9999.0 -9999.0 -9999.0 -9999.0 -9999.0 -9999.0 -9999.0 -9999.0     1.0     1.7     2.5     2.9     3.6     4.6     6.1     8.3     9.9    11.7    12.5    14.0    13.1    13.0    12.1    12.3    12.6    11.5    10.3    10.2    10.8    12.2    13.0    15.0    17.3    17.6    17.4    16.5    17.3    19.6    21.3    23.3    23.9 -9999.0 -9999.0    29.8    32.3    35.1    37.5    40.0    42.2    44.8
 -9999.0 -9999.0 -9999.0 -9999.0 -9999.0 -9999.0 -9999.0 -9999.0 -9999.0 -9999.0 -9999.0 -9999.0 -9999.0 -9999.0 -9999.0 -9999.0 -9999.0 -9999.0 -9999.0 -9999.0 -9999.0 -9999.0 -9999.0 -9999.0 -9999.0 -9999.0    53.3    38.9    29.2    21.4    16.6    14.7    18.3    17.5    18.7    19.4    19.9    19.6 -9999.0 -9999.0 -9999.0 -9999.0 -9999.0 -9999.0 -9999.0 -9999.0 -9999.0 -9999.0 -9999.0 -9999.0 -9999.0 -9999.0 -9999.0 -9999.0 -9999.0 -9999.0 -9999.0 -9999.0 -9999.0 -9999.0 -9999.0 -9999.0 -9999.0 -9999.0 -9999.0 -9999.0 -9999.0 -9999.0 -9999.0 -9999.0 -9999.0 -9999.0 -9999.0 -9999.0 -9999.0 -9999.0 -9999.0 -9999.0 -9999.0 -9999.0 -9999.0 -9999.0 -9999.0 -9999.0 -9999.0 -9999.0     0.7     1.2     1.9     2.5     3.7     4.7     6.3     8.3    10.0    12.5    13.1    13.9    12.9     9.7     9.1     8.9     8.6     8.0     6.5     6.2     6.9     8.0     9.1    11.3    13.9    15.1    15.4    14.8    17.0    17.9    17.4    18.3    21.2    20.0    22.8    26.3    29.3    32.1    34.7    38.1    39.7    42.2
 -9999.0 -9999.0 -9999.0 -9999.0 -9999.0 -9999.0 -9999.0 -9999.0 -9999.0 -9999.0 -9999.0 -9999.0 -9999.0 -9999.0 -9999.0 -9999.0 -9999.0 -9999.0 -9999.0 -9999.0 -9999.0    79.8    79.5    72.8    58.7    45.1    33.1    24.0    16.7    11.4     8.3     7.7     8.0    12.9    15.3    17.1    18.4    16.9 -9999.0 -9999.0 -9999.0 -9999.0 -9999.0 -9999.0 -9999.0 -9999.0 -9999.0 -9999.0 -9999.0 -9999.0 -9999.0 -9999.0 -9999.0 -9999.0 -9999.0 -9999.0 -9999.0 -9999.0 -9999.0 -9999.0 -9999.0 -9999.0 -9999.0 -9999.0 -9999.0 -9999.0 -9999.0 -9999.0 -9999.0 -9999.0 -9999.0 -9999.0 -9999.0 -9999.0 -9999.0 -9999.0 -9999.0 -9999.0 -9999.0 -9999.0 -9999.0 -9999.0 -9999.0 -9999.0 -9999.0 -9999.0     0.4     0.7     1.3     2.1     3.0     4.0     5.7     7.3     9.8    11.5    13.9    11.8     8.5     7.1     5.7     4.8     4.9     5.4     5.2     4.9     5.0     5.5     6.8     8.5    10.6    12.4    13.5    12.3    13.2    17.6    14.3    13.7    13.7    15.9    19.5    23.6    27.0    29.6    32.0    34.5    37.3 -9999.0
 -9999.0 -9999.0 -9999.0 -9999.0 -9999.0 -9999.0 -9999.0 -9999.0 -9999.0 -9999.0 -9999.0 -9999.0 -9999.0 -9999.0 -9999.0 -9999.0 -9999.0 -9999.0 -9999.0 -9999.0    57.1    61.7    59.3    54.8    43.1    29.7    19.3    13.0     9.3     6.7     5.0     5.2     6.3     9.4    13.7    15.3    16.4    16.0    16.2 -9999.0 -9999.0 -9999.0 -9999.0 -9999.0 -9999.0 -9999.0 -9999.0 -9999.0 -9999.0 -9999.0 -9999.0 -9999.0 -9999.0 -9999.0 -9999.0 -9999.0 -9999.0 -9999.0 -9999.0 -9999.0 -9999.0 -9999.0 -9999.0 -9999.0 -9999.0 -9999.0 -9999.0 -9999.0 -9999.0 -9999.0 -9999.0 -9999.0 -9999.0 -9999.0 -9999.0 -9999.0 -9999.0 -9999.0 -9999.0 -9999.0 -9999.0 -9999.0 -9999.0 -9999.0 -9999.0 -9999.0     0.3     0.5     0.8     1.5     2.1     3.0     4.0     5.9     7.5     9.8    12.0     8.7     5.6     5.5     2.9     2.4     2.5     4.1     5.4     5.8     4.7     4.3     4.6     6.6     8.4     9.3    10.4    11.8    12.2    13.2    11.3    10.1    10.4    13.0    18.0    22.2    25.6    28.0    30.3    33.6    36.1 -9999.0
 -9999.0 -9999.0 -9999.0 -9999.0 -9999.0 -9999.0 -9999.0 -9999.0 -9999.0 -9999.0 -9999.0 -9999.0 -9999.0 -9999.0 -9999.0 -9999.0 -9999.0 -9999.0 -9999.0 -9999.0    35.2    39.0    41.2    36.8    26.4    16.9     9.5     5.6     4.4     3.9     3.7     4.9     7.3     9.6    12.6    14.1    14.1    15.8    12.6    17.0 -9999.0 -9999.0 -9999.0 -9999.0 -9999.0 -9999.0 -9999.0 -9999.0 -9999.0 -9999.0 -9999.0 -9999.0 -9999.0 -9999.0 -9999.0 -9999.0 -9999.0 -9999.0 -9999.0 -9999.0 -9999.0 -9999.0 -9999.0 -9999.0 -9999.0 -9999.0 -9999.0 -9999.0 -9999.0 -9999.0 -9999.0 -9999.0 -9999.0 -9999.0 -9999.0 -9999.0 -9999.0 -9999.0 -9999.0 -9999.0 -9999.0 -9999.0 -9999.0 -9999.0 -9999.0 -9999.0 -9999.0 -9999.0     0.5     1.0     1.5     2.2     3.4     3.7     4.9     7.0     5.7     4.9     3.4     2.3     1.5     1.3     1.7     3.1     4.4     4.6     3.4     2.5     2.8     4.7     6.9     8.5    10.1    11.6    12.7    10.3     9.3     8.4     8.8    11.8    16.9    22.0    25.9    29.0    29.7    32.4 -9999.0 -9999.0
 -9999.0 -9999.0 -9999.0 -9999.0 -9999.0 -9999.0 -9999.0 -9999.0 -9999.0 -9999.0 -9999.0 -9999.0 -9999.0 -9999.0 -9999.0 -9999.0 -9999.0 -9999.0 -9999.0    17.9    21.1    25.5    23.4    21.2    14.5     6.8     3.1     2.2     1.8     2.4     3.9     5.3     8.3    11.2    13.0    13.0    14.1    11.8    10.1    11.2 -9999.0 -9999.0 -9999.0 -9999.0 -9999.0 -9999.0 -9999.0 -9999.0 -9999.0 -9999.0 -9999.0 -9999.0 -9999.0 -9999.0 -9999.0 -9999.0 -9999.0 -9999.0 -9999.0 -9999.0 -9999.0 -9999.0 -9999.0 -9999.0 -9999.0 -9999.0 -9999.0 -9999.0 -9999.0 -9999.0 -9999.0 -9999.0 -9999.0 -9999.0 -9999.0 -9999.0 -9999.0 -9999.0 -9999.0 -9999.0 -9999.0 -9999.0 -9999.0 -9999.0 -9999.0 -9999.0 -9999.0     0.3     0.5     0.8     1.2     1.5     2.0     2.1     2.5     3.3     2.9     3.4     2.2     1.4     1.2     1.0     1.2     1.9     2.5     2.5     1.9     1.5     1.9     3.5     6.0     8.3    10.4    10.3     9.8     9.7     8.7     8.3     9.5    11.9    16.5    22.2    26.4    28.9    31.0 -9999.0 -9999.0 -9999.0
 -9999.0 -9999.0 -9999.0 -9999.0 -9999.0 -9999.0 -9999.0 -9999.0 -9999.0 -9999.0 -9999.0 -9999.0 -9999.0 -9999.0 -9999.0 -9999.0    13.2    15.4    19.6    18.0    14.9    22.3    22.2    17.5     9.9     4.4     1.3     1.2     1.5     2.8     4.6     7.2    10.3    12.4    13.9    14.7    13.9    10.8     7.9     6.3     7.0     7.0     7.6 -9999.0 -9999.0 -9999.0 -9999.0 -9999.0 -9999.0 -9999.0 -9999.0 -9999.0 -9999.0 -9999.0 -9999.0 -9999.0 -9999.0 -9999.0 -9999.0 -9999.0 -9999.0 -9999.0 -9999.0 -9999.0 -9999.0 -9999.0 -9999.0 -9999.0 -9999.0 -9999.0 -9999.0 -9999.0 -9999.0 -9999.0 -9999.0 -9999.0 -9999.0 -9999.0 -9999.0     0.5     0.4     0.2 -9999.0 -9999.0     0.1     0.2     0.3     0.3     0.4     1.0     1.3     1.5     1.2     1.1     1.2     1.8     1.3     1.4     1.0     0.9     0.8     0.7     0.7     0.8     1.1     1.3     1.2     1.3     1.8     3.3     5.9     8.9    10.5     9.6     9.8     9.6    11.4     8.8     9.1    10.5    15.2    21.4    26.7    30.2    33.1 -9999.0 -9999.0 -9999.0
 -9999.0 -9999.0 -9999.0 -9999.0 -9999.0 -9999.0 -9999.0 -9999.0 -9999.0 -9999.0 -9999.0 -9999.0 -9999.0 -9999.0    18.1    19.9    23.9    26.1    23.4    25.0    26.0    12.0    20.1     8.9     3.9     2.0     2.0     2.6     3.3     5.1     7.4     9.6    11.8    12.9    16.5    17.8    15.9    21.5    14.9     9.1     8.6     7.7     6.4     6.2     8.6 -9999.0 -9999.0 -9999.0 -9999.0 -9999.0 -9999.0 -9999.0 -9999.0 -9999.0 -9999.0 -9999.0 -9999.0 -9999.0 -9999.0 -9999.0 -9999.0 -9999.0 -9999.0 -9999.0 -9999.0 -9999.0 -9999.0 -9999.0 -9999.0 -9999.0 -9999.0 -9999.0 -9999.0 -9999.0 -9999.0 -9999.0 -9999.0 -9999.0     1.0     0.7     0.5     0.3     0.2     0.2     0.2     0.3     0.5     0.5     0.5     1.0     1.2     1.5     1.1     1.0     0.9     1.5     0.8     0.7     0.6     0.5     0.5     0.4     0.4     0.4     0.6     1.1     1.3     1.7     2.8     4.5     7.3     9.1     9.2     8.7    11.8     8.6     9.1     9.3     9.1    10.2    14.1    20.3    26.3    31.1 -9999.0 -9999.0 -9999.0 -9999.0
 -9999.0 -9999.0 -9999.0 -9999.0 -9999.0 -9999.0 -9999.0 -9999.0 -9999.0 -9999.0 -9999.0 -9999.0 -9999.0 -9999.0    29.0    30.5    30.1    26.0    31.0    32.2    14.2     7.5     5.5     5.6     4.5     4.4     5.6     7.2     8.3     9.4    10.6    11.1    11.6    10.0    10.3    11.6     9.7    12.7     6.7     5.5     3.5     1.0     1.2     1.6     1.4     2.8    10.5     3.4 -9999.0 -9999.0 -9999.0 -9999.0 -9999.0 -9999.0 -9999.0 -9999.0 -9999.0 -9999.0 -9999.0 -9999.0 -9999.0 -9999.0 -9999.0 -9999.0 -9999.0 -9999.0 -9999.0 -9999.0 -9999.0 -9999.0 -9999.0 -9999.0 -9999.0 -9999.0 -9999.0 -9999.0 -9999.0 -9999.0     1.5     1.0     0.7     0.5     0.4     0.3     0.4     0.5     0.6     0.7     0.8     1.2     2.0     2.2     1.9     1.1     1.8     0.6     0.6     0.3     0.4     0.4     0.4     0.3     0.2     0.3     0.7     1.8     2.5     3.2     5.3     7.1     8.2     8.7    10.9     9.5     8.1     6.9     9.3    10.2    10.2    11.3    14.7    20.4    26.6    32.0 -9999.0 -9999.0 -9999.0 -9999.0
 -9999.0 -9999.0 -9999.0 -9999.0 -9999.0 -9999.0 -9999.0 -9999.0 -9999.0 -9999.0 -9999.0 -9999.0 -9999.0 -9999.0 -9999.0    29.0    32.5    37.9    45.3    42.2    30.3    37.7    10.0    21.6    15.8    13.0    14.1    16.4    16.5    15.6    14.4    12.0     9.8     8.0     8.6    11.6    13.8    13.5    10.6    10.4    10.9     5.8     3.9     1.4     0.8     0.6     0.8     1.6     2.0 -9999.0 -9999.0 -9999.0 -9999.0 -9999.0 -9999.0 -9999.0 -9999.0 -9999.0 -9999.0 -9999.0 -9999.0 -9999.0 -9999.0 -9999.0 -9999.0 -9999.0 -9999.0 -9999.0 -9999.0 -9999.0 -9999.0 -9999.0 -9999.0 -9999.0 -9999.0 -9999.0 -9999.0     2.0     1.8     1.2     0.9     0.9     0.7     0.6     0.8     1.1     1.6     1.2     1.3     2.1     2.0     2.2     2.4     1.2     0.3     0.3     0.3     0.3     0.3     0.3     0.3     0.2     0.3     0.6     1.6     3.2     4.7     6.1     9.0    10.7    10.2    12.1    12.5     6.7     5.4     6.9     8.3     9.7    11.4    13.0 -9999.0 -9999.0 -9999.0 -9999.0 -9999.0 -9999.0 -9999.0 -9999.0
 -9999.0 -9999.0 -9999.0 -9999.0 -9999.0 -9999.0 -9999.0 -9999.0 -9999.0 -9999.0 -9999.0 -9999.0 -9999.0 -9999.0 -9999.0    31.6    38.3    46.4    52.8    52.3    51.7    49.4    41.4    19.6     1.2     0.2     0.9    12.9     3.1    17.6    19.1    15.6     7.2    15.8    15.1    17.6    26.4    20.9    15.5    15.4    15.6     9.4    11.3    14.1     2.7     0.4     0.2     0.3     0.6 -9999.0 -9999.0 -9999.0 -9999.0 -9999.0 -9999.0 -9999.0 -9999.0 -9999.0 -9999.0 -9999.0 -9999.0 -9999.0 -9999.0 -9999.0 -9999.0 -9999.0 -9999.0 -9999.0 -9999.0 -9999.0 -9999.0 -9999.0 -9999.0 -9999.0 -9999.0 -9999.0 -9999.0     1.9     1.5     1.2     1.0     1.0     1.2     1.6     1.6     2.1     2.1     1.8     1.5     1.7     2.3     1.5     0.5     0.4     0.3     0.2     0.3     0.3     0.3     0.3     0.3     0.3     0.5     1.4     3.1     5.3     7.1     8.1    10.2    11.6    10.5     8.3     6.8     5.4     6.5     6.8     9.0    11.4    14.1    16.4 -9999.0 -9999.0 -9999.0 -9999.0 -9999.0 -9999.0 -9999.0 -9999.0
 -9999.0 -9999.0 -9999.0 -9999.0 -9999.0 -9999.0 -9999.0 -9999.0 -9999.0 -9999.0 -9999.0 -9999.0 -9999.0 -9999.0 -9999.0    35.7    40.2    36.8    31.7    45.7    48.8    50.1    14.8    16.4     7.7     2.9     0.0     0.0     0.4     3.1     7.1    12.1     7.6     5.5    12.5    19.3    18.9     8.1     5.5     1.1     2.9     5.6     8.0    12.5    10.1     4.4     1.0     0.3     1.7     2.9     2.5     2.9     2.9     3.1     2.5     5.9    13.0    15.9    12.3    13.8 -9999.0 -9999.0 -9999.0 -9999.0 -9999.0 -9999.0 -9999.0 -9999.0 -9999.0 -9999.0 -9999.0 -9999.0 -9999.0 -9999.0 -9999.0     3.1     2.2     1.7     1.4     1.0     1.0     1.2     1.4     1.9     2.4     2.7     2.8     2.4     2.0     1.6     1.4     0.7     0.4     0.2     0.2     0.3     0.3     0.3     0.2     0.2     0.3     0.4     1.0     2.6     4.8     6.6     7.3     7.9     9.6    10.4     9.6    12.9     8.6     6.7     6.7     7.6    13.1    15.9    18.6    21.8 -9999.0 -9999.0 -9999.0 -9999.0 -9999.0 -9999.0 -9999.0 -9999.0
 -9999.0 -9999.0 -9999.0 -9999.0 -9999.0 -9999.0 -9999.0 -9999.0 -9999.0 -9999.0 -9999.0 -9999.0 -9999.0 -9999.0 -9999.0    36.9    40.1    37.3    19.2     7.8     3.1     0.2     0.4     3.6     1.7     0.0     0.0     0.1     0.3     0.0     0.1     7.6     1.3     0.2     0.1     0.1     1.6     0.5     0.1     0.1     0.0     0.2     1.5     2.3     3.4     4.2     3.2     2.2     2.3     1.9     1.8     1.6     2.0     4.0     3.1     3.9     4.2     5.1     5.8     6.1     5.3     3.9 -9999.0 -9999.0 -9999.0 -9999.0 -9999.0 -9999.0     2.4     2.2     1.8     1.9     2.5     2.6     2.7     2.0     1.8     1.1     0.8     0.8     0.8     1.0     1.3     2.0     2.7     3.3     3.2     2.5     1.8     1.3     1.0     0.7     0.6     0.3     0.3     0.3     0.3     0.2     0.2     0.2     0.2     0.5     1.7     4.1     6.4     6.8     6.8     7.1     7.7    10.3    11.4    11.8    10.6    10.8     7.2    10.0    15.8    20.9    24.8    28.2 -9999.0 -9999.0 -9999.0 -9999.0 -9999.0 -9999.0 -9999.0 -9999.0
 -9999.0 -9999.0 -9999.0 -9999.0 -9999.0 -9999.0 -9999.0 -9999.0 -9999.0 -9999.0 -9999.0 -9999.0 -9999.0    15.2    23.4    12.3     6.5    13.2     4.8     1.3     3.3    13.8    11.9     0.2     0.2     0.0     0.0     3.5     9.3    12.2     9.4     4.7     1.7     1.9     1.2     0.8     1.3     1.4     1.4     0.5     0.2     0.4     0.8     1.3     1.9     2.5     2.7     4.0     4.0     3.8     3.5     2.6     2.5     1.7     1.2     2.0     2.1     2.6     2.4     2.5     2.4     1.9     1.4     1.3     1.9     3.0     1.5     1.2     0.5     0.7     1.4     2.4     2.2     2.4     2.4     1.7     1.2     0.8     0.7     0.7     0.7     0.7     1.3     2.1     3.3     3.4     3.3     2.2     1.4     0.8     0.8     0.8     0.3     0.3     0.3     0.4     0.4     0.2     0.1     0.2     0.3     1.0     3.2     6.4     8.0     8.1     8.6     9.7    11.3    15.8    15.0    18.8    21.5    14.6    13.9    14.9    20.2    26.2    30.9 -9999.0 -9999.0 -9999.0 -9999.0 -9999.0 -9999.0 -9999.0 -9999.0 -9999.0
 -9999.0 -9999.0 -9999.0 -9999.0 -9999.0 -9999.0 -9999.0 -9999.0 -9999.0    20.4    19.9    18.4    16.2    14.4    10.5    17.2     7.6    11.8     7.4     4.5     6.1    11.5    16.9    13.4     7.5     5.0     4.4     5.3     5.9     7.8     7.0     4.0     2.1     1.1     0.4     0.7     1.5     1.6     0.8     0.9     0.9     1.4     2.2     2.7     3.2     4.2     4.8     5.1     5.5     4.5     3.8     2.6     2.3     1.7     0.9     1.0     1.4     1.7     1.5     1.0     0.7     0.6     0.3     0.2     0.1     0.2     0.3     0.3     0.9     1.6     3.1     4.2     2.3     3.4     3.6     2.5     1.4     0.9     0.8     0.7     0.8     0.7     1.3     1.9     3.1     3.8     3.1     1.7     1.1     0.4     0.3     0.2     0.6     0.5     0.3     0.4     0.3     0.2     0.2     0.4     1.3     3.5     7.5    10.4    10.6    11.5    13.3    16.0    19.5    20.5    24.4    30.2    26.7    24.4    33.8    20.4 -9999.0    31.5 -9999.0 -9999.0 -9999.0 -9999.0 -9999.0 -9999.0 -9999.0 -9999.0 -9999.0 -9999.0
 -9999.0 -9999.0 -9999.0 -9999.0 -9999.0    19.9    19.1    16.1    15.5    15.7    13.0    12.4    11.2    10.9     8.7    12.5    14.8    11.0     6.2     3.8     4.5     7.4     9.0     7.0     4.1     2.5     2.2     2.8     4.1     5.6     4.9     1.8     1.7     1.0     0.8     1.3     0.8     0.3     0.2     0.2     0.5     1.1     1.2     2.0     2.9     4.1     5.0     5.4     5.4     5.4     3.8     2.3     1.3     1.1     1.8     0.8     0.8     1.0     0.8     0.7     0.4     0.3     0.2     0.1     0.0     0.1     0.2     0.3     2.2     6.6     0.7     0.4     0.5     1.2     2.3     2.0     1.4     1.3     1.1     1.3     1.6     1.7     1.1     1.8     3.3     3.6     4.6     1.4     0.5     0.2     0.2     0.2     0.3     0.3     0.3     0.3     0.3     0.3     0.6     1.7     4.6     8.7    13.0    13.7    13.8    16.6    20.6    24.5    27.5    32.5    35.6    35.8    32.6    36.1 -9999.0 -9999.0 -9999.0 -9999.0 -9999.0 -9999.0 -9999.0 -9999.0 -9999.0 -9999.0 -9999.0 -9999.0 -9999.0 -9999.0
 -9999.0 -9999.0 -9999.0    19.6    17.4    17.0    14.4    13.7    12.2    10.6     8.9     8.0     6.9     4.8     3.9     5.6     8.0     7.1     4.7     3.0     3.0     3.9     4.3     3.5     2.2     1.3     1.2     1.6     2.4     3.4     3.9     3.1     1.7     0.7     0.4     0.2     0.2     0.1     0.1     0.2     0.4     0.4     0.9     2.0     2.5     3.2     3.6     4.3     4.3     3.7     3.4     2.3     2.0     1.7     1.4     0.6     0.5     0.6     0.5     0.7     0.6     0.7     0.3     0.2     0.2     0.2     0.2     1.1     3.4     0.3     0.3     0.4     0.5     1.3     2.9     1.2     0.7     0.7     0.5     0.6     0.9     1.0     1.4     2.4     3.1     0.7     1.2     0.3     0.2     0.2     0.3     0.2     0.4     0.4     0.3     0.3     0.4     0.7     1.7     4.3     8.5    11.9    11.6    14.0    17.8    22.0    27.2    32.1    36.4    40.4    40.9    45.5    40.8 -9999.0 -9999.0 -9999.0 -9999.0 -9999.0 -9999.0 -9999.0 -9999.0 -9999.0 -9999.0 -9999.0 -9999.0 -9999.0 -9999.0 -9999.0
 -9999.0 -9999.0    16.2    14.2    14.2    11.4    10.8     9.4     7.9     4.6     2.3     1.6     2.0     0.7     0.9     2.1     3.6     4.0     3.1     2.2     1.9     2.1     2.1     1.6     1.0     0.8     0.8     1.1     1.2     2.1     2.5     2.2     1.4     0.7     0.3     0.2     0.1     0.1     0.1     0.1     0.2     0.2     0.4     0.9     1.6     2.3     3.1     4.3     4.0     3.9     2.7     1.4     1.0     0.7     0.4     0.4     0.9     1.1     1.0     0.9     0.6     0.4     0.4     0.6     0.4     0.2     2.4     0.3     0.2     0.3     0.7     0.7     1.1     1.3     1.0     0.6     0.3     0.2     0.2     0.6     0.9     3.3     1.3     1.6     5.3     0.5     0.5     0.2     0.3     0.8     0.7     0.9     0.8     0.4     0.3     0.4     1.0     2.3     4.6     7.9    11.4    11.7    14.4    16.7    20.9    25.6    31.7    37.0    41.5 -9999.0 -9999.0 -9999.0 -9999.0 -9999.0 -9999.0 -9999.0 -9999.0 -9999.0 -9999.0 -9999.0 -9999.0 -9999.0 -9999.0 -9999.0 -9999.0 -9999.0 -9999.0 -9999.0
 -9999.0 -9999.0    10.1     9.5     9.2     9.4     8.3     6.6     3.8     1.8     0.7     0.3     0.2     0.2     0.3     0.7     1.4     1.9     1.7     1.4     1.2     1.1     1.0     0.7     0.5     0.4     0.4     0.4     0.9     1.1     1.6     1.4     1.0     0.6     0.3     0.2     0.2     0.2     0.2     0.2     0.3     0.5     0.8     1.3     2.2     3.6     4.1     4.3     4.6     4.5     4.1     4.0     2.6     1.3     1.1     2.3     1.3     1.7     1.3     1.2     0.5     1.0     0.2     0.3     0.3     0.5     0.6     0.2     0.4     0.4     1.7     1.2     1.2     1.4     1.3     0.7     0.5     0.2     0.4     1.0     2.0     3.1     1.3     2.0     0.8     5.1     0.6     0.3     0.6     1.0     1.1     1.0     0.8     0.6     0.7     1.3     3.3     7.0    11.3    13.9    16.2    18.5    18.8    20.3    24.0    29.3    35.2 -9999.0 -9999.0 -9999.0 -9999.0 -9999.0 -9999.0 -9999.0 -9999.0 -9999.0 -9999.0 -9999.0 -9999.0 -9999.0 -9999.0 -9999.0 -9999.0 -9999.0 -9999.0 -9999.0 -9999.0 -9999.0
 -9999.0     5.3     4.7     3.9     2.3     3.8     6.3     4.9     2.9     1.2     0.4     0.2     0.1     0.1     0.2     0.3     0.6     0.8     0.9     0.8     0.7     0.6     0.5     0.4     0.3     0.3     0.3     0.3     0.5     0.7     0.9     0.9     0.7     0.5     0.4     0.5     0.6     0.6     0.5     0.4     0.4     0.2     0.1     0.0     0.8     0.6     0.2     2.6     0.9     1.8     2.2     1.6     2.5     4.6     5.3     3.7     2.2     4.9     2.8     3.5     2.8     0.9     0.8     0.5     0.6     0.8     0.8     1.5     3.6     0.9     1.5     1.3     1.3     1.3     1.2     1.0     0.7     0.8     0.8     1.7     2.2     2.0     3.4     3.8     1.7     0.7     0.4     0.9     1.6     1.8     1.2     0.6     0.8     1.2     2.0     4.1 -9999.0    16.4    23.8    26.7    27.4    27.1    25.5    25.4    27.5 -9999.0 -9999.0 -9999.0 -9999.0 -9999.0 -9999.0 -9999.0 -9999.0 -9999.0 -9999.0 -9999.0 -9999.0 -9999.0 -9999.0 -9999.0 -9999.0 -9999.0 -9999.0 -9999.0 -9999.0 -9999.0 -9999.0 -9999.0
 -9999.0 -9999.0     2.5     1.3     1.1     1.3     1.7     1.3     2.1     0.9     0.3     0.1     0.1     0.1     0.1     0.2     0.3     0.4     0.5     0.4     0.4     0.3     0.3     0.2     0.2     0.2     0.2     0.2     0.3     0.5     0.6     0.6     0.1     0.1     0.1     0.2     0.5     0.4     0.2     0.2     0.2     0.2     0.2     0.3     0.9     1.4     1.4     1.2     1.7     1.8     0.7     1.8     2.2     2.4     4.5     7.4     6.3     4.8     6.4     6.8     2.4     1.7     1.3     1.0     1.2     1.7     2.2     7.3     1.9     2.5     3.7     2.9     2.2     2.0     2.0     2.2     2.4     2.4     3.5     4.7     5.4     1.9     3.2     6.4     0.6     0.9     2.0     3.7     5.1     5.3     3.8     2.3     2.6     3.8     5.6 -9999.0 -9999.0    26.7    37.2    40.2    38.6    35.4    32.0    30.2 -9999.0 -9999.0 -9999.0 -9999.0 -9999.0 -9999.0 -9999.0 -9999.0 -9999.0 -9999.0 -9999.0 -9999.0 -9999.0 -9999.0 -9999.0 -9999.0 -9999.0 -9999.0 -9999.0 -9999.0 -9999.0 -9999.0 -9999.0 -9999.0
 -9999.0 -9999.0     1.2     0.3     0.5     0.2     0.2     0.2     0.3     0.5     0.2     0.1     0.1     0.1     0.2     0.2     0.2     0.2     0.3     0.3     0.3     0.2     0.2     0.2     0.2     0.2     0.2     0.2     0.3     0.2     0.1     0.0     0.0     0.0     0.0     0.1     0.6     0.7     0.4     0.4     0.3     0.3     0.3     0.6     1.1     1.0     0.4     0.5     0.5     1.0     1.5     1.8     2.0     1.8     3.1     3.9     5.6     8.1    10.2     8.4     6.0     3.7     3.3     2.4     2.0     1.9     3.1     7.1     4.3     7.0     8.5     6.5     4.8     3.8     4.0     4.6     5.7     5.6     6.9     4.7     5.6     4.1     6.1     2.7     2.0     3.2     5.9     9.7    12.6    13.0    11.1     8.7     8.6     9.7    11.4    14.8    21.2    31.3 -9999.0 -9999.0 -9999.0 -9999.0 -9999.0 -9999.0 -9999.0 -9999.0 -9999.0 -9999.0 -9999.0 -9999.0 -9999.0 -9999.0 -9999.0 -9999.0 -9999.0 -9999.0 -9999.0 -9999.0 -9999.0 -9999.0 -9999.0 -9999.0 -9999.0 -9999.0 -9999.0 -9999.0 -9999.0 -9999.0
 -9999.0 -9999.0 -9999.0 -9999.0     0.1     0.1     0.2     0.2     0.0     0.2     0.2     0.2     0.2     0.2     0.2     0.2     0.2     0.2     0.2     0.2     0.2     0.2     0.2     0.2     0.2     0.2     0.1     0.1     0.0     0.0     0.0     0.0     0.0     0.0     0.0     0.1     0.1     0.2     0.4     0.5     0.4     0.4     0.6     0.9     1.4     1.8     1.7     0.7     1.3     1.1     2.2     1.6     2.1     2.3     2.3     2.6     3.8     6.3    10.7    13.0    13.6     8.2     7.4     4.9     4.1     3.0     3.8     4.9     6.5     9.4    10.8     9.3     7.4     6.6     7.4     8.9    10.3     8.2     8.8     8.8     7.7     4.5     5.4     4.4     4.3     6.1    10.0    15.3    19.8    20.2    18.1    16.6    17.1    17.5    17.5    19.0    23.3    30.3    39.7    44.7    43.6    39.6    35.7 -9999.0 -9999.0 -9999.0 -9999.0 -9999.0 -9999.0 -9999.0 -9999.0 -9999.0 -9999.0 -9999.0 -9999.0 -9999.0 -9999.0 -9999.0 -9999.0 -9999.0 -9999.0 -9999.0 -9999.0 -9999.0 -9999.0 -9999.0 -9999.0 -9999.0
 -9999.0 -9999.0 -9999.0     0.0     0.0     0.0     0.0     0.0     0.0     0.1     0.1     0.1     0.2     0.3     0.3     0.3     0.2     0.2     0.2     0.2     0.2     0.2     0.2     0.1     0.0     0.0     0.0     0.0     0.0     0.0     0.0     0.0     0.0     0.0     0.1     0.2     0.3     0.0     0.0     0.1     0.5     0.7     0.9     1.5     2.3     3.0     2.8     2.2     2.1     2.4     3.1     3.5     2.9     2.1     1.7     1.8     3.3     6.6    11.4    11.5    12.3    12.3    12.7     8.4     3.6     6.3     8.2     4.7    10.6    10.7    10.6    10.4     9.3     8.9     9.8    11.5    12.7    11.5    13.0     7.1     6.1     7.4     5.7     5.8     5.1     8.0    12.1    17.2    21.9    23.0    22.1    23.0    25.2    24.6    22.1    21.3    23.1    28.0    35.0    35.1    39.2    36.8    33.8 -9999.0 -9999.0 -9999.0 -9999.0 -9999.0 -9999.0 -9999.0 -9999.0 -9999.0 -9999.0 -9999.0 -9999.0 -9999.0 -9999.0 -9999.0 -9999.0 -9999.0 -9999.0 -9999.0 -9999.0 -9999.0 -9999.0 -9999.0 -9999.0 -9999.0
 -9999.0 -9999.0 -9999.0 -9999.0     0.0     0.0     0.0     0.0     0.0     0.0     0.0     0.0     0.0     0.0     0.1     0.1     0.1     0.1     0.2     0.2     0.1     0.1     0.0     0.0     0.0     0.0     0.0     0.0     0.0     0.0     0.0     0.0     0.0     0.0     0.0     0.1     0.1     0.0     0.1     0.4     0.1     0.8     1.2     2.4     3.4     4.0     3.6     2.6     1.9     2.2     3.1     4.1     3.5     2.5     1.3     1.3     2.6     6.5    10.9    11.0    12.7    10.9     8.8     7.5     4.7     4.0     9.7     7.7     8.3    11.5     9.0     8.5     7.9     8.3     9.0    10.2    10.5    12.5    13.1     9.7    10.1     7.1     6.9     4.1     5.1     8.9    13.2    17.7    21.5    23.0    23.9    27.1    29.7    29.0    25.3    23.3    24.9    28.5    32.3    35.7    36.0    34.1    31.7 -9999.0 -9999.0 -9999.0 -9999.0 -9999.0 -9999.0 -9999.0 -9999.0 -9999.0 -9999.0 -9999.0 -9999.0 -9999.0 -9999.0 -9999.0 -9999.0 -9999.0 -9999.0 -9999.0 -9999.0 -9999.0 -9999.0 -9999.0 -9999.0 -9999.0
 -9999.0 -9999.0 -9999.0 -9999.0 -9999.0     0.1     0.0     0.0     0.0     0.0     0.0     0.0     0.0     0.0     0.0     0.1     0.0     0.1     0.1     0.0     0.0     0.0     0.0     0.0     0.0     0.0     0.0     0.0     0.0     0.0     0.0     0.0     0.0     0.0     0.0     0.1     0.1     0.1     0.0     0.0     0.2     0.0     0.0     0.2     1.7     4.2     3.2     2.7     2.4     2.4     3.1     4.5     4.6     2.3     2.0     0.9     1.4     3.4     8.3     8.0    10.8     5.1     3.2     3.2     5.8     5.5    10.2    13.1     9.6     8.6     6.4     5.8     6.5     7.2     7.3     7.9     7.8    10.3    12.8     9.1    10.4     8.3     5.9     4.1     5.8    10.3    15.5    19.5    21.9    23.5    25.7    29.4    32.8    33.0    30.9    29.0    30.7    32.9    34.4    35.3    34.7    32.6 -9999.0 -9999.0 -9999.0 -9999.0 -9999.0 -9999.0 -9999.0 -9999.0 -9999.0 -9999.0 -9999.0 -9999.0 -9999.0 -9999.0 -9999.0 -9999.0 -9999.0 -9999.0 -9999.0 -9999.0 -9999.0 -9999.0 -9999.0 -9999.0 -9999.0 -9999.0
 -9999.0 -9999.0 -9999.0 -9999.0 -9999.0 -9999.0 -9999.0     0.0     0.0     0.0     0.0     0.0     0.0     0.0     0.0     0.0     0.0     0.0     0.0     0.0     0.0     0.0     0.0     0.0     0.0     0.0     0.0     0.0     0.0     0.0     0.0     0.0     0.0     0.0     0.1     0.1     0.2     0.2     0.2     0.2     0.1     0.1     0.1     0.1     0.8     2.8     2.7     2.9     2.8     3.4     3.0     3.1     3.7     2.6     2.4     1.0     1.1     2.9     6.8     9.2     7.8     5.9     2.4     3.4     4.1     6.5    10.3    12.3    13.9     6.8     5.7     5.5     6.5     7.4     6.5     7.5     8.4     9.2     9.0    10.8    13.9    11.0    10.8     6.3     9.0    14.9    20.9    23.7    24.4    25.7    29.0    33.3    37.5    40.5    42.0    42.3    41.9    41.2    39.9    38.2 -9999.0 -9999.0 -9999.0 -9999.0 -9999.0 -9999.0 -9999.0 -9999.0 -9999.0 -9999.0 -9999.0 -9999.0 -9999.0 -9999.0 -9999.0 -9999.0 -9999.0 -9999.0 -9999.0 -9999.0 -9999.0 -9999.0 -9999.0 -9999.0 -9999.0 -9999.0 -9999.0 -9999.0
 -9999.0 -9999.0 -9999.0 -9999.0 -9999.0 -9999.0 -9999.0     0.0     0.0     0.0     0.0     0.0     0.0     0.0     0.0     0.0     0.0     0.0     0.0     0.0     0.0     0.0     0.0     0.0     0.0     0.0     0.0     0.0     0.0     0.0     0.0     0.0     0.0     0.1     0.2     0.4     0.6     0.6     0.8     0.7     0.7     0.4     0.4     0.8     1.0     1.8     2.6     3.3     3.6     3.8     3.6     3.2     2.8     2.6     3.1     2.2     1.6     3.0     7.2     8.1     8.2     9.3     9.9     3.0     5.7     7.1    10.2    13.1    16.0    10.5     9.0     8.4     9.2    10.3    10.8     8.9     9.3    10.6    12.1    13.8    16.1    15.0     9.5    11.6    16.9    24.2    29.7    30.1    29.3    30.9    35.3    40.9    46.3    51.1    55.8    57.5    55.0 -9999.0 -9999.0 -9999.0 -9999.0 -9999.0 -9999.0 -9999.0 -9999.0 -9999.0 -9999.0 -9999.0 -9999.0 -9999.0 -9999.0 -9999.0 -9999.0 -9999.0 -9999.0 -9999.0 -9999.0 -9999.0 -9999.0 -9999.0 -9999.0 -9999.0 -9999.0 -9999.0 -9999.0 -9999.0 -9999.0 -9999.0
 -9999.0 -9999.0 -9999.0 -9999.0 -9999.0 -9999.0 -9999.0 -9999.0 -9999.0 -9999.0     0.0     0.0     0.0     0.0     0.0     0.0     0.0     0.0     0.0     0.0     0.0     0.0     0.0     0.0     0.0     0.0     0.0     0.0     0.0     0.0     0.0     0.0     0.1     0.2     0.3     0.2     0.8     1.1     0.5     1.6     1.3     1.5     1.5     1.7     1.5     2.7     3.1     4.1     4.5     4.4     3.7     3.2     2.9     3.2     4.1     4.9     5.2     6.6     6.9     6.8     7.6     7.8     8.0     7.7    11.1     6.0     9.4    15.6    18.1    17.2    15.6    15.6    16.0    17.0    16.2    16.0    15.7    18.7    19.6    21.8    19.3    18.0    19.5    22.9    29.7    37.2    40.2    37.9    36.6    39.8    44.4    50.4    57.6    61.5    65.3    66.9    63.8    58.7 -9999.0 -9999.0 -9999.0 -9999.0 -9999.0 -9999.0 -9999.0 -9999.0 -9999.0 -9999.0 -9999.0 -9999.0 -9999.0 -9999.0 -9999.0 -9999.0 -9999.0 -9999.0 -9999.0 -9999.0 -9999.0 -9999.0 -9999.0 -9999.0 -9999.0 -9999.0 -9999.0 -9999.0 -9999.0 -9999.0
 -9999.0 -9999.0 -9999.0 -9999.0 -9999.0 -9999.0 -9999.0 -9999.0 -9999.0 -9999.0 -9999.0     0.0     0.0     0.0     0.0     0.0     0.0     0.0     0.0     0.0     0.0     0.0     0.0     0.0     0.0     0.0     0.0     0.0     0.0     0.0     0.0     0.1     0.1     0.1     0.2     0.4     0.3     1.1     2.1     3.3     3.9     3.6     3.0     2.4     2.7     3.2     4.0     4.6     4.7     4.5     4.8     4.2     3.6     3.7     4.6     5.6     6.4     6.8     5.0     5.9     5.3     6.7     8.8    11.3     9.3    16.9    12.4    18.8    22.9    24.5    23.7    23.2    23.8    25.8    30.3    31.6    37.8    36.6    33.2    40.8    33.8    32.0    34.6    38.9    45.9    52.2    51.6    46.9    45.7    47.7    50.2    53.6    59.2    62.3    65.8    67.3    64.8    61.6 -9999.0 -9999.0 -9999.0 -9999.0 -9999.0 -9999.0 -9999.0 -9999.0 -9999.0 -9999.0 -9999.0 -9999.0 -9999.0 -9999.0 -9999.0 -9999.0 -9999.0 -9999.0 -9999.0 -9999.0 -9999.0 -9999.0 -9999.0 -9999.0 -9999.0 -9999.0 -9999.0 -9999.0 -9999.0 -9999.0
 -9999.0 -9999.0 -9999.0 -9999.0 -9999.0 -9999.0 -9999.0 -9999.0 -9999.0 -9999.0 -9999.0 -9999.0     0.0     0.0     0.1     0.0     0.1     0.0     0.0     0.0     0.0     0.0     0.0     0.0     0.0     0.0     0.0     0.0     0.0     0.1     0.1     0.1     0.1     0.2     0.3     0.5     0.4     0.7     1.4     2.5     3.8     4.0     3.0     3.2     3.1     3.6     4.1     4.3     3.3     4.0     3.8     4.4     3.9     4.5     4.4     4.8     4.8     4.8     4.3     3.9     3.9     5.4     8.2    12.5     9.8    15.1     9.4    16.3    24.1    30.8    34.8    36.8    38.2    42.9    46.5    49.6    49.9    51.6    53.0    52.6    53.2    44.1    50.1    56.0    61.3    64.4    60.5    52.7    48.9    47.5    46.3    47.9    53.6    58.5    60.2    59.6    60.3    61.4    59.7 -9999.0 -9999.0 -9999.0 -9999.0 -9999.0 -9999.0 -9999.0 -9999.0 -9999.0 -9999.0 -9999.0 -9999.0 -9999.0 -9999.0 -9999.0 -9999.0 -9999.0 -9999.0 -9999.0 -9999.0 -9999.0 -9999.0 -9999.0 -9999.0 -9999.0 -9999.0 -9999.0 -9999.0 -9999.0
 -9999.0 -9999.0 -9999.0 -9999.0 -9999.0 -9999.0 -9999.0 -9999.0 -9999.0 -9999.0 -9999.0 -9999.0     0.0     0.0     0.0     0.1     0.0     0.1     0.1     0.1     0.0     0.1     0.0     0.1     0.0     0.0     0.0     0.0     0.0     0.1     0.1     0.2     0.1     0.2     0.5     0.5     0.6     0.6     0.4     1.1     2.0     2.5     2.9     3.0     3.2     3.4     4.0     4.6     4.8     4.3     4.2     3.7     4.1     5.5     4.4     3.5     2.8     2.8     3.1     3.6     4.1     6.2     9.5    14.7     7.5    11.9    16.5    19.8    29.6    37.0    39.1    43.7    48.3    51.3    53.3    55.9    57.5    58.2    55.1    52.3    58.6    56.1    63.5    68.7    69.8    67.9    62.2    53.8    48.5    45.0    42.6    44.1    53.5    60.9    59.8    56.8    58.9    62.4    62.0 -9999.0 -9999.0 -9999.0 -9999.0 -9999.0 -9999.0 -9999.0 -9999.0 -9999.0 -9999.0 -9999.0 -9999.0 -9999.0 -9999.0 -9999.0 -9999.0 -9999.0 -9999.0 -9999.0 -9999.0 -9999.0 -9999.0 -9999.0 -9999.0 -9999.0 -9999.0 -9999.0 -9999.0 -9999.0
 -9999.0 -9999.0 -9999.0 -9999.0 -9999.0 -9999.0 -9999.0 -9999.0 -9999.0 -9999.0 -9999.0     0.0     0.0     0.0     0.0     0.1     0.0     0.0     0.0     0.2     0.1     0.1     0.1     0.1     0.1     0.0     0.1     0.1     0.1     0.1     0.1     0.3     0.2     0.3     0.3     0.4     0.3     0.4     0.5     0.7     1.0     1.6     2.4     2.9     3.3     3.7     3.7     3.4     3.9     4.0     5.3     6.3     4.9     4.9     3.7     2.5     1.8     2.4     2.5     4.0     5.2     7.4    12.8    17.3    22.0    18.9    13.3    18.4    30.4    39.9    45.8    49.2    47.5    43.9    47.4    52.2    56.7    60.2    59.9    57.9    59.1    65.2    71.4    72.9    69.6    64.7    61.2    57.7    55.1    52.3    50.7    54.7    66.9    72.3    68.5    63.8    64.3    66.2    64.4    55.7 -9999.0 -9999.0 -9999.0 -9999.0 -9999.0 -9999.0 -9999.0 -9999.0 -9999.0 -9999.0 -9999.0 -9999.0 -9999.0 -9999.0 -9999.0 -9999.0 -9999.0 -9999.0 -9999.0 -9999.0 -9999.0 -9999.0 -9999.0 -9999.0 -9999.0 -9999.0 -9999.0 -9999.0
 -9999.0 -9999.0 -9999.0 -9999.0 -9999.0 -9999.0 -9999.0 -9999.0 -9999.0 -9999.0 -9999.0     0.0     0.0     0.1     0.1     0.0     0.0     0.1     0.1     0.1     0.2     0.1     0.1     0.1     0.2     0.2     0.2     0.2     0.2     0.2     0.3     0.3     0.2     0.4     0.5     0.4     0.4     0.3     0.2     0.4     0.7     1.3     2.1     2.9     3.5     4.1     5.2     5.3     5.4     3.3     3.5     5.4     4.2     3.8     3.4     2.9     1.7     1.7     3.1     3.8     5.9     9.1    18.0    22.2    22.2    17.4    18.9    13.8    14.9    24.3    36.0    43.8    47.0    52.0    55.1    51.7    54.0    55.0    58.8    61.4    65.6    70.9    73.8    72.0    67.3    65.4    68.1    73.4    75.2    74.0    72.0    77.3    88.6    89.8    83.2    75.5    71.8    68.8    63.1    51.9    36.1 -9999.0 -9999.0 -9999.0 -9999.0 -9999.0 -9999.0 -9999.0 -9999.0 -9999.0 -9999.0 -9999.0 -9999.0 -9999.0 -9999.0 -9999.0 -9999.0 -9999.0 -9999.0 -9999.0 -9999.0 -9999.0 -9999.0 -9999.0 -9999.0 -9999.0 -9999.0 -9999.0
 -9999.0 -9999.0 -9999.0 -9999.0 -9999.0 -9999.0 -9999.0 -9999.0 -9999.0 -9999.0 -9999.0 -9999.0     0.1     0.0     0.2     0.1     0.1     0.0     0.1     0.1     0.0     0.0     0.1     0.1     0.1     0.1     0.1     0.1     0.2     0.2     0.2     0.1     0.3     0.5     0.5     0.4     0.4     0.2     0.2     0.2     0.5     1.4     2.9     2.8     4.0     5.6     6.4     5.5     4.1     4.1     4.2     3.0     6.2     5.0     3.1     3.9     2.3     2.1     3.0     5.8     8.8    13.2    17.0    21.4    16.7    14.4    11.9    11.1    13.6    20.6    32.2    45.8    51.0    55.4    71.1    57.4    67.9    49.7    57.0    64.0    68.3    71.8    70.5    70.2    71.9    75.4    87.2   121.3   103.1   104.7   102.4   104.7   110.2   108.8    98.8    85.9    74.5    64.5    54.5    42.5    28.1 -9999.0 -9999.0 -9999.0 -9999.0 -9999.0 -9999.0 -9999.0 -9999.0 -9999.0 -9999.0 -9999.0 -9999.0 -9999.0 -9999.0 -9999.0 -9999.0 -9999.0 -9999.0 -9999.0 -9999.0 -9999.0 -9999.0 -9999.0 -9999.0 -9999.0 -9999.0 -9999.0
 -9999.0 -9999.0 -9999.0 -9999.0 -9999.0 -9999.0 -9999.0 -9999.0 -9999.0 -9999.0 -9999.0 -9999.0     0.0     0.0     0.0     0.1     0.1     0.1     0.0     0.0     0.0     0.1     0.0     0.0     0.1     0.1     0.1     0.2     0.1     0.2     0.1     0.2     0.2     0.3     0.3     0.2     0.2     0.3     0.2     0.3     0.7     2.3     4.3     5.6     4.7     5.0     6.2     3.7     6.3     5.5     2.8     5.2     3.7     2.3     2.8     2.2     3.0     3.1     3.9     5.9    10.1    14.7    20.5    14.2    16.3    12.6    11.1    12.6    18.1    28.3    40.9    51.1    56.0    55.1    57.0    52.9    51.7    54.9    66.6    68.6    71.0    72.8    73.4    76.1    85.7    98.9   112.4   166.9   153.3   131.2   126.7   127.9   127.6   121.1   107.0    89.2    69.7    54.9    44.7    34.8    22.8    13.9     9.0 -9999.0 -9999.0 -9999.0 -9999.0 -9999.0 -9999.0 -9999.0 -9999.0 -9999.0 -9999.0 -9999.0 -9999.0 -9999.0 -9999.0 -9999.0 -9999.0 -9999.0 -9999.0 -9999.0 -9999.0 -9999.0 -9999.0 -9999.0 -9999.0 -9999.0
 -9999.0 -9999.0 -9999.0 -9999.0 -9999.0 -9999.0 -9999.0 -9999.0 -9999.0 -9999.0 -9999.0 -9999.0 -9999.0     0.2     0.0     0.1     0.0     0.1     0.1     0.0     0.0     0.0     0.0     0.0     0.2     0.1     0.1     0.2     0.2     0.0     0.1     0.1     0.2     0.2     0.1     0.2     0.3     0.3     0.3     0.6     1.3     3.1     5.5     6.9     8.4     6.6     6.2     3.9     4.4     4.0     4.8     1.3     3.0     3.3     2.8     1.9     1.9     2.7     4.5     8.2    13.1    14.8    15.0    23.6    16.8    12.9    13.9    19.6    29.2    42.8    54.5    61.3    64.5    64.7    67.3    74.6    87.6    69.5    69.3    76.9    78.6    79.2    84.2    95.3   112.5   130.0   132.1   125.0   126.6   122.8   132.3   133.3   129.4   120.3   105.4    84.7    63.0    49.5    44.6    37.6    26.0    17.2    12.3 -9999.0 -9999.0 -9999.0 -9999.0 -9999.0 -9999.0 -9999.0 -9999.0 -9999.0 -9999.0 -9999.0 -9999.0 -9999.0 -9999.0 -9999.0 -9999.0 -9999.0 -9999.0 -9999.0 -9999.0 -9999.0 -9999.0 -9999.0 -9999.0 -9999.0
 -9999.0 -9999.0 -9999.0 -9999.0 -9999.0 -9999.0 -9999.0 -9999.0 -9999.0 -9999.0 -9999.0 -9999.0 -9999.0 -9999.0     3.6     0.0     0.1     0.0     0.1     0.1     0.0     0.1     0.1     0.1     0.1     0.1     0.0     0.1     0.0     0.1     0.1     0.1     0.1     0.1     0.1     0.1     0.1     0.4     0.5     0.9     1.9     3.8     5.9     6.9     5.1     4.2     5.4     3.1     4.3     1.1     2.3     5.3     2.1     1.8     0.5     1.3     1.6     2.4     5.7    10.3    15.7    16.9    32.3    27.4    19.9    17.1    22.8    34.9    47.6    56.4    65.1    69.2    70.0    75.3    81.3   104.4   112.3   127.9    97.3    91.4    96.1    99.4   106.4   118.6   134.2   142.4   131.2   114.9   103.4   112.1   126.2   130.8   121.1   113.4    99.6    79.9    59.1    50.1    53.0    51.3    41.9    30.6    22.0 -9999.0 -9999.0 -9999.0 -9999.0 -9999.0 -9999.0 -9999.0 -9999.0 -9999.0 -9999.0 -9999.0 -9999.0 -9999.0 -9999.0 -9999.0 -9999.0 -9999.0 -9999.0 -9999.0 -9999.0 -9999.0 -9999.0 -9999.0 -9999.0 -9999.0
 -9999.0 -9999.0 -9999.0 -9999.0 -9999.0 -9999.0 -9999.0 -9999.0 -9999.0 -9999.0 -9999.0 -9999.0 -9999.0 -9999.0 -9999.0 -9999.0 -9999.0     3.2     0.6     0.6     0.3     0.0     0.2     0.2     0.1     0.1     0.0     0.1     0.1     0.1     0.1     0.1     0.0     0.1     0.2     0.1     0.1     0.6     0.6     1.1     2.0     3.7     4.9     5.1     2.9     3.2     6.1     5.9     2.3     3.0     0.3     1.3     0.2     1.7     1.7     1.8     1.5     4.0     7.0    12.6    13.0    19.0    30.4    31.7    25.0    24.4    36.1    52.2    65.5    69.2    75.5    72.1    81.7    83.5   101.8   129.2   133.1   127.5   120.0   112.8   124.0   126.4   127.7   130.0   138.3   134.4   116.2   100.6    97.7   107.5   122.6   125.4   115.7   108.0    95.5    76.2    56.4    49.3    57.4    65.4    63.1    50.3    36.9 -9999.0 -9999.0 -9999.0 -9999.0 -9999.0 -9999.0 -9999.0 -9999.0 -9999.0 -9999.0 -9999.0 -9999.0 -9999.0 -9999.0 -9999.0 -9999.0 -9999.0 -9999.0 -9999.0 -9999.0 -9999.0 -9999.0 -9999.0 -9999.0 -9999.0
 -9999.0 -9999.0 -9999.0 -9999.0 -9999.0 -9999.0 -9999.0 -9999.0 -9999.0 -9999.0 -9999.0 -9999.0 -9999.0 -9999.0 -9999.0 -9999.0 -9999.0 -9999.0 -9999.0 -9999.0     1.9     0.2     0.1     0.0     0.1     0.3     0.2     0.2     0.2     0.2     0.1     0.2     0.1     0.1     0.1     0.1     0.2     0.5     1.2     2.4     2.3     2.9     3.8     3.8     1.7     2.7     6.5     2.3     5.2    12.9     1.8     5.0     3.8     0.7     1.3     2.5     3.3     3.9     9.8    13.1     7.9    11.0    19.9    25.5    29.7    33.3    49.5    66.7    79.5    76.4    72.2    77.3    86.2    85.3    98.3   119.3   125.1   106.8   114.9   129.7   132.7   124.7   123.1   123.0   135.9   115.3    98.2    90.6    93.9   105.0   115.7   119.3   112.7   108.0    92.6    69.8    53.5    50.0    60.0    70.5    74.6    64.6 -9999.0 -9999.0 -9999.0 -9999.0 -9999.0 -9999.0 -9999.0 -9999.0 -9999.0 -9999.0 -9999.0 -9999.0 -9999.0 -9999.0 -9999.0 -9999.0 -9999.0 -9999.0 -9999.0 -9999.0 -9999.0 -9999.0 -9999.0 -9999.0 -9999.0 -9999.0
 -9999.0 -9999.0 -9999.0 -9999.0 -9999.0 -9999.0 -9999.0 -9999.0 -9999.0 -9999.0 -9999.0 -9999.0 -9999.0 -9999.0 -9999.0 -9999.0 -9999.0 -9999.0 -9999.0 -9999.0 -9999.0 -9999.0     0.1     1.4     0.3     0.3     0.3     0.2     0.1     0.2     0.1     0.1     0.0     0.1     0.1     0.1     0.2     0.5     0.8     1.3     1.6     2.3     1.6     1.0     1.0     7.4     1.8     1.5     1.3     0.8     0.5     2.9     0.7     1.2     0.9     0.4     2.7     5.8     2.0    12.0     6.2    10.1    10.4    10.7    17.8    34.3    56.3    73.5    66.6    70.8    68.4    79.1    87.5   102.7    96.6   111.8   141.0   134.8   123.9   128.2   114.8    97.5   101.7   116.5   119.5   127.7    90.3    86.1    91.8   102.1   104.2    99.3    98.3    88.8    78.5    62.8    53.6    55.6    54.9    66.2    72.2 -9999.0 -9999.0 -9999.0 -9999.0 -9999.0 -9999.0 -9999.0 -9999.0 -9999.0 -9999.0 -9999.0 -9999.0 -9999.0 -9999.0 -9999.0 -9999.0 -9999.0 -9999.0 -9999.0 -9999.0 -9999.0 -9999.0 -9999.0 -9999.0 -9999.0 -9999.0 -9999.0
 -9999.0 -9999.0 -9999.0 -9999.0 -9999.0 -9999.0 -9999.0 -9999.0 -9999.0 -9999.0 -9999.0 -9999.0 -9999.0 -9999.0 -9999.0 -9999.0 -9999.0 -9999.0 -9999.0 -9999.0 -9999.0 -9999.0 -9999.0 -9999.0     6.7     4.2     1.1     0.1     0.1     0.0     0.1     0.1     0.1     0.1     0.1     0.1     0.2     0.7     1.0     1.4     1.7     1.0     1.4     0.7     4.0     7.3     3.5     9.5     1.2     0.7     2.8     1.5     2.4     1.8     0.7     0.4     1.5     1.4     6.7     9.4    12.2    13.9    34.4     8.8    16.1    32.2    48.7    47.6    52.1    58.2    63.6    73.5    70.6   107.0   124.7   118.8   124.4   145.9   188.2   134.6   110.8    99.8   104.3   117.9   122.0   103.4    89.1    83.5    87.9    93.5    87.6    77.3    68.7    76.9    61.6    63.2    56.5    57.0    58.2    62.2    64.9 -9999.0 -9999.0 -9999.0 -9999.0 -9999.0 -9999.0 -9999.0 -9999.0 -9999.0 -9999.0 -9999.0 -9999.0 -9999.0 -9999.0 -9999.0 -9999.0 -9999.0 -9999.0 -9999.0 -9999.0 -9999.0 -9999.0 -9999.0 -9999.0 -9999.0 -9999.0 -9999.0
 -9999.0 -9999.0 -9999.0 -9999.0 -9999.0 -9999.0 -9999.0 -9999.0 -9999.0 -9999.0 -9999.0 -9999.0 -9999.0 -9999.0 -9999.0 -9999.0 -9999.0 -9999.0 -9999.0 -9999.0 -9999.0 -9999.0 -9999.0 -9999.0 -9999.0     8.1     5.3     6.2     5.7     1.1     0.7     0.5     0.1     0.7     0.2     3.5     0.8     1.3     2.6     1.6     1.3     0.7     1.9     4.8     5.4     7.2     9.4    10.4    11.1     2.6     8.5     9.4     1.4     1.4     0.6     0.5     0.2     0.2     3.7     3.3     2.2    18.4     5.4     9.7    19.5    24.5    39.5    51.7    51.6    53.1    58.4    77.2    61.8    99.7   101.3   112.1   172.3   173.6   129.4   122.1   125.4   114.3   124.0   133.5   121.9   103.4    85.4    78.5    77.9    76.0    63.8    80.4    50.5    46.8    62.8    60.3    61.2    61.2    59.8    58.7 -9999.0 -9999.0 -9999.0 -9999.0 -9999.0 -9999.0 -9999.0 -9999.0 -9999.0 -9999.0 -9999.0 -9999.0 -9999.0 -9999.0 -9999.0 -9999.0 -9999.0 -9999.0 -9999.0 -9999.0 -9999.0 -9999.0 -9999.0 -9999.0 -9999.0 -9999.0 -9999.0 -9999.0
 -9999.0 -9999.0 -9999.0 -9999.0 -9999.0 -9999.0 -9999.0 -9999.0 -9999.0 -9999.0 -9999.0 -9999.0 -9999.0 -9999.0 -9999.0 -9999.0 -9999.0 -9999.0 -9999.0 -9999.0 -9999.0 -9999.0 -9999.0 -9999.0 -9999.0 -9999.0 -9999.0    11.5    10.5     5.5     9.1     7.1     6.8     3.8     0.7     1.1 -9999.0     4.3     4.9     2.2     2.5     3.0     1.6     6.1     7.8     8.0     8.5 -9999.0 -9999.0     7.4    12.6    14.8     4.1     1.3     1.5     0.5     0.2     0.2     0.5     2.0     7.7    19.8    15.5    18.0    21.6    28.9    38.0    45.8    50.3    53.1    56.4    78.6   101.5    89.1   130.5   111.7   183.6   137.8   124.6   121.4   122.1   123.2   129.4   126.2   111.3    90.5    74.8    68.7    66.6    60.8    53.0    49.3    40.8    41.3    50.5    52.2    57.1    56.6    53.8    50.8 -9999.0 -9999.0 -9999.0 -9999.0 -9999.0 -9999.0 -9999.0 -9999.0 -9999.0 -9999.0 -9999.0 -9999.0 -9999.0 -9999.0 -9999.0 -9999.0 -9999.0 -9999.0 -9999.0 -9999.0 -9999.0 -9999.0 -9999.0 -9999.0 -9999.0 -9999.0 -9999.0 -9999.0
 -9999.0 -9999.0 -9999.0 -9999.0 -9999.0 -9999.0 -9999.0 -9999.0 -9999.0 -9999.0 -9999.0 -9999.0 -9999.0 -9999.0 -9999.0 -9999.0 -9999.0 -9999.0 -9999.0 -9999.0 -9999.0 -9999.0 -9999.0 -9999.0 -9999.0 -9999.0 -9999.0 -9999.0 -9999.0 -9999.0 -9999.0 -9999.0 -9999.0    12.5    11.7 -9999.0 -9999.0 -9999.0 -9999.0    10.4     9.4     8.8     8.4     7.9     7.5 -9999.0 -9999.0 -9999.0 -9999.0 -9999.0 -9999.0 -9999.0     3.9     2.0     1.0     1.0     0.9     1.0     2.1     5.5    12.1    20.3    25.5    23.7    30.7    37.8    46.4    51.4    54.8    65.5    80.6    95.9    97.2   133.7   107.5   128.4   148.8   125.0   141.3   107.7   116.7   114.0   108.4    97.7    81.8    68.9    61.3    61.0    62.4    53.5    47.0    43.8    44.3    47.2    50.8    44.8    44.9    43.4    41.0 -9999.0 -9999.0 -9999.0 -9999.0 -9999.0 -9999.0 -9999.0 -9999.0 -9999.0 -9999.0 -9999.0 -9999.0 -9999.0 -9999.0 -9999.0 -9999.0 -9999.0 -9999.0 -9999.0 -9999.0 -9999.0 -9999.0 -9999.0 -9999.0 -9999.0 -9999.0 -9999.0 -9999.0 -9999.0
 -9999.0 -9999.0 -9999.0 -9999.0 -9999.0 -9999.0 -9999.0 -9999.0 -9999.0 -9999.0 -9999.0 -9999.0 -9999.0 -9999.0 -9999.0 -9999.0 -9999.0 -9999.0 -9999.0 -9999.0 -9999.0 -9999.0 -9999.0 -9999.0 -9999.0 -9999.0 -9999.0 -9999.0 -9999.0 -9999.0 -9999.0 -9999.0 -9999.0 -9999.0 -9999.0 -9999.0 -9999.0 -9999.0 -9999.0    11.2    10.4     9.2     7.8     8.2 -9999.0 -9999.0 -9999.0 -9999.0 -9999.0 -9999.0 -9999.0 -9999.0    10.5     3.6     2.2     2.0     2.3     3.3     5.5    10.7    17.6    23.3    37.4    29.3    36.3    43.4    50.1    55.7    62.2    74.6    91.7   114.2   163.8   152.9   156.0   132.7   151.8   118.9   101.7   104.9   112.3   105.4    91.5    75.3    64.5    57.0    56.5    60.1    58.6    51.3    47.2    48.9    49.9    46.8    39.3    33.1    29.3    27.2 -9999.0 -9999.0 -9999.0 -9999.0 -9999.0 -9999.0 -9999.0 -9999.0 -9999.0 -9999.0 -9999.0 -9999.0 -9999.0 -9999.0 -9999.0 -9999.0 -9999.0 -9999.0 -9999.0 -9999.0 -9999.0 -9999.0 -9999.0 -9999.0 -9999.0 -9999.0 -9999.0 -9999.0 -9999.0 -9999.0
 -9999.0 -9999.0 -9999.0 -9999.0 -9999.0 -9999.0 -9999.0 -9999.0 -9999.0 -9999.0 -9999.0 -9999.0 -9999.0 -9999.0 -9999.0 -9999.0 -9999.0 -9999.0 -9999.0 -9999.0 -9999.0 -9999.0 -9999.0 -9999.0 -9999.0 -9999.0 -9999.0 -9999.0 -9999.0 -9999.0 -9999.0 -9999.0 -9999.0 -9999.0 -9999.0 -9999.0 -9999.0 -9999.0 -9999.0 -9999.0 -9999.0 -9999.0 -9999.0 -9999.0 -9999.0 -9999.0 -9999.0 -9999.0 -9999.0 -9999.0 -9999.0     8.3     8.1     6.7     6.8     5.8     6.5     7.8    10.8    13.0    24.6    30.4    30.0    33.3    39.6    48.0    53.0    52.5    67.5    78.0    94.5   118.8   127.2   128.4   143.5   136.5   149.9   108.3   120.5   117.8   108.4   101.7   100.7    76.2    73.2    66.9    53.2    57.3    50.0    49.2    49.0    43.7    38.9    37.0    26.9    19.2    15.0    13.3 -9999.0 -9999.0 -9999.0 -9999.0 -9999.0 -9999.0 -9999.0 -9999.0 -9999.0 -9999.0 -9999.0 -9999.0 -9999.0 -9999.0 -9999.0 -9999.0 -9999.0 -9999.0 -9999.0 -9999.0 -9999.0 -9999.0 -9999.0 -9999.0 -9999.0 -9999.0 -9999.0 -9999.0 -9999.0 -9999.0
 -9999.0 -9999.0 -9999.0 -9999.0 -9999.0 -9999.0 -9999.0 -9999.0 -9999.0 -9999.0 -9999.0 -9999.0 -9999.0 -9999.0 -9999.0 -9999.0 -9999.0 -9999.0 -9999.0 -9999.0 -9999.0 -9999.0 -9999.0 -9999.0 -9999.0 -9999.0 -9999.0 -9999.0 -9999.0 -9999.0 -9999.0 -9999.0 -9999.0 -9999.0 -9999.0 -9999.0 -9999.0 -9999.0 -9999.0 -9999.0 -9999.0 -9999.0 -9999.0 -9999.0 -9999.0 -9999.0 -9999.0 -9999.0 -9999.0 -9999.0     8.1    11.1    12.6    13.1    12.4    12.6    12.8    13.7    17.3    23.5    27.8    33.8    34.8    37.8    43.2    50.5    59.0    61.8    77.9    82.6   101.8   108.4   121.5   141.1   147.3   146.3   112.5   133.1   112.2   119.2   116.6   107.9    97.4    94.3    75.8    74.3    54.6    53.4    44.4    42.0    41.7    39.9    34.4    23.9    14.7     8.5     5.6 -9999.0 -9999.0 -9999.0 -9999.0 -9999.0 -9999.0 -9999.0 -9999.0 -9999.0 -9999.0 -9999.0 -9999.0 -9999.0 -9999.0 -9999.0 -9999.0 -9999.0 -9999.0 -9999.0 -9999.0 -9999.0 -9999.0 -9999.0 -9999.0 -9999.0 -9999.0 -9999.0 -9999.0 -9999.0 -9999.0 -9999.0
 -9999.0 -9999.0 -9999.0 -9999.0 -9999.0 -9999.0 -9999.0 -9999.0 -9999.0 -9999.0 -9999.0 -9999.0 -9999.0 -9999.0 -9999.0 -9999.0 -9999.0 -9999.0 -9999.0 -9999.0 -9999.0 -9999.0 -9999.0 -9999.0 -9999.0 -9999.0 -9999.0 -9999.0 -9999.0 -9999.0 -9999.0 -9999.0 -9999.0 -9999.0 -9999.0 -9999.0 -9999.0 -9999.0 -9999.0 -9999.0 -9999.0 -9999.0 -9999.0 -9999.0 -9999.0 -9999.0 -9999.0 -9999.0 -9999.0 -9999.0    10.0    20.5    14.7    21.0    22.1    20.0    12.7    22.6    25.8    27.1    27.3    30.7    31.4    37.5    44.8    47.4    57.5    64.3    81.7    92.5   110.3   121.7   127.1   125.3   118.5   110.6   114.5   113.0   120.6   120.7   117.8   103.4   103.3   101.2    74.7    67.4    53.1    41.6    35.9    36.4    34.0    42.2    30.6    16.3     7.2     3.0     1.4 -9999.0 -9999.0 -9999.0 -9999.0 -9999.0 -9999.0 -9999.0 -9999.0 -9999.0 -9999.0 -9999.0 -9999.0 -9999.0 -9999.0 -9999.0 -9999.0 -9999.0 -9999.0 -9999.0 -9999.0 -9999.0 -9999.0 -9999.0 -9999.0 -9999.0 -9999.0 -9999.0 -9999.0 -9999.0 -9999.0 -9999.0
 -9999.0 -9999.0 -9999.0 -9999.0 -9999.0 -9999.0 -9999.0 -9999.0 -9999.0 -9999.0 -9999.0 -9999.0 -9999.0 -9999.0 -9999.0 -9999.0 -9999.0 -9999.0 -9999.0 -9999.0 -9999.0 -9999.0 -9999.0 -9999.0 -9999.0 -9999.0 -9999.0 -9999.0 -9999.0 -9999.0 -9999.0 -9999.0 -9999.0 -9999.0 -9999.0 -9999.0 -9999.0 -9999.0 -9999.0 -9999.0 -9999.0 -9999.0 -9999.0 -9999.0 -9999.0 -9999.0 -9999.0 -9999.0 -9999.0 -9999.0    13.2    19.4    15.8    37.3    22.4    20.5    32.7    27.0    31.8    26.4    29.0    30.5    31.7    35.4    45.0    50.6    58.0    70.3    86.3   115.2   124.4   144.3   129.0   128.3   112.6   105.7   105.0   112.3   117.3   121.1    98.6   104.5   106.3    90.1    57.6    53.3    45.6    36.3    26.6    25.2    21.4    26.6    20.6    10.1     3.4     0.8 -9999.0 -9999.0 -9999.0 -9999.0 -9999.0 -9999.0 -9999.0 -9999.0 -9999.0 -9999.0 -9999.0 -9999.0 -9999.0 -9999.0 -9999.0 -9999.0 -9999.0 -9999.0 -9999.0 -9999.0 -9999.0 -9999.0 -9999.0 -9999.0 -9999.0 -9999.0 -9999.0 -9999.0 -9999.0 -9999.0 -9999.0 -9999.0
 -9999.0 -9999.0 -9999.0 -9999.0 -9999.0 -9999.0 -9999.0 -9999.0 -9999.0 -9999.0 -9999.0 -9999.0 -9999.0 -9999.0 -9999.0 -9999.0 -9999.0 -9999.0 -9999.0 -9999.0 -9999.0 -9999.0 -9999.0 -9999.0 -9999.0 -9999.0 -9999.0 -9999.0 -9999.0 -9999.0 -9999.0 -9999.0 -9999.0 -9999.0 -9999.0 -9999.0 -9999.0 -9999.0 -9999.0 -9999.0 -9999.0 -9999.0 -9999.0 -9999.0 -9999.0 -9999.0 -9999.0 -9999.0 -9999.0 -9999.0    32.4    42.5    33.6    40.0    39.3    44.7    21.6    32.7    34.1    31.4    35.4    34.4    33.4    41.0    51.0    58.4    69.3    84.0   107.3   108.1   134.6   138.5   133.8   124.3   112.0   102.9    94.8    99.4    91.7    97.9    91.5    76.0    78.3    57.9    43.7    30.7    22.0    24.4    15.0    11.3    12.6    12.7     9.7     4.7 -9999.0 -9999.0 -9999.0 -9999.0 -9999.0 -9999.0 -9999.0 -9999.0 -9999.0 -9999.0 -9999.0 -9999.0 -9999.0 -9999.0 -9999.0 -9999.0 -9999.0 -9999.0 -9999.0 -9999.0 -9999.0 -9999.0 -9999.0 -9999.0 -9999.0 -9999.0 -9999.0 -9999.0 -9999.0 -9999.0 -9999.0 -9999.0 -9999.0 -9999.0
 -9999.0 -9999.0 -9999.0 -9999.0 -9999.0 -9999.0 -9999.0 -9999.0 -9999.0 -9999.0 -9999.0 -9999.0 -9999.0 -9999.0 -9999.0 -9999.0 -9999.0 -9999.0 -9999.0 -9999.0 -9999.0 -9999.0 -9999.0 -9999.0 -9999.0 -9999.0 -9999.0 -9999.0 -9999.0 -9999.0 -9999.0 -9999.0 -9999.0 -9999.0 -9999.0 -9999.0 -9999.0 -9999.0 -9999.0 -9999.0 -9999.0 -9999.0 -9999.0 -9999.0 -9999.0 -9999.0 -9999.0 -9999.0 -9999.0 -9999.0    66.1    32.8    57.3    43.7    44.6    43.3    42.8    46.3    37.2    47.4    62.7    55.1    58.6    62.4    67.1    71.9    82.2    92.7   113.7   129.1   134.1   127.9   117.8   109.4   104.4   100.3    90.0    81.9    71.7    64.9    57.6    53.7    45.7    35.6    22.2    13.3    11.9     7.8    10.4     7.3     5.5     4.8     3.4 -9999.0 -9999.0 -9999.0 -9999.0 -9999.0 -9999.0 -9999.0 -9999.0 -9999.0 -9999.0 -9999.0 -9999.0 -9999.0 -9999.0 -9999.0 -9999.0 -9999.0 -9999.0 -9999.0 -9999.0 -9999.0 -9999.0 -9999.0 -9999.0 -9999.0 -9999.0 -9999.0 -9999.0 -9999.0 -9999.0 -9999.0 -9999.0 -9999.0 -9999.0 -9999.0
 -9999.0 -9999.0 -9999.0 -9999.0 -9999.0 -9999.0 -9999.0 -9999.0 -9999.0 -9999.0 -9999.0 -9999.0 -9999.0 -9999.0 -9999.0 -9999.0 -9999.0 -9999.0 -9999.0 -9999.0 -9999.0 -9999.0 -9999.0 -9999.0 -9999.0 -9999.0 -9999.0 -9999.0 -9999.0 -9999.0 -9999.0 -9999.0 -9999.0 -9999.0 -9999.0 -9999.0 -9999.0 -9999.0 -9999.0 -9999.0 -9999.0 -9999.0 -9999.0 -9999.0 -9999.0 -9999.0 -9999.0 -9999.0 -9999.0 -9999.0 -9999.0 -9999.0 -9999.0    65.9    56.7    90.1    52.9    44.1    61.2    89.5    93.3    85.2   103.8    90.0    90.6    90.1    86.4   103.5   108.8   117.0   114.5   102.7    90.1    84.5    88.8    87.8    83.4    58.4    44.3    35.9    33.5    29.5    27.2    22.0    13.8     8.5     7.4     7.1     5.6     3.8     2.5     1.8 -9999.0 -9999.0 -9999.0 -9999.0 -9999.0 -9999.0 -9999.0 -9999.0 -9999.0 -9999.0 -9999.0 -9999.0 -9999.0 -9999.0 -9999.0 -9999.0 -9999.0 -9999.0 -9999.0 -9999.0 -9999.0 -9999.0 -9999.0 -9999.0 -9999.0 -9999.0 -9999.0 -9999.0 -9999.0 -9999.0 -9999.0 -9999.0 -9999.0 -9999.0 -9999.0 -9999.0
 -9999.0 -9999.0 -9999.0 -9999.0 -9999.0 -9999.0 -9999.0 -9999.0 -9999.0 -9999.0 -9999.0 -9999.0 -9999.0 -9999.0 -9999.0 -9999.0 -9999.0 -9999.0 -9999.0 -9999.0 -9999.0 -9999.0 -9999.0 -9999.0 -9999.0 -9999.0 -9999.0 -9999.0 -9999.0 -9999.0 -9999.0 -9999.0 -9999.0 -9999.0 -9999.0 -9999.0 -9999.0 -9999.0 -9999.0 -9999.0 -9999.0 -9999.0 -9999.0 -9999.0 -9999.0 -9999.0 -9999.0 -9999.0 -9999.0 -9999.0 -9999.0 -9999.0 -9999.0    85.8    53.4    83.4    68.2    57.0    76.9    99.5   133.3   137.6   147.4   136.8    99.4    97.4 -9999.0   100.3   100.9    96.0    89.3    74.7    59.0    56.0    68.5    72.9    74.0    47.4    15.5    19.6    20.2    18.6    14.0    16.6    11.5     7.3     5.5     4.8     3.8     2.6 -9999.0 -9999.0 -9999.0 -9999.0 -9999.0 -9999.0 -9999.0 -9999.0 -9999.0 -9999.0 -9999.0 -9999.0 -9999.0 -9999.0 -9999.0 -9999.0 -9999.0 -9999.0 -9999.0 -9999.0 -9999.0 -9999.0 -9999.0 -9999.0 -9999.0 -9999.0 -9999.0 -9999.0 -9999.0 -9999.0 -9999.0 -9999.0 -9999.0 -9999.0 -9999.0 -9999.0 -9999.0 -9999.0
 -9999.0 -9999.0 -9999.0 -9999.0 -9999.0 -9999.0 -9999.0 -9999.0 -9999.0 -9999.0 -9999.0 -9999.0 -9999.0 -9999.0 -9999.0 -9999.0 -9999.0 -9999.0 -9999.0 -9999.0 -9999.0 -9999.0 -9999.0 -9999.0 -9999.0 -9999.0 -9999.0 -9999.0 -9999.0 -9999.0 -9999.0 -9999.0 -9999.0 -9999.0 -9999.0 -9999.0 -9999.0 -9999.0 -9999.0 -9999.0 -9999.0 -9999.0 -9999.0 -9999.0 -9999.0 -9999.0 -9999.0 -9999.0 -9999.0 -9999.0 -9999.0 -9999.0 -9999.0   111.2    91.6    81.6    51.9    47.4    89.9   131.6   110.7   152.1   148.1 -9999.0 -9999.0 -9999.0 -9999.0 -9999.0    82.7    74.9    63.3    51.6    40.3    39.2    53.4    67.4    63.2    41.0    22.2    18.1    14.0    15.1    16.0    15.3    12.4     9.1 -9999.0 -9999.0 -9999.0 -9999.0 -9999.0 -9999.0 -9999.0 -9999.0 -9999.0 -9999.0 -9999.0 -9999.0 -9999.0 -9999.0 -9999.0 -9999.0 -9999.0 -9999.0 -9999.0 -9999.0 -9999.0 -9999.0 -9999.0 -9999.0 -9999.0 -9999.0 -9999.0 -9999.0 -9999.0 -9999.0 -9999.0 -9999.0 -9999.0 -9999.0 -9999.0 -9999.0 -9999.0 -9999.0 -9999.0 -9999.0 -9999.0 -9999.0
 -9999.0 -9999.0 -9999.0 -9999.0 -9999.0 -9999.0 -9999.0 -9999.0 -9999.0 -9999.0 -9999.0 -9999.0 -9999.0 -9999.0 -9999.0 -9999.0 -9999.0 -9999.0 -9999.0 -9999.0 -9999.0 -9999.0 -9999.0 -9999.0 -9999.0 -9999.0 -9999.0 -9999.0 -9999.0 -9999.0 -9999.0 -9999.0 -9999.0 -9999.0 -9999.0 -9999.0 -9999.0 -9999.0 -9999.0 -9999.0 -9999.0 -9999.0 -9999.0 -9999.0 -9999.0 -9999.0 -9999.0 -9999.0 -9999.0 -9999.0 -9999.0 -9999.0 -9999.0 -9999.0 -9999.0    76.6   106.1    73.7    75.4   113.5   125.2 -9999.0 -9999.0 -9999.0 -9999.0 -9999.0 -9999.0 -9999.0 -9999.0    55.7    45.0    38.8    32.6    34.1    43.2    50.5    45.7    32.7    21.4    18.1    17.7    18.1    19.4    19.6    17.8 -9999.0 -9999.0 -9999.0 -9999.0 -9999.0 -9999.0 -9999.0 -9999.0 -9999.0 -9999.0 -9999.0 -9999.0 -9999.0 -9999.0 -9999.0 -9999.0 -9999.0 -9999.0 -9999.0 -9999.0 -9999.0 -9999.0 -9999.0 -9999.0 -9999.0 -9999.0 -9999.0 -9999.0 -9999.0 -9999.0 -9999.0 -9999.0 -9999.0 -9999.0 -9999.0 -9999.0 -9999.0 -9999.0 -9999.0 -9999.0 -9999.0 -9999.0 -9999.0
 -9999.0 -9999.0 -9999.0 -9999.0 -9999.0 -9999.0 -9999.0 -9999.0 -9999.0 -9999.0 -9999.0 -9999.0 -9999.0 -9999.0 -9999.0 -9999.0 -9999.0 -9999.0 -9999.0 -9999.0 -9999.0 -9999.0 -9999.0 -9999.0 -9999.0 -9999.0 -9999.0 -9999.0 -9999.0 -9999.0 -9999.0 -9999.0 -9999.0 -9999.0 -9999.0 -9999.0 -9999.0 -9999.0 -9999.0 -9999.0 -9999.0 -9999.0 -9999.0 -9999.0 -9999.0 -9999.0 -9999.0 -9999.0 -9999.0 -9999.0 -9999.0 -9999.0 -9999.0 -9999.0 -9999.0 -9999.0    33.9    68.3    91.4    93.7   117.7 -9999.0 -9999.0 -9999.0 -9999.0 -9999.0 -9999.0 -9999.0 -9999.0 -9999.0 -9999.0 -9999.0    25.7    28.6    34.7    38.3    35.5    33.4    29.1 -9999.0 -9999.0 -9999.0 -9999.0 -9999.0 -9999.0 -9999.0 -9999.0 -9999.0 -9999.0 -9999.0 -9999.0 -9999.0 -9999.0 -9999.0 -9999.0 -9999.0 -9999.0 -9999.0 -9999.0 -9999.0 -9999.0 -9999.0 -9999.0 -9999.0 -9999.0 -9999.0 -9999.0 -9999.0 -9999.0 -9999.0 -9999.0 -9999.0 -9999.0 -9999.0 -9999.0 -9999.0 -9999.0 -9999.0 -9999.0 -9999.0 -9999.0 -9999.0 -9999.0 -9999.0 -9999.0 -9999.0 -9999.0 -9999.0
 -9999.0 -9999.0 -9999.0 -9999.0 -9999.0 -9999.0 -9999.0 -9999.0 -9999.0 -9999.0 -9999.0 -9999.0 -9999.0 -9999.0 -9999.0 -9999.0 -9999.0 -9999.0 -9999.0 -9999.0 -9999.0 -9999.0 -9999.0 -9999.0 -9999.0 -9999.0 -9999.0 -9999.0 -9999.0 -9999.0 -9999.0 -9999.0 -9999.0 -9999.0 -9999.0 -9999.0 -9999.0 -9999.0 -9999.0 -9999.0 -9999.0 -9999.0 -9999.0 -9999.0 -9999.0 -9999.0 -9999.0 -9999.0 -9999.0 -9999.0 -9999.0 -9999.0 -9999.0 -9999.0 -9999.0 -9999.0 -9999.0 -9999.0 -9999.0 -9999.0 -9999.0 -9999.0 -9999.0 -9999.0 -9999.0 -9999.0 -9999.0 -9999.0 -9999.0 -9999.0 -9999.0 -9999.0 -9999.0    22.3    29.4    38.2    45.9    50.3    53.5    57.1 -9999.0 -9999.0 -9999.0 -9999.0 -9999.0 -9999.0 -9999.0 -9999.0 -9999.0 -9999.0 -9999.0 -9999.0 -9999.0 -9999.0 -9999.0 -9999.0 -9999.0 -9999.0 -9999.0 -9999.0 -9999.0 -9999.0 -9999.0 -9999.0 -9999.0 -9999.0 -9999.0 -9999.0 -9999.0 -9999.0 -9999.0 -9999.0 -9999.0 -9999.0 -9999.0 -9999.0 -9999.0 -9999.0 -9999.0 -9999.0 -9999.0 -9999.0 -9999.0 -9999.0 -9999.0 -9999.0 -9999.0 -9999.0
 -9999.0 -9999.0 -9999.0 -9999.0 -9999.0 -9999.0 -9999.0 -9999.0 -9999.0 -9999.0 -9999.0 -9999.0 -9999.0 -9999.0 -9999.0 -9999.0 -9999.0 -9999.0 -9999.0 -9999.0 -9999.0 -9999.0 -9999.0 -9999.0 -9999.0 -9999.0 -9999.0 -9999.0 -9999.0 -9999.0 -9999.0 -9999.0 -9999.0 -9999.0 -9999.0 -9999.0 -9999.0 -9999.0 -9999.0 -9999.0 -9999.0 -9999.0 -9999.0 -9999.0 -9999.0 -9999.0 -9999.0 -9999.0 -9999.0 -9999.0 -9999.0 -9999.0 -9999.0 -9999.0 -9999.0 -9999.0 -9999.0 -9999.0 -9999.0 -9999.0 -9999.0 -9999.0 -9999.0 -9999.0 -9999.0 -9999.0 -9999.0 -9999.0 -9999.0 -9999.0 -9999.0 -9999.0    12.7    17.9    29.5    43.7    72.2    93.3   108.6   117.1 -9999.0 -9999.0 -9999.0 -9999.0 -9999.0 -9999.0 -9999.0 -9999.0 -9999.0 -9999.0 -9999.0 -9999.0 -9999.0 -9999.0 -9999.0 -9999.0 -9999.0 -9999.0 -9999.0 -9999.0 -9999.0 -9999.0 -9999.0 -9999.0 -9999.0 -9999.0 -9999.0 -9999.0 -9999.0 -9999.0 -9999.0 -9999.0 -9999.0 -9999.0 -9999.0 -9999.0 -9999.0 -9999.0 -9999.0 -9999.0 -9999.0 -9999.0 -9999.0 -9999.0 -9999.0 -9999.0 -9999.0 -9999.0
 -9999.0 -9999.0 -9999.0 -9999.0 -9999.0 -9999.0 -9999.0 -9999.0 -9999.0 -9999.0 -9999.0 -9999.0 -9999.0 -9999.0 -9999.0 -9999.0 -9999.0 -9999.0 -9999.0 -9999.0 -9999.0 -9999.0 -9999.0 -9999.0 -9999.0 -9999.0 -9999.0 -9999.0 -9999.0 -9999.0 -9999.0 -9999.0 -9999.0 -9999.0 -9999.0 -9999.0 -9999.0 -9999.0 -9999.0 -9999.0 -9999.0 -9999.0 -9999.0 -9999.0 -9999.0 -9999.0 -9999.0 -9999.0 -9999.0 -9999.0 -9999.0 -9999.0 -9999.0 -9999.0 -9999.0 -9999.0 -9999.0 -9999.0 -9999.0 -9999.0 -9999.0 -9999.0 -9999.0 -9999.0 -9999.0 -9999.0 -9999.0 -9999.0 -9999.0 -9999.0 -9999.0 -9999.0     8.7    15.2    11.9    55.9   102.4   183.9   207.2 -9999.0 -9999.0 -9999.0 -9999.0 -9999.0 -9999.0 -9999.0 -9999.0 -9999.0 -9999.0 -9999.0 -9999.0 -9999.0 -9999.0 -9999.0 -9999.0 -9999.0 -9999.0 -9999.0 -9999.0 -9999.0 -9999.0 -9999.0 -9999.0 -9999.0 -9999.0 -9999.0 -9999.0 -9999.0 -9999.0 -9999.0 -9999.0 -9999.0 -9999.0 -9999.0 -9999.0 -9999.0 -9999.0 -9999.0 -9999.0 -9999.0 -9999.0 -9999.0 -9999.0 -9999.0 -9999.0 -9999.0 -9999.0 -9999.0
 -9999.0 -9999.0 -9999.0 -9999.0 -9999.0 -9999.0 -9999.0 -9999.0 -9999.0 -9999.0 -9999.0 -9999.0 -9999.0 -9999.0 -9999.0 -9999.0 -9999.0 -9999.0 -9999.0 -9999.0 -9999.0 -9999.0 -9999.0 -9999.0 -9999.0 -9999.0 -9999.0 -9999.0 -9999.0 -9999.0 -9999.0 -9999.0 -9999.0 -9999.0 -9999.0 -9999.0 -9999.0 -9999.0 -9999.0 -9999.0 -9999.0 -9999.0 -9999.0 -9999.0 -9999.0 -9999.0 -9999.0 -9999.0 -9999.0 -9999.0 -9999.0 -9999.0 -9999.0 -9999.0 -9999.0 -9999.0 -9999.0 -9999.0 -9999.0 -9999.0 -9999.0 -9999.0 -9999.0 -9999.0 -9999.0 -9999.0 -9999.0 -9999.0 -9999.0 -9999.0 -9999.0 -9999.0     6.5     5.9    26.8    48.7   204.6   295.9   333.0 -9999.0 -9999.0 -9999.0 -9999.0 -9999.0 -9999.0 -9999.0 -9999.0 -9999.0 -9999.0 -9999.0 -9999.0 -9999.0 -9999.0 -9999.0 -9999.0 -9999.0 -9999.0 -9999.0 -9999.0 -9999.0 -9999.0 -9999.0 -9999.0 -9999.0 -9999.0 -9999.0 -9999.0 -9999.0 -9999.0 -9999.0 -9999.0 -9999.0 -9999.0 -9999.0 -9999.0 -9999.0 -9999.0 -9999.0 -9999.0 -9999.0 -9999.0 -9999.0 -9999.0 -9999.0 -9999.0 -9999.0 -9999.0 -9999.0
 -9999.0 -9999.0 -9999.0 -9999.0 -9999.0 -9999.0 -9999.0 -9999.0 -9999.0 -9999.0 -9999.0 -9999.0 -9999.0 -9999.0 -9999.0 -9999.0 -9999.0 -9999.0 -9999.0 -9999.0 -9999.0 -9999.0 -9999.0 -9999.0 -9999.0 -9999.0 -9999.0 -9999.0 -9999.0 -9999.0 -9999.0 -9999.0 -9999.0 -9999.0 -9999.0 -9999.0 -9999.0 -9999.0 -9999.0 -9999.0 -9999.0 -9999.0 -9999.0 -9999.0 -9999.0 -9999.0 -9999.0 -9999.0 -9999.0 -9999.0 -9999.0 -9999.0 -9999.0 -9999.0 -9999.0 -9999.0 -9999.0 -9999.0 -9999.0 -9999.0 -9999.0 -9999.0 -9999.0 -9999.0 -9999.0 -9999.0 -9999.0 -9999.0 -9999.0 -9999.0 -9999.0 -9999.0     6.7    19.2    55.4   139.4   266.4   379.8 -9999.0 -9999.0 -9999.0 -9999.0 -9999.0 -9999.0 -9999.0 -9999.0 -9999.0 -9999.0 -9999.0 -9999.0 -9999.0 -9999.0 -9999.0 -9999.0 -9999.0 -9999.0 -9999.0 -9999.0 -9999.0 -9999.0 -9999.0 -9999.0 -9999.0 -9999.0 -9999.0 -9999.0 -9999.0 -9999.0 -9999.0 -9999.0 -9999.0 -9999.0 -9999.0 -9999.0 -9999.0 -9999.0 -9999.0 -9999.0 -9999.0 -9999.0 -9999.0 -9999.0 -9999.0 -9999.0 -9999.0 -9999.0 -9999.0 -9999.0
