NCOLS      128
NROWS       72
XLLCORNER    72.000000000000    
YLLCORNER    18.000000000000    
CELLSIZE    0.50000000000000    
NODATA_VALUE   -9999.000    
 -9999.0 -9999.0 -9999.0 -9999.0 -9999.0 -9999.0 -9999.0 -9999.0 -9999.0 -9999.0 -9999.0 -9999.0 -9999.0 -9999.0 -9999.0 -9999.0 -9999.0 -9999.0 -9999.0 -9999.0 -9999.0 -9999.0 -9999.0 -9999.0 -9999.0 -9999.0 -9999.0 -9999.0 -9999.0 -9999.0 -9999.0 -9999.0 -9999.0 -9999.0 -9999.0 -9999.0 -9999.0 -9999.0 -9999.0 -9999.0 -9999.0 -9999.0 -9999.0 -9999.0 -9999.0 -9999.0 -9999.0 -9999.0 -9999.0 -9999.0 -9999.0 -9999.0 -9999.0 -9999.0 -9999.0 -9999.0 -9999.0 -9999.0 -9999.0 -9999.0 -9999.0 -9999.0 -9999.0 -9999.0 -9999.0 -9999.0 -9999.0 -9999.0 -9999.0 -9999.0 -9999.0 -9999.0 -9999.0 -9999.0 -9999.0 -9999.0 -9999.0 -9999.0 -9999.0 -9999.0 -9999.0 -9999.0 -9999.0 -9999.0 -9999.0 -9999.0 -9999.0 -9999.0 -9999.0 -9999.0 -9999.0 -9999.0 -9999.0 -9999.0 -9999.0 -9999.0 -9999.0    40.0    50.8    62.1    71.4    77.4    79.5    80.0    81.2 -9999.0 -9999.0 -9999.0 -9999.0 -9999.0 -9999.0 -9999.0 -9999.0 -9999.0 -9999.0 -9999.0 -9999.0 -9999.0 -9999.0 -9999.0 -9999.0 -9999.0 -9999.0 -9999.0 -9999.0 -9999.0 -9999.0 -9999.0
 -9999.0 -9999.0 -9999.0 -9999.0 -9999.0 -9999.0 -9999.0 -9999.0 -9999.0 -9999.0 -9999.0 -9999.0 -9999.0 -9999.0 -9999.0 -9999.0 -9999.0 -9999.0 -9999.0 -9999.0 -9999.0 -9999.0 -9999.0 -9999.0 -9999.0 -9999.0 -9999.0 -9999.0 -9999.0 -9999.0 -9999.0 -9999.0 -9999.0 -9999.0 -9999.0 -9999.0 -9999.0 -9999.0 -9999.0 -9999.0 -9999.0 -9999.0 -9999.0 -9999.0 -9999.0 -9999.0 -9999.0 -9999.0 -9999.0 -9999.0 -9999.0 -9999.0 -9999.0 -9999.0 -9999.0 -9999.0 -9999.0 -9999.0 -9999.0 -9999.0 -9999.0 -9999.0 -9999.0 -9999.0 -9999.0 -9999.0 -9999.0 -9999.0 -9999.0 -9999.0 -9999.0 -9999.0 -9999.0 -9999.0 -9999.0 -9999.0 -9999.0 -9999.0 -9999.0 -9999.0 -9999.0 -9999.0 -9999.0 -9999.0 -9999.0 -9999.0 -9999.0 -9999.0 -9999.0 -9999.0 -9999.0 -9999.0 -9999.0 -9999.0 -9999.0 -9999.0    23.4    32.0    42.7    53.7    63.3    69.6    72.4    73.2    74.1    78.3    87.7   102.1   120.0 -9999.0 -9999.0 -9999.0 -9999.0 -9999.0 -9999.0 -9999.0 -9999.0 -9999.0 -9999.0 -9999.0 -9999.0 -9999.0 -9999.0 -9999.0 -9999.0 -9999.0 -9999.0 -9999.0
 -9999.0 -9999.0 -9999.0 -9999.0 -9999.0 -9999.0 -9999.0 -9999.0 -9999.0 -9999.0 -9999.0 -9999.0 -9999.0 -9999.0 -9999.0 -9999.0 -9999.0 -9999.0 -9999.0 -9999.0 -9999.0 -9999.0 -9999.0 -9999.0 -9999.0 -9999.0 -9999.0 -9999.0 -9999.0 -9999.0 -9999.0 -9999.0 -9999.0 -9999.0 -9999.0 -9999.0 -9999.0 -9999.0 -9999.0 -9999.0 -9999.0 -9999.0 -9999.0 -9999.0 -9999.0 -9999.0 -9999.0 -9999.0 -9999.0 -9999.0 -9999.0 -9999.0 -9999.0 -9999.0 -9999.0 -9999.0 -9999.0 -9999.0 -9999.0 -9999.0 -9999.0 -9999.0 -9999.0 -9999.0 -9999.0 -9999.0 -9999.0 -9999.0 -9999.0 -9999.0 -9999.0 -9999.0 -9999.0 -9999.0 -9999.0 -9999.0 -9999.0 -9999.0 -9999.0 -9999.0 -9999.0 -9999.0 -9999.0 -9999.0 -9999.0 -9999.0 -9999.0 -9999.0 -9999.0 -9999.0 -9999.0 -9999.0 -9999.0 -9999.0 -9999.0    12.9    18.1    26.0    36.3    46.8    56.6    63.8    68.0    70.2    71.5    76.4    85.3   101.3   121.0 -9999.0 -9999.0 -9999.0 -9999.0 -9999.0 -9999.0 -9999.0 -9999.0 -9999.0 -9999.0 -9999.0 -9999.0 -9999.0 -9999.0 -9999.0 -9999.0 -9999.0 -9999.0 -9999.0
 -9999.0 -9999.0 -9999.0 -9999.0 -9999.0 -9999.0 -9999.0 -9999.0 -9999.0 -9999.0 -9999.0 -9999.0 -9999.0 -9999.0 -9999.0 -9999.0 -9999.0 -9999.0 -9999.0 -9999.0 -9999.0 -9999.0 -9999.0 -9999.0 -9999.0 -9999.0 -9999.0 -9999.0 -9999.0 -9999.0 -9999.0 -9999.0 -9999.0 -9999.0 -9999.0 -9999.0 -9999.0 -9999.0 -9999.0 -9999.0 -9999.0 -9999.0 -9999.0 -9999.0 -9999.0 -9999.0 -9999.0 -9999.0 -9999.0 -9999.0 -9999.0 -9999.0 -9999.0 -9999.0 -9999.0 -9999.0 -9999.0 -9999.0 -9999.0 -9999.0 -9999.0 -9999.0 -9999.0 -9999.0 -9999.0 -9999.0 -9999.0 -9999.0 -9999.0 -9999.0 -9999.0 -9999.0 -9999.0 -9999.0 -9999.0 -9999.0 -9999.0 -9999.0 -9999.0 -9999.0 -9999.0 -9999.0 -9999.0 -9999.0 -9999.0 -9999.0 -9999.0 -9999.0 -9999.0 -9999.0 -9999.0 -9999.0 -9999.0 -9999.0 -9999.0     9.5    15.1    21.6    31.7    42.6    52.9    61.4    66.6    71.3    75.0    78.8    88.6   104.9   124.9   144.0 -9999.0 -9999.0 -9999.0 -9999.0 -9999.0 -9999.0 -9999.0 -9999.0 -9999.0 -9999.0 -9999.0 -9999.0 -9999.0 -9999.0 -9999.0 -9999.0 -9999.0 -9999.0
 -9999.0 -9999.0 -9999.0 -9999.0 -9999.0 -9999.0 -9999.0 -9999.0 -9999.0 -9999.0 -9999.0 -9999.0 -9999.0 -9999.0 -9999.0 -9999.0 -9999.0 -9999.0 -9999.0 -9999.0 -9999.0 -9999.0 -9999.0 -9999.0 -9999.0 -9999.0 -9999.0 -9999.0 -9999.0 -9999.0 -9999.0 -9999.0 -9999.0 -9999.0 -9999.0 -9999.0 -9999.0 -9999.0 -9999.0 -9999.0 -9999.0 -9999.0 -9999.0 -9999.0 -9999.0 -9999.0 -9999.0 -9999.0 -9999.0 -9999.0 -9999.0 -9999.0 -9999.0 -9999.0 -9999.0 -9999.0 -9999.0 -9999.0 -9999.0 -9999.0 -9999.0 -9999.0 -9999.0 -9999.0 -9999.0 -9999.0 -9999.0 -9999.0 -9999.0 -9999.0 -9999.0 -9999.0 -9999.0 -9999.0 -9999.0 -9999.0 -9999.0 -9999.0 -9999.0 -9999.0 -9999.0 -9999.0 -9999.0 -9999.0 -9999.0 -9999.0 -9999.0 -9999.0 -9999.0 -9999.0 -9999.0 -9999.0 -9999.0 -9999.0 -9999.0     8.3    12.7    21.9    32.1    41.8    50.9    61.1    68.0    74.9    81.8    87.5    95.4   110.2   128.6   146.9   158.1 -9999.0 -9999.0 -9999.0 -9999.0 -9999.0 -9999.0 -9999.0 -9999.0 -9999.0 -9999.0 -9999.0 -9999.0 -9999.0 -9999.0 -9999.0 -9999.0 -9999.0
 -9999.0 -9999.0 -9999.0 -9999.0 -9999.0 -9999.0 -9999.0 -9999.0 -9999.0 -9999.0 -9999.0 -9999.0 -9999.0 -9999.0 -9999.0 -9999.0 -9999.0 -9999.0 -9999.0 -9999.0 -9999.0 -9999.0 -9999.0 -9999.0 -9999.0 -9999.0 -9999.0 -9999.0 -9999.0 -9999.0 -9999.0 -9999.0 -9999.0 -9999.0 -9999.0 -9999.0 -9999.0 -9999.0 -9999.0 -9999.0 -9999.0 -9999.0 -9999.0 -9999.0 -9999.0 -9999.0 -9999.0 -9999.0 -9999.0 -9999.0 -9999.0 -9999.0 -9999.0 -9999.0 -9999.0 -9999.0 -9999.0 -9999.0 -9999.0 -9999.0 -9999.0 -9999.0 -9999.0 -9999.0 -9999.0 -9999.0 -9999.0 -9999.0 -9999.0 -9999.0 -9999.0 -9999.0 -9999.0 -9999.0 -9999.0 -9999.0 -9999.0 -9999.0 -9999.0 -9999.0 -9999.0 -9999.0 -9999.0 -9999.0 -9999.0 -9999.0 -9999.0 -9999.0 -9999.0 -9999.0 -9999.0 -9999.0 -9999.0 -9999.0     5.7     8.4    14.6    23.9    35.0    45.8    54.9    59.8    68.2    75.9    83.9    91.4   100.5   113.6   129.4   145.5   154.5 -9999.0 -9999.0 -9999.0 -9999.0 -9999.0 -9999.0 -9999.0 -9999.0 -9999.0 -9999.0 -9999.0 -9999.0 -9999.0 -9999.0 -9999.0 -9999.0 -9999.0
 -9999.0 -9999.0 -9999.0 -9999.0 -9999.0 -9999.0 -9999.0 -9999.0 -9999.0 -9999.0 -9999.0 -9999.0 -9999.0 -9999.0 -9999.0 -9999.0 -9999.0 -9999.0 -9999.0 -9999.0 -9999.0 -9999.0 -9999.0 -9999.0 -9999.0 -9999.0 -9999.0 -9999.0 -9999.0 -9999.0 -9999.0 -9999.0 -9999.0 -9999.0 -9999.0 -9999.0 -9999.0 -9999.0 -9999.0 -9999.0 -9999.0 -9999.0 -9999.0 -9999.0 -9999.0 -9999.0 -9999.0 -9999.0 -9999.0 -9999.0 -9999.0 -9999.0 -9999.0 -9999.0 -9999.0 -9999.0 -9999.0 -9999.0 -9999.0 -9999.0 -9999.0 -9999.0 -9999.0 -9999.0 -9999.0 -9999.0 -9999.0 -9999.0 -9999.0 -9999.0 -9999.0 -9999.0 -9999.0 -9999.0 -9999.0 -9999.0 -9999.0 -9999.0 -9999.0 -9999.0 -9999.0 -9999.0 -9999.0 -9999.0 -9999.0 -9999.0 -9999.0 -9999.0 -9999.0 -9999.0 -9999.0 -9999.0 -9999.0 -9999.0     7.7    12.5    20.7    33.3    45.9    52.8    58.4    63.1    68.4    75.0    83.0    92.2   101.9   113.4   125.8   137.8   147.1   147.0 -9999.0 -9999.0 -9999.0 -9999.0 -9999.0 -9999.0 -9999.0 -9999.0 -9999.0 -9999.0 -9999.0 -9999.0 -9999.0 -9999.0 -9999.0 -9999.0
 -9999.0 -9999.0 -9999.0 -9999.0 -9999.0 -9999.0 -9999.0 -9999.0 -9999.0 -9999.0 -9999.0 -9999.0 -9999.0 -9999.0 -9999.0 -9999.0 -9999.0 -9999.0 -9999.0 -9999.0 -9999.0 -9999.0 -9999.0 -9999.0 -9999.0 -9999.0 -9999.0 -9999.0 -9999.0 -9999.0 -9999.0 -9999.0 -9999.0 -9999.0 -9999.0 -9999.0 -9999.0 -9999.0 -9999.0 -9999.0 -9999.0 -9999.0 -9999.0 -9999.0 -9999.0 -9999.0 -9999.0 -9999.0 -9999.0 -9999.0 -9999.0 -9999.0 -9999.0 -9999.0 -9999.0 -9999.0 -9999.0 -9999.0 -9999.0 -9999.0 -9999.0 -9999.0 -9999.0 -9999.0 -9999.0 -9999.0 -9999.0 -9999.0 -9999.0 -9999.0 -9999.0 -9999.0 -9999.0 -9999.0 -9999.0 -9999.0 -9999.0 -9999.0 -9999.0 -9999.0 -9999.0 -9999.0 -9999.0 -9999.0 -9999.0 -9999.0 -9999.0 -9999.0 -9999.0    14.6 -9999.0 -9999.0     8.4     9.3    11.7    19.2    33.3    51.6    63.6    66.1    62.6    64.3    69.0    75.8    85.0    94.5   103.0   110.4   118.8   126.5   133.9   132.4 -9999.0 -9999.0 -9999.0 -9999.0 -9999.0 -9999.0 -9999.0 -9999.0 -9999.0 -9999.0 -9999.0 -9999.0 -9999.0 -9999.0 -9999.0 -9999.0
 -9999.0 -9999.0 -9999.0 -9999.0 -9999.0 -9999.0 -9999.0 -9999.0 -9999.0 -9999.0 -9999.0 -9999.0 -9999.0 -9999.0 -9999.0 -9999.0 -9999.0 -9999.0 -9999.0 -9999.0 -9999.0 -9999.0 -9999.0 -9999.0 -9999.0 -9999.0 -9999.0 -9999.0 -9999.0 -9999.0 -9999.0 -9999.0 -9999.0 -9999.0 -9999.0 -9999.0 -9999.0 -9999.0 -9999.0 -9999.0 -9999.0 -9999.0 -9999.0 -9999.0 -9999.0 -9999.0 -9999.0 -9999.0 -9999.0 -9999.0 -9999.0 -9999.0 -9999.0 -9999.0 -9999.0 -9999.0 -9999.0 -9999.0 -9999.0 -9999.0 -9999.0 -9999.0 -9999.0 -9999.0 -9999.0 -9999.0 -9999.0 -9999.0 -9999.0 -9999.0 -9999.0 -9999.0 -9999.0 -9999.0 -9999.0 -9999.0 -9999.0 -9999.0 -9999.0 -9999.0 -9999.0 -9999.0 -9999.0 -9999.0 -9999.0 -9999.0 -9999.0 -9999.0    17.1    15.9    15.0    12.7    11.5    14.4    19.8    36.6    60.0    83.8    87.9    78.5    69.8    66.4    70.3    80.6    92.5   101.8   106.8   109.6   112.0   114.6   116.7   116.2   110.4   105.4   101.8    96.8 -9999.0 -9999.0 -9999.0 -9999.0 -9999.0 -9999.0 -9999.0 -9999.0 -9999.0 -9999.0 -9999.0 -9999.0
 -9999.0 -9999.0 -9999.0 -9999.0 -9999.0 -9999.0 -9999.0 -9999.0 -9999.0 -9999.0 -9999.0 -9999.0 -9999.0 -9999.0 -9999.0 -9999.0 -9999.0 -9999.0 -9999.0 -9999.0 -9999.0 -9999.0 -9999.0 -9999.0 -9999.0 -9999.0 -9999.0 -9999.0 -9999.0    34.5    33.0    31.1    28.4 -9999.0 -9999.0 -9999.0 -9999.0 -9999.0 -9999.0 -9999.0 -9999.0 -9999.0 -9999.0 -9999.0 -9999.0 -9999.0 -9999.0 -9999.0 -9999.0 -9999.0 -9999.0 -9999.0 -9999.0 -9999.0 -9999.0 -9999.0 -9999.0 -9999.0 -9999.0 -9999.0 -9999.0 -9999.0 -9999.0 -9999.0 -9999.0 -9999.0 -9999.0 -9999.0 -9999.0 -9999.0 -9999.0 -9999.0 -9999.0 -9999.0 -9999.0 -9999.0 -9999.0 -9999.0 -9999.0 -9999.0 -9999.0 -9999.0 -9999.0 -9999.0 -9999.0 -9999.0 -9999.0    19.7    18.9    17.9    16.6    14.6    15.4    19.7    31.1    53.6    89.0   113.6   107.8    87.0    69.1    64.0    70.7    86.2   103.5   115.5   117.1   112.9   107.2   104.1   103.5   103.3   100.9    99.6    97.3    93.2    84.1    71.2 -9999.0 -9999.0 -9999.0 -9999.0 -9999.0 -9999.0 -9999.0 -9999.0 -9999.0 -9999.0
 -9999.0 -9999.0 -9999.0 -9999.0 -9999.0 -9999.0 -9999.0 -9999.0 -9999.0 -9999.0 -9999.0 -9999.0 -9999.0 -9999.0 -9999.0 -9999.0 -9999.0 -9999.0 -9999.0 -9999.0 -9999.0 -9999.0 -9999.0 -9999.0 -9999.0 -9999.0 -9999.0    38.5    39.2    38.2    38.1    35.4    34.0    26.6 -9999.0 -9999.0 -9999.0 -9999.0 -9999.0 -9999.0 -9999.0 -9999.0 -9999.0 -9999.0 -9999.0 -9999.0 -9999.0 -9999.0 -9999.0 -9999.0 -9999.0 -9999.0 -9999.0 -9999.0 -9999.0 -9999.0 -9999.0 -9999.0 -9999.0 -9999.0 -9999.0 -9999.0 -9999.0 -9999.0 -9999.0 -9999.0 -9999.0 -9999.0 -9999.0 -9999.0 -9999.0 -9999.0 -9999.0 -9999.0 -9999.0 -9999.0 -9999.0 -9999.0 -9999.0 -9999.0 -9999.0 -9999.0 -9999.0 -9999.0 -9999.0 -9999.0 -9999.0    22.7    21.5    18.7    17.0    16.6    18.7    26.5    42.2    70.3   103.5   123.3   112.3    88.2    66.9    61.0    68.2    86.7   112.7   132.5   132.5   119.9   106.8    98.4    96.0    96.9    98.7   100.1    98.6    92.2    81.0    65.8 -9999.0 -9999.0 -9999.0 -9999.0 -9999.0    41.8    44.7    47.3    49.4 -9999.0
 -9999.0 -9999.0 -9999.0 -9999.0 -9999.0 -9999.0 -9999.0 -9999.0 -9999.0 -9999.0 -9999.0 -9999.0 -9999.0 -9999.0 -9999.0 -9999.0 -9999.0 -9999.0 -9999.0 -9999.0 -9999.0 -9999.0 -9999.0 -9999.0 -9999.0 -9999.0    35.1    36.8    39.0    37.2    33.6    30.6    42.6    34.0    31.8    27.3    23.5 -9999.0 -9999.0 -9999.0 -9999.0 -9999.0 -9999.0 -9999.0 -9999.0 -9999.0 -9999.0 -9999.0 -9999.0 -9999.0 -9999.0 -9999.0 -9999.0 -9999.0 -9999.0 -9999.0 -9999.0 -9999.0 -9999.0 -9999.0 -9999.0 -9999.0 -9999.0 -9999.0 -9999.0 -9999.0 -9999.0 -9999.0 -9999.0 -9999.0 -9999.0 -9999.0 -9999.0 -9999.0 -9999.0 -9999.0 -9999.0 -9999.0 -9999.0 -9999.0 -9999.0 -9999.0 -9999.0 -9999.0 -9999.0 -9999.0    25.0    24.8    23.0    20.6    19.4    19.2    22.5    32.2    50.4    79.3   107.3   121.3   111.5    83.6    65.1    59.1    64.7    81.9   109.5   134.0   138.2   126.1   109.8    98.5    95.6    97.7   102.2   106.6   104.5    96.5    81.8    62.1    47.2 -9999.0 -9999.0    34.8    37.9    41.3    44.4    47.3    48.6 -9999.0
 -9999.0 -9999.0 -9999.0 -9999.0 -9999.0 -9999.0 -9999.0 -9999.0 -9999.0 -9999.0 -9999.0 -9999.0 -9999.0 -9999.0 -9999.0 -9999.0 -9999.0 -9999.0 -9999.0 -9999.0 -9999.0 -9999.0 -9999.0 -9999.0 -9999.0 -9999.0    31.0    33.3    34.5    30.8    24.0    21.3    17.8    30.6    30.4    30.9    34.9    18.2 -9999.0 -9999.0 -9999.0 -9999.0 -9999.0 -9999.0 -9999.0 -9999.0 -9999.0 -9999.0 -9999.0 -9999.0 -9999.0 -9999.0 -9999.0 -9999.0 -9999.0 -9999.0 -9999.0 -9999.0 -9999.0 -9999.0 -9999.0 -9999.0 -9999.0 -9999.0 -9999.0 -9999.0 -9999.0 -9999.0 -9999.0 -9999.0 -9999.0 -9999.0 -9999.0 -9999.0 -9999.0 -9999.0 -9999.0 -9999.0 -9999.0 -9999.0 -9999.0 -9999.0 -9999.0 -9999.0 -9999.0 -9999.0    27.8    27.4    26.3    24.6    22.8    22.9    27.5    37.9    57.5    83.0   109.2   118.4   105.4    84.3    67.1    62.5    66.5    75.3    92.8   111.7   124.0   125.0   116.0   106.3   102.0   102.6   106.8   113.8   114.2   101.5    85.1    61.0    42.2    32.9    32.0    35.6    40.0    43.8    46.6    48.4    49.2 -9999.0
 -9999.0 -9999.0 -9999.0 -9999.0 -9999.0 -9999.0 -9999.0 -9999.0 -9999.0 -9999.0 -9999.0 -9999.0 -9999.0 -9999.0 -9999.0 -9999.0 -9999.0 -9999.0 -9999.0 -9999.0 -9999.0    29.5    33.9    35.4    33.8    33.6    35.3    40.2    41.1    35.0    23.4    19.5    17.1    20.6    27.2    24.6    28.1    20.9    20.4 -9999.0 -9999.0 -9999.0 -9999.0 -9999.0 -9999.0 -9999.0 -9999.0 -9999.0 -9999.0 -9999.0 -9999.0 -9999.0 -9999.0 -9999.0 -9999.0 -9999.0 -9999.0 -9999.0 -9999.0 -9999.0 -9999.0 -9999.0 -9999.0 -9999.0 -9999.0 -9999.0 -9999.0 -9999.0 -9999.0 -9999.0 -9999.0 -9999.0 -9999.0 -9999.0 -9999.0 -9999.0 -9999.0 -9999.0 -9999.0 -9999.0 -9999.0 -9999.0 -9999.0 -9999.0 -9999.0 -9999.0 -9999.0    33.0 -9999.0 -9999.0    27.6 -9999.0 -9999.0    44.1    62.0    86.8   111.5   118.9   106.3    91.6    71.0    70.4    72.7    71.4    74.9    84.7   101.9   118.2   121.2   116.1   111.5   109.5   109.8   112.7   115.7   109.7    91.8    64.3    43.0    34.1    35.3    40.7    45.9    49.3    51.2    52.3 -9999.0 -9999.0
 -9999.0 -9999.0 -9999.0 -9999.0 -9999.0 -9999.0 -9999.0 -9999.0 -9999.0 -9999.0 -9999.0 -9999.0 -9999.0 -9999.0 -9999.0 -9999.0 -9999.0 -9999.0 -9999.0 -9999.0 -9999.0    25.0    29.8    33.7    34.9    43.2    36.7    36.4    40.8    37.3    26.0    24.3    26.4    23.3    23.1    19.7    15.4    23.7     9.0 -9999.0 -9999.0 -9999.0 -9999.0 -9999.0 -9999.0 -9999.0 -9999.0 -9999.0 -9999.0 -9999.0 -9999.0 -9999.0 -9999.0 -9999.0 -9999.0 -9999.0 -9999.0 -9999.0 -9999.0 -9999.0 -9999.0 -9999.0 -9999.0 -9999.0 -9999.0 -9999.0 -9999.0 -9999.0 -9999.0 -9999.0 -9999.0 -9999.0 -9999.0 -9999.0 -9999.0 -9999.0 -9999.0 -9999.0 -9999.0 -9999.0 -9999.0 -9999.0 -9999.0 -9999.0 -9999.0 -9999.0 -9999.0 -9999.0 -9999.0    35.3    33.6    33.7    38.9    48.0    66.4    91.6   109.8   119.7   110.1    87.9    75.4    78.1    80.0    74.5    69.4    73.0    89.0   110.2   122.3   124.1   121.3   115.6   108.2   105.3   108.0   112.4    99.1    72.5    50.0    42.1    44.4    50.5    55.7    58.3    57.4 -9999.0 -9999.0 -9999.0
 -9999.0 -9999.0 -9999.0 -9999.0 -9999.0 -9999.0 -9999.0 -9999.0 -9999.0 -9999.0 -9999.0 -9999.0 -9999.0 -9999.0 -9999.0 -9999.0 -9999.0 -9999.0 -9999.0 -9999.0    22.3    29.1    28.9    34.6    37.2    31.7    26.9    28.6    25.7    26.4    30.1    25.9    30.1    30.0    24.1    16.0    14.3     6.8     4.2 -9999.0 -9999.0 -9999.0 -9999.0 -9999.0 -9999.0 -9999.0 -9999.0 -9999.0 -9999.0 -9999.0 -9999.0 -9999.0 -9999.0 -9999.0 -9999.0 -9999.0 -9999.0 -9999.0 -9999.0 -9999.0 -9999.0 -9999.0 -9999.0 -9999.0 -9999.0 -9999.0 -9999.0 -9999.0 -9999.0 -9999.0 -9999.0 -9999.0 -9999.0 -9999.0 -9999.0 -9999.0 -9999.0 -9999.0 -9999.0 -9999.0 -9999.0 -9999.0 -9999.0 -9999.0 -9999.0 -9999.0 -9999.0 -9999.0    42.7    41.5    39.0    37.0    40.5    50.0    68.0    91.8   109.6   121.3   109.6    90.2    84.5    88.6    91.1    82.0    72.1    72.3    85.2   105.1   120.5   128.7   130.3   122.7   106.1    93.9    96.4   103.1   100.9    83.7    63.7    53.5    55.0    61.4    66.1    66.4    64.0 -9999.0 -9999.0 -9999.0
 -9999.0 -9999.0 -9999.0 -9999.0 -9999.0 -9999.0 -9999.0 -9999.0 -9999.0 -9999.0 -9999.0 -9999.0 -9999.0 -9999.0 -9999.0 -9999.0 -9999.0 -9999.0    25.2    27.1    27.2    51.3    50.7    52.1    43.3    35.7    20.1    17.9    17.4    22.4    24.9    30.4    35.6    32.3    26.0    19.2    11.1     4.4     2.1 -9999.0 -9999.0 -9999.0 -9999.0 -9999.0 -9999.0 -9999.0 -9999.0 -9999.0 -9999.0 -9999.0 -9999.0 -9999.0 -9999.0 -9999.0 -9999.0 -9999.0 -9999.0 -9999.0 -9999.0 -9999.0 -9999.0 -9999.0 -9999.0 -9999.0 -9999.0 -9999.0 -9999.0 -9999.0 -9999.0 -9999.0 -9999.0 -9999.0 -9999.0 -9999.0 -9999.0 -9999.0 -9999.0 -9999.0 -9999.0 -9999.0 -9999.0 -9999.0 -9999.0 -9999.0    31.9    38.1    43.3    44.5    44.3    45.4    42.0    39.0    38.9    48.1    65.6    89.9   102.6   106.4    91.9    81.5    83.0    92.3    96.7    86.5    76.3    76.5    87.4   102.9   117.5   133.9   141.4   129.6   106.4    88.9    86.4    91.2    93.6    89.3    73.7    59.9    59.6    66.9    71.8    71.2 -9999.0 -9999.0 -9999.0 -9999.0
 -9999.0 -9999.0 -9999.0 -9999.0 -9999.0 -9999.0 -9999.0 -9999.0 -9999.0 -9999.0 -9999.0 -9999.0 -9999.0 -9999.0 -9999.0    19.9    33.3    47.1    50.8    46.1    54.4    31.5    55.2    31.5    21.2    15.7    15.4    15.6    15.4    19.3    23.9    28.0    33.5    31.4    36.4    27.5    13.6    40.1    10.6     4.8     7.4    10.1    11.9    16.4 -9999.0 -9999.0 -9999.0 -9999.0 -9999.0 -9999.0 -9999.0 -9999.0 -9999.0 -9999.0 -9999.0 -9999.0 -9999.0 -9999.0 -9999.0 -9999.0 -9999.0 -9999.0 -9999.0 -9999.0 -9999.0 -9999.0 -9999.0 -9999.0 -9999.0 -9999.0 -9999.0 -9999.0 -9999.0 -9999.0 -9999.0 -9999.0 -9999.0 -9999.0 -9999.0     4.4     8.2    13.0    18.5    25.0    32.5    38.8    42.9    43.7    42.8    42.6    38.8    36.2    36.4    45.0    60.7    84.3    92.4    86.9    69.3    61.8    67.2    79.9    87.9    84.1    81.1    87.4    99.8   111.4   125.6   151.0   163.0   144.0   116.6    97.4    96.5    86.8    87.4    88.8    78.0    63.6    60.5    65.3    69.5    69.3 -9999.0 -9999.0 -9999.0 -9999.0
 -9999.0 -9999.0 -9999.0 -9999.0 -9999.0 -9999.0 -9999.0 -9999.0 -9999.0 -9999.0 -9999.0 -9999.0 -9999.0 -9999.0 -9999.0    47.7    56.4    61.7    65.4    53.0    25.5    16.5    12.7    13.1    10.9    10.3    10.6    11.3    13.0    14.9    17.2    19.2    24.2    18.7    16.1    13.4     6.9     8.2     3.0     3.1     2.7     1.1     2.0     4.2     5.1    13.6    67.3 -9999.0 -9999.0 -9999.0 -9999.0 -9999.0 -9999.0 -9999.0 -9999.0 -9999.0 -9999.0 -9999.0 -9999.0 -9999.0 -9999.0 -9999.0 -9999.0 -9999.0 -9999.0 -9999.0 -9999.0 -9999.0 -9999.0 -9999.0 -9999.0 -9999.0 -9999.0 -9999.0 -9999.0 -9999.0 -9999.0 -9999.0     1.9     4.2     7.7    12.6    18.4    24.1    30.4    36.1    39.0    39.5    38.5    36.8    35.1    32.8    34.5    39.2    58.5    64.8    72.9    56.5    45.1    40.2    46.4    59.7    73.0    81.9    93.7   112.2   127.1   134.0   149.7   178.1   192.9   172.6   142.4   119.9   103.2    92.0    86.4    82.6    74.4    63.6    58.7    59.8    62.0 -9999.0 -9999.0 -9999.0 -9999.0 -9999.0
 -9999.0 -9999.0 -9999.0 -9999.0 -9999.0 -9999.0 -9999.0 -9999.0 -9999.0 -9999.0 -9999.0 -9999.0 -9999.0 -9999.0 -9999.0 -9999.0    30.0    33.5    52.1    81.3    86.0    59.6    63.5    54.3    27.1    21.8    17.8    13.0    13.6    13.7    14.2    13.4    15.9    15.9    16.3    17.5    16.0    13.4    10.7    14.0    20.5    12.5    10.1     4.4     3.2     3.0     4.5     8.7 -9999.0 -9999.0 -9999.0 -9999.0 -9999.0 -9999.0 -9999.0 -9999.0 -9999.0 -9999.0 -9999.0 -9999.0 -9999.0 -9999.0 -9999.0 -9999.0 -9999.0 -9999.0 -9999.0 -9999.0 -9999.0 -9999.0 -9999.0 -9999.0 -9999.0 -9999.0 -9999.0 -9999.0 -9999.0 -9999.0     1.9     3.9     7.0    11.4    15.9    20.9    27.0    32.5    36.9    34.9    33.5    33.1    29.5    28.3    32.9    34.5    37.1    46.1    45.1    35.9    26.0    24.3    29.9    41.8    58.2    81.1   106.5   130.0   147.2   150.7   165.7   190.7   204.2   184.2   160.9   141.1   119.0    99.2    85.0    74.9    66.0    57.4 -9999.0 -9999.0 -9999.0 -9999.0 -9999.0 -9999.0 -9999.0 -9999.0
 -9999.0 -9999.0 -9999.0 -9999.0 -9999.0 -9999.0 -9999.0 -9999.0 -9999.0 -9999.0 -9999.0 -9999.0 -9999.0 -9999.0 -9999.0 -9999.0    27.9    35.8    42.3    43.4    70.5    62.1    61.3    56.0    45.3    44.0    53.7    43.1    83.8    77.3    31.3    53.3   155.5   167.3    62.3    44.1    59.3    37.5    28.5    34.8    42.7    26.7    38.8    89.9    10.7     1.6     0.8     1.4 -9999.0 -9999.0 -9999.0 -9999.0 -9999.0 -9999.0 -9999.0 -9999.0 -9999.0 -9999.0 -9999.0 -9999.0 -9999.0 -9999.0 -9999.0 -9999.0 -9999.0 -9999.0 -9999.0 -9999.0 -9999.0 -9999.0 -9999.0 -9999.0 -9999.0 -9999.0 -9999.0 -9999.0 -9999.0     0.9     1.9     3.8     6.2     8.9    12.9    18.9    22.5    27.8    30.8    30.6    29.1    28.2    28.3    25.2    22.2    25.7    33.3    35.5    34.0    26.0    19.1    19.5    25.5    38.0    56.3    80.4   104.9   130.1   145.8   151.3   162.6   178.8   190.5   191.9   176.8   153.9   124.6   102.0    81.1    66.0    55.9 -9999.0 -9999.0 -9999.0 -9999.0 -9999.0 -9999.0 -9999.0 -9999.0 -9999.0
 -9999.0 -9999.0 -9999.0 -9999.0 -9999.0 -9999.0 -9999.0 -9999.0 -9999.0 -9999.0 -9999.0 -9999.0 -9999.0 -9999.0 -9999.0 -9999.0    88.9   103.0   108.4    79.5    57.7    61.5    61.6    49.8    40.8    39.4    33.8    39.0    67.1    85.4   102.4    91.3    44.6    32.6    72.1    87.6    53.5    17.6    14.1     5.0    10.4    17.3    25.6    67.5    59.4    21.5     3.6     1.0     5.4     8.2     5.1 -9999.0 -9999.0 -9999.0 -9999.0 -9999.0 -9999.0 -9999.0 -9999.0 -9999.0 -9999.0 -9999.0 -9999.0 -9999.0 -9999.0 -9999.0 -9999.0 -9999.0 -9999.0 -9999.0 -9999.0 -9999.0 -9999.0 -9999.0 -9999.0 -9999.0     0.8     1.3     2.7     4.3     6.1     8.0     9.9    13.6    17.8    22.2    27.0    29.9    30.0    28.3    27.2    24.8    24.5    25.9    30.1    33.1    31.1    26.9    25.7    29.7    38.2    52.9    72.4    91.7   109.6   127.6   133.6   133.6   136.3   145.1   157.1   147.5   148.9   137.4   119.1    99.4    74.5    57.1    45.1    37.9 -9999.0 -9999.0 -9999.0 -9999.0 -9999.0 -9999.0 -9999.0 -9999.0
 -9999.0 -9999.0 -9999.0 -9999.0 -9999.0 -9999.0 -9999.0 -9999.0 -9999.0 -9999.0 -9999.0 -9999.0 -9999.0 -9999.0 -9999.0    59.8    58.9    73.1    93.2    78.9    65.2    46.9    43.2    38.7    32.4    29.2    30.7    44.1    54.3    55.7    68.0    34.9     1.1     0.8     0.7     1.0     5.7     2.4     0.8     0.9     0.4     0.9     3.3     4.2     7.9    15.0    10.6     5.9     5.2     3.2     2.5     1.9     2.4     5.5     3.9     4.4     3.6     3.3     3.0     2.8     2.1 -9999.0 -9999.0 -9999.0 -9999.0 -9999.0 -9999.0 -9999.0 -9999.0     0.4     0.5     0.6     0.8     0.9     1.0     1.1     1.5     2.4     4.2     6.7     7.9     8.1     8.8    11.6    15.2    20.3    26.7    32.0    34.1    32.5    32.0    32.6    35.4    34.9    36.7    37.9    37.0    39.6    48.4    56.7    64.3    78.1    99.0   119.2   133.1   136.2   125.9   117.2   120.1   117.3   121.6   118.2   110.4   102.0   107.2    88.7    64.6    46.6 -9999.0 -9999.0 -9999.0 -9999.0 -9999.0 -9999.0 -9999.0 -9999.0 -9999.0 -9999.0
 -9999.0 -9999.0 -9999.0 -9999.0 -9999.0 -9999.0 -9999.0 -9999.0 -9999.0 -9999.0 -9999.0 -9999.0 -9999.0 -9999.0    51.6    52.1    50.7    70.9    65.3    56.7    57.5    40.2    34.9    28.7    24.8    23.3    24.6    17.3    10.1     8.1     9.5    23.1     4.7    17.6    10.4     6.0     7.7     8.1     8.3     4.3     1.9     1.6     1.5     1.6     2.3     3.8     4.7     9.2     8.3     6.6     4.8     2.8     2.9     2.1     1.8     3.0     2.6     2.3     1.8     2.0     2.1     1.8     1.3     1.1     1.0     1.0     0.8     0.8     0.8     0.9     1.2     1.7     2.3     3.0     3.4     3.6     4.1     6.0     9.5    13.6    14.3    12.6    14.9    16.2    21.2    24.1    32.6    39.1    42.9    41.9    44.9    50.8    48.8    46.4    43.3    48.3    54.4    58.0    68.0    82.3    78.8    92.4   121.4   142.8   159.6   161.4   139.4   119.0   113.7   107.2   110.6    92.4    83.5    76.7    73.5    66.5    51.3 -9999.0 -9999.0 -9999.0 -9999.0 -9999.0 -9999.0 -9999.0 -9999.0 -9999.0 -9999.0 -9999.0
 -9999.0 -9999.0 -9999.0 -9999.0 -9999.0 -9999.0 -9999.0 -9999.0 -9999.0 -9999.0 -9999.0 -9999.0    32.4    37.6    40.5    40.9    51.3    37.5    24.1    17.4    17.0    17.1    13.2    10.3     8.3     6.6     5.8     5.3     6.7     6.3     6.1     7.7    16.7    10.3     4.5     7.2    11.5    10.9     5.8     5.5     3.9     3.8     3.8     3.7     4.0     7.0     9.4    10.4    12.6     6.9     4.5     2.4     2.3     2.0     1.5     2.0     2.4     2.4     2.1     1.9     2.0     2.2     1.7     1.5     1.4     1.5     1.8     2.0     2.2     2.4     3.2     4.5     6.0     8.1    10.1    11.4    12.4    16.3    23.3    27.8    30.8    25.3    29.6    27.5    31.4    39.2    45.7    50.2    57.5    58.9    69.0    78.5    82.3    82.5    63.7    66.4    63.8    66.4    84.9    96.6    78.6    98.4   136.0   167.5   189.6   179.7   154.1   130.5   121.0   123.8   105.6    89.4    70.9    61.3    77.7 -9999.0 -9999.0 -9999.0 -9999.0 -9999.0 -9999.0 -9999.0 -9999.0 -9999.0 -9999.0 -9999.0 -9999.0 -9999.0
 -9999.0 -9999.0 -9999.0 -9999.0 -9999.0 -9999.0 -9999.0 -9999.0 -9999.0    20.9    19.0    24.9    29.4    29.8    14.5    10.0     7.6     8.1     7.6     7.2     7.3     7.7     7.1     6.0     5.0     4.4     4.2     4.0     4.0     3.9     5.4    16.9    14.0     7.4     8.6    14.9     8.1     3.4     1.6     1.2     2.0     2.5     1.5     2.0     2.9     5.2     7.6     9.0     8.9    10.5     4.4     1.9     1.1     1.3     3.2     1.9     2.1     2.4     2.4     3.0     3.1     3.2     2.9     2.6     2.5     3.5     4.6     5.2     5.6     6.4     6.0     7.4    10.0    13.6    18.6    23.3    27.2    34.2    41.5    50.3    55.4    54.1    40.1    40.4    50.9    57.9    79.6    66.1    71.2    83.1   108.6   121.2   118.0   105.6    87.1    78.0    76.7    84.2    82.6    82.7    85.7   113.0   158.9   198.5   212.6   199.0   166.8   138.0   129.0   120.5   105.3    85.7    64.6 -9999.0 -9999.0 -9999.0 -9999.0 -9999.0 -9999.0 -9999.0 -9999.0 -9999.0 -9999.0 -9999.0 -9999.0 -9999.0 -9999.0 -9999.0
 -9999.0 -9999.0 -9999.0 -9999.0 -9999.0    22.7    13.7    17.1    17.5    18.2    21.4    23.6    26.1    23.8    19.1    12.1     6.8     6.5     6.1     5.7     5.2     4.9     4.6     3.9     3.5     3.3     3.2     3.3     3.6     4.0     4.3     4.6     4.0     3.4     3.5     2.7     1.6     1.1     0.8     0.9     1.2     0.8     1.0     1.9     2.0     2.8     3.2     4.3     4.6     3.9     4.2     2.4     2.5     2.6     3.1     1.9     2.1     2.7     3.1     4.4     5.5     6.5     5.6     4.9     6.1     7.6     9.5    11.3    11.3     9.3     8.8     9.8    12.7    18.0    27.0    32.1    37.2    44.7    46.2    51.0    57.5    54.9    53.7    59.9    68.5    48.2    68.2    61.9    78.2   108.9   148.2   158.6   149.2   133.9   114.9    98.7    97.4    94.2 -9999.0 -9999.0   111.0   148.7   220.2   230.7   206.3   183.8   156.5   142.4   132.4 -9999.0 -9999.0 -9999.0 -9999.0 -9999.0 -9999.0 -9999.0 -9999.0 -9999.0 -9999.0 -9999.0 -9999.0 -9999.0 -9999.0 -9999.0 -9999.0 -9999.0 -9999.0 -9999.0
 -9999.0 -9999.0 -9999.0    22.3    24.9    17.0    18.1    17.2    16.7    13.2    10.8    12.8    18.3    14.8    11.3     9.6     7.9     7.0     6.4     5.5     4.7     4.0     3.6     3.2     3.0     2.7     2.7     2.7     3.8     3.9     4.2     4.3     3.6     2.8     2.0     1.4     1.0     0.7     0.5     0.4     0.4     0.3     0.4     0.6     1.0     1.6     2.7     4.8     4.7     5.7     3.6     1.8     1.6     1.5     1.6     2.1     4.4     5.6     5.7     6.2     6.5     6.5     7.3     9.0     9.5    11.6    16.8    16.7    14.9    12.3    11.0    11.0    14.3    19.8    26.0    31.7    36.2    40.3    47.4    55.2    59.3    77.6    60.2    67.3   105.2    69.6    72.6    68.6    77.8   122.9   168.5   172.1   148.3   139.9   131.5   119.2   109.2 -9999.0 -9999.0 -9999.0   135.9   194.7   201.7   210.2   193.9   179.8   157.0 -9999.0 -9999.0 -9999.0 -9999.0 -9999.0 -9999.0 -9999.0 -9999.0 -9999.0 -9999.0 -9999.0 -9999.0 -9999.0 -9999.0 -9999.0 -9999.0 -9999.0 -9999.0 -9999.0 -9999.0 -9999.0
 -9999.0 -9999.0    19.8    20.3    20.9    21.3    18.0    11.6     5.1     4.7     4.9     5.6     6.6     7.8     9.2     9.1     8.4     7.4     6.5     5.5     4.5     3.8     3.4     3.2     2.9     2.6     2.8     3.0     3.1     3.6     3.4     3.4     2.7     2.1     1.5     1.0     0.8     0.7     0.6     0.5     0.4     0.5     0.7     1.0     1.6     3.8    14.8    21.2    21.9    19.7    28.2    19.0     8.9     4.8     4.9    10.6     7.7     9.6     7.7     7.2     5.3     8.6     6.0     8.0    10.4    14.3    17.5    17.5    15.4    12.1    12.2    12.6    15.9    22.0    29.0    33.2    37.2    37.9    45.5    54.0    63.6    75.3    70.3    86.1    87.5   133.1    88.2    64.5    76.8   118.4   150.1   141.9   113.8   101.1   105.2 -9999.0 -9999.0 -9999.0 -9999.0   120.9   133.6   152.7   179.8   190.3 -9999.0 -9999.0 -9999.0 -9999.0 -9999.0 -9999.0 -9999.0 -9999.0 -9999.0 -9999.0 -9999.0 -9999.0 -9999.0 -9999.0 -9999.0 -9999.0 -9999.0 -9999.0 -9999.0 -9999.0 -9999.0 -9999.0 -9999.0 -9999.0
 -9999.0 -9999.0    12.8    11.4     6.1    13.7    10.1     4.0     2.8     2.7     3.3     4.1     5.0     6.3     7.7     8.4     8.0     7.1     6.1     5.1     4.3     3.7     3.5     3.1     2.9     2.7     2.6     2.7     2.9     3.1     2.9     2.4     1.9     1.7     1.4     2.1     3.2     3.8     2.3     1.5     0.7     1.8     8.7    35.5     8.5    23.3    52.1    28.5    62.8    57.5    61.6    95.7    97.0    91.6    27.6    19.4    13.8    25.8    12.9    13.2    10.6     5.9     6.6     7.4    10.1    13.2    14.6    14.3    13.2     8.5     9.6    12.9    19.2    25.7    31.2    33.5    32.1    37.1    42.2    53.7    64.2    74.8    97.3   113.2   108.6    96.7    72.2    68.2    82.2   106.9   119.4   105.2    80.8    77.2 -9999.0 -9999.0 -9999.0 -9999.0 -9999.0   111.0 -9999.0 -9999.0 -9999.0 -9999.0 -9999.0 -9999.0 -9999.0 -9999.0 -9999.0 -9999.0 -9999.0 -9999.0 -9999.0 -9999.0 -9999.0 -9999.0 -9999.0 -9999.0 -9999.0 -9999.0 -9999.0 -9999.0 -9999.0 -9999.0 -9999.0 -9999.0 -9999.0 -9999.0
 -9999.0 -9999.0    12.3     7.7     7.8     9.7    10.5     9.1     2.1     1.7     2.3     3.3     4.5     5.8     7.2     7.5     7.3     6.2     5.2     4.5     3.8     3.5     3.4     3.2     3.0     2.8     2.6     2.6     2.5     2.4     2.3     2.2     7.5    11.6    11.5    12.5     7.5     6.0     5.7     3.5     1.0     1.0     1.0     3.5     4.3    10.2    21.6    37.5    43.7    53.8    90.6    78.0    89.5   120.6   125.1   118.0    43.2    26.3    28.1    23.9     6.0     4.8     5.2     6.9     9.7    12.1    12.0    14.0     5.7     5.3     8.4    13.7    23.0    33.3    38.6    41.2    41.0    43.8    60.1    77.0    92.4    90.8   112.4   138.3    80.7    81.7    82.5    81.2    86.8    94.7    96.7 -9999.0 -9999.0 -9999.0 -9999.0 -9999.0 -9999.0 -9999.0 -9999.0 -9999.0 -9999.0 -9999.0 -9999.0 -9999.0 -9999.0 -9999.0 -9999.0 -9999.0 -9999.0 -9999.0 -9999.0 -9999.0 -9999.0 -9999.0 -9999.0 -9999.0 -9999.0 -9999.0 -9999.0 -9999.0 -9999.0 -9999.0 -9999.0 -9999.0 -9999.0 -9999.0 -9999.0 -9999.0
 -9999.0 -9999.0 -9999.0     5.6     8.4     5.8     5.5     5.9     5.9     2.2     1.7     2.7     4.2     5.7     6.6     6.7     6.0     5.0     4.3     3.8     3.2     3.0     3.0     3.0     2.9     2.7     2.5     2.4     2.5     3.0     4.8     9.4     9.4    14.8    16.6    11.9     6.1     3.8     3.2     1.3     0.9     0.8     0.9     1.4     3.0    11.5    30.9    43.7    61.1    64.7    68.1    74.4    85.2   109.9   113.9   129.3   119.0    91.6    62.2    24.5    10.4     5.9     7.2     8.8    10.5    11.1    11.3    11.8     5.3     6.6    11.5    18.1    31.9    44.1    50.6    49.6    54.1    60.2    86.2    94.5   110.6   112.6   135.6    96.5    70.0    76.3    84.0    84.0    81.4    82.9    86.5    83.0 -9999.0 -9999.0 -9999.0 -9999.0 -9999.0 -9999.0 -9999.0 -9999.0 -9999.0 -9999.0 -9999.0 -9999.0 -9999.0 -9999.0 -9999.0 -9999.0 -9999.0 -9999.0 -9999.0 -9999.0 -9999.0 -9999.0 -9999.0 -9999.0 -9999.0 -9999.0 -9999.0 -9999.0 -9999.0 -9999.0 -9999.0 -9999.0 -9999.0 -9999.0 -9999.0 -9999.0
 -9999.0 -9999.0 -9999.0 -9999.0 -9999.0     5.5     5.0     4.3     4.0     2.5     1.8     2.7     4.0     5.4     6.3     6.1     4.9     3.9     3.6     3.3     2.9     2.4     2.4     2.6     2.7     2.7     2.8     3.1     4.9     6.3     7.3     9.7    11.5    11.8    15.9    11.0    10.4     8.2     4.0     1.8     1.2     1.0     1.0     1.6     3.2     7.3    15.5    37.8    42.5    59.5    59.0    74.4    73.6    75.6    89.5   100.4   105.8   101.3    79.8    67.6    51.6    12.5    15.0    15.0    16.0    13.9    13.8    12.0    10.2    13.0    20.4    31.2    47.0    62.0    70.3    68.7    70.3    70.1    98.4   118.9   124.5   102.9   129.9   111.6    77.3    79.3    94.2    93.8    83.5    84.1    94.1   100.9   105.5   111.3 -9999.0 -9999.0 -9999.0   191.5 -9999.0 -9999.0 -9999.0 -9999.0 -9999.0 -9999.0 -9999.0 -9999.0 -9999.0 -9999.0 -9999.0 -9999.0 -9999.0 -9999.0 -9999.0 -9999.0 -9999.0 -9999.0 -9999.0 -9999.0 -9999.0 -9999.0 -9999.0 -9999.0 -9999.0 -9999.0 -9999.0 -9999.0 -9999.0 -9999.0
 -9999.0 -9999.0 -9999.0 -9999.0     4.5     2.7     1.6     2.8     2.8     2.3     3.4     4.1     5.1     5.5     5.8     5.4     4.0     3.1     3.1     3.2     2.5     1.8     1.9     2.3     2.7     3.1     3.6     3.4     5.3     6.7     8.3     9.9    11.2    13.0    11.6    11.3     9.7    14.3    11.5     6.3     2.7     1.8     2.1     2.5     3.5     5.4     9.3    17.4    26.9    30.9    40.6    52.0    56.3    63.5    55.9    62.5    61.6    67.3    60.5    72.8    69.0    56.1    44.1    28.4    20.3    23.8    25.3    18.6    28.6    31.6    40.9    59.2    75.5    84.2    85.6    83.5    83.3    87.9   119.2    96.7    98.2   125.7   134.2   152.7    99.9   109.5   134.4   133.9   114.2   115.1   131.6   149.4   155.3   155.0 -9999.0 -9999.0   184.0   181.7   142.6   216.9   156.4 -9999.0 -9999.0 -9999.0 -9999.0 -9999.0 -9999.0 -9999.0 -9999.0 -9999.0 -9999.0 -9999.0 -9999.0 -9999.0 -9999.0 -9999.0 -9999.0 -9999.0 -9999.0 -9999.0 -9999.0 -9999.0 -9999.0 -9999.0 -9999.0 -9999.0 -9999.0 -9999.0
 -9999.0 -9999.0 -9999.0 -9999.0     2.4     2.5     1.2     2.0     0.8     0.9     2.7     1.6     3.0     3.4     5.9     5.7     5.0     3.6     3.3     3.4     2.9     2.3     2.2     2.6     2.1     2.0     3.2     4.2     5.5     7.0     8.8    10.8    12.2    13.4    14.5    13.7    15.0    16.0    11.3     7.4    10.2     4.9     5.0     4.7     5.5     6.8     8.8    11.8    16.7    25.8    35.7    42.5    48.3    43.6    43.1    45.7    45.0    43.7    44.8    30.4    47.3    29.9    32.4    37.2    33.3    24.2    37.3    35.4    43.7    64.0    69.3    84.7    89.6    85.0    76.2    79.9    79.1   100.8   108.0    98.9   116.2   122.7   148.8   135.4   126.0   153.8   183.4   185.9   172.5   175.1   195.6   255.8   231.4   217.3   196.1   173.5   168.7   160.0   146.9 -9999.0 -9999.0 -9999.0 -9999.0 -9999.0 -9999.0 -9999.0 -9999.0 -9999.0 -9999.0 -9999.0 -9999.0 -9999.0 -9999.0 -9999.0 -9999.0 -9999.0 -9999.0 -9999.0 -9999.0 -9999.0 -9999.0 -9999.0 -9999.0 -9999.0 -9999.0 -9999.0 -9999.0 -9999.0
 -9999.0 -9999.0 -9999.0 -9999.0 -9999.0 -9999.0 -9999.0     1.2     0.9     1.2     0.6     0.7     1.6     1.4     1.6     4.6     3.6     4.0     3.9     3.3     2.1     1.4     1.4     1.7     2.1     2.7     3.4     4.5     5.9     7.6     9.8    12.1    14.2    16.2    18.1    17.7    19.5    18.0    20.0    20.1    12.7    23.2    23.6    20.5    16.8    12.7    18.1    18.9    25.9    28.1    36.7    43.8    44.2    52.0    48.9    42.7    41.3    37.9    43.7    34.7    44.1    28.9    34.5    43.3    49.8    42.7    53.6    66.7    73.3    87.4    86.9    88.7    93.2    88.6    77.4    83.3    71.6    86.3    95.6    92.7   112.9   135.3   147.7   140.7   148.1   179.1   203.6   206.8   198.9   208.4   235.2   278.6   311.2   290.6   227.2   195.5   171.1 -9999.0 -9999.0 -9999.0 -9999.0 -9999.0 -9999.0 -9999.0 -9999.0 -9999.0 -9999.0 -9999.0 -9999.0 -9999.0 -9999.0 -9999.0 -9999.0 -9999.0 -9999.0 -9999.0 -9999.0 -9999.0 -9999.0 -9999.0 -9999.0 -9999.0 -9999.0 -9999.0 -9999.0 -9999.0 -9999.0 -9999.0
 -9999.0 -9999.0 -9999.0 -9999.0 -9999.0 -9999.0 -9999.0     0.4     1.0     0.7     0.6     0.8     0.7     0.5     0.9     0.4     1.1     1.2     0.7     1.3     1.4     1.1     1.5     1.8     2.3     3.0     4.0     4.9     6.9     9.0    11.2    13.9    16.6    19.6    21.0    22.4    22.3    23.5    23.0    22.0    22.9    24.4    28.6    39.2    34.1    30.1    36.4    38.9    47.2    44.4    51.6    50.2    48.6    48.4    52.5    51.1    53.5    52.9    49.9    47.8    40.5    36.5    41.2    52.8    59.8    64.4    73.5    85.7   112.7    95.6    90.3    83.5    82.8    88.2    71.3    92.1    83.2    68.4    72.9    93.2   116.6   148.0   166.1   146.4   149.0   170.9   184.9   181.2   170.1   169.6   201.1   249.0   277.5   273.4   258.0   198.8 -9999.0 -9999.0 -9999.0 -9999.0 -9999.0 -9999.0 -9999.0 -9999.0 -9999.0 -9999.0 -9999.0 -9999.0 -9999.0 -9999.0 -9999.0 -9999.0 -9999.0 -9999.0 -9999.0 -9999.0 -9999.0 -9999.0 -9999.0 -9999.0 -9999.0 -9999.0 -9999.0 -9999.0 -9999.0 -9999.0 -9999.0 -9999.0
 -9999.0 -9999.0 -9999.0 -9999.0 -9999.0 -9999.0 -9999.0 -9999.0 -9999.0     0.5     0.6     0.7     0.4     0.5     0.7     0.9     0.7     0.3     0.7     0.5     0.9     1.3     1.7     2.1     2.7     3.7     4.6     6.1     8.3    10.1    13.4    16.5    19.8    23.2    25.4    27.3    28.2    29.3    28.6    29.4    29.3    32.7    36.3    41.2    49.4    54.6    57.6    56.4    54.0    52.0    53.1    54.1    56.1    57.8    59.4    64.6    73.6    73.1    63.6    57.9    53.8    57.5    63.0    62.8    74.9    80.3    84.8    98.5   139.6   111.2   100.0    77.0    73.0    84.2    95.1    53.8    48.5    54.1    72.1    99.6   129.0   160.5   158.5   133.7   132.8   139.8   140.3   133.9   126.1   124.4   154.1   193.2   201.8   219.0   209.7 -9999.0 -9999.0 -9999.0 -9999.0 -9999.0 -9999.0 -9999.0 -9999.0 -9999.0 -9999.0 -9999.0 -9999.0 -9999.0 -9999.0 -9999.0 -9999.0 -9999.0 -9999.0 -9999.0 -9999.0 -9999.0 -9999.0 -9999.0 -9999.0 -9999.0 -9999.0 -9999.0 -9999.0 -9999.0 -9999.0 -9999.0 -9999.0 -9999.0
 -9999.0 -9999.0 -9999.0 -9999.0 -9999.0 -9999.0 -9999.0 -9999.0 -9999.0 -9999.0 -9999.0     0.3     0.8     0.3     0.5     0.5     0.6     0.7     0.9     0.9     0.8     1.3     1.6     2.5     2.4     4.0     5.0     6.8     9.2    12.3    15.6    19.2    23.8    28.1    31.9    36.3    37.4    38.7    42.7    39.7    42.1    44.0    49.0    55.9    64.6    68.6    71.0    67.8    62.8    59.6    61.3    65.7    69.9    71.4    73.3    76.8    86.3    86.9    85.7    81.2    80.9    76.2    75.9    79.2    95.6    76.0    74.9   105.0   139.0   141.3   113.1    90.5    72.3    67.6    50.0    45.7    45.8    63.0    84.6   113.7   147.0   166.5   156.6   132.2   123.2   115.5   106.7   103.6   105.1   112.6   129.8   142.7   148.6   161.6   183.4 -9999.0 -9999.0 -9999.0 -9999.0 -9999.0 -9999.0 -9999.0 -9999.0 -9999.0 -9999.0 -9999.0 -9999.0 -9999.0 -9999.0 -9999.0 -9999.0 -9999.0 -9999.0 -9999.0 -9999.0 -9999.0 -9999.0 -9999.0 -9999.0 -9999.0 -9999.0 -9999.0 -9999.0 -9999.0 -9999.0 -9999.0 -9999.0 -9999.0
 -9999.0 -9999.0 -9999.0 -9999.0 -9999.0 -9999.0 -9999.0 -9999.0 -9999.0 -9999.0 -9999.0 -9999.0     0.6     0.7     0.4     0.6     0.3     0.6     0.7     0.5     1.4     1.6     2.1     3.2     2.0     5.0     7.1     7.9    10.7    12.8    17.8    22.7    28.1    33.8    39.8    44.9    50.0    51.5    52.0    52.6    54.6    59.3    66.5    73.7    79.8    82.2    80.0    76.2    71.0    69.7    72.5    81.0    90.7    95.6    94.4    95.7   100.0   104.8   118.1   114.4   112.9   118.1   118.2   105.8    90.4   122.7    97.2   129.0   156.6   164.9   118.6    80.2    63.7    60.0    67.0   112.5    86.8    96.9   115.5   140.7   157.4   164.0   160.7   147.7   135.5   121.0   109.1   111.1   120.9   133.4   146.6   151.0   157.6   173.6   208.0   225.8   218.5 -9999.0 -9999.0 -9999.0 -9999.0 -9999.0 -9999.0 -9999.0 -9999.0 -9999.0 -9999.0 -9999.0 -9999.0 -9999.0 -9999.0 -9999.0 -9999.0 -9999.0 -9999.0 -9999.0 -9999.0 -9999.0 -9999.0 -9999.0 -9999.0 -9999.0 -9999.0 -9999.0 -9999.0 -9999.0 -9999.0 -9999.0
 -9999.0 -9999.0 -9999.0 -9999.0 -9999.0 -9999.0 -9999.0 -9999.0 -9999.0 -9999.0 -9999.0 -9999.0     0.2     0.8     0.9     0.5     1.0     0.9     0.6     0.9     1.2     1.4     2.3     4.1     6.4     6.9     8.5    11.5    13.0    17.0    20.1    24.6    32.0    39.7    47.5    55.1    61.6    66.3    68.8    70.5    73.7    79.7    85.2    94.8    96.1    93.4    91.1    86.2    89.5    86.2    95.5   107.1   121.6   120.1   121.7   116.6   122.0   127.6   142.3   145.3   141.5   134.3   139.0   144.6    85.2   107.1   125.0   151.5   157.7   159.5   164.1   178.0   171.9   122.0   120.5   110.8   115.4   142.3   158.1   172.9   200.4   185.1   189.6   189.4   179.3   162.8   154.6   160.1   167.9   177.7   191.8   209.5   227.8   249.5   275.7   273.4   245.6 -9999.0 -9999.0 -9999.0 -9999.0 -9999.0 -9999.0 -9999.0 -9999.0 -9999.0 -9999.0 -9999.0 -9999.0 -9999.0 -9999.0 -9999.0 -9999.0 -9999.0 -9999.0 -9999.0 -9999.0 -9999.0 -9999.0 -9999.0 -9999.0 -9999.0 -9999.0 -9999.0 -9999.0 -9999.0 -9999.0 -9999.0
 -9999.0 -9999.0 -9999.0 -9999.0 -9999.0 -9999.0 -9999.0 -9999.0 -9999.0 -9999.0 -9999.0 -9999.0 -9999.0     0.5     0.3     1.1     0.7     1.1     1.5     1.9     2.0     3.7     3.2     6.7     7.8     6.4     8.0     8.8    12.8    16.7    22.5    28.6    34.6    43.9    55.1    65.2    74.1    80.9    84.4    88.2    92.3    97.5   105.4   107.5   113.3   113.6   103.3    95.7    94.9   102.1   115.7   138.2   148.4   134.6   131.5   128.0   131.7   141.0   156.6   167.8   172.8   155.3   149.6    90.9    83.9   101.0   136.4   191.8   185.4   166.2   143.3   124.4   135.6   147.3   170.0   157.3   163.9   180.6   191.5   196.6   215.1   219.5   236.8   250.5   245.1   225.5   219.7   225.8   224.8   219.2   226.1   245.0   265.5   287.4   313.1   301.0   260.0 -9999.0 -9999.0 -9999.0 -9999.0 -9999.0 -9999.0 -9999.0 -9999.0 -9999.0 -9999.0 -9999.0 -9999.0 -9999.0 -9999.0 -9999.0 -9999.0 -9999.0 -9999.0 -9999.0 -9999.0 -9999.0 -9999.0 -9999.0 -9999.0 -9999.0 -9999.0 -9999.0 -9999.0 -9999.0 -9999.0 -9999.0
 -9999.0 -9999.0 -9999.0 -9999.0 -9999.0 -9999.0 -9999.0 -9999.0 -9999.0 -9999.0 -9999.0 -9999.0     0.5     0.3     0.4     0.9     0.4     0.8     1.1     3.3     4.4     5.7     6.3     8.8    11.4     8.5    11.0    13.9    15.9    18.1    23.0    30.6    35.9    47.9    59.8    73.1    83.8    94.4   100.6   104.2   105.6   108.7   112.0   128.2   124.1   118.1   114.7   114.8   110.5   115.8   122.3   133.1   149.5   142.1   131.9   124.9   131.2   146.3   162.3   176.0   180.8   184.4   150.5   157.0    98.0   102.0   286.4   250.7   185.8   175.4   174.3   167.0   161.4   153.7   161.5   176.9   186.2   195.4   197.2   196.5   206.7   230.0   263.8   291.6   291.2   272.7   265.8   263.8   247.1   225.3   218.4   219.1   225.2   243.5   281.2   282.6   253.1   227.9 -9999.0 -9999.0 -9999.0 -9999.0 -9999.0 -9999.0 -9999.0 -9999.0 -9999.0 -9999.0 -9999.0 -9999.0 -9999.0 -9999.0 -9999.0 -9999.0 -9999.0 -9999.0 -9999.0 -9999.0 -9999.0 -9999.0 -9999.0 -9999.0 -9999.0 -9999.0 -9999.0 -9999.0 -9999.0 -9999.0
 -9999.0 -9999.0 -9999.0 -9999.0 -9999.0 -9999.0 -9999.0 -9999.0 -9999.0 -9999.0 -9999.0 -9999.0     0.4     1.3     1.0     0.3     0.5     2.0     2.8     2.4     6.5     5.9     8.2    10.8    15.2    17.8    17.7    18.2    18.7    21.9    25.5    30.1    36.1    49.5    62.8    77.1    91.3   102.3   109.5   115.8   121.3   132.2   140.6   140.0   132.3   118.8   103.0    98.6   100.2   117.9   122.3   126.1   130.5   121.8   111.9   104.1   113.4   134.7   153.9   185.7   207.5   223.2   130.9    93.2    87.3   199.7   162.1   241.7   204.4   172.8   178.1   204.1   222.9   245.8   270.1   246.2   217.7   216.1   197.5   177.9   188.9   219.2   264.6   296.9   297.0   291.7   277.5   260.5   238.7   212.1   188.4   171.6   168.9   183.4   216.1   227.4   220.1   208.8   200.3 -9999.0 -9999.0 -9999.0 -9999.0 -9999.0 -9999.0 -9999.0 -9999.0 -9999.0 -9999.0 -9999.0 -9999.0 -9999.0 -9999.0 -9999.0 -9999.0 -9999.0 -9999.0 -9999.0 -9999.0 -9999.0 -9999.0 -9999.0 -9999.0 -9999.0 -9999.0 -9999.0 -9999.0 -9999.0
 -9999.0 -9999.0 -9999.0 -9999.0 -9999.0 -9999.0 -9999.0 -9999.0 -9999.0 -9999.0 -9999.0 -9999.0     2.9     0.8     2.5     1.9     2.5     0.9     2.7     3.8     2.8     3.9    10.6    10.4    15.4    12.0    15.4    12.0    20.3    21.6    24.5    25.5    36.6    48.0    61.1    76.2    91.1   102.9   111.3   115.0   124.5   145.5   134.2   165.6   132.8   106.5    92.7    87.3    92.7    93.0    95.0    97.8   117.2   124.4   106.9    80.7    96.5   123.5   154.4   159.1   172.9   177.1   255.3   103.2   112.0   256.7   226.4   184.6   153.6   188.5   225.6   234.9   277.0   304.2   365.8   318.7   339.5   223.8   212.1   177.7   175.7   210.8   248.4   285.7   305.4   302.3   289.9   313.2   236.5   212.4   183.0   155.7   149.7   167.4   188.5   192.3   185.5   177.8   171.0   161.9 -9999.0 -9999.0 -9999.0 -9999.0 -9999.0 -9999.0 -9999.0 -9999.0 -9999.0 -9999.0 -9999.0 -9999.0 -9999.0 -9999.0 -9999.0 -9999.0 -9999.0 -9999.0 -9999.0 -9999.0 -9999.0 -9999.0 -9999.0 -9999.0 -9999.0 -9999.0 -9999.0 -9999.0
 -9999.0 -9999.0 -9999.0 -9999.0 -9999.0 -9999.0 -9999.0 -9999.0 -9999.0 -9999.0 -9999.0 -9999.0 -9999.0     0.6     0.9     3.1     3.0     4.7     3.3     3.8     2.4     8.9     8.9     9.7    20.0    19.0    20.5    22.0    17.5    23.8    19.2    24.5    30.7    42.5    55.0    68.9    84.1    97.4   105.8   113.7   123.5   121.2   121.7   124.7   129.1   104.6    82.1    80.9    68.4    68.6    68.1    81.6    81.8    68.4    96.4   100.8    74.5    96.1   141.1   212.9   216.1   340.3   230.8    96.7   186.5   162.1   157.2   133.5   147.1   165.6   241.4   299.7   302.8   349.2   325.1   299.4   271.8   246.8   242.5   194.9   190.2   214.9   249.9   270.8   281.3   289.6   296.9   388.1   308.9   252.9   227.9   204.8   193.2   197.5   204.3   198.7   166.5   152.9   147.6 -9999.0 -9999.0 -9999.0 -9999.0 -9999.0 -9999.0 -9999.0 -9999.0 -9999.0 -9999.0 -9999.0 -9999.0 -9999.0 -9999.0 -9999.0 -9999.0 -9999.0 -9999.0 -9999.0 -9999.0 -9999.0 -9999.0 -9999.0 -9999.0 -9999.0 -9999.0 -9999.0 -9999.0 -9999.0
 -9999.0 -9999.0 -9999.0 -9999.0 -9999.0 -9999.0 -9999.0 -9999.0 -9999.0 -9999.0 -9999.0 -9999.0 -9999.0    11.7     2.0     5.6     2.4     8.3     9.2     9.1     5.1     7.4     9.1    14.1    30.6    24.7    22.0    26.5    21.7    10.5    14.1    18.6    27.1    35.6    46.8    61.2    75.6    87.9    96.0    99.2   110.3   116.7   119.1   113.2    93.4    85.4    71.2    67.4    56.2    52.7    57.9    50.5    67.0    86.5   103.4    94.1    75.4    96.5   149.9   124.3   224.3   148.5   137.1   231.4   132.4    89.1    86.9    95.0   111.2   180.3   244.9   283.9   318.9   321.5   313.6   307.7   325.7   280.1   264.0   240.3   226.5   227.8   247.2   262.3   265.2   280.6   307.0   321.6   321.1   314.1   321.7   301.6   273.4   250.6   229.5   197.7   162.1   145.6   141.5 -9999.0 -9999.0 -9999.0 -9999.0 -9999.0 -9999.0 -9999.0 -9999.0 -9999.0 -9999.0 -9999.0 -9999.0 -9999.0 -9999.0 -9999.0 -9999.0 -9999.0 -9999.0 -9999.0 -9999.0 -9999.0 -9999.0 -9999.0 -9999.0 -9999.0 -9999.0 -9999.0 -9999.0 -9999.0
 -9999.0 -9999.0 -9999.0 -9999.0 -9999.0 -9999.0 -9999.0 -9999.0 -9999.0 -9999.0 -9999.0 -9999.0 -9999.0 -9999.0 -9999.0     9.5    12.7    10.5    15.6    22.5    13.1    22.7    28.2    27.6    25.2    26.4    12.4    17.5     9.6    16.8    13.7    17.2    19.5    29.0    41.4    53.5    66.0    77.6    85.6    90.6    92.6    95.0    96.5    94.2   100.6   103.0    64.0    79.4    49.6    57.5    44.6    68.1    56.1    64.3    45.6    77.8    92.7    76.5   170.1   226.4   136.7   134.5   254.6   202.3   118.1    73.5    66.7    81.5   102.3   131.9   193.3   242.9   254.5   277.3   292.9   305.4   313.1   328.6   319.4   297.7   262.4   241.5   248.3   262.2   272.1   289.2   320.1   361.8   364.8   378.1   406.1   400.2   333.6   289.2   232.4   182.6   161.7 -9999.0   153.8 -9999.0 -9999.0 -9999.0 -9999.0 -9999.0 -9999.0 -9999.0 -9999.0 -9999.0 -9999.0 -9999.0 -9999.0 -9999.0 -9999.0 -9999.0 -9999.0 -9999.0 -9999.0 -9999.0 -9999.0 -9999.0 -9999.0 -9999.0 -9999.0 -9999.0 -9999.0 -9999.0 -9999.0 -9999.0
 -9999.0 -9999.0 -9999.0 -9999.0 -9999.0 -9999.0 -9999.0 -9999.0 -9999.0 -9999.0 -9999.0 -9999.0 -9999.0 -9999.0 -9999.0 -9999.0 -9999.0   125.0    69.9 -9999.0    66.5    32.9    56.6    58.3    35.7    36.7    16.0    19.3    23.4    11.7    14.3    20.3    16.8    30.8    42.4    50.9    60.2    70.6    73.8    76.2    77.4    77.5    76.5    74.7   138.5    96.5   268.5    50.8    59.5    45.9    67.3    46.4    61.1    63.6    76.3    89.5    77.9   141.6   168.4   217.4   137.2   160.0   212.1   185.4   109.5    64.4    57.6    60.9    84.9   123.5   190.2   214.4   240.7   245.8   268.6   289.3   318.4   350.7   357.8   317.9   255.9   232.6   243.4   267.2   293.3   310.8   331.2   353.8   368.1   388.0   424.2   395.5   287.2   222.3   195.2   191.0   166.1   179.2   196.0   185.9   151.7 -9999.0 -9999.0 -9999.0 -9999.0 -9999.0 -9999.0 -9999.0 -9999.0 -9999.0 -9999.0 -9999.0 -9999.0 -9999.0 -9999.0 -9999.0 -9999.0 -9999.0 -9999.0 -9999.0 -9999.0 -9999.0 -9999.0 -9999.0 -9999.0 -9999.0 -9999.0 -9999.0
 -9999.0 -9999.0 -9999.0 -9999.0 -9999.0 -9999.0 -9999.0 -9999.0 -9999.0 -9999.0 -9999.0 -9999.0 -9999.0 -9999.0 -9999.0 -9999.0 -9999.0 -9999.0 -9999.0 -9999.0 -9999.0    79.9    63.8    37.0    54.8    87.0    69.6    51.0    31.2    31.6    20.3    36.1    30.8    34.4    48.2    53.6    60.9    64.9    67.9    74.5    75.3    61.3    59.0    55.4   113.1    58.0   334.4    83.5    51.0   107.3    50.3    73.0    76.9    46.7    60.9    96.8   117.4   113.1   222.1   193.3   174.5   170.0   164.8   140.6   110.6    76.4    70.3    68.5    99.7   140.5   192.4   222.1   228.1   253.3   300.7   331.1   371.8   433.3   390.0   294.5   220.8   203.3   223.9   264.9   334.3   312.9   319.3   325.4   323.5   336.1   354.0   279.1   296.2   290.1   146.7   158.4   197.1   229.0   231.8   186.5 -9999.0 -9999.0 -9999.0 -9999.0 -9999.0 -9999.0 -9999.0 -9999.0 -9999.0 -9999.0 -9999.0 -9999.0 -9999.0 -9999.0 -9999.0 -9999.0 -9999.0 -9999.0 -9999.0 -9999.0 -9999.0 -9999.0 -9999.0 -9999.0 -9999.0 -9999.0 -9999.0 -9999.0
 -9999.0 -9999.0 -9999.0 -9999.0 -9999.0 -9999.0 -9999.0 -9999.0 -9999.0 -9999.0 -9999.0 -9999.0 -9999.0 -9999.0 -9999.0 -9999.0 -9999.0 -9999.0 -9999.0 -9999.0 -9999.0 -9999.0 -9999.0   229.5   118.5   118.2   101.8    69.3    29.5    35.0    22.5    20.2    18.3    31.7    40.7    53.8    59.0    64.3    60.0    56.4    51.4    50.1    44.2    47.8    97.6   341.8   138.7   113.8   152.6   159.5    73.9    65.8    57.3    55.3    49.8    50.7    97.9   152.9   130.4   186.4   215.2   200.9   151.0    95.0    74.4    82.3    94.7    95.5   103.7   162.3   216.2   238.4   239.7   239.4   306.2   340.0   322.2   353.6   338.8   248.7   185.9   167.3   182.2   225.3   271.2   358.5   274.9   305.4   290.4   289.1   289.6   273.4   168.7   192.1   148.3   163.0   214.9   245.5   217.4 -9999.0 -9999.0 -9999.0 -9999.0 -9999.0 -9999.0 -9999.0 -9999.0 -9999.0 -9999.0 -9999.0 -9999.0 -9999.0 -9999.0 -9999.0 -9999.0 -9999.0 -9999.0 -9999.0 -9999.0 -9999.0 -9999.0 -9999.0 -9999.0 -9999.0 -9999.0 -9999.0 -9999.0 -9999.0
 -9999.0 -9999.0 -9999.0 -9999.0 -9999.0 -9999.0 -9999.0 -9999.0 -9999.0 -9999.0 -9999.0 -9999.0 -9999.0 -9999.0 -9999.0 -9999.0 -9999.0 -9999.0 -9999.0 -9999.0 -9999.0 -9999.0 -9999.0 -9999.0 -9999.0   393.1   217.6    36.3    32.2    17.7    22.6    36.9    42.0    40.6    58.7    55.1    56.1    64.7    58.4    51.6    47.9    39.2    95.7    81.0   223.9   323.5   236.2   378.4    67.5   119.9    69.4    68.3    77.6    74.9    59.0    64.3    94.6   108.9   161.2   173.8   189.4   186.9   237.6    88.1    67.9    81.5    92.0    95.3   143.4   191.3   216.3   232.4   245.1   207.4   202.4   249.1   271.1   246.6   178.5   170.8   136.2   124.2   127.5   146.0   187.4   179.3   204.0   228.0   254.8   262.7   237.3   190.3   205.5   258.0   177.6   193.6   196.6   204.3 -9999.0 -9999.0 -9999.0 -9999.0 -9999.0 -9999.0 -9999.0 -9999.0 -9999.0 -9999.0 -9999.0 -9999.0 -9999.0 -9999.0 -9999.0 -9999.0 -9999.0 -9999.0 -9999.0 -9999.0 -9999.0 -9999.0 -9999.0 -9999.0 -9999.0 -9999.0 -9999.0 -9999.0 -9999.0 -9999.0
 -9999.0 -9999.0 -9999.0 -9999.0 -9999.0 -9999.0 -9999.0 -9999.0 -9999.0 -9999.0 -9999.0 -9999.0 -9999.0 -9999.0 -9999.0 -9999.0 -9999.0 -9999.0 -9999.0 -9999.0 -9999.0 -9999.0 -9999.0 -9999.0 -9999.0 -9999.0 -9999.0   456.1   405.7   162.8   115.8    95.4    34.5    98.2    62.7   147.6    78.7    74.4    83.7    55.0    44.2    47.5   110.8   213.8   244.0   297.0   344.5   355.1   349.1   182.6   251.8   224.5    82.4    82.3    76.8    87.9   108.3   138.1   148.6   163.9   216.5   164.8   105.2    69.5    71.8    67.6   108.4   156.5   181.6   192.9   194.3   197.2   190.1   154.0   154.9   159.7   117.3   123.5   144.5   113.9    88.6    87.0    88.1   101.1    99.1   111.2   140.0   236.2   217.5   235.7   280.0   302.7   236.4   207.2   194.7   168.0   151.1 -9999.0 -9999.0 -9999.0 -9999.0 -9999.0 -9999.0 -9999.0 -9999.0 -9999.0 -9999.0 -9999.0 -9999.0 -9999.0 -9999.0 -9999.0 -9999.0 -9999.0 -9999.0 -9999.0 -9999.0 -9999.0 -9999.0 -9999.0 -9999.0 -9999.0 -9999.0 -9999.0 -9999.0 -9999.0 -9999.0 -9999.0
 -9999.0 -9999.0 -9999.0 -9999.0 -9999.0 -9999.0 -9999.0 -9999.0 -9999.0 -9999.0 -9999.0 -9999.0 -9999.0 -9999.0 -9999.0 -9999.0 -9999.0 -9999.0 -9999.0 -9999.0 -9999.0 -9999.0 -9999.0 -9999.0 -9999.0 -9999.0 -9999.0 -9999.0 -9999.0 -9999.0 -9999.0 -9999.0 -9999.0   207.2    94.4 -9999.0 -9999.0 -9999.0   139.4    73.4    92.0   118.1    93.1   228.2   278.6   287.3 -9999.0 -9999.0 -9999.0 -9999.0 -9999.0 -9999.0   128.1    99.8   111.7   123.6   137.1   184.7   172.9   200.7   184.8   144.0   104.4    80.3    83.9   119.4   183.9   248.5   262.1   211.4   173.4   162.6   139.8   117.3    89.0    98.6    76.1    94.4    96.0    86.0    75.8    70.6    73.2    83.7   100.2    91.5   102.5   149.7   234.4   184.8   213.1   197.6   168.2   158.6   146.9   121.6    90.9 -9999.0 -9999.0 -9999.0 -9999.0 -9999.0 -9999.0 -9999.0 -9999.0 -9999.0 -9999.0 -9999.0 -9999.0 -9999.0 -9999.0 -9999.0 -9999.0 -9999.0 -9999.0 -9999.0 -9999.0 -9999.0 -9999.0 -9999.0 -9999.0 -9999.0 -9999.0 -9999.0 -9999.0 -9999.0 -9999.0 -9999.0
 -9999.0 -9999.0 -9999.0 -9999.0 -9999.0 -9999.0 -9999.0 -9999.0 -9999.0 -9999.0 -9999.0 -9999.0 -9999.0 -9999.0 -9999.0 -9999.0 -9999.0 -9999.0 -9999.0 -9999.0 -9999.0 -9999.0 -9999.0 -9999.0 -9999.0 -9999.0 -9999.0 -9999.0 -9999.0 -9999.0 -9999.0 -9999.0 -9999.0 -9999.0 -9999.0 -9999.0 -9999.0 -9999.0 -9999.0   269.7   252.3   248.2   248.6   249.0 -9999.0 -9999.0 -9999.0 -9999.0 -9999.0 -9999.0 -9999.0 -9999.0   136.7   131.2   123.5   137.0   164.2   190.8   198.2   206.8   199.0   140.0    97.8    85.2   104.8   169.9   243.5   299.6   273.0   236.8   196.7   150.7   118.3   110.6   109.6    97.0    88.3    95.8    81.3    95.6    79.7    70.2    71.0   100.7   103.0    90.6   109.5   147.4   124.2   133.9   112.6    97.9    96.3   109.4    94.0    75.1 -9999.0 -9999.0 -9999.0 -9999.0 -9999.0 -9999.0 -9999.0 -9999.0 -9999.0 -9999.0 -9999.0 -9999.0 -9999.0 -9999.0 -9999.0 -9999.0 -9999.0 -9999.0 -9999.0 -9999.0 -9999.0 -9999.0 -9999.0 -9999.0 -9999.0 -9999.0 -9999.0 -9999.0 -9999.0 -9999.0 -9999.0 -9999.0
 -9999.0 -9999.0 -9999.0 -9999.0 -9999.0 -9999.0 -9999.0 -9999.0 -9999.0 -9999.0 -9999.0 -9999.0 -9999.0 -9999.0 -9999.0 -9999.0 -9999.0 -9999.0 -9999.0 -9999.0 -9999.0 -9999.0 -9999.0 -9999.0 -9999.0 -9999.0 -9999.0 -9999.0 -9999.0 -9999.0 -9999.0 -9999.0 -9999.0 -9999.0 -9999.0 -9999.0 -9999.0 -9999.0 -9999.0 -9999.0 -9999.0 -9999.0 -9999.0 -9999.0 -9999.0 -9999.0 -9999.0 -9999.0 -9999.0 -9999.0 -9999.0 -9999.0   188.6   172.3   156.4   159.2   147.3   145.5   146.8   172.9   196.3   164.0   146.7    95.1   120.5   203.1   276.1   263.2   201.0   170.7   157.4   136.8   149.1   129.0   137.5   147.4   129.5   126.0   113.2    97.2    79.4    73.2    78.2   110.6   116.3   106.6    94.0    84.9    82.0    81.3    73.2    82.8    60.3    63.9    51.9 -9999.0 -9999.0 -9999.0 -9999.0 -9999.0 -9999.0 -9999.0 -9999.0 -9999.0 -9999.0 -9999.0 -9999.0 -9999.0 -9999.0 -9999.0 -9999.0 -9999.0 -9999.0 -9999.0 -9999.0 -9999.0 -9999.0 -9999.0 -9999.0 -9999.0 -9999.0 -9999.0 -9999.0 -9999.0 -9999.0 -9999.0 -9999.0 -9999.0
 -9999.0 -9999.0 -9999.0 -9999.0 -9999.0 -9999.0 -9999.0 -9999.0 -9999.0 -9999.0 -9999.0 -9999.0 -9999.0 -9999.0 -9999.0 -9999.0 -9999.0 -9999.0 -9999.0 -9999.0 -9999.0 -9999.0 -9999.0 -9999.0 -9999.0 -9999.0 -9999.0 -9999.0 -9999.0 -9999.0 -9999.0 -9999.0 -9999.0 -9999.0 -9999.0 -9999.0 -9999.0 -9999.0 -9999.0 -9999.0 -9999.0 -9999.0 -9999.0 -9999.0 -9999.0 -9999.0 -9999.0 -9999.0 -9999.0 -9999.0 -9999.0   207.5   221.3   225.3   195.3   171.3   134.5   126.4   107.4   107.8   179.5   169.8   147.0   126.9   150.2   197.6   233.1   223.3   135.8   120.0   119.9   120.8   116.7   133.6   172.6   190.5   169.3   153.4   112.4    89.4    82.6    83.6   142.8   119.8   107.9    84.5   114.7    60.9    73.9    60.1    87.0    60.6    49.9    34.6    20.3 -9999.0 -9999.0 -9999.0 -9999.0 -9999.0 -9999.0 -9999.0 -9999.0 -9999.0 -9999.0 -9999.0 -9999.0 -9999.0 -9999.0 -9999.0 -9999.0 -9999.0 -9999.0 -9999.0 -9999.0 -9999.0 -9999.0 -9999.0 -9999.0 -9999.0 -9999.0 -9999.0 -9999.0 -9999.0 -9999.0 -9999.0 -9999.0 -9999.0
 -9999.0 -9999.0 -9999.0 -9999.0 -9999.0 -9999.0 -9999.0 -9999.0 -9999.0 -9999.0 -9999.0 -9999.0 -9999.0 -9999.0 -9999.0 -9999.0 -9999.0 -9999.0 -9999.0 -9999.0 -9999.0 -9999.0 -9999.0 -9999.0 -9999.0 -9999.0 -9999.0 -9999.0 -9999.0 -9999.0 -9999.0 -9999.0 -9999.0 -9999.0 -9999.0 -9999.0 -9999.0 -9999.0 -9999.0 -9999.0 -9999.0 -9999.0 -9999.0 -9999.0 -9999.0 -9999.0 -9999.0 -9999.0 -9999.0 -9999.0   215.8   258.9   298.9   306.2   276.1   221.8   137.8    91.0    94.4   137.1   171.3   173.6   153.8   150.4   190.6   207.1   157.6   150.4   111.0   141.4   142.1   135.3   125.7   153.0   179.8   190.6   179.2   160.9   125.5   102.2   100.3   109.9   132.6   130.6   133.4    85.5    96.6    58.1    65.9    74.4    76.5    62.9    40.6    18.7     4.6 -9999.0 -9999.0 -9999.0 -9999.0 -9999.0 -9999.0 -9999.0 -9999.0 -9999.0 -9999.0 -9999.0 -9999.0 -9999.0 -9999.0 -9999.0 -9999.0 -9999.0 -9999.0 -9999.0 -9999.0 -9999.0 -9999.0 -9999.0 -9999.0 -9999.0 -9999.0 -9999.0 -9999.0 -9999.0 -9999.0 -9999.0 -9999.0 -9999.0
 -9999.0 -9999.0 -9999.0 -9999.0 -9999.0 -9999.0 -9999.0 -9999.0 -9999.0 -9999.0 -9999.0 -9999.0 -9999.0 -9999.0 -9999.0 -9999.0 -9999.0 -9999.0 -9999.0 -9999.0 -9999.0 -9999.0 -9999.0 -9999.0 -9999.0 -9999.0 -9999.0 -9999.0 -9999.0 -9999.0 -9999.0 -9999.0 -9999.0 -9999.0 -9999.0 -9999.0 -9999.0 -9999.0 -9999.0 -9999.0 -9999.0 -9999.0 -9999.0 -9999.0 -9999.0 -9999.0 -9999.0 -9999.0 -9999.0 -9999.0   230.4   337.1   320.1   391.4   365.0   283.4   170.2   164.3   137.9   121.2   114.7   119.8   108.4   140.9   177.7   171.5   133.2   125.9   127.9   179.0   205.2   186.9   160.1   154.5   146.6   143.8   173.2   171.3   150.7   138.6   138.2   161.9   175.7   158.0   149.3   108.4    96.0    90.3    81.9    81.4    84.1    60.7    30.6     8.0 -9999.0 -9999.0 -9999.0 -9999.0 -9999.0 -9999.0 -9999.0 -9999.0 -9999.0 -9999.0 -9999.0 -9999.0 -9999.0 -9999.0 -9999.0 -9999.0 -9999.0 -9999.0 -9999.0 -9999.0 -9999.0 -9999.0 -9999.0 -9999.0 -9999.0 -9999.0 -9999.0 -9999.0 -9999.0 -9999.0 -9999.0 -9999.0 -9999.0 -9999.0
 -9999.0 -9999.0 -9999.0 -9999.0 -9999.0 -9999.0 -9999.0 -9999.0 -9999.0 -9999.0 -9999.0 -9999.0 -9999.0 -9999.0 -9999.0 -9999.0 -9999.0 -9999.0 -9999.0 -9999.0 -9999.0 -9999.0 -9999.0 -9999.0 -9999.0 -9999.0 -9999.0 -9999.0 -9999.0 -9999.0 -9999.0 -9999.0 -9999.0 -9999.0 -9999.0 -9999.0 -9999.0 -9999.0 -9999.0 -9999.0 -9999.0 -9999.0 -9999.0 -9999.0 -9999.0 -9999.0 -9999.0 -9999.0 -9999.0 -9999.0   257.5   310.3   330.6   476.7   382.6   321.6   321.0   240.4   199.2   120.2    97.0    88.5    78.2    83.3   113.8   112.0    95.1    91.8   120.8   182.6   249.0   259.9   207.4   185.7   129.0   129.1   174.2   171.5   174.7   172.2   191.4   202.8   195.7   170.7   164.9   115.8    97.8    94.9    99.7    92.2    81.5    48.0 -9999.0 -9999.0 -9999.0 -9999.0 -9999.0 -9999.0 -9999.0 -9999.0 -9999.0 -9999.0 -9999.0 -9999.0 -9999.0 -9999.0 -9999.0 -9999.0 -9999.0 -9999.0 -9999.0 -9999.0 -9999.0 -9999.0 -9999.0 -9999.0 -9999.0 -9999.0 -9999.0 -9999.0 -9999.0 -9999.0 -9999.0 -9999.0 -9999.0 -9999.0 -9999.0 -9999.0
 -9999.0 -9999.0 -9999.0 -9999.0 -9999.0 -9999.0 -9999.0 -9999.0 -9999.0 -9999.0 -9999.0 -9999.0 -9999.0 -9999.0 -9999.0 -9999.0 -9999.0 -9999.0 -9999.0 -9999.0 -9999.0 -9999.0 -9999.0 -9999.0 -9999.0 -9999.0 -9999.0 -9999.0 -9999.0 -9999.0 -9999.0 -9999.0 -9999.0 -9999.0 -9999.0 -9999.0 -9999.0 -9999.0 -9999.0 -9999.0 -9999.0 -9999.0 -9999.0 -9999.0 -9999.0 -9999.0 -9999.0 -9999.0 -9999.0 -9999.0   334.9   427.3   434.9   474.9   442.7   437.2   280.4   311.6   256.8   134.9   114.4    75.3    35.9    64.3    88.4    89.9    91.8    89.9   136.2   141.8   237.3   273.1   256.4   201.9   131.5   142.2   173.3   176.0   193.8   195.6   217.3   230.7   200.6   178.3   139.7   126.3   135.2   104.1   109.4    93.0    57.9 -9999.0 -9999.0 -9999.0 -9999.0 -9999.0 -9999.0 -9999.0 -9999.0 -9999.0 -9999.0 -9999.0 -9999.0 -9999.0 -9999.0 -9999.0 -9999.0 -9999.0 -9999.0 -9999.0 -9999.0 -9999.0 -9999.0 -9999.0 -9999.0 -9999.0 -9999.0 -9999.0 -9999.0 -9999.0 -9999.0 -9999.0 -9999.0 -9999.0 -9999.0 -9999.0 -9999.0 -9999.0
 -9999.0 -9999.0 -9999.0 -9999.0 -9999.0 -9999.0 -9999.0 -9999.0 -9999.0 -9999.0 -9999.0 -9999.0 -9999.0 -9999.0 -9999.0 -9999.0 -9999.0 -9999.0 -9999.0 -9999.0 -9999.0 -9999.0 -9999.0 -9999.0 -9999.0 -9999.0 -9999.0 -9999.0 -9999.0 -9999.0 -9999.0 -9999.0 -9999.0 -9999.0 -9999.0 -9999.0 -9999.0 -9999.0 -9999.0 -9999.0 -9999.0 -9999.0 -9999.0 -9999.0 -9999.0 -9999.0 -9999.0 -9999.0 -9999.0 -9999.0 -9999.0 -9999.0 -9999.0   461.8   407.6   354.6   348.9   357.9   226.3   177.5   277.5    72.6   152.1    92.8    96.6    93.3   118.2    90.2   149.0   194.1   224.5   247.2   229.2   177.5   140.9   139.0   165.8   173.2   182.3   196.2   220.0   224.1   207.9   179.1   159.7   151.4   133.2   133.2    85.0    63.4 -9999.0 -9999.0 -9999.0 -9999.0 -9999.0 -9999.0 -9999.0 -9999.0 -9999.0 -9999.0 -9999.0 -9999.0 -9999.0 -9999.0 -9999.0 -9999.0 -9999.0 -9999.0 -9999.0 -9999.0 -9999.0 -9999.0 -9999.0 -9999.0 -9999.0 -9999.0 -9999.0 -9999.0 -9999.0 -9999.0 -9999.0 -9999.0 -9999.0 -9999.0 -9999.0 -9999.0 -9999.0 -9999.0
 -9999.0 -9999.0 -9999.0 -9999.0 -9999.0 -9999.0 -9999.0 -9999.0 -9999.0 -9999.0 -9999.0 -9999.0 -9999.0 -9999.0 -9999.0 -9999.0 -9999.0 -9999.0 -9999.0 -9999.0 -9999.0 -9999.0 -9999.0 -9999.0 -9999.0 -9999.0 -9999.0 -9999.0 -9999.0 -9999.0 -9999.0 -9999.0 -9999.0 -9999.0 -9999.0 -9999.0 -9999.0 -9999.0 -9999.0 -9999.0 -9999.0 -9999.0 -9999.0 -9999.0 -9999.0 -9999.0 -9999.0 -9999.0 -9999.0 -9999.0 -9999.0 -9999.0 -9999.0   504.2   429.9   502.2   334.5   287.4   311.7   382.4   237.1   143.3   247.7   125.6   121.2   113.4    74.4   163.2   131.4   177.9   214.7   245.8   237.6   190.0   155.2   173.7   172.0   190.7   188.8   203.9   221.6   242.9   234.6 -9999.0   182.6   164.3 -9999.0 -9999.0 -9999.0 -9999.0 -9999.0 -9999.0 -9999.0 -9999.0 -9999.0 -9999.0 -9999.0 -9999.0 -9999.0 -9999.0 -9999.0 -9999.0 -9999.0 -9999.0 -9999.0 -9999.0 -9999.0 -9999.0 -9999.0 -9999.0 -9999.0 -9999.0 -9999.0 -9999.0 -9999.0 -9999.0 -9999.0 -9999.0 -9999.0 -9999.0 -9999.0 -9999.0 -9999.0 -9999.0 -9999.0 -9999.0 -9999.0 -9999.0
 -9999.0 -9999.0 -9999.0 -9999.0 -9999.0 -9999.0 -9999.0 -9999.0 -9999.0 -9999.0 -9999.0 -9999.0 -9999.0 -9999.0 -9999.0 -9999.0 -9999.0 -9999.0 -9999.0 -9999.0 -9999.0 -9999.0 -9999.0 -9999.0 -9999.0 -9999.0 -9999.0 -9999.0 -9999.0 -9999.0 -9999.0 -9999.0 -9999.0 -9999.0 -9999.0 -9999.0 -9999.0 -9999.0 -9999.0 -9999.0 -9999.0 -9999.0 -9999.0 -9999.0 -9999.0 -9999.0 -9999.0 -9999.0 -9999.0 -9999.0 -9999.0 -9999.0 -9999.0   539.8   426.5   426.1   343.9   299.0   336.0   338.6   391.6   333.3   392.4   356.6   153.3 -9999.0 -9999.0 -9999.0   210.0   208.0   282.5   346.1   319.0   243.6   213.7   251.9   241.9   228.8   315.2   246.4   268.4   294.9   304.1 -9999.0 -9999.0 -9999.0 -9999.0 -9999.0 -9999.0 -9999.0 -9999.0 -9999.0 -9999.0 -9999.0 -9999.0 -9999.0 -9999.0 -9999.0 -9999.0 -9999.0 -9999.0 -9999.0 -9999.0 -9999.0 -9999.0 -9999.0 -9999.0 -9999.0 -9999.0 -9999.0 -9999.0 -9999.0 -9999.0 -9999.0 -9999.0 -9999.0 -9999.0 -9999.0 -9999.0 -9999.0 -9999.0 -9999.0 -9999.0 -9999.0 -9999.0 -9999.0 -9999.0 -9999.0
 -9999.0 -9999.0 -9999.0 -9999.0 -9999.0 -9999.0 -9999.0 -9999.0 -9999.0 -9999.0 -9999.0 -9999.0 -9999.0 -9999.0 -9999.0 -9999.0 -9999.0 -9999.0 -9999.0 -9999.0 -9999.0 -9999.0 -9999.0 -9999.0 -9999.0 -9999.0 -9999.0 -9999.0 -9999.0 -9999.0 -9999.0 -9999.0 -9999.0 -9999.0 -9999.0 -9999.0 -9999.0 -9999.0 -9999.0 -9999.0 -9999.0 -9999.0 -9999.0 -9999.0 -9999.0 -9999.0 -9999.0 -9999.0 -9999.0 -9999.0 -9999.0 -9999.0 -9999.0 -9999.0   489.4   405.4   295.9   276.9   377.0   485.5   353.7 -9999.0 -9999.0 -9999.0 -9999.0 -9999.0 -9999.0 -9999.0   245.9   339.3   478.2   479.4   428.0   341.3   301.2   344.4   373.7   302.7   259.7 -9999.0   328.3 -9999.0 -9999.0 -9999.0 -9999.0 -9999.0 -9999.0 -9999.0 -9999.0 -9999.0 -9999.0 -9999.0 -9999.0 -9999.0 -9999.0 -9999.0 -9999.0 -9999.0 -9999.0 -9999.0 -9999.0 -9999.0 -9999.0 -9999.0 -9999.0 -9999.0 -9999.0 -9999.0 -9999.0 -9999.0 -9999.0 -9999.0 -9999.0 -9999.0 -9999.0 -9999.0 -9999.0 -9999.0 -9999.0 -9999.0 -9999.0 -9999.0 -9999.0 -9999.0 -9999.0 -9999.0 -9999.0 -9999.0
 -9999.0 -9999.0 -9999.0 -9999.0 -9999.0 -9999.0 -9999.0 -9999.0 -9999.0 -9999.0 -9999.0 -9999.0 -9999.0 -9999.0 -9999.0 -9999.0 -9999.0 -9999.0 -9999.0 -9999.0 -9999.0 -9999.0 -9999.0 -9999.0 -9999.0 -9999.0 -9999.0 -9999.0 -9999.0 -9999.0 -9999.0 -9999.0 -9999.0 -9999.0 -9999.0 -9999.0 -9999.0 -9999.0 -9999.0 -9999.0 -9999.0 -9999.0 -9999.0 -9999.0 -9999.0 -9999.0 -9999.0 -9999.0 -9999.0 -9999.0 -9999.0 -9999.0 -9999.0 -9999.0 -9999.0   403.3   448.6   357.6   373.9   473.9   480.9 -9999.0 -9999.0 -9999.0 -9999.0 -9999.0 -9999.0 -9999.0 -9999.0 -9999.0   540.4 -9999.0 -9999.0 -9999.0 -9999.0 -9999.0   458.3 -9999.0 -9999.0 -9999.0 -9999.0 -9999.0 -9999.0 -9999.0 -9999.0 -9999.0 -9999.0 -9999.0 -9999.0 -9999.0 -9999.0 -9999.0 -9999.0 -9999.0 -9999.0 -9999.0 -9999.0 -9999.0 -9999.0 -9999.0 -9999.0 -9999.0 -9999.0 -9999.0 -9999.0 -9999.0 -9999.0 -9999.0 -9999.0 -9999.0 -9999.0 -9999.0 -9999.0 -9999.0 -9999.0 -9999.0 -9999.0 -9999.0 -9999.0 -9999.0 -9999.0 -9999.0 -9999.0 -9999.0 -9999.0 -9999.0 -9999.0 -9999.0
 -9999.0 -9999.0 -9999.0 -9999.0 -9999.0 -9999.0 -9999.0 -9999.0 -9999.0 -9999.0 -9999.0 -9999.0 -9999.0 -9999.0 -9999.0 -9999.0 -9999.0 -9999.0 -9999.0 -9999.0 -9999.0 -9999.0 -9999.0 -9999.0 -9999.0 -9999.0 -9999.0 -9999.0 -9999.0 -9999.0 -9999.0 -9999.0 -9999.0 -9999.0 -9999.0 -9999.0 -9999.0 -9999.0 -9999.0 -9999.0 -9999.0 -9999.0 -9999.0 -9999.0 -9999.0 -9999.0 -9999.0 -9999.0 -9999.0 -9999.0 -9999.0 -9999.0 -9999.0 -9999.0 -9999.0 -9999.0 -9999.0 -9999.0   471.4   484.6 -9999.0 -9999.0 -9999.0 -9999.0 -9999.0 -9999.0 -9999.0 -9999.0 -9999.0 -9999.0 -9999.0 -9999.0 -9999.0 -9999.0 -9999.0   447.4   420.9 -9999.0 -9999.0 -9999.0 -9999.0 -9999.0 -9999.0 -9999.0 -9999.0 -9999.0 -9999.0 -9999.0 -9999.0 -9999.0 -9999.0 -9999.0 -9999.0 -9999.0 -9999.0 -9999.0 -9999.0 -9999.0 -9999.0 -9999.0 -9999.0 -9999.0 -9999.0 -9999.0 -9999.0 -9999.0 -9999.0 -9999.0 -9999.0 -9999.0 -9999.0 -9999.0 -9999.0 -9999.0 -9999.0 -9999.0 -9999.0 -9999.0 -9999.0 -9999.0 -9999.0 -9999.0 -9999.0 -9999.0 -9999.0 -9999.0 -9999.0 -9999.0
 -9999.0 -9999.0 -9999.0 -9999.0 -9999.0 -9999.0 -9999.0 -9999.0 -9999.0 -9999.0 -9999.0 -9999.0 -9999.0 -9999.0 -9999.0 -9999.0 -9999.0 -9999.0 -9999.0 -9999.0 -9999.0 -9999.0 -9999.0 -9999.0 -9999.0 -9999.0 -9999.0 -9999.0 -9999.0 -9999.0 -9999.0 -9999.0 -9999.0 -9999.0 -9999.0 -9999.0 -9999.0 -9999.0 -9999.0 -9999.0 -9999.0 -9999.0 -9999.0 -9999.0 -9999.0 -9999.0 -9999.0 -9999.0 -9999.0 -9999.0 -9999.0 -9999.0 -9999.0 -9999.0 -9999.0 -9999.0 -9999.0 -9999.0 -9999.0 -9999.0 -9999.0 -9999.0 -9999.0 -9999.0 -9999.0 -9999.0 -9999.0 -9999.0 -9999.0 -9999.0 -9999.0 -9999.0 -9999.0 -9999.0 -9999.0 -9999.0 -9999.0 -9999.0 -9999.0 -9999.0 -9999.0 -9999.0 -9999.0 -9999.0 -9999.0 -9999.0 -9999.0 -9999.0 -9999.0 -9999.0 -9999.0 -9999.0 -9999.0 -9999.0 -9999.0 -9999.0 -9999.0 -9999.0 -9999.0 -9999.0 -9999.0 -9999.0 -9999.0 -9999.0 -9999.0 -9999.0 -9999.0 -9999.0 -9999.0 -9999.0 -9999.0 -9999.0 -9999.0 -9999.0 -9999.0 -9999.0 -9999.0 -9999.0 -9999.0 -9999.0 -9999.0 -9999.0 -9999.0 -9999.0 -9999.0 -9999.0 -9999.0 -9999.0
 -9999.0 -9999.0 -9999.0 -9999.0 -9999.0 -9999.0 -9999.0 -9999.0 -9999.0 -9999.0 -9999.0 -9999.0 -9999.0 -9999.0 -9999.0 -9999.0 -9999.0 -9999.0 -9999.0 -9999.0 -9999.0 -9999.0 -9999.0 -9999.0 -9999.0 -9999.0 -9999.0 -9999.0 -9999.0 -9999.0 -9999.0 -9999.0 -9999.0 -9999.0 -9999.0 -9999.0 -9999.0 -9999.0 -9999.0 -9999.0 -9999.0 -9999.0 -9999.0 -9999.0 -9999.0 -9999.0 -9999.0 -9999.0 -9999.0 -9999.0 -9999.0 -9999.0 -9999.0 -9999.0 -9999.0 -9999.0 -9999.0 -9999.0 -9999.0 -9999.0 -9999.0 -9999.0 -9999.0 -9999.0 -9999.0 -9999.0 -9999.0 -9999.0 -9999.0 -9999.0 -9999.0 -9999.0 -9999.0 -9999.0 -9999.0   315.7   269.8   263.5 -9999.0 -9999.0 -9999.0 -9999.0 -9999.0 -9999.0 -9999.0 -9999.0 -9999.0 -9999.0 -9999.0 -9999.0 -9999.0 -9999.0 -9999.0 -9999.0 -9999.0 -9999.0 -9999.0 -9999.0 -9999.0 -9999.0 -9999.0 -9999.0 -9999.0 -9999.0 -9999.0 -9999.0 -9999.0 -9999.0 -9999.0 -9999.0 -9999.0 -9999.0 -9999.0 -9999.0 -9999.0 -9999.0 -9999.0 -9999.0 -9999.0 -9999.0 -9999.0 -9999.0 -9999.0 -9999.0 -9999.0 -9999.0 -9999.0 -9999.0
 -9999.0 -9999.0 -9999.0 -9999.0 -9999.0 -9999.0 -9999.0 -9999.0 -9999.0 -9999.0 -9999.0 -9999.0 -9999.0 -9999.0 -9999.0 -9999.0 -9999.0 -9999.0 -9999.0 -9999.0 -9999.0 -9999.0 -9999.0 -9999.0 -9999.0 -9999.0 -9999.0 -9999.0 -9999.0 -9999.0 -9999.0 -9999.0 -9999.0 -9999.0 -9999.0 -9999.0 -9999.0 -9999.0 -9999.0 -9999.0 -9999.0 -9999.0 -9999.0 -9999.0 -9999.0 -9999.0 -9999.0 -9999.0 -9999.0 -9999.0 -9999.0 -9999.0 -9999.0 -9999.0 -9999.0 -9999.0 -9999.0 -9999.0 -9999.0 -9999.0 -9999.0 -9999.0 -9999.0 -9999.0 -9999.0 -9999.0 -9999.0 -9999.0 -9999.0 -9999.0 -9999.0 -9999.0 -9999.0   363.4   404.4   347.4   346.5 -9999.0 -9999.0 -9999.0 -9999.0 -9999.0 -9999.0 -9999.0 -9999.0 -9999.0 -9999.0 -9999.0 -9999.0 -9999.0 -9999.0 -9999.0 -9999.0 -9999.0 -9999.0 -9999.0 -9999.0 -9999.0 -9999.0 -9999.0 -9999.0 -9999.0 -9999.0 -9999.0 -9999.0 -9999.0 -9999.0 -9999.0 -9999.0 -9999.0 -9999.0 -9999.0 -9999.0 -9999.0 -9999.0 -9999.0 -9999.0 -9999.0 -9999.0 -9999.0 -9999.0 -9999.0 -9999.0 -9999.0 -9999.0 -9999.0 -9999.0 -9999.0
 -9999.0 -9999.0 -9999.0 -9999.0 -9999.0 -9999.0 -9999.0 -9999.0 -9999.0 -9999.0 -9999.0 -9999.0 -9999.0 -9999.0 -9999.0 -9999.0 -9999.0 -9999.0 -9999.0 -9999.0 -9999.0 -9999.0 -9999.0 -9999.0 -9999.0 -9999.0 -9999.0 -9999.0 -9999.0 -9999.0 -9999.0 -9999.0 -9999.0 -9999.0 -9999.0 -9999.0 -9999.0 -9999.0 -9999.0 -9999.0 -9999.0 -9999.0 -9999.0 -9999.0 -9999.0 -9999.0 -9999.0 -9999.0 -9999.0 -9999.0 -9999.0 -9999.0 -9999.0 -9999.0 -9999.0 -9999.0 -9999.0 -9999.0 -9999.0 -9999.0 -9999.0 -9999.0 -9999.0 -9999.0 -9999.0 -9999.0 -9999.0 -9999.0 -9999.0 -9999.0 -9999.0 -9999.0 -9999.0 -9999.0   392.4   458.4   406.1 -9999.0 -9999.0 -9999.0 -9999.0 -9999.0 -9999.0 -9999.0 -9999.0 -9999.0 -9999.0 -9999.0 -9999.0 -9999.0 -9999.0 -9999.0 -9999.0 -9999.0 -9999.0 -9999.0 -9999.0 -9999.0 -9999.0 -9999.0 -9999.0 -9999.0 -9999.0 -9999.0 -9999.0 -9999.0 -9999.0 -9999.0 -9999.0 -9999.0 -9999.0 -9999.0 -9999.0 -9999.0 -9999.0 -9999.0 -9999.0 -9999.0 -9999.0 -9999.0 -9999.0 -9999.0 -9999.0 -9999.0 -9999.0 -9999.0 -9999.0 -9999.0
 -9999.0 -9999.0 -9999.0 -9999.0 -9999.0 -9999.0 -9999.0 -9999.0 -9999.0 -9999.0 -9999.0 -9999.0 -9999.0 -9999.0 -9999.0 -9999.0 -9999.0 -9999.0 -9999.0 -9999.0 -9999.0 -9999.0 -9999.0 -9999.0 -9999.0 -9999.0 -9999.0 -9999.0 -9999.0 -9999.0 -9999.0 -9999.0 -9999.0 -9999.0 -9999.0 -9999.0 -9999.0 -9999.0 -9999.0 -9999.0 -9999.0 -9999.0 -9999.0 -9999.0 -9999.0 -9999.0 -9999.0 -9999.0 -9999.0 -9999.0 -9999.0 -9999.0 -9999.0 -9999.0 -9999.0 -9999.0 -9999.0 -9999.0 -9999.0 -9999.0 -9999.0 -9999.0 -9999.0 -9999.0 -9999.0 -9999.0 -9999.0 -9999.0 -9999.0 -9999.0 -9999.0 -9999.0 -9999.0 -9999.0 -9999.0 -9999.0 -9999.0 -9999.0 -9999.0 -9999.0 -9999.0 -9999.0 -9999.0 -9999.0 -9999.0 -9999.0 -9999.0 -9999.0 -9999.0 -9999.0 -9999.0 -9999.0 -9999.0 -9999.0 -9999.0 -9999.0 -9999.0 -9999.0 -9999.0 -9999.0 -9999.0 -9999.0 -9999.0 -9999.0 -9999.0 -9999.0 -9999.0 -9999.0 -9999.0 -9999.0 -9999.0 -9999.0 -9999.0 -9999.0 -9999.0 -9999.0 -9999.0 -9999.0 -9999.0 -9999.0 -9999.0 -9999.0 -9999.0 -9999.0 -9999.0 -9999.0 -9999.0 -9999.0
