NCOLS      128
NROWS       72
XLLCORNER    72.000000000000    
YLLCORNER    18.000000000000    
CELLSIZE    0.50000000000000    
NODATA_VALUE   -9999.000    
 -9999.0 -9999.0 -9999.0 -9999.0 -9999.0 -9999.0 -9999.0 -9999.0 -9999.0 -9999.0 -9999.0 -9999.0 -9999.0 -9999.0 -9999.0 -9999.0 -9999.0 -9999.0 -9999.0 -9999.0 -9999.0 -9999.0 -9999.0 -9999.0 -9999.0 -9999.0 -9999.0 -9999.0 -9999.0 -9999.0 -9999.0 -9999.0 -9999.0 -9999.0 -9999.0 -9999.0 -9999.0 -9999.0 -9999.0 -9999.0 -9999.0 -9999.0 -9999.0 -9999.0 -9999.0 -9999.0 -9999.0 -9999.0 -9999.0 -9999.0 -9999.0 -9999.0 -9999.0 -9999.0 -9999.0 -9999.0 -9999.0 -9999.0 -9999.0 -9999.0 -9999.0 -9999.0 -9999.0 -9999.0 -9999.0 -9999.0 -9999.0 -9999.0 -9999.0 -9999.0 -9999.0 -9999.0 -9999.0 -9999.0 -9999.0 -9999.0 -9999.0 -9999.0 -9999.0 -9999.0 -9999.0 -9999.0 -9999.0 -9999.0 -9999.0 -9999.0 -9999.0 -9999.0 -9999.0 -9999.0 -9999.0 -9999.0 -9999.0 -9999.0 -9999.0 -9999.0 -9999.0     5.0     4.7     4.3     4.5     3.8     3.4     3.0     3.0 -9999.0 -9999.0 -9999.0 -9999.0 -9999.0 -9999.0 -9999.0 -9999.0 -9999.0 -9999.0 -9999.0 -9999.0 -9999.0 -9999.0 -9999.0 -9999.0 -9999.0 -9999.0 -9999.0 -9999.0 -9999.0 -9999.0 -9999.0
 -9999.0 -9999.0 -9999.0 -9999.0 -9999.0 -9999.0 -9999.0 -9999.0 -9999.0 -9999.0 -9999.0 -9999.0 -9999.0 -9999.0 -9999.0 -9999.0 -9999.0 -9999.0 -9999.0 -9999.0 -9999.0 -9999.0 -9999.0 -9999.0 -9999.0 -9999.0 -9999.0 -9999.0 -9999.0 -9999.0 -9999.0 -9999.0 -9999.0 -9999.0 -9999.0 -9999.0 -9999.0 -9999.0 -9999.0 -9999.0 -9999.0 -9999.0 -9999.0 -9999.0 -9999.0 -9999.0 -9999.0 -9999.0 -9999.0 -9999.0 -9999.0 -9999.0 -9999.0 -9999.0 -9999.0 -9999.0 -9999.0 -9999.0 -9999.0 -9999.0 -9999.0 -9999.0 -9999.0 -9999.0 -9999.0 -9999.0 -9999.0 -9999.0 -9999.0 -9999.0 -9999.0 -9999.0 -9999.0 -9999.0 -9999.0 -9999.0 -9999.0 -9999.0 -9999.0 -9999.0 -9999.0 -9999.0 -9999.0 -9999.0 -9999.0 -9999.0 -9999.0 -9999.0 -9999.0 -9999.0 -9999.0 -9999.0 -9999.0 -9999.0 -9999.0 -9999.0     4.3     4.4     5.3     4.9     5.4     4.9     4.0     3.1     2.5     1.9     2.0     2.8     4.0 -9999.0 -9999.0 -9999.0 -9999.0 -9999.0 -9999.0 -9999.0 -9999.0 -9999.0 -9999.0 -9999.0 -9999.0 -9999.0 -9999.0 -9999.0 -9999.0 -9999.0 -9999.0 -9999.0
 -9999.0 -9999.0 -9999.0 -9999.0 -9999.0 -9999.0 -9999.0 -9999.0 -9999.0 -9999.0 -9999.0 -9999.0 -9999.0 -9999.0 -9999.0 -9999.0 -9999.0 -9999.0 -9999.0 -9999.0 -9999.0 -9999.0 -9999.0 -9999.0 -9999.0 -9999.0 -9999.0 -9999.0 -9999.0 -9999.0 -9999.0 -9999.0 -9999.0 -9999.0 -9999.0 -9999.0 -9999.0 -9999.0 -9999.0 -9999.0 -9999.0 -9999.0 -9999.0 -9999.0 -9999.0 -9999.0 -9999.0 -9999.0 -9999.0 -9999.0 -9999.0 -9999.0 -9999.0 -9999.0 -9999.0 -9999.0 -9999.0 -9999.0 -9999.0 -9999.0 -9999.0 -9999.0 -9999.0 -9999.0 -9999.0 -9999.0 -9999.0 -9999.0 -9999.0 -9999.0 -9999.0 -9999.0 -9999.0 -9999.0 -9999.0 -9999.0 -9999.0 -9999.0 -9999.0 -9999.0 -9999.0 -9999.0 -9999.0 -9999.0 -9999.0 -9999.0 -9999.0 -9999.0 -9999.0 -9999.0 -9999.0 -9999.0 -9999.0 -9999.0 -9999.0     4.7     4.5     4.7     5.5     5.0     5.3     5.4     4.8     3.9     2.7     2.8     2.1     3.0     4.1 -9999.0 -9999.0 -9999.0 -9999.0 -9999.0 -9999.0 -9999.0 -9999.0 -9999.0 -9999.0 -9999.0 -9999.0 -9999.0 -9999.0 -9999.0 -9999.0 -9999.0 -9999.0 -9999.0
 -9999.0 -9999.0 -9999.0 -9999.0 -9999.0 -9999.0 -9999.0 -9999.0 -9999.0 -9999.0 -9999.0 -9999.0 -9999.0 -9999.0 -9999.0 -9999.0 -9999.0 -9999.0 -9999.0 -9999.0 -9999.0 -9999.0 -9999.0 -9999.0 -9999.0 -9999.0 -9999.0 -9999.0 -9999.0 -9999.0 -9999.0 -9999.0 -9999.0 -9999.0 -9999.0 -9999.0 -9999.0 -9999.0 -9999.0 -9999.0 -9999.0 -9999.0 -9999.0 -9999.0 -9999.0 -9999.0 -9999.0 -9999.0 -9999.0 -9999.0 -9999.0 -9999.0 -9999.0 -9999.0 -9999.0 -9999.0 -9999.0 -9999.0 -9999.0 -9999.0 -9999.0 -9999.0 -9999.0 -9999.0 -9999.0 -9999.0 -9999.0 -9999.0 -9999.0 -9999.0 -9999.0 -9999.0 -9999.0 -9999.0 -9999.0 -9999.0 -9999.0 -9999.0 -9999.0 -9999.0 -9999.0 -9999.0 -9999.0 -9999.0 -9999.0 -9999.0 -9999.0 -9999.0 -9999.0 -9999.0 -9999.0 -9999.0 -9999.0 -9999.0 -9999.0     4.0     5.0     3.9     4.8     5.5     6.3     6.8     5.5     4.5     3.4     2.6     2.3     3.2     4.3     5.7 -9999.0 -9999.0 -9999.0 -9999.0 -9999.0 -9999.0 -9999.0 -9999.0 -9999.0 -9999.0 -9999.0 -9999.0 -9999.0 -9999.0 -9999.0 -9999.0 -9999.0 -9999.0
 -9999.0 -9999.0 -9999.0 -9999.0 -9999.0 -9999.0 -9999.0 -9999.0 -9999.0 -9999.0 -9999.0 -9999.0 -9999.0 -9999.0 -9999.0 -9999.0 -9999.0 -9999.0 -9999.0 -9999.0 -9999.0 -9999.0 -9999.0 -9999.0 -9999.0 -9999.0 -9999.0 -9999.0 -9999.0 -9999.0 -9999.0 -9999.0 -9999.0 -9999.0 -9999.0 -9999.0 -9999.0 -9999.0 -9999.0 -9999.0 -9999.0 -9999.0 -9999.0 -9999.0 -9999.0 -9999.0 -9999.0 -9999.0 -9999.0 -9999.0 -9999.0 -9999.0 -9999.0 -9999.0 -9999.0 -9999.0 -9999.0 -9999.0 -9999.0 -9999.0 -9999.0 -9999.0 -9999.0 -9999.0 -9999.0 -9999.0 -9999.0 -9999.0 -9999.0 -9999.0 -9999.0 -9999.0 -9999.0 -9999.0 -9999.0 -9999.0 -9999.0 -9999.0 -9999.0 -9999.0 -9999.0 -9999.0 -9999.0 -9999.0 -9999.0 -9999.0 -9999.0 -9999.0 -9999.0 -9999.0 -9999.0 -9999.0 -9999.0 -9999.0 -9999.0     4.2     3.9     5.4     5.7     5.6     5.6     6.7     6.2     5.1     4.0     3.5     2.8     3.6     4.7     5.7     7.3 -9999.0 -9999.0 -9999.0 -9999.0 -9999.0 -9999.0 -9999.0 -9999.0 -9999.0 -9999.0 -9999.0 -9999.0 -9999.0 -9999.0 -9999.0 -9999.0 -9999.0
 -9999.0 -9999.0 -9999.0 -9999.0 -9999.0 -9999.0 -9999.0 -9999.0 -9999.0 -9999.0 -9999.0 -9999.0 -9999.0 -9999.0 -9999.0 -9999.0 -9999.0 -9999.0 -9999.0 -9999.0 -9999.0 -9999.0 -9999.0 -9999.0 -9999.0 -9999.0 -9999.0 -9999.0 -9999.0 -9999.0 -9999.0 -9999.0 -9999.0 -9999.0 -9999.0 -9999.0 -9999.0 -9999.0 -9999.0 -9999.0 -9999.0 -9999.0 -9999.0 -9999.0 -9999.0 -9999.0 -9999.0 -9999.0 -9999.0 -9999.0 -9999.0 -9999.0 -9999.0 -9999.0 -9999.0 -9999.0 -9999.0 -9999.0 -9999.0 -9999.0 -9999.0 -9999.0 -9999.0 -9999.0 -9999.0 -9999.0 -9999.0 -9999.0 -9999.0 -9999.0 -9999.0 -9999.0 -9999.0 -9999.0 -9999.0 -9999.0 -9999.0 -9999.0 -9999.0 -9999.0 -9999.0 -9999.0 -9999.0 -9999.0 -9999.0 -9999.0 -9999.0 -9999.0 -9999.0 -9999.0 -9999.0 -9999.0 -9999.0 -9999.0     3.7     4.0     4.8     5.2     5.4     5.8     6.2     5.0     5.3     4.6     3.7     3.4     3.3     3.8     4.8     5.3     6.7 -9999.0 -9999.0 -9999.0 -9999.0 -9999.0 -9999.0 -9999.0 -9999.0 -9999.0 -9999.0 -9999.0 -9999.0 -9999.0 -9999.0 -9999.0 -9999.0 -9999.0
 -9999.0 -9999.0 -9999.0 -9999.0 -9999.0 -9999.0 -9999.0 -9999.0 -9999.0 -9999.0 -9999.0 -9999.0 -9999.0 -9999.0 -9999.0 -9999.0 -9999.0 -9999.0 -9999.0 -9999.0 -9999.0 -9999.0 -9999.0 -9999.0 -9999.0 -9999.0 -9999.0 -9999.0 -9999.0 -9999.0 -9999.0 -9999.0 -9999.0 -9999.0 -9999.0 -9999.0 -9999.0 -9999.0 -9999.0 -9999.0 -9999.0 -9999.0 -9999.0 -9999.0 -9999.0 -9999.0 -9999.0 -9999.0 -9999.0 -9999.0 -9999.0 -9999.0 -9999.0 -9999.0 -9999.0 -9999.0 -9999.0 -9999.0 -9999.0 -9999.0 -9999.0 -9999.0 -9999.0 -9999.0 -9999.0 -9999.0 -9999.0 -9999.0 -9999.0 -9999.0 -9999.0 -9999.0 -9999.0 -9999.0 -9999.0 -9999.0 -9999.0 -9999.0 -9999.0 -9999.0 -9999.0 -9999.0 -9999.0 -9999.0 -9999.0 -9999.0 -9999.0 -9999.0 -9999.0 -9999.0 -9999.0 -9999.0 -9999.0 -9999.0     4.2     5.1     5.7     6.0     6.0     5.2     5.1     4.9     4.4     3.9     3.3     3.4     3.6     4.0     4.9     5.5     5.7     7.5 -9999.0 -9999.0 -9999.0 -9999.0 -9999.0 -9999.0 -9999.0 -9999.0 -9999.0 -9999.0 -9999.0 -9999.0 -9999.0 -9999.0 -9999.0 -9999.0
 -9999.0 -9999.0 -9999.0 -9999.0 -9999.0 -9999.0 -9999.0 -9999.0 -9999.0 -9999.0 -9999.0 -9999.0 -9999.0 -9999.0 -9999.0 -9999.0 -9999.0 -9999.0 -9999.0 -9999.0 -9999.0 -9999.0 -9999.0 -9999.0 -9999.0 -9999.0 -9999.0 -9999.0 -9999.0 -9999.0 -9999.0 -9999.0 -9999.0 -9999.0 -9999.0 -9999.0 -9999.0 -9999.0 -9999.0 -9999.0 -9999.0 -9999.0 -9999.0 -9999.0 -9999.0 -9999.0 -9999.0 -9999.0 -9999.0 -9999.0 -9999.0 -9999.0 -9999.0 -9999.0 -9999.0 -9999.0 -9999.0 -9999.0 -9999.0 -9999.0 -9999.0 -9999.0 -9999.0 -9999.0 -9999.0 -9999.0 -9999.0 -9999.0 -9999.0 -9999.0 -9999.0 -9999.0 -9999.0 -9999.0 -9999.0 -9999.0 -9999.0 -9999.0 -9999.0 -9999.0 -9999.0 -9999.0 -9999.0 -9999.0 -9999.0 -9999.0 -9999.0 -9999.0 -9999.0     3.5 -9999.0 -9999.0     4.0     4.5     4.3     5.0     6.2     6.8     6.4     5.5     4.1     3.9     3.7     3.2     3.2     3.6     4.0     5.1     5.5     6.1     5.9     7.7 -9999.0 -9999.0 -9999.0 -9999.0 -9999.0 -9999.0 -9999.0 -9999.0 -9999.0 -9999.0 -9999.0 -9999.0 -9999.0 -9999.0 -9999.0 -9999.0
 -9999.0 -9999.0 -9999.0 -9999.0 -9999.0 -9999.0 -9999.0 -9999.0 -9999.0 -9999.0 -9999.0 -9999.0 -9999.0 -9999.0 -9999.0 -9999.0 -9999.0 -9999.0 -9999.0 -9999.0 -9999.0 -9999.0 -9999.0 -9999.0 -9999.0 -9999.0 -9999.0 -9999.0 -9999.0 -9999.0 -9999.0 -9999.0 -9999.0 -9999.0 -9999.0 -9999.0 -9999.0 -9999.0 -9999.0 -9999.0 -9999.0 -9999.0 -9999.0 -9999.0 -9999.0 -9999.0 -9999.0 -9999.0 -9999.0 -9999.0 -9999.0 -9999.0 -9999.0 -9999.0 -9999.0 -9999.0 -9999.0 -9999.0 -9999.0 -9999.0 -9999.0 -9999.0 -9999.0 -9999.0 -9999.0 -9999.0 -9999.0 -9999.0 -9999.0 -9999.0 -9999.0 -9999.0 -9999.0 -9999.0 -9999.0 -9999.0 -9999.0 -9999.0 -9999.0 -9999.0 -9999.0 -9999.0 -9999.0 -9999.0 -9999.0 -9999.0 -9999.0 -9999.0     2.0     3.1     4.6     5.0     5.0     5.6     5.0     6.5     7.5     8.1     6.9     5.3     4.4     3.8     3.5     3.5     3.7     4.3     4.9     5.4     6.0     6.8     7.6     8.7    12.1    15.6    18.1    19.6 -9999.0 -9999.0 -9999.0 -9999.0 -9999.0 -9999.0 -9999.0 -9999.0 -9999.0 -9999.0 -9999.0 -9999.0
 -9999.0 -9999.0 -9999.0 -9999.0 -9999.0 -9999.0 -9999.0 -9999.0 -9999.0 -9999.0 -9999.0 -9999.0 -9999.0 -9999.0 -9999.0 -9999.0 -9999.0 -9999.0 -9999.0 -9999.0 -9999.0 -9999.0 -9999.0 -9999.0 -9999.0 -9999.0 -9999.0 -9999.0 -9999.0   117.8   127.2   135.1   141.5 -9999.0 -9999.0 -9999.0 -9999.0 -9999.0 -9999.0 -9999.0 -9999.0 -9999.0 -9999.0 -9999.0 -9999.0 -9999.0 -9999.0 -9999.0 -9999.0 -9999.0 -9999.0 -9999.0 -9999.0 -9999.0 -9999.0 -9999.0 -9999.0 -9999.0 -9999.0 -9999.0 -9999.0 -9999.0 -9999.0 -9999.0 -9999.0 -9999.0 -9999.0 -9999.0 -9999.0 -9999.0 -9999.0 -9999.0 -9999.0 -9999.0 -9999.0 -9999.0 -9999.0 -9999.0 -9999.0 -9999.0 -9999.0 -9999.0 -9999.0 -9999.0 -9999.0 -9999.0 -9999.0     1.0     2.1     3.7     5.4     6.1     7.0     6.8     6.4     6.7     8.4     8.5     7.3     5.3     4.2     4.0     3.9     3.8     4.4     5.2     5.7     6.2     7.1     7.7     8.6    10.2    13.2    15.6    17.7    18.2    18.7    19.1 -9999.0 -9999.0 -9999.0 -9999.0 -9999.0 -9999.0 -9999.0 -9999.0 -9999.0 -9999.0
 -9999.0 -9999.0 -9999.0 -9999.0 -9999.0 -9999.0 -9999.0 -9999.0 -9999.0 -9999.0 -9999.0 -9999.0 -9999.0 -9999.0 -9999.0 -9999.0 -9999.0 -9999.0 -9999.0 -9999.0 -9999.0 -9999.0 -9999.0 -9999.0 -9999.0 -9999.0 -9999.0    70.6    74.3    74.5    89.9    96.5   106.3   106.7 -9999.0 -9999.0 -9999.0 -9999.0 -9999.0 -9999.0 -9999.0 -9999.0 -9999.0 -9999.0 -9999.0 -9999.0 -9999.0 -9999.0 -9999.0 -9999.0 -9999.0 -9999.0 -9999.0 -9999.0 -9999.0 -9999.0 -9999.0 -9999.0 -9999.0 -9999.0 -9999.0 -9999.0 -9999.0 -9999.0 -9999.0 -9999.0 -9999.0 -9999.0 -9999.0 -9999.0 -9999.0 -9999.0 -9999.0 -9999.0 -9999.0 -9999.0 -9999.0 -9999.0 -9999.0 -9999.0 -9999.0 -9999.0 -9999.0 -9999.0 -9999.0 -9999.0 -9999.0     1.2     2.5     3.5     5.4     7.7     9.1     9.3     8.3     8.2     8.2     8.1     6.4     5.1     4.7     5.0     4.9     4.7     5.0     5.8     6.8     7.4     7.0     7.4     9.1    11.3    14.0    15.1    16.2    17.4    17.4    17.3 -9999.0 -9999.0 -9999.0 -9999.0 -9999.0    10.5     9.5     8.7     7.7 -9999.0
 -9999.0 -9999.0 -9999.0 -9999.0 -9999.0 -9999.0 -9999.0 -9999.0 -9999.0 -9999.0 -9999.0 -9999.0 -9999.0 -9999.0 -9999.0 -9999.0 -9999.0 -9999.0 -9999.0 -9999.0 -9999.0 -9999.0 -9999.0 -9999.0 -9999.0 -9999.0    45.4    39.7    37.7    38.6    45.0    54.8    78.4    78.8    84.8    87.1    88.8 -9999.0 -9999.0 -9999.0 -9999.0 -9999.0 -9999.0 -9999.0 -9999.0 -9999.0 -9999.0 -9999.0 -9999.0 -9999.0 -9999.0 -9999.0 -9999.0 -9999.0 -9999.0 -9999.0 -9999.0 -9999.0 -9999.0 -9999.0 -9999.0 -9999.0 -9999.0 -9999.0 -9999.0 -9999.0 -9999.0 -9999.0 -9999.0 -9999.0 -9999.0 -9999.0 -9999.0 -9999.0 -9999.0 -9999.0 -9999.0 -9999.0 -9999.0 -9999.0 -9999.0 -9999.0 -9999.0 -9999.0 -9999.0 -9999.0     0.2     0.8     1.7     3.2     5.9     8.6    10.6    10.7     9.5     8.8     7.6     6.8     5.6     5.0     5.7     6.4     5.9     5.4     5.3     6.1     7.3     7.5     6.8     7.1     9.0    11.3    13.0    12.7    14.2    14.3    13.4    13.8    15.3 -9999.0 -9999.0    12.7    12.7    12.5    11.7    11.7     9.8 -9999.0
 -9999.0 -9999.0 -9999.0 -9999.0 -9999.0 -9999.0 -9999.0 -9999.0 -9999.0 -9999.0 -9999.0 -9999.0 -9999.0 -9999.0 -9999.0 -9999.0 -9999.0 -9999.0 -9999.0 -9999.0 -9999.0 -9999.0 -9999.0 -9999.0 -9999.0 -9999.0    26.1    22.2    18.1    15.4    15.9    23.1    30.5    47.1    53.8    61.2    72.3    61.1 -9999.0 -9999.0 -9999.0 -9999.0 -9999.0 -9999.0 -9999.0 -9999.0 -9999.0 -9999.0 -9999.0 -9999.0 -9999.0 -9999.0 -9999.0 -9999.0 -9999.0 -9999.0 -9999.0 -9999.0 -9999.0 -9999.0 -9999.0 -9999.0 -9999.0 -9999.0 -9999.0 -9999.0 -9999.0 -9999.0 -9999.0 -9999.0 -9999.0 -9999.0 -9999.0 -9999.0 -9999.0 -9999.0 -9999.0 -9999.0 -9999.0 -9999.0 -9999.0 -9999.0 -9999.0 -9999.0 -9999.0 -9999.0     0.1     0.3     1.1     2.7     5.0     7.6    10.1    10.2     9.5     7.9     6.8     4.8     3.9     4.6     6.1     6.9     6.0     5.1     5.0     5.6     6.5     6.6     6.2     6.3     8.0    11.0    12.6    10.3     9.6    13.5    11.1    11.9    11.7    11.6    12.4    14.0    15.1    15.3    14.7    13.5    11.9 -9999.0
 -9999.0 -9999.0 -9999.0 -9999.0 -9999.0 -9999.0 -9999.0 -9999.0 -9999.0 -9999.0 -9999.0 -9999.0 -9999.0 -9999.0 -9999.0 -9999.0 -9999.0 -9999.0 -9999.0 -9999.0 -9999.0    33.3    28.5    25.6    21.2    16.7    14.1    13.2    10.5     6.9     5.2     7.9    12.9    20.7    29.8    34.1    43.4    43.4    47.0 -9999.0 -9999.0 -9999.0 -9999.0 -9999.0 -9999.0 -9999.0 -9999.0 -9999.0 -9999.0 -9999.0 -9999.0 -9999.0 -9999.0 -9999.0 -9999.0 -9999.0 -9999.0 -9999.0 -9999.0 -9999.0 -9999.0 -9999.0 -9999.0 -9999.0 -9999.0 -9999.0 -9999.0 -9999.0 -9999.0 -9999.0 -9999.0 -9999.0 -9999.0 -9999.0 -9999.0 -9999.0 -9999.0 -9999.0 -9999.0 -9999.0 -9999.0 -9999.0 -9999.0 -9999.0 -9999.0 -9999.0 -9999.0     0.2 -9999.0 -9999.0     3.4 -9999.0 -9999.0     8.3     7.4     6.2     4.9     2.7     2.3     3.5     5.5     5.8     4.8     4.0     3.9     4.3     4.8     5.1     4.9     5.7     7.3     9.7    10.9    10.1     8.6     9.3     9.7    12.1    13.4    13.0    14.5    16.0    17.6    18.3    18.0    17.0 -9999.0 -9999.0
 -9999.0 -9999.0 -9999.0 -9999.0 -9999.0 -9999.0 -9999.0 -9999.0 -9999.0 -9999.0 -9999.0 -9999.0 -9999.0 -9999.0 -9999.0 -9999.0 -9999.0 -9999.0 -9999.0 -9999.0 -9999.0    39.3    29.4    18.7    12.7     9.1     6.7     5.0     4.0     2.5     1.6     2.9     6.8    10.3    14.6    17.7    20.4    30.4    24.5 -9999.0 -9999.0 -9999.0 -9999.0 -9999.0 -9999.0 -9999.0 -9999.0 -9999.0 -9999.0 -9999.0 -9999.0 -9999.0 -9999.0 -9999.0 -9999.0 -9999.0 -9999.0 -9999.0 -9999.0 -9999.0 -9999.0 -9999.0 -9999.0 -9999.0 -9999.0 -9999.0 -9999.0 -9999.0 -9999.0 -9999.0 -9999.0 -9999.0 -9999.0 -9999.0 -9999.0 -9999.0 -9999.0 -9999.0 -9999.0 -9999.0 -9999.0 -9999.0 -9999.0 -9999.0 -9999.0 -9999.0 -9999.0 -9999.0 -9999.0     0.8     2.0     3.6     5.3     5.3     4.8     3.9     2.0     1.1     1.1     2.6     4.2     4.1     3.1     2.6     2.7     3.0     3.3     3.6     4.0     5.0     6.2     7.9     9.3     9.3     9.3     7.6     9.8    13.8    16.3    16.2    16.7    18.0    19.8    21.3    19.7 -9999.0 -9999.0 -9999.0
 -9999.0 -9999.0 -9999.0 -9999.0 -9999.0 -9999.0 -9999.0 -9999.0 -9999.0 -9999.0 -9999.0 -9999.0 -9999.0 -9999.0 -9999.0 -9999.0 -9999.0 -9999.0 -9999.0 -9999.0    28.0    27.0    20.9    12.1     8.0     6.5     4.3     2.2     0.9     0.5     0.8     1.2     3.4     6.2     8.2     9.2    11.9    11.6    12.6 -9999.0 -9999.0 -9999.0 -9999.0 -9999.0 -9999.0 -9999.0 -9999.0 -9999.0 -9999.0 -9999.0 -9999.0 -9999.0 -9999.0 -9999.0 -9999.0 -9999.0 -9999.0 -9999.0 -9999.0 -9999.0 -9999.0 -9999.0 -9999.0 -9999.0 -9999.0 -9999.0 -9999.0 -9999.0 -9999.0 -9999.0 -9999.0 -9999.0 -9999.0 -9999.0 -9999.0 -9999.0 -9999.0 -9999.0 -9999.0 -9999.0 -9999.0 -9999.0 -9999.0 -9999.0 -9999.0 -9999.0 -9999.0 -9999.0     0.1     0.4     0.9     1.7     2.7     2.9     2.5     1.7     0.8     0.7     0.8     2.0     2.8     2.3     1.6     1.5     1.8     2.2     2.6     3.0     3.6     4.3     4.7     5.5     7.1     7.3     7.6     9.0    11.1    14.3    17.2    18.0    18.2    18.9    19.6    20.0    19.4 -9999.0 -9999.0 -9999.0
 -9999.0 -9999.0 -9999.0 -9999.0 -9999.0 -9999.0 -9999.0 -9999.0 -9999.0 -9999.0 -9999.0 -9999.0 -9999.0 -9999.0 -9999.0 -9999.0 -9999.0 -9999.0     3.7     9.4    14.8     5.2     7.7     5.9     5.4     5.1     3.3     1.4     0.5     0.4     0.5     1.2     2.8     4.2     5.4     6.3     6.4     6.0     6.3 -9999.0 -9999.0 -9999.0 -9999.0 -9999.0 -9999.0 -9999.0 -9999.0 -9999.0 -9999.0 -9999.0 -9999.0 -9999.0 -9999.0 -9999.0 -9999.0 -9999.0 -9999.0 -9999.0 -9999.0 -9999.0 -9999.0 -9999.0 -9999.0 -9999.0 -9999.0 -9999.0 -9999.0 -9999.0 -9999.0 -9999.0 -9999.0 -9999.0 -9999.0 -9999.0 -9999.0 -9999.0 -9999.0 -9999.0 -9999.0 -9999.0 -9999.0 -9999.0 -9999.0 -9999.0     0.0     0.1     0.1     0.0     0.0     0.2     0.4     0.8     1.1     1.3     1.1     0.8     0.4     0.4     1.0     1.9     1.9     1.3     0.9     1.0     1.4     1.8     2.4     3.2     4.3     5.2     5.3     5.9     7.2     8.0    10.4    12.4    16.0    14.9    15.9    16.4    17.2    17.3    17.5    17.6 -9999.0 -9999.0 -9999.0 -9999.0
 -9999.0 -9999.0 -9999.0 -9999.0 -9999.0 -9999.0 -9999.0 -9999.0 -9999.0 -9999.0 -9999.0 -9999.0 -9999.0 -9999.0 -9999.0     2.1     0.6     0.9     1.6     2.5     3.9     7.3     5.6     5.8     5.8     4.9     3.1     1.7     1.0     1.0     1.2     1.7     2.7     3.6     5.5     5.9     4.9    13.1     7.6     6.7     9.1    10.7    10.6    10.2 -9999.0 -9999.0 -9999.0 -9999.0 -9999.0 -9999.0 -9999.0 -9999.0 -9999.0 -9999.0 -9999.0 -9999.0 -9999.0 -9999.0 -9999.0 -9999.0 -9999.0 -9999.0 -9999.0 -9999.0 -9999.0 -9999.0 -9999.0 -9999.0 -9999.0 -9999.0 -9999.0 -9999.0 -9999.0 -9999.0 -9999.0 -9999.0 -9999.0 -9999.0 -9999.0     0.0     0.0     0.0     0.1     0.1     0.2     0.2     0.1     0.0     0.0     0.1     0.1     0.3     0.5     0.6     0.5     0.4     0.2     0.3     0.9     1.5     1.3     0.9     0.8     1.0     1.3     1.6     2.2     3.5     5.8     7.5     8.5     8.6     9.1    10.8    15.4    16.3    17.6    17.4    16.2    15.3    14.7    14.5    14.3    14.2 -9999.0 -9999.0 -9999.0 -9999.0
 -9999.0 -9999.0 -9999.0 -9999.0 -9999.0 -9999.0 -9999.0 -9999.0 -9999.0 -9999.0 -9999.0 -9999.0 -9999.0 -9999.0 -9999.0     0.9     0.8     1.2     1.1     2.8     5.1     4.5     4.5     5.0     5.3     4.9     3.8     3.0     2.6     2.5     2.3     2.1     2.6     2.5     2.9     3.3     2.6     3.5     2.5     3.3     3.7     2.7     3.4     3.9     3.2     2.9     5.4 -9999.0 -9999.0 -9999.0 -9999.0 -9999.0 -9999.0 -9999.0 -9999.0 -9999.0 -9999.0 -9999.0 -9999.0 -9999.0 -9999.0 -9999.0 -9999.0 -9999.0 -9999.0 -9999.0 -9999.0 -9999.0 -9999.0 -9999.0 -9999.0 -9999.0 -9999.0 -9999.0 -9999.0 -9999.0 -9999.0 -9999.0     0.0     0.0     0.1     0.2     0.3     0.3     0.3     0.2     0.1     0.1     0.1     0.1     0.2     0.3     0.4     0.3     0.4     0.1     0.1     0.2     0.5     0.8     0.7     0.6     0.7     1.0     1.3     1.5     2.0     3.6     7.1    10.2    11.4    11.2    12.0    13.5    16.1    18.1    19.6    18.9    16.7    14.2    12.2    11.2    10.7 -9999.0 -9999.0 -9999.0 -9999.0 -9999.0
 -9999.0 -9999.0 -9999.0 -9999.0 -9999.0 -9999.0 -9999.0 -9999.0 -9999.0 -9999.0 -9999.0 -9999.0 -9999.0 -9999.0 -9999.0 -9999.0     7.2     7.1     4.6     3.0     3.4     5.9     4.6     6.7     6.9     6.8     6.5     5.9     5.4     4.9     3.9     2.7     2.4     2.5     3.0     3.5     3.6     3.5     3.4     5.3     8.1     5.7     4.3     2.0     1.1     0.7     0.4     0.3 -9999.0 -9999.0 -9999.0 -9999.0 -9999.0 -9999.0 -9999.0 -9999.0 -9999.0 -9999.0 -9999.0 -9999.0 -9999.0 -9999.0 -9999.0 -9999.0 -9999.0 -9999.0 -9999.0 -9999.0 -9999.0 -9999.0 -9999.0 -9999.0 -9999.0 -9999.0 -9999.0 -9999.0 -9999.0 -9999.0     0.0     0.0     0.1     0.4     0.3     0.3     0.3     0.3     0.5     0.2     0.2     0.5     0.3     0.4     0.5     0.2     0.1     0.1     0.1     0.2     0.3     0.3     0.3     0.3     0.6     0.9     1.3     1.7     2.5     4.6     9.0    13.0    14.0    12.4    11.5    12.1    14.4    16.2    16.4    15.3    13.5    10.7 -9999.0 -9999.0 -9999.0 -9999.0 -9999.0 -9999.0 -9999.0 -9999.0
 -9999.0 -9999.0 -9999.0 -9999.0 -9999.0 -9999.0 -9999.0 -9999.0 -9999.0 -9999.0 -9999.0 -9999.0 -9999.0 -9999.0 -9999.0 -9999.0     9.4     8.8     7.8     6.7     5.2     6.4     7.0     6.4     4.1     3.4     3.5     5.5     5.1     9.0     6.5     6.6    12.2    12.9     6.3     5.8     8.3     6.1     5.5     8.1    10.9     7.3     8.2    10.7     0.7     0.1     0.0     0.0 -9999.0 -9999.0 -9999.0 -9999.0 -9999.0 -9999.0 -9999.0 -9999.0 -9999.0 -9999.0 -9999.0 -9999.0 -9999.0 -9999.0 -9999.0 -9999.0 -9999.0 -9999.0 -9999.0 -9999.0 -9999.0 -9999.0 -9999.0 -9999.0 -9999.0 -9999.0 -9999.0 -9999.0 -9999.0     0.0     0.0     0.0     0.1     0.2     0.3     0.6     0.3     0.4     0.4     0.4     0.3     0.5     0.8     0.4     0.1     0.1     0.0     0.1     0.1     0.2     0.2     0.2     0.1     0.2     0.4     0.9     1.7     2.9     4.4     7.1    11.6    15.5    15.2    11.6     9.0     9.4    10.7    11.3    10.3     8.8     7.7 -9999.0 -9999.0 -9999.0 -9999.0 -9999.0 -9999.0 -9999.0 -9999.0 -9999.0
 -9999.0 -9999.0 -9999.0 -9999.0 -9999.0 -9999.0 -9999.0 -9999.0 -9999.0 -9999.0 -9999.0 -9999.0 -9999.0 -9999.0 -9999.0 -9999.0     3.5     3.6     3.5     3.2     3.8     4.7     4.5     4.9     4.0     2.7     1.5     1.5     1.8     3.4     5.6     6.4     3.2     2.2     5.3     7.8     5.8     1.7     1.3     0.2     1.3     3.1     4.0     6.7     3.1     0.1     0.0     0.0     0.0     0.0     0.0 -9999.0 -9999.0 -9999.0 -9999.0 -9999.0 -9999.0 -9999.0 -9999.0 -9999.0 -9999.0 -9999.0 -9999.0 -9999.0 -9999.0 -9999.0 -9999.0 -9999.0 -9999.0 -9999.0 -9999.0 -9999.0 -9999.0 -9999.0 -9999.0 -9999.0     0.0     0.0     0.1     0.1     0.2     0.3     0.2     0.2     0.2     0.3     0.5     0.7     0.7     0.7     0.8     0.4     0.1     0.1     0.0     0.0     0.1     0.1     0.1     0.1     0.1     0.2     0.5     1.5     3.4     6.0     8.3    10.9    14.9    17.6    15.9    11.5     7.3     7.0     7.5     6.7     5.2     3.6     2.4     1.5 -9999.0 -9999.0 -9999.0 -9999.0 -9999.0 -9999.0 -9999.0 -9999.0
 -9999.0 -9999.0 -9999.0 -9999.0 -9999.0 -9999.0 -9999.0 -9999.0 -9999.0 -9999.0 -9999.0 -9999.0 -9999.0 -9999.0 -9999.0     3.6     4.4     4.1     3.4     3.1     2.9     2.6     2.4     2.3     1.6     0.7     0.3     0.1     0.2     0.8     1.8     1.7     0.2     0.1     0.0     0.0     0.1     0.0     0.0     0.0     0.0     0.0     0.1     0.0     0.0     0.0     0.0     0.0     0.0     0.0     0.0     0.0     0.1     0.1     0.2     0.6     1.2     2.0     2.9     3.8     4.5 -9999.0 -9999.0 -9999.0 -9999.0 -9999.0 -9999.0 -9999.0 -9999.0     1.2     0.6     0.2     0.1     0.0     0.0     0.0     0.0     0.0     0.1     0.4     0.4     0.2     0.1     0.1     0.1     0.3     0.7     0.8     0.8     0.7     0.7     0.4     0.2     0.1     0.1     0.0     0.1     0.1     0.1     0.1     0.2     0.5     1.5     3.7     7.1    10.3    12.4    13.8    15.8    18.9    17.4    12.1     7.3     5.5     5.5     3.3     1.1     0.3 -9999.0 -9999.0 -9999.0 -9999.0 -9999.0 -9999.0 -9999.0 -9999.0 -9999.0 -9999.0
 -9999.0 -9999.0 -9999.0 -9999.0 -9999.0 -9999.0 -9999.0 -9999.0 -9999.0 -9999.0 -9999.0 -9999.0 -9999.0 -9999.0     2.2     2.9     3.3     3.0     2.9     2.6     1.9     0.9     0.8     0.7     0.3     0.1     0.0     0.0     0.2     0.4     0.4     0.3     0.1     0.2     0.1     0.0     0.1     0.1     0.1     0.0     0.0     0.0     0.0     0.0     0.0     0.0     0.0     0.0     0.0     0.0     0.0     0.0     0.0     0.1     0.1     0.3     0.8     1.4     2.2     2.9     3.5     4.0     4.2     4.3     4.3     3.9     3.2     2.4     1.6     1.1     0.8     0.5     0.2     0.1     0.0     0.0     0.0     0.1     0.3     0.8     0.6     0.3     0.3     0.1     0.3     0.4     1.1     1.1     0.8     0.5     0.6     0.6     0.2     0.1     0.1     0.1     0.0     0.1     0.1     0.2     0.8     1.9     4.4     8.4    12.1    14.3    14.7    14.8    16.2    19.6    17.6    13.6     7.6     4.3     2.6     1.1     0.1 -9999.0 -9999.0 -9999.0 -9999.0 -9999.0 -9999.0 -9999.0 -9999.0 -9999.0 -9999.0 -9999.0
 -9999.0 -9999.0 -9999.0 -9999.0 -9999.0 -9999.0 -9999.0 -9999.0 -9999.0 -9999.0 -9999.0 -9999.0     1.8     2.0     2.5     1.9     2.4     1.9     1.4     0.9     0.4     0.1     0.1     0.1     0.1     0.1     0.1     0.1     0.1     0.1     0.1     0.1     0.1     0.0     0.0     0.0     0.1     0.1     0.0     0.0     0.0     0.0     0.0     0.0     0.0     0.0     0.0     0.0     0.1     0.1     0.1     0.1     0.1     0.1     0.1     0.2     0.5     0.9     1.5     2.0     2.4     2.8     3.1     3.3     3.2     2.9     2.5     1.9     1.7     1.5     1.4     1.2     0.4     0.4     0.4     0.3     0.3     0.7     1.3     1.2     1.3     0.4     0.7     0.3     0.3     0.9     1.6     1.5     1.3     0.3     0.2     0.2     0.2     0.1     0.3     0.2     0.2     0.3     0.2     0.5     2.3     4.7     8.5    12.8    14.9    15.5    14.0    13.5    15.1    15.2    16.1    11.3     6.1     2.6     1.0 -9999.0 -9999.0 -9999.0 -9999.0 -9999.0 -9999.0 -9999.0 -9999.0 -9999.0 -9999.0 -9999.0 -9999.0 -9999.0
 -9999.0 -9999.0 -9999.0 -9999.0 -9999.0 -9999.0 -9999.0 -9999.0 -9999.0     0.8     2.0     1.4     1.4     0.7     0.7     0.7     0.7     0.8     0.8     0.5     0.2     0.0     0.0     0.0     0.0     0.0     0.0     0.0     0.1     0.1     0.1     0.0     0.0     0.0     0.0     0.0     0.0     0.0     0.0     0.0     0.0     0.0     0.0     0.0     0.0     0.1     0.1     0.1     0.2     0.3     0.3     0.2     0.1     0.1     0.1     0.1     0.3     0.6     0.9     1.2     1.4     1.7     2.1     2.3     2.3     2.3     1.9     1.5     1.6     2.1     1.2     0.6     0.2     0.2     0.3     0.4     0.6     1.7     1.6     2.4     2.7     2.0     0.5     0.4     0.9     1.1     3.9     1.6     0.8     0.1     0.1     0.1     0.1     0.2     0.6     0.8     0.9     0.7     1.0     1.6     3.2     5.4     8.5    11.3    12.9    13.1    12.6    11.3    11.2    13.2    11.7     7.8     3.7 -9999.0 -9999.0 -9999.0 -9999.0 -9999.0 -9999.0 -9999.0 -9999.0 -9999.0 -9999.0 -9999.0 -9999.0 -9999.0 -9999.0 -9999.0
 -9999.0 -9999.0 -9999.0 -9999.0 -9999.0     0.3     1.8     0.8     0.8     0.9     0.4     0.5     0.5     0.2     0.2     0.2     0.3     0.4     0.4     0.3     0.1     0.0     0.0     0.0     0.0     0.0     0.0     0.0     0.1     0.1     0.1     0.0     0.0     0.0     0.0     0.0     0.0     0.0     0.0     0.0     0.0     0.0     0.0     0.1     0.1     0.1     0.0     0.1     0.3     0.6     0.8     0.6     0.4     0.2     0.2     0.2     0.3     0.5     0.6     0.6     0.7     0.9     1.2     1.6     2.0     1.9     1.3     1.1     1.3     0.9     1.0     0.8     0.5     0.5     1.1     0.4     0.3     0.7     0.1     0.1     0.6     0.7     0.8     1.1     1.3     0.1     0.7     0.2     0.1     0.1     0.1     0.0     0.1     0.2     0.6     1.3     1.6     1.9 -9999.0 -9999.0     1.9     2.2     2.5     5.2     9.2    11.2    10.2     9.3     9.3 -9999.0 -9999.0 -9999.0 -9999.0 -9999.0 -9999.0 -9999.0 -9999.0 -9999.0 -9999.0 -9999.0 -9999.0 -9999.0 -9999.0 -9999.0 -9999.0 -9999.0 -9999.0 -9999.0
 -9999.0 -9999.0 -9999.0     0.9     0.2     1.3     0.7     0.5     0.5     0.1     0.1     0.1     0.1     0.1     0.0     0.1     0.1     0.2     0.2     0.1     0.1     0.0     0.0     0.0     0.0     0.0     0.0     0.1     0.1     0.2     0.1     0.1     0.0     0.0     0.0     0.0     0.0     0.0     0.0     0.0     0.0     0.0     0.0     0.0     0.0     0.0     0.1     0.3     0.7     1.5     1.6     1.4     1.1     0.8     0.6     0.6     0.7     0.6     0.5     0.3     0.3     0.4     0.6     1.1     1.4     1.3     1.2     0.5     0.4     0.5     1.0     1.3     1.1     0.8     0.4     0.2     0.2     0.1     0.1     0.2     0.6     2.8     0.6     0.8     3.2     0.6     0.6     0.2     0.1     0.1     0.1     0.1     0.1     0.2     0.5     1.4     2.4 -9999.0 -9999.0 -9999.0     0.5     0.2     0.4     1.7     4.5     7.0     7.6 -9999.0 -9999.0 -9999.0 -9999.0 -9999.0 -9999.0 -9999.0 -9999.0 -9999.0 -9999.0 -9999.0 -9999.0 -9999.0 -9999.0 -9999.0 -9999.0 -9999.0 -9999.0 -9999.0 -9999.0 -9999.0
 -9999.0 -9999.0     1.9     1.4     0.8     0.2     0.1     0.1     0.1     0.1     0.1     0.1     0.1     0.0     0.0     0.0     0.1     0.1     0.1     0.1     0.0     0.0     0.0     0.0     0.0     0.0     0.1     0.2     0.4     0.4     0.3     0.1     0.1     0.0     0.0     0.0     0.0     0.0     0.0     0.0     0.0     0.0     0.1     0.2     0.4     0.9     2.5     2.4     2.1     1.9     1.0     1.2     1.7     1.9     1.9     1.8     1.5     1.0     0.5     0.2     0.1     0.2     0.3     0.7     0.9     0.9     0.5     0.2     0.2     0.4     1.1     1.3     1.1     0.8     0.7     0.5     0.5     0.2     0.4     0.8     1.6     1.9     0.5     0.9     0.9     3.2     1.0     0.1     0.1     0.1     0.1     0.1     0.1     0.2     0.8 -9999.0 -9999.0 -9999.0 -9999.0     0.2     0.1     0.1     0.1     0.6 -9999.0 -9999.0 -9999.0 -9999.0 -9999.0 -9999.0 -9999.0 -9999.0 -9999.0 -9999.0 -9999.0 -9999.0 -9999.0 -9999.0 -9999.0 -9999.0 -9999.0 -9999.0 -9999.0 -9999.0 -9999.0 -9999.0 -9999.0 -9999.0
 -9999.0 -9999.0     5.2     5.2     8.6     2.2     0.1     0.1     0.1     0.1     0.1     0.1     0.1     0.0     0.0     0.0     0.0     0.1     0.1     0.1     0.1     0.0     0.0     0.0     0.1     0.3     0.6     0.9     1.0     0.9     0.7     0.4     0.1     0.0     0.0     0.0     0.0     0.0     0.0     0.0     0.0     0.3     1.4     3.2     2.0     2.5     2.2     2.5     1.1     0.7     0.3     0.0     0.0     0.1     2.0     2.7     2.1     1.5     0.7     0.4     0.2     0.1     0.3     0.5     0.6     0.5     0.3     0.2     0.4     0.3     0.7     0.8     0.7     0.4     0.4     0.3     0.1     0.2     0.2     0.9     1.0     0.5     0.6     0.7     0.7     0.7     0.1     0.1     0.1     0.1     0.1     0.1     0.1     0.1 -9999.0 -9999.0 -9999.0 -9999.0 -9999.0     0.1 -9999.0 -9999.0 -9999.0 -9999.0 -9999.0 -9999.0 -9999.0 -9999.0 -9999.0 -9999.0 -9999.0 -9999.0 -9999.0 -9999.0 -9999.0 -9999.0 -9999.0 -9999.0 -9999.0 -9999.0 -9999.0 -9999.0 -9999.0 -9999.0 -9999.0 -9999.0 -9999.0 -9999.0
 -9999.0 -9999.0     5.5     8.3     7.0     4.1     1.7     1.3     0.1     0.1     0.1     0.1     0.1     0.0     0.0     0.0     0.0     0.0     0.1     0.1     0.1     0.1     0.1     0.2     0.5     1.0     1.7     2.2     2.3     2.1     1.5     0.8     0.3     0.4     0.3     0.4     0.1     0.1     0.2     0.1     0.0     0.1     0.2     0.8     1.3     2.2     2.6     2.2     1.9     1.2     0.3     0.1     0.1     0.1     0.3     1.6     2.1     1.6     1.4     0.8     0.2     0.3     0.4     0.5     0.5     0.4     0.3     0.4     0.2     0.3     0.6     0.6     0.4     0.3     0.2     0.3     0.2     0.1     1.2     1.8     1.4     0.1     0.1     0.3     0.0     0.1     0.1     0.1     0.1     0.1     0.1 -9999.0 -9999.0 -9999.0 -9999.0 -9999.0 -9999.0 -9999.0 -9999.0 -9999.0 -9999.0 -9999.0 -9999.0 -9999.0 -9999.0 -9999.0 -9999.0 -9999.0 -9999.0 -9999.0 -9999.0 -9999.0 -9999.0 -9999.0 -9999.0 -9999.0 -9999.0 -9999.0 -9999.0 -9999.0 -9999.0 -9999.0 -9999.0 -9999.0 -9999.0 -9999.0 -9999.0 -9999.0
 -9999.0 -9999.0 -9999.0    10.8     5.8     7.2     6.1     3.9     1.5     0.1     0.1     0.1     0.1     0.0     0.0     0.0     0.0     0.0     0.1     0.1     0.2     0.4     0.6     1.0     1.7     2.7     3.7     4.3     4.1     3.1     1.7     1.1     0.8     1.7     2.0     0.7     0.1     0.1     0.1     0.0     0.0     0.0     0.1     0.3     0.8     1.8     2.2     2.1     1.6     1.2     0.9     0.5     0.2     0.1     0.4     0.9     2.5     3.2     2.9     1.3     0.6     0.4     0.5     0.4     0.4     0.4     0.4     0.4     0.2     0.4     0.6     0.5     0.4     0.2     0.2     0.2     0.2     0.1     1.3     0.3     0.4     0.1     0.1     0.0     0.1     0.1     0.1     0.1     0.1     0.1     0.2     0.4 -9999.0 -9999.0 -9999.0 -9999.0 -9999.0 -9999.0 -9999.0 -9999.0 -9999.0 -9999.0 -9999.0 -9999.0 -9999.0 -9999.0 -9999.0 -9999.0 -9999.0 -9999.0 -9999.0 -9999.0 -9999.0 -9999.0 -9999.0 -9999.0 -9999.0 -9999.0 -9999.0 -9999.0 -9999.0 -9999.0 -9999.0 -9999.0 -9999.0 -9999.0 -9999.0 -9999.0
 -9999.0 -9999.0 -9999.0 -9999.0 -9999.0     6.0     2.7     2.1     3.9     0.3     0.1     0.1     0.1     0.1     0.1     0.0     0.0     0.1     0.1     0.2     0.5     0.9     1.6     2.4     3.5     4.7     5.4     5.4     2.9     2.2     2.0     2.0     2.0     1.5     2.6     0.9     0.7     0.4     0.1     0.0     0.0     0.0     0.0     0.2     0.6     1.3     1.8     2.1     2.1     1.8     1.9     0.9     0.6     0.4     0.4     0.7     1.2     1.9     3.3     3.0     2.0     1.0     0.8     0.4     0.2     0.3     0.3     0.3     0.2     0.3     0.5     0.5     0.3     0.3     0.3     0.2     0.1     0.0     0.3     0.5     0.2     0.1     0.1     0.1     0.1     0.1     0.1     0.1     0.1     0.1     0.2     0.7     1.2     1.4 -9999.0 -9999.0 -9999.0     0.4 -9999.0 -9999.0 -9999.0 -9999.0 -9999.0 -9999.0 -9999.0 -9999.0 -9999.0 -9999.0 -9999.0 -9999.0 -9999.0 -9999.0 -9999.0 -9999.0 -9999.0 -9999.0 -9999.0 -9999.0 -9999.0 -9999.0 -9999.0 -9999.0 -9999.0 -9999.0 -9999.0 -9999.0 -9999.0 -9999.0
 -9999.0 -9999.0 -9999.0 -9999.0     8.3    10.7    12.1     6.1     4.3     0.6     0.7     0.3     0.1     0.1     0.1     0.1     0.1     0.1     0.1     0.4     0.9     1.8     2.9     3.8     4.5     4.6     4.4     3.1     2.9     2.9     3.0     2.8     2.6     2.6     1.6     1.2     0.7     1.6     0.9     0.2     0.0     0.0     0.0     0.1     0.4     0.8     1.1     1.2     1.5     2.0     3.4     3.3     1.7     0.7     0.6     0.7     1.5     2.0     3.3     1.5     0.9     0.5     0.4     0.5     0.2     0.4     0.5     0.1     0.5     0.4     0.5     0.7     0.7     0.5     0.4     0.3     0.1     0.1     0.9     0.1     0.1     0.1     0.1     0.1     0.1     0.1     0.1     0.1     0.1     0.1     0.2     0.9     1.8     1.9 -9999.0 -9999.0     0.3     0.3     0.5     0.3     1.8 -9999.0 -9999.0 -9999.0 -9999.0 -9999.0 -9999.0 -9999.0 -9999.0 -9999.0 -9999.0 -9999.0 -9999.0 -9999.0 -9999.0 -9999.0 -9999.0 -9999.0 -9999.0 -9999.0 -9999.0 -9999.0 -9999.0 -9999.0 -9999.0 -9999.0 -9999.0 -9999.0
 -9999.0 -9999.0 -9999.0 -9999.0    12.8     9.4    12.5     6.2    11.3     8.7     1.8     4.3     1.7     1.2     0.1     0.1     0.1     0.1     0.2     0.6     1.2     2.0     2.9     2.4     2.1     2.7     2.9     3.2     3.5     3.7     3.8     3.9     3.4     3.0     2.7     1.9     2.0     2.0     0.7     0.1     0.4     0.0     0.1     0.1     0.4     0.7     0.6     0.3     0.3     1.0     2.8     4.7     2.9     1.7     0.7     0.4     0.7     1.7     2.8     3.4     2.1     2.0     1.2     0.8     0.6     0.6     0.9     0.4     0.5     1.7     1.0     1.0     0.6     0.3     0.2     0.1     0.1     0.2     0.3     0.1     0.1     0.1     0.1     0.1     0.1     0.1     0.1     0.1     0.1     0.1     0.3     0.8     1.5     1.5     1.0     0.6     0.4     0.5     0.9 -9999.0 -9999.0 -9999.0 -9999.0 -9999.0 -9999.0 -9999.0 -9999.0 -9999.0 -9999.0 -9999.0 -9999.0 -9999.0 -9999.0 -9999.0 -9999.0 -9999.0 -9999.0 -9999.0 -9999.0 -9999.0 -9999.0 -9999.0 -9999.0 -9999.0 -9999.0 -9999.0 -9999.0 -9999.0
 -9999.0 -9999.0 -9999.0 -9999.0 -9999.0 -9999.0 -9999.0     8.1     8.9     5.5     8.5     6.6     2.6     2.3     1.7     0.1     0.3     0.1     0.3     0.5     0.9     1.3     1.6     1.8     2.2     2.7     3.1     3.6     4.0     4.4     4.6     4.6     4.4     4.2     4.0     2.9     3.1     2.1     2.3     2.0     0.3     1.8     1.4     0.9     0.8     0.7     0.7     0.4     0.6     0.7     2.0     4.5     4.8     1.8     0.8     0.2     0.3     0.7     1.5     2.1     1.1     0.9     0.7     1.0     1.3     1.4     1.6     2.1     1.6     2.2     1.4     1.0     0.9     0.6     0.2     0.2     0.0     0.1     0.1     0.1     0.1     0.1     0.1     0.1     0.1     0.1     0.1     0.1     0.1     0.1     0.2     0.4     0.4     0.5     0.7     0.7     0.7 -9999.0 -9999.0 -9999.0 -9999.0 -9999.0 -9999.0 -9999.0 -9999.0 -9999.0 -9999.0 -9999.0 -9999.0 -9999.0 -9999.0 -9999.0 -9999.0 -9999.0 -9999.0 -9999.0 -9999.0 -9999.0 -9999.0 -9999.0 -9999.0 -9999.0 -9999.0 -9999.0 -9999.0 -9999.0 -9999.0 -9999.0
 -9999.0 -9999.0 -9999.0 -9999.0 -9999.0 -9999.0 -9999.0    15.3     6.2     8.0     7.5     4.5     4.1     4.5     2.2     3.4     1.2     0.9     1.4     0.8     0.9     1.2     1.4     1.7     2.1     2.6     3.1     3.6     4.2     4.6     4.9     5.1     5.0     5.2     4.3     3.8     3.0     2.9     2.2     1.6     1.4     1.2     1.4     2.7     1.3     0.9     1.1     1.2     2.6     2.6     4.3     4.1     3.9     2.3     1.5     0.2     0.2     0.5     1.0     0.9     0.5     0.4     0.5     1.1     1.6     1.9     2.2     2.2     4.3     1.3     1.3     1.1     1.0     0.8     0.2     0.3     0.1     0.1     0.1     0.0     0.1     0.1     0.1     0.1     0.1     0.1     0.1     0.1     0.1     0.1     0.1     0.1     0.1     0.1     0.3     0.7 -9999.0 -9999.0 -9999.0 -9999.0 -9999.0 -9999.0 -9999.0 -9999.0 -9999.0 -9999.0 -9999.0 -9999.0 -9999.0 -9999.0 -9999.0 -9999.0 -9999.0 -9999.0 -9999.0 -9999.0 -9999.0 -9999.0 -9999.0 -9999.0 -9999.0 -9999.0 -9999.0 -9999.0 -9999.0 -9999.0 -9999.0 -9999.0
 -9999.0 -9999.0 -9999.0 -9999.0 -9999.0 -9999.0 -9999.0 -9999.0 -9999.0     7.8     5.9     4.0     4.7     3.4     2.0     1.2     1.3     2.1     1.0     1.3     0.9     0.9     1.1     1.4     1.8     2.3     2.8     3.4     4.1     4.5     5.0     5.2     5.3     5.4     4.5     4.0     3.3     3.0     2.2     2.0     1.4     1.4     1.3     1.3     1.9     2.1     2.2     2.2     2.7     3.3     4.3     4.0     3.4     2.4     2.3     0.9     0.5     0.8     1.2     0.8     0.4     0.2     0.1     0.7     1.2     2.0     2.3     1.8     4.3     1.0     1.0     0.4     0.4     0.6     0.8     0.1     0.2     0.2     0.1     0.1     0.1     0.2     0.1     0.1     0.1     0.1     0.1     0.1     0.1     0.1     0.1     0.0     0.0     0.1     0.2 -9999.0 -9999.0 -9999.0 -9999.0 -9999.0 -9999.0 -9999.0 -9999.0 -9999.0 -9999.0 -9999.0 -9999.0 -9999.0 -9999.0 -9999.0 -9999.0 -9999.0 -9999.0 -9999.0 -9999.0 -9999.0 -9999.0 -9999.0 -9999.0 -9999.0 -9999.0 -9999.0 -9999.0 -9999.0 -9999.0 -9999.0 -9999.0 -9999.0
 -9999.0 -9999.0 -9999.0 -9999.0 -9999.0 -9999.0 -9999.0 -9999.0 -9999.0 -9999.0 -9999.0     6.1     2.4     3.7     2.1     1.7     1.1     0.7     0.6     0.6     0.6     0.6     0.8     1.0     1.3     1.7     2.2     2.8     3.5     4.2     4.8     5.4     5.4     5.5     5.0     5.5     3.9     3.4     4.5     2.4     2.5     1.7     1.4     1.4     3.0     2.1     3.9     2.9     3.7     3.8     3.4     3.7     3.5     3.5     3.7     3.0     2.6     2.9     2.2     1.4     0.9     0.3     0.2     0.3     0.7     2.4     1.2     1.7     2.2     1.4     0.4     0.3     0.1     0.1     0.1     0.3     0.6     0.4     0.3     0.2     0.1     0.1     0.1     0.1     0.1     0.1     0.1     0.1     0.1     0.1     0.2     0.1     0.1     0.1     0.2 -9999.0 -9999.0 -9999.0 -9999.0 -9999.0 -9999.0 -9999.0 -9999.0 -9999.0 -9999.0 -9999.0 -9999.0 -9999.0 -9999.0 -9999.0 -9999.0 -9999.0 -9999.0 -9999.0 -9999.0 -9999.0 -9999.0 -9999.0 -9999.0 -9999.0 -9999.0 -9999.0 -9999.0 -9999.0 -9999.0 -9999.0 -9999.0 -9999.0
 -9999.0 -9999.0 -9999.0 -9999.0 -9999.0 -9999.0 -9999.0 -9999.0 -9999.0 -9999.0 -9999.0 -9999.0     2.6     1.8     2.1     1.1     1.4     0.6     0.5     0.6     0.3     0.4     0.5     0.6     0.9     1.2     1.7     2.2     2.9     3.6     4.3     4.9     5.4     5.9     5.9     5.2     5.9     4.0     2.9     2.2     1.8     1.7     1.7     2.4     2.6     3.2     4.1     2.7     3.2     3.7     5.5     5.4     4.4     3.7     4.1     4.7     5.2     5.5     3.2     3.5     2.2     1.3     0.7     0.6     1.8     2.7     3.6     3.9     3.4     2.1     0.1     0.1     0.1     0.1     0.1     3.2     0.5     0.5     0.4     1.6     0.4     0.2     0.1     0.1     0.1     0.2     0.2     0.2     0.2     0.3     0.6     0.6     0.5     0.5     0.7     1.6     3.8 -9999.0 -9999.0 -9999.0 -9999.0 -9999.0 -9999.0 -9999.0 -9999.0 -9999.0 -9999.0 -9999.0 -9999.0 -9999.0 -9999.0 -9999.0 -9999.0 -9999.0 -9999.0 -9999.0 -9999.0 -9999.0 -9999.0 -9999.0 -9999.0 -9999.0 -9999.0 -9999.0 -9999.0 -9999.0 -9999.0 -9999.0
 -9999.0 -9999.0 -9999.0 -9999.0 -9999.0 -9999.0 -9999.0 -9999.0 -9999.0 -9999.0 -9999.0 -9999.0     4.4     1.5     0.9     1.0     0.4     0.3     0.3     0.2     0.2     0.2     0.2     0.3     0.6     0.7     1.1     1.7     2.2     2.9     3.6     4.5     5.1     5.4     5.7     5.2     5.6     4.9     3.7     2.9     2.1     2.0     3.2     2.4     3.7     5.0     3.6     3.0     1.8     3.6     4.1     5.5     4.6     5.4     4.0     5.6     5.7     6.4     4.9     4.4     3.6     2.5     1.8     1.7     3.1     4.3     1.2     2.1     2.5     1.8     1.6     3.5     4.2     1.0     1.0     0.5     0.4     1.7     1.3     1.3     4.5     0.2     0.2     0.3     0.8     1.2     1.0     0.9     0.7     1.0     1.7     2.0     2.2     2.6     3.5     5.1     8.0 -9999.0 -9999.0 -9999.0 -9999.0 -9999.0 -9999.0 -9999.0 -9999.0 -9999.0 -9999.0 -9999.0 -9999.0 -9999.0 -9999.0 -9999.0 -9999.0 -9999.0 -9999.0 -9999.0 -9999.0 -9999.0 -9999.0 -9999.0 -9999.0 -9999.0 -9999.0 -9999.0 -9999.0 -9999.0 -9999.0 -9999.0
 -9999.0 -9999.0 -9999.0 -9999.0 -9999.0 -9999.0 -9999.0 -9999.0 -9999.0 -9999.0 -9999.0 -9999.0 -9999.0     1.9     1.7     0.6     0.4     0.2     0.1     0.1     0.1     0.1     0.1     0.2     0.2     0.3     0.5     0.8     1.3     1.9     2.7     3.5     4.5     5.2     4.8     4.7     4.4     4.2     6.1     3.9     3.2     3.6     3.5     5.1     4.3     3.9     4.9     5.5     5.4     5.0     5.4     4.8     5.1    10.2     8.2     7.1     6.3     7.2     8.0     6.7     5.6     4.1     3.4     3.3     1.5     3.0     4.8     4.8     4.9     2.3     0.2     0.3     1.0     1.5     2.7     1.3     1.0     1.1     1.3     1.2     1.9     0.9     1.2     1.8     2.8     3.0     2.4     2.5     2.7     3.2     3.9     4.4     5.4     7.3     9.6    12.2    15.6 -9999.0 -9999.0 -9999.0 -9999.0 -9999.0 -9999.0 -9999.0 -9999.0 -9999.0 -9999.0 -9999.0 -9999.0 -9999.0 -9999.0 -9999.0 -9999.0 -9999.0 -9999.0 -9999.0 -9999.0 -9999.0 -9999.0 -9999.0 -9999.0 -9999.0 -9999.0 -9999.0 -9999.0 -9999.0 -9999.0 -9999.0
 -9999.0 -9999.0 -9999.0 -9999.0 -9999.0 -9999.0 -9999.0 -9999.0 -9999.0 -9999.0 -9999.0 -9999.0     2.7     2.4     1.3     0.5     0.4     0.1     0.1     0.1     0.0     0.0     0.0     0.1     0.1     0.1     0.2     0.4     0.7     1.2     1.8     2.5     3.5     3.9     4.4     4.1     4.5     2.9     2.5     2.7     4.7     6.4     7.9     4.4     5.6     6.1     5.0     3.4     4.0     4.6     7.9    11.0     7.6     9.7     7.6     7.2     8.5     4.5     7.1     6.4     6.5     6.1     5.3     5.0     4.3     3.7     3.1     4.4     6.2     6.0     3.9     1.5     0.9     0.9     1.1     1.2     1.6     2.4     2.9     2.9     2.5     2.7     3.6     4.7     5.4     5.7     6.0     6.7     7.6     8.1     8.4     8.7    10.2    14.3    18.8    22.5    25.8    31.6 -9999.0 -9999.0 -9999.0 -9999.0 -9999.0 -9999.0 -9999.0 -9999.0 -9999.0 -9999.0 -9999.0 -9999.0 -9999.0 -9999.0 -9999.0 -9999.0 -9999.0 -9999.0 -9999.0 -9999.0 -9999.0 -9999.0 -9999.0 -9999.0 -9999.0 -9999.0 -9999.0 -9999.0 -9999.0 -9999.0
 -9999.0 -9999.0 -9999.0 -9999.0 -9999.0 -9999.0 -9999.0 -9999.0 -9999.0 -9999.0 -9999.0 -9999.0     3.1     1.4     0.8     0.9     0.3     0.1     0.0     0.0     0.0     0.0     0.0     0.0     0.1     0.1     0.1     0.2     0.3     0.6     1.0     1.5     2.2     2.6     2.9     3.1     2.3     2.1     1.8     1.5     2.2     2.7     3.6     4.8     5.9     6.9     9.1     7.9     6.8     2.7     4.0     9.4     6.7     5.9     6.6     5.4     7.2     7.8     6.5     8.3     8.5     8.3     6.4     4.7     3.6     4.1     4.9     3.5     1.7     1.6     1.6     1.6     2.5     5.5     6.3     3.0     2.7     3.3     4.3     5.2     5.2     5.5     6.8     8.3     8.6    10.3    12.8    14.8    15.7    16.1    16.4    16.8    18.7    23.9    29.5    33.9    36.9    42.1    49.1 -9999.0 -9999.0 -9999.0 -9999.0 -9999.0 -9999.0 -9999.0 -9999.0 -9999.0 -9999.0 -9999.0 -9999.0 -9999.0 -9999.0 -9999.0 -9999.0 -9999.0 -9999.0 -9999.0 -9999.0 -9999.0 -9999.0 -9999.0 -9999.0 -9999.0 -9999.0 -9999.0 -9999.0 -9999.0
 -9999.0 -9999.0 -9999.0 -9999.0 -9999.0 -9999.0 -9999.0 -9999.0 -9999.0 -9999.0 -9999.0 -9999.0     2.2     1.7     0.8     0.4     0.2     0.1     0.0     0.0     0.0     0.0     0.0     0.0     0.0     0.0     0.0     0.0     0.1     0.2     0.4     0.7     1.0     1.4     1.6     1.8     1.4     1.1     0.9     1.6     2.0     2.3     6.0     3.1     6.1     9.8    11.2     7.6     3.5     3.9     5.5     4.2    17.0    17.5    11.6     4.7     7.4     8.2     8.5     6.7     7.6     8.3     9.4     5.7     2.6     7.3     5.3     2.2     1.3     1.4     2.5     6.2     8.5    11.6    19.5     8.9    11.6     5.2     5.9     7.1     7.5     8.0     8.8    10.7    13.1    15.6    20.1    25.4    22.9    23.4    24.2    25.6    29.0    33.7    38.1    42.5    45.4    48.5    51.6    49.8 -9999.0 -9999.0 -9999.0 -9999.0 -9999.0 -9999.0 -9999.0 -9999.0 -9999.0 -9999.0 -9999.0 -9999.0 -9999.0 -9999.0 -9999.0 -9999.0 -9999.0 -9999.0 -9999.0 -9999.0 -9999.0 -9999.0 -9999.0 -9999.0 -9999.0 -9999.0 -9999.0 -9999.0
 -9999.0 -9999.0 -9999.0 -9999.0 -9999.0 -9999.0 -9999.0 -9999.0 -9999.0 -9999.0 -9999.0 -9999.0 -9999.0     2.4     1.1     0.4     0.1     0.1     0.0     0.0     0.0     0.0     0.0     0.0     0.0     0.0     0.0     0.0     0.0     0.1     0.1     0.2     0.4     0.6     0.8     1.2     1.0     0.4     0.6     1.0     2.0     5.8     8.7     8.5     5.7     6.5     9.4     3.6     8.9     7.6     3.5    11.4     9.5     4.7    12.1    11.3     5.4     5.8     8.1    11.2    10.4    13.3    10.1     6.5     9.5     7.6     4.6     2.1     1.8     4.2     7.0     9.8    14.3    10.3    12.3     8.9     9.2     8.8     8.4     9.0     9.2     9.9    11.3    12.5    14.7    17.8    21.7    31.7    28.0    25.8    27.4    30.7    35.5    39.3    40.7    41.6    46.1    47.3    46.6 -9999.0 -9999.0 -9999.0 -9999.0 -9999.0 -9999.0 -9999.0 -9999.0 -9999.0 -9999.0 -9999.0 -9999.0 -9999.0 -9999.0 -9999.0 -9999.0 -9999.0 -9999.0 -9999.0 -9999.0 -9999.0 -9999.0 -9999.0 -9999.0 -9999.0 -9999.0 -9999.0 -9999.0 -9999.0
 -9999.0 -9999.0 -9999.0 -9999.0 -9999.0 -9999.0 -9999.0 -9999.0 -9999.0 -9999.0 -9999.0 -9999.0 -9999.0     2.4     1.2     0.5     0.2     0.1     0.0     0.0     0.0     0.0     0.0     0.0     0.0     0.0     0.0     0.0     0.0     0.0     0.0     0.0     0.1     0.1     0.3     0.3     0.1     0.1     0.5     2.7     3.0     5.3     7.3     8.4    13.3     8.6     8.4     4.1     5.3     5.2     9.0     2.3     8.8    12.9    14.1     9.7     5.2     5.6     8.7     6.2    11.7    11.0    14.6    14.0    10.2     7.0     4.7     3.8     5.6     9.7    13.9    16.1    16.9    17.5    17.2    17.4    16.8    12.8    12.2    11.3    11.5    12.7    14.3    15.9    17.9    20.4    22.2    23.5    25.5    25.2    27.2    32.6    34.9    34.8    35.1    36.9    40.6    41.7    40.4 -9999.0 -9999.0 -9999.0 -9999.0 -9999.0 -9999.0 -9999.0 -9999.0 -9999.0 -9999.0 -9999.0 -9999.0 -9999.0 -9999.0 -9999.0 -9999.0 -9999.0 -9999.0 -9999.0 -9999.0 -9999.0 -9999.0 -9999.0 -9999.0 -9999.0 -9999.0 -9999.0 -9999.0 -9999.0
 -9999.0 -9999.0 -9999.0 -9999.0 -9999.0 -9999.0 -9999.0 -9999.0 -9999.0 -9999.0 -9999.0 -9999.0 -9999.0 -9999.0 -9999.0     0.8     0.4     0.2     0.1     0.1     0.0     0.0     0.0     0.0     0.0     0.0     0.0     0.0     0.0     0.0     0.0     0.0     0.0     0.0     0.0     0.1     0.3     0.0     0.3     1.5     3.9     6.3     7.5     7.4     4.5     3.4     6.2     2.2     5.3     0.6     3.6    13.8     6.1     6.9     0.7     5.5     5.2     0.6     9.3    12.1    11.5    12.5    16.0    14.5     9.8     6.6     5.6     7.1    12.4    19.8    22.3    19.7    21.7    22.3    20.9    25.1    21.4    20.1    14.0    14.4    14.8    16.8    18.9    20.3    21.9    24.0    24.3    24.5    26.1    26.4    26.4    27.4    28.0    26.2    28.1    34.2    37.3 -9999.0    37.1 -9999.0 -9999.0 -9999.0 -9999.0 -9999.0 -9999.0 -9999.0 -9999.0 -9999.0 -9999.0 -9999.0 -9999.0 -9999.0 -9999.0 -9999.0 -9999.0 -9999.0 -9999.0 -9999.0 -9999.0 -9999.0 -9999.0 -9999.0 -9999.0 -9999.0 -9999.0 -9999.0 -9999.0 -9999.0
 -9999.0 -9999.0 -9999.0 -9999.0 -9999.0 -9999.0 -9999.0 -9999.0 -9999.0 -9999.0 -9999.0 -9999.0 -9999.0 -9999.0 -9999.0 -9999.0 -9999.0    13.7     2.7 -9999.0     1.1     0.1     0.4     0.3     0.1     0.1     0.0     0.0     0.0     0.0     0.0     0.0     0.0     0.0     0.0     0.0     0.1     0.1     0.4     1.7     3.3     5.4     5.6     4.7     2.0     2.2     3.6     7.6     1.5     3.5     0.1     2.0     0.1     5.8     6.4     5.7     1.9     6.9     8.4    11.8     5.1     8.8    13.3    14.0    11.3     8.2     7.1    11.3    21.3    30.7    28.4    25.6    25.2    20.4    24.9    29.3    24.7    20.0    18.9    19.3    19.7    21.5    23.3    23.7    24.5    25.1    24.1    23.4    25.6    27.1    26.1    26.2    28.6    28.8    29.0    31.1    37.8    35.4    32.2    31.7    30.2 -9999.0 -9999.0 -9999.0 -9999.0 -9999.0 -9999.0 -9999.0 -9999.0 -9999.0 -9999.0 -9999.0 -9999.0 -9999.0 -9999.0 -9999.0 -9999.0 -9999.0 -9999.0 -9999.0 -9999.0 -9999.0 -9999.0 -9999.0 -9999.0 -9999.0 -9999.0 -9999.0
 -9999.0 -9999.0 -9999.0 -9999.0 -9999.0 -9999.0 -9999.0 -9999.0 -9999.0 -9999.0 -9999.0 -9999.0 -9999.0 -9999.0 -9999.0 -9999.0 -9999.0 -9999.0 -9999.0 -9999.0 -9999.0     1.5     0.8     0.3     0.4     1.2     0.6     0.2     0.0     0.0     0.0     0.0     0.0     0.0     0.1     0.0     0.0     0.1     1.1     2.6     2.2     3.5     4.1     3.2     0.9     1.6     6.3     0.7     7.2    33.3     1.9    12.6    11.1     1.2     3.1     6.3     6.0     3.6    12.7    11.4     2.7     8.7    11.7    16.3    15.1    11.8     9.5    14.9    26.1    36.0    31.9    25.1    21.1    16.1    19.3    23.6    22.6    20.8    24.4    25.4    24.6    24.4    25.0    25.1    25.9    24.3    21.4    19.4    21.9    25.9    28.4    32.1    32.2    33.6    35.9    37.1    35.6    32.6    30.3    32.6 -9999.0 -9999.0 -9999.0 -9999.0 -9999.0 -9999.0 -9999.0 -9999.0 -9999.0 -9999.0 -9999.0 -9999.0 -9999.0 -9999.0 -9999.0 -9999.0 -9999.0 -9999.0 -9999.0 -9999.0 -9999.0 -9999.0 -9999.0 -9999.0 -9999.0 -9999.0 -9999.0 -9999.0
 -9999.0 -9999.0 -9999.0 -9999.0 -9999.0 -9999.0 -9999.0 -9999.0 -9999.0 -9999.0 -9999.0 -9999.0 -9999.0 -9999.0 -9999.0 -9999.0 -9999.0 -9999.0 -9999.0 -9999.0 -9999.0 -9999.0 -9999.0    12.5     3.3     3.2     2.3     0.9     0.1     0.1     0.0     0.0     0.0     0.0     0.1     0.1     0.2     0.3     0.7     1.4     1.6     2.2     0.7     0.1     0.2     9.8     0.4     0.2     0.2     0.3     0.1     5.9     0.9     2.8     1.7     0.1     4.0     8.5     2.8    11.1     8.7    16.6    21.1    18.5    20.7    18.7    15.7    19.1    28.1    31.0    26.9    22.2    18.2    21.1    18.9    22.5    27.9    27.9    30.1    31.1    27.9    24.5    24.3    25.9    26.9    28.4    21.3    18.3    21.4    28.2    34.3    37.9    42.7    40.8    41.3    40.1    36.7    33.6    33.9 -9999.0 -9999.0 -9999.0 -9999.0 -9999.0 -9999.0 -9999.0 -9999.0 -9999.0 -9999.0 -9999.0 -9999.0 -9999.0 -9999.0 -9999.0 -9999.0 -9999.0 -9999.0 -9999.0 -9999.0 -9999.0 -9999.0 -9999.0 -9999.0 -9999.0 -9999.0 -9999.0 -9999.0 -9999.0
 -9999.0 -9999.0 -9999.0 -9999.0 -9999.0 -9999.0 -9999.0 -9999.0 -9999.0 -9999.0 -9999.0 -9999.0 -9999.0 -9999.0 -9999.0 -9999.0 -9999.0 -9999.0 -9999.0 -9999.0 -9999.0 -9999.0 -9999.0 -9999.0 -9999.0    35.3    12.0     0.5     0.3     0.1     0.1     0.3     0.5     0.4     1.0     0.5     0.7     0.8     1.0     0.9     1.2     0.2     0.1     0.0     3.2    10.9     3.0    20.2     0.1     0.1     3.6     2.0     6.3     6.2     1.5     1.2     4.2     3.0     8.8     9.9    12.2    15.7    17.9    12.7    18.0    22.3    23.7    27.8    29.0    27.9    22.3    19.9    16.1    25.7    30.4    27.6    28.6    34.3    43.5    36.4    31.1    26.7    25.5    27.6    29.7    29.5    26.5    24.2    27.7    34.0    39.9    43.5    44.7    45.6    44.7    42.3    39.7    39.2 -9999.0 -9999.0 -9999.0 -9999.0 -9999.0 -9999.0 -9999.0 -9999.0 -9999.0 -9999.0 -9999.0 -9999.0 -9999.0 -9999.0 -9999.0 -9999.0 -9999.0 -9999.0 -9999.0 -9999.0 -9999.0 -9999.0 -9999.0 -9999.0 -9999.0 -9999.0 -9999.0 -9999.0 -9999.0 -9999.0
 -9999.0 -9999.0 -9999.0 -9999.0 -9999.0 -9999.0 -9999.0 -9999.0 -9999.0 -9999.0 -9999.0 -9999.0 -9999.0 -9999.0 -9999.0 -9999.0 -9999.0 -9999.0 -9999.0 -9999.0 -9999.0 -9999.0 -9999.0 -9999.0 -9999.0 -9999.0 -9999.0    50.8    44.0    10.3     6.3     4.9     0.7     5.7     2.0     9.4     2.3     1.8     1.7     0.6     0.3     0.0     0.1     3.7     5.4    10.8    18.9    23.5    27.3     3.1    21.4    24.7     2.0     2.6     2.4     4.5     0.9     0.8     6.4     4.8     3.8    12.4     6.4     8.8    13.3    17.6    23.9    25.7    26.1    24.1    21.4    24.5    20.0    28.5    29.2    30.6    43.2    42.4    35.6    36.0    35.4    30.4    29.8    31.5    32.3    32.7    32.2    33.0    35.0    37.9    40.4    47.4    44.3    46.7    47.7    45.0    43.0 -9999.0 -9999.0 -9999.0 -9999.0 -9999.0 -9999.0 -9999.0 -9999.0 -9999.0 -9999.0 -9999.0 -9999.0 -9999.0 -9999.0 -9999.0 -9999.0 -9999.0 -9999.0 -9999.0 -9999.0 -9999.0 -9999.0 -9999.0 -9999.0 -9999.0 -9999.0 -9999.0 -9999.0 -9999.0 -9999.0 -9999.0
 -9999.0 -9999.0 -9999.0 -9999.0 -9999.0 -9999.0 -9999.0 -9999.0 -9999.0 -9999.0 -9999.0 -9999.0 -9999.0 -9999.0 -9999.0 -9999.0 -9999.0 -9999.0 -9999.0 -9999.0 -9999.0 -9999.0 -9999.0 -9999.0 -9999.0 -9999.0 -9999.0 -9999.0 -9999.0 -9999.0 -9999.0 -9999.0 -9999.0    19.7     6.0 -9999.0 -9999.0 -9999.0     4.6     0.5     0.3     0.4     0.0     5.6    11.0    12.4 -9999.0 -9999.0 -9999.0 -9999.0 -9999.0 -9999.0     4.2     3.1     0.7     0.1     0.2     0.3     1.1     2.4     4.8     9.3     6.3     6.4     8.1    12.7    18.4    23.1    25.6    23.2    20.6    24.7    27.6    25.1    37.6    35.0    48.7    34.5    34.0    35.8    35.8    35.0    35.4    34.6    33.1    33.1    34.1    35.7    38.0    37.7    41.1    43.1    42.6    44.5    46.0    43.0    43.2 -9999.0 -9999.0 -9999.0 -9999.0 -9999.0 -9999.0 -9999.0 -9999.0 -9999.0 -9999.0 -9999.0 -9999.0 -9999.0 -9999.0 -9999.0 -9999.0 -9999.0 -9999.0 -9999.0 -9999.0 -9999.0 -9999.0 -9999.0 -9999.0 -9999.0 -9999.0 -9999.0 -9999.0 -9999.0 -9999.0 -9999.0
 -9999.0 -9999.0 -9999.0 -9999.0 -9999.0 -9999.0 -9999.0 -9999.0 -9999.0 -9999.0 -9999.0 -9999.0 -9999.0 -9999.0 -9999.0 -9999.0 -9999.0 -9999.0 -9999.0 -9999.0 -9999.0 -9999.0 -9999.0 -9999.0 -9999.0 -9999.0 -9999.0 -9999.0 -9999.0 -9999.0 -9999.0 -9999.0 -9999.0 -9999.0 -9999.0 -9999.0 -9999.0 -9999.0 -9999.0    17.6    13.0    10.8     9.7     8.9 -9999.0 -9999.0 -9999.0 -9999.0 -9999.0 -9999.0 -9999.0 -9999.0     1.3     2.6     0.4     0.0     0.1     0.4     1.6     2.9     4.2     6.9     8.6     6.4     9.1    11.7    15.4    17.1    19.3    23.2    24.1    23.6    21.2    28.2    30.5    38.3    40.2    32.2    39.0    31.1    35.1    37.0    37.9    35.0    31.6    31.6    32.8    35.3    35.2    38.0    39.4    39.3    39.2    41.8    41.3    36.7 -9999.0 -9999.0 -9999.0 -9999.0 -9999.0 -9999.0 -9999.0 -9999.0 -9999.0 -9999.0 -9999.0 -9999.0 -9999.0 -9999.0 -9999.0 -9999.0 -9999.0 -9999.0 -9999.0 -9999.0 -9999.0 -9999.0 -9999.0 -9999.0 -9999.0 -9999.0 -9999.0 -9999.0 -9999.0 -9999.0 -9999.0 -9999.0
 -9999.0 -9999.0 -9999.0 -9999.0 -9999.0 -9999.0 -9999.0 -9999.0 -9999.0 -9999.0 -9999.0 -9999.0 -9999.0 -9999.0 -9999.0 -9999.0 -9999.0 -9999.0 -9999.0 -9999.0 -9999.0 -9999.0 -9999.0 -9999.0 -9999.0 -9999.0 -9999.0 -9999.0 -9999.0 -9999.0 -9999.0 -9999.0 -9999.0 -9999.0 -9999.0 -9999.0 -9999.0 -9999.0 -9999.0 -9999.0 -9999.0 -9999.0 -9999.0 -9999.0 -9999.0 -9999.0 -9999.0 -9999.0 -9999.0 -9999.0 -9999.0 -9999.0     8.1     2.2     0.4     1.3     0.6     1.0     1.9     2.9     3.7     5.6    18.8     8.5    10.8    12.2    12.9    11.7    12.4    15.4    18.0    20.3    30.2    26.6    32.3    33.7    38.7    30.8    26.8    28.8    34.3    37.5    37.3    32.9    29.2    29.7    33.2    36.1    36.6    39.7    40.3    40.3    33.0    35.0    30.7 -9999.0 -9999.0 -9999.0 -9999.0 -9999.0 -9999.0 -9999.0 -9999.0 -9999.0 -9999.0 -9999.0 -9999.0 -9999.0 -9999.0 -9999.0 -9999.0 -9999.0 -9999.0 -9999.0 -9999.0 -9999.0 -9999.0 -9999.0 -9999.0 -9999.0 -9999.0 -9999.0 -9999.0 -9999.0 -9999.0 -9999.0 -9999.0 -9999.0
 -9999.0 -9999.0 -9999.0 -9999.0 -9999.0 -9999.0 -9999.0 -9999.0 -9999.0 -9999.0 -9999.0 -9999.0 -9999.0 -9999.0 -9999.0 -9999.0 -9999.0 -9999.0 -9999.0 -9999.0 -9999.0 -9999.0 -9999.0 -9999.0 -9999.0 -9999.0 -9999.0 -9999.0 -9999.0 -9999.0 -9999.0 -9999.0 -9999.0 -9999.0 -9999.0 -9999.0 -9999.0 -9999.0 -9999.0 -9999.0 -9999.0 -9999.0 -9999.0 -9999.0 -9999.0 -9999.0 -9999.0 -9999.0 -9999.0 -9999.0 -9999.0     2.6     0.6     1.5     1.1     2.4     3.2     3.7     3.4     2.2     7.2     8.8     7.0     9.5    12.1    14.1    11.4     7.2     7.9     8.4    11.0    14.8    16.3    19.1    25.0    26.9    34.7    24.1    34.8    34.5    30.6    32.7    41.2    29.3    27.7    29.6    33.3    38.3    39.5    38.8    38.5    30.7    25.6    20.4    19.5 -9999.0 -9999.0 -9999.0 -9999.0 -9999.0 -9999.0 -9999.0 -9999.0 -9999.0 -9999.0 -9999.0 -9999.0 -9999.0 -9999.0 -9999.0 -9999.0 -9999.0 -9999.0 -9999.0 -9999.0 -9999.0 -9999.0 -9999.0 -9999.0 -9999.0 -9999.0 -9999.0 -9999.0 -9999.0 -9999.0 -9999.0 -9999.0 -9999.0
 -9999.0 -9999.0 -9999.0 -9999.0 -9999.0 -9999.0 -9999.0 -9999.0 -9999.0 -9999.0 -9999.0 -9999.0 -9999.0 -9999.0 -9999.0 -9999.0 -9999.0 -9999.0 -9999.0 -9999.0 -9999.0 -9999.0 -9999.0 -9999.0 -9999.0 -9999.0 -9999.0 -9999.0 -9999.0 -9999.0 -9999.0 -9999.0 -9999.0 -9999.0 -9999.0 -9999.0 -9999.0 -9999.0 -9999.0 -9999.0 -9999.0 -9999.0 -9999.0 -9999.0 -9999.0 -9999.0 -9999.0 -9999.0 -9999.0 -9999.0     3.6     0.5     1.0     2.8     4.4     7.7     8.3     7.5     6.7     7.4     6.3    12.7     9.1    12.1    13.5    13.5    11.2     6.8     7.1     5.9     8.4     9.7    11.5    14.9    20.1    26.6    17.7    38.5    29.1    35.0    35.3    29.2    27.7    25.1    24.4    26.3    28.9    31.0    29.5    28.5    25.3    22.5    12.4    10.4     9.8 -9999.0 -9999.0 -9999.0 -9999.0 -9999.0 -9999.0 -9999.0 -9999.0 -9999.0 -9999.0 -9999.0 -9999.0 -9999.0 -9999.0 -9999.0 -9999.0 -9999.0 -9999.0 -9999.0 -9999.0 -9999.0 -9999.0 -9999.0 -9999.0 -9999.0 -9999.0 -9999.0 -9999.0 -9999.0 -9999.0 -9999.0 -9999.0 -9999.0
 -9999.0 -9999.0 -9999.0 -9999.0 -9999.0 -9999.0 -9999.0 -9999.0 -9999.0 -9999.0 -9999.0 -9999.0 -9999.0 -9999.0 -9999.0 -9999.0 -9999.0 -9999.0 -9999.0 -9999.0 -9999.0 -9999.0 -9999.0 -9999.0 -9999.0 -9999.0 -9999.0 -9999.0 -9999.0 -9999.0 -9999.0 -9999.0 -9999.0 -9999.0 -9999.0 -9999.0 -9999.0 -9999.0 -9999.0 -9999.0 -9999.0 -9999.0 -9999.0 -9999.0 -9999.0 -9999.0 -9999.0 -9999.0 -9999.0 -9999.0     1.8     1.3     2.8     5.9    10.7    14.2    12.4    16.5    13.6    10.3     8.5    10.1     7.8    11.1    13.1     9.5     8.8     6.9     7.0     7.1     8.3     9.4     9.7     9.9    12.2    15.4    24.9    24.4    30.4    40.1    33.0    32.9    25.2    21.4    19.9    19.7    20.7    20.4    17.8    14.2    13.0     6.9     4.6     3.6 -9999.0 -9999.0 -9999.0 -9999.0 -9999.0 -9999.0 -9999.0 -9999.0 -9999.0 -9999.0 -9999.0 -9999.0 -9999.0 -9999.0 -9999.0 -9999.0 -9999.0 -9999.0 -9999.0 -9999.0 -9999.0 -9999.0 -9999.0 -9999.0 -9999.0 -9999.0 -9999.0 -9999.0 -9999.0 -9999.0 -9999.0 -9999.0 -9999.0 -9999.0
 -9999.0 -9999.0 -9999.0 -9999.0 -9999.0 -9999.0 -9999.0 -9999.0 -9999.0 -9999.0 -9999.0 -9999.0 -9999.0 -9999.0 -9999.0 -9999.0 -9999.0 -9999.0 -9999.0 -9999.0 -9999.0 -9999.0 -9999.0 -9999.0 -9999.0 -9999.0 -9999.0 -9999.0 -9999.0 -9999.0 -9999.0 -9999.0 -9999.0 -9999.0 -9999.0 -9999.0 -9999.0 -9999.0 -9999.0 -9999.0 -9999.0 -9999.0 -9999.0 -9999.0 -9999.0 -9999.0 -9999.0 -9999.0 -9999.0 -9999.0     1.7     1.7     3.3    12.4     9.8    12.6    24.1    21.2    19.8    12.2    12.6    13.5    10.4     6.7    10.3     9.7     7.9     7.2     7.6     8.6     9.2    10.8     9.5    11.2    12.6    16.7    28.7    23.3    30.4    30.0    36.2    26.7    21.3    16.9    14.3    12.3    12.3    11.8    10.2     7.3     5.4     2.1 -9999.0 -9999.0 -9999.0 -9999.0 -9999.0 -9999.0 -9999.0 -9999.0 -9999.0 -9999.0 -9999.0 -9999.0 -9999.0 -9999.0 -9999.0 -9999.0 -9999.0 -9999.0 -9999.0 -9999.0 -9999.0 -9999.0 -9999.0 -9999.0 -9999.0 -9999.0 -9999.0 -9999.0 -9999.0 -9999.0 -9999.0 -9999.0 -9999.0 -9999.0 -9999.0 -9999.0
 -9999.0 -9999.0 -9999.0 -9999.0 -9999.0 -9999.0 -9999.0 -9999.0 -9999.0 -9999.0 -9999.0 -9999.0 -9999.0 -9999.0 -9999.0 -9999.0 -9999.0 -9999.0 -9999.0 -9999.0 -9999.0 -9999.0 -9999.0 -9999.0 -9999.0 -9999.0 -9999.0 -9999.0 -9999.0 -9999.0 -9999.0 -9999.0 -9999.0 -9999.0 -9999.0 -9999.0 -9999.0 -9999.0 -9999.0 -9999.0 -9999.0 -9999.0 -9999.0 -9999.0 -9999.0 -9999.0 -9999.0 -9999.0 -9999.0 -9999.0     1.7     4.8     5.9    10.5    12.4    20.2     7.1    17.5    16.1     6.5    10.2     7.6     1.3     5.1     9.0     9.3     9.4     7.0     7.1     8.1     8.2     9.1    10.5    12.9    14.8    18.9    25.4    21.9    28.7    23.9    23.7    22.3    15.6    11.2     7.2     5.7     5.6     5.2     4.6     3.0     1.1 -9999.0 -9999.0 -9999.0 -9999.0 -9999.0 -9999.0 -9999.0 -9999.0 -9999.0 -9999.0 -9999.0 -9999.0 -9999.0 -9999.0 -9999.0 -9999.0 -9999.0 -9999.0 -9999.0 -9999.0 -9999.0 -9999.0 -9999.0 -9999.0 -9999.0 -9999.0 -9999.0 -9999.0 -9999.0 -9999.0 -9999.0 -9999.0 -9999.0 -9999.0 -9999.0 -9999.0 -9999.0
 -9999.0 -9999.0 -9999.0 -9999.0 -9999.0 -9999.0 -9999.0 -9999.0 -9999.0 -9999.0 -9999.0 -9999.0 -9999.0 -9999.0 -9999.0 -9999.0 -9999.0 -9999.0 -9999.0 -9999.0 -9999.0 -9999.0 -9999.0 -9999.0 -9999.0 -9999.0 -9999.0 -9999.0 -9999.0 -9999.0 -9999.0 -9999.0 -9999.0 -9999.0 -9999.0 -9999.0 -9999.0 -9999.0 -9999.0 -9999.0 -9999.0 -9999.0 -9999.0 -9999.0 -9999.0 -9999.0 -9999.0 -9999.0 -9999.0 -9999.0 -9999.0 -9999.0 -9999.0     8.2     7.0     6.0     9.1    13.5     5.2     3.9    22.8     2.4    13.7     6.6     7.6     7.3     8.5     5.1     4.9     5.0     5.9     7.9    10.6    12.7    14.9    17.7    21.5    20.7    19.5    18.0    16.7    13.0     9.5     5.7     2.9     1.6     1.1     1.1     0.8     0.4 -9999.0 -9999.0 -9999.0 -9999.0 -9999.0 -9999.0 -9999.0 -9999.0 -9999.0 -9999.0 -9999.0 -9999.0 -9999.0 -9999.0 -9999.0 -9999.0 -9999.0 -9999.0 -9999.0 -9999.0 -9999.0 -9999.0 -9999.0 -9999.0 -9999.0 -9999.0 -9999.0 -9999.0 -9999.0 -9999.0 -9999.0 -9999.0 -9999.0 -9999.0 -9999.0 -9999.0 -9999.0 -9999.0
 -9999.0 -9999.0 -9999.0 -9999.0 -9999.0 -9999.0 -9999.0 -9999.0 -9999.0 -9999.0 -9999.0 -9999.0 -9999.0 -9999.0 -9999.0 -9999.0 -9999.0 -9999.0 -9999.0 -9999.0 -9999.0 -9999.0 -9999.0 -9999.0 -9999.0 -9999.0 -9999.0 -9999.0 -9999.0 -9999.0 -9999.0 -9999.0 -9999.0 -9999.0 -9999.0 -9999.0 -9999.0 -9999.0 -9999.0 -9999.0 -9999.0 -9999.0 -9999.0 -9999.0 -9999.0 -9999.0 -9999.0 -9999.0 -9999.0 -9999.0 -9999.0 -9999.0 -9999.0    13.0     9.2    21.6     7.4     5.9     8.3    16.1     8.4     8.5    18.5     9.2     7.9     6.6     5.5     5.2     4.1     3.8     4.3     6.3     8.9    10.7    12.9    19.7    22.4    23.5    19.7    15.8    11.5     8.2     5.0 -9999.0     0.6     0.1 -9999.0 -9999.0 -9999.0 -9999.0 -9999.0 -9999.0 -9999.0 -9999.0 -9999.0 -9999.0 -9999.0 -9999.0 -9999.0 -9999.0 -9999.0 -9999.0 -9999.0 -9999.0 -9999.0 -9999.0 -9999.0 -9999.0 -9999.0 -9999.0 -9999.0 -9999.0 -9999.0 -9999.0 -9999.0 -9999.0 -9999.0 -9999.0 -9999.0 -9999.0 -9999.0 -9999.0 -9999.0 -9999.0 -9999.0 -9999.0 -9999.0 -9999.0
 -9999.0 -9999.0 -9999.0 -9999.0 -9999.0 -9999.0 -9999.0 -9999.0 -9999.0 -9999.0 -9999.0 -9999.0 -9999.0 -9999.0 -9999.0 -9999.0 -9999.0 -9999.0 -9999.0 -9999.0 -9999.0 -9999.0 -9999.0 -9999.0 -9999.0 -9999.0 -9999.0 -9999.0 -9999.0 -9999.0 -9999.0 -9999.0 -9999.0 -9999.0 -9999.0 -9999.0 -9999.0 -9999.0 -9999.0 -9999.0 -9999.0 -9999.0 -9999.0 -9999.0 -9999.0 -9999.0 -9999.0 -9999.0 -9999.0 -9999.0 -9999.0 -9999.0 -9999.0    19.1    10.8    15.3    10.1     7.4    10.2    12.0    18.2    19.1    26.9    24.1    10.4 -9999.0 -9999.0 -9999.0     4.0     3.8     3.7     4.3     5.6     7.2    11.3    19.4    22.8    21.9    26.4    16.6    10.1     5.1     2.5 -9999.0 -9999.0 -9999.0 -9999.0 -9999.0 -9999.0 -9999.0 -9999.0 -9999.0 -9999.0 -9999.0 -9999.0 -9999.0 -9999.0 -9999.0 -9999.0 -9999.0 -9999.0 -9999.0 -9999.0 -9999.0 -9999.0 -9999.0 -9999.0 -9999.0 -9999.0 -9999.0 -9999.0 -9999.0 -9999.0 -9999.0 -9999.0 -9999.0 -9999.0 -9999.0 -9999.0 -9999.0 -9999.0 -9999.0 -9999.0 -9999.0 -9999.0 -9999.0 -9999.0 -9999.0
 -9999.0 -9999.0 -9999.0 -9999.0 -9999.0 -9999.0 -9999.0 -9999.0 -9999.0 -9999.0 -9999.0 -9999.0 -9999.0 -9999.0 -9999.0 -9999.0 -9999.0 -9999.0 -9999.0 -9999.0 -9999.0 -9999.0 -9999.0 -9999.0 -9999.0 -9999.0 -9999.0 -9999.0 -9999.0 -9999.0 -9999.0 -9999.0 -9999.0 -9999.0 -9999.0 -9999.0 -9999.0 -9999.0 -9999.0 -9999.0 -9999.0 -9999.0 -9999.0 -9999.0 -9999.0 -9999.0 -9999.0 -9999.0 -9999.0 -9999.0 -9999.0 -9999.0 -9999.0 -9999.0    20.7    15.4     7.5     6.3    12.3    20.3    15.8 -9999.0 -9999.0 -9999.0 -9999.0 -9999.0 -9999.0 -9999.0     4.2     3.3     2.7     2.9     3.3     4.7     8.7    14.6    18.0    18.0    17.5 -9999.0     8.9 -9999.0 -9999.0 -9999.0 -9999.0 -9999.0 -9999.0 -9999.0 -9999.0 -9999.0 -9999.0 -9999.0 -9999.0 -9999.0 -9999.0 -9999.0 -9999.0 -9999.0 -9999.0 -9999.0 -9999.0 -9999.0 -9999.0 -9999.0 -9999.0 -9999.0 -9999.0 -9999.0 -9999.0 -9999.0 -9999.0 -9999.0 -9999.0 -9999.0 -9999.0 -9999.0 -9999.0 -9999.0 -9999.0 -9999.0 -9999.0 -9999.0 -9999.0 -9999.0 -9999.0 -9999.0 -9999.0 -9999.0
 -9999.0 -9999.0 -9999.0 -9999.0 -9999.0 -9999.0 -9999.0 -9999.0 -9999.0 -9999.0 -9999.0 -9999.0 -9999.0 -9999.0 -9999.0 -9999.0 -9999.0 -9999.0 -9999.0 -9999.0 -9999.0 -9999.0 -9999.0 -9999.0 -9999.0 -9999.0 -9999.0 -9999.0 -9999.0 -9999.0 -9999.0 -9999.0 -9999.0 -9999.0 -9999.0 -9999.0 -9999.0 -9999.0 -9999.0 -9999.0 -9999.0 -9999.0 -9999.0 -9999.0 -9999.0 -9999.0 -9999.0 -9999.0 -9999.0 -9999.0 -9999.0 -9999.0 -9999.0 -9999.0 -9999.0    15.5    19.4    10.6    10.4    16.4    18.8 -9999.0 -9999.0 -9999.0 -9999.0 -9999.0 -9999.0 -9999.0 -9999.0 -9999.0     1.8 -9999.0 -9999.0 -9999.0 -9999.0 -9999.0    13.1 -9999.0 -9999.0 -9999.0 -9999.0 -9999.0 -9999.0 -9999.0 -9999.0 -9999.0 -9999.0 -9999.0 -9999.0 -9999.0 -9999.0 -9999.0 -9999.0 -9999.0 -9999.0 -9999.0 -9999.0 -9999.0 -9999.0 -9999.0 -9999.0 -9999.0 -9999.0 -9999.0 -9999.0 -9999.0 -9999.0 -9999.0 -9999.0 -9999.0 -9999.0 -9999.0 -9999.0 -9999.0 -9999.0 -9999.0 -9999.0 -9999.0 -9999.0 -9999.0 -9999.0 -9999.0 -9999.0 -9999.0 -9999.0 -9999.0 -9999.0 -9999.0
 -9999.0 -9999.0 -9999.0 -9999.0 -9999.0 -9999.0 -9999.0 -9999.0 -9999.0 -9999.0 -9999.0 -9999.0 -9999.0 -9999.0 -9999.0 -9999.0 -9999.0 -9999.0 -9999.0 -9999.0 -9999.0 -9999.0 -9999.0 -9999.0 -9999.0 -9999.0 -9999.0 -9999.0 -9999.0 -9999.0 -9999.0 -9999.0 -9999.0 -9999.0 -9999.0 -9999.0 -9999.0 -9999.0 -9999.0 -9999.0 -9999.0 -9999.0 -9999.0 -9999.0 -9999.0 -9999.0 -9999.0 -9999.0 -9999.0 -9999.0 -9999.0 -9999.0 -9999.0 -9999.0 -9999.0 -9999.0 -9999.0 -9999.0    14.0    14.3 -9999.0 -9999.0 -9999.0 -9999.0 -9999.0 -9999.0 -9999.0 -9999.0 -9999.0 -9999.0 -9999.0 -9999.0 -9999.0 -9999.0 -9999.0     7.2     9.6 -9999.0 -9999.0 -9999.0 -9999.0 -9999.0 -9999.0 -9999.0 -9999.0 -9999.0 -9999.0 -9999.0 -9999.0 -9999.0 -9999.0 -9999.0 -9999.0 -9999.0 -9999.0 -9999.0 -9999.0 -9999.0 -9999.0 -9999.0 -9999.0 -9999.0 -9999.0 -9999.0 -9999.0 -9999.0 -9999.0 -9999.0 -9999.0 -9999.0 -9999.0 -9999.0 -9999.0 -9999.0 -9999.0 -9999.0 -9999.0 -9999.0 -9999.0 -9999.0 -9999.0 -9999.0 -9999.0 -9999.0 -9999.0 -9999.0 -9999.0 -9999.0
 -9999.0 -9999.0 -9999.0 -9999.0 -9999.0 -9999.0 -9999.0 -9999.0 -9999.0 -9999.0 -9999.0 -9999.0 -9999.0 -9999.0 -9999.0 -9999.0 -9999.0 -9999.0 -9999.0 -9999.0 -9999.0 -9999.0 -9999.0 -9999.0 -9999.0 -9999.0 -9999.0 -9999.0 -9999.0 -9999.0 -9999.0 -9999.0 -9999.0 -9999.0 -9999.0 -9999.0 -9999.0 -9999.0 -9999.0 -9999.0 -9999.0 -9999.0 -9999.0 -9999.0 -9999.0 -9999.0 -9999.0 -9999.0 -9999.0 -9999.0 -9999.0 -9999.0 -9999.0 -9999.0 -9999.0 -9999.0 -9999.0 -9999.0 -9999.0 -9999.0 -9999.0 -9999.0 -9999.0 -9999.0 -9999.0 -9999.0 -9999.0 -9999.0 -9999.0 -9999.0 -9999.0 -9999.0 -9999.0 -9999.0 -9999.0 -9999.0 -9999.0 -9999.0 -9999.0 -9999.0 -9999.0 -9999.0 -9999.0 -9999.0 -9999.0 -9999.0 -9999.0 -9999.0 -9999.0 -9999.0 -9999.0 -9999.0 -9999.0 -9999.0 -9999.0 -9999.0 -9999.0 -9999.0 -9999.0 -9999.0 -9999.0 -9999.0 -9999.0 -9999.0 -9999.0 -9999.0 -9999.0 -9999.0 -9999.0 -9999.0 -9999.0 -9999.0 -9999.0 -9999.0 -9999.0 -9999.0 -9999.0 -9999.0 -9999.0 -9999.0 -9999.0 -9999.0 -9999.0 -9999.0 -9999.0 -9999.0 -9999.0 -9999.0
 -9999.0 -9999.0 -9999.0 -9999.0 -9999.0 -9999.0 -9999.0 -9999.0 -9999.0 -9999.0 -9999.0 -9999.0 -9999.0 -9999.0 -9999.0 -9999.0 -9999.0 -9999.0 -9999.0 -9999.0 -9999.0 -9999.0 -9999.0 -9999.0 -9999.0 -9999.0 -9999.0 -9999.0 -9999.0 -9999.0 -9999.0 -9999.0 -9999.0 -9999.0 -9999.0 -9999.0 -9999.0 -9999.0 -9999.0 -9999.0 -9999.0 -9999.0 -9999.0 -9999.0 -9999.0 -9999.0 -9999.0 -9999.0 -9999.0 -9999.0 -9999.0 -9999.0 -9999.0 -9999.0 -9999.0 -9999.0 -9999.0 -9999.0 -9999.0 -9999.0 -9999.0 -9999.0 -9999.0 -9999.0 -9999.0 -9999.0 -9999.0 -9999.0 -9999.0 -9999.0 -9999.0 -9999.0 -9999.0 -9999.0 -9999.0     4.8     7.0     7.5 -9999.0 -9999.0 -9999.0 -9999.0 -9999.0 -9999.0 -9999.0 -9999.0 -9999.0 -9999.0 -9999.0 -9999.0 -9999.0 -9999.0 -9999.0 -9999.0 -9999.0 -9999.0 -9999.0 -9999.0 -9999.0 -9999.0 -9999.0 -9999.0 -9999.0 -9999.0 -9999.0 -9999.0 -9999.0 -9999.0 -9999.0 -9999.0 -9999.0 -9999.0 -9999.0 -9999.0 -9999.0 -9999.0 -9999.0 -9999.0 -9999.0 -9999.0 -9999.0 -9999.0 -9999.0 -9999.0 -9999.0 -9999.0 -9999.0 -9999.0
 -9999.0 -9999.0 -9999.0 -9999.0 -9999.0 -9999.0 -9999.0 -9999.0 -9999.0 -9999.0 -9999.0 -9999.0 -9999.0 -9999.0 -9999.0 -9999.0 -9999.0 -9999.0 -9999.0 -9999.0 -9999.0 -9999.0 -9999.0 -9999.0 -9999.0 -9999.0 -9999.0 -9999.0 -9999.0 -9999.0 -9999.0 -9999.0 -9999.0 -9999.0 -9999.0 -9999.0 -9999.0 -9999.0 -9999.0 -9999.0 -9999.0 -9999.0 -9999.0 -9999.0 -9999.0 -9999.0 -9999.0 -9999.0 -9999.0 -9999.0 -9999.0 -9999.0 -9999.0 -9999.0 -9999.0 -9999.0 -9999.0 -9999.0 -9999.0 -9999.0 -9999.0 -9999.0 -9999.0 -9999.0 -9999.0 -9999.0 -9999.0 -9999.0 -9999.0 -9999.0 -9999.0 -9999.0 -9999.0     0.8     2.3     5.5     6.8 -9999.0 -9999.0 -9999.0 -9999.0 -9999.0 -9999.0 -9999.0 -9999.0 -9999.0 -9999.0 -9999.0 -9999.0 -9999.0 -9999.0 -9999.0 -9999.0 -9999.0 -9999.0 -9999.0 -9999.0 -9999.0 -9999.0 -9999.0 -9999.0 -9999.0 -9999.0 -9999.0 -9999.0 -9999.0 -9999.0 -9999.0 -9999.0 -9999.0 -9999.0 -9999.0 -9999.0 -9999.0 -9999.0 -9999.0 -9999.0 -9999.0 -9999.0 -9999.0 -9999.0 -9999.0 -9999.0 -9999.0 -9999.0 -9999.0 -9999.0 -9999.0
 -9999.0 -9999.0 -9999.0 -9999.0 -9999.0 -9999.0 -9999.0 -9999.0 -9999.0 -9999.0 -9999.0 -9999.0 -9999.0 -9999.0 -9999.0 -9999.0 -9999.0 -9999.0 -9999.0 -9999.0 -9999.0 -9999.0 -9999.0 -9999.0 -9999.0 -9999.0 -9999.0 -9999.0 -9999.0 -9999.0 -9999.0 -9999.0 -9999.0 -9999.0 -9999.0 -9999.0 -9999.0 -9999.0 -9999.0 -9999.0 -9999.0 -9999.0 -9999.0 -9999.0 -9999.0 -9999.0 -9999.0 -9999.0 -9999.0 -9999.0 -9999.0 -9999.0 -9999.0 -9999.0 -9999.0 -9999.0 -9999.0 -9999.0 -9999.0 -9999.0 -9999.0 -9999.0 -9999.0 -9999.0 -9999.0 -9999.0 -9999.0 -9999.0 -9999.0 -9999.0 -9999.0 -9999.0 -9999.0 -9999.0     4.2     4.1     8.8 -9999.0 -9999.0 -9999.0 -9999.0 -9999.0 -9999.0 -9999.0 -9999.0 -9999.0 -9999.0 -9999.0 -9999.0 -9999.0 -9999.0 -9999.0 -9999.0 -9999.0 -9999.0 -9999.0 -9999.0 -9999.0 -9999.0 -9999.0 -9999.0 -9999.0 -9999.0 -9999.0 -9999.0 -9999.0 -9999.0 -9999.0 -9999.0 -9999.0 -9999.0 -9999.0 -9999.0 -9999.0 -9999.0 -9999.0 -9999.0 -9999.0 -9999.0 -9999.0 -9999.0 -9999.0 -9999.0 -9999.0 -9999.0 -9999.0 -9999.0 -9999.0
 -9999.0 -9999.0 -9999.0 -9999.0 -9999.0 -9999.0 -9999.0 -9999.0 -9999.0 -9999.0 -9999.0 -9999.0 -9999.0 -9999.0 -9999.0 -9999.0 -9999.0 -9999.0 -9999.0 -9999.0 -9999.0 -9999.0 -9999.0 -9999.0 -9999.0 -9999.0 -9999.0 -9999.0 -9999.0 -9999.0 -9999.0 -9999.0 -9999.0 -9999.0 -9999.0 -9999.0 -9999.0 -9999.0 -9999.0 -9999.0 -9999.0 -9999.0 -9999.0 -9999.0 -9999.0 -9999.0 -9999.0 -9999.0 -9999.0 -9999.0 -9999.0 -9999.0 -9999.0 -9999.0 -9999.0 -9999.0 -9999.0 -9999.0 -9999.0 -9999.0 -9999.0 -9999.0 -9999.0 -9999.0 -9999.0 -9999.0 -9999.0 -9999.0 -9999.0 -9999.0 -9999.0 -9999.0 -9999.0 -9999.0 -9999.0 -9999.0 -9999.0 -9999.0 -9999.0 -9999.0 -9999.0 -9999.0 -9999.0 -9999.0 -9999.0 -9999.0 -9999.0 -9999.0 -9999.0 -9999.0 -9999.0 -9999.0 -9999.0 -9999.0 -9999.0 -9999.0 -9999.0 -9999.0 -9999.0 -9999.0 -9999.0 -9999.0 -9999.0 -9999.0 -9999.0 -9999.0 -9999.0 -9999.0 -9999.0 -9999.0 -9999.0 -9999.0 -9999.0 -9999.0 -9999.0 -9999.0 -9999.0 -9999.0 -9999.0 -9999.0 -9999.0 -9999.0 -9999.0 -9999.0 -9999.0 -9999.0 -9999.0 -9999.0
