NCOLS      128
NROWS       72
XLLCORNER    72.000000000000    
YLLCORNER    18.000000000000    
CELLSIZE    0.50000000000000    
NODATA_VALUE   -9999.000    
 -9999.0 -9999.0 -9999.0 -9999.0 -9999.0 -9999.0 -9999.0 -9999.0 -9999.0 -9999.0 -9999.0 -9999.0 -9999.0 -9999.0 -9999.0 -9999.0 -9999.0 -9999.0 -9999.0 -9999.0 -9999.0 -9999.0 -9999.0 -9999.0 -9999.0 -9999.0 -9999.0 -9999.0 -9999.0 -9999.0 -9999.0 -9999.0 -9999.0 -9999.0 -9999.0 -9999.0 -9999.0 -9999.0 -9999.0 -9999.0 -9999.0 -9999.0 -9999.0 -9999.0 -9999.0 -9999.0 -9999.0 -9999.0 -9999.0 -9999.0 -9999.0 -9999.0 -9999.0 -9999.0 -9999.0 -9999.0 -9999.0 -9999.0 -9999.0 -9999.0 -9999.0 -9999.0 -9999.0 -9999.0 -9999.0 -9999.0 -9999.0 -9999.0 -9999.0 -9999.0 -9999.0 -9999.0 -9999.0 -9999.0 -9999.0 -9999.0 -9999.0 -9999.0 -9999.0 -9999.0 -9999.0 -9999.0 -9999.0 -9999.0 -9999.0 -9999.0 -9999.0 -9999.0 -9999.0 -9999.0 -9999.0 -9999.0 -9999.0 -9999.0 -9999.0 -9999.0 -9999.0     1.9     2.0     2.1     2.3     2.3     2.3     2.3     2.5 -9999.0 -9999.0 -9999.0 -9999.0 -9999.0 -9999.0 -9999.0 -9999.0 -9999.0 -9999.0 -9999.0 -9999.0 -9999.0 -9999.0 -9999.0 -9999.0 -9999.0 -9999.0 -9999.0 -9999.0 -9999.0 -9999.0 -9999.0
 -9999.0 -9999.0 -9999.0 -9999.0 -9999.0 -9999.0 -9999.0 -9999.0 -9999.0 -9999.0 -9999.0 -9999.0 -9999.0 -9999.0 -9999.0 -9999.0 -9999.0 -9999.0 -9999.0 -9999.0 -9999.0 -9999.0 -9999.0 -9999.0 -9999.0 -9999.0 -9999.0 -9999.0 -9999.0 -9999.0 -9999.0 -9999.0 -9999.0 -9999.0 -9999.0 -9999.0 -9999.0 -9999.0 -9999.0 -9999.0 -9999.0 -9999.0 -9999.0 -9999.0 -9999.0 -9999.0 -9999.0 -9999.0 -9999.0 -9999.0 -9999.0 -9999.0 -9999.0 -9999.0 -9999.0 -9999.0 -9999.0 -9999.0 -9999.0 -9999.0 -9999.0 -9999.0 -9999.0 -9999.0 -9999.0 -9999.0 -9999.0 -9999.0 -9999.0 -9999.0 -9999.0 -9999.0 -9999.0 -9999.0 -9999.0 -9999.0 -9999.0 -9999.0 -9999.0 -9999.0 -9999.0 -9999.0 -9999.0 -9999.0 -9999.0 -9999.0 -9999.0 -9999.0 -9999.0 -9999.0 -9999.0 -9999.0 -9999.0 -9999.0 -9999.0 -9999.0     1.6     1.9     2.3     2.3     2.5     2.5     2.3     2.2     2.2     2.2     2.3     2.6     3.0 -9999.0 -9999.0 -9999.0 -9999.0 -9999.0 -9999.0 -9999.0 -9999.0 -9999.0 -9999.0 -9999.0 -9999.0 -9999.0 -9999.0 -9999.0 -9999.0 -9999.0 -9999.0 -9999.0
 -9999.0 -9999.0 -9999.0 -9999.0 -9999.0 -9999.0 -9999.0 -9999.0 -9999.0 -9999.0 -9999.0 -9999.0 -9999.0 -9999.0 -9999.0 -9999.0 -9999.0 -9999.0 -9999.0 -9999.0 -9999.0 -9999.0 -9999.0 -9999.0 -9999.0 -9999.0 -9999.0 -9999.0 -9999.0 -9999.0 -9999.0 -9999.0 -9999.0 -9999.0 -9999.0 -9999.0 -9999.0 -9999.0 -9999.0 -9999.0 -9999.0 -9999.0 -9999.0 -9999.0 -9999.0 -9999.0 -9999.0 -9999.0 -9999.0 -9999.0 -9999.0 -9999.0 -9999.0 -9999.0 -9999.0 -9999.0 -9999.0 -9999.0 -9999.0 -9999.0 -9999.0 -9999.0 -9999.0 -9999.0 -9999.0 -9999.0 -9999.0 -9999.0 -9999.0 -9999.0 -9999.0 -9999.0 -9999.0 -9999.0 -9999.0 -9999.0 -9999.0 -9999.0 -9999.0 -9999.0 -9999.0 -9999.0 -9999.0 -9999.0 -9999.0 -9999.0 -9999.0 -9999.0 -9999.0 -9999.0 -9999.0 -9999.0 -9999.0 -9999.0 -9999.0     1.6     1.9     2.2     2.5     2.4     2.5     2.6     2.5     2.3     2.2     2.4     2.3     2.6     2.9 -9999.0 -9999.0 -9999.0 -9999.0 -9999.0 -9999.0 -9999.0 -9999.0 -9999.0 -9999.0 -9999.0 -9999.0 -9999.0 -9999.0 -9999.0 -9999.0 -9999.0 -9999.0 -9999.0
 -9999.0 -9999.0 -9999.0 -9999.0 -9999.0 -9999.0 -9999.0 -9999.0 -9999.0 -9999.0 -9999.0 -9999.0 -9999.0 -9999.0 -9999.0 -9999.0 -9999.0 -9999.0 -9999.0 -9999.0 -9999.0 -9999.0 -9999.0 -9999.0 -9999.0 -9999.0 -9999.0 -9999.0 -9999.0 -9999.0 -9999.0 -9999.0 -9999.0 -9999.0 -9999.0 -9999.0 -9999.0 -9999.0 -9999.0 -9999.0 -9999.0 -9999.0 -9999.0 -9999.0 -9999.0 -9999.0 -9999.0 -9999.0 -9999.0 -9999.0 -9999.0 -9999.0 -9999.0 -9999.0 -9999.0 -9999.0 -9999.0 -9999.0 -9999.0 -9999.0 -9999.0 -9999.0 -9999.0 -9999.0 -9999.0 -9999.0 -9999.0 -9999.0 -9999.0 -9999.0 -9999.0 -9999.0 -9999.0 -9999.0 -9999.0 -9999.0 -9999.0 -9999.0 -9999.0 -9999.0 -9999.0 -9999.0 -9999.0 -9999.0 -9999.0 -9999.0 -9999.0 -9999.0 -9999.0 -9999.0 -9999.0 -9999.0 -9999.0 -9999.0 -9999.0     1.7     2.3     2.0     2.4     2.6     2.9     3.1     2.7     2.4     2.2     2.2     2.3     2.6     2.9     3.3 -9999.0 -9999.0 -9999.0 -9999.0 -9999.0 -9999.0 -9999.0 -9999.0 -9999.0 -9999.0 -9999.0 -9999.0 -9999.0 -9999.0 -9999.0 -9999.0 -9999.0 -9999.0
 -9999.0 -9999.0 -9999.0 -9999.0 -9999.0 -9999.0 -9999.0 -9999.0 -9999.0 -9999.0 -9999.0 -9999.0 -9999.0 -9999.0 -9999.0 -9999.0 -9999.0 -9999.0 -9999.0 -9999.0 -9999.0 -9999.0 -9999.0 -9999.0 -9999.0 -9999.0 -9999.0 -9999.0 -9999.0 -9999.0 -9999.0 -9999.0 -9999.0 -9999.0 -9999.0 -9999.0 -9999.0 -9999.0 -9999.0 -9999.0 -9999.0 -9999.0 -9999.0 -9999.0 -9999.0 -9999.0 -9999.0 -9999.0 -9999.0 -9999.0 -9999.0 -9999.0 -9999.0 -9999.0 -9999.0 -9999.0 -9999.0 -9999.0 -9999.0 -9999.0 -9999.0 -9999.0 -9999.0 -9999.0 -9999.0 -9999.0 -9999.0 -9999.0 -9999.0 -9999.0 -9999.0 -9999.0 -9999.0 -9999.0 -9999.0 -9999.0 -9999.0 -9999.0 -9999.0 -9999.0 -9999.0 -9999.0 -9999.0 -9999.0 -9999.0 -9999.0 -9999.0 -9999.0 -9999.0 -9999.0 -9999.0 -9999.0 -9999.0 -9999.0 -9999.0     1.9     2.0     2.7     2.8     2.7     2.8     3.4     3.3     2.9     2.5     2.5     2.4     2.7     3.1     3.4     4.0 -9999.0 -9999.0 -9999.0 -9999.0 -9999.0 -9999.0 -9999.0 -9999.0 -9999.0 -9999.0 -9999.0 -9999.0 -9999.0 -9999.0 -9999.0 -9999.0 -9999.0
 -9999.0 -9999.0 -9999.0 -9999.0 -9999.0 -9999.0 -9999.0 -9999.0 -9999.0 -9999.0 -9999.0 -9999.0 -9999.0 -9999.0 -9999.0 -9999.0 -9999.0 -9999.0 -9999.0 -9999.0 -9999.0 -9999.0 -9999.0 -9999.0 -9999.0 -9999.0 -9999.0 -9999.0 -9999.0 -9999.0 -9999.0 -9999.0 -9999.0 -9999.0 -9999.0 -9999.0 -9999.0 -9999.0 -9999.0 -9999.0 -9999.0 -9999.0 -9999.0 -9999.0 -9999.0 -9999.0 -9999.0 -9999.0 -9999.0 -9999.0 -9999.0 -9999.0 -9999.0 -9999.0 -9999.0 -9999.0 -9999.0 -9999.0 -9999.0 -9999.0 -9999.0 -9999.0 -9999.0 -9999.0 -9999.0 -9999.0 -9999.0 -9999.0 -9999.0 -9999.0 -9999.0 -9999.0 -9999.0 -9999.0 -9999.0 -9999.0 -9999.0 -9999.0 -9999.0 -9999.0 -9999.0 -9999.0 -9999.0 -9999.0 -9999.0 -9999.0 -9999.0 -9999.0 -9999.0 -9999.0 -9999.0 -9999.0 -9999.0 -9999.0     1.4     1.9     2.5     2.5     2.6     2.9     3.4     3.1     3.6     3.4     2.9     2.8     2.7     2.9     3.3     3.5     4.1 -9999.0 -9999.0 -9999.0 -9999.0 -9999.0 -9999.0 -9999.0 -9999.0 -9999.0 -9999.0 -9999.0 -9999.0 -9999.0 -9999.0 -9999.0 -9999.0 -9999.0
 -9999.0 -9999.0 -9999.0 -9999.0 -9999.0 -9999.0 -9999.0 -9999.0 -9999.0 -9999.0 -9999.0 -9999.0 -9999.0 -9999.0 -9999.0 -9999.0 -9999.0 -9999.0 -9999.0 -9999.0 -9999.0 -9999.0 -9999.0 -9999.0 -9999.0 -9999.0 -9999.0 -9999.0 -9999.0 -9999.0 -9999.0 -9999.0 -9999.0 -9999.0 -9999.0 -9999.0 -9999.0 -9999.0 -9999.0 -9999.0 -9999.0 -9999.0 -9999.0 -9999.0 -9999.0 -9999.0 -9999.0 -9999.0 -9999.0 -9999.0 -9999.0 -9999.0 -9999.0 -9999.0 -9999.0 -9999.0 -9999.0 -9999.0 -9999.0 -9999.0 -9999.0 -9999.0 -9999.0 -9999.0 -9999.0 -9999.0 -9999.0 -9999.0 -9999.0 -9999.0 -9999.0 -9999.0 -9999.0 -9999.0 -9999.0 -9999.0 -9999.0 -9999.0 -9999.0 -9999.0 -9999.0 -9999.0 -9999.0 -9999.0 -9999.0 -9999.0 -9999.0 -9999.0 -9999.0 -9999.0 -9999.0 -9999.0 -9999.0 -9999.0     1.6     2.4     2.7     2.6     2.7     2.6     3.2     3.7     4.0     3.9     3.4     3.2     2.9     3.0     3.6     4.0     3.9     4.3 -9999.0 -9999.0 -9999.0 -9999.0 -9999.0 -9999.0 -9999.0 -9999.0 -9999.0 -9999.0 -9999.0 -9999.0 -9999.0 -9999.0 -9999.0 -9999.0
 -9999.0 -9999.0 -9999.0 -9999.0 -9999.0 -9999.0 -9999.0 -9999.0 -9999.0 -9999.0 -9999.0 -9999.0 -9999.0 -9999.0 -9999.0 -9999.0 -9999.0 -9999.0 -9999.0 -9999.0 -9999.0 -9999.0 -9999.0 -9999.0 -9999.0 -9999.0 -9999.0 -9999.0 -9999.0 -9999.0 -9999.0 -9999.0 -9999.0 -9999.0 -9999.0 -9999.0 -9999.0 -9999.0 -9999.0 -9999.0 -9999.0 -9999.0 -9999.0 -9999.0 -9999.0 -9999.0 -9999.0 -9999.0 -9999.0 -9999.0 -9999.0 -9999.0 -9999.0 -9999.0 -9999.0 -9999.0 -9999.0 -9999.0 -9999.0 -9999.0 -9999.0 -9999.0 -9999.0 -9999.0 -9999.0 -9999.0 -9999.0 -9999.0 -9999.0 -9999.0 -9999.0 -9999.0 -9999.0 -9999.0 -9999.0 -9999.0 -9999.0 -9999.0 -9999.0 -9999.0 -9999.0 -9999.0 -9999.0 -9999.0 -9999.0 -9999.0 -9999.0 -9999.0 -9999.0     0.1 -9999.0 -9999.0     0.5     1.1     1.5     2.0     2.3     2.3     2.3     2.7     2.4     3.3     3.9     3.8     3.6     3.1     2.8     3.4     3.8     4.4     4.1     4.3 -9999.0 -9999.0 -9999.0 -9999.0 -9999.0 -9999.0 -9999.0 -9999.0 -9999.0 -9999.0 -9999.0 -9999.0 -9999.0 -9999.0 -9999.0 -9999.0
 -9999.0 -9999.0 -9999.0 -9999.0 -9999.0 -9999.0 -9999.0 -9999.0 -9999.0 -9999.0 -9999.0 -9999.0 -9999.0 -9999.0 -9999.0 -9999.0 -9999.0 -9999.0 -9999.0 -9999.0 -9999.0 -9999.0 -9999.0 -9999.0 -9999.0 -9999.0 -9999.0 -9999.0 -9999.0 -9999.0 -9999.0 -9999.0 -9999.0 -9999.0 -9999.0 -9999.0 -9999.0 -9999.0 -9999.0 -9999.0 -9999.0 -9999.0 -9999.0 -9999.0 -9999.0 -9999.0 -9999.0 -9999.0 -9999.0 -9999.0 -9999.0 -9999.0 -9999.0 -9999.0 -9999.0 -9999.0 -9999.0 -9999.0 -9999.0 -9999.0 -9999.0 -9999.0 -9999.0 -9999.0 -9999.0 -9999.0 -9999.0 -9999.0 -9999.0 -9999.0 -9999.0 -9999.0 -9999.0 -9999.0 -9999.0 -9999.0 -9999.0 -9999.0 -9999.0 -9999.0 -9999.0 -9999.0 -9999.0 -9999.0 -9999.0 -9999.0 -9999.0 -9999.0     0.1     0.2     0.3     0.4     0.6     1.4     1.6     2.4     2.1     2.1     2.0     2.2     2.8     3.1     3.2     3.5     3.2     2.8     2.5     2.7     3.5     4.3     4.7     4.2     4.5     5.1     5.5     5.9 -9999.0 -9999.0 -9999.0 -9999.0 -9999.0 -9999.0 -9999.0 -9999.0 -9999.0 -9999.0 -9999.0 -9999.0
 -9999.0 -9999.0 -9999.0 -9999.0 -9999.0 -9999.0 -9999.0 -9999.0 -9999.0 -9999.0 -9999.0 -9999.0 -9999.0 -9999.0 -9999.0 -9999.0 -9999.0 -9999.0 -9999.0 -9999.0 -9999.0 -9999.0 -9999.0 -9999.0 -9999.0 -9999.0 -9999.0 -9999.0 -9999.0    27.3    26.7    26.3    25.9 -9999.0 -9999.0 -9999.0 -9999.0 -9999.0 -9999.0 -9999.0 -9999.0 -9999.0 -9999.0 -9999.0 -9999.0 -9999.0 -9999.0 -9999.0 -9999.0 -9999.0 -9999.0 -9999.0 -9999.0 -9999.0 -9999.0 -9999.0 -9999.0 -9999.0 -9999.0 -9999.0 -9999.0 -9999.0 -9999.0 -9999.0 -9999.0 -9999.0 -9999.0 -9999.0 -9999.0 -9999.0 -9999.0 -9999.0 -9999.0 -9999.0 -9999.0 -9999.0 -9999.0 -9999.0 -9999.0 -9999.0 -9999.0 -9999.0 -9999.0 -9999.0 -9999.0 -9999.0 -9999.0     0.3     0.4     0.5     0.6     0.6     1.1     1.6     2.1     2.0     2.1     1.7     2.6     2.4     2.2     2.1     2.4     2.1     2.3     2.1     1.8     2.3     3.6     4.4     4.6     4.5     5.1     5.4     6.0     5.8     5.9     6.7 -9999.0 -9999.0 -9999.0 -9999.0 -9999.0 -9999.0 -9999.0 -9999.0 -9999.0 -9999.0
 -9999.0 -9999.0 -9999.0 -9999.0 -9999.0 -9999.0 -9999.0 -9999.0 -9999.0 -9999.0 -9999.0 -9999.0 -9999.0 -9999.0 -9999.0 -9999.0 -9999.0 -9999.0 -9999.0 -9999.0 -9999.0 -9999.0 -9999.0 -9999.0 -9999.0 -9999.0 -9999.0    26.3    22.5    18.9    20.8    20.8    22.4    21.3 -9999.0 -9999.0 -9999.0 -9999.0 -9999.0 -9999.0 -9999.0 -9999.0 -9999.0 -9999.0 -9999.0 -9999.0 -9999.0 -9999.0 -9999.0 -9999.0 -9999.0 -9999.0 -9999.0 -9999.0 -9999.0 -9999.0 -9999.0 -9999.0 -9999.0 -9999.0 -9999.0 -9999.0 -9999.0 -9999.0 -9999.0 -9999.0 -9999.0 -9999.0 -9999.0 -9999.0 -9999.0 -9999.0 -9999.0 -9999.0 -9999.0 -9999.0 -9999.0 -9999.0 -9999.0 -9999.0 -9999.0 -9999.0 -9999.0 -9999.0 -9999.0 -9999.0 -9999.0     1.0     1.2     1.0     1.0     1.2     1.7     2.5     2.8     3.0     2.5     3.0     2.6     2.8     2.1     1.6     1.5     1.3     1.3     1.4     1.7     2.5     3.1     3.8     4.6     5.1     6.1     6.3     6.7     6.8     6.2     6.3 -9999.0 -9999.0 -9999.0 -9999.0 -9999.0     5.0     5.5     6.6     7.8 -9999.0
 -9999.0 -9999.0 -9999.0 -9999.0 -9999.0 -9999.0 -9999.0 -9999.0 -9999.0 -9999.0 -9999.0 -9999.0 -9999.0 -9999.0 -9999.0 -9999.0 -9999.0 -9999.0 -9999.0 -9999.0 -9999.0 -9999.0 -9999.0 -9999.0 -9999.0 -9999.0    24.6    17.9    14.1    12.0    12.5    14.5    20.1    19.3    20.1    19.4    18.4 -9999.0 -9999.0 -9999.0 -9999.0 -9999.0 -9999.0 -9999.0 -9999.0 -9999.0 -9999.0 -9999.0 -9999.0 -9999.0 -9999.0 -9999.0 -9999.0 -9999.0 -9999.0 -9999.0 -9999.0 -9999.0 -9999.0 -9999.0 -9999.0 -9999.0 -9999.0 -9999.0 -9999.0 -9999.0 -9999.0 -9999.0 -9999.0 -9999.0 -9999.0 -9999.0 -9999.0 -9999.0 -9999.0 -9999.0 -9999.0 -9999.0 -9999.0 -9999.0 -9999.0 -9999.0 -9999.0 -9999.0 -9999.0 -9999.0     1.0     1.4     1.5     1.5     1.8     2.0     2.6     3.4     3.7     4.7     4.2     4.5     4.0     2.2     1.7     1.2     0.8     0.8     0.9     1.2     1.8     2.6     3.2     3.9     4.4     4.9     5.6     5.7     6.8     6.1     4.4     4.5     6.2 -9999.0 -9999.0     4.1     3.9     4.3     5.1     7.1     7.8 -9999.0
 -9999.0 -9999.0 -9999.0 -9999.0 -9999.0 -9999.0 -9999.0 -9999.0 -9999.0 -9999.0 -9999.0 -9999.0 -9999.0 -9999.0 -9999.0 -9999.0 -9999.0 -9999.0 -9999.0 -9999.0 -9999.0 -9999.0 -9999.0 -9999.0 -9999.0 -9999.0    16.9    13.1     9.3     7.8     8.8    11.4    14.3    16.2    17.0    17.7    20.6    13.9 -9999.0 -9999.0 -9999.0 -9999.0 -9999.0 -9999.0 -9999.0 -9999.0 -9999.0 -9999.0 -9999.0 -9999.0 -9999.0 -9999.0 -9999.0 -9999.0 -9999.0 -9999.0 -9999.0 -9999.0 -9999.0 -9999.0 -9999.0 -9999.0 -9999.0 -9999.0 -9999.0 -9999.0 -9999.0 -9999.0 -9999.0 -9999.0 -9999.0 -9999.0 -9999.0 -9999.0 -9999.0 -9999.0 -9999.0 -9999.0 -9999.0 -9999.0 -9999.0 -9999.0 -9999.0 -9999.0 -9999.0 -9999.0     1.2     1.4     1.8     2.2     2.3     2.6     3.5     4.2     5.7     6.4     8.0     5.4     2.9     2.4     1.8     1.2     0.9     0.9     1.1     1.2     1.7     2.6     3.5     3.7     3.7     4.2     4.9     4.4     4.3     5.9     3.2     3.0     3.4     4.1     3.8     3.3     3.3     3.8     4.7     6.0     7.8 -9999.0
 -9999.0 -9999.0 -9999.0 -9999.0 -9999.0 -9999.0 -9999.0 -9999.0 -9999.0 -9999.0 -9999.0 -9999.0 -9999.0 -9999.0 -9999.0 -9999.0 -9999.0 -9999.0 -9999.0 -9999.0 -9999.0    26.4    28.6    28.9    23.4    18.7    15.1    11.3     6.9     5.3     7.0     9.7    12.7    14.6    15.2    14.6    15.4    13.2    12.4 -9999.0 -9999.0 -9999.0 -9999.0 -9999.0 -9999.0 -9999.0 -9999.0 -9999.0 -9999.0 -9999.0 -9999.0 -9999.0 -9999.0 -9999.0 -9999.0 -9999.0 -9999.0 -9999.0 -9999.0 -9999.0 -9999.0 -9999.0 -9999.0 -9999.0 -9999.0 -9999.0 -9999.0 -9999.0 -9999.0 -9999.0 -9999.0 -9999.0 -9999.0 -9999.0 -9999.0 -9999.0 -9999.0 -9999.0 -9999.0 -9999.0 -9999.0 -9999.0 -9999.0 -9999.0 -9999.0 -9999.0 -9999.0     2.1 -9999.0 -9999.0     2.6 -9999.0 -9999.0     5.3     6.2     8.1     9.8     5.4     2.8     3.4     2.0     1.8     1.5     1.4     1.4     1.4     1.8     3.0     3.6     4.0     3.5     2.9     3.2     3.8     3.5     3.1     1.9     1.9     2.7     3.3     3.2     2.6     2.8     3.5     4.8     7.1 -9999.0 -9999.0
 -9999.0 -9999.0 -9999.0 -9999.0 -9999.0 -9999.0 -9999.0 -9999.0 -9999.0 -9999.0 -9999.0 -9999.0 -9999.0 -9999.0 -9999.0 -9999.0 -9999.0 -9999.0 -9999.0 -9999.0 -9999.0    24.0    24.0    21.2    16.5    17.4    10.6     7.2     5.2     4.8     6.6     9.5    12.7    14.3    14.5    13.2    11.5    12.7     7.7 -9999.0 -9999.0 -9999.0 -9999.0 -9999.0 -9999.0 -9999.0 -9999.0 -9999.0 -9999.0 -9999.0 -9999.0 -9999.0 -9999.0 -9999.0 -9999.0 -9999.0 -9999.0 -9999.0 -9999.0 -9999.0 -9999.0 -9999.0 -9999.0 -9999.0 -9999.0 -9999.0 -9999.0 -9999.0 -9999.0 -9999.0 -9999.0 -9999.0 -9999.0 -9999.0 -9999.0 -9999.0 -9999.0 -9999.0 -9999.0 -9999.0 -9999.0 -9999.0 -9999.0 -9999.0 -9999.0 -9999.0 -9999.0 -9999.0 -9999.0     2.5     3.0     3.6     5.1     5.0     6.2     8.4     5.4     3.9     2.5     2.1     2.1     2.1     1.9     1.8     1.7     1.6     2.0     3.1     3.9     4.3     3.6     2.8     2.9     3.4     3.4     1.6     1.1     1.3     1.7     1.8     1.7     1.9     2.8     4.7     5.0 -9999.0 -9999.0 -9999.0
 -9999.0 -9999.0 -9999.0 -9999.0 -9999.0 -9999.0 -9999.0 -9999.0 -9999.0 -9999.0 -9999.0 -9999.0 -9999.0 -9999.0 -9999.0 -9999.0 -9999.0 -9999.0 -9999.0 -9999.0    15.6    17.9    17.6    15.9    12.4     7.3     5.0     5.1     5.2     6.3     8.4    11.2    14.2    15.8    15.3    13.0    10.8     7.5     5.3 -9999.0 -9999.0 -9999.0 -9999.0 -9999.0 -9999.0 -9999.0 -9999.0 -9999.0 -9999.0 -9999.0 -9999.0 -9999.0 -9999.0 -9999.0 -9999.0 -9999.0 -9999.0 -9999.0 -9999.0 -9999.0 -9999.0 -9999.0 -9999.0 -9999.0 -9999.0 -9999.0 -9999.0 -9999.0 -9999.0 -9999.0 -9999.0 -9999.0 -9999.0 -9999.0 -9999.0 -9999.0 -9999.0 -9999.0 -9999.0 -9999.0 -9999.0 -9999.0 -9999.0 -9999.0 -9999.0 -9999.0 -9999.0 -9999.0     2.5     2.9     3.3     3.4     4.4     4.5     5.0     5.7     3.9     4.1     2.5     2.0     2.3     2.1     2.0     1.8     1.7     1.8     2.3     3.2     4.0     4.2     3.6     2.9     3.0     2.9     2.1     1.3     0.7     0.8     1.3     1.3     1.1     1.9     3.0     4.4     6.2 -9999.0 -9999.0 -9999.0
 -9999.0 -9999.0 -9999.0 -9999.0 -9999.0 -9999.0 -9999.0 -9999.0 -9999.0 -9999.0 -9999.0 -9999.0 -9999.0 -9999.0 -9999.0 -9999.0 -9999.0 -9999.0     4.4     8.0    10.6     8.1    15.9    17.3    13.6     8.8     5.4     6.5     8.0     9.9    12.0    14.7    17.2    18.1    17.0    14.1    10.1     6.2     3.6 -9999.0 -9999.0 -9999.0 -9999.0 -9999.0 -9999.0 -9999.0 -9999.0 -9999.0 -9999.0 -9999.0 -9999.0 -9999.0 -9999.0 -9999.0 -9999.0 -9999.0 -9999.0 -9999.0 -9999.0 -9999.0 -9999.0 -9999.0 -9999.0 -9999.0 -9999.0 -9999.0 -9999.0 -9999.0 -9999.0 -9999.0 -9999.0 -9999.0 -9999.0 -9999.0 -9999.0 -9999.0 -9999.0 -9999.0 -9999.0 -9999.0 -9999.0 -9999.0 -9999.0 -9999.0     3.0     3.2     3.4     2.3     1.8     3.5     3.8     4.1     3.4     3.8     4.1     4.9     2.7     2.4     1.6     1.6     1.7     1.7     1.5     1.4     1.5     2.0     2.6     3.2     3.5     3.9     3.9     3.5     3.5     3.0     2.5     1.5     1.6     0.6     0.9     1.0     1.5     2.4     3.9     5.6 -9999.0 -9999.0 -9999.0 -9999.0
 -9999.0 -9999.0 -9999.0 -9999.0 -9999.0 -9999.0 -9999.0 -9999.0 -9999.0 -9999.0 -9999.0 -9999.0 -9999.0 -9999.0 -9999.0    18.3     4.1     0.7     0.7     4.2     6.4    10.1    14.7    13.4    10.7     9.2    10.7    13.0    14.6    15.9    17.1    18.2    19.7    20.0    19.6    15.8    10.3    11.8     4.7     2.4     2.5     2.9     3.1     3.2 -9999.0 -9999.0 -9999.0 -9999.0 -9999.0 -9999.0 -9999.0 -9999.0 -9999.0 -9999.0 -9999.0 -9999.0 -9999.0 -9999.0 -9999.0 -9999.0 -9999.0 -9999.0 -9999.0 -9999.0 -9999.0 -9999.0 -9999.0 -9999.0 -9999.0 -9999.0 -9999.0 -9999.0 -9999.0 -9999.0 -9999.0 -9999.0 -9999.0 -9999.0 -9999.0     0.6     1.0     1.6     2.2     3.2     4.2     4.1     3.3     2.1     1.5     2.5     2.7     3.6     3.7     4.6     4.8     6.1     2.8     1.9     1.3     1.1     1.1     1.0     0.9     0.8     1.2     2.0     2.6     3.0     3.5     4.1     4.7     4.3     3.6     3.1     3.9     1.6     1.0     0.9     1.0     1.3     1.9     3.2     4.9     7.4 -9999.0 -9999.0 -9999.0 -9999.0
 -9999.0 -9999.0 -9999.0 -9999.0 -9999.0 -9999.0 -9999.0 -9999.0 -9999.0 -9999.0 -9999.0 -9999.0 -9999.0 -9999.0 -9999.0     2.2     2.2     0.7     2.6     8.1    13.7    11.8    12.0    14.1    15.7    18.0    21.2    23.7    23.6    22.2    20.6    19.2    19.0    17.9    16.8    13.7     8.2     4.9     1.9     1.2     1.2     1.4     2.3     2.8     2.4     2.0     4.3 -9999.0 -9999.0 -9999.0 -9999.0 -9999.0 -9999.0 -9999.0 -9999.0 -9999.0 -9999.0 -9999.0 -9999.0 -9999.0 -9999.0 -9999.0 -9999.0 -9999.0 -9999.0 -9999.0 -9999.0 -9999.0 -9999.0 -9999.0 -9999.0 -9999.0 -9999.0 -9999.0 -9999.0 -9999.0 -9999.0 -9999.0     0.7     0.8     1.2     2.2     3.3     3.9     4.0     3.3     2.1     1.5     1.5     2.0     3.6     4.5     5.7     5.2     8.5     3.7     2.7     1.1     1.0     0.9     0.8     0.6     0.5     0.6     1.1     2.0     2.7     3.4     4.4     5.0     5.1     4.6     5.0     4.2     3.1     1.7     1.9     1.8     1.7     2.0     2.6     4.0     6.4 -9999.0 -9999.0 -9999.0 -9999.0 -9999.0
 -9999.0 -9999.0 -9999.0 -9999.0 -9999.0 -9999.0 -9999.0 -9999.0 -9999.0 -9999.0 -9999.0 -9999.0 -9999.0 -9999.0 -9999.0 -9999.0    48.7    41.6    21.2     7.4     5.5    18.1     8.3    20.8    25.3    27.3    30.7    32.8    29.8    25.4    21.1    16.9    14.6    14.2    14.4    12.6     8.4     4.2     1.8     1.6     2.9     3.2     4.4     4.2     3.3     2.0     1.0     0.6 -9999.0 -9999.0 -9999.0 -9999.0 -9999.0 -9999.0 -9999.0 -9999.0 -9999.0 -9999.0 -9999.0 -9999.0 -9999.0 -9999.0 -9999.0 -9999.0 -9999.0 -9999.0 -9999.0 -9999.0 -9999.0 -9999.0 -9999.0 -9999.0 -9999.0 -9999.0 -9999.0 -9999.0 -9999.0 -9999.0     1.0     1.0     1.6     2.8     3.5     3.6     3.6     2.9     2.9     1.6     1.7     3.4     3.2     4.4     7.3     5.6     2.6     2.1     1.3     0.9     0.7     0.8     0.8     0.6     0.5     0.9     1.7     2.2     2.8     3.9     5.3     5.9     5.7     5.9     5.6     3.2     2.2     2.5     2.2     1.9     2.3     2.3 -9999.0 -9999.0 -9999.0 -9999.0 -9999.0 -9999.0 -9999.0 -9999.0
 -9999.0 -9999.0 -9999.0 -9999.0 -9999.0 -9999.0 -9999.0 -9999.0 -9999.0 -9999.0 -9999.0 -9999.0 -9999.0 -9999.0 -9999.0 -9999.0    59.6    49.5    39.2    31.8    17.8    22.6    22.9    17.3     9.4     9.6    11.1    18.8    14.1    17.1    17.7    14.5    30.4    25.1    14.0    12.3    10.7     5.3     2.5     3.2     5.1     5.3     7.7    10.1     5.2     2.7     1.2     0.5 -9999.0 -9999.0 -9999.0 -9999.0 -9999.0 -9999.0 -9999.0 -9999.0 -9999.0 -9999.0 -9999.0 -9999.0 -9999.0 -9999.0 -9999.0 -9999.0 -9999.0 -9999.0 -9999.0 -9999.0 -9999.0 -9999.0 -9999.0 -9999.0 -9999.0 -9999.0 -9999.0 -9999.0 -9999.0     1.6     1.4     1.5     2.2     3.3     4.2     5.0     3.8     3.3     2.6     1.9     1.8     2.9     5.1     3.7     1.5     1.8     2.3     1.2     1.1     0.9     0.7     0.8     0.9     0.8     0.9     1.7     2.6     3.1     3.4     4.1     5.2     5.9     5.6     4.5     3.3     2.3     2.6     2.2     2.2     2.1     2.8 -9999.0 -9999.0 -9999.0 -9999.0 -9999.0 -9999.0 -9999.0 -9999.0 -9999.0
 -9999.0 -9999.0 -9999.0 -9999.0 -9999.0 -9999.0 -9999.0 -9999.0 -9999.0 -9999.0 -9999.0 -9999.0 -9999.0 -9999.0 -9999.0 -9999.0     8.9     5.5     4.0    12.4    19.5    20.6     9.1    13.2    11.1     8.4     6.7     9.3     7.5     9.5    12.5    11.6     7.1     6.1    11.0    12.5     7.9     2.3     0.9     0.3     1.7     5.1     8.1     8.0     6.1     3.2     1.5     0.6     0.4     0.3     0.2 -9999.0 -9999.0 -9999.0 -9999.0 -9999.0 -9999.0 -9999.0 -9999.0 -9999.0 -9999.0 -9999.0 -9999.0 -9999.0 -9999.0 -9999.0 -9999.0 -9999.0 -9999.0 -9999.0 -9999.0 -9999.0 -9999.0 -9999.0 -9999.0 -9999.0     2.8     2.3     2.1     2.4     3.5     4.9     5.2     5.1     4.6     3.9     3.7     3.5     3.7     4.2     4.9     2.5     1.4     0.7     0.7     0.9     1.0     1.0     0.8     0.9     1.1     1.3     1.7     2.8     4.1     4.7     4.3     4.5     5.3     5.7     5.3     5.8     3.8     2.5     1.9     1.2     3.0     2.9     2.6     2.7 -9999.0 -9999.0 -9999.0 -9999.0 -9999.0 -9999.0 -9999.0 -9999.0
 -9999.0 -9999.0 -9999.0 -9999.0 -9999.0 -9999.0 -9999.0 -9999.0 -9999.0 -9999.0 -9999.0 -9999.0 -9999.0 -9999.0 -9999.0    15.3    17.2    12.5     3.2     1.6     1.4     1.2     2.2     4.9     4.3     1.9     2.1     1.2     1.5     8.1    13.3     5.4     1.7     0.5     0.4     0.6     1.7     0.6     0.2     0.3     1.0     3.5     7.5     8.4     5.8     2.8     1.4     0.7     0.4     0.3     0.2     0.2     0.2     0.2     0.2     0.2     0.3     0.3     0.3     0.3     0.4 -9999.0 -9999.0 -9999.0 -9999.0 -9999.0 -9999.0 -9999.0 -9999.0     2.4     3.2     4.0     4.4     4.3     4.0     3.7     3.2     2.8     2.7     3.1     4.4     5.6     5.6     5.2     5.1     5.3     5.2     4.8     5.4     6.4     6.9     4.9     3.9     1.3     0.9     1.0     1.3     1.7     1.6     1.2     1.3     1.7     2.5     4.4     6.0     5.4     5.1     4.7     4.7     5.7     5.7     5.4     4.3     3.3     1.0     0.7     0.8     1.3 -9999.0 -9999.0 -9999.0 -9999.0 -9999.0 -9999.0 -9999.0 -9999.0 -9999.0 -9999.0
 -9999.0 -9999.0 -9999.0 -9999.0 -9999.0 -9999.0 -9999.0 -9999.0 -9999.0 -9999.0 -9999.0 -9999.0 -9999.0 -9999.0     8.2     1.9     0.8     2.7     1.1     0.7     2.1     6.8     5.2     1.2     1.0     0.3     0.3     1.1     2.6     3.2     3.4     3.5     3.3     4.0     2.6     1.5     1.5     1.1     0.9     0.9     1.6     3.6     5.8     6.3     4.5     2.2     1.0     0.7     0.6     0.5     0.5     0.3     0.3     0.3     0.4     0.4     0.5     0.5     0.4     0.4     0.4     0.5     0.6     0.7     1.0     1.4     1.1     1.2     1.4     2.2     3.5     4.6     4.7     4.3     3.7     3.3     3.0     2.6     2.5     2.8     3.8     4.7     4.9     4.9     5.8     6.1     6.7     5.9     6.8     7.9    10.1    10.3     2.6     1.2     0.6     1.6     2.8     2.8     2.0     1.7     1.1     1.9     3.9     6.0     7.4     6.7     5.8     5.3     5.6     7.0     6.3     6.6     6.3     3.5     2.1     1.1     0.9 -9999.0 -9999.0 -9999.0 -9999.0 -9999.0 -9999.0 -9999.0 -9999.0 -9999.0 -9999.0 -9999.0
 -9999.0 -9999.0 -9999.0 -9999.0 -9999.0 -9999.0 -9999.0 -9999.0 -9999.0 -9999.0 -9999.0 -9999.0     5.9     4.8     2.6     6.4     1.9     4.4     6.8     9.0     7.4     4.8     3.7     2.9     2.1     1.7     1.5     1.5     1.1     1.4     1.9     2.3     2.9     2.7     1.3     1.5     1.6     1.3     0.8     1.1     1.6     2.7     3.6     3.4     2.2     1.2     0.8     0.8     1.0     0.7     0.6     0.4     0.4     0.5     0.7     0.9     0.9     0.8     0.6     0.5     0.4     0.4     0.5     0.6     0.7     0.8     0.8     0.9     1.5     2.5     4.4     5.7     5.1     4.3     3.4     2.6     2.3     2.1     2.0     2.2     2.7     3.3     3.8     4.1     5.1     6.5     7.0     6.6     8.4     7.6     7.9     6.9    11.4     9.2     2.5     3.6     3.2     2.5     2.4     1.9     0.8     2.2     5.0     7.9    10.2     7.5     5.8     5.8     7.2     7.2     7.9     8.2     6.5     4.8     6.5 -9999.0 -9999.0 -9999.0 -9999.0 -9999.0 -9999.0 -9999.0 -9999.0 -9999.0 -9999.0 -9999.0 -9999.0 -9999.0
 -9999.0 -9999.0 -9999.0 -9999.0 -9999.0 -9999.0 -9999.0 -9999.0 -9999.0     8.7     4.2     5.6     5.5     8.9     7.4     4.6     3.1     3.0     3.8     4.1     2.9     1.3     0.6     0.4     0.3     0.2     0.2     0.4     0.5     0.7     0.7     0.7     1.4     1.3     1.4     1.9     1.1     0.5     0.4     0.5     1.0     1.5     1.8     1.7     1.2     0.9     0.8     0.9     0.8     1.0     0.6     0.5     0.6     1.0     1.4     1.7     1.7     1.4     0.9     0.6     0.5     0.5     0.6     0.7     0.6     0.8     0.8     0.8     1.9     4.8     3.5     4.5     4.6     3.5     2.7     2.3     2.2     2.2     2.1     2.2     2.7     3.1     2.9     3.3     4.8     5.9     9.5     6.7     6.9     4.5     6.3     8.4     7.8     7.1     4.0     3.6     3.3     2.8     0.9     0.3     0.7     2.9     5.7     9.1    11.2    10.9     8.4     6.4     7.1     9.6     9.6     8.5     6.7 -9999.0 -9999.0 -9999.0 -9999.0 -9999.0 -9999.0 -9999.0 -9999.0 -9999.0 -9999.0 -9999.0 -9999.0 -9999.0 -9999.0 -9999.0
 -9999.0 -9999.0 -9999.0 -9999.0 -9999.0    12.7     5.5     6.9     6.4     5.7     7.7     6.6     5.9     5.5     3.1     1.3     0.6     0.5     0.6     0.6     0.3     0.1     0.0     0.0     0.0     0.0     0.0     0.1     0.1     0.2     0.2     0.2     0.3     0.4     0.5     0.4     0.3     0.2     0.2     0.3     0.5     0.6     0.8     1.0     0.9     0.8     0.6     0.6     0.5     0.5     0.6     0.8     1.2     1.8     2.6     3.2     2.9     2.2     1.4     0.9     0.7     0.8     0.9     1.0     1.3     1.3     0.9     1.4     2.8     1.7     2.8     4.0     4.2     3.6     3.5     2.5     2.8     3.0     3.7     3.4     2.7     2.7     2.8     3.4     4.4     2.7     4.5     3.2     3.4     3.2     3.5     6.7     7.0     6.3     4.7     3.6     3.2     1.7 -9999.0 -9999.0     1.4     4.0     8.8     8.8     6.6     6.2     5.1     6.8     8.7 -9999.0 -9999.0 -9999.0 -9999.0 -9999.0 -9999.0 -9999.0 -9999.0 -9999.0 -9999.0 -9999.0 -9999.0 -9999.0 -9999.0 -9999.0 -9999.0 -9999.0 -9999.0 -9999.0
 -9999.0 -9999.0 -9999.0    12.1    12.8     6.8     6.7     5.8     5.2     5.3     4.3     3.8     3.7     1.8     0.7     0.2     0.1     0.1     0.0     0.0     0.0     0.0     0.0     0.0     0.0     0.0     0.0     0.0     0.0     0.1     0.1     0.1     0.1     0.2     0.2     0.2     0.2     0.1     0.1     0.1     0.2     0.3     0.4     0.5     0.7     0.8     0.9     1.0     0.8     0.9     0.8     1.4     2.4     3.7     4.9     5.3     4.7     3.4     2.1     1.2     0.8     0.8     1.1     1.6     1.7     1.3     2.8     0.9     0.9     1.4     2.5     3.2     4.0     4.0     3.3     3.0     3.6     4.2     4.0     3.2     2.6     3.7     2.8     3.1     6.9     3.3     3.6     2.4     1.2     1.2     2.0     2.7     2.6     3.2     3.5     2.7     1.6 -9999.0 -9999.0 -9999.0     2.3     5.3     3.0     2.7     2.5     3.8     4.2 -9999.0 -9999.0 -9999.0 -9999.0 -9999.0 -9999.0 -9999.0 -9999.0 -9999.0 -9999.0 -9999.0 -9999.0 -9999.0 -9999.0 -9999.0 -9999.0 -9999.0 -9999.0 -9999.0 -9999.0 -9999.0
 -9999.0 -9999.0    10.7     9.4     8.5     7.9     6.0     3.4     1.6     1.3     1.1     0.9     0.7     0.4     0.2     0.1     0.0     0.0     0.0     0.0     0.0     0.0     0.0     0.0     0.0     0.0     0.0     0.0     0.0     0.0     0.1     0.1     0.1     0.2     0.2     0.2     0.1     0.1     0.1     0.1     0.1     0.1     0.2     0.6     1.3     2.8     6.7     7.0     5.4     3.7     3.9     3.1     3.9     5.7     7.0     7.2     6.6     4.9     3.0     1.8     1.1     1.4     1.1     1.5     1.6     1.6     1.4     1.0     1.6     1.5     2.9     2.7     3.2     4.1     4.2     3.8     4.0     4.3     3.8     3.0     2.5     3.0     2.8     3.9     3.9     9.7     4.6     1.4     1.0     1.2     1.3     1.6     1.3     0.8     0.9 -9999.0 -9999.0 -9999.0 -9999.0     1.5     1.8     1.4     1.1     0.8 -9999.0 -9999.0 -9999.0 -9999.0 -9999.0 -9999.0 -9999.0 -9999.0 -9999.0 -9999.0 -9999.0 -9999.0 -9999.0 -9999.0 -9999.0 -9999.0 -9999.0 -9999.0 -9999.0 -9999.0 -9999.0 -9999.0 -9999.0 -9999.0
 -9999.0 -9999.0     6.4     4.9     2.1     4.3     2.4     0.6     0.3     0.3     0.3     0.3     0.4     0.4     0.2     0.1     0.0     0.0     0.0     0.0     0.0     0.0     0.0     0.0     0.0     0.0     0.0     0.0     0.0     0.0     0.1     0.1     0.2     0.2     0.3     0.3     0.3     0.3     0.2     0.1     0.1     0.1     2.0    12.5     3.8     8.5    15.5     9.3    13.3     9.6     7.5     8.1     5.3     3.7     6.6     8.1     7.9     6.9     4.7     3.4     2.8     2.0     2.1     2.0     1.9     1.9     1.8     2.8     5.7     2.8     2.4     1.9     2.4     3.3     3.9     4.1     4.1     4.3     3.4     2.6     1.9     1.8     3.7     5.6     5.4     4.4     0.6     0.3     0.6     0.9     1.1     1.4     1.0     0.8 -9999.0 -9999.0 -9999.0 -9999.0 -9999.0     0.9 -9999.0 -9999.0 -9999.0 -9999.0 -9999.0 -9999.0 -9999.0 -9999.0 -9999.0 -9999.0 -9999.0 -9999.0 -9999.0 -9999.0 -9999.0 -9999.0 -9999.0 -9999.0 -9999.0 -9999.0 -9999.0 -9999.0 -9999.0 -9999.0 -9999.0 -9999.0 -9999.0 -9999.0
 -9999.0 -9999.0     6.0     3.3     2.8     3.1     2.9     2.2     0.1     0.1     0.2     0.3     0.7     1.0     0.8     0.4     0.1     0.0     0.0     0.0     0.0     0.0     0.0     0.0     0.0     0.0     0.0     0.0     0.1     0.1     0.2     0.3     0.3     0.9     1.2     1.6     0.9     0.7     0.7     0.3     0.1     0.1     0.1     1.0     2.2     5.0     8.1    10.6     9.8     9.0    12.2     6.4     4.7     4.4     2.9     3.3     8.0     8.3     7.6     6.2     4.1     3.7     3.4     2.9     2.7     2.8     3.1     7.4     5.3     4.6     3.3     2.0     2.2     3.2     3.7     4.2     4.5     4.1     4.8     5.0     4.6     1.9     3.7     7.9     1.5     0.4     0.1     0.1     0.4     0.6     0.7 -9999.0 -9999.0 -9999.0 -9999.0 -9999.0 -9999.0 -9999.0 -9999.0 -9999.0 -9999.0 -9999.0 -9999.0 -9999.0 -9999.0 -9999.0 -9999.0 -9999.0 -9999.0 -9999.0 -9999.0 -9999.0 -9999.0 -9999.0 -9999.0 -9999.0 -9999.0 -9999.0 -9999.0 -9999.0 -9999.0 -9999.0 -9999.0 -9999.0 -9999.0 -9999.0 -9999.0 -9999.0
 -9999.0 -9999.0 -9999.0     2.5     3.5     2.1     1.8     1.9     1.8     0.4     0.4     1.2     2.4     3.1     2.6     1.5     0.5     0.1     0.0     0.0     0.0     0.0     0.0     0.0     0.0     0.1     0.1     0.1     0.2     0.2     0.2     0.4     0.7     2.8     4.1     2.0     0.9     0.5     0.3     0.1     0.1     0.0     0.1     0.3     1.2     4.1     9.4    11.5    13.9    11.0     8.2     6.0     4.4     4.5     2.3     2.0     2.5     4.3     6.2     8.0     7.6     6.2     5.6     4.3     3.4     3.1     4.1     7.5     6.1     6.3     5.0     2.9     3.1     3.5     3.8     3.4     4.0     3.6     6.1     3.4     4.6     3.5     6.5     2.6     0.6     0.2     0.2     0.2     0.4     0.5     0.4     0.4 -9999.0 -9999.0 -9999.0 -9999.0 -9999.0 -9999.0 -9999.0 -9999.0 -9999.0 -9999.0 -9999.0 -9999.0 -9999.0 -9999.0 -9999.0 -9999.0 -9999.0 -9999.0 -9999.0 -9999.0 -9999.0 -9999.0 -9999.0 -9999.0 -9999.0 -9999.0 -9999.0 -9999.0 -9999.0 -9999.0 -9999.0 -9999.0 -9999.0 -9999.0 -9999.0 -9999.0
 -9999.0 -9999.0 -9999.0 -9999.0 -9999.0     2.7     2.4     2.0     1.8     1.5     1.9     3.9     6.4     7.4     6.4     4.1     1.9     0.6     0.2     0.1     0.1     0.1     0.2     0.2     0.3     0.3     0.2     0.2     0.1     0.1     0.3     0.7     1.5     1.8     4.4     2.2     2.3     1.7     0.6     0.1     0.1     0.1     0.1     0.2     0.6     1.8     3.5     8.8     7.7    10.1     6.4     7.3     4.0     2.2     1.8     1.6     1.7     1.9     3.0     3.8     6.0     9.0     7.8     5.3     4.3     3.5     4.3     4.9     5.5     6.1     5.5     4.3     4.4     5.1     5.4     4.3     3.6     2.2     3.5     5.8     5.8     3.0     5.7     3.6     0.9     0.3     0.3     0.3     0.4     0.3     0.2     0.2     0.3     0.4 -9999.0 -9999.0 -9999.0     2.6 -9999.0 -9999.0 -9999.0 -9999.0 -9999.0 -9999.0 -9999.0 -9999.0 -9999.0 -9999.0 -9999.0 -9999.0 -9999.0 -9999.0 -9999.0 -9999.0 -9999.0 -9999.0 -9999.0 -9999.0 -9999.0 -9999.0 -9999.0 -9999.0 -9999.0 -9999.0 -9999.0 -9999.0 -9999.0 -9999.0
 -9999.0 -9999.0 -9999.0 -9999.0     3.1     1.6     0.7     1.9     2.1     3.3     4.6     6.9    10.0    12.5    11.1     7.8     4.1     1.8     0.9     0.6     0.7     1.0     1.1     0.8     0.5     0.2     0.1     0.0     0.1     0.1     0.5     1.0     1.6     2.5     2.4     2.5     2.2     4.7     3.4     1.1     0.2     0.1     0.1     0.1     0.2     0.4     0.8     1.7     2.6     2.0     2.4     3.1     2.6     2.4     1.1     1.4     2.3     2.7     3.7     3.4     4.2     5.8     5.8     5.7     3.3     4.9     6.9     4.0     8.5     7.2     6.3     7.2     8.0     8.5     7.5     5.4     3.8     2.9     9.0     1.7     2.1     5.6     5.7     7.1     1.1     0.3     0.2     0.2     0.2     0.2     0.1     0.1     0.2     0.2 -9999.0 -9999.0     1.0     1.3     1.1     3.2     1.2 -9999.0 -9999.0 -9999.0 -9999.0 -9999.0 -9999.0 -9999.0 -9999.0 -9999.0 -9999.0 -9999.0 -9999.0 -9999.0 -9999.0 -9999.0 -9999.0 -9999.0 -9999.0 -9999.0 -9999.0 -9999.0 -9999.0 -9999.0 -9999.0 -9999.0 -9999.0 -9999.0
 -9999.0 -9999.0 -9999.0 -9999.0     1.9     2.4     0.7     2.3     0.2     0.2     4.4     0.5     2.1     1.6     9.9     7.0     3.9     2.9     2.2     1.9     1.3     1.2     0.8     0.0     0.0     0.0     0.0     0.0     0.1     0.2     0.6     1.2     2.0     2.7     3.4     3.3     4.2     5.1     2.7     1.1     2.0     0.2     0.2     0.1     0.1     0.1     0.1     0.2     0.2     0.7     1.2     1.6     2.6     1.1     1.0     1.6     2.8     4.3     5.4     7.8     7.7     8.0     7.0     5.8     4.0     3.1     7.6     6.1     6.2    10.4     7.3     7.8     8.0     8.3     6.0     4.9     3.4     6.2     7.5     3.8     6.5     4.4     7.1     3.1     0.8     0.3     0.1     0.1     0.2     0.2     0.1     0.4     0.2     0.2     0.2     0.2     0.2     0.3     0.4 -9999.0 -9999.0 -9999.0 -9999.0 -9999.0 -9999.0 -9999.0 -9999.0 -9999.0 -9999.0 -9999.0 -9999.0 -9999.0 -9999.0 -9999.0 -9999.0 -9999.0 -9999.0 -9999.0 -9999.0 -9999.0 -9999.0 -9999.0 -9999.0 -9999.0 -9999.0 -9999.0 -9999.0 -9999.0
 -9999.0 -9999.0 -9999.0 -9999.0 -9999.0 -9999.0 -9999.0     1.8     0.7     1.5     0.1     0.0     0.9     0.2     0.1     7.8     1.1     2.3     1.7     0.3     0.0     0.0     0.0     0.0     0.0     0.0     0.0     0.0     0.1     0.2     0.6     1.3     2.3     3.2     4.2     4.3     5.5     4.9     6.3     6.4     1.8     7.1     5.7     2.5     0.7     0.1     0.3     0.2     0.7     0.4     0.8     1.5     1.8     4.7     2.8     1.9     2.8     3.9     6.1     6.8     8.4     5.4     4.2     5.4     7.7     6.1     8.3     9.4     7.4     8.6     7.9     8.0     9.8    10.1     7.3     6.6     4.2     6.5    10.0     6.6     9.2     7.5     5.2     2.7     1.1     0.5     0.2     0.2     0.3     0.4     0.4     0.4     0.6     0.5     0.3     0.3     0.2 -9999.0 -9999.0 -9999.0 -9999.0 -9999.0 -9999.0 -9999.0 -9999.0 -9999.0 -9999.0 -9999.0 -9999.0 -9999.0 -9999.0 -9999.0 -9999.0 -9999.0 -9999.0 -9999.0 -9999.0 -9999.0 -9999.0 -9999.0 -9999.0 -9999.0 -9999.0 -9999.0 -9999.0 -9999.0 -9999.0 -9999.0
 -9999.0 -9999.0 -9999.0 -9999.0 -9999.0 -9999.0 -9999.0     0.1     2.5     0.3     0.1     0.3     0.1     0.0     0.0     0.0     0.0     0.0     0.0     0.0     0.0     0.0     0.0     0.0     0.0     0.0     0.0     0.0     0.1     0.3     0.7     1.4     2.5     3.5     4.3     4.9     5.0     5.7     5.5     4.7     4.6     4.3     4.8     9.6     3.0     0.8     1.7     2.2     7.0     4.8    11.1     7.8     2.9     3.1     4.6     2.5     3.2     4.6     6.4     7.6     8.3     9.5     7.5    10.7    10.5    10.4     9.8     9.4    11.5     8.8    10.9    12.5    13.3    13.5     8.9    11.3    10.0     7.9     8.9    12.8    17.7    13.4    12.4     4.2     2.0     1.2     0.8     0.6     0.7     0.6     0.6     0.6     0.6     0.7     0.9     0.9 -9999.0 -9999.0 -9999.0 -9999.0 -9999.0 -9999.0 -9999.0 -9999.0 -9999.0 -9999.0 -9999.0 -9999.0 -9999.0 -9999.0 -9999.0 -9999.0 -9999.0 -9999.0 -9999.0 -9999.0 -9999.0 -9999.0 -9999.0 -9999.0 -9999.0 -9999.0 -9999.0 -9999.0 -9999.0 -9999.0 -9999.0 -9999.0
 -9999.0 -9999.0 -9999.0 -9999.0 -9999.0 -9999.0 -9999.0 -9999.0 -9999.0     0.3     0.3     0.5     0.0     0.0     0.0     0.0     0.0     0.0     0.0     0.0     0.0     0.0     0.0     0.0     0.0     0.0     0.0     0.0     0.1     0.2     1.1     1.7     2.7     3.7     4.6     5.0     5.1     5.4     4.8     5.0     4.0     4.3     3.7     3.1     4.8     5.2     5.9     6.1     7.2     7.5     9.6     7.2     5.2     4.1     6.1     3.6     3.6     4.8     7.5     8.4     8.7     9.6    11.1    12.0    14.1    13.7    13.0    13.1    15.7    14.3    17.2    17.5    16.6    16.7    17.1    10.6     9.7    10.2    12.5    17.3    21.0    18.2     8.6     5.2     3.5     2.3     1.6     1.2     0.8     0.5     0.5     0.5     0.5     0.9     1.4 -9999.0 -9999.0 -9999.0 -9999.0 -9999.0 -9999.0 -9999.0 -9999.0 -9999.0 -9999.0 -9999.0 -9999.0 -9999.0 -9999.0 -9999.0 -9999.0 -9999.0 -9999.0 -9999.0 -9999.0 -9999.0 -9999.0 -9999.0 -9999.0 -9999.0 -9999.0 -9999.0 -9999.0 -9999.0 -9999.0 -9999.0 -9999.0 -9999.0
 -9999.0 -9999.0 -9999.0 -9999.0 -9999.0 -9999.0 -9999.0 -9999.0 -9999.0 -9999.0 -9999.0     0.0     0.8     0.0     0.0     0.0     0.0     0.0     0.0     0.0     0.0     0.0     0.0     0.0     0.0     0.0     0.0     0.0     0.1     0.3     0.9     1.4     2.9     4.0     4.9     5.7     5.6     5.5     7.7     5.1     5.7     4.2     3.2     2.9     7.1     4.7    10.9     8.2    10.3     9.5     6.7     7.2     7.3     8.2    10.1     7.7     6.3     7.9     9.3    10.6    11.6    10.9    11.7    13.1    13.6    17.7    17.4    18.5    19.4    21.4    23.0    22.5    19.1    16.6    16.5    14.2    12.6    12.1    13.7    17.9    17.8    13.8    10.2     6.4     4.8     3.4     2.3     1.4     1.0     0.7     0.6     0.5     0.8     1.7     3.2 -9999.0 -9999.0 -9999.0 -9999.0 -9999.0 -9999.0 -9999.0 -9999.0 -9999.0 -9999.0 -9999.0 -9999.0 -9999.0 -9999.0 -9999.0 -9999.0 -9999.0 -9999.0 -9999.0 -9999.0 -9999.0 -9999.0 -9999.0 -9999.0 -9999.0 -9999.0 -9999.0 -9999.0 -9999.0 -9999.0 -9999.0 -9999.0 -9999.0
 -9999.0 -9999.0 -9999.0 -9999.0 -9999.0 -9999.0 -9999.0 -9999.0 -9999.0 -9999.0 -9999.0 -9999.0     0.3     0.2     0.0     0.0     0.0     0.0     0.0     0.0     0.0     0.0     0.0     0.0     0.0     0.0     0.0     0.0     0.1     0.1     0.7     1.7     2.9     3.8     4.9     5.7     6.7     5.8     5.0     4.1     3.6     3.4     3.3     4.6     5.0     6.8     9.9     6.8     8.1     8.6    13.5    13.3    11.2    10.5    12.5    13.9    13.2    13.7    10.9    14.3    14.8    14.0    13.3    13.6    16.5    18.0    23.8    23.3    22.4    24.3    22.4    23.1    21.3    18.7    14.7    30.0    14.4    14.1    13.6    26.5    16.6    12.2     9.7     6.9     5.8     4.7     3.1     2.2     2.2     2.5     2.4     2.3     3.5     6.0     9.0    11.2    12.5 -9999.0 -9999.0 -9999.0 -9999.0 -9999.0 -9999.0 -9999.0 -9999.0 -9999.0 -9999.0 -9999.0 -9999.0 -9999.0 -9999.0 -9999.0 -9999.0 -9999.0 -9999.0 -9999.0 -9999.0 -9999.0 -9999.0 -9999.0 -9999.0 -9999.0 -9999.0 -9999.0 -9999.0 -9999.0 -9999.0 -9999.0
 -9999.0 -9999.0 -9999.0 -9999.0 -9999.0 -9999.0 -9999.0 -9999.0 -9999.0 -9999.0 -9999.0 -9999.0     0.0     0.5     0.6     0.0     0.0     0.0     0.0     0.0     0.0     0.0     0.0     0.0     0.0     0.0     0.0     0.1     0.1     0.5     0.6     1.0     2.5     4.0     4.9     5.7     6.3     6.4     5.5     4.6     3.5     3.3     5.3     3.8     6.4     9.7     7.3     6.6     3.8     7.6     8.7    13.6    13.5    18.3    17.6    20.7    17.2    15.6    13.0    14.5    15.8    15.8    14.9    15.3    18.0    22.2    16.9    16.7    14.1    16.6    22.0    30.0    32.0    16.6    15.4    12.3    11.6    21.4    18.8    18.2    34.8     9.5     9.8     9.6     9.2     8.6     7.4     6.6     8.0     9.7    10.1    11.2    14.1    17.7    20.8    22.1    22.7 -9999.0 -9999.0 -9999.0 -9999.0 -9999.0 -9999.0 -9999.0 -9999.0 -9999.0 -9999.0 -9999.0 -9999.0 -9999.0 -9999.0 -9999.0 -9999.0 -9999.0 -9999.0 -9999.0 -9999.0 -9999.0 -9999.0 -9999.0 -9999.0 -9999.0 -9999.0 -9999.0 -9999.0 -9999.0 -9999.0 -9999.0
 -9999.0 -9999.0 -9999.0 -9999.0 -9999.0 -9999.0 -9999.0 -9999.0 -9999.0 -9999.0 -9999.0 -9999.0 -9999.0     0.0     0.0     0.2     0.0     0.0     0.0     0.0     0.0     0.0     0.0     0.0     0.0     0.0     0.0     0.0     0.0     0.1     0.7     1.7     1.9     3.2     5.2     5.7     5.7     5.6     8.0     5.6     4.7     5.4     5.4     8.3     7.2     6.8     9.5    11.9    12.3    11.1    12.2    12.3    16.3    30.5    28.1    25.3    19.9    17.1    16.7    13.7    13.6    14.7    15.4    18.0     9.3    17.5    23.5    19.8    15.5    11.5     9.2     7.7    10.6    12.4    18.3    13.6    14.0    15.0    16.3    15.3    17.9    12.1    14.6    16.5    16.8    17.5    18.5    19.3    21.9    24.4    25.3    28.2    31.9    34.0    35.2    35.3    35.4 -9999.0 -9999.0 -9999.0 -9999.0 -9999.0 -9999.0 -9999.0 -9999.0 -9999.0 -9999.0 -9999.0 -9999.0 -9999.0 -9999.0 -9999.0 -9999.0 -9999.0 -9999.0 -9999.0 -9999.0 -9999.0 -9999.0 -9999.0 -9999.0 -9999.0 -9999.0 -9999.0 -9999.0 -9999.0 -9999.0 -9999.0
 -9999.0 -9999.0 -9999.0 -9999.0 -9999.0 -9999.0 -9999.0 -9999.0 -9999.0 -9999.0 -9999.0 -9999.0     0.1     0.0     0.0     0.0     0.0     0.0     0.0     0.0     0.0     0.0     0.0     0.0     0.0     0.0     0.0     0.0     0.0     0.1     0.4     1.7     1.4     3.4     4.4     5.4     5.5     4.8     4.1     3.9     6.5     9.4    12.4     7.2    10.2    12.2    11.6     9.8    11.3    11.9    18.6    26.2    21.6    27.6    24.6    22.4    21.3    12.6    13.0    10.9    11.4    13.0    15.6    18.0    19.7    18.7    12.3    13.3    13.9    14.8    10.7     5.9     6.1     9.4    10.1    11.0    14.6    19.5    22.5    21.5    18.4    18.1    20.9    23.4    24.9    28.7    33.4    35.7    37.7    40.4    43.0    46.4    48.3    49.1    49.9    49.9    50.1    51.7 -9999.0 -9999.0 -9999.0 -9999.0 -9999.0 -9999.0 -9999.0 -9999.0 -9999.0 -9999.0 -9999.0 -9999.0 -9999.0 -9999.0 -9999.0 -9999.0 -9999.0 -9999.0 -9999.0 -9999.0 -9999.0 -9999.0 -9999.0 -9999.0 -9999.0 -9999.0 -9999.0 -9999.0 -9999.0 -9999.0
 -9999.0 -9999.0 -9999.0 -9999.0 -9999.0 -9999.0 -9999.0 -9999.0 -9999.0 -9999.0 -9999.0 -9999.0     0.0     2.7     0.4     0.0     0.0     0.1     0.1     0.0     0.1     0.0     0.0     0.0     0.1     0.1     0.1     0.1     0.1     0.4     0.8     1.1     1.1     3.5     4.6     4.9     5.0     4.4     3.6     2.7     3.1     3.6     5.3     8.4    12.0    16.3    22.3    21.9    20.1    11.3    12.3    21.3    17.5    16.7    16.8    13.3    14.3    13.4    10.7    11.3    12.0    14.1    16.4    17.5    17.1    12.0    16.3    11.3     7.2     4.1     2.8     2.9     5.3    10.4    17.3    14.4    17.8    23.6    29.0    28.4    25.3    25.1    28.3    30.8    31.3    37.9    46.7    53.0    54.8    57.8    61.0    62.4    61.4    63.7    66.8    67.1    65.4    65.3    63.0 -9999.0 -9999.0 -9999.0 -9999.0 -9999.0 -9999.0 -9999.0 -9999.0 -9999.0 -9999.0 -9999.0 -9999.0 -9999.0 -9999.0 -9999.0 -9999.0 -9999.0 -9999.0 -9999.0 -9999.0 -9999.0 -9999.0 -9999.0 -9999.0 -9999.0 -9999.0 -9999.0 -9999.0 -9999.0
 -9999.0 -9999.0 -9999.0 -9999.0 -9999.0 -9999.0 -9999.0 -9999.0 -9999.0 -9999.0 -9999.0 -9999.0    10.6     0.2     4.1     1.0     0.7     0.0     0.0     0.0     0.0     0.0     0.0     0.0     0.0     0.0     0.0     0.0     0.1     0.1     0.4     0.1     1.5     3.1     3.8     4.2     4.3     3.8     3.0     3.0     2.8     3.1     8.5     7.3    13.8    22.5    27.5    24.6    18.1    15.2    14.6    10.9    28.5    28.4    17.3     6.6     8.9     9.7     9.8     8.2     9.4    12.2    18.7    15.7     9.2    15.6    15.6    11.5     7.7     5.2     3.7     4.3     6.7    14.9    53.5    28.4    51.4    27.2    34.7    34.7    29.7    30.8    33.3    37.9    42.9    49.6    63.0    80.8    76.2    78.4    81.5    83.3    82.8    84.1    87.0    87.4    82.8    76.8    68.0    58.3 -9999.0 -9999.0 -9999.0 -9999.0 -9999.0 -9999.0 -9999.0 -9999.0 -9999.0 -9999.0 -9999.0 -9999.0 -9999.0 -9999.0 -9999.0 -9999.0 -9999.0 -9999.0 -9999.0 -9999.0 -9999.0 -9999.0 -9999.0 -9999.0 -9999.0 -9999.0 -9999.0 -9999.0
 -9999.0 -9999.0 -9999.0 -9999.0 -9999.0 -9999.0 -9999.0 -9999.0 -9999.0 -9999.0 -9999.0 -9999.0 -9999.0     0.0     0.0     2.4     0.7     1.3     0.0     0.0     0.0     0.0     0.0     0.0     0.1     0.0     0.0     0.1     0.0     0.2     0.0     0.1     0.2     1.3     1.9     2.1     3.0     3.1     2.8     2.3     2.6     7.5    12.3    13.5    13.7    18.8    24.9    20.4    22.9    17.7     9.0    15.8    11.3     5.0    11.9     9.9     3.2     4.2     6.3    10.6    10.3    22.0    17.0     7.9    12.2    15.9    14.2    10.9     9.5     7.6     6.1     5.6     9.0    10.1    18.7    20.2    24.2    30.8    40.4    39.3    35.5    37.9    45.4    51.2    58.1    67.5    80.8   100.5    94.1    94.7   100.5   106.9   110.2   107.8   107.9   107.7   103.9    91.6    76.1 -9999.0 -9999.0 -9999.0 -9999.0 -9999.0 -9999.0 -9999.0 -9999.0 -9999.0 -9999.0 -9999.0 -9999.0 -9999.0 -9999.0 -9999.0 -9999.0 -9999.0 -9999.0 -9999.0 -9999.0 -9999.0 -9999.0 -9999.0 -9999.0 -9999.0 -9999.0 -9999.0 -9999.0 -9999.0
 -9999.0 -9999.0 -9999.0 -9999.0 -9999.0 -9999.0 -9999.0 -9999.0 -9999.0 -9999.0 -9999.0 -9999.0 -9999.0    31.4     0.4     5.6     0.1     4.8     2.8     0.6     0.0     0.0     0.0     0.0     1.6     0.1     0.0     0.2     0.0     0.0     0.0     0.0     0.1     0.1     0.3     0.9     1.7     2.1     2.7     5.7     3.5     5.6     8.6    12.0    22.8    18.4    20.3    15.9    14.0    10.2    11.0     2.4     6.4    10.1    11.3     5.4     1.4     2.0     4.4     2.6     8.9     5.9     5.9    11.7    13.5    13.7    10.5     8.8     9.3     9.5     8.4     7.8     9.4    15.2    22.1    30.4    44.2    34.5    44.3    47.3    48.0    53.5    64.1    74.6    83.3    90.1    96.5    99.0    97.7   101.6   110.4   120.7   125.7   122.7   124.3   128.5   124.5   111.3    94.9 -9999.0 -9999.0 -9999.0 -9999.0 -9999.0 -9999.0 -9999.0 -9999.0 -9999.0 -9999.0 -9999.0 -9999.0 -9999.0 -9999.0 -9999.0 -9999.0 -9999.0 -9999.0 -9999.0 -9999.0 -9999.0 -9999.0 -9999.0 -9999.0 -9999.0 -9999.0 -9999.0 -9999.0 -9999.0
 -9999.0 -9999.0 -9999.0 -9999.0 -9999.0 -9999.0 -9999.0 -9999.0 -9999.0 -9999.0 -9999.0 -9999.0 -9999.0 -9999.0 -9999.0    10.1    12.6     4.8     7.6    10.6     0.3     2.3     2.6     1.0     0.2     0.1     0.0     0.0     0.0     0.0     0.0     0.0     0.0     0.0     0.1     0.2     1.1     0.9     1.5     2.3     5.5     8.0     8.9     9.4     8.2    11.2    14.0    11.7    10.2     3.7     3.0    12.0     2.5     2.7     0.1     1.4     1.2     0.1     3.9     7.3     1.9     3.6    16.6    15.9    17.1    14.6    10.2     8.2     8.6     9.9     9.5     8.8    18.1    25.6    27.8    43.3    44.4    57.8    50.7    58.8    64.0    73.1    84.4    95.6   102.5   106.0   106.9   102.6    99.7   107.4   118.7   127.2   133.8   132.6   138.0   145.6   140.3 -9999.0   118.1 -9999.0 -9999.0 -9999.0 -9999.0 -9999.0 -9999.0 -9999.0 -9999.0 -9999.0 -9999.0 -9999.0 -9999.0 -9999.0 -9999.0 -9999.0 -9999.0 -9999.0 -9999.0 -9999.0 -9999.0 -9999.0 -9999.0 -9999.0 -9999.0 -9999.0 -9999.0 -9999.0 -9999.0 -9999.0
 -9999.0 -9999.0 -9999.0 -9999.0 -9999.0 -9999.0 -9999.0 -9999.0 -9999.0 -9999.0 -9999.0 -9999.0 -9999.0 -9999.0 -9999.0 -9999.0 -9999.0   225.4    90.6 -9999.0    50.8     6.2    18.9    14.9     1.5     1.2     0.0     0.0     0.0     0.0     0.0     0.0     0.0     0.0     0.1     0.1     0.6     0.2     0.9     1.8     3.5     8.0     6.4     5.3     9.2     8.3    58.7    14.1     6.6     5.3     3.3     1.1     1.2     2.9     3.1     2.3     0.1     2.6     2.9     6.0     0.2     4.5    13.8    23.1    24.5    19.7    14.7    10.9    10.0    10.8     8.5    17.5    26.3    30.4    39.6    50.2    49.1    53.5    63.2    71.0    77.6    85.5    94.4   103.9   111.8   117.7   120.8   114.0   112.7   125.2   139.8   147.6   157.5   161.2   159.0   151.8   148.1   135.9   125.2   116.6   106.8 -9999.0 -9999.0 -9999.0 -9999.0 -9999.0 -9999.0 -9999.0 -9999.0 -9999.0 -9999.0 -9999.0 -9999.0 -9999.0 -9999.0 -9999.0 -9999.0 -9999.0 -9999.0 -9999.0 -9999.0 -9999.0 -9999.0 -9999.0 -9999.0 -9999.0 -9999.0 -9999.0
 -9999.0 -9999.0 -9999.0 -9999.0 -9999.0 -9999.0 -9999.0 -9999.0 -9999.0 -9999.0 -9999.0 -9999.0 -9999.0 -9999.0 -9999.0 -9999.0 -9999.0 -9999.0 -9999.0 -9999.0 -9999.0    43.8    20.4     2.3     7.7    23.9    12.0     3.7     0.1     0.1     0.0     0.2     0.0     0.0     0.0     0.0     0.1     0.1     0.2     0.3     0.4     6.7     7.5     5.1     6.7     5.2   109.0    12.2    15.0    59.8     5.6    17.6    14.4     2.1     2.8     5.1     3.8     0.9    10.8     5.5     0.4     1.4     7.1    20.9    36.9    33.6    26.0    17.2    13.0    12.2    11.7    18.4    24.4    29.7    36.6    45.2    54.7    65.2    76.7    84.4    90.0    97.1   104.9   114.0   139.1   135.9   140.2   136.3   135.1   152.0   171.0   180.6   172.8   165.5   181.2   164.5   145.6   130.7   120.3   109.6 -9999.0 -9999.0 -9999.0 -9999.0 -9999.0 -9999.0 -9999.0 -9999.0 -9999.0 -9999.0 -9999.0 -9999.0 -9999.0 -9999.0 -9999.0 -9999.0 -9999.0 -9999.0 -9999.0 -9999.0 -9999.0 -9999.0 -9999.0 -9999.0 -9999.0 -9999.0 -9999.0 -9999.0
 -9999.0 -9999.0 -9999.0 -9999.0 -9999.0 -9999.0 -9999.0 -9999.0 -9999.0 -9999.0 -9999.0 -9999.0 -9999.0 -9999.0 -9999.0 -9999.0 -9999.0 -9999.0 -9999.0 -9999.0 -9999.0 -9999.0 -9999.0   174.5    47.1    42.0    28.0     9.6     0.0     0.2     0.0     0.0     0.0     0.0     0.0     0.1     0.8     0.8     3.6     6.4     5.6     8.9     2.3     0.8     7.3   136.5    30.0    26.6    50.4    62.9    21.2    20.2    18.4    15.1     7.6     1.2     4.5     8.4     2.0     8.5     1.9     6.0    11.2    10.6    22.8    39.6    35.8    22.8    20.0    14.9    19.2    18.8    21.6    31.4    34.5    45.6    62.2    75.5    87.6    97.0   103.3   114.6   128.0   144.5   160.1   176.1   154.9   154.2   155.4   173.7   190.7   192.8   200.4   193.0   187.4   164.6   139.5   124.1   108.9 -9999.0 -9999.0 -9999.0 -9999.0 -9999.0 -9999.0 -9999.0 -9999.0 -9999.0 -9999.0 -9999.0 -9999.0 -9999.0 -9999.0 -9999.0 -9999.0 -9999.0 -9999.0 -9999.0 -9999.0 -9999.0 -9999.0 -9999.0 -9999.0 -9999.0 -9999.0 -9999.0 -9999.0 -9999.0
 -9999.0 -9999.0 -9999.0 -9999.0 -9999.0 -9999.0 -9999.0 -9999.0 -9999.0 -9999.0 -9999.0 -9999.0 -9999.0 -9999.0 -9999.0 -9999.0 -9999.0 -9999.0 -9999.0 -9999.0 -9999.0 -9999.0 -9999.0 -9999.0 -9999.0   330.1   114.7     0.3     0.1     0.0     0.0     0.1     0.1     0.0     0.4     1.0     5.1     4.4    10.6     8.1    14.4     4.4     7.4     6.0    75.5   158.2   106.7   242.7    23.6    64.7    32.6    39.5    41.6    40.0    28.6    14.5    10.9     7.0    11.8    12.3    12.8    14.3    31.1    10.4    19.2    33.4    33.3    29.8    29.9    27.0    18.9    17.7    15.4    29.0    38.8    46.0    57.3    79.5   115.3   110.4   116.7   134.9   152.4   165.6   177.9   160.7   153.7   152.3   169.0   191.4   203.7   203.8   199.8   181.7   180.5   157.6   128.8   110.1 -9999.0 -9999.0 -9999.0 -9999.0 -9999.0 -9999.0 -9999.0 -9999.0 -9999.0 -9999.0 -9999.0 -9999.0 -9999.0 -9999.0 -9999.0 -9999.0 -9999.0 -9999.0 -9999.0 -9999.0 -9999.0 -9999.0 -9999.0 -9999.0 -9999.0 -9999.0 -9999.0 -9999.0 -9999.0 -9999.0
 -9999.0 -9999.0 -9999.0 -9999.0 -9999.0 -9999.0 -9999.0 -9999.0 -9999.0 -9999.0 -9999.0 -9999.0 -9999.0 -9999.0 -9999.0 -9999.0 -9999.0 -9999.0 -9999.0 -9999.0 -9999.0 -9999.0 -9999.0 -9999.0 -9999.0 -9999.0 -9999.0   373.5   307.8    63.5    31.4    18.7     0.1    15.1     3.2    35.2     8.1     9.9     9.6    11.1    14.5     3.7    20.0    81.7   112.9   168.7   227.1   260.0   283.0   159.1   264.6   266.4    91.2    94.4    61.1    33.8    18.2    12.8    14.5    12.4     6.3    17.3    11.0    10.1    13.0    14.7    26.6    26.0    24.1    20.8    16.1    20.5    15.3    28.6    36.6    47.8    81.2   101.6   101.4   111.6   127.2   142.8   165.3   176.3   166.1   155.6   154.1   178.0   187.8   206.2   210.9   187.3   193.8   181.6   163.8   147.5   121.0 -9999.0 -9999.0 -9999.0 -9999.0 -9999.0 -9999.0 -9999.0 -9999.0 -9999.0 -9999.0 -9999.0 -9999.0 -9999.0 -9999.0 -9999.0 -9999.0 -9999.0 -9999.0 -9999.0 -9999.0 -9999.0 -9999.0 -9999.0 -9999.0 -9999.0 -9999.0 -9999.0 -9999.0 -9999.0 -9999.0 -9999.0
 -9999.0 -9999.0 -9999.0 -9999.0 -9999.0 -9999.0 -9999.0 -9999.0 -9999.0 -9999.0 -9999.0 -9999.0 -9999.0 -9999.0 -9999.0 -9999.0 -9999.0 -9999.0 -9999.0 -9999.0 -9999.0 -9999.0 -9999.0 -9999.0 -9999.0 -9999.0 -9999.0 -9999.0 -9999.0 -9999.0 -9999.0 -9999.0 -9999.0    88.8    18.4 -9999.0 -9999.0 -9999.0    37.1    17.3    19.4    30.5    22.3   109.6   159.4   182.2 -9999.0 -9999.0 -9999.0 -9999.0 -9999.0 -9999.0   177.4    87.4    96.6    44.0    17.9    13.2    12.0     9.7    10.8    16.3    10.5     7.4     6.9    11.2    22.4    32.6    28.7    18.8    14.3    21.2    32.3    37.0    59.1    64.1   106.2   104.1   114.2   115.8   122.6   142.2   164.0   168.5   167.4   155.8   159.1   178.4   196.6   202.3   195.7   185.2   176.4   157.7   146.0   129.2   109.0 -9999.0 -9999.0 -9999.0 -9999.0 -9999.0 -9999.0 -9999.0 -9999.0 -9999.0 -9999.0 -9999.0 -9999.0 -9999.0 -9999.0 -9999.0 -9999.0 -9999.0 -9999.0 -9999.0 -9999.0 -9999.0 -9999.0 -9999.0 -9999.0 -9999.0 -9999.0 -9999.0 -9999.0 -9999.0 -9999.0 -9999.0
 -9999.0 -9999.0 -9999.0 -9999.0 -9999.0 -9999.0 -9999.0 -9999.0 -9999.0 -9999.0 -9999.0 -9999.0 -9999.0 -9999.0 -9999.0 -9999.0 -9999.0 -9999.0 -9999.0 -9999.0 -9999.0 -9999.0 -9999.0 -9999.0 -9999.0 -9999.0 -9999.0 -9999.0 -9999.0 -9999.0 -9999.0 -9999.0 -9999.0 -9999.0 -9999.0 -9999.0 -9999.0 -9999.0 -9999.0   131.1   120.3   121.3   127.7   136.5 -9999.0 -9999.0 -9999.0 -9999.0 -9999.0 -9999.0 -9999.0 -9999.0   139.3    82.9    61.5    29.3    10.2     6.9     5.9     5.5     7.0    12.5    13.2     5.6    10.0    17.9    30.1    30.9    26.5    27.8    29.9    36.6    42.5    69.3    75.5    89.9   105.2   112.9   133.5   108.9   121.6   140.4   153.8   164.6   154.9   150.8   163.7   175.5   176.9   174.2   162.9   149.3   131.9   124.1   118.2   104.9 -9999.0 -9999.0 -9999.0 -9999.0 -9999.0 -9999.0 -9999.0 -9999.0 -9999.0 -9999.0 -9999.0 -9999.0 -9999.0 -9999.0 -9999.0 -9999.0 -9999.0 -9999.0 -9999.0 -9999.0 -9999.0 -9999.0 -9999.0 -9999.0 -9999.0 -9999.0 -9999.0 -9999.0 -9999.0 -9999.0 -9999.0 -9999.0
 -9999.0 -9999.0 -9999.0 -9999.0 -9999.0 -9999.0 -9999.0 -9999.0 -9999.0 -9999.0 -9999.0 -9999.0 -9999.0 -9999.0 -9999.0 -9999.0 -9999.0 -9999.0 -9999.0 -9999.0 -9999.0 -9999.0 -9999.0 -9999.0 -9999.0 -9999.0 -9999.0 -9999.0 -9999.0 -9999.0 -9999.0 -9999.0 -9999.0 -9999.0 -9999.0 -9999.0 -9999.0 -9999.0 -9999.0 -9999.0 -9999.0 -9999.0 -9999.0 -9999.0 -9999.0 -9999.0 -9999.0 -9999.0 -9999.0 -9999.0 -9999.0 -9999.0   103.7    71.3    43.3    25.5     8.8     5.3     4.4     5.3     5.5     9.1    29.7     6.5     9.0    15.7    24.6    28.2    27.5    31.8    43.6    60.2    88.2    89.2    99.6    99.6   113.1   117.3   118.8   119.4   135.2   148.2   146.4   148.2   138.9   137.0   142.4   145.9   144.6   136.6   123.3   112.2    91.0    92.6    82.6 -9999.0 -9999.0 -9999.0 -9999.0 -9999.0 -9999.0 -9999.0 -9999.0 -9999.0 -9999.0 -9999.0 -9999.0 -9999.0 -9999.0 -9999.0 -9999.0 -9999.0 -9999.0 -9999.0 -9999.0 -9999.0 -9999.0 -9999.0 -9999.0 -9999.0 -9999.0 -9999.0 -9999.0 -9999.0 -9999.0 -9999.0 -9999.0 -9999.0
 -9999.0 -9999.0 -9999.0 -9999.0 -9999.0 -9999.0 -9999.0 -9999.0 -9999.0 -9999.0 -9999.0 -9999.0 -9999.0 -9999.0 -9999.0 -9999.0 -9999.0 -9999.0 -9999.0 -9999.0 -9999.0 -9999.0 -9999.0 -9999.0 -9999.0 -9999.0 -9999.0 -9999.0 -9999.0 -9999.0 -9999.0 -9999.0 -9999.0 -9999.0 -9999.0 -9999.0 -9999.0 -9999.0 -9999.0 -9999.0 -9999.0 -9999.0 -9999.0 -9999.0 -9999.0 -9999.0 -9999.0 -9999.0 -9999.0 -9999.0 -9999.0    82.7    61.0    55.0    31.2    21.8    13.9     9.4     6.7     2.3    11.5    14.1    11.1    10.9    12.2    19.3    28.3    34.7    34.0    39.9    54.7    69.8    69.1    68.9    87.7   101.4   116.2   118.8   127.8   132.3   136.8   140.4   151.0   124.7   109.7   103.9   112.4   109.2   110.0   103.6    94.9    81.0    71.4    60.4    59.3 -9999.0 -9999.0 -9999.0 -9999.0 -9999.0 -9999.0 -9999.0 -9999.0 -9999.0 -9999.0 -9999.0 -9999.0 -9999.0 -9999.0 -9999.0 -9999.0 -9999.0 -9999.0 -9999.0 -9999.0 -9999.0 -9999.0 -9999.0 -9999.0 -9999.0 -9999.0 -9999.0 -9999.0 -9999.0 -9999.0 -9999.0 -9999.0 -9999.0
 -9999.0 -9999.0 -9999.0 -9999.0 -9999.0 -9999.0 -9999.0 -9999.0 -9999.0 -9999.0 -9999.0 -9999.0 -9999.0 -9999.0 -9999.0 -9999.0 -9999.0 -9999.0 -9999.0 -9999.0 -9999.0 -9999.0 -9999.0 -9999.0 -9999.0 -9999.0 -9999.0 -9999.0 -9999.0 -9999.0 -9999.0 -9999.0 -9999.0 -9999.0 -9999.0 -9999.0 -9999.0 -9999.0 -9999.0 -9999.0 -9999.0 -9999.0 -9999.0 -9999.0 -9999.0 -9999.0 -9999.0 -9999.0 -9999.0 -9999.0    66.8    56.3    49.3    44.9    35.4    29.5    23.7    14.9    10.0    10.6    10.9    18.6    18.8    21.5    23.1    27.3    34.8    43.6    46.0    49.8    60.9    61.5    61.8    70.6    83.5    98.8   108.5   113.5   114.8   117.4   123.8   123.2   115.2    98.5    91.9    81.7    83.7    82.6    84.9    80.2    71.3    65.6    58.0    53.5    50.3 -9999.0 -9999.0 -9999.0 -9999.0 -9999.0 -9999.0 -9999.0 -9999.0 -9999.0 -9999.0 -9999.0 -9999.0 -9999.0 -9999.0 -9999.0 -9999.0 -9999.0 -9999.0 -9999.0 -9999.0 -9999.0 -9999.0 -9999.0 -9999.0 -9999.0 -9999.0 -9999.0 -9999.0 -9999.0 -9999.0 -9999.0 -9999.0 -9999.0
 -9999.0 -9999.0 -9999.0 -9999.0 -9999.0 -9999.0 -9999.0 -9999.0 -9999.0 -9999.0 -9999.0 -9999.0 -9999.0 -9999.0 -9999.0 -9999.0 -9999.0 -9999.0 -9999.0 -9999.0 -9999.0 -9999.0 -9999.0 -9999.0 -9999.0 -9999.0 -9999.0 -9999.0 -9999.0 -9999.0 -9999.0 -9999.0 -9999.0 -9999.0 -9999.0 -9999.0 -9999.0 -9999.0 -9999.0 -9999.0 -9999.0 -9999.0 -9999.0 -9999.0 -9999.0 -9999.0 -9999.0 -9999.0 -9999.0 -9999.0    38.8    45.3    27.7    39.1    39.6    35.6    20.8    21.8    16.1    13.3    15.8    23.0    25.2    29.3    30.1    23.4    31.1    42.6    50.2    52.5    63.5    70.6    69.2    64.8    73.5    91.0    96.3   102.3   101.4   100.1   103.4   103.7    96.3    84.0    78.5    73.9    70.8    69.0    69.7    66.4    56.6    54.5    52.1    49.1 -9999.0 -9999.0 -9999.0 -9999.0 -9999.0 -9999.0 -9999.0 -9999.0 -9999.0 -9999.0 -9999.0 -9999.0 -9999.0 -9999.0 -9999.0 -9999.0 -9999.0 -9999.0 -9999.0 -9999.0 -9999.0 -9999.0 -9999.0 -9999.0 -9999.0 -9999.0 -9999.0 -9999.0 -9999.0 -9999.0 -9999.0 -9999.0 -9999.0 -9999.0
 -9999.0 -9999.0 -9999.0 -9999.0 -9999.0 -9999.0 -9999.0 -9999.0 -9999.0 -9999.0 -9999.0 -9999.0 -9999.0 -9999.0 -9999.0 -9999.0 -9999.0 -9999.0 -9999.0 -9999.0 -9999.0 -9999.0 -9999.0 -9999.0 -9999.0 -9999.0 -9999.0 -9999.0 -9999.0 -9999.0 -9999.0 -9999.0 -9999.0 -9999.0 -9999.0 -9999.0 -9999.0 -9999.0 -9999.0 -9999.0 -9999.0 -9999.0 -9999.0 -9999.0 -9999.0 -9999.0 -9999.0 -9999.0 -9999.0 -9999.0    19.5    17.7    11.3    38.6    26.4    26.6    31.1    21.4    21.3    16.9    27.1    35.0    35.3    28.2    27.9    20.4    22.4    34.3    43.0    62.8    66.4    89.3    78.2    78.8    79.2    87.2    83.5    89.7    87.6    89.9    84.9    85.3    80.6    73.3    68.3    67.0    65.1    62.7    59.2    54.8    44.6    43.2 -9999.0 -9999.0 -9999.0 -9999.0 -9999.0 -9999.0 -9999.0 -9999.0 -9999.0 -9999.0 -9999.0 -9999.0 -9999.0 -9999.0 -9999.0 -9999.0 -9999.0 -9999.0 -9999.0 -9999.0 -9999.0 -9999.0 -9999.0 -9999.0 -9999.0 -9999.0 -9999.0 -9999.0 -9999.0 -9999.0 -9999.0 -9999.0 -9999.0 -9999.0 -9999.0 -9999.0
 -9999.0 -9999.0 -9999.0 -9999.0 -9999.0 -9999.0 -9999.0 -9999.0 -9999.0 -9999.0 -9999.0 -9999.0 -9999.0 -9999.0 -9999.0 -9999.0 -9999.0 -9999.0 -9999.0 -9999.0 -9999.0 -9999.0 -9999.0 -9999.0 -9999.0 -9999.0 -9999.0 -9999.0 -9999.0 -9999.0 -9999.0 -9999.0 -9999.0 -9999.0 -9999.0 -9999.0 -9999.0 -9999.0 -9999.0 -9999.0 -9999.0 -9999.0 -9999.0 -9999.0 -9999.0 -9999.0 -9999.0 -9999.0 -9999.0 -9999.0    13.9    18.4    12.8    19.9    22.2    27.8    12.9    19.2    21.9    21.0    37.7    40.8    24.0    29.5    28.8    23.6    29.6    42.0    64.4    37.5    63.4    76.2    87.6    89.2    85.6    84.7    78.9    79.7    74.8    76.9    72.1    66.2    64.0    58.8    55.6    53.2    50.2    51.7    46.5    40.8    36.5 -9999.0 -9999.0 -9999.0 -9999.0 -9999.0 -9999.0 -9999.0 -9999.0 -9999.0 -9999.0 -9999.0 -9999.0 -9999.0 -9999.0 -9999.0 -9999.0 -9999.0 -9999.0 -9999.0 -9999.0 -9999.0 -9999.0 -9999.0 -9999.0 -9999.0 -9999.0 -9999.0 -9999.0 -9999.0 -9999.0 -9999.0 -9999.0 -9999.0 -9999.0 -9999.0 -9999.0 -9999.0
 -9999.0 -9999.0 -9999.0 -9999.0 -9999.0 -9999.0 -9999.0 -9999.0 -9999.0 -9999.0 -9999.0 -9999.0 -9999.0 -9999.0 -9999.0 -9999.0 -9999.0 -9999.0 -9999.0 -9999.0 -9999.0 -9999.0 -9999.0 -9999.0 -9999.0 -9999.0 -9999.0 -9999.0 -9999.0 -9999.0 -9999.0 -9999.0 -9999.0 -9999.0 -9999.0 -9999.0 -9999.0 -9999.0 -9999.0 -9999.0 -9999.0 -9999.0 -9999.0 -9999.0 -9999.0 -9999.0 -9999.0 -9999.0 -9999.0 -9999.0 -9999.0 -9999.0 -9999.0     8.9    10.2    11.8    14.7    20.1    18.7    30.1    74.0    40.8    67.2    43.3    34.6    30.6    44.6    49.8    72.7    68.8    55.7    59.7    73.5    86.0    93.0    89.7    80.6    74.3    69.2    63.3    55.2    48.9    43.9    41.1    39.0    37.6    37.7    36.1    37.7    33.5 -9999.0 -9999.0 -9999.0 -9999.0 -9999.0 -9999.0 -9999.0 -9999.0 -9999.0 -9999.0 -9999.0 -9999.0 -9999.0 -9999.0 -9999.0 -9999.0 -9999.0 -9999.0 -9999.0 -9999.0 -9999.0 -9999.0 -9999.0 -9999.0 -9999.0 -9999.0 -9999.0 -9999.0 -9999.0 -9999.0 -9999.0 -9999.0 -9999.0 -9999.0 -9999.0 -9999.0 -9999.0 -9999.0
 -9999.0 -9999.0 -9999.0 -9999.0 -9999.0 -9999.0 -9999.0 -9999.0 -9999.0 -9999.0 -9999.0 -9999.0 -9999.0 -9999.0 -9999.0 -9999.0 -9999.0 -9999.0 -9999.0 -9999.0 -9999.0 -9999.0 -9999.0 -9999.0 -9999.0 -9999.0 -9999.0 -9999.0 -9999.0 -9999.0 -9999.0 -9999.0 -9999.0 -9999.0 -9999.0 -9999.0 -9999.0 -9999.0 -9999.0 -9999.0 -9999.0 -9999.0 -9999.0 -9999.0 -9999.0 -9999.0 -9999.0 -9999.0 -9999.0 -9999.0 -9999.0 -9999.0 -9999.0    10.2    10.3    24.6    15.2    16.7    32.5    72.9    78.6    74.2   108.6    68.0    56.1    50.0    43.4    77.1    59.4    53.2    40.5    45.9    61.3    79.3    94.3    93.9    80.7    66.2    56.7    48.9    39.8    31.1    25.7 -9999.0    25.1    25.8 -9999.0 -9999.0 -9999.0 -9999.0 -9999.0 -9999.0 -9999.0 -9999.0 -9999.0 -9999.0 -9999.0 -9999.0 -9999.0 -9999.0 -9999.0 -9999.0 -9999.0 -9999.0 -9999.0 -9999.0 -9999.0 -9999.0 -9999.0 -9999.0 -9999.0 -9999.0 -9999.0 -9999.0 -9999.0 -9999.0 -9999.0 -9999.0 -9999.0 -9999.0 -9999.0 -9999.0 -9999.0 -9999.0 -9999.0 -9999.0 -9999.0 -9999.0
 -9999.0 -9999.0 -9999.0 -9999.0 -9999.0 -9999.0 -9999.0 -9999.0 -9999.0 -9999.0 -9999.0 -9999.0 -9999.0 -9999.0 -9999.0 -9999.0 -9999.0 -9999.0 -9999.0 -9999.0 -9999.0 -9999.0 -9999.0 -9999.0 -9999.0 -9999.0 -9999.0 -9999.0 -9999.0 -9999.0 -9999.0 -9999.0 -9999.0 -9999.0 -9999.0 -9999.0 -9999.0 -9999.0 -9999.0 -9999.0 -9999.0 -9999.0 -9999.0 -9999.0 -9999.0 -9999.0 -9999.0 -9999.0 -9999.0 -9999.0 -9999.0 -9999.0 -9999.0    15.4    12.3    24.3    25.6    28.9    51.7    84.1   131.5   143.8   164.9   144.7    82.5 -9999.0 -9999.0 -9999.0    75.4    49.6    45.3    51.6    58.7    67.8    79.8    81.8    68.2    52.5    44.8    35.2    27.4    19.7    15.4 -9999.0 -9999.0 -9999.0 -9999.0 -9999.0 -9999.0 -9999.0 -9999.0 -9999.0 -9999.0 -9999.0 -9999.0 -9999.0 -9999.0 -9999.0 -9999.0 -9999.0 -9999.0 -9999.0 -9999.0 -9999.0 -9999.0 -9999.0 -9999.0 -9999.0 -9999.0 -9999.0 -9999.0 -9999.0 -9999.0 -9999.0 -9999.0 -9999.0 -9999.0 -9999.0 -9999.0 -9999.0 -9999.0 -9999.0 -9999.0 -9999.0 -9999.0 -9999.0 -9999.0 -9999.0
 -9999.0 -9999.0 -9999.0 -9999.0 -9999.0 -9999.0 -9999.0 -9999.0 -9999.0 -9999.0 -9999.0 -9999.0 -9999.0 -9999.0 -9999.0 -9999.0 -9999.0 -9999.0 -9999.0 -9999.0 -9999.0 -9999.0 -9999.0 -9999.0 -9999.0 -9999.0 -9999.0 -9999.0 -9999.0 -9999.0 -9999.0 -9999.0 -9999.0 -9999.0 -9999.0 -9999.0 -9999.0 -9999.0 -9999.0 -9999.0 -9999.0 -9999.0 -9999.0 -9999.0 -9999.0 -9999.0 -9999.0 -9999.0 -9999.0 -9999.0 -9999.0 -9999.0 -9999.0 -9999.0    28.0    33.0    30.4    38.2    80.2   135.1   131.6 -9999.0 -9999.0 -9999.0 -9999.0 -9999.0 -9999.0 -9999.0    64.3    63.9    70.7    56.2    53.5    53.4    54.0    51.6    44.0    32.6    26.4 -9999.0    19.4 -9999.0 -9999.0 -9999.0 -9999.0 -9999.0 -9999.0 -9999.0 -9999.0 -9999.0 -9999.0 -9999.0 -9999.0 -9999.0 -9999.0 -9999.0 -9999.0 -9999.0 -9999.0 -9999.0 -9999.0 -9999.0 -9999.0 -9999.0 -9999.0 -9999.0 -9999.0 -9999.0 -9999.0 -9999.0 -9999.0 -9999.0 -9999.0 -9999.0 -9999.0 -9999.0 -9999.0 -9999.0 -9999.0 -9999.0 -9999.0 -9999.0 -9999.0 -9999.0 -9999.0 -9999.0 -9999.0 -9999.0
 -9999.0 -9999.0 -9999.0 -9999.0 -9999.0 -9999.0 -9999.0 -9999.0 -9999.0 -9999.0 -9999.0 -9999.0 -9999.0 -9999.0 -9999.0 -9999.0 -9999.0 -9999.0 -9999.0 -9999.0 -9999.0 -9999.0 -9999.0 -9999.0 -9999.0 -9999.0 -9999.0 -9999.0 -9999.0 -9999.0 -9999.0 -9999.0 -9999.0 -9999.0 -9999.0 -9999.0 -9999.0 -9999.0 -9999.0 -9999.0 -9999.0 -9999.0 -9999.0 -9999.0 -9999.0 -9999.0 -9999.0 -9999.0 -9999.0 -9999.0 -9999.0 -9999.0 -9999.0 -9999.0 -9999.0    42.8    72.9    72.0    92.6   145.9   172.6 -9999.0 -9999.0 -9999.0 -9999.0 -9999.0 -9999.0 -9999.0 -9999.0 -9999.0    58.2 -9999.0 -9999.0 -9999.0 -9999.0 -9999.0    23.0 -9999.0 -9999.0 -9999.0 -9999.0 -9999.0 -9999.0 -9999.0 -9999.0 -9999.0 -9999.0 -9999.0 -9999.0 -9999.0 -9999.0 -9999.0 -9999.0 -9999.0 -9999.0 -9999.0 -9999.0 -9999.0 -9999.0 -9999.0 -9999.0 -9999.0 -9999.0 -9999.0 -9999.0 -9999.0 -9999.0 -9999.0 -9999.0 -9999.0 -9999.0 -9999.0 -9999.0 -9999.0 -9999.0 -9999.0 -9999.0 -9999.0 -9999.0 -9999.0 -9999.0 -9999.0 -9999.0 -9999.0 -9999.0 -9999.0 -9999.0 -9999.0
 -9999.0 -9999.0 -9999.0 -9999.0 -9999.0 -9999.0 -9999.0 -9999.0 -9999.0 -9999.0 -9999.0 -9999.0 -9999.0 -9999.0 -9999.0 -9999.0 -9999.0 -9999.0 -9999.0 -9999.0 -9999.0 -9999.0 -9999.0 -9999.0 -9999.0 -9999.0 -9999.0 -9999.0 -9999.0 -9999.0 -9999.0 -9999.0 -9999.0 -9999.0 -9999.0 -9999.0 -9999.0 -9999.0 -9999.0 -9999.0 -9999.0 -9999.0 -9999.0 -9999.0 -9999.0 -9999.0 -9999.0 -9999.0 -9999.0 -9999.0 -9999.0 -9999.0 -9999.0 -9999.0 -9999.0 -9999.0 -9999.0 -9999.0   127.5   148.4 -9999.0 -9999.0 -9999.0 -9999.0 -9999.0 -9999.0 -9999.0 -9999.0 -9999.0 -9999.0 -9999.0 -9999.0 -9999.0 -9999.0 -9999.0    16.3    16.9 -9999.0 -9999.0 -9999.0 -9999.0 -9999.0 -9999.0 -9999.0 -9999.0 -9999.0 -9999.0 -9999.0 -9999.0 -9999.0 -9999.0 -9999.0 -9999.0 -9999.0 -9999.0 -9999.0 -9999.0 -9999.0 -9999.0 -9999.0 -9999.0 -9999.0 -9999.0 -9999.0 -9999.0 -9999.0 -9999.0 -9999.0 -9999.0 -9999.0 -9999.0 -9999.0 -9999.0 -9999.0 -9999.0 -9999.0 -9999.0 -9999.0 -9999.0 -9999.0 -9999.0 -9999.0 -9999.0 -9999.0 -9999.0 -9999.0 -9999.0 -9999.0
 -9999.0 -9999.0 -9999.0 -9999.0 -9999.0 -9999.0 -9999.0 -9999.0 -9999.0 -9999.0 -9999.0 -9999.0 -9999.0 -9999.0 -9999.0 -9999.0 -9999.0 -9999.0 -9999.0 -9999.0 -9999.0 -9999.0 -9999.0 -9999.0 -9999.0 -9999.0 -9999.0 -9999.0 -9999.0 -9999.0 -9999.0 -9999.0 -9999.0 -9999.0 -9999.0 -9999.0 -9999.0 -9999.0 -9999.0 -9999.0 -9999.0 -9999.0 -9999.0 -9999.0 -9999.0 -9999.0 -9999.0 -9999.0 -9999.0 -9999.0 -9999.0 -9999.0 -9999.0 -9999.0 -9999.0 -9999.0 -9999.0 -9999.0 -9999.0 -9999.0 -9999.0 -9999.0 -9999.0 -9999.0 -9999.0 -9999.0 -9999.0 -9999.0 -9999.0 -9999.0 -9999.0 -9999.0 -9999.0 -9999.0 -9999.0 -9999.0 -9999.0 -9999.0 -9999.0 -9999.0 -9999.0 -9999.0 -9999.0 -9999.0 -9999.0 -9999.0 -9999.0 -9999.0 -9999.0 -9999.0 -9999.0 -9999.0 -9999.0 -9999.0 -9999.0 -9999.0 -9999.0 -9999.0 -9999.0 -9999.0 -9999.0 -9999.0 -9999.0 -9999.0 -9999.0 -9999.0 -9999.0 -9999.0 -9999.0 -9999.0 -9999.0 -9999.0 -9999.0 -9999.0 -9999.0 -9999.0 -9999.0 -9999.0 -9999.0 -9999.0 -9999.0 -9999.0 -9999.0 -9999.0 -9999.0 -9999.0 -9999.0 -9999.0
 -9999.0 -9999.0 -9999.0 -9999.0 -9999.0 -9999.0 -9999.0 -9999.0 -9999.0 -9999.0 -9999.0 -9999.0 -9999.0 -9999.0 -9999.0 -9999.0 -9999.0 -9999.0 -9999.0 -9999.0 -9999.0 -9999.0 -9999.0 -9999.0 -9999.0 -9999.0 -9999.0 -9999.0 -9999.0 -9999.0 -9999.0 -9999.0 -9999.0 -9999.0 -9999.0 -9999.0 -9999.0 -9999.0 -9999.0 -9999.0 -9999.0 -9999.0 -9999.0 -9999.0 -9999.0 -9999.0 -9999.0 -9999.0 -9999.0 -9999.0 -9999.0 -9999.0 -9999.0 -9999.0 -9999.0 -9999.0 -9999.0 -9999.0 -9999.0 -9999.0 -9999.0 -9999.0 -9999.0 -9999.0 -9999.0 -9999.0 -9999.0 -9999.0 -9999.0 -9999.0 -9999.0 -9999.0 -9999.0 -9999.0 -9999.0    19.8    36.2    52.0 -9999.0 -9999.0 -9999.0 -9999.0 -9999.0 -9999.0 -9999.0 -9999.0 -9999.0 -9999.0 -9999.0 -9999.0 -9999.0 -9999.0 -9999.0 -9999.0 -9999.0 -9999.0 -9999.0 -9999.0 -9999.0 -9999.0 -9999.0 -9999.0 -9999.0 -9999.0 -9999.0 -9999.0 -9999.0 -9999.0 -9999.0 -9999.0 -9999.0 -9999.0 -9999.0 -9999.0 -9999.0 -9999.0 -9999.0 -9999.0 -9999.0 -9999.0 -9999.0 -9999.0 -9999.0 -9999.0 -9999.0 -9999.0 -9999.0 -9999.0
 -9999.0 -9999.0 -9999.0 -9999.0 -9999.0 -9999.0 -9999.0 -9999.0 -9999.0 -9999.0 -9999.0 -9999.0 -9999.0 -9999.0 -9999.0 -9999.0 -9999.0 -9999.0 -9999.0 -9999.0 -9999.0 -9999.0 -9999.0 -9999.0 -9999.0 -9999.0 -9999.0 -9999.0 -9999.0 -9999.0 -9999.0 -9999.0 -9999.0 -9999.0 -9999.0 -9999.0 -9999.0 -9999.0 -9999.0 -9999.0 -9999.0 -9999.0 -9999.0 -9999.0 -9999.0 -9999.0 -9999.0 -9999.0 -9999.0 -9999.0 -9999.0 -9999.0 -9999.0 -9999.0 -9999.0 -9999.0 -9999.0 -9999.0 -9999.0 -9999.0 -9999.0 -9999.0 -9999.0 -9999.0 -9999.0 -9999.0 -9999.0 -9999.0 -9999.0 -9999.0 -9999.0 -9999.0 -9999.0     1.5     8.3    20.7    47.2 -9999.0 -9999.0 -9999.0 -9999.0 -9999.0 -9999.0 -9999.0 -9999.0 -9999.0 -9999.0 -9999.0 -9999.0 -9999.0 -9999.0 -9999.0 -9999.0 -9999.0 -9999.0 -9999.0 -9999.0 -9999.0 -9999.0 -9999.0 -9999.0 -9999.0 -9999.0 -9999.0 -9999.0 -9999.0 -9999.0 -9999.0 -9999.0 -9999.0 -9999.0 -9999.0 -9999.0 -9999.0 -9999.0 -9999.0 -9999.0 -9999.0 -9999.0 -9999.0 -9999.0 -9999.0 -9999.0 -9999.0 -9999.0 -9999.0 -9999.0 -9999.0
 -9999.0 -9999.0 -9999.0 -9999.0 -9999.0 -9999.0 -9999.0 -9999.0 -9999.0 -9999.0 -9999.0 -9999.0 -9999.0 -9999.0 -9999.0 -9999.0 -9999.0 -9999.0 -9999.0 -9999.0 -9999.0 -9999.0 -9999.0 -9999.0 -9999.0 -9999.0 -9999.0 -9999.0 -9999.0 -9999.0 -9999.0 -9999.0 -9999.0 -9999.0 -9999.0 -9999.0 -9999.0 -9999.0 -9999.0 -9999.0 -9999.0 -9999.0 -9999.0 -9999.0 -9999.0 -9999.0 -9999.0 -9999.0 -9999.0 -9999.0 -9999.0 -9999.0 -9999.0 -9999.0 -9999.0 -9999.0 -9999.0 -9999.0 -9999.0 -9999.0 -9999.0 -9999.0 -9999.0 -9999.0 -9999.0 -9999.0 -9999.0 -9999.0 -9999.0 -9999.0 -9999.0 -9999.0 -9999.0 -9999.0     1.9    17.2    43.2 -9999.0 -9999.0 -9999.0 -9999.0 -9999.0 -9999.0 -9999.0 -9999.0 -9999.0 -9999.0 -9999.0 -9999.0 -9999.0 -9999.0 -9999.0 -9999.0 -9999.0 -9999.0 -9999.0 -9999.0 -9999.0 -9999.0 -9999.0 -9999.0 -9999.0 -9999.0 -9999.0 -9999.0 -9999.0 -9999.0 -9999.0 -9999.0 -9999.0 -9999.0 -9999.0 -9999.0 -9999.0 -9999.0 -9999.0 -9999.0 -9999.0 -9999.0 -9999.0 -9999.0 -9999.0 -9999.0 -9999.0 -9999.0 -9999.0 -9999.0 -9999.0
 -9999.0 -9999.0 -9999.0 -9999.0 -9999.0 -9999.0 -9999.0 -9999.0 -9999.0 -9999.0 -9999.0 -9999.0 -9999.0 -9999.0 -9999.0 -9999.0 -9999.0 -9999.0 -9999.0 -9999.0 -9999.0 -9999.0 -9999.0 -9999.0 -9999.0 -9999.0 -9999.0 -9999.0 -9999.0 -9999.0 -9999.0 -9999.0 -9999.0 -9999.0 -9999.0 -9999.0 -9999.0 -9999.0 -9999.0 -9999.0 -9999.0 -9999.0 -9999.0 -9999.0 -9999.0 -9999.0 -9999.0 -9999.0 -9999.0 -9999.0 -9999.0 -9999.0 -9999.0 -9999.0 -9999.0 -9999.0 -9999.0 -9999.0 -9999.0 -9999.0 -9999.0 -9999.0 -9999.0 -9999.0 -9999.0 -9999.0 -9999.0 -9999.0 -9999.0 -9999.0 -9999.0 -9999.0 -9999.0 -9999.0 -9999.0 -9999.0 -9999.0 -9999.0 -9999.0 -9999.0 -9999.0 -9999.0 -9999.0 -9999.0 -9999.0 -9999.0 -9999.0 -9999.0 -9999.0 -9999.0 -9999.0 -9999.0 -9999.0 -9999.0 -9999.0 -9999.0 -9999.0 -9999.0 -9999.0 -9999.0 -9999.0 -9999.0 -9999.0 -9999.0 -9999.0 -9999.0 -9999.0 -9999.0 -9999.0 -9999.0 -9999.0 -9999.0 -9999.0 -9999.0 -9999.0 -9999.0 -9999.0 -9999.0 -9999.0 -9999.0 -9999.0 -9999.0 -9999.0 -9999.0 -9999.0 -9999.0 -9999.0 -9999.0
