NCOLS      128
NROWS       72
XLLCORNER    72.000000000000    
YLLCORNER    18.000000000000    
CELLSIZE    0.50000000000000    
NODATA_VALUE   -9999.000    
 -9999.0 -9999.0 -9999.0 -9999.0 -9999.0 -9999.0 -9999.0 -9999.0 -9999.0 -9999.0 -9999.0 -9999.0 -9999.0 -9999.0 -9999.0 -9999.0 -9999.0 -9999.0 -9999.0 -9999.0 -9999.0 -9999.0 -9999.0 -9999.0 -9999.0 -9999.0 -9999.0 -9999.0 -9999.0 -9999.0 -9999.0 -9999.0 -9999.0 -9999.0 -9999.0 -9999.0 -9999.0 -9999.0 -9999.0 -9999.0 -9999.0 -9999.0 -9999.0 -9999.0 -9999.0 -9999.0 -9999.0 -9999.0 -9999.0 -9999.0 -9999.0 -9999.0 -9999.0 -9999.0 -9999.0 -9999.0 -9999.0 -9999.0 -9999.0 -9999.0 -9999.0 -9999.0 -9999.0 -9999.0 -9999.0 -9999.0 -9999.0 -9999.0 -9999.0 -9999.0 -9999.0 -9999.0 -9999.0 -9999.0 -9999.0 -9999.0 -9999.0 -9999.0 -9999.0 -9999.0 -9999.0 -9999.0 -9999.0 -9999.0 -9999.0 -9999.0 -9999.0 -9999.0 -9999.0 -9999.0 -9999.0 -9999.0 -9999.0 -9999.0 -9999.0 -9999.0 -9999.0    35.7    41.2    45.9    47.0    45.4    40.0    33.7    28.6 -9999.0 -9999.0 -9999.0 -9999.0 -9999.0 -9999.0 -9999.0 -9999.0 -9999.0 -9999.0 -9999.0 -9999.0 -9999.0 -9999.0 -9999.0 -9999.0 -9999.0 -9999.0 -9999.0 -9999.0 -9999.0 -9999.0 -9999.0
 -9999.0 -9999.0 -9999.0 -9999.0 -9999.0 -9999.0 -9999.0 -9999.0 -9999.0 -9999.0 -9999.0 -9999.0 -9999.0 -9999.0 -9999.0 -9999.0 -9999.0 -9999.0 -9999.0 -9999.0 -9999.0 -9999.0 -9999.0 -9999.0 -9999.0 -9999.0 -9999.0 -9999.0 -9999.0 -9999.0 -9999.0 -9999.0 -9999.0 -9999.0 -9999.0 -9999.0 -9999.0 -9999.0 -9999.0 -9999.0 -9999.0 -9999.0 -9999.0 -9999.0 -9999.0 -9999.0 -9999.0 -9999.0 -9999.0 -9999.0 -9999.0 -9999.0 -9999.0 -9999.0 -9999.0 -9999.0 -9999.0 -9999.0 -9999.0 -9999.0 -9999.0 -9999.0 -9999.0 -9999.0 -9999.0 -9999.0 -9999.0 -9999.0 -9999.0 -9999.0 -9999.0 -9999.0 -9999.0 -9999.0 -9999.0 -9999.0 -9999.0 -9999.0 -9999.0 -9999.0 -9999.0 -9999.0 -9999.0 -9999.0 -9999.0 -9999.0 -9999.0 -9999.0 -9999.0 -9999.0 -9999.0 -9999.0 -9999.0 -9999.0 -9999.0 -9999.0    27.7    32.4    37.1    43.3    45.9    45.4    40.6    33.6    27.5    26.1    31.0    42.1    58.9 -9999.0 -9999.0 -9999.0 -9999.0 -9999.0 -9999.0 -9999.0 -9999.0 -9999.0 -9999.0 -9999.0 -9999.0 -9999.0 -9999.0 -9999.0 -9999.0 -9999.0 -9999.0 -9999.0
 -9999.0 -9999.0 -9999.0 -9999.0 -9999.0 -9999.0 -9999.0 -9999.0 -9999.0 -9999.0 -9999.0 -9999.0 -9999.0 -9999.0 -9999.0 -9999.0 -9999.0 -9999.0 -9999.0 -9999.0 -9999.0 -9999.0 -9999.0 -9999.0 -9999.0 -9999.0 -9999.0 -9999.0 -9999.0 -9999.0 -9999.0 -9999.0 -9999.0 -9999.0 -9999.0 -9999.0 -9999.0 -9999.0 -9999.0 -9999.0 -9999.0 -9999.0 -9999.0 -9999.0 -9999.0 -9999.0 -9999.0 -9999.0 -9999.0 -9999.0 -9999.0 -9999.0 -9999.0 -9999.0 -9999.0 -9999.0 -9999.0 -9999.0 -9999.0 -9999.0 -9999.0 -9999.0 -9999.0 -9999.0 -9999.0 -9999.0 -9999.0 -9999.0 -9999.0 -9999.0 -9999.0 -9999.0 -9999.0 -9999.0 -9999.0 -9999.0 -9999.0 -9999.0 -9999.0 -9999.0 -9999.0 -9999.0 -9999.0 -9999.0 -9999.0 -9999.0 -9999.0 -9999.0 -9999.0 -9999.0 -9999.0 -9999.0 -9999.0 -9999.0 -9999.0    19.9    23.2    28.0    34.0    41.4    46.4    47.6    44.1    36.8    28.9    26.1    30.4    43.1    62.6 -9999.0 -9999.0 -9999.0 -9999.0 -9999.0 -9999.0 -9999.0 -9999.0 -9999.0 -9999.0 -9999.0 -9999.0 -9999.0 -9999.0 -9999.0 -9999.0 -9999.0 -9999.0 -9999.0
 -9999.0 -9999.0 -9999.0 -9999.0 -9999.0 -9999.0 -9999.0 -9999.0 -9999.0 -9999.0 -9999.0 -9999.0 -9999.0 -9999.0 -9999.0 -9999.0 -9999.0 -9999.0 -9999.0 -9999.0 -9999.0 -9999.0 -9999.0 -9999.0 -9999.0 -9999.0 -9999.0 -9999.0 -9999.0 -9999.0 -9999.0 -9999.0 -9999.0 -9999.0 -9999.0 -9999.0 -9999.0 -9999.0 -9999.0 -9999.0 -9999.0 -9999.0 -9999.0 -9999.0 -9999.0 -9999.0 -9999.0 -9999.0 -9999.0 -9999.0 -9999.0 -9999.0 -9999.0 -9999.0 -9999.0 -9999.0 -9999.0 -9999.0 -9999.0 -9999.0 -9999.0 -9999.0 -9999.0 -9999.0 -9999.0 -9999.0 -9999.0 -9999.0 -9999.0 -9999.0 -9999.0 -9999.0 -9999.0 -9999.0 -9999.0 -9999.0 -9999.0 -9999.0 -9999.0 -9999.0 -9999.0 -9999.0 -9999.0 -9999.0 -9999.0 -9999.0 -9999.0 -9999.0 -9999.0 -9999.0 -9999.0 -9999.0 -9999.0 -9999.0 -9999.0    17.8    19.6    25.3    31.9    40.1    47.3    51.1    49.9    43.8    35.4    30.0    33.8    46.6    66.7    86.8 -9999.0 -9999.0 -9999.0 -9999.0 -9999.0 -9999.0 -9999.0 -9999.0 -9999.0 -9999.0 -9999.0 -9999.0 -9999.0 -9999.0 -9999.0 -9999.0 -9999.0 -9999.0
 -9999.0 -9999.0 -9999.0 -9999.0 -9999.0 -9999.0 -9999.0 -9999.0 -9999.0 -9999.0 -9999.0 -9999.0 -9999.0 -9999.0 -9999.0 -9999.0 -9999.0 -9999.0 -9999.0 -9999.0 -9999.0 -9999.0 -9999.0 -9999.0 -9999.0 -9999.0 -9999.0 -9999.0 -9999.0 -9999.0 -9999.0 -9999.0 -9999.0 -9999.0 -9999.0 -9999.0 -9999.0 -9999.0 -9999.0 -9999.0 -9999.0 -9999.0 -9999.0 -9999.0 -9999.0 -9999.0 -9999.0 -9999.0 -9999.0 -9999.0 -9999.0 -9999.0 -9999.0 -9999.0 -9999.0 -9999.0 -9999.0 -9999.0 -9999.0 -9999.0 -9999.0 -9999.0 -9999.0 -9999.0 -9999.0 -9999.0 -9999.0 -9999.0 -9999.0 -9999.0 -9999.0 -9999.0 -9999.0 -9999.0 -9999.0 -9999.0 -9999.0 -9999.0 -9999.0 -9999.0 -9999.0 -9999.0 -9999.0 -9999.0 -9999.0 -9999.0 -9999.0 -9999.0 -9999.0 -9999.0 -9999.0 -9999.0 -9999.0 -9999.0 -9999.0    16.1    18.2    22.7    30.8    40.4    49.2    55.3    56.1    51.8    44.6    38.9    39.1    49.4    65.9    84.4    93.4 -9999.0 -9999.0 -9999.0 -9999.0 -9999.0 -9999.0 -9999.0 -9999.0 -9999.0 -9999.0 -9999.0 -9999.0 -9999.0 -9999.0 -9999.0 -9999.0 -9999.0
 -9999.0 -9999.0 -9999.0 -9999.0 -9999.0 -9999.0 -9999.0 -9999.0 -9999.0 -9999.0 -9999.0 -9999.0 -9999.0 -9999.0 -9999.0 -9999.0 -9999.0 -9999.0 -9999.0 -9999.0 -9999.0 -9999.0 -9999.0 -9999.0 -9999.0 -9999.0 -9999.0 -9999.0 -9999.0 -9999.0 -9999.0 -9999.0 -9999.0 -9999.0 -9999.0 -9999.0 -9999.0 -9999.0 -9999.0 -9999.0 -9999.0 -9999.0 -9999.0 -9999.0 -9999.0 -9999.0 -9999.0 -9999.0 -9999.0 -9999.0 -9999.0 -9999.0 -9999.0 -9999.0 -9999.0 -9999.0 -9999.0 -9999.0 -9999.0 -9999.0 -9999.0 -9999.0 -9999.0 -9999.0 -9999.0 -9999.0 -9999.0 -9999.0 -9999.0 -9999.0 -9999.0 -9999.0 -9999.0 -9999.0 -9999.0 -9999.0 -9999.0 -9999.0 -9999.0 -9999.0 -9999.0 -9999.0 -9999.0 -9999.0 -9999.0 -9999.0 -9999.0 -9999.0 -9999.0 -9999.0 -9999.0 -9999.0 -9999.0 -9999.0    18.6    16.6    17.4    22.5    31.7    43.5    53.8    58.1    59.6    54.9    47.4    41.9    41.4    48.1    59.1    72.6    80.2 -9999.0 -9999.0 -9999.0 -9999.0 -9999.0 -9999.0 -9999.0 -9999.0 -9999.0 -9999.0 -9999.0 -9999.0 -9999.0 -9999.0 -9999.0 -9999.0 -9999.0
 -9999.0 -9999.0 -9999.0 -9999.0 -9999.0 -9999.0 -9999.0 -9999.0 -9999.0 -9999.0 -9999.0 -9999.0 -9999.0 -9999.0 -9999.0 -9999.0 -9999.0 -9999.0 -9999.0 -9999.0 -9999.0 -9999.0 -9999.0 -9999.0 -9999.0 -9999.0 -9999.0 -9999.0 -9999.0 -9999.0 -9999.0 -9999.0 -9999.0 -9999.0 -9999.0 -9999.0 -9999.0 -9999.0 -9999.0 -9999.0 -9999.0 -9999.0 -9999.0 -9999.0 -9999.0 -9999.0 -9999.0 -9999.0 -9999.0 -9999.0 -9999.0 -9999.0 -9999.0 -9999.0 -9999.0 -9999.0 -9999.0 -9999.0 -9999.0 -9999.0 -9999.0 -9999.0 -9999.0 -9999.0 -9999.0 -9999.0 -9999.0 -9999.0 -9999.0 -9999.0 -9999.0 -9999.0 -9999.0 -9999.0 -9999.0 -9999.0 -9999.0 -9999.0 -9999.0 -9999.0 -9999.0 -9999.0 -9999.0 -9999.0 -9999.0 -9999.0 -9999.0 -9999.0 -9999.0 -9999.0 -9999.0 -9999.0 -9999.0 -9999.0    22.9    19.4    20.0    25.9    37.0    48.9    59.7    64.6    62.2    54.0    44.4    40.1    39.4    43.4    50.0    57.4    68.0    79.3 -9999.0 -9999.0 -9999.0 -9999.0 -9999.0 -9999.0 -9999.0 -9999.0 -9999.0 -9999.0 -9999.0 -9999.0 -9999.0 -9999.0 -9999.0 -9999.0
 -9999.0 -9999.0 -9999.0 -9999.0 -9999.0 -9999.0 -9999.0 -9999.0 -9999.0 -9999.0 -9999.0 -9999.0 -9999.0 -9999.0 -9999.0 -9999.0 -9999.0 -9999.0 -9999.0 -9999.0 -9999.0 -9999.0 -9999.0 -9999.0 -9999.0 -9999.0 -9999.0 -9999.0 -9999.0 -9999.0 -9999.0 -9999.0 -9999.0 -9999.0 -9999.0 -9999.0 -9999.0 -9999.0 -9999.0 -9999.0 -9999.0 -9999.0 -9999.0 -9999.0 -9999.0 -9999.0 -9999.0 -9999.0 -9999.0 -9999.0 -9999.0 -9999.0 -9999.0 -9999.0 -9999.0 -9999.0 -9999.0 -9999.0 -9999.0 -9999.0 -9999.0 -9999.0 -9999.0 -9999.0 -9999.0 -9999.0 -9999.0 -9999.0 -9999.0 -9999.0 -9999.0 -9999.0 -9999.0 -9999.0 -9999.0 -9999.0 -9999.0 -9999.0 -9999.0 -9999.0 -9999.0 -9999.0 -9999.0 -9999.0 -9999.0 -9999.0 -9999.0 -9999.0 -9999.0    43.8 -9999.0 -9999.0    43.9    37.5    32.6    28.0    27.6    34.5    46.8    60.3    67.0    70.7    66.0    52.8    42.5    37.3    36.3    39.5    44.1    49.9    60.7    75.3 -9999.0 -9999.0 -9999.0 -9999.0 -9999.0 -9999.0 -9999.0 -9999.0 -9999.0 -9999.0 -9999.0 -9999.0 -9999.0 -9999.0 -9999.0 -9999.0
 -9999.0 -9999.0 -9999.0 -9999.0 -9999.0 -9999.0 -9999.0 -9999.0 -9999.0 -9999.0 -9999.0 -9999.0 -9999.0 -9999.0 -9999.0 -9999.0 -9999.0 -9999.0 -9999.0 -9999.0 -9999.0 -9999.0 -9999.0 -9999.0 -9999.0 -9999.0 -9999.0 -9999.0 -9999.0 -9999.0 -9999.0 -9999.0 -9999.0 -9999.0 -9999.0 -9999.0 -9999.0 -9999.0 -9999.0 -9999.0 -9999.0 -9999.0 -9999.0 -9999.0 -9999.0 -9999.0 -9999.0 -9999.0 -9999.0 -9999.0 -9999.0 -9999.0 -9999.0 -9999.0 -9999.0 -9999.0 -9999.0 -9999.0 -9999.0 -9999.0 -9999.0 -9999.0 -9999.0 -9999.0 -9999.0 -9999.0 -9999.0 -9999.0 -9999.0 -9999.0 -9999.0 -9999.0 -9999.0 -9999.0 -9999.0 -9999.0 -9999.0 -9999.0 -9999.0 -9999.0 -9999.0 -9999.0 -9999.0 -9999.0 -9999.0 -9999.0 -9999.0 -9999.0    48.8    52.7    53.6    55.7    54.5    49.4    47.2    43.3    43.9    51.3    63.1    75.5    84.4    84.2    73.7    59.7    46.3    38.4    36.2    38.8    44.3    52.1    63.6    82.9    98.0   106.2   108.5   107.4 -9999.0 -9999.0 -9999.0 -9999.0 -9999.0 -9999.0 -9999.0 -9999.0 -9999.0 -9999.0 -9999.0 -9999.0
 -9999.0 -9999.0 -9999.0 -9999.0 -9999.0 -9999.0 -9999.0 -9999.0 -9999.0 -9999.0 -9999.0 -9999.0 -9999.0 -9999.0 -9999.0 -9999.0 -9999.0 -9999.0 -9999.0 -9999.0 -9999.0 -9999.0 -9999.0 -9999.0 -9999.0 -9999.0 -9999.0 -9999.0 -9999.0    52.4    57.0    61.2    65.7 -9999.0 -9999.0 -9999.0 -9999.0 -9999.0 -9999.0 -9999.0 -9999.0 -9999.0 -9999.0 -9999.0 -9999.0 -9999.0 -9999.0 -9999.0 -9999.0 -9999.0 -9999.0 -9999.0 -9999.0 -9999.0 -9999.0 -9999.0 -9999.0 -9999.0 -9999.0 -9999.0 -9999.0 -9999.0 -9999.0 -9999.0 -9999.0 -9999.0 -9999.0 -9999.0 -9999.0 -9999.0 -9999.0 -9999.0 -9999.0 -9999.0 -9999.0 -9999.0 -9999.0 -9999.0 -9999.0 -9999.0 -9999.0 -9999.0 -9999.0 -9999.0 -9999.0 -9999.0 -9999.0    47.6    51.2    54.3    58.0    62.5    61.8    62.0    62.6    62.9    64.9    72.0    84.3    95.2   100.6    97.7    88.0    67.9    53.3    42.7    39.9    43.6    50.7    60.7    75.6    92.5   101.6   108.2   106.5   110.6   106.3    91.4 -9999.0 -9999.0 -9999.0 -9999.0 -9999.0 -9999.0 -9999.0 -9999.0 -9999.0 -9999.0
 -9999.0 -9999.0 -9999.0 -9999.0 -9999.0 -9999.0 -9999.0 -9999.0 -9999.0 -9999.0 -9999.0 -9999.0 -9999.0 -9999.0 -9999.0 -9999.0 -9999.0 -9999.0 -9999.0 -9999.0 -9999.0 -9999.0 -9999.0 -9999.0 -9999.0 -9999.0 -9999.0    39.8    42.8    38.9    49.8    52.1    62.6    59.9 -9999.0 -9999.0 -9999.0 -9999.0 -9999.0 -9999.0 -9999.0 -9999.0 -9999.0 -9999.0 -9999.0 -9999.0 -9999.0 -9999.0 -9999.0 -9999.0 -9999.0 -9999.0 -9999.0 -9999.0 -9999.0 -9999.0 -9999.0 -9999.0 -9999.0 -9999.0 -9999.0 -9999.0 -9999.0 -9999.0 -9999.0 -9999.0 -9999.0 -9999.0 -9999.0 -9999.0 -9999.0 -9999.0 -9999.0 -9999.0 -9999.0 -9999.0 -9999.0 -9999.0 -9999.0 -9999.0 -9999.0 -9999.0 -9999.0 -9999.0 -9999.0 -9999.0 -9999.0    46.3    50.9    58.9    63.1    65.0    66.3    68.2    72.8    76.9    82.5    90.7   101.0   111.4   115.6   113.3   104.3    84.0    62.3    50.5    50.6    56.9    64.5    76.8    90.1    99.1    99.3   102.4   102.4   100.3   103.5    95.0 -9999.0 -9999.0 -9999.0 -9999.0 -9999.0    87.6    94.8   100.6   108.8 -9999.0
 -9999.0 -9999.0 -9999.0 -9999.0 -9999.0 -9999.0 -9999.0 -9999.0 -9999.0 -9999.0 -9999.0 -9999.0 -9999.0 -9999.0 -9999.0 -9999.0 -9999.0 -9999.0 -9999.0 -9999.0 -9999.0 -9999.0 -9999.0 -9999.0 -9999.0 -9999.0    30.5    27.0    28.8    27.8    27.7    30.6    64.0    61.5    79.4    95.6   115.5 -9999.0 -9999.0 -9999.0 -9999.0 -9999.0 -9999.0 -9999.0 -9999.0 -9999.0 -9999.0 -9999.0 -9999.0 -9999.0 -9999.0 -9999.0 -9999.0 -9999.0 -9999.0 -9999.0 -9999.0 -9999.0 -9999.0 -9999.0 -9999.0 -9999.0 -9999.0 -9999.0 -9999.0 -9999.0 -9999.0 -9999.0 -9999.0 -9999.0 -9999.0 -9999.0 -9999.0 -9999.0 -9999.0 -9999.0 -9999.0 -9999.0 -9999.0 -9999.0 -9999.0 -9999.0 -9999.0 -9999.0 -9999.0 -9999.0    48.6    53.7    59.9    64.9    65.3    66.7    67.5    70.6    77.0    83.3    92.2   101.5   111.0   115.2   118.5   118.8   113.9    98.0    76.0    66.5    71.9    80.6    88.7   100.5   109.8   110.3   105.5   107.7   100.5   108.2   127.0   118.1    86.9 -9999.0 -9999.0    83.5    86.9    90.8    96.8    92.6   109.0 -9999.0
 -9999.0 -9999.0 -9999.0 -9999.0 -9999.0 -9999.0 -9999.0 -9999.0 -9999.0 -9999.0 -9999.0 -9999.0 -9999.0 -9999.0 -9999.0 -9999.0 -9999.0 -9999.0 -9999.0 -9999.0 -9999.0 -9999.0 -9999.0 -9999.0 -9999.0 -9999.0    24.4    24.9    22.6    18.9    15.5    16.4    17.5    41.0    60.1    93.3   130.5   126.0 -9999.0 -9999.0 -9999.0 -9999.0 -9999.0 -9999.0 -9999.0 -9999.0 -9999.0 -9999.0 -9999.0 -9999.0 -9999.0 -9999.0 -9999.0 -9999.0 -9999.0 -9999.0 -9999.0 -9999.0 -9999.0 -9999.0 -9999.0 -9999.0 -9999.0 -9999.0 -9999.0 -9999.0 -9999.0 -9999.0 -9999.0 -9999.0 -9999.0 -9999.0 -9999.0 -9999.0 -9999.0 -9999.0 -9999.0 -9999.0 -9999.0 -9999.0 -9999.0 -9999.0 -9999.0 -9999.0 -9999.0 -9999.0    56.2    65.2    69.2    70.9    71.5    70.1    67.5    69.9    74.9    84.0    93.6   105.4   110.3   111.0   109.7   111.4   113.2   102.7    90.2    86.9    97.4   110.4   120.9   131.4   132.8   119.8   107.5   117.0   126.5   104.8   144.7   141.8   125.3   102.5    92.1    90.0    91.5    95.4   100.8   108.2   115.1 -9999.0
 -9999.0 -9999.0 -9999.0 -9999.0 -9999.0 -9999.0 -9999.0 -9999.0 -9999.0 -9999.0 -9999.0 -9999.0 -9999.0 -9999.0 -9999.0 -9999.0 -9999.0 -9999.0 -9999.0 -9999.0 -9999.0    84.6    81.2    59.4    44.1    43.4    42.6    38.7    27.7    19.3    12.9    12.0    12.7    20.1    41.3    65.0   114.0   128.3   144.7 -9999.0 -9999.0 -9999.0 -9999.0 -9999.0 -9999.0 -9999.0 -9999.0 -9999.0 -9999.0 -9999.0 -9999.0 -9999.0 -9999.0 -9999.0 -9999.0 -9999.0 -9999.0 -9999.0 -9999.0 -9999.0 -9999.0 -9999.0 -9999.0 -9999.0 -9999.0 -9999.0 -9999.0 -9999.0 -9999.0 -9999.0 -9999.0 -9999.0 -9999.0 -9999.0 -9999.0 -9999.0 -9999.0 -9999.0 -9999.0 -9999.0 -9999.0 -9999.0 -9999.0 -9999.0 -9999.0 -9999.0 -9999.0    67.5 -9999.0 -9999.0    79.1 -9999.0 -9999.0    65.8    70.8    79.7    91.6   105.5   107.7   107.0    94.3    98.3   102.4   102.2   100.3   104.2   116.5   133.0   140.6   143.0   136.0   123.4   114.8   115.3   130.8   138.3   163.0   156.2   132.5   110.0    96.1   101.3   102.9   105.0   107.1   105.7 -9999.0 -9999.0
 -9999.0 -9999.0 -9999.0 -9999.0 -9999.0 -9999.0 -9999.0 -9999.0 -9999.0 -9999.0 -9999.0 -9999.0 -9999.0 -9999.0 -9999.0 -9999.0 -9999.0 -9999.0 -9999.0 -9999.0 -9999.0    31.4    34.2    42.6    48.1    77.8    48.2    35.3    28.4    20.4    13.2    12.8    16.3    19.1    29.5    47.6    77.4   127.4   117.6 -9999.0 -9999.0 -9999.0 -9999.0 -9999.0 -9999.0 -9999.0 -9999.0 -9999.0 -9999.0 -9999.0 -9999.0 -9999.0 -9999.0 -9999.0 -9999.0 -9999.0 -9999.0 -9999.0 -9999.0 -9999.0 -9999.0 -9999.0 -9999.0 -9999.0 -9999.0 -9999.0 -9999.0 -9999.0 -9999.0 -9999.0 -9999.0 -9999.0 -9999.0 -9999.0 -9999.0 -9999.0 -9999.0 -9999.0 -9999.0 -9999.0 -9999.0 -9999.0 -9999.0 -9999.0 -9999.0 -9999.0 -9999.0 -9999.0 -9999.0    90.2    84.9    74.4    63.1    61.3    63.9    72.9    89.8   104.3   107.8    95.1    82.8    83.7    91.4   101.6   110.2   118.8   130.4   142.3   141.9   131.0   122.1   116.1   112.6   115.1   120.0   156.0   160.4   148.5   133.2   122.3   119.6   119.9   115.5   106.3   122.4 -9999.0 -9999.0 -9999.0
 -9999.0 -9999.0 -9999.0 -9999.0 -9999.0 -9999.0 -9999.0 -9999.0 -9999.0 -9999.0 -9999.0 -9999.0 -9999.0 -9999.0 -9999.0 -9999.0 -9999.0 -9999.0 -9999.0 -9999.0    43.1    44.8    36.1    51.9    62.2    48.0    34.9    30.9    20.6    16.5    16.1    13.6    17.7    23.5    30.2    40.0    73.7    81.3    90.0 -9999.0 -9999.0 -9999.0 -9999.0 -9999.0 -9999.0 -9999.0 -9999.0 -9999.0 -9999.0 -9999.0 -9999.0 -9999.0 -9999.0 -9999.0 -9999.0 -9999.0 -9999.0 -9999.0 -9999.0 -9999.0 -9999.0 -9999.0 -9999.0 -9999.0 -9999.0 -9999.0 -9999.0 -9999.0 -9999.0 -9999.0 -9999.0 -9999.0 -9999.0 -9999.0 -9999.0 -9999.0 -9999.0 -9999.0 -9999.0 -9999.0 -9999.0 -9999.0 -9999.0 -9999.0 -9999.0 -9999.0 -9999.0 -9999.0    89.4    94.4    88.8    76.6    61.6    55.4    57.2    66.5    83.4   100.7   110.4   100.5    88.4    82.6    90.0   106.4   123.5   137.2   146.4   149.9   140.0   124.6   118.8   115.9   113.6   123.7   134.0   133.5   134.1   125.2   113.0   119.3   136.1   138.2   139.6   138.9   139.1 -9999.0 -9999.0 -9999.0
 -9999.0 -9999.0 -9999.0 -9999.0 -9999.0 -9999.0 -9999.0 -9999.0 -9999.0 -9999.0 -9999.0 -9999.0 -9999.0 -9999.0 -9999.0 -9999.0 -9999.0 -9999.0   139.2    94.8    59.4   173.1   120.6   123.5    91.8    67.9    29.7    22.5    17.6    17.5    16.0    18.0    22.5    26.0    32.4    45.1    58.6    60.8    62.8 -9999.0 -9999.0 -9999.0 -9999.0 -9999.0 -9999.0 -9999.0 -9999.0 -9999.0 -9999.0 -9999.0 -9999.0 -9999.0 -9999.0 -9999.0 -9999.0 -9999.0 -9999.0 -9999.0 -9999.0 -9999.0 -9999.0 -9999.0 -9999.0 -9999.0 -9999.0 -9999.0 -9999.0 -9999.0 -9999.0 -9999.0 -9999.0 -9999.0 -9999.0 -9999.0 -9999.0 -9999.0 -9999.0 -9999.0 -9999.0 -9999.0 -9999.0 -9999.0 -9999.0 -9999.0    31.4    40.8    51.4    74.2    93.0    90.1    86.9    73.1    61.6    52.7    52.8    59.7    74.6    93.4   108.0   105.9    95.1    89.7    97.3   117.3   138.5   154.1   161.1   152.0   133.0   120.7   119.1   118.3   116.6   121.3   110.0    99.4    77.4    96.1   103.2   125.0   140.1   155.5   160.3   160.3 -9999.0 -9999.0 -9999.0 -9999.0
 -9999.0 -9999.0 -9999.0 -9999.0 -9999.0 -9999.0 -9999.0 -9999.0 -9999.0 -9999.0 -9999.0 -9999.0 -9999.0 -9999.0 -9999.0   148.8   176.4   195.6   193.4   140.6   143.7    63.2   131.8    68.6    44.2    29.9    27.2    25.2    20.9    20.0    20.0    21.3    25.5    28.0    41.9    51.5    52.9   108.4    78.4    65.9    72.5    74.1    72.1    72.0 -9999.0 -9999.0 -9999.0 -9999.0 -9999.0 -9999.0 -9999.0 -9999.0 -9999.0 -9999.0 -9999.0 -9999.0 -9999.0 -9999.0 -9999.0 -9999.0 -9999.0 -9999.0 -9999.0 -9999.0 -9999.0 -9999.0 -9999.0 -9999.0 -9999.0 -9999.0 -9999.0 -9999.0 -9999.0 -9999.0 -9999.0 -9999.0 -9999.0 -9999.0 -9999.0     9.2    10.9    14.9    20.9    25.1    28.5    37.4    49.6    67.5    84.5    86.8    85.3    71.9    61.8    54.3    53.4    57.5    65.0    79.8    93.9    95.7    90.9    93.0   106.2   125.7   142.1   152.6   154.0   142.4   125.4   117.2   118.8   123.6   123.2   113.0    78.0    77.3    69.3    73.1    92.0   119.2   147.1   165.0   175.3   174.5 -9999.0 -9999.0 -9999.0 -9999.0
 -9999.0 -9999.0 -9999.0 -9999.0 -9999.0 -9999.0 -9999.0 -9999.0 -9999.0 -9999.0 -9999.0 -9999.0 -9999.0 -9999.0 -9999.0   188.8   177.1   182.1   150.5   108.2    40.1    26.6    22.8    27.4    24.9    24.4    24.0    24.8    24.1    21.8    21.5    22.7    27.0    23.6    24.1    27.5    26.8    41.1    35.6    41.3    41.8    36.0    40.1    44.2    44.1    49.9    72.1 -9999.0 -9999.0 -9999.0 -9999.0 -9999.0 -9999.0 -9999.0 -9999.0 -9999.0 -9999.0 -9999.0 -9999.0 -9999.0 -9999.0 -9999.0 -9999.0 -9999.0 -9999.0 -9999.0 -9999.0 -9999.0 -9999.0 -9999.0 -9999.0 -9999.0 -9999.0 -9999.0 -9999.0 -9999.0 -9999.0 -9999.0     8.2    10.1    12.9    14.8    19.7    28.8    36.1    44.9    54.7    62.7    70.4    74.9    71.5    67.9    64.2    63.3    61.9    59.5    59.9    62.6    68.2    69.8    73.5    84.5   101.9   116.6   126.9   136.9   139.8   135.4   130.2   125.2   126.5   129.2   112.6    95.6    78.9    70.9    57.8    63.2    83.7   113.6   147.4   169.8   180.3 -9999.0 -9999.0 -9999.0 -9999.0 -9999.0
 -9999.0 -9999.0 -9999.0 -9999.0 -9999.0 -9999.0 -9999.0 -9999.0 -9999.0 -9999.0 -9999.0 -9999.0 -9999.0 -9999.0 -9999.0 -9999.0    59.1    46.8    62.5   109.9   139.1    94.8   147.9   115.0    63.9    57.4    49.0    36.7    32.7    28.0    27.8    28.4    31.4    29.2    27.7    29.9    32.7    36.2    38.5    46.6    53.9    45.3    42.3    35.6    33.4    32.6    34.7    40.9 -9999.0 -9999.0 -9999.0 -9999.0 -9999.0 -9999.0 -9999.0 -9999.0 -9999.0 -9999.0 -9999.0 -9999.0 -9999.0 -9999.0 -9999.0 -9999.0 -9999.0 -9999.0 -9999.0 -9999.0 -9999.0 -9999.0 -9999.0 -9999.0 -9999.0 -9999.0 -9999.0 -9999.0 -9999.0 -9999.0     9.0    14.5    16.8    19.3    32.2    44.8    51.0    56.4    55.4    59.4    61.4    64.4    71.6    74.8    76.1    78.6    75.7    66.0    56.7    50.9    46.6    45.9    50.8    65.3    84.0    92.2    98.3   108.0   124.0   136.8   145.5   146.2   143.6   129.4   107.4    99.4    85.6    67.6    63.5    72.4    88.8   119.9 -9999.0 -9999.0 -9999.0 -9999.0 -9999.0 -9999.0 -9999.0 -9999.0
 -9999.0 -9999.0 -9999.0 -9999.0 -9999.0 -9999.0 -9999.0 -9999.0 -9999.0 -9999.0 -9999.0 -9999.0 -9999.0 -9999.0 -9999.0 -9999.0    30.9    25.8    22.8    24.3    68.6    75.0    91.6   111.1   133.5   145.3   149.9   101.9   168.7   121.1    63.1    81.3   170.4   142.4    68.3    51.7    63.3    49.1    44.6    51.4    56.1    45.4    49.3    62.1    32.6    25.5    23.9    27.8 -9999.0 -9999.0 -9999.0 -9999.0 -9999.0 -9999.0 -9999.0 -9999.0 -9999.0 -9999.0 -9999.0 -9999.0 -9999.0 -9999.0 -9999.0 -9999.0 -9999.0 -9999.0 -9999.0 -9999.0 -9999.0 -9999.0 -9999.0 -9999.0 -9999.0 -9999.0 -9999.0 -9999.0 -9999.0    18.9    17.6    21.1    24.9    34.0    43.4    51.6    69.0    72.4    70.8    66.5    65.4    70.9    80.1    91.9   102.9   101.4    92.2    76.0    62.3    50.5    40.5    36.6    38.3    50.0    63.4    68.5    71.9    92.5   120.9   145.5   161.3   163.4   153.7   134.9   115.2   101.6    84.5    77.6    74.9    84.0    98.4 -9999.0 -9999.0 -9999.0 -9999.0 -9999.0 -9999.0 -9999.0 -9999.0 -9999.0
 -9999.0 -9999.0 -9999.0 -9999.0 -9999.0 -9999.0 -9999.0 -9999.0 -9999.0 -9999.0 -9999.0 -9999.0 -9999.0 -9999.0 -9999.0 -9999.0    96.1    96.1    96.2    49.8    40.8    59.9    99.1    93.2    98.1   110.7   152.4   165.8   169.1   165.5   155.3   119.6    80.9    64.0    77.2    79.0    52.5    25.1    23.2    16.5    25.1    33.0    37.7    46.0    40.9    28.9    24.1    23.0    34.3    45.2    48.0 -9999.0 -9999.0 -9999.0 -9999.0 -9999.0 -9999.0 -9999.0 -9999.0 -9999.0 -9999.0 -9999.0 -9999.0 -9999.0 -9999.0 -9999.0 -9999.0 -9999.0 -9999.0 -9999.0 -9999.0 -9999.0 -9999.0 -9999.0 -9999.0 -9999.0    26.3    25.9    19.8    25.9    27.6    34.1    53.8    71.2    87.7    95.5    91.5    82.0    76.9    82.1    96.1   112.5   121.6   119.0   106.5    92.1    77.4    64.6    54.9    49.0    47.6    53.8    61.0    64.6    73.2   100.3   128.2   156.4   169.9   160.1   141.3   117.4   102.5    97.4    94.8    95.4    87.2    94.9   113.6   139.9 -9999.0 -9999.0 -9999.0 -9999.0 -9999.0 -9999.0 -9999.0 -9999.0
 -9999.0 -9999.0 -9999.0 -9999.0 -9999.0 -9999.0 -9999.0 -9999.0 -9999.0 -9999.0 -9999.0 -9999.0 -9999.0 -9999.0 -9999.0    74.1    51.5    49.8    86.0    97.0    98.0   102.6    94.3    82.7    87.3   115.6   135.4   138.5   143.4   165.6   165.7    76.2    24.2    17.5    12.9    10.4    14.1     9.2     6.9     8.9    10.0    16.6    24.8    26.7    25.9    24.9    24.5    25.7    31.2    35.8    40.3    41.4    42.8    46.9    36.4    30.8    24.1    20.1    17.3    16.2    16.1 -9999.0 -9999.0 -9999.0 -9999.0 -9999.0 -9999.0 -9999.0 -9999.0    45.2    43.6    41.0    37.1    36.6    37.0    45.1    40.8    49.2    44.2    28.4    29.8    40.5    61.7    82.8   104.2   115.9   111.9    96.4    86.9    91.0   107.7   125.8   135.9   134.4   124.4   111.4    99.1    92.4    87.8    79.4    72.0    71.6    74.9    83.1    95.8   106.2   129.5   142.0   139.8   133.3   114.3    98.2    91.1    94.2   108.2   111.8   111.9   117.5 -9999.0 -9999.0 -9999.0 -9999.0 -9999.0 -9999.0 -9999.0 -9999.0 -9999.0 -9999.0
 -9999.0 -9999.0 -9999.0 -9999.0 -9999.0 -9999.0 -9999.0 -9999.0 -9999.0 -9999.0 -9999.0 -9999.0 -9999.0 -9999.0    96.8   113.3   113.5    83.6    91.9    92.1    69.9    43.0    49.6    73.4    74.9    98.5   117.5    60.6    39.9    33.5    35.8    53.9    26.7    39.2    26.9    17.4    15.5    14.3    14.8    13.7    14.9    19.1    23.4    25.2    24.2    21.8    20.8    25.6    31.3    38.4    43.8    43.3    43.5    36.0    27.6    24.8    18.8    15.2    12.3    12.0    13.5    17.0    23.0    31.5    40.6    47.5    53.5    56.2    57.7    55.5    49.5    42.5    42.3    43.0    47.9    61.2    69.3    66.2    54.2    34.1    34.4    46.4    57.7    84.6   106.6   120.0   116.6    98.5    88.3    90.4   112.3   133.7   137.5   137.2   127.8   124.8   123.0   116.3   106.2    98.4    82.8    83.0    91.0    96.6   110.0   120.7   127.0   121.5   110.6   105.8    85.9    84.2    92.6    94.9   108.5   119.4   125.1 -9999.0 -9999.0 -9999.0 -9999.0 -9999.0 -9999.0 -9999.0 -9999.0 -9999.0 -9999.0 -9999.0
 -9999.0 -9999.0 -9999.0 -9999.0 -9999.0 -9999.0 -9999.0 -9999.0 -9999.0 -9999.0 -9999.0 -9999.0   100.6   103.4   106.5    69.6    91.4    47.8    28.2    18.8    17.8    18.8    17.5    21.4    27.2    28.5    27.4    24.3    25.4    21.3    18.8    20.8    31.7    23.0    15.4    16.4    17.8    16.5    13.7    15.7    18.1    22.5    26.3    27.7    25.9    22.9    22.1    24.0    30.4    33.2    37.7    37.8    38.9    34.8    25.8    20.3    16.4    13.1    10.6     9.6    11.3    16.5    24.3    35.0    46.1    56.4    62.5    64.5    62.0    56.7    48.1    41.2    45.2    41.8    43.9    57.5    73.8    69.5    52.0    46.3    38.5    56.6    62.4    86.3    98.5   101.6    99.1    90.2    90.1    82.4    97.6   115.3   141.6   144.8   125.1   129.7   120.2   115.0   121.5   112.8    84.0    83.9    90.1   104.0   128.8   119.7   111.0    98.5    90.2    71.1    74.5    94.3    93.4   103.4   130.8 -9999.0 -9999.0 -9999.0 -9999.0 -9999.0 -9999.0 -9999.0 -9999.0 -9999.0 -9999.0 -9999.0 -9999.0 -9999.0
 -9999.0 -9999.0 -9999.0 -9999.0 -9999.0 -9999.0 -9999.0 -9999.0 -9999.0    60.8    80.5    85.9    91.2    71.6    32.8    26.2    21.6    18.8    13.8    10.9    10.1    10.8    12.5    15.9    19.3    20.6    19.6    16.4    12.8     9.5    10.0    27.0    21.4    14.3    16.3    21.0    15.4    11.9    11.4    13.3    17.8    22.5    27.2    30.1    29.1    25.1    22.0    20.9    22.4    29.2    28.6    29.1    29.1    29.8    31.3    19.8    14.4    11.4     9.5    10.1    12.6    19.0    28.9    40.7    52.2    64.2    69.8    69.8    63.5    51.5    58.3    59.7    60.5    59.5    58.3    70.4    81.4    67.5    67.6    50.5    47.1    58.5    82.6    88.7    86.4    78.1   100.7    86.9    87.9    69.9    79.9    92.2    96.9   109.8   113.5   115.4   109.3   111.9   104.5    92.5    82.1    79.1    84.0   108.6   133.2   138.2   114.5    79.8    60.7    77.4    85.6    91.4    94.9 -9999.0 -9999.0 -9999.0 -9999.0 -9999.0 -9999.0 -9999.0 -9999.0 -9999.0 -9999.0 -9999.0 -9999.0 -9999.0 -9999.0 -9999.0
 -9999.0 -9999.0 -9999.0 -9999.0 -9999.0    18.7    35.6    36.2    44.4    55.8    55.6    69.1    76.2    61.4    46.8    32.3    20.6    17.4    13.7    11.6    10.3    10.2    11.5    13.2    14.8    15.3    13.7    11.1     8.5     6.2     5.0     5.1     6.4     8.4    10.8    11.3    10.7    10.8    11.5    14.0    17.2    22.4    28.1    31.6    34.3    30.6    22.1    15.1    12.7    13.7    19.7    23.6    30.3    31.9    28.7    18.4    13.1    10.4     9.5    12.2    17.5    27.3    37.7    49.7    63.0    71.7    74.3    71.1    63.3    63.2    62.0    63.8    65.8    63.7    59.5    81.9   103.2   101.6   142.8   146.5   110.5   106.0    96.4    87.2    78.0    60.3    68.5    78.8    89.0    83.8    78.8    79.8    83.1    98.2   111.8   114.3   107.7    93.8 -9999.0 -9999.0    79.3    84.7   124.9   122.1    99.2    88.8    70.3    67.5    64.7 -9999.0 -9999.0 -9999.0 -9999.0 -9999.0 -9999.0 -9999.0 -9999.0 -9999.0 -9999.0 -9999.0 -9999.0 -9999.0 -9999.0 -9999.0 -9999.0 -9999.0 -9999.0 -9999.0
 -9999.0 -9999.0 -9999.0    13.0    10.1    23.3    24.2    28.6    34.9    19.6    19.2    30.5    51.9    39.0    27.3    25.1    21.8    18.4    15.8    13.9    12.7    12.1    12.7    13.6    14.1    12.3    10.2     7.7     7.7     5.6     5.1     5.8     7.4     9.5    11.1    11.8    11.8    11.7    12.3    14.0    17.0    22.4    29.3    35.9    39.7    36.3    25.0    16.0    11.0    12.0    12.8    15.6    20.7    22.5    19.6    15.8    14.9    13.2    12.5    15.5    22.1    32.2    45.2    57.8    66.8    72.8    70.6    71.0    67.0    63.5    64.0    69.4    72.3    74.3    81.5    93.9   107.1   117.4   121.6   121.4   124.2   117.1   106.0    85.6   106.9    69.2    82.1   105.0   114.1   103.2    85.6    72.9    71.8    88.1   109.8   118.3   104.0 -9999.0 -9999.0 -9999.0    86.6   114.4    92.3    88.9    77.8    75.1    61.2 -9999.0 -9999.0 -9999.0 -9999.0 -9999.0 -9999.0 -9999.0 -9999.0 -9999.0 -9999.0 -9999.0 -9999.0 -9999.0 -9999.0 -9999.0 -9999.0 -9999.0 -9999.0 -9999.0 -9999.0 -9999.0
 -9999.0 -9999.0    10.8    12.4    13.3    10.0    10.0     7.7     3.1     4.4     7.3    13.0    20.1    24.7    26.0    24.7    23.0    20.1    18.4    16.9    16.1    15.8    15.9    16.0    14.8    11.9    10.2     8.8     6.9     7.2     7.2     9.2    11.5    13.7    14.8    14.7    14.1    13.4    12.5    12.0    13.1    14.2    17.7    24.6    33.0    33.1    30.2    31.9    29.4    25.7    33.5    30.6    27.9    23.8    20.9    23.3    15.7    15.9    14.9    18.8    24.4    41.4    47.5    57.8    63.5    66.1    66.1    67.4    67.7    67.0    71.4    80.3    88.6    93.2    97.1   100.2    98.0    94.4    93.7   102.6   120.3   135.0   118.2   109.8    98.1   147.1   116.1   136.8   127.5   106.2    82.0    62.4    54.5    65.4    90.4 -9999.0 -9999.0 -9999.0 -9999.0    96.5    92.9    84.1    81.9    76.4 -9999.0 -9999.0 -9999.0 -9999.0 -9999.0 -9999.0 -9999.0 -9999.0 -9999.0 -9999.0 -9999.0 -9999.0 -9999.0 -9999.0 -9999.0 -9999.0 -9999.0 -9999.0 -9999.0 -9999.0 -9999.0 -9999.0 -9999.0 -9999.0
 -9999.0 -9999.0    14.9    18.7    27.4    20.5     4.9     2.2     2.4     3.2     5.5     9.2    14.6    19.5    22.3    23.2    22.1    20.7    20.2    20.0    19.9    20.4    20.9    18.9    16.1    12.7    10.3     8.9     8.7    10.0    12.0    14.7    18.3    21.1    21.4    21.5    18.8    14.2     9.7     6.5     5.8     3.9     7.4    25.6    16.1    28.2    46.1    40.3    58.7    56.1    55.5    66.2    62.4    57.4    35.1    25.7    18.5    29.7    22.0    29.7    38.2    42.8    52.4    55.9    57.4    56.1    56.0    61.2    69.6    77.8    84.7    96.9   110.5   120.1   121.7   116.0   104.4    95.6    93.3   107.3   122.5   129.6   152.7   160.7   142.8   137.0   143.1   137.2   117.8    96.7    75.1    54.1    40.8    46.4 -9999.0 -9999.0 -9999.0 -9999.0 -9999.0    91.0 -9999.0 -9999.0 -9999.0 -9999.0 -9999.0 -9999.0 -9999.0 -9999.0 -9999.0 -9999.0 -9999.0 -9999.0 -9999.0 -9999.0 -9999.0 -9999.0 -9999.0 -9999.0 -9999.0 -9999.0 -9999.0 -9999.0 -9999.0 -9999.0 -9999.0 -9999.0 -9999.0 -9999.0
 -9999.0 -9999.0    12.7    20.2    22.8    22.5    19.7    23.1     3.8     3.1     4.5     6.8    10.2    14.0    18.0    19.1    20.6    19.8    20.5    22.1    23.7    25.4    25.4    22.9    19.1    15.0    12.0    10.8    11.0    12.9    17.0    22.9    39.5    44.9    39.6    34.7    23.3    16.1    10.9     6.0     3.1     2.4     3.1     6.8    13.5    24.1    37.3    51.6    56.6    62.0    78.4    68.5    68.3    77.1    75.1    73.6    40.7    32.1    42.1    47.9    36.2    44.3    51.1    54.0    53.5    50.4    49.5    56.6    77.5    89.6    97.3   111.1   130.3   145.3   144.2   133.9   121.6   112.3   131.1   156.6   175.7   125.2   158.4   220.2   142.5   133.1   125.2   111.3    94.4    84.4    74.6 -9999.0 -9999.0 -9999.0 -9999.0 -9999.0 -9999.0 -9999.0 -9999.0 -9999.0 -9999.0 -9999.0 -9999.0 -9999.0 -9999.0 -9999.0 -9999.0 -9999.0 -9999.0 -9999.0 -9999.0 -9999.0 -9999.0 -9999.0 -9999.0 -9999.0 -9999.0 -9999.0 -9999.0 -9999.0 -9999.0 -9999.0 -9999.0 -9999.0 -9999.0 -9999.0 -9999.0 -9999.0
 -9999.0 -9999.0 -9999.0    20.4    18.0    25.4    29.1    30.4    26.8     8.3     4.5     5.3     6.9     9.5    12.1    14.6    15.9    17.3    20.2    24.3    27.2    29.9    29.7    26.4    21.8    17.4    14.1    13.2    14.9    21.3    34.9    56.5    51.1    63.3    59.3    39.4    25.2    16.6    10.3     5.1     2.7     1.9     2.4     5.1    11.4    25.4    47.7    62.2    76.2    80.8    81.3    80.8    82.2    89.5    88.1    94.5    94.3    85.7    74.3    56.5    50.9    49.7    57.2    57.9    54.5    49.8    51.6    63.5    82.0    96.7   105.2   119.2   140.8   158.1   157.9   141.0   133.1   129.2   170.8   152.6   178.8   145.8   203.2   126.5   107.0   102.0    93.8    82.9    74.4    78.0    81.8    72.7 -9999.0 -9999.0 -9999.0 -9999.0 -9999.0 -9999.0 -9999.0 -9999.0 -9999.0 -9999.0 -9999.0 -9999.0 -9999.0 -9999.0 -9999.0 -9999.0 -9999.0 -9999.0 -9999.0 -9999.0 -9999.0 -9999.0 -9999.0 -9999.0 -9999.0 -9999.0 -9999.0 -9999.0 -9999.0 -9999.0 -9999.0 -9999.0 -9999.0 -9999.0 -9999.0 -9999.0
 -9999.0 -9999.0 -9999.0 -9999.0 -9999.0    19.8    15.4    18.5    33.3    13.0     5.9     5.3     4.7     6.1     8.7    11.1    12.3    14.4    19.6    26.1    34.4    36.0    33.9    30.9    26.4    22.7    22.2    24.2    46.3    58.0    57.3    66.7    66.0    58.8    64.6    43.6    36.0    25.8    13.4     6.4     3.3     2.2     2.5     4.7    10.6    21.3    36.3    63.3    70.1    88.0    86.8    99.2    95.4    90.3    98.1   103.4   104.0    98.3    90.4    82.9    81.5    65.7    73.0    68.8    65.3    57.0    60.2    70.2    88.2   105.2   114.6   125.9   144.8   165.3   172.8   156.0   137.6   123.1   163.4   197.0   195.4   121.2   169.3   127.0    91.7    84.1    85.2    81.0    76.4    80.9    91.0    90.7    74.8    57.1 -9999.0 -9999.0 -9999.0    44.7 -9999.0 -9999.0 -9999.0 -9999.0 -9999.0 -9999.0 -9999.0 -9999.0 -9999.0 -9999.0 -9999.0 -9999.0 -9999.0 -9999.0 -9999.0 -9999.0 -9999.0 -9999.0 -9999.0 -9999.0 -9999.0 -9999.0 -9999.0 -9999.0 -9999.0 -9999.0 -9999.0 -9999.0 -9999.0 -9999.0
 -9999.0 -9999.0 -9999.0 -9999.0    16.0    24.4    31.6    28.3    30.3    13.5    20.2    16.2    11.3     5.8     6.3     8.4     9.3    11.6    18.4    29.0    36.2    39.0    39.3    41.2    41.8    45.5    49.1    86.2    71.0    73.7    75.1    71.2    68.0    67.4    56.3    49.4    39.8    46.5    34.5    17.3     6.3     3.5     3.5     5.3    10.2    17.4    25.5    36.9    48.0    44.2    53.9    86.6    98.1   103.9    83.1    92.6    94.3    95.6    86.9    74.5    72.2    80.6    88.8    85.1    65.4    75.2    84.7    79.3   111.3   121.0   128.5   136.5   151.2   174.6   187.1   169.7   139.2   133.5   198.8   137.2   123.2   166.2   164.4   199.2    87.1    90.8   105.0    99.9    86.3    82.4    93.9   103.5    87.4    64.7 -9999.0 -9999.0    44.4    40.9    37.3    69.2    52.0 -9999.0 -9999.0 -9999.0 -9999.0 -9999.0 -9999.0 -9999.0 -9999.0 -9999.0 -9999.0 -9999.0 -9999.0 -9999.0 -9999.0 -9999.0 -9999.0 -9999.0 -9999.0 -9999.0 -9999.0 -9999.0 -9999.0 -9999.0 -9999.0 -9999.0 -9999.0 -9999.0
 -9999.0 -9999.0 -9999.0 -9999.0    19.0    19.3    29.0    24.4    39.4    42.6    26.4    47.5    42.4    46.2    18.2    21.0    25.6    18.7    21.1    31.8    47.7    55.3    60.6    75.0    86.0    87.5    81.6    80.5    78.2    77.2    76.0    77.5    73.1    70.3    67.5    59.5    58.5    57.0    39.4    22.9    27.9     8.9     7.5     7.6    12.2    18.0    20.9    21.0    22.3    32.2    45.3    63.5   104.7    86.1    73.0    78.7    79.1    79.4    76.9    67.3    80.0    87.5    84.6    84.6    71.1    60.2    91.9   101.2   118.5   139.5   144.8   147.6   153.7   173.8   180.5   155.7   113.3   135.7   157.3   135.5   153.9   114.9   159.6   102.7    77.7   112.0   132.6   111.4    83.8    72.0    83.3   104.6    91.3    70.9    59.9    53.5    47.8    40.2    36.4 -9999.0 -9999.0 -9999.0 -9999.0 -9999.0 -9999.0 -9999.0 -9999.0 -9999.0 -9999.0 -9999.0 -9999.0 -9999.0 -9999.0 -9999.0 -9999.0 -9999.0 -9999.0 -9999.0 -9999.0 -9999.0 -9999.0 -9999.0 -9999.0 -9999.0 -9999.0 -9999.0 -9999.0 -9999.0
 -9999.0 -9999.0 -9999.0 -9999.0 -9999.0 -9999.0 -9999.0    24.9    32.7    31.9    44.7    48.4    42.9    50.1    54.2    20.4    46.0    35.8    40.7    61.8    80.4    86.5    87.5    86.8    85.2    83.3    82.7    81.7    80.8    81.6    80.8    80.0    78.6    78.0    77.7    71.6    73.1    66.0    68.8    66.1    37.5    62.7    55.2    39.3    28.9    23.7    30.8    27.9    37.3    33.2    41.9    63.8    91.3    99.3    92.9    64.7    56.0    53.4    65.1    67.3    74.2    76.8    64.4    68.3    73.2    60.6    80.2   107.3   122.0   140.2   144.8   143.6   153.2   163.6   152.6   123.5    77.3    91.2   117.2    97.7   116.5    99.7    86.7    67.2    67.3   103.2   120.4    95.1    65.9    58.8    73.3    93.2    94.3    81.5    70.1    68.0    61.2 -9999.0 -9999.0 -9999.0 -9999.0 -9999.0 -9999.0 -9999.0 -9999.0 -9999.0 -9999.0 -9999.0 -9999.0 -9999.0 -9999.0 -9999.0 -9999.0 -9999.0 -9999.0 -9999.0 -9999.0 -9999.0 -9999.0 -9999.0 -9999.0 -9999.0 -9999.0 -9999.0 -9999.0 -9999.0 -9999.0 -9999.0
 -9999.0 -9999.0 -9999.0 -9999.0 -9999.0 -9999.0 -9999.0    30.8    22.6    33.5    39.2    38.7    45.0    52.9    52.8    62.6    61.2    65.4    73.9    75.2    79.0    82.6    83.7    83.9    83.1    82.2    80.9    81.3    79.6    79.1    80.9    81.3    81.5    83.5    81.1    80.8    78.1    80.3    78.0    73.2    71.6    67.5    66.6    77.3    51.6    38.1    43.5    46.5    66.5    68.6    88.8    92.2    91.2    89.2    83.6    65.7    57.5    57.7    58.0    61.1    78.9    92.6    71.4    73.6    62.9    56.3    66.3    93.3   125.9   124.3   128.1   130.7   138.1   142.3   104.6    98.5    73.8    66.4    73.1    77.1   104.0    89.6   114.0    61.3    59.3    73.7    80.1    68.2    56.8    58.0    70.6    83.3    86.7    82.8    83.3    80.5 -9999.0 -9999.0 -9999.0 -9999.0 -9999.0 -9999.0 -9999.0 -9999.0 -9999.0 -9999.0 -9999.0 -9999.0 -9999.0 -9999.0 -9999.0 -9999.0 -9999.0 -9999.0 -9999.0 -9999.0 -9999.0 -9999.0 -9999.0 -9999.0 -9999.0 -9999.0 -9999.0 -9999.0 -9999.0 -9999.0 -9999.0 -9999.0
 -9999.0 -9999.0 -9999.0 -9999.0 -9999.0 -9999.0 -9999.0 -9999.0 -9999.0    29.1    31.4    32.7    42.3    45.4    46.8    49.2    57.4    64.6    67.1    71.3    74.3    76.5    78.3    79.3    79.4    78.9    78.7    78.4    77.8    79.6    78.7    80.5    81.9    84.2    83.6    84.7    85.2    88.2    86.9    89.0    84.1    84.2    76.4    66.7    67.3    62.0    59.4    58.5    63.6    70.2    79.3    80.4    80.1    78.7    77.0    71.3    62.9    62.2    60.1    66.0    81.7    91.1    96.8    73.7    71.5    60.4    68.5    95.8   129.1   123.3   122.6   111.0   113.4   118.3   110.4    61.8    62.3    70.4    73.1    71.1    81.0    86.0    58.8    61.6    62.7    64.9    63.4    62.6    74.0    81.5    78.7    80.1    84.7    88.1    86.0 -9999.0 -9999.0 -9999.0 -9999.0 -9999.0 -9999.0 -9999.0 -9999.0 -9999.0 -9999.0 -9999.0 -9999.0 -9999.0 -9999.0 -9999.0 -9999.0 -9999.0 -9999.0 -9999.0 -9999.0 -9999.0 -9999.0 -9999.0 -9999.0 -9999.0 -9999.0 -9999.0 -9999.0 -9999.0 -9999.0 -9999.0 -9999.0 -9999.0
 -9999.0 -9999.0 -9999.0 -9999.0 -9999.0 -9999.0 -9999.0 -9999.0 -9999.0 -9999.0 -9999.0    34.3    27.7    41.5    42.4    47.7    50.9    54.4    58.4    63.1    66.9    69.5    71.8    73.3    74.0    74.6    74.9    75.2    75.7    76.4    77.7    80.2    81.5    84.1    86.2    92.4    92.6    96.1   107.4   101.8   105.6    97.5    86.8    76.9    82.4    66.0    73.8    64.7    70.0    72.2    71.1    72.4    71.9    72.8    73.9    77.7    82.0    79.0    77.1    84.3    93.1   105.8   106.0    97.1    88.2    67.6    70.2    98.3   124.6   132.3   122.1   118.7   107.5    98.5    78.1    76.2    80.9    91.0    93.0    95.4    88.5    83.5    87.5    80.5    75.2    77.8    86.5    91.3   104.2   107.6    90.3    84.6    95.9   101.2    95.8 -9999.0 -9999.0 -9999.0 -9999.0 -9999.0 -9999.0 -9999.0 -9999.0 -9999.0 -9999.0 -9999.0 -9999.0 -9999.0 -9999.0 -9999.0 -9999.0 -9999.0 -9999.0 -9999.0 -9999.0 -9999.0 -9999.0 -9999.0 -9999.0 -9999.0 -9999.0 -9999.0 -9999.0 -9999.0 -9999.0 -9999.0 -9999.0 -9999.0
 -9999.0 -9999.0 -9999.0 -9999.0 -9999.0 -9999.0 -9999.0 -9999.0 -9999.0 -9999.0 -9999.0 -9999.0    24.8    27.7    37.9    38.7    46.6    47.9    51.4    55.7    57.5    61.1    63.8    65.9    66.1    68.6    69.5    70.2    71.3    72.7    74.5    76.8    79.7    83.8    88.1    92.1   100.5   102.3   104.8   106.1   106.5   103.6    97.1    93.6    84.8    79.8    78.6    68.1    72.1    75.8    80.7    76.2    70.9    70.9    75.3    81.8    89.3    90.6   105.8   105.8   117.6   110.7   106.3   104.1    92.4    93.0    77.7    98.6   122.3   141.0   123.6   112.2   116.6   116.3   120.2   117.1   123.5   123.6   128.8   148.4   149.6   138.2   130.3   109.8    92.6    95.5   115.7   123.1   121.3   111.3    96.3    94.9   107.2   110.9   102.9    99.9    92.3 -9999.0 -9999.0 -9999.0 -9999.0 -9999.0 -9999.0 -9999.0 -9999.0 -9999.0 -9999.0 -9999.0 -9999.0 -9999.0 -9999.0 -9999.0 -9999.0 -9999.0 -9999.0 -9999.0 -9999.0 -9999.0 -9999.0 -9999.0 -9999.0 -9999.0 -9999.0 -9999.0 -9999.0 -9999.0 -9999.0 -9999.0
 -9999.0 -9999.0 -9999.0 -9999.0 -9999.0 -9999.0 -9999.0 -9999.0 -9999.0 -9999.0 -9999.0 -9999.0    27.7    20.6    21.7    33.0    31.4    37.3    43.4    45.9    48.9    52.1    54.9    57.6    59.9    61.7    63.1    64.7    65.8    67.7    69.7    72.7    76.2    80.4    85.7    90.9    99.0   105.5   109.9   112.7   111.6   109.3   111.2    98.7    97.8    96.7    85.6    81.7    77.7    85.6    83.4    79.8    73.7    75.0    80.1    88.5   101.8   111.1   128.5   138.1   137.4   126.9   112.4   102.7    88.7    93.9    54.6    76.0   107.9   149.0   194.4   216.4   216.0   221.1   187.5   150.1   127.6   133.4   155.2   185.4   201.0   186.4   175.7   153.6   125.7   118.4   132.0   135.3   122.2   104.2    90.5    90.5    97.3    91.9    77.3    70.5    67.3 -9999.0 -9999.0 -9999.0 -9999.0 -9999.0 -9999.0 -9999.0 -9999.0 -9999.0 -9999.0 -9999.0 -9999.0 -9999.0 -9999.0 -9999.0 -9999.0 -9999.0 -9999.0 -9999.0 -9999.0 -9999.0 -9999.0 -9999.0 -9999.0 -9999.0 -9999.0 -9999.0 -9999.0 -9999.0 -9999.0 -9999.0
 -9999.0 -9999.0 -9999.0 -9999.0 -9999.0 -9999.0 -9999.0 -9999.0 -9999.0 -9999.0 -9999.0 -9999.0 -9999.0    19.7    25.8    20.2    27.7    28.3    31.1    34.7    38.8    41.6    45.6    48.7    51.7    53.2    55.0    56.3    58.7    61.1    64.1    67.4    71.3    76.3    81.4    87.9    95.1   102.8   113.9   115.0   116.1   117.3   114.4   115.6   108.3   103.3   105.2   107.1   107.1   103.5    97.0    86.6    82.3    88.5    91.0    99.6   112.6   123.9   126.6   140.0   135.5   124.7   113.2   104.1    57.4    75.1    87.5   101.2   154.2   200.3   198.6   256.3   305.2   272.2   210.8   155.3   121.9   114.6   133.8   176.9   224.9   224.4   231.0   225.2   202.3   182.9   175.0   159.8   138.1   113.3    96.9    90.8    84.5    65.3    45.6    36.6    42.7 -9999.0 -9999.0 -9999.0 -9999.0 -9999.0 -9999.0 -9999.0 -9999.0 -9999.0 -9999.0 -9999.0 -9999.0 -9999.0 -9999.0 -9999.0 -9999.0 -9999.0 -9999.0 -9999.0 -9999.0 -9999.0 -9999.0 -9999.0 -9999.0 -9999.0 -9999.0 -9999.0 -9999.0 -9999.0 -9999.0 -9999.0
 -9999.0 -9999.0 -9999.0 -9999.0 -9999.0 -9999.0 -9999.0 -9999.0 -9999.0 -9999.0 -9999.0 -9999.0    13.2    18.4    18.9    16.9    23.1    22.9    24.8    24.7    28.2    32.1    36.2    39.8    43.3    45.2    47.7    50.1    52.1    54.3    57.5    61.6    65.5    70.8    77.1    84.2    92.9    99.7   105.8   110.4   117.7   122.9   126.0   117.0   119.7   121.7   121.9   121.2   122.0   118.0   113.6   108.3    98.5   101.9   107.1   117.0   128.1   140.8   149.3   152.2   138.9   123.8   114.3   111.2   109.3    99.2    81.4   142.2   209.9   257.3   310.5   348.1   308.5   198.8   147.0   104.7    77.5    80.3   114.1   157.6   187.8   217.5   263.8   297.3   297.7   283.5   259.5   223.6   193.6   158.3   130.7   115.1   102.1    72.0    50.8    43.6    51.4    59.9 -9999.0 -9999.0 -9999.0 -9999.0 -9999.0 -9999.0 -9999.0 -9999.0 -9999.0 -9999.0 -9999.0 -9999.0 -9999.0 -9999.0 -9999.0 -9999.0 -9999.0 -9999.0 -9999.0 -9999.0 -9999.0 -9999.0 -9999.0 -9999.0 -9999.0 -9999.0 -9999.0 -9999.0 -9999.0 -9999.0
 -9999.0 -9999.0 -9999.0 -9999.0 -9999.0 -9999.0 -9999.0 -9999.0 -9999.0 -9999.0 -9999.0 -9999.0    11.5     6.7     9.7    16.9    16.9    13.8    15.4    19.2    20.0    24.3    27.8    31.4    35.2    38.6    41.1    43.3    45.3    48.3    51.5    55.1    59.4    65.7    72.4    80.3    89.7    98.7   105.2   108.6   111.2   114.0   117.1   120.9   125.4   130.7   136.3   137.3   135.2   124.7   119.2   119.6   115.3   119.0   125.8   134.0   147.9   158.3   164.4   159.6   148.2   135.6   119.3   111.3   112.4    72.7   119.9   171.0   234.9   293.2   320.7   315.1   283.5   266.8   202.2   122.4    81.8    91.5   117.3   149.7   171.3   198.5   270.9   339.9   364.5   369.5   340.8   297.2   261.6   216.8   175.3   155.5   151.6   133.2   121.4   118.5   114.8   107.9   101.0 -9999.0 -9999.0 -9999.0 -9999.0 -9999.0 -9999.0 -9999.0 -9999.0 -9999.0 -9999.0 -9999.0 -9999.0 -9999.0 -9999.0 -9999.0 -9999.0 -9999.0 -9999.0 -9999.0 -9999.0 -9999.0 -9999.0 -9999.0 -9999.0 -9999.0 -9999.0 -9999.0 -9999.0 -9999.0
 -9999.0 -9999.0 -9999.0 -9999.0 -9999.0 -9999.0 -9999.0 -9999.0 -9999.0 -9999.0 -9999.0 -9999.0     2.3     7.4     4.4     6.4     7.2    11.8    10.9    12.6    16.3    18.7    20.6    24.1    27.6    29.9    32.8    34.2    38.3    41.0    44.5    47.9    54.1    60.7    67.9    76.8    88.3    99.9   108.2   110.6   113.0   119.3   121.9   124.7   126.5   131.8   134.8   132.4   124.0   121.0   122.0   119.7   139.1   144.5   146.0   141.9   161.9   175.2   180.1   174.4   162.8   148.9   145.3   124.1    86.1    76.4   134.2   184.2   222.1   233.2   228.0   264.1   249.6   226.7   169.0   135.9   117.4   102.9   127.5   164.7   179.4   203.4   250.4   320.0   371.0   379.2   355.2   347.9   277.9   248.9   212.1   190.0   190.6   202.5   215.4   218.6   201.6   179.8   159.0   138.0 -9999.0 -9999.0 -9999.0 -9999.0 -9999.0 -9999.0 -9999.0 -9999.0 -9999.0 -9999.0 -9999.0 -9999.0 -9999.0 -9999.0 -9999.0 -9999.0 -9999.0 -9999.0 -9999.0 -9999.0 -9999.0 -9999.0 -9999.0 -9999.0 -9999.0 -9999.0 -9999.0 -9999.0
 -9999.0 -9999.0 -9999.0 -9999.0 -9999.0 -9999.0 -9999.0 -9999.0 -9999.0 -9999.0 -9999.0 -9999.0 -9999.0     7.6     6.7     3.7     4.7     4.8     7.4     9.2    12.8    12.7    15.8    18.6    21.6    24.4    27.1    29.6    31.0    35.0    36.9    41.8    47.6    54.9    63.1    74.8    87.7   102.9   112.9   117.4   119.6   121.1   124.5   124.3   121.7   117.4   117.5    99.7   112.3   110.6   102.3   130.0   133.6   131.0   158.0   169.9   160.2   178.3   194.2   197.6   186.9   178.6   164.9   116.4    50.8    97.7   188.3   230.1   220.0   193.4   162.3   143.8   168.2   128.9   143.6   124.3   113.7   121.1   136.3   180.4   189.7   199.5   218.4   252.5   291.5   305.6   292.8   333.3   309.8   270.0   239.3   222.9   221.4   229.1   239.0   247.5   212.9   191.7   168.5 -9999.0 -9999.0 -9999.0 -9999.0 -9999.0 -9999.0 -9999.0 -9999.0 -9999.0 -9999.0 -9999.0 -9999.0 -9999.0 -9999.0 -9999.0 -9999.0 -9999.0 -9999.0 -9999.0 -9999.0 -9999.0 -9999.0 -9999.0 -9999.0 -9999.0 -9999.0 -9999.0 -9999.0 -9999.0
 -9999.0 -9999.0 -9999.0 -9999.0 -9999.0 -9999.0 -9999.0 -9999.0 -9999.0 -9999.0 -9999.0 -9999.0 -9999.0     0.6     4.0     2.0     4.6     2.6     3.6     5.4     9.2    10.7    12.8    14.8    17.6    20.1    22.2    25.0    26.2    27.2    30.5    35.3    41.6    49.1    59.5    71.6    85.2   102.5   114.0   117.6   120.9   122.3   122.3   118.5   116.8   102.2    93.4    69.3    73.2    79.0   104.1    90.1   126.9   149.8   168.5   174.1   167.6   186.6   210.3   189.3   207.6   176.2   125.1    79.1    86.4   135.0   235.6   279.1   228.3   166.5   117.3    97.3    96.2   111.3   129.9   136.7   126.3   150.0   184.7   176.5   160.5   153.1   160.0   181.0   207.3   220.8   210.7   205.7   237.7   250.0   270.2   272.3   275.4   263.0   226.2   187.0   155.7   141.0   142.0 -9999.0 -9999.0 -9999.0 -9999.0 -9999.0 -9999.0 -9999.0 -9999.0 -9999.0 -9999.0 -9999.0 -9999.0 -9999.0 -9999.0 -9999.0 -9999.0 -9999.0 -9999.0 -9999.0 -9999.0 -9999.0 -9999.0 -9999.0 -9999.0 -9999.0 -9999.0 -9999.0 -9999.0 -9999.0
 -9999.0 -9999.0 -9999.0 -9999.0 -9999.0 -9999.0 -9999.0 -9999.0 -9999.0 -9999.0 -9999.0 -9999.0 -9999.0 -9999.0 -9999.0     1.4     1.3     2.2     2.3     3.0     6.4     7.3     9.6    12.4    15.1    17.5    18.9    20.2    21.3    22.9    25.2    29.5    37.3    45.1    52.9    69.9    85.3    90.5   106.4   112.4   114.1   113.9   111.9   106.4    98.5    81.0    68.9    41.7    56.6    34.1    68.7   120.2   106.6   121.2    91.3   157.3   182.0   145.6   227.5   234.8   193.0   174.0   159.6   153.9   158.4   196.2   272.1   320.0   267.3   178.2   113.1    80.5    99.0   105.0   139.5   151.8   159.9   148.3   168.3   147.0   118.7   113.1   125.6   143.0   157.4   158.9   144.3   147.3   175.5   227.3   290.0   361.8   366.2   368.9   273.1   168.8   145.6 -9999.0   149.0 -9999.0 -9999.0 -9999.0 -9999.0 -9999.0 -9999.0 -9999.0 -9999.0 -9999.0 -9999.0 -9999.0 -9999.0 -9999.0 -9999.0 -9999.0 -9999.0 -9999.0 -9999.0 -9999.0 -9999.0 -9999.0 -9999.0 -9999.0 -9999.0 -9999.0 -9999.0 -9999.0 -9999.0 -9999.0
 -9999.0 -9999.0 -9999.0 -9999.0 -9999.0 -9999.0 -9999.0 -9999.0 -9999.0 -9999.0 -9999.0 -9999.0 -9999.0 -9999.0 -9999.0 -9999.0 -9999.0     0.2     0.9 -9999.0     3.2     7.0     8.8    12.0    14.9    17.3    18.4    19.0    19.7    19.8    21.1    24.2    33.8    34.0    36.2    52.3    79.2    59.6    87.2    95.3    98.8   100.8    95.8    90.2   121.6    72.7   104.4    60.1    30.4    48.0    23.7    62.8    38.4   102.6   129.0   157.6   156.3   218.5   232.9   243.6   184.9   170.0   181.2   214.0   231.4   257.6   320.0   353.6   338.0   240.1   145.2   142.0   135.2   128.3   170.2   197.2   227.5   219.7   185.4   135.2   106.0   111.5   134.9   153.6   155.8   132.5   108.1   107.9   138.4   194.0   291.1   385.3   357.9   343.6   329.6   303.1   201.0   198.9   217.1   202.1   175.5 -9999.0 -9999.0 -9999.0 -9999.0 -9999.0 -9999.0 -9999.0 -9999.0 -9999.0 -9999.0 -9999.0 -9999.0 -9999.0 -9999.0 -9999.0 -9999.0 -9999.0 -9999.0 -9999.0 -9999.0 -9999.0 -9999.0 -9999.0 -9999.0 -9999.0 -9999.0 -9999.0
 -9999.0 -9999.0 -9999.0 -9999.0 -9999.0 -9999.0 -9999.0 -9999.0 -9999.0 -9999.0 -9999.0 -9999.0 -9999.0 -9999.0 -9999.0 -9999.0 -9999.0 -9999.0 -9999.0 -9999.0 -9999.0     6.7    10.3    14.3    16.9    21.9    23.4    22.8    20.3    19.6    18.5    21.5    22.9    26.4    25.9    40.2    45.4    51.0    54.5    66.7    82.4    82.8    79.8    72.7   110.5    55.2   130.5    32.7    57.5   129.8    44.2    99.7   105.1    51.3    90.5   151.5   185.2   195.4   243.7   242.3   178.1   171.8   154.3   203.1   257.7   289.3   338.1   354.4   377.1   317.4   218.9   204.7   190.9   206.3   259.2   309.0   342.6   324.4   237.9   167.9   133.4   144.6   180.7   212.9   226.2   161.2   118.9   109.2   120.2   153.0   231.4   271.6   447.5   546.0   340.6   310.4   268.2   238.0   236.4   165.6 -9999.0 -9999.0 -9999.0 -9999.0 -9999.0 -9999.0 -9999.0 -9999.0 -9999.0 -9999.0 -9999.0 -9999.0 -9999.0 -9999.0 -9999.0 -9999.0 -9999.0 -9999.0 -9999.0 -9999.0 -9999.0 -9999.0 -9999.0 -9999.0 -9999.0 -9999.0 -9999.0 -9999.0
 -9999.0 -9999.0 -9999.0 -9999.0 -9999.0 -9999.0 -9999.0 -9999.0 -9999.0 -9999.0 -9999.0 -9999.0 -9999.0 -9999.0 -9999.0 -9999.0 -9999.0 -9999.0 -9999.0 -9999.0 -9999.0 -9999.0 -9999.0    20.8    23.0    27.9    30.3    28.1    23.0    20.9    18.9    20.8    32.0    30.7    41.3    44.9    58.7    46.1    65.2    70.6    65.6    69.8    58.4    63.5    99.0   179.4    65.0    37.0    29.5    21.8    18.4    67.5    31.7    54.6    58.8    59.1   156.4   207.3   196.7   236.0   228.8   218.4   191.6   146.1   177.4   237.9   278.0   278.1   295.8   317.2   317.8   302.4   297.2   303.1   323.7   353.2   373.6   374.2   305.6   230.0   184.8   186.3   228.0   285.4   306.1   312.6   203.7   171.7   140.6   147.9   208.8   322.5   293.1   411.6   358.5   311.7   256.9   241.2   151.4 -9999.0 -9999.0 -9999.0 -9999.0 -9999.0 -9999.0 -9999.0 -9999.0 -9999.0 -9999.0 -9999.0 -9999.0 -9999.0 -9999.0 -9999.0 -9999.0 -9999.0 -9999.0 -9999.0 -9999.0 -9999.0 -9999.0 -9999.0 -9999.0 -9999.0 -9999.0 -9999.0 -9999.0 -9999.0
 -9999.0 -9999.0 -9999.0 -9999.0 -9999.0 -9999.0 -9999.0 -9999.0 -9999.0 -9999.0 -9999.0 -9999.0 -9999.0 -9999.0 -9999.0 -9999.0 -9999.0 -9999.0 -9999.0 -9999.0 -9999.0 -9999.0 -9999.0 -9999.0 -9999.0    47.3    48.7    32.9    31.0    33.4    26.6    23.9    24.8    31.5    28.9    50.9    77.2    48.3    67.2    52.8    65.5    47.5   106.9    95.7   166.6   188.1   119.5   163.7    29.9    23.8    54.2    43.7    70.5    74.1    56.9    76.7   137.8   165.4   207.0   218.3   224.1   215.3   204.7   109.5   135.2   173.3   190.7   206.2   265.6   332.7   366.9   372.8   343.2   342.8   317.3   316.7   355.5   370.3   318.7   269.5   205.4   196.8   239.6   317.7   396.6   381.7   337.3   260.0   211.9   212.5   242.4   283.7   379.1   502.0   360.2   336.7   207.8   187.5 -9999.0 -9999.0 -9999.0 -9999.0 -9999.0 -9999.0 -9999.0 -9999.0 -9999.0 -9999.0 -9999.0 -9999.0 -9999.0 -9999.0 -9999.0 -9999.0 -9999.0 -9999.0 -9999.0 -9999.0 -9999.0 -9999.0 -9999.0 -9999.0 -9999.0 -9999.0 -9999.0 -9999.0 -9999.0 -9999.0
 -9999.0 -9999.0 -9999.0 -9999.0 -9999.0 -9999.0 -9999.0 -9999.0 -9999.0 -9999.0 -9999.0 -9999.0 -9999.0 -9999.0 -9999.0 -9999.0 -9999.0 -9999.0 -9999.0 -9999.0 -9999.0 -9999.0 -9999.0 -9999.0 -9999.0 -9999.0 -9999.0    66.1    66.6    50.3    40.7    35.3    44.6    29.3    40.7    34.7    36.3    38.1    38.5    43.9    50.8    48.8   115.7   179.1   187.5   197.8   201.0   188.8   171.3    64.8   108.9   109.2    54.2    67.6    77.8   103.8   128.4   170.2   186.5   204.1   224.5   187.2   158.5   134.7   143.9   132.4   143.5   150.2   209.8   300.9   348.1   389.3   285.2   293.2   246.5   250.7   281.7   312.2   322.2   261.8   203.9   179.7   238.6   349.4   397.5   432.8   441.0   482.5   372.1   384.8   511.1   570.0   481.9   404.7   388.5   304.5   215.0 -9999.0 -9999.0 -9999.0 -9999.0 -9999.0 -9999.0 -9999.0 -9999.0 -9999.0 -9999.0 -9999.0 -9999.0 -9999.0 -9999.0 -9999.0 -9999.0 -9999.0 -9999.0 -9999.0 -9999.0 -9999.0 -9999.0 -9999.0 -9999.0 -9999.0 -9999.0 -9999.0 -9999.0 -9999.0 -9999.0 -9999.0
 -9999.0 -9999.0 -9999.0 -9999.0 -9999.0 -9999.0 -9999.0 -9999.0 -9999.0 -9999.0 -9999.0 -9999.0 -9999.0 -9999.0 -9999.0 -9999.0 -9999.0 -9999.0 -9999.0 -9999.0 -9999.0 -9999.0 -9999.0 -9999.0 -9999.0 -9999.0 -9999.0 -9999.0 -9999.0 -9999.0 -9999.0 -9999.0 -9999.0    49.7    44.6 -9999.0 -9999.0 -9999.0    69.9    51.3    76.2   112.3   104.7   196.0   216.5   216.0 -9999.0 -9999.0 -9999.0 -9999.0 -9999.0 -9999.0    96.6    86.7   109.6   121.6   142.2   189.6   196.0   209.3   190.7   158.6   147.7   136.2   136.0   137.4   145.6   172.8   219.6   252.8   256.5   315.9   293.4   211.3   204.3   193.1   227.4   278.2   290.7   257.2   205.5   195.9   268.4   361.3   440.3   432.3   468.2   548.8   651.3   602.1   641.7   578.9   475.1   376.8   324.3   255.7   221.7 -9999.0 -9999.0 -9999.0 -9999.0 -9999.0 -9999.0 -9999.0 -9999.0 -9999.0 -9999.0 -9999.0 -9999.0 -9999.0 -9999.0 -9999.0 -9999.0 -9999.0 -9999.0 -9999.0 -9999.0 -9999.0 -9999.0 -9999.0 -9999.0 -9999.0 -9999.0 -9999.0 -9999.0 -9999.0 -9999.0 -9999.0
 -9999.0 -9999.0 -9999.0 -9999.0 -9999.0 -9999.0 -9999.0 -9999.0 -9999.0 -9999.0 -9999.0 -9999.0 -9999.0 -9999.0 -9999.0 -9999.0 -9999.0 -9999.0 -9999.0 -9999.0 -9999.0 -9999.0 -9999.0 -9999.0 -9999.0 -9999.0 -9999.0 -9999.0 -9999.0 -9999.0 -9999.0 -9999.0 -9999.0 -9999.0 -9999.0 -9999.0 -9999.0 -9999.0 -9999.0   153.3   169.2   187.5   204.0   216.1 -9999.0 -9999.0 -9999.0 -9999.0 -9999.0 -9999.0 -9999.0 -9999.0   109.9   106.9   115.5   127.0   143.7   172.3   192.6   194.2   176.1   141.6   126.6   137.7   169.1   193.8   200.9   190.9   215.5   261.4   266.6   236.5   191.8   208.2   169.1   182.7   213.8   256.3   242.0   243.9   224.6   235.6   299.9   430.9   426.8   395.8   472.1   604.7   640.1   685.6   630.1   540.4   431.7   357.3   299.3   262.2 -9999.0 -9999.0 -9999.0 -9999.0 -9999.0 -9999.0 -9999.0 -9999.0 -9999.0 -9999.0 -9999.0 -9999.0 -9999.0 -9999.0 -9999.0 -9999.0 -9999.0 -9999.0 -9999.0 -9999.0 -9999.0 -9999.0 -9999.0 -9999.0 -9999.0 -9999.0 -9999.0 -9999.0 -9999.0 -9999.0 -9999.0 -9999.0
 -9999.0 -9999.0 -9999.0 -9999.0 -9999.0 -9999.0 -9999.0 -9999.0 -9999.0 -9999.0 -9999.0 -9999.0 -9999.0 -9999.0 -9999.0 -9999.0 -9999.0 -9999.0 -9999.0 -9999.0 -9999.0 -9999.0 -9999.0 -9999.0 -9999.0 -9999.0 -9999.0 -9999.0 -9999.0 -9999.0 -9999.0 -9999.0 -9999.0 -9999.0 -9999.0 -9999.0 -9999.0 -9999.0 -9999.0 -9999.0 -9999.0 -9999.0 -9999.0 -9999.0 -9999.0 -9999.0 -9999.0 -9999.0 -9999.0 -9999.0 -9999.0 -9999.0   122.9   126.6   128.3   140.7   142.5   155.9   174.3   183.1   170.9   146.7   128.3   146.7   181.2   210.9   203.1   208.6   225.9   225.7   197.1   183.2   236.9   211.9   220.4   257.4   261.2   286.4   269.1   234.0   233.5   277.5   328.4   413.2   405.0   380.1   377.1   440.9   541.8   544.1   476.1   400.5   358.7   295.5   283.7 -9999.0 -9999.0 -9999.0 -9999.0 -9999.0 -9999.0 -9999.0 -9999.0 -9999.0 -9999.0 -9999.0 -9999.0 -9999.0 -9999.0 -9999.0 -9999.0 -9999.0 -9999.0 -9999.0 -9999.0 -9999.0 -9999.0 -9999.0 -9999.0 -9999.0 -9999.0 -9999.0 -9999.0 -9999.0 -9999.0 -9999.0 -9999.0 -9999.0
 -9999.0 -9999.0 -9999.0 -9999.0 -9999.0 -9999.0 -9999.0 -9999.0 -9999.0 -9999.0 -9999.0 -9999.0 -9999.0 -9999.0 -9999.0 -9999.0 -9999.0 -9999.0 -9999.0 -9999.0 -9999.0 -9999.0 -9999.0 -9999.0 -9999.0 -9999.0 -9999.0 -9999.0 -9999.0 -9999.0 -9999.0 -9999.0 -9999.0 -9999.0 -9999.0 -9999.0 -9999.0 -9999.0 -9999.0 -9999.0 -9999.0 -9999.0 -9999.0 -9999.0 -9999.0 -9999.0 -9999.0 -9999.0 -9999.0 -9999.0 -9999.0   178.8   140.6   141.9   104.8   132.5   141.3   170.6   180.1   155.0   166.6   147.0   164.9   177.3   212.7   234.1   226.7   211.0   226.2   202.7   173.5   187.2   225.9   282.1   332.9   414.6   355.0   419.8   243.6   208.5   225.1   252.3   317.0   323.5   292.1   274.4   345.5   306.0   377.1   361.0   314.5   289.9   265.3   256.8   256.1 -9999.0 -9999.0 -9999.0 -9999.0 -9999.0 -9999.0 -9999.0 -9999.0 -9999.0 -9999.0 -9999.0 -9999.0 -9999.0 -9999.0 -9999.0 -9999.0 -9999.0 -9999.0 -9999.0 -9999.0 -9999.0 -9999.0 -9999.0 -9999.0 -9999.0 -9999.0 -9999.0 -9999.0 -9999.0 -9999.0 -9999.0 -9999.0 -9999.0
 -9999.0 -9999.0 -9999.0 -9999.0 -9999.0 -9999.0 -9999.0 -9999.0 -9999.0 -9999.0 -9999.0 -9999.0 -9999.0 -9999.0 -9999.0 -9999.0 -9999.0 -9999.0 -9999.0 -9999.0 -9999.0 -9999.0 -9999.0 -9999.0 -9999.0 -9999.0 -9999.0 -9999.0 -9999.0 -9999.0 -9999.0 -9999.0 -9999.0 -9999.0 -9999.0 -9999.0 -9999.0 -9999.0 -9999.0 -9999.0 -9999.0 -9999.0 -9999.0 -9999.0 -9999.0 -9999.0 -9999.0 -9999.0 -9999.0 -9999.0   228.3   203.6   165.8   149.6   118.1   133.9   132.9   145.2   189.7   206.6   191.6   162.3   188.7   213.9   280.9   300.3   256.4   250.3   244.6   256.9   257.9   286.6   335.5   397.5   430.8   422.6   626.8   292.6   317.8   214.4   198.2   222.9   231.2   204.6   227.8   202.0   237.7   230.5   278.7   271.6   235.2   187.2   199.2   175.2   186.5 -9999.0 -9999.0 -9999.0 -9999.0 -9999.0 -9999.0 -9999.0 -9999.0 -9999.0 -9999.0 -9999.0 -9999.0 -9999.0 -9999.0 -9999.0 -9999.0 -9999.0 -9999.0 -9999.0 -9999.0 -9999.0 -9999.0 -9999.0 -9999.0 -9999.0 -9999.0 -9999.0 -9999.0 -9999.0 -9999.0 -9999.0 -9999.0 -9999.0
 -9999.0 -9999.0 -9999.0 -9999.0 -9999.0 -9999.0 -9999.0 -9999.0 -9999.0 -9999.0 -9999.0 -9999.0 -9999.0 -9999.0 -9999.0 -9999.0 -9999.0 -9999.0 -9999.0 -9999.0 -9999.0 -9999.0 -9999.0 -9999.0 -9999.0 -9999.0 -9999.0 -9999.0 -9999.0 -9999.0 -9999.0 -9999.0 -9999.0 -9999.0 -9999.0 -9999.0 -9999.0 -9999.0 -9999.0 -9999.0 -9999.0 -9999.0 -9999.0 -9999.0 -9999.0 -9999.0 -9999.0 -9999.0 -9999.0 -9999.0   244.3   231.0   190.8   154.4   136.9   120.3   100.7   185.7   216.7   208.0   182.2   185.4   203.0   258.2   325.1   360.1   313.3   296.9   299.9   356.6   395.0   398.3   417.0   481.8   506.9   507.8   401.7   421.3   318.9   187.8   215.4   198.3   220.4   187.2   175.1   156.3   167.6   199.2   232.1   227.9   177.5   159.8   125.9   102.7 -9999.0 -9999.0 -9999.0 -9999.0 -9999.0 -9999.0 -9999.0 -9999.0 -9999.0 -9999.0 -9999.0 -9999.0 -9999.0 -9999.0 -9999.0 -9999.0 -9999.0 -9999.0 -9999.0 -9999.0 -9999.0 -9999.0 -9999.0 -9999.0 -9999.0 -9999.0 -9999.0 -9999.0 -9999.0 -9999.0 -9999.0 -9999.0 -9999.0 -9999.0
 -9999.0 -9999.0 -9999.0 -9999.0 -9999.0 -9999.0 -9999.0 -9999.0 -9999.0 -9999.0 -9999.0 -9999.0 -9999.0 -9999.0 -9999.0 -9999.0 -9999.0 -9999.0 -9999.0 -9999.0 -9999.0 -9999.0 -9999.0 -9999.0 -9999.0 -9999.0 -9999.0 -9999.0 -9999.0 -9999.0 -9999.0 -9999.0 -9999.0 -9999.0 -9999.0 -9999.0 -9999.0 -9999.0 -9999.0 -9999.0 -9999.0 -9999.0 -9999.0 -9999.0 -9999.0 -9999.0 -9999.0 -9999.0 -9999.0 -9999.0   241.8   244.2   196.5   187.4   119.0    99.9   159.2   173.6   215.8   163.2   174.0   180.6   180.6   225.9   288.7   306.7   310.3   306.7   332.6   395.1   466.3   427.6   420.5   401.5   381.1   337.8   232.6   325.0   256.7   253.2   159.2   234.9   264.7   222.3   167.6   139.1   134.4   168.3   184.4   160.6   121.0   100.9 -9999.0 -9999.0 -9999.0 -9999.0 -9999.0 -9999.0 -9999.0 -9999.0 -9999.0 -9999.0 -9999.0 -9999.0 -9999.0 -9999.0 -9999.0 -9999.0 -9999.0 -9999.0 -9999.0 -9999.0 -9999.0 -9999.0 -9999.0 -9999.0 -9999.0 -9999.0 -9999.0 -9999.0 -9999.0 -9999.0 -9999.0 -9999.0 -9999.0 -9999.0 -9999.0 -9999.0
 -9999.0 -9999.0 -9999.0 -9999.0 -9999.0 -9999.0 -9999.0 -9999.0 -9999.0 -9999.0 -9999.0 -9999.0 -9999.0 -9999.0 -9999.0 -9999.0 -9999.0 -9999.0 -9999.0 -9999.0 -9999.0 -9999.0 -9999.0 -9999.0 -9999.0 -9999.0 -9999.0 -9999.0 -9999.0 -9999.0 -9999.0 -9999.0 -9999.0 -9999.0 -9999.0 -9999.0 -9999.0 -9999.0 -9999.0 -9999.0 -9999.0 -9999.0 -9999.0 -9999.0 -9999.0 -9999.0 -9999.0 -9999.0 -9999.0 -9999.0   295.7   290.5   239.3   199.7   150.3   142.3   133.4   181.7   213.4   175.1   167.0   137.0   100.2   166.6   221.4   239.1   246.7   289.2   345.6   326.5   400.3   381.5   341.0   292.3   257.0   214.0   172.5   228.7   173.8   214.5   197.0   190.0   253.1   223.5   188.8   151.1   138.4   155.8   136.5   104.0    80.6 -9999.0 -9999.0 -9999.0 -9999.0 -9999.0 -9999.0 -9999.0 -9999.0 -9999.0 -9999.0 -9999.0 -9999.0 -9999.0 -9999.0 -9999.0 -9999.0 -9999.0 -9999.0 -9999.0 -9999.0 -9999.0 -9999.0 -9999.0 -9999.0 -9999.0 -9999.0 -9999.0 -9999.0 -9999.0 -9999.0 -9999.0 -9999.0 -9999.0 -9999.0 -9999.0 -9999.0 -9999.0
 -9999.0 -9999.0 -9999.0 -9999.0 -9999.0 -9999.0 -9999.0 -9999.0 -9999.0 -9999.0 -9999.0 -9999.0 -9999.0 -9999.0 -9999.0 -9999.0 -9999.0 -9999.0 -9999.0 -9999.0 -9999.0 -9999.0 -9999.0 -9999.0 -9999.0 -9999.0 -9999.0 -9999.0 -9999.0 -9999.0 -9999.0 -9999.0 -9999.0 -9999.0 -9999.0 -9999.0 -9999.0 -9999.0 -9999.0 -9999.0 -9999.0 -9999.0 -9999.0 -9999.0 -9999.0 -9999.0 -9999.0 -9999.0 -9999.0 -9999.0 -9999.0 -9999.0 -9999.0   233.0   183.9   148.7   158.9   197.2   227.1   214.4   244.9   126.2   158.2   165.5   193.4   215.0   239.2   282.9   341.6   331.6   278.9   255.3   239.2   231.0   227.3   212.3   180.0   194.6   200.6   190.9   165.3   185.7   208.0   211.2   181.5   157.6   166.9   149.8   138.5    90.7 -9999.0 -9999.0 -9999.0 -9999.0 -9999.0 -9999.0 -9999.0 -9999.0 -9999.0 -9999.0 -9999.0 -9999.0 -9999.0 -9999.0 -9999.0 -9999.0 -9999.0 -9999.0 -9999.0 -9999.0 -9999.0 -9999.0 -9999.0 -9999.0 -9999.0 -9999.0 -9999.0 -9999.0 -9999.0 -9999.0 -9999.0 -9999.0 -9999.0 -9999.0 -9999.0 -9999.0 -9999.0 -9999.0
 -9999.0 -9999.0 -9999.0 -9999.0 -9999.0 -9999.0 -9999.0 -9999.0 -9999.0 -9999.0 -9999.0 -9999.0 -9999.0 -9999.0 -9999.0 -9999.0 -9999.0 -9999.0 -9999.0 -9999.0 -9999.0 -9999.0 -9999.0 -9999.0 -9999.0 -9999.0 -9999.0 -9999.0 -9999.0 -9999.0 -9999.0 -9999.0 -9999.0 -9999.0 -9999.0 -9999.0 -9999.0 -9999.0 -9999.0 -9999.0 -9999.0 -9999.0 -9999.0 -9999.0 -9999.0 -9999.0 -9999.0 -9999.0 -9999.0 -9999.0 -9999.0 -9999.0 -9999.0   289.1   234.6   220.6   174.7   180.1   228.1   301.0   271.5   220.9   256.7   250.9   249.7   246.0   238.9   289.9   252.1   229.1   200.3   224.7   244.0   270.9   297.5   247.4   227.2   184.4   204.2   209.0   187.3   173.4   185.6 -9999.0   182.7   180.3 -9999.0 -9999.0 -9999.0 -9999.0 -9999.0 -9999.0 -9999.0 -9999.0 -9999.0 -9999.0 -9999.0 -9999.0 -9999.0 -9999.0 -9999.0 -9999.0 -9999.0 -9999.0 -9999.0 -9999.0 -9999.0 -9999.0 -9999.0 -9999.0 -9999.0 -9999.0 -9999.0 -9999.0 -9999.0 -9999.0 -9999.0 -9999.0 -9999.0 -9999.0 -9999.0 -9999.0 -9999.0 -9999.0 -9999.0 -9999.0 -9999.0 -9999.0
 -9999.0 -9999.0 -9999.0 -9999.0 -9999.0 -9999.0 -9999.0 -9999.0 -9999.0 -9999.0 -9999.0 -9999.0 -9999.0 -9999.0 -9999.0 -9999.0 -9999.0 -9999.0 -9999.0 -9999.0 -9999.0 -9999.0 -9999.0 -9999.0 -9999.0 -9999.0 -9999.0 -9999.0 -9999.0 -9999.0 -9999.0 -9999.0 -9999.0 -9999.0 -9999.0 -9999.0 -9999.0 -9999.0 -9999.0 -9999.0 -9999.0 -9999.0 -9999.0 -9999.0 -9999.0 -9999.0 -9999.0 -9999.0 -9999.0 -9999.0 -9999.0 -9999.0 -9999.0   336.9   248.9   237.8   186.8   164.7   220.1   292.0   374.5   375.7   387.6   349.4   313.1 -9999.0 -9999.0 -9999.0   251.3   213.0   256.8   341.3   406.5   429.9   396.7   311.7   287.8   253.3   163.9   285.1   273.7   233.5   200.3 -9999.0 -9999.0 -9999.0 -9999.0 -9999.0 -9999.0 -9999.0 -9999.0 -9999.0 -9999.0 -9999.0 -9999.0 -9999.0 -9999.0 -9999.0 -9999.0 -9999.0 -9999.0 -9999.0 -9999.0 -9999.0 -9999.0 -9999.0 -9999.0 -9999.0 -9999.0 -9999.0 -9999.0 -9999.0 -9999.0 -9999.0 -9999.0 -9999.0 -9999.0 -9999.0 -9999.0 -9999.0 -9999.0 -9999.0 -9999.0 -9999.0 -9999.0 -9999.0 -9999.0 -9999.0
 -9999.0 -9999.0 -9999.0 -9999.0 -9999.0 -9999.0 -9999.0 -9999.0 -9999.0 -9999.0 -9999.0 -9999.0 -9999.0 -9999.0 -9999.0 -9999.0 -9999.0 -9999.0 -9999.0 -9999.0 -9999.0 -9999.0 -9999.0 -9999.0 -9999.0 -9999.0 -9999.0 -9999.0 -9999.0 -9999.0 -9999.0 -9999.0 -9999.0 -9999.0 -9999.0 -9999.0 -9999.0 -9999.0 -9999.0 -9999.0 -9999.0 -9999.0 -9999.0 -9999.0 -9999.0 -9999.0 -9999.0 -9999.0 -9999.0 -9999.0 -9999.0 -9999.0 -9999.0 -9999.0   306.9   243.0   158.1   136.0   230.4   349.0   326.4 -9999.0 -9999.0 -9999.0 -9999.0 -9999.0 -9999.0 -9999.0   242.5   284.5   380.8   522.9   600.4   537.7   426.9   356.4   322.9   329.3   360.4 -9999.0   372.0 -9999.0 -9999.0 -9999.0 -9999.0 -9999.0 -9999.0 -9999.0 -9999.0 -9999.0 -9999.0 -9999.0 -9999.0 -9999.0 -9999.0 -9999.0 -9999.0 -9999.0 -9999.0 -9999.0 -9999.0 -9999.0 -9999.0 -9999.0 -9999.0 -9999.0 -9999.0 -9999.0 -9999.0 -9999.0 -9999.0 -9999.0 -9999.0 -9999.0 -9999.0 -9999.0 -9999.0 -9999.0 -9999.0 -9999.0 -9999.0 -9999.0 -9999.0 -9999.0 -9999.0 -9999.0 -9999.0 -9999.0
 -9999.0 -9999.0 -9999.0 -9999.0 -9999.0 -9999.0 -9999.0 -9999.0 -9999.0 -9999.0 -9999.0 -9999.0 -9999.0 -9999.0 -9999.0 -9999.0 -9999.0 -9999.0 -9999.0 -9999.0 -9999.0 -9999.0 -9999.0 -9999.0 -9999.0 -9999.0 -9999.0 -9999.0 -9999.0 -9999.0 -9999.0 -9999.0 -9999.0 -9999.0 -9999.0 -9999.0 -9999.0 -9999.0 -9999.0 -9999.0 -9999.0 -9999.0 -9999.0 -9999.0 -9999.0 -9999.0 -9999.0 -9999.0 -9999.0 -9999.0 -9999.0 -9999.0 -9999.0 -9999.0 -9999.0   237.8   262.7   191.3   205.8   314.4   371.2 -9999.0 -9999.0 -9999.0 -9999.0 -9999.0 -9999.0 -9999.0 -9999.0 -9999.0   452.9 -9999.0 -9999.0 -9999.0 -9999.0 -9999.0   300.2 -9999.0 -9999.0 -9999.0 -9999.0 -9999.0 -9999.0 -9999.0 -9999.0 -9999.0 -9999.0 -9999.0 -9999.0 -9999.0 -9999.0 -9999.0 -9999.0 -9999.0 -9999.0 -9999.0 -9999.0 -9999.0 -9999.0 -9999.0 -9999.0 -9999.0 -9999.0 -9999.0 -9999.0 -9999.0 -9999.0 -9999.0 -9999.0 -9999.0 -9999.0 -9999.0 -9999.0 -9999.0 -9999.0 -9999.0 -9999.0 -9999.0 -9999.0 -9999.0 -9999.0 -9999.0 -9999.0 -9999.0 -9999.0 -9999.0 -9999.0 -9999.0
 -9999.0 -9999.0 -9999.0 -9999.0 -9999.0 -9999.0 -9999.0 -9999.0 -9999.0 -9999.0 -9999.0 -9999.0 -9999.0 -9999.0 -9999.0 -9999.0 -9999.0 -9999.0 -9999.0 -9999.0 -9999.0 -9999.0 -9999.0 -9999.0 -9999.0 -9999.0 -9999.0 -9999.0 -9999.0 -9999.0 -9999.0 -9999.0 -9999.0 -9999.0 -9999.0 -9999.0 -9999.0 -9999.0 -9999.0 -9999.0 -9999.0 -9999.0 -9999.0 -9999.0 -9999.0 -9999.0 -9999.0 -9999.0 -9999.0 -9999.0 -9999.0 -9999.0 -9999.0 -9999.0 -9999.0 -9999.0 -9999.0 -9999.0   256.9   283.0 -9999.0 -9999.0 -9999.0 -9999.0 -9999.0 -9999.0 -9999.0 -9999.0 -9999.0 -9999.0 -9999.0 -9999.0 -9999.0 -9999.0 -9999.0   222.5   239.6 -9999.0 -9999.0 -9999.0 -9999.0 -9999.0 -9999.0 -9999.0 -9999.0 -9999.0 -9999.0 -9999.0 -9999.0 -9999.0 -9999.0 -9999.0 -9999.0 -9999.0 -9999.0 -9999.0 -9999.0 -9999.0 -9999.0 -9999.0 -9999.0 -9999.0 -9999.0 -9999.0 -9999.0 -9999.0 -9999.0 -9999.0 -9999.0 -9999.0 -9999.0 -9999.0 -9999.0 -9999.0 -9999.0 -9999.0 -9999.0 -9999.0 -9999.0 -9999.0 -9999.0 -9999.0 -9999.0 -9999.0 -9999.0 -9999.0 -9999.0 -9999.0
 -9999.0 -9999.0 -9999.0 -9999.0 -9999.0 -9999.0 -9999.0 -9999.0 -9999.0 -9999.0 -9999.0 -9999.0 -9999.0 -9999.0 -9999.0 -9999.0 -9999.0 -9999.0 -9999.0 -9999.0 -9999.0 -9999.0 -9999.0 -9999.0 -9999.0 -9999.0 -9999.0 -9999.0 -9999.0 -9999.0 -9999.0 -9999.0 -9999.0 -9999.0 -9999.0 -9999.0 -9999.0 -9999.0 -9999.0 -9999.0 -9999.0 -9999.0 -9999.0 -9999.0 -9999.0 -9999.0 -9999.0 -9999.0 -9999.0 -9999.0 -9999.0 -9999.0 -9999.0 -9999.0 -9999.0 -9999.0 -9999.0 -9999.0 -9999.0 -9999.0 -9999.0 -9999.0 -9999.0 -9999.0 -9999.0 -9999.0 -9999.0 -9999.0 -9999.0 -9999.0 -9999.0 -9999.0 -9999.0 -9999.0 -9999.0 -9999.0 -9999.0 -9999.0 -9999.0 -9999.0 -9999.0 -9999.0 -9999.0 -9999.0 -9999.0 -9999.0 -9999.0 -9999.0 -9999.0 -9999.0 -9999.0 -9999.0 -9999.0 -9999.0 -9999.0 -9999.0 -9999.0 -9999.0 -9999.0 -9999.0 -9999.0 -9999.0 -9999.0 -9999.0 -9999.0 -9999.0 -9999.0 -9999.0 -9999.0 -9999.0 -9999.0 -9999.0 -9999.0 -9999.0 -9999.0 -9999.0 -9999.0 -9999.0 -9999.0 -9999.0 -9999.0 -9999.0 -9999.0 -9999.0 -9999.0 -9999.0 -9999.0 -9999.0
 -9999.0 -9999.0 -9999.0 -9999.0 -9999.0 -9999.0 -9999.0 -9999.0 -9999.0 -9999.0 -9999.0 -9999.0 -9999.0 -9999.0 -9999.0 -9999.0 -9999.0 -9999.0 -9999.0 -9999.0 -9999.0 -9999.0 -9999.0 -9999.0 -9999.0 -9999.0 -9999.0 -9999.0 -9999.0 -9999.0 -9999.0 -9999.0 -9999.0 -9999.0 -9999.0 -9999.0 -9999.0 -9999.0 -9999.0 -9999.0 -9999.0 -9999.0 -9999.0 -9999.0 -9999.0 -9999.0 -9999.0 -9999.0 -9999.0 -9999.0 -9999.0 -9999.0 -9999.0 -9999.0 -9999.0 -9999.0 -9999.0 -9999.0 -9999.0 -9999.0 -9999.0 -9999.0 -9999.0 -9999.0 -9999.0 -9999.0 -9999.0 -9999.0 -9999.0 -9999.0 -9999.0 -9999.0 -9999.0 -9999.0 -9999.0   172.8   173.9   202.9 -9999.0 -9999.0 -9999.0 -9999.0 -9999.0 -9999.0 -9999.0 -9999.0 -9999.0 -9999.0 -9999.0 -9999.0 -9999.0 -9999.0 -9999.0 -9999.0 -9999.0 -9999.0 -9999.0 -9999.0 -9999.0 -9999.0 -9999.0 -9999.0 -9999.0 -9999.0 -9999.0 -9999.0 -9999.0 -9999.0 -9999.0 -9999.0 -9999.0 -9999.0 -9999.0 -9999.0 -9999.0 -9999.0 -9999.0 -9999.0 -9999.0 -9999.0 -9999.0 -9999.0 -9999.0 -9999.0 -9999.0 -9999.0 -9999.0 -9999.0
 -9999.0 -9999.0 -9999.0 -9999.0 -9999.0 -9999.0 -9999.0 -9999.0 -9999.0 -9999.0 -9999.0 -9999.0 -9999.0 -9999.0 -9999.0 -9999.0 -9999.0 -9999.0 -9999.0 -9999.0 -9999.0 -9999.0 -9999.0 -9999.0 -9999.0 -9999.0 -9999.0 -9999.0 -9999.0 -9999.0 -9999.0 -9999.0 -9999.0 -9999.0 -9999.0 -9999.0 -9999.0 -9999.0 -9999.0 -9999.0 -9999.0 -9999.0 -9999.0 -9999.0 -9999.0 -9999.0 -9999.0 -9999.0 -9999.0 -9999.0 -9999.0 -9999.0 -9999.0 -9999.0 -9999.0 -9999.0 -9999.0 -9999.0 -9999.0 -9999.0 -9999.0 -9999.0 -9999.0 -9999.0 -9999.0 -9999.0 -9999.0 -9999.0 -9999.0 -9999.0 -9999.0 -9999.0 -9999.0   107.7   169.6   189.7   205.4 -9999.0 -9999.0 -9999.0 -9999.0 -9999.0 -9999.0 -9999.0 -9999.0 -9999.0 -9999.0 -9999.0 -9999.0 -9999.0 -9999.0 -9999.0 -9999.0 -9999.0 -9999.0 -9999.0 -9999.0 -9999.0 -9999.0 -9999.0 -9999.0 -9999.0 -9999.0 -9999.0 -9999.0 -9999.0 -9999.0 -9999.0 -9999.0 -9999.0 -9999.0 -9999.0 -9999.0 -9999.0 -9999.0 -9999.0 -9999.0 -9999.0 -9999.0 -9999.0 -9999.0 -9999.0 -9999.0 -9999.0 -9999.0 -9999.0 -9999.0 -9999.0
 -9999.0 -9999.0 -9999.0 -9999.0 -9999.0 -9999.0 -9999.0 -9999.0 -9999.0 -9999.0 -9999.0 -9999.0 -9999.0 -9999.0 -9999.0 -9999.0 -9999.0 -9999.0 -9999.0 -9999.0 -9999.0 -9999.0 -9999.0 -9999.0 -9999.0 -9999.0 -9999.0 -9999.0 -9999.0 -9999.0 -9999.0 -9999.0 -9999.0 -9999.0 -9999.0 -9999.0 -9999.0 -9999.0 -9999.0 -9999.0 -9999.0 -9999.0 -9999.0 -9999.0 -9999.0 -9999.0 -9999.0 -9999.0 -9999.0 -9999.0 -9999.0 -9999.0 -9999.0 -9999.0 -9999.0 -9999.0 -9999.0 -9999.0 -9999.0 -9999.0 -9999.0 -9999.0 -9999.0 -9999.0 -9999.0 -9999.0 -9999.0 -9999.0 -9999.0 -9999.0 -9999.0 -9999.0 -9999.0 -9999.0   158.4   226.0   225.7 -9999.0 -9999.0 -9999.0 -9999.0 -9999.0 -9999.0 -9999.0 -9999.0 -9999.0 -9999.0 -9999.0 -9999.0 -9999.0 -9999.0 -9999.0 -9999.0 -9999.0 -9999.0 -9999.0 -9999.0 -9999.0 -9999.0 -9999.0 -9999.0 -9999.0 -9999.0 -9999.0 -9999.0 -9999.0 -9999.0 -9999.0 -9999.0 -9999.0 -9999.0 -9999.0 -9999.0 -9999.0 -9999.0 -9999.0 -9999.0 -9999.0 -9999.0 -9999.0 -9999.0 -9999.0 -9999.0 -9999.0 -9999.0 -9999.0 -9999.0 -9999.0
 -9999.0 -9999.0 -9999.0 -9999.0 -9999.0 -9999.0 -9999.0 -9999.0 -9999.0 -9999.0 -9999.0 -9999.0 -9999.0 -9999.0 -9999.0 -9999.0 -9999.0 -9999.0 -9999.0 -9999.0 -9999.0 -9999.0 -9999.0 -9999.0 -9999.0 -9999.0 -9999.0 -9999.0 -9999.0 -9999.0 -9999.0 -9999.0 -9999.0 -9999.0 -9999.0 -9999.0 -9999.0 -9999.0 -9999.0 -9999.0 -9999.0 -9999.0 -9999.0 -9999.0 -9999.0 -9999.0 -9999.0 -9999.0 -9999.0 -9999.0 -9999.0 -9999.0 -9999.0 -9999.0 -9999.0 -9999.0 -9999.0 -9999.0 -9999.0 -9999.0 -9999.0 -9999.0 -9999.0 -9999.0 -9999.0 -9999.0 -9999.0 -9999.0 -9999.0 -9999.0 -9999.0 -9999.0 -9999.0 -9999.0 -9999.0 -9999.0 -9999.0 -9999.0 -9999.0 -9999.0 -9999.0 -9999.0 -9999.0 -9999.0 -9999.0 -9999.0 -9999.0 -9999.0 -9999.0 -9999.0 -9999.0 -9999.0 -9999.0 -9999.0 -9999.0 -9999.0 -9999.0 -9999.0 -9999.0 -9999.0 -9999.0 -9999.0 -9999.0 -9999.0 -9999.0 -9999.0 -9999.0 -9999.0 -9999.0 -9999.0 -9999.0 -9999.0 -9999.0 -9999.0 -9999.0 -9999.0 -9999.0 -9999.0 -9999.0 -9999.0 -9999.0 -9999.0 -9999.0 -9999.0 -9999.0 -9999.0 -9999.0 -9999.0
