NCOLS      128
NROWS       72
XLLCORNER    72.000000000000    
YLLCORNER    18.000000000000    
CELLSIZE    0.50000000000000    
NODATA_VALUE   -9999.000    
 -9999.0 -9999.0 -9999.0 -9999.0 -9999.0 -9999.0 -9999.0 -9999.0 -9999.0 -9999.0 -9999.0 -9999.0 -9999.0 -9999.0 -9999.0 -9999.0 -9999.0 -9999.0 -9999.0 -9999.0 -9999.0 -9999.0 -9999.0 -9999.0 -9999.0 -9999.0 -9999.0 -9999.0 -9999.0 -9999.0 -9999.0 -9999.0 -9999.0 -9999.0 -9999.0 -9999.0 -9999.0 -9999.0 -9999.0 -9999.0 -9999.0 -9999.0 -9999.0 -9999.0 -9999.0 -9999.0 -9999.0 -9999.0 -9999.0 -9999.0 -9999.0 -9999.0 -9999.0 -9999.0 -9999.0 -9999.0 -9999.0 -9999.0 -9999.0 -9999.0 -9999.0 -9999.0 -9999.0 -9999.0 -9999.0 -9999.0 -9999.0 -9999.0 -9999.0 -9999.0 -9999.0 -9999.0 -9999.0 -9999.0 -9999.0 -9999.0 -9999.0 -9999.0 -9999.0 -9999.0 -9999.0 -9999.0 -9999.0 -9999.0 -9999.0 -9999.0 -9999.0 -9999.0 -9999.0 -9999.0 -9999.0 -9999.0 -9999.0 -9999.0 -9999.0 -9999.0 -9999.0     2.7     2.7     2.7     3.4     3.5     4.1     4.8     6.1 -9999.0 -9999.0 -9999.0 -9999.0 -9999.0 -9999.0 -9999.0 -9999.0 -9999.0 -9999.0 -9999.0 -9999.0 -9999.0 -9999.0 -9999.0 -9999.0 -9999.0 -9999.0 -9999.0 -9999.0 -9999.0 -9999.0 -9999.0
 -9999.0 -9999.0 -9999.0 -9999.0 -9999.0 -9999.0 -9999.0 -9999.0 -9999.0 -9999.0 -9999.0 -9999.0 -9999.0 -9999.0 -9999.0 -9999.0 -9999.0 -9999.0 -9999.0 -9999.0 -9999.0 -9999.0 -9999.0 -9999.0 -9999.0 -9999.0 -9999.0 -9999.0 -9999.0 -9999.0 -9999.0 -9999.0 -9999.0 -9999.0 -9999.0 -9999.0 -9999.0 -9999.0 -9999.0 -9999.0 -9999.0 -9999.0 -9999.0 -9999.0 -9999.0 -9999.0 -9999.0 -9999.0 -9999.0 -9999.0 -9999.0 -9999.0 -9999.0 -9999.0 -9999.0 -9999.0 -9999.0 -9999.0 -9999.0 -9999.0 -9999.0 -9999.0 -9999.0 -9999.0 -9999.0 -9999.0 -9999.0 -9999.0 -9999.0 -9999.0 -9999.0 -9999.0 -9999.0 -9999.0 -9999.0 -9999.0 -9999.0 -9999.0 -9999.0 -9999.0 -9999.0 -9999.0 -9999.0 -9999.0 -9999.0 -9999.0 -9999.0 -9999.0 -9999.0 -9999.0 -9999.0 -9999.0 -9999.0 -9999.0 -9999.0 -9999.0     1.7     2.0     3.1     2.8     3.7     3.7     3.5     3.5     3.8     3.6     3.6     4.0     4.2 -9999.0 -9999.0 -9999.0 -9999.0 -9999.0 -9999.0 -9999.0 -9999.0 -9999.0 -9999.0 -9999.0 -9999.0 -9999.0 -9999.0 -9999.0 -9999.0 -9999.0 -9999.0 -9999.0
 -9999.0 -9999.0 -9999.0 -9999.0 -9999.0 -9999.0 -9999.0 -9999.0 -9999.0 -9999.0 -9999.0 -9999.0 -9999.0 -9999.0 -9999.0 -9999.0 -9999.0 -9999.0 -9999.0 -9999.0 -9999.0 -9999.0 -9999.0 -9999.0 -9999.0 -9999.0 -9999.0 -9999.0 -9999.0 -9999.0 -9999.0 -9999.0 -9999.0 -9999.0 -9999.0 -9999.0 -9999.0 -9999.0 -9999.0 -9999.0 -9999.0 -9999.0 -9999.0 -9999.0 -9999.0 -9999.0 -9999.0 -9999.0 -9999.0 -9999.0 -9999.0 -9999.0 -9999.0 -9999.0 -9999.0 -9999.0 -9999.0 -9999.0 -9999.0 -9999.0 -9999.0 -9999.0 -9999.0 -9999.0 -9999.0 -9999.0 -9999.0 -9999.0 -9999.0 -9999.0 -9999.0 -9999.0 -9999.0 -9999.0 -9999.0 -9999.0 -9999.0 -9999.0 -9999.0 -9999.0 -9999.0 -9999.0 -9999.0 -9999.0 -9999.0 -9999.0 -9999.0 -9999.0 -9999.0 -9999.0 -9999.0 -9999.0 -9999.0 -9999.0 -9999.0     2.0     2.0     2.3     3.2     2.6     2.9     3.2     3.1     3.0     2.6     3.3     2.4     2.6     2.6 -9999.0 -9999.0 -9999.0 -9999.0 -9999.0 -9999.0 -9999.0 -9999.0 -9999.0 -9999.0 -9999.0 -9999.0 -9999.0 -9999.0 -9999.0 -9999.0 -9999.0 -9999.0 -9999.0
 -9999.0 -9999.0 -9999.0 -9999.0 -9999.0 -9999.0 -9999.0 -9999.0 -9999.0 -9999.0 -9999.0 -9999.0 -9999.0 -9999.0 -9999.0 -9999.0 -9999.0 -9999.0 -9999.0 -9999.0 -9999.0 -9999.0 -9999.0 -9999.0 -9999.0 -9999.0 -9999.0 -9999.0 -9999.0 -9999.0 -9999.0 -9999.0 -9999.0 -9999.0 -9999.0 -9999.0 -9999.0 -9999.0 -9999.0 -9999.0 -9999.0 -9999.0 -9999.0 -9999.0 -9999.0 -9999.0 -9999.0 -9999.0 -9999.0 -9999.0 -9999.0 -9999.0 -9999.0 -9999.0 -9999.0 -9999.0 -9999.0 -9999.0 -9999.0 -9999.0 -9999.0 -9999.0 -9999.0 -9999.0 -9999.0 -9999.0 -9999.0 -9999.0 -9999.0 -9999.0 -9999.0 -9999.0 -9999.0 -9999.0 -9999.0 -9999.0 -9999.0 -9999.0 -9999.0 -9999.0 -9999.0 -9999.0 -9999.0 -9999.0 -9999.0 -9999.0 -9999.0 -9999.0 -9999.0 -9999.0 -9999.0 -9999.0 -9999.0 -9999.0 -9999.0     1.5     2.7     1.5     2.3     3.1     3.9     4.2     2.5     2.0     1.7     1.5     1.2     1.4     1.4     1.7 -9999.0 -9999.0 -9999.0 -9999.0 -9999.0 -9999.0 -9999.0 -9999.0 -9999.0 -9999.0 -9999.0 -9999.0 -9999.0 -9999.0 -9999.0 -9999.0 -9999.0 -9999.0
 -9999.0 -9999.0 -9999.0 -9999.0 -9999.0 -9999.0 -9999.0 -9999.0 -9999.0 -9999.0 -9999.0 -9999.0 -9999.0 -9999.0 -9999.0 -9999.0 -9999.0 -9999.0 -9999.0 -9999.0 -9999.0 -9999.0 -9999.0 -9999.0 -9999.0 -9999.0 -9999.0 -9999.0 -9999.0 -9999.0 -9999.0 -9999.0 -9999.0 -9999.0 -9999.0 -9999.0 -9999.0 -9999.0 -9999.0 -9999.0 -9999.0 -9999.0 -9999.0 -9999.0 -9999.0 -9999.0 -9999.0 -9999.0 -9999.0 -9999.0 -9999.0 -9999.0 -9999.0 -9999.0 -9999.0 -9999.0 -9999.0 -9999.0 -9999.0 -9999.0 -9999.0 -9999.0 -9999.0 -9999.0 -9999.0 -9999.0 -9999.0 -9999.0 -9999.0 -9999.0 -9999.0 -9999.0 -9999.0 -9999.0 -9999.0 -9999.0 -9999.0 -9999.0 -9999.0 -9999.0 -9999.0 -9999.0 -9999.0 -9999.0 -9999.0 -9999.0 -9999.0 -9999.0 -9999.0 -9999.0 -9999.0 -9999.0 -9999.0 -9999.0 -9999.0     1.8     1.5     3.3     3.8     3.3     2.8     4.1     2.8     1.6     0.9     0.9     0.6     0.7     0.9     1.0     1.6 -9999.0 -9999.0 -9999.0 -9999.0 -9999.0 -9999.0 -9999.0 -9999.0 -9999.0 -9999.0 -9999.0 -9999.0 -9999.0 -9999.0 -9999.0 -9999.0 -9999.0
 -9999.0 -9999.0 -9999.0 -9999.0 -9999.0 -9999.0 -9999.0 -9999.0 -9999.0 -9999.0 -9999.0 -9999.0 -9999.0 -9999.0 -9999.0 -9999.0 -9999.0 -9999.0 -9999.0 -9999.0 -9999.0 -9999.0 -9999.0 -9999.0 -9999.0 -9999.0 -9999.0 -9999.0 -9999.0 -9999.0 -9999.0 -9999.0 -9999.0 -9999.0 -9999.0 -9999.0 -9999.0 -9999.0 -9999.0 -9999.0 -9999.0 -9999.0 -9999.0 -9999.0 -9999.0 -9999.0 -9999.0 -9999.0 -9999.0 -9999.0 -9999.0 -9999.0 -9999.0 -9999.0 -9999.0 -9999.0 -9999.0 -9999.0 -9999.0 -9999.0 -9999.0 -9999.0 -9999.0 -9999.0 -9999.0 -9999.0 -9999.0 -9999.0 -9999.0 -9999.0 -9999.0 -9999.0 -9999.0 -9999.0 -9999.0 -9999.0 -9999.0 -9999.0 -9999.0 -9999.0 -9999.0 -9999.0 -9999.0 -9999.0 -9999.0 -9999.0 -9999.0 -9999.0 -9999.0 -9999.0 -9999.0 -9999.0 -9999.0 -9999.0     1.2     1.5     2.4     2.8     3.3     4.1     4.5     1.9     1.9     1.0     0.4     0.3     0.3     0.4     0.6     0.7     1.2 -9999.0 -9999.0 -9999.0 -9999.0 -9999.0 -9999.0 -9999.0 -9999.0 -9999.0 -9999.0 -9999.0 -9999.0 -9999.0 -9999.0 -9999.0 -9999.0 -9999.0
 -9999.0 -9999.0 -9999.0 -9999.0 -9999.0 -9999.0 -9999.0 -9999.0 -9999.0 -9999.0 -9999.0 -9999.0 -9999.0 -9999.0 -9999.0 -9999.0 -9999.0 -9999.0 -9999.0 -9999.0 -9999.0 -9999.0 -9999.0 -9999.0 -9999.0 -9999.0 -9999.0 -9999.0 -9999.0 -9999.0 -9999.0 -9999.0 -9999.0 -9999.0 -9999.0 -9999.0 -9999.0 -9999.0 -9999.0 -9999.0 -9999.0 -9999.0 -9999.0 -9999.0 -9999.0 -9999.0 -9999.0 -9999.0 -9999.0 -9999.0 -9999.0 -9999.0 -9999.0 -9999.0 -9999.0 -9999.0 -9999.0 -9999.0 -9999.0 -9999.0 -9999.0 -9999.0 -9999.0 -9999.0 -9999.0 -9999.0 -9999.0 -9999.0 -9999.0 -9999.0 -9999.0 -9999.0 -9999.0 -9999.0 -9999.0 -9999.0 -9999.0 -9999.0 -9999.0 -9999.0 -9999.0 -9999.0 -9999.0 -9999.0 -9999.0 -9999.0 -9999.0 -9999.0 -9999.0 -9999.0 -9999.0 -9999.0 -9999.0 -9999.0     1.5     2.6     2.9     3.4     4.1     3.3     3.5     2.7     1.5     0.6     0.2     0.2     0.2     0.3     0.5     0.8     0.9     1.3 -9999.0 -9999.0 -9999.0 -9999.0 -9999.0 -9999.0 -9999.0 -9999.0 -9999.0 -9999.0 -9999.0 -9999.0 -9999.0 -9999.0 -9999.0 -9999.0
 -9999.0 -9999.0 -9999.0 -9999.0 -9999.0 -9999.0 -9999.0 -9999.0 -9999.0 -9999.0 -9999.0 -9999.0 -9999.0 -9999.0 -9999.0 -9999.0 -9999.0 -9999.0 -9999.0 -9999.0 -9999.0 -9999.0 -9999.0 -9999.0 -9999.0 -9999.0 -9999.0 -9999.0 -9999.0 -9999.0 -9999.0 -9999.0 -9999.0 -9999.0 -9999.0 -9999.0 -9999.0 -9999.0 -9999.0 -9999.0 -9999.0 -9999.0 -9999.0 -9999.0 -9999.0 -9999.0 -9999.0 -9999.0 -9999.0 -9999.0 -9999.0 -9999.0 -9999.0 -9999.0 -9999.0 -9999.0 -9999.0 -9999.0 -9999.0 -9999.0 -9999.0 -9999.0 -9999.0 -9999.0 -9999.0 -9999.0 -9999.0 -9999.0 -9999.0 -9999.0 -9999.0 -9999.0 -9999.0 -9999.0 -9999.0 -9999.0 -9999.0 -9999.0 -9999.0 -9999.0 -9999.0 -9999.0 -9999.0 -9999.0 -9999.0 -9999.0 -9999.0 -9999.0 -9999.0     0.2 -9999.0 -9999.0     0.5     1.3     1.4     2.0     2.6     3.2     3.8     4.0     1.9     1.7     1.2     0.4     0.2     0.2     0.2     0.4     0.5     0.9     0.9     1.3 -9999.0 -9999.0 -9999.0 -9999.0 -9999.0 -9999.0 -9999.0 -9999.0 -9999.0 -9999.0 -9999.0 -9999.0 -9999.0 -9999.0 -9999.0 -9999.0
 -9999.0 -9999.0 -9999.0 -9999.0 -9999.0 -9999.0 -9999.0 -9999.0 -9999.0 -9999.0 -9999.0 -9999.0 -9999.0 -9999.0 -9999.0 -9999.0 -9999.0 -9999.0 -9999.0 -9999.0 -9999.0 -9999.0 -9999.0 -9999.0 -9999.0 -9999.0 -9999.0 -9999.0 -9999.0 -9999.0 -9999.0 -9999.0 -9999.0 -9999.0 -9999.0 -9999.0 -9999.0 -9999.0 -9999.0 -9999.0 -9999.0 -9999.0 -9999.0 -9999.0 -9999.0 -9999.0 -9999.0 -9999.0 -9999.0 -9999.0 -9999.0 -9999.0 -9999.0 -9999.0 -9999.0 -9999.0 -9999.0 -9999.0 -9999.0 -9999.0 -9999.0 -9999.0 -9999.0 -9999.0 -9999.0 -9999.0 -9999.0 -9999.0 -9999.0 -9999.0 -9999.0 -9999.0 -9999.0 -9999.0 -9999.0 -9999.0 -9999.0 -9999.0 -9999.0 -9999.0 -9999.0 -9999.0 -9999.0 -9999.0 -9999.0 -9999.0 -9999.0 -9999.0     0.1     0.2     0.4     0.5     0.7     1.7     1.8     3.2     3.1     3.8     3.6     3.3     3.2     2.1     1.1     0.7     0.4     0.3     0.2     0.2     0.4     0.8     1.2     1.3     1.6     2.0     2.3     2.8 -9999.0 -9999.0 -9999.0 -9999.0 -9999.0 -9999.0 -9999.0 -9999.0 -9999.0 -9999.0 -9999.0 -9999.0
 -9999.0 -9999.0 -9999.0 -9999.0 -9999.0 -9999.0 -9999.0 -9999.0 -9999.0 -9999.0 -9999.0 -9999.0 -9999.0 -9999.0 -9999.0 -9999.0 -9999.0 -9999.0 -9999.0 -9999.0 -9999.0 -9999.0 -9999.0 -9999.0 -9999.0 -9999.0 -9999.0 -9999.0 -9999.0    18.9    24.5    28.4    30.2 -9999.0 -9999.0 -9999.0 -9999.0 -9999.0 -9999.0 -9999.0 -9999.0 -9999.0 -9999.0 -9999.0 -9999.0 -9999.0 -9999.0 -9999.0 -9999.0 -9999.0 -9999.0 -9999.0 -9999.0 -9999.0 -9999.0 -9999.0 -9999.0 -9999.0 -9999.0 -9999.0 -9999.0 -9999.0 -9999.0 -9999.0 -9999.0 -9999.0 -9999.0 -9999.0 -9999.0 -9999.0 -9999.0 -9999.0 -9999.0 -9999.0 -9999.0 -9999.0 -9999.0 -9999.0 -9999.0 -9999.0 -9999.0 -9999.0 -9999.0 -9999.0 -9999.0 -9999.0 -9999.0     0.1     0.2     0.5     0.7     0.6     1.2     1.8     2.4     2.5     3.4     3.2     5.1     4.0     2.4     1.5     1.4     0.8     0.8     0.5     0.2     0.2     0.4     0.7     1.0     1.3     1.7     1.9     2.3     2.5     3.0     3.5 -9999.0 -9999.0 -9999.0 -9999.0 -9999.0 -9999.0 -9999.0 -9999.0 -9999.0 -9999.0
 -9999.0 -9999.0 -9999.0 -9999.0 -9999.0 -9999.0 -9999.0 -9999.0 -9999.0 -9999.0 -9999.0 -9999.0 -9999.0 -9999.0 -9999.0 -9999.0 -9999.0 -9999.0 -9999.0 -9999.0 -9999.0 -9999.0 -9999.0 -9999.0 -9999.0 -9999.0 -9999.0     7.2    10.2    11.4    19.0    21.8    26.5    22.4 -9999.0 -9999.0 -9999.0 -9999.0 -9999.0 -9999.0 -9999.0 -9999.0 -9999.0 -9999.0 -9999.0 -9999.0 -9999.0 -9999.0 -9999.0 -9999.0 -9999.0 -9999.0 -9999.0 -9999.0 -9999.0 -9999.0 -9999.0 -9999.0 -9999.0 -9999.0 -9999.0 -9999.0 -9999.0 -9999.0 -9999.0 -9999.0 -9999.0 -9999.0 -9999.0 -9999.0 -9999.0 -9999.0 -9999.0 -9999.0 -9999.0 -9999.0 -9999.0 -9999.0 -9999.0 -9999.0 -9999.0 -9999.0 -9999.0 -9999.0 -9999.0 -9999.0 -9999.0     0.4     0.7     0.7     0.8     1.1     1.6     2.5     2.8     3.4     3.3     4.7     4.1     4.4     2.6     1.7     1.6     1.4     1.0     0.6     0.3     0.2     0.2     0.3     0.8     1.4     2.1     2.3     2.5     2.9     3.1     3.3 -9999.0 -9999.0 -9999.0 -9999.0 -9999.0     2.5     2.7     3.1     3.4 -9999.0
 -9999.0 -9999.0 -9999.0 -9999.0 -9999.0 -9999.0 -9999.0 -9999.0 -9999.0 -9999.0 -9999.0 -9999.0 -9999.0 -9999.0 -9999.0 -9999.0 -9999.0 -9999.0 -9999.0 -9999.0 -9999.0 -9999.0 -9999.0 -9999.0 -9999.0 -9999.0     4.0     4.3     4.8     6.1     8.7    11.8    23.6    20.1    22.0    21.3    21.5 -9999.0 -9999.0 -9999.0 -9999.0 -9999.0 -9999.0 -9999.0 -9999.0 -9999.0 -9999.0 -9999.0 -9999.0 -9999.0 -9999.0 -9999.0 -9999.0 -9999.0 -9999.0 -9999.0 -9999.0 -9999.0 -9999.0 -9999.0 -9999.0 -9999.0 -9999.0 -9999.0 -9999.0 -9999.0 -9999.0 -9999.0 -9999.0 -9999.0 -9999.0 -9999.0 -9999.0 -9999.0 -9999.0 -9999.0 -9999.0 -9999.0 -9999.0 -9999.0 -9999.0 -9999.0 -9999.0 -9999.0 -9999.0 -9999.0     0.1     0.4     0.7     0.9     1.3     1.5     2.0     2.7     3.0     4.2     4.2     5.3     5.2     2.5     2.0     1.5     1.7     2.0     1.7     1.0     0.4     0.2     0.2     0.3     0.7     1.4     2.1     2.4     3.2     3.2     2.6     2.5     3.3 -9999.0 -9999.0     1.9     1.9     2.2     2.5     3.6     3.3 -9999.0
 -9999.0 -9999.0 -9999.0 -9999.0 -9999.0 -9999.0 -9999.0 -9999.0 -9999.0 -9999.0 -9999.0 -9999.0 -9999.0 -9999.0 -9999.0 -9999.0 -9999.0 -9999.0 -9999.0 -9999.0 -9999.0 -9999.0 -9999.0 -9999.0 -9999.0 -9999.0     2.8     3.0     2.9     3.0     3.7     5.7     6.9    10.9    12.0    16.1    28.7    13.0 -9999.0 -9999.0 -9999.0 -9999.0 -9999.0 -9999.0 -9999.0 -9999.0 -9999.0 -9999.0 -9999.0 -9999.0 -9999.0 -9999.0 -9999.0 -9999.0 -9999.0 -9999.0 -9999.0 -9999.0 -9999.0 -9999.0 -9999.0 -9999.0 -9999.0 -9999.0 -9999.0 -9999.0 -9999.0 -9999.0 -9999.0 -9999.0 -9999.0 -9999.0 -9999.0 -9999.0 -9999.0 -9999.0 -9999.0 -9999.0 -9999.0 -9999.0 -9999.0 -9999.0 -9999.0 -9999.0 -9999.0 -9999.0     0.1     0.3     0.7     1.1     1.4     1.6     2.4     2.7     3.7     4.3     6.7     4.7     2.6     2.3     1.9     1.8     2.5     3.1     2.9     1.7     0.7     0.4     0.4     0.5     0.8     1.5     2.4     2.5     2.9     4.7     2.8     2.3     1.9     1.8     1.7     1.8     1.9     2.1     2.4     2.7     3.1 -9999.0
 -9999.0 -9999.0 -9999.0 -9999.0 -9999.0 -9999.0 -9999.0 -9999.0 -9999.0 -9999.0 -9999.0 -9999.0 -9999.0 -9999.0 -9999.0 -9999.0 -9999.0 -9999.0 -9999.0 -9999.0 -9999.0     0.9     0.8     1.0     1.1     0.9     1.0     1.4     1.9     1.9     2.0     2.8     3.6     4.2     5.5     5.9    12.8    11.6    14.0 -9999.0 -9999.0 -9999.0 -9999.0 -9999.0 -9999.0 -9999.0 -9999.0 -9999.0 -9999.0 -9999.0 -9999.0 -9999.0 -9999.0 -9999.0 -9999.0 -9999.0 -9999.0 -9999.0 -9999.0 -9999.0 -9999.0 -9999.0 -9999.0 -9999.0 -9999.0 -9999.0 -9999.0 -9999.0 -9999.0 -9999.0 -9999.0 -9999.0 -9999.0 -9999.0 -9999.0 -9999.0 -9999.0 -9999.0 -9999.0 -9999.0 -9999.0 -9999.0 -9999.0 -9999.0 -9999.0 -9999.0 -9999.0     0.5 -9999.0 -9999.0     1.3 -9999.0 -9999.0     2.9     3.2     4.6     7.0     3.7     2.1     3.4     2.1     2.7     3.3     4.2     4.0     2.8     1.6     1.4     1.2     1.2     1.2     1.4     2.1     3.1     3.5     4.0     3.1     2.7     2.5     2.2     2.2     1.9     2.0     2.2     2.6     3.4 -9999.0 -9999.0
 -9999.0 -9999.0 -9999.0 -9999.0 -9999.0 -9999.0 -9999.0 -9999.0 -9999.0 -9999.0 -9999.0 -9999.0 -9999.0 -9999.0 -9999.0 -9999.0 -9999.0 -9999.0 -9999.0 -9999.0 -9999.0     5.8     3.8     1.9     1.0     0.4     0.3     0.4     0.7     0.9     1.1     1.7     2.5     2.5     2.5     2.4     3.1    10.1     3.9 -9999.0 -9999.0 -9999.0 -9999.0 -9999.0 -9999.0 -9999.0 -9999.0 -9999.0 -9999.0 -9999.0 -9999.0 -9999.0 -9999.0 -9999.0 -9999.0 -9999.0 -9999.0 -9999.0 -9999.0 -9999.0 -9999.0 -9999.0 -9999.0 -9999.0 -9999.0 -9999.0 -9999.0 -9999.0 -9999.0 -9999.0 -9999.0 -9999.0 -9999.0 -9999.0 -9999.0 -9999.0 -9999.0 -9999.0 -9999.0 -9999.0 -9999.0 -9999.0 -9999.0 -9999.0 -9999.0 -9999.0 -9999.0 -9999.0 -9999.0     0.9     1.3     1.7     2.6     2.2     2.6     4.1     2.4     2.2     1.9     2.2     2.6     3.1     3.6     4.2     3.9     3.0     2.4     2.3     2.3     2.4     2.1     1.8     2.3     3.4     4.5     3.5     3.3     3.4     3.4     2.8     2.3     2.1     2.4     3.3     2.5 -9999.0 -9999.0 -9999.0
 -9999.0 -9999.0 -9999.0 -9999.0 -9999.0 -9999.0 -9999.0 -9999.0 -9999.0 -9999.0 -9999.0 -9999.0 -9999.0 -9999.0 -9999.0 -9999.0 -9999.0 -9999.0 -9999.0 -9999.0     8.4     6.6     5.5     2.5     1.1     0.9     0.7     0.4     0.5     0.5     0.8     1.1     1.7     2.1     1.9     1.5     2.3     1.6     1.3 -9999.0 -9999.0 -9999.0 -9999.0 -9999.0 -9999.0 -9999.0 -9999.0 -9999.0 -9999.0 -9999.0 -9999.0 -9999.0 -9999.0 -9999.0 -9999.0 -9999.0 -9999.0 -9999.0 -9999.0 -9999.0 -9999.0 -9999.0 -9999.0 -9999.0 -9999.0 -9999.0 -9999.0 -9999.0 -9999.0 -9999.0 -9999.0 -9999.0 -9999.0 -9999.0 -9999.0 -9999.0 -9999.0 -9999.0 -9999.0 -9999.0 -9999.0 -9999.0 -9999.0 -9999.0 -9999.0 -9999.0 -9999.0 -9999.0     0.8     1.1     1.4     1.4     1.9     1.7     1.6     1.9     1.3     2.4     2.4     2.9     3.7     3.4     3.2     3.1     2.8     2.4     2.3     2.6     3.0     3.1     2.6     2.0     2.4     2.8     3.1     3.5     3.2     3.5     4.4     3.9     2.7     2.5     2.3     2.5     2.7 -9999.0 -9999.0 -9999.0
 -9999.0 -9999.0 -9999.0 -9999.0 -9999.0 -9999.0 -9999.0 -9999.0 -9999.0 -9999.0 -9999.0 -9999.0 -9999.0 -9999.0 -9999.0 -9999.0 -9999.0 -9999.0     0.7     4.6     9.2     1.0     2.5     1.6     1.4     1.1     1.6     1.0     0.7     0.6     0.8     1.2     1.7     1.9     1.8     1.7     1.4     0.8     0.4 -9999.0 -9999.0 -9999.0 -9999.0 -9999.0 -9999.0 -9999.0 -9999.0 -9999.0 -9999.0 -9999.0 -9999.0 -9999.0 -9999.0 -9999.0 -9999.0 -9999.0 -9999.0 -9999.0 -9999.0 -9999.0 -9999.0 -9999.0 -9999.0 -9999.0 -9999.0 -9999.0 -9999.0 -9999.0 -9999.0 -9999.0 -9999.0 -9999.0 -9999.0 -9999.0 -9999.0 -9999.0 -9999.0 -9999.0 -9999.0 -9999.0 -9999.0 -9999.0 -9999.0 -9999.0     0.2     0.4     0.9     0.7     0.7     1.7     1.7     1.8     1.1     1.0     0.8     1.2     0.6     1.3     2.3     3.6     4.0     3.3     2.6     2.0     1.7     1.5     1.7     2.3     2.9     3.4     3.2     2.8     2.9     2.8     3.6     3.8     5.8     3.5     3.9     3.4     3.2     2.6     2.5     2.6 -9999.0 -9999.0 -9999.0 -9999.0
 -9999.0 -9999.0 -9999.0 -9999.0 -9999.0 -9999.0 -9999.0 -9999.0 -9999.0 -9999.0 -9999.0 -9999.0 -9999.0 -9999.0 -9999.0     0.3     0.1     0.1     0.3     1.6     2.7    10.1     4.0     5.6     5.0     4.3     3.0     1.9     1.3     1.1     1.2     1.5     1.9     2.0     2.5     2.2     1.4     5.9     1.3     0.4     0.5     0.5     0.5     0.8 -9999.0 -9999.0 -9999.0 -9999.0 -9999.0 -9999.0 -9999.0 -9999.0 -9999.0 -9999.0 -9999.0 -9999.0 -9999.0 -9999.0 -9999.0 -9999.0 -9999.0 -9999.0 -9999.0 -9999.0 -9999.0 -9999.0 -9999.0 -9999.0 -9999.0 -9999.0 -9999.0 -9999.0 -9999.0 -9999.0 -9999.0 -9999.0 -9999.0 -9999.0 -9999.0     0.0     0.0     0.0     0.1     0.2     0.5     0.9     1.1     1.0     0.9     1.5     1.4     1.6     1.1     1.1     0.8     1.5     0.5     1.0     2.2     3.6     3.7     2.9     2.0     1.3     0.9     0.9     1.1     1.8     2.8     3.5     4.3     3.9     3.4     3.4     6.8     4.1     4.1     4.4     4.4     4.1     3.4     3.1     2.9     3.4 -9999.0 -9999.0 -9999.0 -9999.0
 -9999.0 -9999.0 -9999.0 -9999.0 -9999.0 -9999.0 -9999.0 -9999.0 -9999.0 -9999.0 -9999.0 -9999.0 -9999.0 -9999.0 -9999.0     0.3     0.2     0.5     0.6     3.8    15.1    15.3    13.5    10.7     8.7     6.8     5.2     3.6     2.4     1.9     1.8     1.8     2.0     1.7     1.5     1.2     0.7     0.6     0.2     0.2     0.1     0.1     0.1     0.1     0.2     0.7    12.3 -9999.0 -9999.0 -9999.0 -9999.0 -9999.0 -9999.0 -9999.0 -9999.0 -9999.0 -9999.0 -9999.0 -9999.0 -9999.0 -9999.0 -9999.0 -9999.0 -9999.0 -9999.0 -9999.0 -9999.0 -9999.0 -9999.0 -9999.0 -9999.0 -9999.0 -9999.0 -9999.0 -9999.0 -9999.0 -9999.0 -9999.0     0.0     0.0     0.1     0.1     0.3     0.5     0.7     0.9     1.0     1.2     1.4     1.8     2.4     2.3     2.2     1.1     2.7     0.3     0.4     0.6     1.9     3.1     3.2     2.4     1.5     1.0     0.8     0.9     1.2     1.7     2.8     3.6     4.1     4.2     5.8     5.6     5.2     4.0     6.2     7.4     7.3     6.2     4.5     4.0     4.2 -9999.0 -9999.0 -9999.0 -9999.0 -9999.0
 -9999.0 -9999.0 -9999.0 -9999.0 -9999.0 -9999.0 -9999.0 -9999.0 -9999.0 -9999.0 -9999.0 -9999.0 -9999.0 -9999.0 -9999.0 -9999.0     5.6     6.5     4.5     3.2     3.3    10.6     4.3     7.1     8.2     6.7     5.8     5.2     3.9     3.0     2.6     2.2     1.9     1.6     1.4     1.3     1.0     0.7     0.4     0.4     0.5     0.2     0.1     0.1     0.1     0.2     0.3     0.9 -9999.0 -9999.0 -9999.0 -9999.0 -9999.0 -9999.0 -9999.0 -9999.0 -9999.0 -9999.0 -9999.0 -9999.0 -9999.0 -9999.0 -9999.0 -9999.0 -9999.0 -9999.0 -9999.0 -9999.0 -9999.0 -9999.0 -9999.0 -9999.0 -9999.0 -9999.0 -9999.0 -9999.0 -9999.0 -9999.0     0.1     0.1     0.2     0.4     0.6     0.7     0.9     1.1     1.8     1.7     2.1     3.1     2.5     2.4     3.4     1.5     0.2     0.1     0.2     0.7     1.7     2.7     2.7     1.9     1.2     0.9     0.9     0.9     1.2     1.8     3.1     4.1     4.7     6.7     7.9     4.5     3.9     5.2     5.8     6.7     8.9     6.8 -9999.0 -9999.0 -9999.0 -9999.0 -9999.0 -9999.0 -9999.0 -9999.0
 -9999.0 -9999.0 -9999.0 -9999.0 -9999.0 -9999.0 -9999.0 -9999.0 -9999.0 -9999.0 -9999.0 -9999.0 -9999.0 -9999.0 -9999.0 -9999.0     8.0     7.6     7.7     9.6     8.4    11.3    10.1     6.6     4.3     3.9     2.9     3.3     3.1     3.3     3.5     3.4    13.2     9.6     2.7     1.9     2.4     1.3     0.9     1.0     1.2     0.4     0.9     9.7     0.3     0.1     0.1     0.3 -9999.0 -9999.0 -9999.0 -9999.0 -9999.0 -9999.0 -9999.0 -9999.0 -9999.0 -9999.0 -9999.0 -9999.0 -9999.0 -9999.0 -9999.0 -9999.0 -9999.0 -9999.0 -9999.0 -9999.0 -9999.0 -9999.0 -9999.0 -9999.0 -9999.0 -9999.0 -9999.0 -9999.0 -9999.0     0.1     0.2     0.2     0.5     0.8     1.2     1.6     1.4     1.6     1.9     2.1     2.2     2.6     3.4     2.1     0.5     0.4     0.3     0.2     0.3     1.0     1.9     2.4     2.2     1.5     1.1     0.9     0.9     1.2     1.7     2.4     3.5     4.6     5.2     4.6     4.4     4.4     5.8     5.1     5.2     5.9     8.3 -9999.0 -9999.0 -9999.0 -9999.0 -9999.0 -9999.0 -9999.0 -9999.0 -9999.0
 -9999.0 -9999.0 -9999.0 -9999.0 -9999.0 -9999.0 -9999.0 -9999.0 -9999.0 -9999.0 -9999.0 -9999.0 -9999.0 -9999.0 -9999.0 -9999.0     2.7     2.4     2.5     3.7     6.9     8.2     4.9     5.4     4.3     3.0     4.7     5.6     2.5     2.9     3.8     3.6     1.8     1.1     2.2     3.0     1.5     0.5     0.3     0.1     0.2     0.2     0.4     4.4     4.4     1.2     0.3     0.2     0.9     1.6     1.1 -9999.0 -9999.0 -9999.0 -9999.0 -9999.0 -9999.0 -9999.0 -9999.0 -9999.0 -9999.0 -9999.0 -9999.0 -9999.0 -9999.0 -9999.0 -9999.0 -9999.0 -9999.0 -9999.0 -9999.0 -9999.0 -9999.0 -9999.0 -9999.0 -9999.0     0.4     0.5     0.7     0.8     1.2     1.7     2.0     2.1     2.0     2.1     2.4     2.7     2.8     2.7     2.7     1.6     1.0     0.4     0.3     0.5     0.7     1.2     1.8     2.1     1.8     1.4     1.0     0.9     1.0     1.9     2.8     4.2     5.6     5.8     5.8     9.0     6.9     6.7     6.8     5.1     7.9     7.2     6.3     5.4 -9999.0 -9999.0 -9999.0 -9999.0 -9999.0 -9999.0 -9999.0 -9999.0
 -9999.0 -9999.0 -9999.0 -9999.0 -9999.0 -9999.0 -9999.0 -9999.0 -9999.0 -9999.0 -9999.0 -9999.0 -9999.0 -9999.0 -9999.0     4.1     3.5     2.7     2.8     3.4     3.7     4.5     3.5     3.0     2.5     2.2     2.3     1.1     1.1     3.9     6.3     1.6     0.4     0.2     0.1     0.1     0.1     0.1     0.1     0.1     0.1     0.1     0.1     0.2     0.3     1.0     1.0     0.8     1.0     0.8     0.7     0.5     0.4     0.8     0.4     0.3     0.2     0.3     0.3     0.4     0.3 -9999.0 -9999.0 -9999.0 -9999.0 -9999.0 -9999.0 -9999.0 -9999.0     0.1     0.1     0.1     0.2     0.4     0.7     0.9     1.4     1.4     1.5     1.8     2.3     2.8     2.8     2.6     2.5     2.7     3.0     3.1     3.1     2.9     3.0     2.9     3.2     1.8     1.3     1.3     1.2     1.4     1.6     1.5     1.3     1.0     0.8     1.0     1.4     1.9     3.7     4.9     4.9     6.9     7.9     9.3     9.8    10.5     7.3     5.7     4.4     4.3 -9999.0 -9999.0 -9999.0 -9999.0 -9999.0 -9999.0 -9999.0 -9999.0 -9999.0 -9999.0
 -9999.0 -9999.0 -9999.0 -9999.0 -9999.0 -9999.0 -9999.0 -9999.0 -9999.0 -9999.0 -9999.0 -9999.0 -9999.0 -9999.0     6.5     8.7     9.2     3.7     4.2     4.2     1.9     1.6     1.7     1.6     1.1     1.1     1.2     1.2     2.4     2.8     1.8     0.8     0.2     0.2     0.1     0.1     0.1     0.1     0.1     0.1     0.1     0.1     0.1     0.1     0.2     0.4     0.6     1.3     1.5     1.4     1.2     0.7     0.5     0.3     0.1     0.2     0.1     0.2     0.1     0.2     0.2     0.2     0.1     0.1     0.1     0.1     0.1     0.1     0.1     0.1     0.3     0.6     0.8     1.1     1.6     2.2     2.9     3.2     3.0     3.0     3.2     3.6     3.6     3.1     3.2     3.2     3.8     3.7     3.8     3.3     3.9     5.1     2.5     2.0     1.3     1.9     1.9     1.2     0.9     0.9     0.7     0.7     0.9     1.0     1.5     2.4     4.3     5.6     6.2     9.3     8.6    12.3    13.6    11.0     9.5     6.9     4.9 -9999.0 -9999.0 -9999.0 -9999.0 -9999.0 -9999.0 -9999.0 -9999.0 -9999.0 -9999.0 -9999.0
 -9999.0 -9999.0 -9999.0 -9999.0 -9999.0 -9999.0 -9999.0 -9999.0 -9999.0 -9999.0 -9999.0 -9999.0    10.2    10.0    10.4     4.8     6.0     2.0     1.0     0.7     0.7     0.8     1.0     0.9     0.8     0.8     0.9     1.1     1.2     1.4     1.0     0.4     0.2     0.1     0.0     0.1     0.1     0.1     0.1     0.1     0.1     0.1     0.2     0.2     0.3     0.7     1.1     1.5     2.1     1.4     1.0     0.6     0.4     0.2     0.1     0.1     0.1     0.1     0.1     0.1     0.1     0.1     0.1     0.1     0.0     0.0     0.1     0.1     0.2     0.5     1.3     2.3     1.9     2.9     4.3     5.4     6.3     6.3     5.2     4.1     4.3     4.0     4.5     3.7     3.6     4.2     4.6     4.6     5.3     4.3     4.0     3.5     5.8     4.9     1.5     1.9     1.2     0.8     1.0     1.2     0.9     1.1     1.4     1.7     2.7     3.0     4.4     5.8     7.4     6.7     9.5    12.3    11.0    10.0    12.7 -9999.0 -9999.0 -9999.0 -9999.0 -9999.0 -9999.0 -9999.0 -9999.0 -9999.0 -9999.0 -9999.0 -9999.0 -9999.0
 -9999.0 -9999.0 -9999.0 -9999.0 -9999.0 -9999.0 -9999.0 -9999.0 -9999.0     6.2    11.0    10.0     9.8     5.9     2.7     2.2     1.7     1.0     0.6     0.4     0.3     0.4     0.3     0.3     0.2     0.2     0.3     0.4     0.6     0.7     0.4     0.2     0.1     0.1     0.0     0.1     0.1     0.1     0.1     0.1     0.1     0.1     0.1     0.2     0.3     0.5     0.8     1.0     1.2     1.5     0.8     0.3     0.2     0.2     0.3     0.1     0.1     0.1     0.1     0.1     0.1     0.1     0.1     0.1     0.0     0.1     0.1     0.1     0.6     2.7     1.4     1.6     1.9     2.3     4.2     6.2     8.2     9.5     7.6     7.0     7.3     6.8     4.6     4.1     4.6     4.8     8.3     5.8     6.0     5.1     4.5     3.6     2.3     1.9     1.2     1.1     1.1     1.5     1.7     2.0     2.3     2.6     2.8     3.3     4.4     6.0     6.4     5.8     5.5     8.3     9.2     8.8     7.4 -9999.0 -9999.0 -9999.0 -9999.0 -9999.0 -9999.0 -9999.0 -9999.0 -9999.0 -9999.0 -9999.0 -9999.0 -9999.0 -9999.0 -9999.0
 -9999.0 -9999.0 -9999.0 -9999.0 -9999.0     2.2     5.7     4.4     5.2     6.6     5.1     6.5     6.7     3.7     2.0     1.1     0.7     0.4     0.2     0.2     0.1     0.1     0.1     0.1     0.1     0.1     0.1     0.1     0.2     0.2     0.2     0.1     0.1     0.0     0.0     0.0     0.0     0.0     0.0     0.1     0.1     0.1     0.1     0.2     0.2     0.2     0.2     0.3     0.3     0.4     0.4     0.3     0.2     0.2     0.2     0.1     0.1     0.1     0.1     0.1     0.2     0.3     0.2     0.1     0.2     0.1     0.1     0.4     1.5     1.1     1.9     2.4     2.8     3.5     7.1     6.3     7.5     9.1     7.5     7.1     6.9     6.1     5.4     5.3     5.4     3.8     5.0     4.7     5.6     5.7     4.7     3.8     2.6     2.0     1.5     1.3     1.6     2.5 -9999.0 -9999.0     4.7     4.9     5.6     5.3     4.5     4.4     4.6     5.6     6.1 -9999.0 -9999.0 -9999.0 -9999.0 -9999.0 -9999.0 -9999.0 -9999.0 -9999.0 -9999.0 -9999.0 -9999.0 -9999.0 -9999.0 -9999.0 -9999.0 -9999.0 -9999.0 -9999.0
 -9999.0 -9999.0 -9999.0     2.8     1.8     4.2     3.4     3.5     3.8     1.1     0.8     1.1     2.3     0.7     0.3     0.3     0.2     0.1     0.1     0.1     0.1     0.1     0.1     0.1     0.1     0.1     0.1     0.1     0.1     0.1     0.1     0.1     0.1     0.1     0.0     0.0     0.0     0.1     0.1     0.1     0.1     0.1     0.1     0.1     0.1     0.1     0.1     0.2     0.2     0.3     0.2     0.1     0.1     0.1     0.1     0.1     0.2     0.1     0.1     0.1     0.2     0.2     0.3     0.5     0.3     0.2     0.8     0.3     0.6     1.5     2.8     3.3     4.2     5.0     5.4     6.1     6.8     7.4     8.1     8.4     8.0    10.9     5.9     5.5    10.1     4.8     5.2     5.0     5.0     5.0     4.4     3.4     2.7     2.4     2.2     2.2     2.8 -9999.0 -9999.0 -9999.0     6.1     6.4     5.6     5.5     5.3     5.2     5.0 -9999.0 -9999.0 -9999.0 -9999.0 -9999.0 -9999.0 -9999.0 -9999.0 -9999.0 -9999.0 -9999.0 -9999.0 -9999.0 -9999.0 -9999.0 -9999.0 -9999.0 -9999.0 -9999.0 -9999.0 -9999.0
 -9999.0 -9999.0     3.6     3.4     3.0     1.8     1.3     0.6     0.2     0.2     0.2     0.2     0.2     0.1     0.1     0.1     0.1     0.1     0.1     0.1     0.1     0.1     0.1     0.1     0.0     0.1     0.1     0.1     0.1     0.1     0.1     0.1     0.1     0.1     0.1     0.1     0.1     0.1     0.1     0.1     0.1     0.1     0.1     0.2     0.2     0.3     0.7     0.8     0.6     0.4     0.7     0.4     0.2     0.1     0.2     0.4     0.2     0.2     0.1     0.1     0.1     0.4     0.2     0.3     0.3     0.4     0.4     0.3     0.9     1.7     3.5     4.1     4.9     6.1     7.2     7.4     7.8     7.1     8.2     8.9     9.2     9.2     6.5     6.9     6.5    13.4     6.7     4.7     4.5     4.2     3.2     2.2     2.1     2.4     2.9 -9999.0 -9999.0 -9999.0 -9999.0     4.6     5.3     5.6     5.7     5.8 -9999.0 -9999.0 -9999.0 -9999.0 -9999.0 -9999.0 -9999.0 -9999.0 -9999.0 -9999.0 -9999.0 -9999.0 -9999.0 -9999.0 -9999.0 -9999.0 -9999.0 -9999.0 -9999.0 -9999.0 -9999.0 -9999.0 -9999.0 -9999.0
 -9999.0 -9999.0     7.1     7.7    13.2     4.8     0.6     0.2     0.1     0.1     0.1     0.1     0.1     0.1     0.1     0.1     0.1     0.1     0.0     0.0     0.0     0.0     0.1     0.1     0.1     0.1     0.1     0.1     0.1     0.1     0.1     0.1     0.1     0.1     0.1     0.1     0.1     0.2     0.2     0.2     0.1     0.2     1.0     5.7     0.5     1.2     3.7     0.6     2.5     1.3     1.3     4.5     4.0     3.4     0.9     0.6     0.3     0.8     0.2     0.5     0.7     0.4     0.5     0.4     0.4     0.4     0.4     0.8     1.7     1.6     2.6     3.5     4.7     5.7     6.5     6.6     5.8     6.4     6.5     7.6     7.3     6.6     7.8     9.1     8.7     7.8     5.1     3.8     3.6     3.1     1.9     1.1     1.0     1.5 -9999.0 -9999.0 -9999.0 -9999.0 -9999.0     3.3 -9999.0 -9999.0 -9999.0 -9999.0 -9999.0 -9999.0 -9999.0 -9999.0 -9999.0 -9999.0 -9999.0 -9999.0 -9999.0 -9999.0 -9999.0 -9999.0 -9999.0 -9999.0 -9999.0 -9999.0 -9999.0 -9999.0 -9999.0 -9999.0 -9999.0 -9999.0 -9999.0 -9999.0
 -9999.0 -9999.0     6.8    10.7     9.6     6.3     3.4     3.0     0.2     0.1     0.1     0.1     0.1     0.1     0.1     0.1     0.1     0.1     0.0     0.0     0.1     0.1     0.1     0.1     0.1     0.1     0.1     0.1     0.1     0.1     0.2     0.2     0.2     0.6     0.7     1.2     0.7     0.7     0.8     0.5     0.2     0.2     0.2     0.3     0.2     0.3     0.3     0.5     0.3     0.4     3.7     1.3     2.1     5.6     4.9     4.6     1.5     0.9     1.7     2.4     0.7     0.7     0.6     0.4     0.4     0.5     0.6     2.0     0.9     1.3     2.0     2.7     3.7     4.9     5.7     6.2     5.9     5.5     7.5     8.9     8.9     5.6     6.9    10.9    10.0     7.6     4.8     3.4     2.7     1.9     1.0 -9999.0 -9999.0 -9999.0 -9999.0 -9999.0 -9999.0 -9999.0 -9999.0 -9999.0 -9999.0 -9999.0 -9999.0 -9999.0 -9999.0 -9999.0 -9999.0 -9999.0 -9999.0 -9999.0 -9999.0 -9999.0 -9999.0 -9999.0 -9999.0 -9999.0 -9999.0 -9999.0 -9999.0 -9999.0 -9999.0 -9999.0 -9999.0 -9999.0 -9999.0 -9999.0 -9999.0 -9999.0
 -9999.0 -9999.0 -9999.0    12.8     6.8     9.2     8.3     5.8     2.8     0.2     0.1     0.1     0.1     0.1     0.1     0.1     0.1     0.1     0.1     0.1     0.1     0.1     0.1     0.1     0.1     0.1     0.1     0.1     0.1     0.1     0.1     0.5     0.5     3.7     4.9     1.7     0.8     0.6     0.6     0.4     0.3     0.2     0.2     0.2     0.2     0.2     0.4     0.5     1.1     0.7     0.6     0.8     1.5     4.8     3.7     5.5     5.1     5.4     5.6     3.7     2.3     1.2     0.9     0.5     0.3     0.3     0.5     1.1     0.7     1.1     1.6     1.9     3.0     3.9     4.8     5.0     5.2     4.8     7.0     4.5     5.3     4.4     6.8     8.3     9.5     7.7     5.6     4.0     2.6     1.3     0.6     0.4 -9999.0 -9999.0 -9999.0 -9999.0 -9999.0 -9999.0 -9999.0 -9999.0 -9999.0 -9999.0 -9999.0 -9999.0 -9999.0 -9999.0 -9999.0 -9999.0 -9999.0 -9999.0 -9999.0 -9999.0 -9999.0 -9999.0 -9999.0 -9999.0 -9999.0 -9999.0 -9999.0 -9999.0 -9999.0 -9999.0 -9999.0 -9999.0 -9999.0 -9999.0 -9999.0 -9999.0
 -9999.0 -9999.0 -9999.0 -9999.0 -9999.0     6.1     2.7     2.3     5.3     0.5     0.2     0.2     0.1     0.1     0.1     0.1     0.1     0.1     0.1     0.1     0.1     0.1     0.1     0.1     0.2     0.2     0.1     0.1     0.1     0.3     0.3     1.3     2.0     1.7     5.4     1.8     1.9     1.6     0.9     0.6     0.4     0.4     0.3     0.3     0.3     0.2     0.1     0.2     0.1     0.5     0.3     1.5     1.2     1.3     2.5     3.7     5.6     7.3     7.6     7.9     6.8     2.3     1.5     0.5     0.3     0.2     0.2     0.3     0.4     0.7     1.1     1.5     2.3     3.3     4.5     4.8     4.5     3.5     3.9     4.7     4.2     3.0     4.2     4.5     5.5     6.0     6.0     5.4     3.6     1.8     1.0     0.9     1.0     1.2 -9999.0 -9999.0 -9999.0     2.6 -9999.0 -9999.0 -9999.0 -9999.0 -9999.0 -9999.0 -9999.0 -9999.0 -9999.0 -9999.0 -9999.0 -9999.0 -9999.0 -9999.0 -9999.0 -9999.0 -9999.0 -9999.0 -9999.0 -9999.0 -9999.0 -9999.0 -9999.0 -9999.0 -9999.0 -9999.0 -9999.0 -9999.0 -9999.0 -9999.0
 -9999.0 -9999.0 -9999.0 -9999.0     7.3    10.9    14.2     6.3     4.7     0.7     1.0     0.5     0.3     0.2     0.1     0.1     0.1     0.1     0.1     0.1     0.1     0.1     0.2     0.1     0.1     0.1     0.1     3.8     0.5     1.0     1.7     1.6     1.7     2.7     1.7     1.9     1.7     3.5     2.4     1.1     0.7     0.6     0.5     0.5     0.5     0.3     0.2     0.1     0.1     0.1     0.2     0.5     0.9     1.6     1.0     1.6     2.5     5.0     6.5     8.6     8.0     5.5     3.3     0.8     0.1     0.2     0.4     0.2     0.6     0.7     1.0     1.8     2.7     3.5     4.2     4.4     3.8     3.1     5.6     2.3     2.1     3.0     3.0     3.7     1.7     3.0     4.9     6.2     5.0     2.9     1.9     2.0     2.4     2.6 -9999.0 -9999.0     3.3     3.9     4.6     6.2     6.1 -9999.0 -9999.0 -9999.0 -9999.0 -9999.0 -9999.0 -9999.0 -9999.0 -9999.0 -9999.0 -9999.0 -9999.0 -9999.0 -9999.0 -9999.0 -9999.0 -9999.0 -9999.0 -9999.0 -9999.0 -9999.0 -9999.0 -9999.0 -9999.0 -9999.0 -9999.0 -9999.0
 -9999.0 -9999.0 -9999.0 -9999.0    11.6     7.8    13.2     5.3    14.6    11.6     1.9     6.4     2.6     2.1     0.2     0.2     0.1     0.1     0.1     0.1     0.1     0.1     0.1     0.1     0.5     2.1     0.6     0.9     0.9     1.2     1.4     2.3     1.9     2.2     2.6     2.3     3.0     3.5     1.9     1.1     1.1     0.8     0.7     0.8     0.8     0.6     0.3     0.2     0.2     0.3     1.1     1.8     1.6     1.2     1.0     1.2     1.7     3.0     4.6     3.3     5.8     2.7     1.5     0.9     0.2     0.1     0.4     0.2     0.4     1.2     1.2     2.0     2.5     2.9     3.1     3.6     2.8     3.5     3.8     2.3     2.5     2.3     3.2     1.1     0.5     1.0     2.6     5.2     4.8     2.9     2.2     3.1     4.0     4.9     5.1     5.2     5.5     5.9     6.5 -9999.0 -9999.0 -9999.0 -9999.0 -9999.0 -9999.0 -9999.0 -9999.0 -9999.0 -9999.0 -9999.0 -9999.0 -9999.0 -9999.0 -9999.0 -9999.0 -9999.0 -9999.0 -9999.0 -9999.0 -9999.0 -9999.0 -9999.0 -9999.0 -9999.0 -9999.0 -9999.0 -9999.0 -9999.0
 -9999.0 -9999.0 -9999.0 -9999.0 -9999.0 -9999.0 -9999.0     6.9     9.2     5.4    11.9     9.9     3.2     3.4     2.6     0.2     0.3     0.1     0.1     0.1     0.2     0.5     0.5     0.4     0.4     0.4     0.6     0.9     1.1     1.8     1.9     2.1     2.3     2.8     3.4     2.8     3.7     3.0     3.5     3.0     1.1     1.9     1.0     0.4     0.4     0.6     0.2     0.2     0.3     1.1     3.3     5.1     3.5     3.1     2.2     1.0     0.8     1.0     3.0     2.3     5.3     1.9     1.1     0.9     1.1     0.3     0.5     0.8     0.7     1.2     1.5     2.0     3.0     3.6     3.7     4.4     2.5     2.5     3.1     1.9     2.4     2.6     2.1     0.6     0.2     0.3     1.0     2.6     2.6     1.8     1.8     2.5     4.3     6.1     7.2     8.0     8.3 -9999.0 -9999.0 -9999.0 -9999.0 -9999.0 -9999.0 -9999.0 -9999.0 -9999.0 -9999.0 -9999.0 -9999.0 -9999.0 -9999.0 -9999.0 -9999.0 -9999.0 -9999.0 -9999.0 -9999.0 -9999.0 -9999.0 -9999.0 -9999.0 -9999.0 -9999.0 -9999.0 -9999.0 -9999.0 -9999.0 -9999.0
 -9999.0 -9999.0 -9999.0 -9999.0 -9999.0 -9999.0 -9999.0    17.9     4.7     8.4     9.1     4.9     5.2     7.2     3.0     6.6     1.4     0.8     1.8     0.4     0.2     0.5     0.3     0.3     0.2     0.3     0.4     0.8     0.7     0.8     1.5     1.9     2.1     3.1     2.6     2.9     2.7     3.2     2.8     2.2     1.8     1.2     0.9     1.1     0.3     0.3     0.2     0.2     0.7     1.3     2.8     3.4     4.2     2.8     2.8     0.9     0.6     0.7     1.9     3.5     3.5     4.2     2.8     3.3     1.9     1.2     1.2     1.4     2.5     1.6     1.9     2.4     3.3     4.3     3.8     5.7     4.0     1.6     1.2     2.1     3.8     3.1     3.3     0.5     0.2     0.2     0.3     0.8     1.1     1.3     1.5     1.9     3.0     5.0     7.5     9.4 -9999.0 -9999.0 -9999.0 -9999.0 -9999.0 -9999.0 -9999.0 -9999.0 -9999.0 -9999.0 -9999.0 -9999.0 -9999.0 -9999.0 -9999.0 -9999.0 -9999.0 -9999.0 -9999.0 -9999.0 -9999.0 -9999.0 -9999.0 -9999.0 -9999.0 -9999.0 -9999.0 -9999.0 -9999.0 -9999.0 -9999.0 -9999.0
 -9999.0 -9999.0 -9999.0 -9999.0 -9999.0 -9999.0 -9999.0 -9999.0 -9999.0     7.5     5.7     3.8     6.0     4.3     2.2     1.2     1.5     4.2     1.0     1.8     0.5     0.2     0.1     0.1     0.1     0.2     0.3     0.4     0.4     1.0     0.8     1.3     1.6     2.2     2.0     2.2     2.3     2.5     2.3     2.3     1.7     1.3     0.8     0.5     0.4     0.3     0.3     0.4     0.9     1.8     3.1     3.9     3.9     3.0     2.9     1.0     0.4     0.4     1.8     2.7     3.9     6.2     7.7     4.4     4.4     2.9     2.6     3.0     5.1     3.1     2.9     2.5     3.0     4.0     5.1     2.5     1.4     0.8     0.9     2.2     3.9     3.6     0.5     0.2     0.1     0.1     0.1     0.4     1.3     2.4     2.4     2.2     2.6     4.0     6.6 -9999.0 -9999.0 -9999.0 -9999.0 -9999.0 -9999.0 -9999.0 -9999.0 -9999.0 -9999.0 -9999.0 -9999.0 -9999.0 -9999.0 -9999.0 -9999.0 -9999.0 -9999.0 -9999.0 -9999.0 -9999.0 -9999.0 -9999.0 -9999.0 -9999.0 -9999.0 -9999.0 -9999.0 -9999.0 -9999.0 -9999.0 -9999.0 -9999.0
 -9999.0 -9999.0 -9999.0 -9999.0 -9999.0 -9999.0 -9999.0 -9999.0 -9999.0 -9999.0 -9999.0     7.2     1.8     4.8     2.2     2.0     1.1     0.6     0.3     0.3     0.4     0.1     0.1     0.1     0.2     0.2     0.3     0.3     0.4     0.5     0.8     1.4     1.3     1.6     1.7     2.5     2.0     2.1     3.4     2.2     2.3     1.5     1.0     0.7     0.7     0.4     0.8     0.7     1.4     2.3     3.3     4.0     3.8     3.4     3.7     2.2     1.0     1.5     1.9     3.0     5.4     5.5     5.9     5.8     6.7     3.5     2.7     4.3     5.8     5.1     3.6     3.2     2.9     2.8     2.3     1.8     1.1     0.8     1.0     2.6     3.2     1.6     0.7     0.2     0.1     0.1     0.2     0.7     2.4     4.3     4.4     4.0     3.9     4.5     6.7 -9999.0 -9999.0 -9999.0 -9999.0 -9999.0 -9999.0 -9999.0 -9999.0 -9999.0 -9999.0 -9999.0 -9999.0 -9999.0 -9999.0 -9999.0 -9999.0 -9999.0 -9999.0 -9999.0 -9999.0 -9999.0 -9999.0 -9999.0 -9999.0 -9999.0 -9999.0 -9999.0 -9999.0 -9999.0 -9999.0 -9999.0 -9999.0 -9999.0
 -9999.0 -9999.0 -9999.0 -9999.0 -9999.0 -9999.0 -9999.0 -9999.0 -9999.0 -9999.0 -9999.0 -9999.0     2.0     1.3     2.5     1.0     2.3     0.6     0.3     0.8     0.1     0.1     0.1     0.1     0.5     0.1     0.1     0.2     0.3     0.7     0.6     0.8     1.1     1.5     1.7     1.6     2.5     1.8     1.7     1.7     1.7     1.6     1.2     1.1     0.9     0.8     1.0     0.9     1.6     2.6     4.2     4.5     3.9     3.2     3.3     3.8     3.8     5.3     2.0     5.9     6.0     8.6     9.2     7.5     5.1     9.0     4.9     6.4     6.9     6.3     3.4     3.6     4.3     4.1     2.9     4.8     2.2     1.8     1.9     4.7     4.0     2.2     0.8     0.2     0.2     0.4     0.9     2.0     3.8     5.6     6.3     6.6     6.4     6.4     7.6     9.7    11.9 -9999.0 -9999.0 -9999.0 -9999.0 -9999.0 -9999.0 -9999.0 -9999.0 -9999.0 -9999.0 -9999.0 -9999.0 -9999.0 -9999.0 -9999.0 -9999.0 -9999.0 -9999.0 -9999.0 -9999.0 -9999.0 -9999.0 -9999.0 -9999.0 -9999.0 -9999.0 -9999.0 -9999.0 -9999.0 -9999.0 -9999.0
 -9999.0 -9999.0 -9999.0 -9999.0 -9999.0 -9999.0 -9999.0 -9999.0 -9999.0 -9999.0 -9999.0 -9999.0     5.8     1.0     0.5     1.0     0.2     0.2     0.4     0.2     0.1     0.1     0.1     0.1     0.1     0.1     0.1     0.1     0.2     0.2     0.4     0.8     0.9     1.0     1.2     1.1     1.6     1.6     1.4     1.4     1.4     1.4     1.7     1.3     1.5     1.9     1.5     1.6     1.9     2.9     3.5     4.1     3.5     4.3     3.7     5.4     4.5     5.4     3.6     4.5     5.3     6.2     9.7    13.0     4.4     7.5     2.8     3.7     4.0     4.7     6.5     9.3     9.0     4.4     3.6     2.9     2.9     3.7     3.5     3.5     7.2     1.0     0.6     0.4     0.8     1.7     2.7     3.6     4.6     5.4     6.1     6.7     7.0     7.1     7.7     9.3    11.3 -9999.0 -9999.0 -9999.0 -9999.0 -9999.0 -9999.0 -9999.0 -9999.0 -9999.0 -9999.0 -9999.0 -9999.0 -9999.0 -9999.0 -9999.0 -9999.0 -9999.0 -9999.0 -9999.0 -9999.0 -9999.0 -9999.0 -9999.0 -9999.0 -9999.0 -9999.0 -9999.0 -9999.0 -9999.0 -9999.0 -9999.0
 -9999.0 -9999.0 -9999.0 -9999.0 -9999.0 -9999.0 -9999.0 -9999.0 -9999.0 -9999.0 -9999.0 -9999.0 -9999.0     1.8     2.5     0.4     0.4     0.2     0.1     0.1     0.1     0.1     0.1     0.1     0.1     0.1     0.1     0.2     0.1     0.2     0.3     0.4     0.8     0.9     0.7     0.7     0.7     0.8     2.4     1.4     1.4     1.8     1.9     2.6     2.2     2.3     2.9     3.6     4.0     4.1     4.0     3.2     3.3     8.8     8.2     8.2     6.7     8.3    13.7    10.0     9.7     7.8    10.9     6.3     2.5     4.7     7.1     6.2     6.5     5.4     5.9     5.7     5.1     4.4     4.8     3.8     4.3     5.2     5.8     4.0     3.0     1.2     1.3     1.8     2.9     4.0     4.6     4.7     4.3     4.0     4.3     4.8     5.2     5.5     6.1     7.6    10.1 -9999.0 -9999.0 -9999.0 -9999.0 -9999.0 -9999.0 -9999.0 -9999.0 -9999.0 -9999.0 -9999.0 -9999.0 -9999.0 -9999.0 -9999.0 -9999.0 -9999.0 -9999.0 -9999.0 -9999.0 -9999.0 -9999.0 -9999.0 -9999.0 -9999.0 -9999.0 -9999.0 -9999.0 -9999.0 -9999.0 -9999.0
 -9999.0 -9999.0 -9999.0 -9999.0 -9999.0 -9999.0 -9999.0 -9999.0 -9999.0 -9999.0 -9999.0 -9999.0     3.1     4.1     2.2     0.6     1.1     0.3     0.2     0.1     0.1     0.1     0.1     0.1     0.1     0.1     0.1     0.1     0.1     0.1     0.2     0.3     0.5     0.6     0.6     0.5     0.6     0.3     0.3     0.6     2.0     3.8     5.3     2.6     3.5     4.2     4.3     4.3     4.6     4.6     5.7     7.5     4.6     7.7     7.4     8.8    13.1     5.5    11.0     9.0    10.5    14.3    13.2    18.5    11.6     8.1     6.2     7.3     9.3    10.6     8.6     6.0     5.1     5.4     5.2     5.9     7.7     9.7     9.6     7.6     5.1     4.1     4.2     4.7     5.5     5.9     5.7     5.0     4.0     3.1     2.8     2.9     3.0     3.4     4.2     6.0     9.1    12.8 -9999.0 -9999.0 -9999.0 -9999.0 -9999.0 -9999.0 -9999.0 -9999.0 -9999.0 -9999.0 -9999.0 -9999.0 -9999.0 -9999.0 -9999.0 -9999.0 -9999.0 -9999.0 -9999.0 -9999.0 -9999.0 -9999.0 -9999.0 -9999.0 -9999.0 -9999.0 -9999.0 -9999.0 -9999.0 -9999.0
 -9999.0 -9999.0 -9999.0 -9999.0 -9999.0 -9999.0 -9999.0 -9999.0 -9999.0 -9999.0 -9999.0 -9999.0     5.4     1.8     1.4     3.4     1.6     0.3     0.2     0.2     0.1     0.1     0.1     0.1     0.1     0.1     0.1     0.1     0.1     0.1     0.1     0.2     0.3     0.4     0.4     0.4     0.2     0.2     0.2     0.2     0.6     1.2     2.1     3.4     4.5     5.6     7.5     7.2     6.8     4.3     3.9     6.3     4.2     4.3     6.2     6.3    11.7    15.1    12.4    18.7    22.0    26.3    13.8    11.6    11.0     9.9    10.4    11.9    11.8     9.7     8.4     7.6     6.7     6.3     7.5     7.6    11.7    10.5    11.8    12.0    10.0     9.2     8.6     7.6     6.5     5.9     5.5     5.1     4.4     3.4     2.6     2.2     2.1     2.8     4.1     6.2     9.2    12.5    15.1 -9999.0 -9999.0 -9999.0 -9999.0 -9999.0 -9999.0 -9999.0 -9999.0 -9999.0 -9999.0 -9999.0 -9999.0 -9999.0 -9999.0 -9999.0 -9999.0 -9999.0 -9999.0 -9999.0 -9999.0 -9999.0 -9999.0 -9999.0 -9999.0 -9999.0 -9999.0 -9999.0 -9999.0 -9999.0
 -9999.0 -9999.0 -9999.0 -9999.0 -9999.0 -9999.0 -9999.0 -9999.0 -9999.0 -9999.0 -9999.0 -9999.0     3.6     4.0     1.9     1.4     0.9     1.3     0.5     0.4     0.6     0.5     0.3     0.2     0.2     0.1     0.1     0.1     0.1     0.1     0.1     0.1     0.2     0.3     0.3     0.3     0.2     0.2     0.1     0.4     0.8     1.2     4.9     3.0     5.6     8.9    10.0     7.3     5.1     4.7     4.7     3.1    16.0    20.3    14.1     5.0    12.2    17.4    20.5    14.6    16.6    19.6    37.9    15.0    10.9    21.4    20.5    20.9    20.9    20.7    17.5    12.5    10.7    11.8    29.8    13.9    21.8    12.9    12.7    13.2    12.2    11.1    10.3     8.1     5.9     4.7     4.6     5.9     6.0     5.3     4.2     3.7     3.8     4.7     6.3     8.3    10.5    12.4    13.2    13.5 -9999.0 -9999.0 -9999.0 -9999.0 -9999.0 -9999.0 -9999.0 -9999.0 -9999.0 -9999.0 -9999.0 -9999.0 -9999.0 -9999.0 -9999.0 -9999.0 -9999.0 -9999.0 -9999.0 -9999.0 -9999.0 -9999.0 -9999.0 -9999.0 -9999.0 -9999.0 -9999.0 -9999.0
 -9999.0 -9999.0 -9999.0 -9999.0 -9999.0 -9999.0 -9999.0 -9999.0 -9999.0 -9999.0 -9999.0 -9999.0 -9999.0     9.8     6.0     2.5     1.9     1.4     1.4     1.3     2.2     1.0     0.9     0.8     0.6     0.4     0.2     0.1     0.1     0.1     0.1     0.1     0.1     0.2     0.2     0.4     0.4     0.2     0.2     0.4     1.1     5.9    10.0     9.5     6.4     6.9     9.0     4.4     7.6     6.1     2.9     8.8     7.6     3.7    16.6    19.5     7.7    10.8    19.3    34.9    29.9    61.6    34.0    14.2    23.0    23.0    27.2    31.1    36.1    31.8    27.6    21.8    17.5    16.0    16.7    16.1    16.0    15.1    14.6    13.2    11.2     9.6     8.7     7.1     5.7     5.0     5.6    12.0     9.0     8.5     8.5     8.7     9.6    10.8    12.2    13.6    14.3    14.2    13.2 -9999.0 -9999.0 -9999.0 -9999.0 -9999.0 -9999.0 -9999.0 -9999.0 -9999.0 -9999.0 -9999.0 -9999.0 -9999.0 -9999.0 -9999.0 -9999.0 -9999.0 -9999.0 -9999.0 -9999.0 -9999.0 -9999.0 -9999.0 -9999.0 -9999.0 -9999.0 -9999.0 -9999.0 -9999.0
 -9999.0 -9999.0 -9999.0 -9999.0 -9999.0 -9999.0 -9999.0 -9999.0 -9999.0 -9999.0 -9999.0 -9999.0 -9999.0     7.9     8.1     4.6     5.5     3.1     2.8     2.8     3.8     3.2     2.8     2.1     2.0     1.1     0.6     0.3     0.1     0.1     0.0     0.0     0.1     0.1     0.2     0.3     0.2     0.2     0.6     3.9     2.7     5.9     9.3    11.2    18.2    10.0     8.8     4.3     4.4     3.8     6.5     1.5     7.7    15.8    23.1    18.7     9.4    11.6    22.3    10.2    31.8    18.3    22.4    31.1    24.0    21.9    27.0    35.9    41.2    42.0    34.8    26.9    22.5    22.7    23.9    25.6    29.3    17.5    16.6    13.9    11.4     9.7     9.3     9.2     9.7    10.6    12.2    14.7    16.2    17.4    17.0    17.8    19.1    20.8    22.9    23.6    22.3    20.1    17.6 -9999.0 -9999.0 -9999.0 -9999.0 -9999.0 -9999.0 -9999.0 -9999.0 -9999.0 -9999.0 -9999.0 -9999.0 -9999.0 -9999.0 -9999.0 -9999.0 -9999.0 -9999.0 -9999.0 -9999.0 -9999.0 -9999.0 -9999.0 -9999.0 -9999.0 -9999.0 -9999.0 -9999.0 -9999.0
 -9999.0 -9999.0 -9999.0 -9999.0 -9999.0 -9999.0 -9999.0 -9999.0 -9999.0 -9999.0 -9999.0 -9999.0 -9999.0 -9999.0 -9999.0     8.4     7.2     6.8     6.2     6.3     6.6     6.1     5.9     5.1     3.9     2.7     1.4     0.5     0.2     0.0     0.0     0.0     0.0     0.1     0.1     0.5     1.1     0.2     0.6     1.7     6.1    10.2    11.9    11.5     7.0     6.4     7.8     4.1     4.8     1.2     2.4    13.2     5.6     8.5     1.2    11.6    13.3     1.5    26.0    35.6    14.3    20.9    38.1    31.4    24.6    22.3    27.2    37.3    42.7    37.9    33.4    28.0    30.7    33.8    30.3    40.1    33.8    35.2    18.9    17.8    16.4    15.8    17.3    20.2    22.6    24.5    26.4    28.4    31.0    31.7    30.1    28.8    30.5    32.9    36.9    37.9    34.1 -9999.0    26.7 -9999.0 -9999.0 -9999.0 -9999.0 -9999.0 -9999.0 -9999.0 -9999.0 -9999.0 -9999.0 -9999.0 -9999.0 -9999.0 -9999.0 -9999.0 -9999.0 -9999.0 -9999.0 -9999.0 -9999.0 -9999.0 -9999.0 -9999.0 -9999.0 -9999.0 -9999.0 -9999.0 -9999.0 -9999.0
 -9999.0 -9999.0 -9999.0 -9999.0 -9999.0 -9999.0 -9999.0 -9999.0 -9999.0 -9999.0 -9999.0 -9999.0 -9999.0 -9999.0 -9999.0 -9999.0 -9999.0    51.8    21.6 -9999.0    17.4    12.4    14.0    12.9     8.7     6.5     3.5     1.5     0.5     0.1     0.0     0.0     0.0     0.0     0.1     0.1     1.2     0.1     0.7     1.9     4.7    11.1    10.4     8.9     6.8     6.6    26.0    10.6     3.3     3.8     1.1     2.0     0.9     7.8    10.9    12.7     5.4    19.6    21.4    29.2     9.5    19.7    29.6    30.2    24.5    21.6    26.6    32.9    37.4    34.3    32.4    30.0    36.5    34.2    41.4    49.1    39.9    31.9    27.6    27.3    28.8    31.0    34.3    38.4    40.9    42.2    42.8    43.1    44.2    44.9    43.4    43.4    46.2    48.1    50.7    51.6    45.8    41.7    40.1    37.5    35.7 -9999.0 -9999.0 -9999.0 -9999.0 -9999.0 -9999.0 -9999.0 -9999.0 -9999.0 -9999.0 -9999.0 -9999.0 -9999.0 -9999.0 -9999.0 -9999.0 -9999.0 -9999.0 -9999.0 -9999.0 -9999.0 -9999.0 -9999.0 -9999.0 -9999.0 -9999.0 -9999.0
 -9999.0 -9999.0 -9999.0 -9999.0 -9999.0 -9999.0 -9999.0 -9999.0 -9999.0 -9999.0 -9999.0 -9999.0 -9999.0 -9999.0 -9999.0 -9999.0 -9999.0 -9999.0 -9999.0 -9999.0 -9999.0    26.3    22.8    18.7    17.3    19.1    12.5     6.4     1.8     0.5     0.0     0.1     0.0     0.0     0.1     0.1     0.1     0.2     0.3     0.2     0.2     9.2    11.5     9.3     5.7     6.7    42.8     6.8    12.1    57.3     3.5    15.8    14.0     2.0     4.5    11.7    13.2     7.4    33.8    19.6     5.7     9.0    16.3    21.6    26.2    26.8    31.9    33.6    36.3    31.3    26.1    27.3    31.6    32.4    38.9    45.2    44.8    40.0    40.5    43.8    47.2    50.3    52.4    53.4    56.0    55.2    54.0    50.9    50.0    51.9    55.6    60.8    59.9    63.2    62.2    61.2    57.5    53.7    51.8    44.1 -9999.0 -9999.0 -9999.0 -9999.0 -9999.0 -9999.0 -9999.0 -9999.0 -9999.0 -9999.0 -9999.0 -9999.0 -9999.0 -9999.0 -9999.0 -9999.0 -9999.0 -9999.0 -9999.0 -9999.0 -9999.0 -9999.0 -9999.0 -9999.0 -9999.0 -9999.0 -9999.0 -9999.0
 -9999.0 -9999.0 -9999.0 -9999.0 -9999.0 -9999.0 -9999.0 -9999.0 -9999.0 -9999.0 -9999.0 -9999.0 -9999.0 -9999.0 -9999.0 -9999.0 -9999.0 -9999.0 -9999.0 -9999.0 -9999.0 -9999.0 -9999.0    68.9    37.7    33.5    25.3    14.1     4.5     1.9     0.2     0.1     0.2     0.1     0.4     0.5     1.2     0.6     2.3     4.4     4.8     9.5     4.3     2.2     5.0    50.0    14.1    11.3    15.7    16.1     4.8     9.8     3.9     4.0     1.8     0.2     5.0    14.4     1.6    14.7     4.4     6.3     6.4     8.1    15.2    29.6    38.6    36.6    27.0    25.2    22.5    23.9    28.0    39.4    42.9    50.0    59.1    58.8    58.7    62.1    63.4    63.2    62.8    62.6    62.2    67.8    57.7    53.8    52.9    56.9    64.4    71.0    74.3    71.8    70.0    68.1    64.5    62.7    54.4 -9999.0 -9999.0 -9999.0 -9999.0 -9999.0 -9999.0 -9999.0 -9999.0 -9999.0 -9999.0 -9999.0 -9999.0 -9999.0 -9999.0 -9999.0 -9999.0 -9999.0 -9999.0 -9999.0 -9999.0 -9999.0 -9999.0 -9999.0 -9999.0 -9999.0 -9999.0 -9999.0 -9999.0 -9999.0
 -9999.0 -9999.0 -9999.0 -9999.0 -9999.0 -9999.0 -9999.0 -9999.0 -9999.0 -9999.0 -9999.0 -9999.0 -9999.0 -9999.0 -9999.0 -9999.0 -9999.0 -9999.0 -9999.0 -9999.0 -9999.0 -9999.0 -9999.0 -9999.0 -9999.0   124.0    62.4    18.7    11.0     7.4     2.1     1.2     0.8     0.7     0.8     1.8     6.2     1.7     4.9     2.8     8.3     3.1     1.5     2.2    24.4    53.3    35.4    80.6     8.9    15.7    12.1     9.0    11.3     8.5     3.8     1.1     2.3     1.3     9.0     8.8     7.4     5.6    22.9     5.8    12.9    28.5    35.8    28.5    25.3    23.9    19.5    20.0    21.3    40.9    54.3    56.0    62.2    72.6    85.5    73.8    67.5    64.0    62.8    63.5    65.0    62.0    59.9    57.8    59.8    65.2    73.2    80.0    80.5    85.8    74.4    74.5    66.4    63.6 -9999.0 -9999.0 -9999.0 -9999.0 -9999.0 -9999.0 -9999.0 -9999.0 -9999.0 -9999.0 -9999.0 -9999.0 -9999.0 -9999.0 -9999.0 -9999.0 -9999.0 -9999.0 -9999.0 -9999.0 -9999.0 -9999.0 -9999.0 -9999.0 -9999.0 -9999.0 -9999.0 -9999.0 -9999.0 -9999.0
 -9999.0 -9999.0 -9999.0 -9999.0 -9999.0 -9999.0 -9999.0 -9999.0 -9999.0 -9999.0 -9999.0 -9999.0 -9999.0 -9999.0 -9999.0 -9999.0 -9999.0 -9999.0 -9999.0 -9999.0 -9999.0 -9999.0 -9999.0 -9999.0 -9999.0 -9999.0 -9999.0   144.1   118.5    35.6    19.2    11.4     4.3     6.9     3.2    10.2     2.5     2.2     1.2     1.8     4.1     0.5     3.4    21.9    32.9    52.3    73.3    84.0    90.4    42.5    76.6    74.7    15.6    15.3     7.2     2.9     0.6     0.3     3.3     1.7     0.9     5.0     1.1     2.6     8.5    18.6    31.0    29.6    23.2    19.4    16.7    23.2    19.0    37.5    44.6    52.0    75.5    83.8    77.1    72.0    67.1    58.9    60.5    64.5    60.9    61.9    62.5    70.4    73.0    79.3    87.3   104.3    87.7    80.4    86.3    77.3    69.3 -9999.0 -9999.0 -9999.0 -9999.0 -9999.0 -9999.0 -9999.0 -9999.0 -9999.0 -9999.0 -9999.0 -9999.0 -9999.0 -9999.0 -9999.0 -9999.0 -9999.0 -9999.0 -9999.0 -9999.0 -9999.0 -9999.0 -9999.0 -9999.0 -9999.0 -9999.0 -9999.0 -9999.0 -9999.0 -9999.0 -9999.0
 -9999.0 -9999.0 -9999.0 -9999.0 -9999.0 -9999.0 -9999.0 -9999.0 -9999.0 -9999.0 -9999.0 -9999.0 -9999.0 -9999.0 -9999.0 -9999.0 -9999.0 -9999.0 -9999.0 -9999.0 -9999.0 -9999.0 -9999.0 -9999.0 -9999.0 -9999.0 -9999.0 -9999.0 -9999.0 -9999.0 -9999.0 -9999.0 -9999.0    31.2     8.6 -9999.0 -9999.0 -9999.0     6.0     1.7     1.7     3.9     2.9    27.5    45.2    53.0 -9999.0 -9999.0 -9999.0 -9999.0 -9999.0 -9999.0    44.2    13.0    16.9     5.1     0.6     0.3     0.2     0.5     1.2     3.5     2.0     3.6     9.2    19.0    27.5    29.2    23.2    16.2    13.2    21.3    30.5    31.3    48.4    48.0    74.6    74.7    78.6    74.8    67.3    63.7    67.5    65.8    64.4    63.0    68.6    80.1    96.0   100.7   105.5   104.7    94.2    86.9    86.3    77.3    74.5 -9999.0 -9999.0 -9999.0 -9999.0 -9999.0 -9999.0 -9999.0 -9999.0 -9999.0 -9999.0 -9999.0 -9999.0 -9999.0 -9999.0 -9999.0 -9999.0 -9999.0 -9999.0 -9999.0 -9999.0 -9999.0 -9999.0 -9999.0 -9999.0 -9999.0 -9999.0 -9999.0 -9999.0 -9999.0 -9999.0 -9999.0
 -9999.0 -9999.0 -9999.0 -9999.0 -9999.0 -9999.0 -9999.0 -9999.0 -9999.0 -9999.0 -9999.0 -9999.0 -9999.0 -9999.0 -9999.0 -9999.0 -9999.0 -9999.0 -9999.0 -9999.0 -9999.0 -9999.0 -9999.0 -9999.0 -9999.0 -9999.0 -9999.0 -9999.0 -9999.0 -9999.0 -9999.0 -9999.0 -9999.0 -9999.0 -9999.0 -9999.0 -9999.0 -9999.0 -9999.0    33.9    28.9    28.8    30.6    33.4 -9999.0 -9999.0 -9999.0 -9999.0 -9999.0 -9999.0 -9999.0 -9999.0    39.2    13.4     8.6     4.0     0.7     0.2     0.2     0.3     0.8     2.2     4.5     6.1    13.9    24.0    31.6    25.2    18.2    19.4    21.1    22.4    22.5    38.0    36.7    46.2    58.6    70.7    88.1    78.8    78.4    77.8    81.2    91.4    74.6    75.7    90.8   104.1   112.6   118.8   120.6   115.4   104.5    97.6    91.7    83.8 -9999.0 -9999.0 -9999.0 -9999.0 -9999.0 -9999.0 -9999.0 -9999.0 -9999.0 -9999.0 -9999.0 -9999.0 -9999.0 -9999.0 -9999.0 -9999.0 -9999.0 -9999.0 -9999.0 -9999.0 -9999.0 -9999.0 -9999.0 -9999.0 -9999.0 -9999.0 -9999.0 -9999.0 -9999.0 -9999.0 -9999.0 -9999.0
 -9999.0 -9999.0 -9999.0 -9999.0 -9999.0 -9999.0 -9999.0 -9999.0 -9999.0 -9999.0 -9999.0 -9999.0 -9999.0 -9999.0 -9999.0 -9999.0 -9999.0 -9999.0 -9999.0 -9999.0 -9999.0 -9999.0 -9999.0 -9999.0 -9999.0 -9999.0 -9999.0 -9999.0 -9999.0 -9999.0 -9999.0 -9999.0 -9999.0 -9999.0 -9999.0 -9999.0 -9999.0 -9999.0 -9999.0 -9999.0 -9999.0 -9999.0 -9999.0 -9999.0 -9999.0 -9999.0 -9999.0 -9999.0 -9999.0 -9999.0 -9999.0 -9999.0    41.7    12.7     7.2     2.2     0.6     0.2     0.2     0.2     0.4     1.5    11.2     8.2    15.9    25.3    24.8    19.4    15.6    16.5    19.8    23.9    43.2    36.3    41.6    43.6    58.5    75.3    89.6    93.1    98.9   106.7   109.0   118.2   102.4   101.3   111.7   118.5   123.5   125.5   121.6   109.8   106.2    93.1    85.9 -9999.0 -9999.0 -9999.0 -9999.0 -9999.0 -9999.0 -9999.0 -9999.0 -9999.0 -9999.0 -9999.0 -9999.0 -9999.0 -9999.0 -9999.0 -9999.0 -9999.0 -9999.0 -9999.0 -9999.0 -9999.0 -9999.0 -9999.0 -9999.0 -9999.0 -9999.0 -9999.0 -9999.0 -9999.0 -9999.0 -9999.0 -9999.0 -9999.0
 -9999.0 -9999.0 -9999.0 -9999.0 -9999.0 -9999.0 -9999.0 -9999.0 -9999.0 -9999.0 -9999.0 -9999.0 -9999.0 -9999.0 -9999.0 -9999.0 -9999.0 -9999.0 -9999.0 -9999.0 -9999.0 -9999.0 -9999.0 -9999.0 -9999.0 -9999.0 -9999.0 -9999.0 -9999.0 -9999.0 -9999.0 -9999.0 -9999.0 -9999.0 -9999.0 -9999.0 -9999.0 -9999.0 -9999.0 -9999.0 -9999.0 -9999.0 -9999.0 -9999.0 -9999.0 -9999.0 -9999.0 -9999.0 -9999.0 -9999.0 -9999.0    26.2    23.7    11.6     9.0     3.0     1.4     0.6     0.4     0.1     0.3     0.9     3.2     8.0    16.1    25.6    22.9    14.6    15.7    15.8    19.8    25.0    24.6    25.6    35.0    46.5    67.3    87.1   104.5   112.3   110.6   121.0   167.8   133.8   115.9   114.0   124.1   120.3   122.4   125.2   108.3   103.6    92.5    85.1    74.3 -9999.0 -9999.0 -9999.0 -9999.0 -9999.0 -9999.0 -9999.0 -9999.0 -9999.0 -9999.0 -9999.0 -9999.0 -9999.0 -9999.0 -9999.0 -9999.0 -9999.0 -9999.0 -9999.0 -9999.0 -9999.0 -9999.0 -9999.0 -9999.0 -9999.0 -9999.0 -9999.0 -9999.0 -9999.0 -9999.0 -9999.0 -9999.0 -9999.0
 -9999.0 -9999.0 -9999.0 -9999.0 -9999.0 -9999.0 -9999.0 -9999.0 -9999.0 -9999.0 -9999.0 -9999.0 -9999.0 -9999.0 -9999.0 -9999.0 -9999.0 -9999.0 -9999.0 -9999.0 -9999.0 -9999.0 -9999.0 -9999.0 -9999.0 -9999.0 -9999.0 -9999.0 -9999.0 -9999.0 -9999.0 -9999.0 -9999.0 -9999.0 -9999.0 -9999.0 -9999.0 -9999.0 -9999.0 -9999.0 -9999.0 -9999.0 -9999.0 -9999.0 -9999.0 -9999.0 -9999.0 -9999.0 -9999.0 -9999.0    13.5    13.7    12.7     9.4     5.9     3.8     3.4     2.4     0.8     0.2     0.1     0.4     1.8     6.1    13.8    22.8    26.3    19.8    22.2    19.2    23.7    23.0    24.1    30.1    38.7    53.5    70.1    93.8   107.1   117.0   128.0   131.1   140.9   127.7   132.9   128.5   130.3   125.3   124.0   118.0   105.5    87.5    88.6    72.0    60.4 -9999.0 -9999.0 -9999.0 -9999.0 -9999.0 -9999.0 -9999.0 -9999.0 -9999.0 -9999.0 -9999.0 -9999.0 -9999.0 -9999.0 -9999.0 -9999.0 -9999.0 -9999.0 -9999.0 -9999.0 -9999.0 -9999.0 -9999.0 -9999.0 -9999.0 -9999.0 -9999.0 -9999.0 -9999.0 -9999.0 -9999.0 -9999.0 -9999.0
 -9999.0 -9999.0 -9999.0 -9999.0 -9999.0 -9999.0 -9999.0 -9999.0 -9999.0 -9999.0 -9999.0 -9999.0 -9999.0 -9999.0 -9999.0 -9999.0 -9999.0 -9999.0 -9999.0 -9999.0 -9999.0 -9999.0 -9999.0 -9999.0 -9999.0 -9999.0 -9999.0 -9999.0 -9999.0 -9999.0 -9999.0 -9999.0 -9999.0 -9999.0 -9999.0 -9999.0 -9999.0 -9999.0 -9999.0 -9999.0 -9999.0 -9999.0 -9999.0 -9999.0 -9999.0 -9999.0 -9999.0 -9999.0 -9999.0 -9999.0     4.7     7.4     4.1     5.5     5.0     4.3     3.0     2.7     1.0     0.2     0.1     0.2     1.0     3.5     9.2    18.8    23.5    20.0    21.7    20.7    23.9    25.3    26.0    27.7    33.2    46.1    69.6    90.1   103.9   120.1   130.0   145.9   144.0   132.3   141.3   148.1   144.9   132.8   126.5   119.2    97.9   102.5    85.4    63.4 -9999.0 -9999.0 -9999.0 -9999.0 -9999.0 -9999.0 -9999.0 -9999.0 -9999.0 -9999.0 -9999.0 -9999.0 -9999.0 -9999.0 -9999.0 -9999.0 -9999.0 -9999.0 -9999.0 -9999.0 -9999.0 -9999.0 -9999.0 -9999.0 -9999.0 -9999.0 -9999.0 -9999.0 -9999.0 -9999.0 -9999.0 -9999.0 -9999.0 -9999.0
 -9999.0 -9999.0 -9999.0 -9999.0 -9999.0 -9999.0 -9999.0 -9999.0 -9999.0 -9999.0 -9999.0 -9999.0 -9999.0 -9999.0 -9999.0 -9999.0 -9999.0 -9999.0 -9999.0 -9999.0 -9999.0 -9999.0 -9999.0 -9999.0 -9999.0 -9999.0 -9999.0 -9999.0 -9999.0 -9999.0 -9999.0 -9999.0 -9999.0 -9999.0 -9999.0 -9999.0 -9999.0 -9999.0 -9999.0 -9999.0 -9999.0 -9999.0 -9999.0 -9999.0 -9999.0 -9999.0 -9999.0 -9999.0 -9999.0 -9999.0     1.0     0.9     1.0     5.1     2.8     3.3     4.7     2.8     1.6     0.5     0.4     0.4     0.7     1.8     5.5    12.4    17.9    17.1    16.8    24.2    21.2    31.4    24.5    31.6    35.7    49.8    72.7    91.1   103.1   111.9   128.4   136.0   135.8   133.7   140.0   148.1   148.2   137.7   118.4   103.9    83.7    87.3 -9999.0 -9999.0 -9999.0 -9999.0 -9999.0 -9999.0 -9999.0 -9999.0 -9999.0 -9999.0 -9999.0 -9999.0 -9999.0 -9999.0 -9999.0 -9999.0 -9999.0 -9999.0 -9999.0 -9999.0 -9999.0 -9999.0 -9999.0 -9999.0 -9999.0 -9999.0 -9999.0 -9999.0 -9999.0 -9999.0 -9999.0 -9999.0 -9999.0 -9999.0 -9999.0 -9999.0
 -9999.0 -9999.0 -9999.0 -9999.0 -9999.0 -9999.0 -9999.0 -9999.0 -9999.0 -9999.0 -9999.0 -9999.0 -9999.0 -9999.0 -9999.0 -9999.0 -9999.0 -9999.0 -9999.0 -9999.0 -9999.0 -9999.0 -9999.0 -9999.0 -9999.0 -9999.0 -9999.0 -9999.0 -9999.0 -9999.0 -9999.0 -9999.0 -9999.0 -9999.0 -9999.0 -9999.0 -9999.0 -9999.0 -9999.0 -9999.0 -9999.0 -9999.0 -9999.0 -9999.0 -9999.0 -9999.0 -9999.0 -9999.0 -9999.0 -9999.0     0.1     0.7     0.7     2.0     3.0     4.9     2.4     2.8     1.8     0.7     1.1     0.8     0.7     1.8     5.0    10.1    16.0    16.7    21.4    12.2    18.1    21.4    27.3    35.7    44.3    60.5    78.1    95.5   103.9   105.9   105.8   110.9   113.4   117.3   115.0   115.1   111.3   108.8    87.8    72.3    71.7 -9999.0 -9999.0 -9999.0 -9999.0 -9999.0 -9999.0 -9999.0 -9999.0 -9999.0 -9999.0 -9999.0 -9999.0 -9999.0 -9999.0 -9999.0 -9999.0 -9999.0 -9999.0 -9999.0 -9999.0 -9999.0 -9999.0 -9999.0 -9999.0 -9999.0 -9999.0 -9999.0 -9999.0 -9999.0 -9999.0 -9999.0 -9999.0 -9999.0 -9999.0 -9999.0 -9999.0 -9999.0
 -9999.0 -9999.0 -9999.0 -9999.0 -9999.0 -9999.0 -9999.0 -9999.0 -9999.0 -9999.0 -9999.0 -9999.0 -9999.0 -9999.0 -9999.0 -9999.0 -9999.0 -9999.0 -9999.0 -9999.0 -9999.0 -9999.0 -9999.0 -9999.0 -9999.0 -9999.0 -9999.0 -9999.0 -9999.0 -9999.0 -9999.0 -9999.0 -9999.0 -9999.0 -9999.0 -9999.0 -9999.0 -9999.0 -9999.0 -9999.0 -9999.0 -9999.0 -9999.0 -9999.0 -9999.0 -9999.0 -9999.0 -9999.0 -9999.0 -9999.0 -9999.0 -9999.0 -9999.0     0.6     1.3     2.2     2.8     2.7     0.7     0.5     3.8     0.8     3.1     3.7     7.0    10.9    17.1    13.3    18.0    18.4    17.8    21.5    30.0    42.2    56.3    70.5    82.3    92.3    98.2    93.8    85.3    80.8    86.7    89.3    82.2    77.5    78.4    73.0    66.3    54.7 -9999.0 -9999.0 -9999.0 -9999.0 -9999.0 -9999.0 -9999.0 -9999.0 -9999.0 -9999.0 -9999.0 -9999.0 -9999.0 -9999.0 -9999.0 -9999.0 -9999.0 -9999.0 -9999.0 -9999.0 -9999.0 -9999.0 -9999.0 -9999.0 -9999.0 -9999.0 -9999.0 -9999.0 -9999.0 -9999.0 -9999.0 -9999.0 -9999.0 -9999.0 -9999.0 -9999.0 -9999.0 -9999.0
 -9999.0 -9999.0 -9999.0 -9999.0 -9999.0 -9999.0 -9999.0 -9999.0 -9999.0 -9999.0 -9999.0 -9999.0 -9999.0 -9999.0 -9999.0 -9999.0 -9999.0 -9999.0 -9999.0 -9999.0 -9999.0 -9999.0 -9999.0 -9999.0 -9999.0 -9999.0 -9999.0 -9999.0 -9999.0 -9999.0 -9999.0 -9999.0 -9999.0 -9999.0 -9999.0 -9999.0 -9999.0 -9999.0 -9999.0 -9999.0 -9999.0 -9999.0 -9999.0 -9999.0 -9999.0 -9999.0 -9999.0 -9999.0 -9999.0 -9999.0 -9999.0 -9999.0 -9999.0     0.3     0.5     4.1     1.4     0.8     0.7     2.3     1.0     1.2     6.4     5.2     8.7    11.9    11.1    20.7    17.4    19.4    20.4    27.0    38.6    53.2    66.7    72.5    76.2    79.7    85.2    86.1    80.4    77.4    78.3 -9999.0    61.1    55.1 -9999.0 -9999.0 -9999.0 -9999.0 -9999.0 -9999.0 -9999.0 -9999.0 -9999.0 -9999.0 -9999.0 -9999.0 -9999.0 -9999.0 -9999.0 -9999.0 -9999.0 -9999.0 -9999.0 -9999.0 -9999.0 -9999.0 -9999.0 -9999.0 -9999.0 -9999.0 -9999.0 -9999.0 -9999.0 -9999.0 -9999.0 -9999.0 -9999.0 -9999.0 -9999.0 -9999.0 -9999.0 -9999.0 -9999.0 -9999.0 -9999.0 -9999.0
 -9999.0 -9999.0 -9999.0 -9999.0 -9999.0 -9999.0 -9999.0 -9999.0 -9999.0 -9999.0 -9999.0 -9999.0 -9999.0 -9999.0 -9999.0 -9999.0 -9999.0 -9999.0 -9999.0 -9999.0 -9999.0 -9999.0 -9999.0 -9999.0 -9999.0 -9999.0 -9999.0 -9999.0 -9999.0 -9999.0 -9999.0 -9999.0 -9999.0 -9999.0 -9999.0 -9999.0 -9999.0 -9999.0 -9999.0 -9999.0 -9999.0 -9999.0 -9999.0 -9999.0 -9999.0 -9999.0 -9999.0 -9999.0 -9999.0 -9999.0 -9999.0 -9999.0 -9999.0     0.1     0.1     0.9     0.7     0.4     0.4     0.4     1.8     3.2     9.6    13.8     8.3 -9999.0 -9999.0 -9999.0    26.3    27.1    31.1    39.2    51.0    64.3    73.0    72.5    71.5    73.3    89.9    92.6    96.9    95.8    87.9 -9999.0 -9999.0 -9999.0 -9999.0 -9999.0 -9999.0 -9999.0 -9999.0 -9999.0 -9999.0 -9999.0 -9999.0 -9999.0 -9999.0 -9999.0 -9999.0 -9999.0 -9999.0 -9999.0 -9999.0 -9999.0 -9999.0 -9999.0 -9999.0 -9999.0 -9999.0 -9999.0 -9999.0 -9999.0 -9999.0 -9999.0 -9999.0 -9999.0 -9999.0 -9999.0 -9999.0 -9999.0 -9999.0 -9999.0 -9999.0 -9999.0 -9999.0 -9999.0 -9999.0 -9999.0
 -9999.0 -9999.0 -9999.0 -9999.0 -9999.0 -9999.0 -9999.0 -9999.0 -9999.0 -9999.0 -9999.0 -9999.0 -9999.0 -9999.0 -9999.0 -9999.0 -9999.0 -9999.0 -9999.0 -9999.0 -9999.0 -9999.0 -9999.0 -9999.0 -9999.0 -9999.0 -9999.0 -9999.0 -9999.0 -9999.0 -9999.0 -9999.0 -9999.0 -9999.0 -9999.0 -9999.0 -9999.0 -9999.0 -9999.0 -9999.0 -9999.0 -9999.0 -9999.0 -9999.0 -9999.0 -9999.0 -9999.0 -9999.0 -9999.0 -9999.0 -9999.0 -9999.0 -9999.0 -9999.0     0.1     0.2     0.1     0.1     0.4     1.4     0.7 -9999.0 -9999.0 -9999.0 -9999.0 -9999.0 -9999.0 -9999.0    29.2    36.4    44.2    49.8    61.1    72.7    78.2    77.0    76.1    80.2    91.9 -9999.0   120.5 -9999.0 -9999.0 -9999.0 -9999.0 -9999.0 -9999.0 -9999.0 -9999.0 -9999.0 -9999.0 -9999.0 -9999.0 -9999.0 -9999.0 -9999.0 -9999.0 -9999.0 -9999.0 -9999.0 -9999.0 -9999.0 -9999.0 -9999.0 -9999.0 -9999.0 -9999.0 -9999.0 -9999.0 -9999.0 -9999.0 -9999.0 -9999.0 -9999.0 -9999.0 -9999.0 -9999.0 -9999.0 -9999.0 -9999.0 -9999.0 -9999.0 -9999.0 -9999.0 -9999.0 -9999.0 -9999.0 -9999.0
 -9999.0 -9999.0 -9999.0 -9999.0 -9999.0 -9999.0 -9999.0 -9999.0 -9999.0 -9999.0 -9999.0 -9999.0 -9999.0 -9999.0 -9999.0 -9999.0 -9999.0 -9999.0 -9999.0 -9999.0 -9999.0 -9999.0 -9999.0 -9999.0 -9999.0 -9999.0 -9999.0 -9999.0 -9999.0 -9999.0 -9999.0 -9999.0 -9999.0 -9999.0 -9999.0 -9999.0 -9999.0 -9999.0 -9999.0 -9999.0 -9999.0 -9999.0 -9999.0 -9999.0 -9999.0 -9999.0 -9999.0 -9999.0 -9999.0 -9999.0 -9999.0 -9999.0 -9999.0 -9999.0 -9999.0     0.0     0.5     0.1     0.1     0.6     1.1 -9999.0 -9999.0 -9999.0 -9999.0 -9999.0 -9999.0 -9999.0 -9999.0 -9999.0    43.7 -9999.0 -9999.0 -9999.0 -9999.0 -9999.0    80.0 -9999.0 -9999.0 -9999.0 -9999.0 -9999.0 -9999.0 -9999.0 -9999.0 -9999.0 -9999.0 -9999.0 -9999.0 -9999.0 -9999.0 -9999.0 -9999.0 -9999.0 -9999.0 -9999.0 -9999.0 -9999.0 -9999.0 -9999.0 -9999.0 -9999.0 -9999.0 -9999.0 -9999.0 -9999.0 -9999.0 -9999.0 -9999.0 -9999.0 -9999.0 -9999.0 -9999.0 -9999.0 -9999.0 -9999.0 -9999.0 -9999.0 -9999.0 -9999.0 -9999.0 -9999.0 -9999.0 -9999.0 -9999.0 -9999.0 -9999.0 -9999.0
 -9999.0 -9999.0 -9999.0 -9999.0 -9999.0 -9999.0 -9999.0 -9999.0 -9999.0 -9999.0 -9999.0 -9999.0 -9999.0 -9999.0 -9999.0 -9999.0 -9999.0 -9999.0 -9999.0 -9999.0 -9999.0 -9999.0 -9999.0 -9999.0 -9999.0 -9999.0 -9999.0 -9999.0 -9999.0 -9999.0 -9999.0 -9999.0 -9999.0 -9999.0 -9999.0 -9999.0 -9999.0 -9999.0 -9999.0 -9999.0 -9999.0 -9999.0 -9999.0 -9999.0 -9999.0 -9999.0 -9999.0 -9999.0 -9999.0 -9999.0 -9999.0 -9999.0 -9999.0 -9999.0 -9999.0 -9999.0 -9999.0 -9999.0     0.2     0.3 -9999.0 -9999.0 -9999.0 -9999.0 -9999.0 -9999.0 -9999.0 -9999.0 -9999.0 -9999.0 -9999.0 -9999.0 -9999.0 -9999.0 -9999.0    73.3    81.2 -9999.0 -9999.0 -9999.0 -9999.0 -9999.0 -9999.0 -9999.0 -9999.0 -9999.0 -9999.0 -9999.0 -9999.0 -9999.0 -9999.0 -9999.0 -9999.0 -9999.0 -9999.0 -9999.0 -9999.0 -9999.0 -9999.0 -9999.0 -9999.0 -9999.0 -9999.0 -9999.0 -9999.0 -9999.0 -9999.0 -9999.0 -9999.0 -9999.0 -9999.0 -9999.0 -9999.0 -9999.0 -9999.0 -9999.0 -9999.0 -9999.0 -9999.0 -9999.0 -9999.0 -9999.0 -9999.0 -9999.0 -9999.0 -9999.0 -9999.0 -9999.0
 -9999.0 -9999.0 -9999.0 -9999.0 -9999.0 -9999.0 -9999.0 -9999.0 -9999.0 -9999.0 -9999.0 -9999.0 -9999.0 -9999.0 -9999.0 -9999.0 -9999.0 -9999.0 -9999.0 -9999.0 -9999.0 -9999.0 -9999.0 -9999.0 -9999.0 -9999.0 -9999.0 -9999.0 -9999.0 -9999.0 -9999.0 -9999.0 -9999.0 -9999.0 -9999.0 -9999.0 -9999.0 -9999.0 -9999.0 -9999.0 -9999.0 -9999.0 -9999.0 -9999.0 -9999.0 -9999.0 -9999.0 -9999.0 -9999.0 -9999.0 -9999.0 -9999.0 -9999.0 -9999.0 -9999.0 -9999.0 -9999.0 -9999.0 -9999.0 -9999.0 -9999.0 -9999.0 -9999.0 -9999.0 -9999.0 -9999.0 -9999.0 -9999.0 -9999.0 -9999.0 -9999.0 -9999.0 -9999.0 -9999.0 -9999.0 -9999.0 -9999.0 -9999.0 -9999.0 -9999.0 -9999.0 -9999.0 -9999.0 -9999.0 -9999.0 -9999.0 -9999.0 -9999.0 -9999.0 -9999.0 -9999.0 -9999.0 -9999.0 -9999.0 -9999.0 -9999.0 -9999.0 -9999.0 -9999.0 -9999.0 -9999.0 -9999.0 -9999.0 -9999.0 -9999.0 -9999.0 -9999.0 -9999.0 -9999.0 -9999.0 -9999.0 -9999.0 -9999.0 -9999.0 -9999.0 -9999.0 -9999.0 -9999.0 -9999.0 -9999.0 -9999.0 -9999.0 -9999.0 -9999.0 -9999.0 -9999.0 -9999.0 -9999.0
 -9999.0 -9999.0 -9999.0 -9999.0 -9999.0 -9999.0 -9999.0 -9999.0 -9999.0 -9999.0 -9999.0 -9999.0 -9999.0 -9999.0 -9999.0 -9999.0 -9999.0 -9999.0 -9999.0 -9999.0 -9999.0 -9999.0 -9999.0 -9999.0 -9999.0 -9999.0 -9999.0 -9999.0 -9999.0 -9999.0 -9999.0 -9999.0 -9999.0 -9999.0 -9999.0 -9999.0 -9999.0 -9999.0 -9999.0 -9999.0 -9999.0 -9999.0 -9999.0 -9999.0 -9999.0 -9999.0 -9999.0 -9999.0 -9999.0 -9999.0 -9999.0 -9999.0 -9999.0 -9999.0 -9999.0 -9999.0 -9999.0 -9999.0 -9999.0 -9999.0 -9999.0 -9999.0 -9999.0 -9999.0 -9999.0 -9999.0 -9999.0 -9999.0 -9999.0 -9999.0 -9999.0 -9999.0 -9999.0 -9999.0 -9999.0    48.8    71.1    94.1 -9999.0 -9999.0 -9999.0 -9999.0 -9999.0 -9999.0 -9999.0 -9999.0 -9999.0 -9999.0 -9999.0 -9999.0 -9999.0 -9999.0 -9999.0 -9999.0 -9999.0 -9999.0 -9999.0 -9999.0 -9999.0 -9999.0 -9999.0 -9999.0 -9999.0 -9999.0 -9999.0 -9999.0 -9999.0 -9999.0 -9999.0 -9999.0 -9999.0 -9999.0 -9999.0 -9999.0 -9999.0 -9999.0 -9999.0 -9999.0 -9999.0 -9999.0 -9999.0 -9999.0 -9999.0 -9999.0 -9999.0 -9999.0 -9999.0 -9999.0
 -9999.0 -9999.0 -9999.0 -9999.0 -9999.0 -9999.0 -9999.0 -9999.0 -9999.0 -9999.0 -9999.0 -9999.0 -9999.0 -9999.0 -9999.0 -9999.0 -9999.0 -9999.0 -9999.0 -9999.0 -9999.0 -9999.0 -9999.0 -9999.0 -9999.0 -9999.0 -9999.0 -9999.0 -9999.0 -9999.0 -9999.0 -9999.0 -9999.0 -9999.0 -9999.0 -9999.0 -9999.0 -9999.0 -9999.0 -9999.0 -9999.0 -9999.0 -9999.0 -9999.0 -9999.0 -9999.0 -9999.0 -9999.0 -9999.0 -9999.0 -9999.0 -9999.0 -9999.0 -9999.0 -9999.0 -9999.0 -9999.0 -9999.0 -9999.0 -9999.0 -9999.0 -9999.0 -9999.0 -9999.0 -9999.0 -9999.0 -9999.0 -9999.0 -9999.0 -9999.0 -9999.0 -9999.0 -9999.0    13.3    21.9    36.3    55.5 -9999.0 -9999.0 -9999.0 -9999.0 -9999.0 -9999.0 -9999.0 -9999.0 -9999.0 -9999.0 -9999.0 -9999.0 -9999.0 -9999.0 -9999.0 -9999.0 -9999.0 -9999.0 -9999.0 -9999.0 -9999.0 -9999.0 -9999.0 -9999.0 -9999.0 -9999.0 -9999.0 -9999.0 -9999.0 -9999.0 -9999.0 -9999.0 -9999.0 -9999.0 -9999.0 -9999.0 -9999.0 -9999.0 -9999.0 -9999.0 -9999.0 -9999.0 -9999.0 -9999.0 -9999.0 -9999.0 -9999.0 -9999.0 -9999.0 -9999.0 -9999.0
 -9999.0 -9999.0 -9999.0 -9999.0 -9999.0 -9999.0 -9999.0 -9999.0 -9999.0 -9999.0 -9999.0 -9999.0 -9999.0 -9999.0 -9999.0 -9999.0 -9999.0 -9999.0 -9999.0 -9999.0 -9999.0 -9999.0 -9999.0 -9999.0 -9999.0 -9999.0 -9999.0 -9999.0 -9999.0 -9999.0 -9999.0 -9999.0 -9999.0 -9999.0 -9999.0 -9999.0 -9999.0 -9999.0 -9999.0 -9999.0 -9999.0 -9999.0 -9999.0 -9999.0 -9999.0 -9999.0 -9999.0 -9999.0 -9999.0 -9999.0 -9999.0 -9999.0 -9999.0 -9999.0 -9999.0 -9999.0 -9999.0 -9999.0 -9999.0 -9999.0 -9999.0 -9999.0 -9999.0 -9999.0 -9999.0 -9999.0 -9999.0 -9999.0 -9999.0 -9999.0 -9999.0 -9999.0 -9999.0 -9999.0    18.4    30.7    49.1 -9999.0 -9999.0 -9999.0 -9999.0 -9999.0 -9999.0 -9999.0 -9999.0 -9999.0 -9999.0 -9999.0 -9999.0 -9999.0 -9999.0 -9999.0 -9999.0 -9999.0 -9999.0 -9999.0 -9999.0 -9999.0 -9999.0 -9999.0 -9999.0 -9999.0 -9999.0 -9999.0 -9999.0 -9999.0 -9999.0 -9999.0 -9999.0 -9999.0 -9999.0 -9999.0 -9999.0 -9999.0 -9999.0 -9999.0 -9999.0 -9999.0 -9999.0 -9999.0 -9999.0 -9999.0 -9999.0 -9999.0 -9999.0 -9999.0 -9999.0 -9999.0
 -9999.0 -9999.0 -9999.0 -9999.0 -9999.0 -9999.0 -9999.0 -9999.0 -9999.0 -9999.0 -9999.0 -9999.0 -9999.0 -9999.0 -9999.0 -9999.0 -9999.0 -9999.0 -9999.0 -9999.0 -9999.0 -9999.0 -9999.0 -9999.0 -9999.0 -9999.0 -9999.0 -9999.0 -9999.0 -9999.0 -9999.0 -9999.0 -9999.0 -9999.0 -9999.0 -9999.0 -9999.0 -9999.0 -9999.0 -9999.0 -9999.0 -9999.0 -9999.0 -9999.0 -9999.0 -9999.0 -9999.0 -9999.0 -9999.0 -9999.0 -9999.0 -9999.0 -9999.0 -9999.0 -9999.0 -9999.0 -9999.0 -9999.0 -9999.0 -9999.0 -9999.0 -9999.0 -9999.0 -9999.0 -9999.0 -9999.0 -9999.0 -9999.0 -9999.0 -9999.0 -9999.0 -9999.0 -9999.0 -9999.0 -9999.0 -9999.0 -9999.0 -9999.0 -9999.0 -9999.0 -9999.0 -9999.0 -9999.0 -9999.0 -9999.0 -9999.0 -9999.0 -9999.0 -9999.0 -9999.0 -9999.0 -9999.0 -9999.0 -9999.0 -9999.0 -9999.0 -9999.0 -9999.0 -9999.0 -9999.0 -9999.0 -9999.0 -9999.0 -9999.0 -9999.0 -9999.0 -9999.0 -9999.0 -9999.0 -9999.0 -9999.0 -9999.0 -9999.0 -9999.0 -9999.0 -9999.0 -9999.0 -9999.0 -9999.0 -9999.0 -9999.0 -9999.0 -9999.0 -9999.0 -9999.0 -9999.0 -9999.0 -9999.0
