NCOLS      128
NROWS       72
XLLCORNER    72.000000000000    
YLLCORNER    18.000000000000    
CELLSIZE    0.50000000000000    
NODATA_VALUE   -9999.000    
 -9999.0 -9999.0 -9999.0 -9999.0 -9999.0 -9999.0 -9999.0 -9999.0 -9999.0 -9999.0 -9999.0 -9999.0 -9999.0 -9999.0 -9999.0 -9999.0 -9999.0 -9999.0 -9999.0 -9999.0 -9999.0 -9999.0 -9999.0 -9999.0 -9999.0 -9999.0 -9999.0 -9999.0 -9999.0 -9999.0 -9999.0 -9999.0 -9999.0 -9999.0 -9999.0 -9999.0 -9999.0 -9999.0 -9999.0 -9999.0 -9999.0 -9999.0 -9999.0 -9999.0 -9999.0 -9999.0 -9999.0 -9999.0 -9999.0 -9999.0 -9999.0 -9999.0 -9999.0 -9999.0 -9999.0 -9999.0 -9999.0 -9999.0 -9999.0 -9999.0 -9999.0 -9999.0 -9999.0 -9999.0 -9999.0 -9999.0 -9999.0 -9999.0 -9999.0 -9999.0 -9999.0 -9999.0 -9999.0 -9999.0 -9999.0 -9999.0 -9999.0 -9999.0 -9999.0 -9999.0 -9999.0 -9999.0 -9999.0 -9999.0 -9999.0 -9999.0 -9999.0 -9999.0 -9999.0 -9999.0 -9999.0 -9999.0 -9999.0 -9999.0 -9999.0 -9999.0 -9999.0    80.0    78.0    74.2    85.0    81.5    90.6   102.4   133.9 -9999.0 -9999.0 -9999.0 -9999.0 -9999.0 -9999.0 -9999.0 -9999.0 -9999.0 -9999.0 -9999.0 -9999.0 -9999.0 -9999.0 -9999.0 -9999.0 -9999.0 -9999.0 -9999.0 -9999.0 -9999.0 -9999.0 -9999.0
 -9999.0 -9999.0 -9999.0 -9999.0 -9999.0 -9999.0 -9999.0 -9999.0 -9999.0 -9999.0 -9999.0 -9999.0 -9999.0 -9999.0 -9999.0 -9999.0 -9999.0 -9999.0 -9999.0 -9999.0 -9999.0 -9999.0 -9999.0 -9999.0 -9999.0 -9999.0 -9999.0 -9999.0 -9999.0 -9999.0 -9999.0 -9999.0 -9999.0 -9999.0 -9999.0 -9999.0 -9999.0 -9999.0 -9999.0 -9999.0 -9999.0 -9999.0 -9999.0 -9999.0 -9999.0 -9999.0 -9999.0 -9999.0 -9999.0 -9999.0 -9999.0 -9999.0 -9999.0 -9999.0 -9999.0 -9999.0 -9999.0 -9999.0 -9999.0 -9999.0 -9999.0 -9999.0 -9999.0 -9999.0 -9999.0 -9999.0 -9999.0 -9999.0 -9999.0 -9999.0 -9999.0 -9999.0 -9999.0 -9999.0 -9999.0 -9999.0 -9999.0 -9999.0 -9999.0 -9999.0 -9999.0 -9999.0 -9999.0 -9999.0 -9999.0 -9999.0 -9999.0 -9999.0 -9999.0 -9999.0 -9999.0 -9999.0 -9999.0 -9999.0 -9999.0 -9999.0    69.7    74.3    97.0    89.4   107.5   107.4   101.6   102.9   117.0   115.3   124.1   142.8   152.3 -9999.0 -9999.0 -9999.0 -9999.0 -9999.0 -9999.0 -9999.0 -9999.0 -9999.0 -9999.0 -9999.0 -9999.0 -9999.0 -9999.0 -9999.0 -9999.0 -9999.0 -9999.0 -9999.0
 -9999.0 -9999.0 -9999.0 -9999.0 -9999.0 -9999.0 -9999.0 -9999.0 -9999.0 -9999.0 -9999.0 -9999.0 -9999.0 -9999.0 -9999.0 -9999.0 -9999.0 -9999.0 -9999.0 -9999.0 -9999.0 -9999.0 -9999.0 -9999.0 -9999.0 -9999.0 -9999.0 -9999.0 -9999.0 -9999.0 -9999.0 -9999.0 -9999.0 -9999.0 -9999.0 -9999.0 -9999.0 -9999.0 -9999.0 -9999.0 -9999.0 -9999.0 -9999.0 -9999.0 -9999.0 -9999.0 -9999.0 -9999.0 -9999.0 -9999.0 -9999.0 -9999.0 -9999.0 -9999.0 -9999.0 -9999.0 -9999.0 -9999.0 -9999.0 -9999.0 -9999.0 -9999.0 -9999.0 -9999.0 -9999.0 -9999.0 -9999.0 -9999.0 -9999.0 -9999.0 -9999.0 -9999.0 -9999.0 -9999.0 -9999.0 -9999.0 -9999.0 -9999.0 -9999.0 -9999.0 -9999.0 -9999.0 -9999.0 -9999.0 -9999.0 -9999.0 -9999.0 -9999.0 -9999.0 -9999.0 -9999.0 -9999.0 -9999.0 -9999.0 -9999.0    81.2    80.4    88.0   108.6    98.9   108.2   117.2   119.1   123.4   125.5   162.6   136.5   149.6   145.9 -9999.0 -9999.0 -9999.0 -9999.0 -9999.0 -9999.0 -9999.0 -9999.0 -9999.0 -9999.0 -9999.0 -9999.0 -9999.0 -9999.0 -9999.0 -9999.0 -9999.0 -9999.0 -9999.0
 -9999.0 -9999.0 -9999.0 -9999.0 -9999.0 -9999.0 -9999.0 -9999.0 -9999.0 -9999.0 -9999.0 -9999.0 -9999.0 -9999.0 -9999.0 -9999.0 -9999.0 -9999.0 -9999.0 -9999.0 -9999.0 -9999.0 -9999.0 -9999.0 -9999.0 -9999.0 -9999.0 -9999.0 -9999.0 -9999.0 -9999.0 -9999.0 -9999.0 -9999.0 -9999.0 -9999.0 -9999.0 -9999.0 -9999.0 -9999.0 -9999.0 -9999.0 -9999.0 -9999.0 -9999.0 -9999.0 -9999.0 -9999.0 -9999.0 -9999.0 -9999.0 -9999.0 -9999.0 -9999.0 -9999.0 -9999.0 -9999.0 -9999.0 -9999.0 -9999.0 -9999.0 -9999.0 -9999.0 -9999.0 -9999.0 -9999.0 -9999.0 -9999.0 -9999.0 -9999.0 -9999.0 -9999.0 -9999.0 -9999.0 -9999.0 -9999.0 -9999.0 -9999.0 -9999.0 -9999.0 -9999.0 -9999.0 -9999.0 -9999.0 -9999.0 -9999.0 -9999.0 -9999.0 -9999.0 -9999.0 -9999.0 -9999.0 -9999.0 -9999.0 -9999.0    71.5    97.4    73.6   100.2   124.8   149.4   166.6   137.3   136.7   142.6   149.0   139.7   150.6   140.4   135.8 -9999.0 -9999.0 -9999.0 -9999.0 -9999.0 -9999.0 -9999.0 -9999.0 -9999.0 -9999.0 -9999.0 -9999.0 -9999.0 -9999.0 -9999.0 -9999.0 -9999.0 -9999.0
 -9999.0 -9999.0 -9999.0 -9999.0 -9999.0 -9999.0 -9999.0 -9999.0 -9999.0 -9999.0 -9999.0 -9999.0 -9999.0 -9999.0 -9999.0 -9999.0 -9999.0 -9999.0 -9999.0 -9999.0 -9999.0 -9999.0 -9999.0 -9999.0 -9999.0 -9999.0 -9999.0 -9999.0 -9999.0 -9999.0 -9999.0 -9999.0 -9999.0 -9999.0 -9999.0 -9999.0 -9999.0 -9999.0 -9999.0 -9999.0 -9999.0 -9999.0 -9999.0 -9999.0 -9999.0 -9999.0 -9999.0 -9999.0 -9999.0 -9999.0 -9999.0 -9999.0 -9999.0 -9999.0 -9999.0 -9999.0 -9999.0 -9999.0 -9999.0 -9999.0 -9999.0 -9999.0 -9999.0 -9999.0 -9999.0 -9999.0 -9999.0 -9999.0 -9999.0 -9999.0 -9999.0 -9999.0 -9999.0 -9999.0 -9999.0 -9999.0 -9999.0 -9999.0 -9999.0 -9999.0 -9999.0 -9999.0 -9999.0 -9999.0 -9999.0 -9999.0 -9999.0 -9999.0 -9999.0 -9999.0 -9999.0 -9999.0 -9999.0 -9999.0 -9999.0    76.7    72.8   119.6   140.2   144.3   147.4   194.2   183.7   170.5   164.2   179.1   150.2   153.2   150.1   127.7   129.1 -9999.0 -9999.0 -9999.0 -9999.0 -9999.0 -9999.0 -9999.0 -9999.0 -9999.0 -9999.0 -9999.0 -9999.0 -9999.0 -9999.0 -9999.0 -9999.0 -9999.0
 -9999.0 -9999.0 -9999.0 -9999.0 -9999.0 -9999.0 -9999.0 -9999.0 -9999.0 -9999.0 -9999.0 -9999.0 -9999.0 -9999.0 -9999.0 -9999.0 -9999.0 -9999.0 -9999.0 -9999.0 -9999.0 -9999.0 -9999.0 -9999.0 -9999.0 -9999.0 -9999.0 -9999.0 -9999.0 -9999.0 -9999.0 -9999.0 -9999.0 -9999.0 -9999.0 -9999.0 -9999.0 -9999.0 -9999.0 -9999.0 -9999.0 -9999.0 -9999.0 -9999.0 -9999.0 -9999.0 -9999.0 -9999.0 -9999.0 -9999.0 -9999.0 -9999.0 -9999.0 -9999.0 -9999.0 -9999.0 -9999.0 -9999.0 -9999.0 -9999.0 -9999.0 -9999.0 -9999.0 -9999.0 -9999.0 -9999.0 -9999.0 -9999.0 -9999.0 -9999.0 -9999.0 -9999.0 -9999.0 -9999.0 -9999.0 -9999.0 -9999.0 -9999.0 -9999.0 -9999.0 -9999.0 -9999.0 -9999.0 -9999.0 -9999.0 -9999.0 -9999.0 -9999.0 -9999.0 -9999.0 -9999.0 -9999.0 -9999.0 -9999.0    62.1    68.7    93.1   112.4   138.0   173.4   203.5   166.0   193.0   185.8   170.3   169.2   158.1   156.2   154.0   122.3   120.7 -9999.0 -9999.0 -9999.0 -9999.0 -9999.0 -9999.0 -9999.0 -9999.0 -9999.0 -9999.0 -9999.0 -9999.0 -9999.0 -9999.0 -9999.0 -9999.0 -9999.0
 -9999.0 -9999.0 -9999.0 -9999.0 -9999.0 -9999.0 -9999.0 -9999.0 -9999.0 -9999.0 -9999.0 -9999.0 -9999.0 -9999.0 -9999.0 -9999.0 -9999.0 -9999.0 -9999.0 -9999.0 -9999.0 -9999.0 -9999.0 -9999.0 -9999.0 -9999.0 -9999.0 -9999.0 -9999.0 -9999.0 -9999.0 -9999.0 -9999.0 -9999.0 -9999.0 -9999.0 -9999.0 -9999.0 -9999.0 -9999.0 -9999.0 -9999.0 -9999.0 -9999.0 -9999.0 -9999.0 -9999.0 -9999.0 -9999.0 -9999.0 -9999.0 -9999.0 -9999.0 -9999.0 -9999.0 -9999.0 -9999.0 -9999.0 -9999.0 -9999.0 -9999.0 -9999.0 -9999.0 -9999.0 -9999.0 -9999.0 -9999.0 -9999.0 -9999.0 -9999.0 -9999.0 -9999.0 -9999.0 -9999.0 -9999.0 -9999.0 -9999.0 -9999.0 -9999.0 -9999.0 -9999.0 -9999.0 -9999.0 -9999.0 -9999.0 -9999.0 -9999.0 -9999.0 -9999.0 -9999.0 -9999.0 -9999.0 -9999.0 -9999.0    65.5    86.1   100.9   124.5   157.4   166.0   193.2   204.0   198.9   186.5   165.0   169.2   160.2   151.8   159.6   145.5   102.0    89.2 -9999.0 -9999.0 -9999.0 -9999.0 -9999.0 -9999.0 -9999.0 -9999.0 -9999.0 -9999.0 -9999.0 -9999.0 -9999.0 -9999.0 -9999.0 -9999.0
 -9999.0 -9999.0 -9999.0 -9999.0 -9999.0 -9999.0 -9999.0 -9999.0 -9999.0 -9999.0 -9999.0 -9999.0 -9999.0 -9999.0 -9999.0 -9999.0 -9999.0 -9999.0 -9999.0 -9999.0 -9999.0 -9999.0 -9999.0 -9999.0 -9999.0 -9999.0 -9999.0 -9999.0 -9999.0 -9999.0 -9999.0 -9999.0 -9999.0 -9999.0 -9999.0 -9999.0 -9999.0 -9999.0 -9999.0 -9999.0 -9999.0 -9999.0 -9999.0 -9999.0 -9999.0 -9999.0 -9999.0 -9999.0 -9999.0 -9999.0 -9999.0 -9999.0 -9999.0 -9999.0 -9999.0 -9999.0 -9999.0 -9999.0 -9999.0 -9999.0 -9999.0 -9999.0 -9999.0 -9999.0 -9999.0 -9999.0 -9999.0 -9999.0 -9999.0 -9999.0 -9999.0 -9999.0 -9999.0 -9999.0 -9999.0 -9999.0 -9999.0 -9999.0 -9999.0 -9999.0 -9999.0 -9999.0 -9999.0 -9999.0 -9999.0 -9999.0 -9999.0 -9999.0 -9999.0    58.2 -9999.0 -9999.0    44.3    57.2    58.8    72.2    94.2   120.5   152.1   178.5   151.1   172.7   183.0   159.3   152.7   149.5   143.5   177.3   171.1   166.3   109.3    89.5 -9999.0 -9999.0 -9999.0 -9999.0 -9999.0 -9999.0 -9999.0 -9999.0 -9999.0 -9999.0 -9999.0 -9999.0 -9999.0 -9999.0 -9999.0 -9999.0
 -9999.0 -9999.0 -9999.0 -9999.0 -9999.0 -9999.0 -9999.0 -9999.0 -9999.0 -9999.0 -9999.0 -9999.0 -9999.0 -9999.0 -9999.0 -9999.0 -9999.0 -9999.0 -9999.0 -9999.0 -9999.0 -9999.0 -9999.0 -9999.0 -9999.0 -9999.0 -9999.0 -9999.0 -9999.0 -9999.0 -9999.0 -9999.0 -9999.0 -9999.0 -9999.0 -9999.0 -9999.0 -9999.0 -9999.0 -9999.0 -9999.0 -9999.0 -9999.0 -9999.0 -9999.0 -9999.0 -9999.0 -9999.0 -9999.0 -9999.0 -9999.0 -9999.0 -9999.0 -9999.0 -9999.0 -9999.0 -9999.0 -9999.0 -9999.0 -9999.0 -9999.0 -9999.0 -9999.0 -9999.0 -9999.0 -9999.0 -9999.0 -9999.0 -9999.0 -9999.0 -9999.0 -9999.0 -9999.0 -9999.0 -9999.0 -9999.0 -9999.0 -9999.0 -9999.0 -9999.0 -9999.0 -9999.0 -9999.0 -9999.0 -9999.0 -9999.0 -9999.0 -9999.0    54.5    48.4    49.5    43.7    43.1    60.2    61.9    89.7   102.4   129.8   145.9   157.4   174.5   170.0   150.5   148.0   142.9   140.5   136.6   145.8   161.4   166.9   144.2    94.9    86.7    86.7    90.6   100.7 -9999.0 -9999.0 -9999.0 -9999.0 -9999.0 -9999.0 -9999.0 -9999.0 -9999.0 -9999.0 -9999.0 -9999.0
 -9999.0 -9999.0 -9999.0 -9999.0 -9999.0 -9999.0 -9999.0 -9999.0 -9999.0 -9999.0 -9999.0 -9999.0 -9999.0 -9999.0 -9999.0 -9999.0 -9999.0 -9999.0 -9999.0 -9999.0 -9999.0 -9999.0 -9999.0 -9999.0 -9999.0 -9999.0 -9999.0 -9999.0 -9999.0    39.8    43.5    44.4    42.9 -9999.0 -9999.0 -9999.0 -9999.0 -9999.0 -9999.0 -9999.0 -9999.0 -9999.0 -9999.0 -9999.0 -9999.0 -9999.0 -9999.0 -9999.0 -9999.0 -9999.0 -9999.0 -9999.0 -9999.0 -9999.0 -9999.0 -9999.0 -9999.0 -9999.0 -9999.0 -9999.0 -9999.0 -9999.0 -9999.0 -9999.0 -9999.0 -9999.0 -9999.0 -9999.0 -9999.0 -9999.0 -9999.0 -9999.0 -9999.0 -9999.0 -9999.0 -9999.0 -9999.0 -9999.0 -9999.0 -9999.0 -9999.0 -9999.0 -9999.0 -9999.0 -9999.0 -9999.0 -9999.0    62.9    57.6    53.8    49.4    41.3    47.0    55.0    66.4    77.3   103.8   119.0   161.8   160.3   144.8   130.3   131.1   103.8   118.7   119.6   114.5   131.6   171.8   175.6   153.4   119.8   115.4   103.6   111.9   107.7   126.8   172.9 -9999.0 -9999.0 -9999.0 -9999.0 -9999.0 -9999.0 -9999.0 -9999.0 -9999.0 -9999.0
 -9999.0 -9999.0 -9999.0 -9999.0 -9999.0 -9999.0 -9999.0 -9999.0 -9999.0 -9999.0 -9999.0 -9999.0 -9999.0 -9999.0 -9999.0 -9999.0 -9999.0 -9999.0 -9999.0 -9999.0 -9999.0 -9999.0 -9999.0 -9999.0 -9999.0 -9999.0 -9999.0    26.9    32.5    29.6    43.0    43.3    48.0    36.5 -9999.0 -9999.0 -9999.0 -9999.0 -9999.0 -9999.0 -9999.0 -9999.0 -9999.0 -9999.0 -9999.0 -9999.0 -9999.0 -9999.0 -9999.0 -9999.0 -9999.0 -9999.0 -9999.0 -9999.0 -9999.0 -9999.0 -9999.0 -9999.0 -9999.0 -9999.0 -9999.0 -9999.0 -9999.0 -9999.0 -9999.0 -9999.0 -9999.0 -9999.0 -9999.0 -9999.0 -9999.0 -9999.0 -9999.0 -9999.0 -9999.0 -9999.0 -9999.0 -9999.0 -9999.0 -9999.0 -9999.0 -9999.0 -9999.0 -9999.0 -9999.0 -9999.0 -9999.0    73.6    66.5    50.8    44.2    43.4    47.2    58.4    67.3    83.7    98.5   132.6   142.2   158.7   139.6   122.9   117.5    98.4    87.6    95.3   118.0   151.8   150.6   153.5   166.5   162.3   167.2   146.3   145.8   165.4   169.8   194.5 -9999.0 -9999.0 -9999.0 -9999.0 -9999.0   137.1   140.6   148.4   148.3 -9999.0
 -9999.0 -9999.0 -9999.0 -9999.0 -9999.0 -9999.0 -9999.0 -9999.0 -9999.0 -9999.0 -9999.0 -9999.0 -9999.0 -9999.0 -9999.0 -9999.0 -9999.0 -9999.0 -9999.0 -9999.0 -9999.0 -9999.0 -9999.0 -9999.0 -9999.0 -9999.0    18.3    13.5    16.1    18.5    23.0    27.4    56.6    46.3    50.9    51.0    54.1 -9999.0 -9999.0 -9999.0 -9999.0 -9999.0 -9999.0 -9999.0 -9999.0 -9999.0 -9999.0 -9999.0 -9999.0 -9999.0 -9999.0 -9999.0 -9999.0 -9999.0 -9999.0 -9999.0 -9999.0 -9999.0 -9999.0 -9999.0 -9999.0 -9999.0 -9999.0 -9999.0 -9999.0 -9999.0 -9999.0 -9999.0 -9999.0 -9999.0 -9999.0 -9999.0 -9999.0 -9999.0 -9999.0 -9999.0 -9999.0 -9999.0 -9999.0 -9999.0 -9999.0 -9999.0 -9999.0 -9999.0 -9999.0 -9999.0    72.4    66.6    57.0    48.1    47.2    45.2    48.9    57.1    65.4    87.3   102.7   133.0   150.5   128.3   124.2   109.7    95.6    86.7    74.9    88.6   126.3   156.0   155.4   163.1   178.0   177.0   173.6   148.3   181.4   180.6   152.6   170.6   219.0 -9999.0 -9999.0   101.8    94.4    97.8   102.0   135.6   111.3 -9999.0
 -9999.0 -9999.0 -9999.0 -9999.0 -9999.0 -9999.0 -9999.0 -9999.0 -9999.0 -9999.0 -9999.0 -9999.0 -9999.0 -9999.0 -9999.0 -9999.0 -9999.0 -9999.0 -9999.0 -9999.0 -9999.0 -9999.0 -9999.0 -9999.0 -9999.0 -9999.0    12.3    12.4    11.5    10.2     9.6    13.9    13.6    33.3    39.4    56.8    82.8    55.1 -9999.0 -9999.0 -9999.0 -9999.0 -9999.0 -9999.0 -9999.0 -9999.0 -9999.0 -9999.0 -9999.0 -9999.0 -9999.0 -9999.0 -9999.0 -9999.0 -9999.0 -9999.0 -9999.0 -9999.0 -9999.0 -9999.0 -9999.0 -9999.0 -9999.0 -9999.0 -9999.0 -9999.0 -9999.0 -9999.0 -9999.0 -9999.0 -9999.0 -9999.0 -9999.0 -9999.0 -9999.0 -9999.0 -9999.0 -9999.0 -9999.0 -9999.0 -9999.0 -9999.0 -9999.0 -9999.0 -9999.0 -9999.0    64.1    54.5    50.8    48.1    44.9    44.4    51.7    57.1    71.1    84.9   118.7   121.5   114.2   122.1   116.4   102.1    90.6    72.2    71.3    84.6   115.9   148.1   164.1   160.2   160.8   172.5   176.8   124.3   122.2   217.9   145.6   146.0   124.8   105.7    85.6    74.1    68.8    66.4    66.9    66.7    69.4 -9999.0
 -9999.0 -9999.0 -9999.0 -9999.0 -9999.0 -9999.0 -9999.0 -9999.0 -9999.0 -9999.0 -9999.0 -9999.0 -9999.0 -9999.0 -9999.0 -9999.0 -9999.0 -9999.0 -9999.0 -9999.0 -9999.0    50.4    43.5    32.5    22.8    19.4    20.5    23.6    20.7    15.0     9.6    10.7    11.0    15.2    27.5    35.5    71.5    70.3    77.8 -9999.0 -9999.0 -9999.0 -9999.0 -9999.0 -9999.0 -9999.0 -9999.0 -9999.0 -9999.0 -9999.0 -9999.0 -9999.0 -9999.0 -9999.0 -9999.0 -9999.0 -9999.0 -9999.0 -9999.0 -9999.0 -9999.0 -9999.0 -9999.0 -9999.0 -9999.0 -9999.0 -9999.0 -9999.0 -9999.0 -9999.0 -9999.0 -9999.0 -9999.0 -9999.0 -9999.0 -9999.0 -9999.0 -9999.0 -9999.0 -9999.0 -9999.0 -9999.0 -9999.0 -9999.0 -9999.0 -9999.0 -9999.0    55.7 -9999.0 -9999.0    41.5 -9999.0 -9999.0    62.1    69.4    87.3   118.2   106.6    98.1   127.5   105.4   104.5    83.0    66.2    62.9    76.5    98.1   137.1   143.9   154.2   140.5   120.8   116.7   121.0   109.9   130.1   105.9   110.2   106.1    88.0    82.7    56.3    46.8    41.7    42.7    56.6 -9999.0 -9999.0
 -9999.0 -9999.0 -9999.0 -9999.0 -9999.0 -9999.0 -9999.0 -9999.0 -9999.0 -9999.0 -9999.0 -9999.0 -9999.0 -9999.0 -9999.0 -9999.0 -9999.0 -9999.0 -9999.0 -9999.0 -9999.0    34.2    29.8    24.4    19.4    26.8    18.1    17.0    19.4    17.6    12.6    15.1    20.8    19.6    22.8    28.7    42.5    86.0    58.9 -9999.0 -9999.0 -9999.0 -9999.0 -9999.0 -9999.0 -9999.0 -9999.0 -9999.0 -9999.0 -9999.0 -9999.0 -9999.0 -9999.0 -9999.0 -9999.0 -9999.0 -9999.0 -9999.0 -9999.0 -9999.0 -9999.0 -9999.0 -9999.0 -9999.0 -9999.0 -9999.0 -9999.0 -9999.0 -9999.0 -9999.0 -9999.0 -9999.0 -9999.0 -9999.0 -9999.0 -9999.0 -9999.0 -9999.0 -9999.0 -9999.0 -9999.0 -9999.0 -9999.0 -9999.0 -9999.0 -9999.0 -9999.0 -9999.0 -9999.0    37.1    39.7    46.1    59.6    61.4    71.2    89.7    78.7    81.6    80.0    81.5    82.2    80.9    68.3    56.9    52.6    57.7    73.6    98.7   113.2   123.5   112.0    93.2    89.0    96.6   108.6    63.8    69.4    83.7    86.2    74.5    58.8    44.7    40.3    48.4    21.9 -9999.0 -9999.0 -9999.0
 -9999.0 -9999.0 -9999.0 -9999.0 -9999.0 -9999.0 -9999.0 -9999.0 -9999.0 -9999.0 -9999.0 -9999.0 -9999.0 -9999.0 -9999.0 -9999.0 -9999.0 -9999.0 -9999.0 -9999.0    34.0    35.0    26.4    22.4    18.7    12.9     9.5    10.9    10.1    12.3    18.1    19.1    28.2    34.3    34.7    34.1    57.1    50.7    49.3 -9999.0 -9999.0 -9999.0 -9999.0 -9999.0 -9999.0 -9999.0 -9999.0 -9999.0 -9999.0 -9999.0 -9999.0 -9999.0 -9999.0 -9999.0 -9999.0 -9999.0 -9999.0 -9999.0 -9999.0 -9999.0 -9999.0 -9999.0 -9999.0 -9999.0 -9999.0 -9999.0 -9999.0 -9999.0 -9999.0 -9999.0 -9999.0 -9999.0 -9999.0 -9999.0 -9999.0 -9999.0 -9999.0 -9999.0 -9999.0 -9999.0 -9999.0 -9999.0 -9999.0 -9999.0 -9999.0 -9999.0 -9999.0 -9999.0    33.7    33.2    36.2    40.8    54.1    61.8    68.4    75.9    66.5    76.6    62.7    56.3    61.2    54.8    47.9    41.9    39.6    43.2    54.1    69.4    83.3    88.6    79.8    63.3    62.9    46.8    39.4    46.7    47.5    62.2    89.0    82.2    52.3    40.0    26.0    17.6    13.5 -9999.0 -9999.0 -9999.0
 -9999.0 -9999.0 -9999.0 -9999.0 -9999.0 -9999.0 -9999.0 -9999.0 -9999.0 -9999.0 -9999.0 -9999.0 -9999.0 -9999.0 -9999.0 -9999.0 -9999.0 -9999.0    47.4    40.0    33.9    62.8    39.7    33.8    22.7    16.4     7.8     7.2     8.2    13.4    18.7    29.1    42.4    48.7    52.5    58.5    60.5    48.8    40.6 -9999.0 -9999.0 -9999.0 -9999.0 -9999.0 -9999.0 -9999.0 -9999.0 -9999.0 -9999.0 -9999.0 -9999.0 -9999.0 -9999.0 -9999.0 -9999.0 -9999.0 -9999.0 -9999.0 -9999.0 -9999.0 -9999.0 -9999.0 -9999.0 -9999.0 -9999.0 -9999.0 -9999.0 -9999.0 -9999.0 -9999.0 -9999.0 -9999.0 -9999.0 -9999.0 -9999.0 -9999.0 -9999.0 -9999.0 -9999.0 -9999.0 -9999.0 -9999.0 -9999.0 -9999.0    65.6    55.9    47.2    30.2    22.4    29.8    32.2    39.4    44.4    55.8    62.5    72.1    53.4    48.3    34.1    30.9    33.4    32.5    29.6    28.4    29.8    34.4    42.3    51.4    56.3    65.6    66.8    61.5    55.5    35.9    45.5    48.0    90.6    47.5    59.2    53.4    49.2    29.2    17.4    10.9 -9999.0 -9999.0 -9999.0 -9999.0
 -9999.0 -9999.0 -9999.0 -9999.0 -9999.0 -9999.0 -9999.0 -9999.0 -9999.0 -9999.0 -9999.0 -9999.0 -9999.0 -9999.0 -9999.0    33.9    59.4    88.2    91.6    54.4    56.3    30.6    42.5    22.6    14.3     9.7     9.0     9.7    11.0    16.1    24.3    35.4    51.8    61.3    83.4    86.0    71.6   121.8    74.5    51.4    53.4    52.9    50.8    52.1 -9999.0 -9999.0 -9999.0 -9999.0 -9999.0 -9999.0 -9999.0 -9999.0 -9999.0 -9999.0 -9999.0 -9999.0 -9999.0 -9999.0 -9999.0 -9999.0 -9999.0 -9999.0 -9999.0 -9999.0 -9999.0 -9999.0 -9999.0 -9999.0 -9999.0 -9999.0 -9999.0 -9999.0 -9999.0 -9999.0 -9999.0 -9999.0 -9999.0 -9999.0 -9999.0    61.3    61.1    59.9    58.2    59.1    59.1    48.9    35.8    22.4    15.9    19.3    21.4    30.6    39.4    53.1    60.2    74.6    50.7    35.9    20.9    17.2    18.6    19.8    20.3    20.5    22.4    28.1    32.9    37.9    45.7    55.7    73.5    67.8    52.8    46.1   109.3    51.0    45.9    44.5    42.3    40.1    29.4    19.8    11.1     8.8 -9999.0 -9999.0 -9999.0 -9999.0
 -9999.0 -9999.0 -9999.0 -9999.0 -9999.0 -9999.0 -9999.0 -9999.0 -9999.0 -9999.0 -9999.0 -9999.0 -9999.0 -9999.0 -9999.0    97.7    87.0   100.8    70.8    46.6    20.3    16.3    14.0    13.9    11.9    11.3    11.1    11.9    14.3    18.2    25.0    34.9    52.3    53.9    56.5    56.0    42.5    51.9    35.0    35.1    31.3    22.8    26.5    32.0    33.6    40.1    58.4 -9999.0 -9999.0 -9999.0 -9999.0 -9999.0 -9999.0 -9999.0 -9999.0 -9999.0 -9999.0 -9999.0 -9999.0 -9999.0 -9999.0 -9999.0 -9999.0 -9999.0 -9999.0 -9999.0 -9999.0 -9999.0 -9999.0 -9999.0 -9999.0 -9999.0 -9999.0 -9999.0 -9999.0 -9999.0 -9999.0 -9999.0    52.5    48.1    45.2    46.7    47.4    44.4    40.7    31.0    20.4    14.9    12.9    14.7    21.7    29.1    41.7    46.7    70.6    46.9    42.0    21.2    16.6    15.2    17.0    17.6    17.6    17.9    21.5    30.2    33.1    33.8    44.9    54.1    64.3    68.4   104.4    96.2    82.6    48.9    66.5    61.6    48.0    35.2    19.1    12.1     9.5 -9999.0 -9999.0 -9999.0 -9999.0 -9999.0
 -9999.0 -9999.0 -9999.0 -9999.0 -9999.0 -9999.0 -9999.0 -9999.0 -9999.0 -9999.0 -9999.0 -9999.0 -9999.0 -9999.0 -9999.0 -9999.0    13.2    14.3    31.1    63.5    78.6    44.5    72.7    45.7    28.0    27.0    24.8    20.2    21.4    23.5    28.9    35.4    49.4    57.7    61.8    61.8    55.6    49.9    44.7    48.6    52.8    39.1    34.4    27.0    26.1    26.7    28.3    30.0 -9999.0 -9999.0 -9999.0 -9999.0 -9999.0 -9999.0 -9999.0 -9999.0 -9999.0 -9999.0 -9999.0 -9999.0 -9999.0 -9999.0 -9999.0 -9999.0 -9999.0 -9999.0 -9999.0 -9999.0 -9999.0 -9999.0 -9999.0 -9999.0 -9999.0 -9999.0 -9999.0 -9999.0 -9999.0 -9999.0    43.0    34.0    31.1    31.0    26.6    24.0    23.2    18.8    18.5    12.6    12.9    18.9    19.5    27.2    44.0    43.6    30.4    28.4    22.1    18.5    16.8    19.3    21.5    21.3    20.5    21.3    24.6    25.8    28.9    32.1    46.3    61.9    74.7   111.9   127.9    75.9    57.4    66.6    53.8    39.3    40.3    19.6 -9999.0 -9999.0 -9999.0 -9999.0 -9999.0 -9999.0 -9999.0 -9999.0
 -9999.0 -9999.0 -9999.0 -9999.0 -9999.0 -9999.0 -9999.0 -9999.0 -9999.0 -9999.0 -9999.0 -9999.0 -9999.0 -9999.0 -9999.0 -9999.0     8.7    11.7    16.0    19.5    45.8    42.8    47.4    58.1    71.9    75.3    76.1    58.3    93.6    82.3    56.4    86.8   169.4   181.5   117.3    89.8    96.0    68.1    56.2    60.2    62.5    44.3    49.1    73.4    27.5    19.5    18.0    20.1 -9999.0 -9999.0 -9999.0 -9999.0 -9999.0 -9999.0 -9999.0 -9999.0 -9999.0 -9999.0 -9999.0 -9999.0 -9999.0 -9999.0 -9999.0 -9999.0 -9999.0 -9999.0 -9999.0 -9999.0 -9999.0 -9999.0 -9999.0 -9999.0 -9999.0 -9999.0 -9999.0 -9999.0 -9999.0    35.5    30.6    24.0    20.0    16.8    16.1    17.9    15.2    15.1    14.2    13.2    13.4    17.6    26.0    24.9    21.4    26.6    29.3    20.9    18.9    18.4    20.4    25.3    29.1    29.1    28.1    27.1    24.1    27.4    31.4    33.8    45.6    64.6    77.8    73.0    68.7    60.6    73.0    53.5    38.7    24.5    26.1 -9999.0 -9999.0 -9999.0 -9999.0 -9999.0 -9999.0 -9999.0 -9999.0 -9999.0
 -9999.0 -9999.0 -9999.0 -9999.0 -9999.0 -9999.0 -9999.0 -9999.0 -9999.0 -9999.0 -9999.0 -9999.0 -9999.0 -9999.0 -9999.0 -9999.0    90.6    98.2    99.8    47.9    34.4    43.4    75.2    65.7    68.1    73.9    90.6    97.0   103.3   110.1   119.6   115.6    90.3    80.3   113.1   117.5    77.3    34.9    29.2    16.6    23.3    29.3    34.2    55.9    47.3    26.1    17.4    14.7    19.5    22.6    23.4 -9999.0 -9999.0 -9999.0 -9999.0 -9999.0 -9999.0 -9999.0 -9999.0 -9999.0 -9999.0 -9999.0 -9999.0 -9999.0 -9999.0 -9999.0 -9999.0 -9999.0 -9999.0 -9999.0 -9999.0 -9999.0 -9999.0 -9999.0 -9999.0 -9999.0    37.3    31.6    27.9    19.5    15.8    13.8    11.9    12.8    14.5    16.0    17.9    19.4    20.8    22.2    24.8    20.3    20.4    20.5    21.3    20.3    17.3    17.2    22.2    28.5    33.7    35.0    33.1    28.7    26.9    36.6    41.0    47.4    63.0    73.5    74.3    99.5    74.0    63.2    56.9    31.9    46.4    26.1     9.1     1.8 -9999.0 -9999.0 -9999.0 -9999.0 -9999.0 -9999.0 -9999.0 -9999.0
 -9999.0 -9999.0 -9999.0 -9999.0 -9999.0 -9999.0 -9999.0 -9999.0 -9999.0 -9999.0 -9999.0 -9999.0 -9999.0 -9999.0 -9999.0    72.9    55.7    60.6   102.8   108.5   104.5   100.9    92.1    80.1    80.8    91.9    97.4   101.9   105.7   117.1   126.7    74.0     8.7     3.0     2.4     4.1    15.1     8.3     4.1     4.8     2.8     5.6    11.1    12.9    16.4    20.6    18.3    16.2    17.1    17.7    20.1    23.6    29.1    37.5    40.2    44.5    46.6    48.8    50.2    51.3    51.1 -9999.0 -9999.0 -9999.0 -9999.0 -9999.0 -9999.0 -9999.0 -9999.0    35.2    34.9    35.6    37.4    37.3    37.6    33.3    34.1    25.5    20.6    19.0    14.8    12.2    11.5    13.8    17.4    21.8    24.5    24.9    26.1    27.0    27.7    24.2    25.1    23.0    25.4    24.4    20.0    20.1    26.1    30.1    32.4    32.4    30.7    31.7    36.0    39.5    52.5    56.1    56.3    77.2    78.7    74.8    64.6    64.0    32.1    16.9     6.5     2.8 -9999.0 -9999.0 -9999.0 -9999.0 -9999.0 -9999.0 -9999.0 -9999.0 -9999.0 -9999.0
 -9999.0 -9999.0 -9999.0 -9999.0 -9999.0 -9999.0 -9999.0 -9999.0 -9999.0 -9999.0 -9999.0 -9999.0 -9999.0 -9999.0    88.5   108.4   112.6   101.4   109.0   108.0    89.5    57.4    67.2    88.9    88.8    97.9   102.7    68.7    48.4    41.1    40.5    59.0    19.9    41.2    24.1    13.3    14.6    14.0    13.6     8.8     5.6     5.4     6.0     6.8     8.7    11.2    13.1    18.9    20.1    21.5    23.9    26.8    32.5    36.0    38.5    43.2    43.9    44.3    43.2    43.4    43.6    42.9    41.7    40.6    39.4    37.8    31.9    28.7    25.6    26.5    30.2    34.4    33.6    33.6    33.4    30.8    29.6    26.9    22.5    20.4    16.2    13.5    15.4    17.9    23.3    27.5    29.7    28.1    28.0    26.7    29.6    31.4    19.0    23.2    27.2    32.5    33.5    28.0    26.2    30.8    25.2    25.8    32.6    36.6    47.5    61.7    73.5    73.5    72.8    92.5    73.9    80.8    78.0    47.8    34.3    14.9     3.4 -9999.0 -9999.0 -9999.0 -9999.0 -9999.0 -9999.0 -9999.0 -9999.0 -9999.0 -9999.0 -9999.0
 -9999.0 -9999.0 -9999.0 -9999.0 -9999.0 -9999.0 -9999.0 -9999.0 -9999.0 -9999.0 -9999.0 -9999.0    77.2    83.2    92.3    70.5    96.5    58.5    33.9    23.8    28.0    37.3    41.0    47.6    53.6    51.3    45.5    38.4    38.8    33.4    28.0    27.1    40.2    23.8     9.4    12.9    17.4    15.4     9.1     8.9     7.3     7.8     8.6     9.3    10.9    16.5    21.1    24.4    30.0    26.7    28.6    31.3    36.9    40.9    41.8    43.2    43.5    42.1    39.4    36.8    35.6    35.4    33.9    32.3    29.1    26.5    23.9    21.4    22.5    25.3    30.9    35.7    32.0    35.4    39.0    38.3    36.3    34.3    30.1    23.3    21.0    16.9    19.6    21.6    26.2    30.0    30.2    27.4    26.4    22.3    21.1    20.4    32.9    38.3    37.8    45.1    38.5    28.9    32.5    37.3    25.0    29.4    39.7    54.1    79.3    78.4    82.2    83.0    88.1    73.1    79.8    81.3    58.8    41.9    44.1 -9999.0 -9999.0 -9999.0 -9999.0 -9999.0 -9999.0 -9999.0 -9999.0 -9999.0 -9999.0 -9999.0 -9999.0 -9999.0
 -9999.0 -9999.0 -9999.0 -9999.0 -9999.0 -9999.0 -9999.0 -9999.0 -9999.0    50.5    61.8    61.3    63.5    44.7    22.0    19.2    16.7    15.8    13.1    13.7    18.7    27.9    36.8    44.1    47.4    45.5    39.7    31.7    24.9    19.6    20.4    45.0    33.0    15.6    15.9    23.7    12.5     5.5     3.0     2.5     4.4     6.1     5.1     7.1    10.6    17.7    24.7    30.0    34.0    41.6    37.0    37.4    39.9    44.9    50.9    46.3    42.8    39.1    34.9    32.4    30.4    29.6    28.6    26.5    22.9    21.5    19.1    17.1    20.4    27.8    23.1    22.7    21.7    21.9    28.8    33.1    37.0    42.1    34.8    33.0    29.9    25.3    20.9    23.4    27.2    30.3    29.2    26.7    23.7    27.4    26.2    26.1    32.4    42.1    50.9    51.7    42.6    35.1    27.3    31.0    37.7    46.8    58.8    81.1   101.7   111.1   100.5    80.1    68.2    83.9    76.3    59.6    39.2 -9999.0 -9999.0 -9999.0 -9999.0 -9999.0 -9999.0 -9999.0 -9999.0 -9999.0 -9999.0 -9999.0 -9999.0 -9999.0 -9999.0 -9999.0
 -9999.0 -9999.0 -9999.0 -9999.0 -9999.0    32.4    40.5    40.8    42.0    44.2    35.7    40.0    41.6    27.3    21.9    15.9    10.0    10.1    10.1    12.4    17.0    24.3    32.1    37.3    39.3    37.5    31.9    25.4    20.1    16.0    12.8    10.6     8.1     6.6     6.6     4.9     2.7     2.0     1.4     2.2     3.4     2.6     4.3     9.4    11.0    14.5    16.0    22.7    30.6    37.6    46.2    46.6    51.2    53.6    54.1    47.6    41.3    35.3    29.9    27.4    26.1    26.2    24.8    23.0    22.1    19.1    15.4    15.7    18.9    16.7    19.4    20.3    19.5    21.5    35.0    27.5    27.5    33.5    20.7    19.9    25.3    23.2    22.0    23.5    26.4    40.7    35.0    37.4    33.7    43.9    57.0    43.5    52.6    61.5    67.7    61.7    47.8    31.1 -9999.0 -9999.0    62.1    80.0   116.6   110.1    82.5    70.9    61.0    67.8    67.9 -9999.0 -9999.0 -9999.0 -9999.0 -9999.0 -9999.0 -9999.0 -9999.0 -9999.0 -9999.0 -9999.0 -9999.0 -9999.0 -9999.0 -9999.0 -9999.0 -9999.0 -9999.0 -9999.0
 -9999.0 -9999.0 -9999.0    20.2    21.7    28.1    30.3    31.7    32.3    18.3    12.2    11.7    17.9     8.5     4.9     6.0     6.9     7.7     9.1    11.8    16.1    21.4    27.2    31.5    33.2    29.4    24.5    18.8    18.8    14.2    11.9    10.3     8.1     6.2     4.4     3.0     2.0     1.4     1.0     0.9     1.1     1.2     1.7     3.8     7.7    11.2    16.2    29.2    36.0    49.9    48.9    45.7    47.8    49.3    48.7    45.4    41.1    33.6    26.5    22.4    20.5    19.7    19.8    20.0    17.9    15.1    16.4    11.9    12.6    15.3    19.2    19.6    21.3    22.9    22.6    22.2    21.4    19.6    20.3    23.1    24.2    31.1    19.2    20.6    26.6    35.9    41.7    46.1    72.8    94.3    85.5    87.3    90.4    84.2    79.3    65.3    42.9 -9999.0 -9999.0 -9999.0    86.8   122.0    98.5    86.3    67.6    60.8    50.5 -9999.0 -9999.0 -9999.0 -9999.0 -9999.0 -9999.0 -9999.0 -9999.0 -9999.0 -9999.0 -9999.0 -9999.0 -9999.0 -9999.0 -9999.0 -9999.0 -9999.0 -9999.0 -9999.0 -9999.0 -9999.0
 -9999.0 -9999.0    11.0    14.0    17.0    18.3    19.2    17.6    11.9     9.9     8.0     6.3     4.7     3.8     4.0     4.7     6.0     7.0     8.9    11.6    15.1    19.4    23.7    26.9    27.2    23.7    21.3    18.7    14.6    14.1    11.3    10.6     8.5     6.5     4.5     2.7     1.7     1.5     1.7     1.7     1.8     3.6     7.1    12.8    19.4    36.4    83.1    94.6    91.8    84.4    89.5    75.0    59.5    51.3    49.2    49.9    37.9    30.5    22.0    17.6    14.6    16.4    14.1    14.2    13.4    12.8    12.0    11.4    14.3    16.7    21.8    21.9    22.3    25.1    28.3    28.2    28.9    21.3    23.8    25.7    26.5    25.7    16.2    20.1    24.1    32.7    42.6    52.5    63.1    75.2    87.8    98.5   100.2    91.7    74.1 -9999.0 -9999.0 -9999.0 -9999.0    71.1    92.0    96.0    90.4    75.9 -9999.0 -9999.0 -9999.0 -9999.0 -9999.0 -9999.0 -9999.0 -9999.0 -9999.0 -9999.0 -9999.0 -9999.0 -9999.0 -9999.0 -9999.0 -9999.0 -9999.0 -9999.0 -9999.0 -9999.0 -9999.0 -9999.0 -9999.0 -9999.0
 -9999.0 -9999.0     5.6     7.6     8.5    13.6    13.9    12.7    11.9    10.7     9.7     7.9     6.0     4.9     4.8     5.5     6.3     7.4     9.3    11.6    14.4    18.0    21.6    22.2    21.6    19.1    16.6    14.6    13.4    13.2    12.3    10.1     8.8     8.1     6.2     8.6    11.6    13.0     9.6     8.2     5.4    15.5    43.0    96.2    58.7    93.6   128.6   107.6   135.3   123.8   116.4   127.2   111.9    92.9    59.6    48.2    35.4    35.6    21.1    17.8    15.0    11.9    11.8    11.0    11.0    11.6    12.8    16.7    22.6    22.4    24.0    23.6    24.1    24.4    25.4    25.1    18.9    21.1    18.0    23.3    20.4    15.5    22.0    26.2    28.0    37.4    43.7    42.2    43.9    48.8    59.4    73.7    76.3    69.0 -9999.0 -9999.0 -9999.0 -9999.0 -9999.0    65.9 -9999.0 -9999.0 -9999.0 -9999.0 -9999.0 -9999.0 -9999.0 -9999.0 -9999.0 -9999.0 -9999.0 -9999.0 -9999.0 -9999.0 -9999.0 -9999.0 -9999.0 -9999.0 -9999.0 -9999.0 -9999.0 -9999.0 -9999.0 -9999.0 -9999.0 -9999.0 -9999.0 -9999.0
 -9999.0 -9999.0     2.8     3.4     5.2     7.9    10.8    13.5    12.7    11.7    11.2    10.0     8.3     7.1     7.1     7.2     8.2     8.6     9.8    11.8    14.2    17.2    19.5    19.7    18.6    16.3    14.1    12.6    11.4    10.8    11.2    12.0    34.9    43.3    38.9    38.5    24.9    21.5    22.9    19.0     9.7    13.3    15.9    35.9    45.1    68.6    93.8   115.1   116.3   118.9   147.9   119.6   113.5   121.1    99.2    81.5    49.2    33.1    30.0    23.6    11.2    10.1     9.6     9.4    10.1    12.1    15.8    25.2    28.2    30.2    29.2    26.1    24.3    24.6    24.8    26.5    24.3    21.1    34.5    39.3    35.8    12.9    22.6    38.4    19.3    24.9    29.5    31.2    31.9    33.5    38.7 -9999.0 -9999.0 -9999.0 -9999.0 -9999.0 -9999.0 -9999.0 -9999.0 -9999.0 -9999.0 -9999.0 -9999.0 -9999.0 -9999.0 -9999.0 -9999.0 -9999.0 -9999.0 -9999.0 -9999.0 -9999.0 -9999.0 -9999.0 -9999.0 -9999.0 -9999.0 -9999.0 -9999.0 -9999.0 -9999.0 -9999.0 -9999.0 -9999.0 -9999.0 -9999.0 -9999.0 -9999.0
 -9999.0 -9999.0 -9999.0     1.4     2.8     3.8     5.8     8.6    12.0    13.5    11.8    11.2    10.3     9.8     9.4     9.7     9.8    10.1    11.1    12.7    14.2    16.6    18.0    17.5    15.8    13.6    11.5    10.4    10.6    14.6    26.5    47.3    41.4    56.5    57.3    39.4    22.7    16.6    17.0    10.6     9.7    11.1    16.3    23.0    34.7    65.8   105.1   121.2   141.0   134.8   126.3   122.2   122.1   134.4   109.8   103.5    84.3    69.9    52.3    26.0    14.7    10.7    10.3     9.9    10.4    12.3    17.9    28.0    32.1    34.9    32.2    27.3    25.2    24.5    26.7    26.7    28.9    25.3    44.7    26.9    32.5    23.4    39.3    22.9    17.8    24.5    29.8    31.3    31.6    32.7    35.4    38.5 -9999.0 -9999.0 -9999.0 -9999.0 -9999.0 -9999.0 -9999.0 -9999.0 -9999.0 -9999.0 -9999.0 -9999.0 -9999.0 -9999.0 -9999.0 -9999.0 -9999.0 -9999.0 -9999.0 -9999.0 -9999.0 -9999.0 -9999.0 -9999.0 -9999.0 -9999.0 -9999.0 -9999.0 -9999.0 -9999.0 -9999.0 -9999.0 -9999.0 -9999.0 -9999.0 -9999.0
 -9999.0 -9999.0 -9999.0 -9999.0 -9999.0     2.1     4.0     6.1     8.1    12.2    12.2    12.3    11.8    12.0    12.4    12.7    12.2    11.8    12.6    13.8    16.8    17.3    16.9    16.4    14.7    13.3    13.9    15.7    34.1    42.4    40.6    48.2    48.7    44.1    55.5    37.3    36.6    32.5    20.8    14.0    12.8    13.5    15.4    21.6    30.3    43.9    61.7   107.1   103.4   130.8   111.8   141.7   127.4   115.2   117.0   109.6   100.7    87.8    68.8    54.8    38.8    15.2    14.3    12.9    13.9    15.1    20.4    26.4    31.2    32.9    30.4    27.0    25.8    28.2    35.9    40.4    39.5    24.5    35.9    43.5    38.3    24.9    44.8    48.7    39.8    39.7    43.8    44.0    44.5    47.6    52.6    53.7    48.1    39.4 -9999.0 -9999.0 -9999.0    39.2 -9999.0 -9999.0 -9999.0 -9999.0 -9999.0 -9999.0 -9999.0 -9999.0 -9999.0 -9999.0 -9999.0 -9999.0 -9999.0 -9999.0 -9999.0 -9999.0 -9999.0 -9999.0 -9999.0 -9999.0 -9999.0 -9999.0 -9999.0 -9999.0 -9999.0 -9999.0 -9999.0 -9999.0 -9999.0 -9999.0
 -9999.0 -9999.0 -9999.0 -9999.0     0.7     1.0     1.4     3.2     5.7     9.9    13.2    15.9    17.0    15.1    14.9    15.3    14.2    13.4    13.8    15.5    16.3    16.6    16.9    19.3    21.5    26.0    29.8    57.0    46.0    47.3    48.2    45.0    42.9    45.2    36.9    35.7    32.6    51.8    48.3    34.8    20.5    16.6    19.5    20.8    23.4    26.3    32.7    47.0    58.1    47.9    53.9    89.9   113.5   130.4    95.1    92.1    81.0    81.7    68.0    65.1    53.9    40.5    32.9    21.5    16.8    24.6    31.2    26.8    35.6    31.8    28.4    29.0    32.4    39.3    49.5    56.8    53.9    44.2    68.0    23.5    23.1    41.6    55.1    74.6    80.8    67.0    64.1    62.8    64.6    72.4    82.0    82.6    67.7    49.9 -9999.0 -9999.0    41.6    50.5    55.8    84.5    62.5 -9999.0 -9999.0 -9999.0 -9999.0 -9999.0 -9999.0 -9999.0 -9999.0 -9999.0 -9999.0 -9999.0 -9999.0 -9999.0 -9999.0 -9999.0 -9999.0 -9999.0 -9999.0 -9999.0 -9999.0 -9999.0 -9999.0 -9999.0 -9999.0 -9999.0 -9999.0 -9999.0
 -9999.0 -9999.0 -9999.0 -9999.0     0.3     0.6     0.9     2.0     2.8     5.4    11.0    14.2    20.2    25.6    24.5    26.5    27.8    20.9    17.1    17.5    22.6    25.2    28.5    42.1    54.2    56.0    50.5    49.1    46.5    44.8    43.0    44.5    40.7    39.9    41.0    38.0    45.0    52.7    43.6    33.5    51.3    27.0    27.0    21.6    20.9    20.1    20.1    21.2    23.6    31.0    38.2    52.5   112.1    95.2    85.3    86.2    76.6    68.6    61.9    38.8    50.2    34.0    29.9    30.6    26.9    25.4    40.5    35.9    33.8    36.0    28.7    30.8    37.0    47.8    56.9    64.0    56.3    71.5    69.6    40.4    42.6    42.1    61.5    93.9   110.8    89.0    75.8    73.3    78.0    89.6   100.9   113.7    83.0    56.9    41.1    38.5    46.3    57.1    66.3 -9999.0 -9999.0 -9999.0 -9999.0 -9999.0 -9999.0 -9999.0 -9999.0 -9999.0 -9999.0 -9999.0 -9999.0 -9999.0 -9999.0 -9999.0 -9999.0 -9999.0 -9999.0 -9999.0 -9999.0 -9999.0 -9999.0 -9999.0 -9999.0 -9999.0 -9999.0 -9999.0 -9999.0 -9999.0
 -9999.0 -9999.0 -9999.0 -9999.0 -9999.0 -9999.0 -9999.0     1.3     2.2     4.8     6.6    10.7    17.9    23.2    29.1    27.3    36.7    32.1    30.8    39.2    49.9    54.5    55.2    54.2    52.3    50.2    49.4    47.7    45.7    45.6    43.5    41.8    40.2    41.0    43.8    41.4    49.7    50.1    62.9    70.9    50.1    90.6    91.0    72.2    47.8    24.6    35.1    30.5    42.1    29.9    30.8    44.8    77.6   145.3   128.8    78.7    61.0    48.8    59.1    43.7    53.6    38.9    33.7    35.6    44.0    39.3    49.0    51.5    40.5    35.9    30.0    33.2    46.2    60.2    66.4    71.1    56.0    66.6    70.9    39.5    45.9    49.5    68.3   110.2   122.2    95.1    74.3    68.2    69.5    81.0    94.1   101.5    94.9    67.0    43.9    45.3    53.6 -9999.0 -9999.0 -9999.0 -9999.0 -9999.0 -9999.0 -9999.0 -9999.0 -9999.0 -9999.0 -9999.0 -9999.0 -9999.0 -9999.0 -9999.0 -9999.0 -9999.0 -9999.0 -9999.0 -9999.0 -9999.0 -9999.0 -9999.0 -9999.0 -9999.0 -9999.0 -9999.0 -9999.0 -9999.0 -9999.0 -9999.0
 -9999.0 -9999.0 -9999.0 -9999.0 -9999.0 -9999.0 -9999.0     0.6     1.9     3.1     5.5    10.3    14.7    18.7    26.6    29.4    38.4    43.2    46.8    50.0    51.8    54.3    53.9    53.4    51.6    49.8    47.3    47.2    42.7    39.9    40.9    39.6    38.5    41.6    39.3    42.0    43.4    52.4    58.0    62.5    71.6    78.6    88.7   116.3    80.0    51.4    63.5    67.6   102.9    89.2   136.0   130.8    94.3   113.6   131.0    83.4    64.5    55.3    54.9    54.5    51.4    53.8    49.0    53.8    53.4    55.1    57.4    54.5    57.0    37.1    38.0    45.1    59.4    70.5    60.7    71.7    66.2    51.4    35.8    40.6    53.6    54.9    65.9   108.9   110.1    85.4    64.9    54.5    52.1    56.4    72.5    83.7    79.6    62.8    54.9    51.2 -9999.0 -9999.0 -9999.0 -9999.0 -9999.0 -9999.0 -9999.0 -9999.0 -9999.0 -9999.0 -9999.0 -9999.0 -9999.0 -9999.0 -9999.0 -9999.0 -9999.0 -9999.0 -9999.0 -9999.0 -9999.0 -9999.0 -9999.0 -9999.0 -9999.0 -9999.0 -9999.0 -9999.0 -9999.0 -9999.0 -9999.0 -9999.0
 -9999.0 -9999.0 -9999.0 -9999.0 -9999.0 -9999.0 -9999.0 -9999.0 -9999.0     2.3     4.9     9.0    12.3    18.1    25.0    31.5    36.5    38.6    46.0    48.8    52.5    53.3    53.5    52.9    51.4    48.9    47.5    45.1    41.1    42.0    35.9    36.0    35.5    37.5    35.2    37.5    40.6    48.4    52.6    63.0    67.1    79.2    82.6    82.0    96.5    98.3   100.6    99.0   102.3   103.6   118.0   113.4   109.3   104.5   121.5    84.2    58.8    50.0    55.8    52.8    55.4    63.2    70.1    65.9    73.0    68.7    62.3    59.5    70.7    55.6    62.4    69.7    73.1    74.7    74.8    46.0    40.7    38.5    35.4    35.5    46.7    55.7    82.1    94.3    88.0    70.5    55.6    48.0    47.4    50.5    63.7    73.1    66.3    58.6    51.5 -9999.0 -9999.0 -9999.0 -9999.0 -9999.0 -9999.0 -9999.0 -9999.0 -9999.0 -9999.0 -9999.0 -9999.0 -9999.0 -9999.0 -9999.0 -9999.0 -9999.0 -9999.0 -9999.0 -9999.0 -9999.0 -9999.0 -9999.0 -9999.0 -9999.0 -9999.0 -9999.0 -9999.0 -9999.0 -9999.0 -9999.0 -9999.0 -9999.0
 -9999.0 -9999.0 -9999.0 -9999.0 -9999.0 -9999.0 -9999.0 -9999.0 -9999.0 -9999.0 -9999.0     6.3    12.9    15.7    22.9    28.6    35.0    40.7    45.4    49.2    52.2    53.8    54.8    53.6    54.7    51.6    50.1    47.3    43.8    39.9    37.4    38.6    34.5    34.8    34.5    43.0    41.4    47.2    67.1    62.7    76.4    77.2    78.2    80.9   111.1    98.3   127.9   112.7   116.3   107.6    93.3    97.8   102.7   110.3   117.1    97.2    72.9    67.1    58.1    57.2    65.2    67.7    73.4    82.7    91.3    64.8    50.9    62.8    76.5    83.4    94.8   105.1    89.9    71.1    54.4    48.2    43.3    48.3    44.0    41.5    45.2    59.7    72.1    75.6    71.4    64.0    59.1    57.6    59.9    64.7    69.2    67.6    61.0    52.4    48.1 -9999.0 -9999.0 -9999.0 -9999.0 -9999.0 -9999.0 -9999.0 -9999.0 -9999.0 -9999.0 -9999.0 -9999.0 -9999.0 -9999.0 -9999.0 -9999.0 -9999.0 -9999.0 -9999.0 -9999.0 -9999.0 -9999.0 -9999.0 -9999.0 -9999.0 -9999.0 -9999.0 -9999.0 -9999.0 -9999.0 -9999.0 -9999.0 -9999.0
 -9999.0 -9999.0 -9999.0 -9999.0 -9999.0 -9999.0 -9999.0 -9999.0 -9999.0 -9999.0 -9999.0 -9999.0    11.0    16.4    20.5    27.8    31.3    39.1    44.3    47.7    51.4    54.0    55.4    54.8    57.8    53.1    49.4    49.2    45.4    45.3    39.6    36.8    35.4    37.9    39.2    39.8    51.5    49.5    52.5    56.8    63.3    70.5    77.3    93.0   100.4   113.8   128.0   111.4   109.4   101.6   109.6   105.5    97.4    92.5    98.0    99.9    93.5    92.6    61.2    76.8    75.5    87.0    92.4    93.1    89.4   101.4    61.5    70.8    84.7    99.7   113.0   108.2    94.5    82.5    83.2    95.7    82.2    74.1    63.6    71.1    63.3    71.7    78.0    75.3    74.4    77.5    83.0    87.4    86.3    83.5    78.2    65.9    54.5    44.2    42.6    51.6    70.2 -9999.0 -9999.0 -9999.0 -9999.0 -9999.0 -9999.0 -9999.0 -9999.0 -9999.0 -9999.0 -9999.0 -9999.0 -9999.0 -9999.0 -9999.0 -9999.0 -9999.0 -9999.0 -9999.0 -9999.0 -9999.0 -9999.0 -9999.0 -9999.0 -9999.0 -9999.0 -9999.0 -9999.0 -9999.0 -9999.0 -9999.0
 -9999.0 -9999.0 -9999.0 -9999.0 -9999.0 -9999.0 -9999.0 -9999.0 -9999.0 -9999.0 -9999.0 -9999.0     7.4    14.7    20.4    25.5    32.3    38.0    42.8    47.9    51.8    55.1    57.0    56.7    54.6    54.9    52.9    48.4    47.1    42.5    41.9    42.3    38.6    37.6    39.9    40.5    50.6    56.9    60.4    64.8    66.1    71.3    91.8    86.5   108.7   129.5   122.6   118.6    98.5   102.4    92.9    96.3    88.6    97.1    89.2   100.7    92.4    93.8    76.9    78.7    82.9    89.1   104.2   116.1    84.7    90.4    48.1    51.5    68.4    96.2   125.4   144.9   149.0   139.1   130.3   118.6   107.0    99.6    94.6    94.0   107.1   109.2   111.5   106.8   106.3   114.5   126.7   129.2   111.7    90.9    73.2    60.5    49.9    42.7    46.1    61.5    89.4 -9999.0 -9999.0 -9999.0 -9999.0 -9999.0 -9999.0 -9999.0 -9999.0 -9999.0 -9999.0 -9999.0 -9999.0 -9999.0 -9999.0 -9999.0 -9999.0 -9999.0 -9999.0 -9999.0 -9999.0 -9999.0 -9999.0 -9999.0 -9999.0 -9999.0 -9999.0 -9999.0 -9999.0 -9999.0 -9999.0 -9999.0
 -9999.0 -9999.0 -9999.0 -9999.0 -9999.0 -9999.0 -9999.0 -9999.0 -9999.0 -9999.0 -9999.0 -9999.0 -9999.0    12.1    16.3    23.9    29.9    35.9    41.1    46.0    50.9    53.4    58.0    57.2    58.5    61.3    59.9    59.3    54.4    50.3    44.9    41.6    43.9    43.6    39.5    42.8    48.4    57.9    82.1    79.7    83.0    92.0    94.4   113.2   112.0   117.3   137.0   146.5   141.2   125.1   111.9    97.0    93.6   123.4   115.1   110.4   102.3   109.0   128.5   115.0   114.7   104.1   115.6    87.1    74.6    76.6    75.8    61.4    75.7    90.4    87.5   116.6   155.9   162.2   157.3   139.6   126.3   118.9   119.0   130.9   148.0   160.8   165.4   162.8   158.1   161.8   170.9   162.5   132.7    97.8    76.2    70.5    66.4    63.6    79.3   104.4   134.4 -9999.0 -9999.0 -9999.0 -9999.0 -9999.0 -9999.0 -9999.0 -9999.0 -9999.0 -9999.0 -9999.0 -9999.0 -9999.0 -9999.0 -9999.0 -9999.0 -9999.0 -9999.0 -9999.0 -9999.0 -9999.0 -9999.0 -9999.0 -9999.0 -9999.0 -9999.0 -9999.0 -9999.0 -9999.0 -9999.0 -9999.0
 -9999.0 -9999.0 -9999.0 -9999.0 -9999.0 -9999.0 -9999.0 -9999.0 -9999.0 -9999.0 -9999.0 -9999.0     5.8     8.9    14.5    21.3    26.4    33.4    39.4    43.3    48.3    52.9    57.6    59.8    60.9    65.4    64.0    61.1    58.5    56.2    52.0    46.4    50.2    45.8    47.9    48.4    59.7    60.7    70.4    82.7   105.5   120.9   132.4   107.1   124.5   140.4   148.1   148.8   154.3   147.3   146.0   144.4   119.9   125.9   116.0   114.3   127.7    95.4   124.8   118.6   128.1   145.3   128.1   149.3   106.3    92.8    64.6    63.5    93.3   131.8   153.0   161.6   153.8   126.7   127.6   123.1   114.6   117.6   130.8   149.7   169.0   185.0   195.9   196.4   189.9   193.6   202.8   188.8   155.2   120.2   103.9   109.9   119.0   122.8   148.3   175.0   185.6   169.0 -9999.0 -9999.0 -9999.0 -9999.0 -9999.0 -9999.0 -9999.0 -9999.0 -9999.0 -9999.0 -9999.0 -9999.0 -9999.0 -9999.0 -9999.0 -9999.0 -9999.0 -9999.0 -9999.0 -9999.0 -9999.0 -9999.0 -9999.0 -9999.0 -9999.0 -9999.0 -9999.0 -9999.0 -9999.0 -9999.0
 -9999.0 -9999.0 -9999.0 -9999.0 -9999.0 -9999.0 -9999.0 -9999.0 -9999.0 -9999.0 -9999.0 -9999.0     4.0     8.1    12.8    16.4    23.3    29.9    35.7    42.8    46.4    53.9    58.7    62.7    64.5    65.7    67.2    66.8    65.5    61.7    58.1    55.8    57.5    50.9    51.6    56.7    60.6    72.4    84.3    91.6   102.7   103.1   105.2   115.1   131.1   154.6   184.2   193.1   193.3   169.4   162.3   165.0   143.6   130.9   124.7   111.4   124.7   138.8   132.9   169.6   192.0   214.4   124.3    98.2   102.9   104.6   103.2    86.4    90.0   112.1   139.8   161.3   177.0   209.6   198.7   150.0   120.6   128.6   137.4   147.8   163.8   177.9   193.9   200.9   191.5   202.3   217.3   213.8   185.9   158.6   147.5   158.4   174.4   179.1   192.3   206.1   205.0   176.6   142.3 -9999.0 -9999.0 -9999.0 -9999.0 -9999.0 -9999.0 -9999.0 -9999.0 -9999.0 -9999.0 -9999.0 -9999.0 -9999.0 -9999.0 -9999.0 -9999.0 -9999.0 -9999.0 -9999.0 -9999.0 -9999.0 -9999.0 -9999.0 -9999.0 -9999.0 -9999.0 -9999.0 -9999.0 -9999.0
 -9999.0 -9999.0 -9999.0 -9999.0 -9999.0 -9999.0 -9999.0 -9999.0 -9999.0 -9999.0 -9999.0 -9999.0     3.0     5.9     9.8    14.9    20.3    26.8    33.1    39.8    47.6    54.7    59.4    66.6    70.3    76.5    77.8    81.4    76.0    74.1    71.0    72.6    64.7    61.2    62.4    68.1    75.6    88.2   100.9   120.2   124.9   114.5   138.4   105.7   140.4   179.1   202.6   208.1   201.4   201.8   198.1   180.3   203.3   199.0   169.2   121.3   137.1   156.3   176.9   158.5   173.7   188.7   295.1   125.6   102.0   138.6   131.6   124.6   125.1   123.2   135.2   195.9   224.7   247.5   243.9   209.9   207.1   142.1   145.8   144.0   139.7   153.4   154.6   171.4   189.0   201.9   228.2   267.9   209.9   191.2   183.5   189.6   196.4   191.3   180.9   178.1   177.1   164.8   150.1   127.6 -9999.0 -9999.0 -9999.0 -9999.0 -9999.0 -9999.0 -9999.0 -9999.0 -9999.0 -9999.0 -9999.0 -9999.0 -9999.0 -9999.0 -9999.0 -9999.0 -9999.0 -9999.0 -9999.0 -9999.0 -9999.0 -9999.0 -9999.0 -9999.0 -9999.0 -9999.0 -9999.0 -9999.0
 -9999.0 -9999.0 -9999.0 -9999.0 -9999.0 -9999.0 -9999.0 -9999.0 -9999.0 -9999.0 -9999.0 -9999.0 -9999.0     3.6     7.2    11.7    17.0    22.4    29.8    37.3    45.2    52.4    61.1    69.2    73.5    80.4    84.6    87.0    91.1    87.3    90.7    87.0    85.4    80.1    82.7    95.5   102.7   108.3   126.3   140.4   149.1   164.6   169.5   162.2   147.5   168.7   200.5   189.7   222.9   221.7   203.5   218.7   204.4   177.2   195.6   190.0   139.5   147.5   190.9   273.6   270.5   417.6   313.0   115.7   149.3   156.8   161.7   158.0   147.3   149.7   151.0   168.2   231.8   202.8   253.6   227.0   196.8   166.0   156.0   123.1   112.4   118.6   123.5   129.5   144.2   171.4   208.7   256.4   235.8   205.4   193.4   191.8   183.1   161.8   139.5   132.2   129.3   134.7   139.3 -9999.0 -9999.0 -9999.0 -9999.0 -9999.0 -9999.0 -9999.0 -9999.0 -9999.0 -9999.0 -9999.0 -9999.0 -9999.0 -9999.0 -9999.0 -9999.0 -9999.0 -9999.0 -9999.0 -9999.0 -9999.0 -9999.0 -9999.0 -9999.0 -9999.0 -9999.0 -9999.0 -9999.0 -9999.0
 -9999.0 -9999.0 -9999.0 -9999.0 -9999.0 -9999.0 -9999.0 -9999.0 -9999.0 -9999.0 -9999.0 -9999.0 -9999.0     2.1     5.3     8.8    13.9    18.3    24.9    33.0    42.5    51.5    60.8    69.7    74.7    85.0    93.2    97.2   103.4   112.6   112.9   111.8   107.0   106.7   113.1   118.1   120.2   132.1   152.4   172.4   177.5   179.4   176.5   174.0   194.6   181.2   190.6   174.7   192.1   198.1   216.1   187.8   213.1   222.5   228.1   208.6   172.1   178.6   233.6   157.4   316.7   187.1   140.1   215.9   202.0   186.5   182.8   172.6   158.8   147.6   154.2   177.4   203.4   239.5   264.1   269.8   249.1   165.7   107.4    91.1    82.1    82.4    94.0   111.0   123.5   145.9   172.3   184.3   190.3   184.4   184.8   173.5   151.7   124.6   105.4   100.5   104.4   115.5   126.7 -9999.0 -9999.0 -9999.0 -9999.0 -9999.0 -9999.0 -9999.0 -9999.0 -9999.0 -9999.0 -9999.0 -9999.0 -9999.0 -9999.0 -9999.0 -9999.0 -9999.0 -9999.0 -9999.0 -9999.0 -9999.0 -9999.0 -9999.0 -9999.0 -9999.0 -9999.0 -9999.0 -9999.0 -9999.0
 -9999.0 -9999.0 -9999.0 -9999.0 -9999.0 -9999.0 -9999.0 -9999.0 -9999.0 -9999.0 -9999.0 -9999.0 -9999.0 -9999.0 -9999.0     6.3     9.8    15.6    21.0    27.3    38.8    46.9    56.6    67.9    79.5    90.0   102.9   111.6   121.8   126.2   132.7   134.8   139.3   140.0   138.8   149.3   157.1   150.6   170.3   185.2   191.8   193.3   189.7   181.5   159.5   142.3   168.4   128.0   169.2   121.6   170.6   222.9   200.9   208.6   174.9   207.5   212.7   149.4   289.0   358.3   163.1   166.8   328.2   327.8   282.9   229.5   193.7   165.0   143.1   149.6   160.7   173.5   203.1   224.7   234.8   255.3   229.6   201.5   106.4    68.4    64.5    68.8    88.6   117.4   135.7   142.6   143.8   145.1   151.9   166.4   171.6   158.5   127.0   107.3    91.5    90.3   102.2 -9999.0   129.5 -9999.0 -9999.0 -9999.0 -9999.0 -9999.0 -9999.0 -9999.0 -9999.0 -9999.0 -9999.0 -9999.0 -9999.0 -9999.0 -9999.0 -9999.0 -9999.0 -9999.0 -9999.0 -9999.0 -9999.0 -9999.0 -9999.0 -9999.0 -9999.0 -9999.0 -9999.0 -9999.0 -9999.0 -9999.0
 -9999.0 -9999.0 -9999.0 -9999.0 -9999.0 -9999.0 -9999.0 -9999.0 -9999.0 -9999.0 -9999.0 -9999.0 -9999.0 -9999.0 -9999.0 -9999.0 -9999.0     2.0    10.9 -9999.0    27.1    43.8    51.0    62.7    79.1    91.5   107.0   119.4   129.8   143.3   151.7   155.9   162.8   160.4   153.4   165.1   175.6   160.9   183.2   191.7   194.0   190.7   187.9   178.6   144.1   133.2    95.6   167.5   112.1   142.4    96.3   149.1   134.1   199.7   215.2   227.9   207.1   283.4   312.3   375.7   141.3   252.0   407.0   425.8   347.0   261.9   201.0   161.0   136.2   143.7   147.5   157.8   168.5   182.2   193.7   205.1   176.5   129.2    87.4    60.1    63.6    71.3    90.8   119.8   138.1   133.0   120.6   118.2   134.9   156.8   164.6   147.0   107.7    84.9    84.5    95.2   107.1   121.5   136.1   155.6   157.8 -9999.0 -9999.0 -9999.0 -9999.0 -9999.0 -9999.0 -9999.0 -9999.0 -9999.0 -9999.0 -9999.0 -9999.0 -9999.0 -9999.0 -9999.0 -9999.0 -9999.0 -9999.0 -9999.0 -9999.0 -9999.0 -9999.0 -9999.0 -9999.0 -9999.0 -9999.0 -9999.0
 -9999.0 -9999.0 -9999.0 -9999.0 -9999.0 -9999.0 -9999.0 -9999.0 -9999.0 -9999.0 -9999.0 -9999.0 -9999.0 -9999.0 -9999.0 -9999.0 -9999.0 -9999.0 -9999.0 -9999.0 -9999.0    35.6    49.4    65.3    76.4    84.6   101.0   118.0   136.0   148.1   163.8   164.9   175.2   180.0   174.0   182.3   179.5   177.7   180.7   192.7   201.7   176.9   174.5   169.0   147.6   139.3   107.1    96.6   158.3   259.5   123.8   197.8   201.6   153.0   188.0   239.8   269.4   260.2   411.2   358.8   162.1   230.2   396.3   428.0   370.5   281.6   211.8   164.8   137.2   143.7   155.1   136.6   140.9   137.0   128.3   126.3   109.8    72.8    63.7    67.2    70.4    73.3    83.3    98.0   102.1    96.8    90.8    99.9   127.5   153.4   161.8   137.6   121.4   118.7    82.4    98.4   112.9   126.0   140.2   186.9 -9999.0 -9999.0 -9999.0 -9999.0 -9999.0 -9999.0 -9999.0 -9999.0 -9999.0 -9999.0 -9999.0 -9999.0 -9999.0 -9999.0 -9999.0 -9999.0 -9999.0 -9999.0 -9999.0 -9999.0 -9999.0 -9999.0 -9999.0 -9999.0 -9999.0 -9999.0 -9999.0 -9999.0
 -9999.0 -9999.0 -9999.0 -9999.0 -9999.0 -9999.0 -9999.0 -9999.0 -9999.0 -9999.0 -9999.0 -9999.0 -9999.0 -9999.0 -9999.0 -9999.0 -9999.0 -9999.0 -9999.0 -9999.0 -9999.0 -9999.0 -9999.0    39.0    67.0    80.6    96.8   116.4   138.7   151.7   168.5   180.0   184.6   189.6   189.6   187.7   182.7   172.1   164.5   157.2   154.6   153.6   157.0   157.6   147.0   135.3   105.5    91.0    83.7    86.3    92.4   156.7   120.6   149.3   160.4   163.1   251.7   334.2   191.5   363.9   179.5   227.3   271.0   327.7   322.8   284.6   226.1   173.2   156.5   144.7   124.2   121.2   117.7   113.2    97.6    91.5    96.3    84.0    75.6    79.9    75.8    67.6    66.4    68.8    66.2    76.6    73.6    91.6   124.1   151.3   161.0   146.6   102.7    95.1    89.5   104.5   117.1   125.2   165.0 -9999.0 -9999.0 -9999.0 -9999.0 -9999.0 -9999.0 -9999.0 -9999.0 -9999.0 -9999.0 -9999.0 -9999.0 -9999.0 -9999.0 -9999.0 -9999.0 -9999.0 -9999.0 -9999.0 -9999.0 -9999.0 -9999.0 -9999.0 -9999.0 -9999.0 -9999.0 -9999.0 -9999.0 -9999.0
 -9999.0 -9999.0 -9999.0 -9999.0 -9999.0 -9999.0 -9999.0 -9999.0 -9999.0 -9999.0 -9999.0 -9999.0 -9999.0 -9999.0 -9999.0 -9999.0 -9999.0 -9999.0 -9999.0 -9999.0 -9999.0 -9999.0 -9999.0 -9999.0 -9999.0    37.9    78.4   117.7   134.2   148.3   163.8   169.7   174.2   179.3   173.9   173.7   165.0   149.9   138.8   127.4   126.1   130.1   168.2   158.2   153.1   149.6   132.6   150.2   106.4    99.4   147.0   132.9   169.8   176.5   159.7   182.1   248.7   252.4   353.4   343.7   287.9   247.6   455.7   290.2   281.4   273.6   235.6   193.9   155.5   124.1   119.0   111.6   103.0   101.5    99.2    87.4    83.9    94.4   113.3    91.3    73.1    58.2    53.9    57.1    59.4    67.0    83.0   105.5   131.2   148.8   150.0   130.1   105.5   132.2   101.4   117.4   118.4   134.1 -9999.0 -9999.0 -9999.0 -9999.0 -9999.0 -9999.0 -9999.0 -9999.0 -9999.0 -9999.0 -9999.0 -9999.0 -9999.0 -9999.0 -9999.0 -9999.0 -9999.0 -9999.0 -9999.0 -9999.0 -9999.0 -9999.0 -9999.0 -9999.0 -9999.0 -9999.0 -9999.0 -9999.0 -9999.0 -9999.0
 -9999.0 -9999.0 -9999.0 -9999.0 -9999.0 -9999.0 -9999.0 -9999.0 -9999.0 -9999.0 -9999.0 -9999.0 -9999.0 -9999.0 -9999.0 -9999.0 -9999.0 -9999.0 -9999.0 -9999.0 -9999.0 -9999.0 -9999.0 -9999.0 -9999.0 -9999.0 -9999.0    40.8    52.7   112.0   128.6   138.4   162.6   137.8   152.8   114.2   131.5   120.6   122.3   106.0   100.4   127.7   157.6   159.8   160.7   162.9   167.9   173.9   179.6   143.8   173.6   178.4   159.5   174.1   193.2   233.1   224.9   228.6   320.6   251.0   189.0   247.0   182.6   196.0   217.2   232.4   228.0   188.4   153.3   126.7   115.1   107.5   103.9   106.8    98.8    93.8   121.3   123.0   103.0    93.2    77.5    57.7    58.5    70.3    77.3    90.1   110.9   129.9   142.1   142.7   146.9   178.0   110.5    95.6   132.3   131.3   124.6 -9999.0 -9999.0 -9999.0 -9999.0 -9999.0 -9999.0 -9999.0 -9999.0 -9999.0 -9999.0 -9999.0 -9999.0 -9999.0 -9999.0 -9999.0 -9999.0 -9999.0 -9999.0 -9999.0 -9999.0 -9999.0 -9999.0 -9999.0 -9999.0 -9999.0 -9999.0 -9999.0 -9999.0 -9999.0 -9999.0 -9999.0
 -9999.0 -9999.0 -9999.0 -9999.0 -9999.0 -9999.0 -9999.0 -9999.0 -9999.0 -9999.0 -9999.0 -9999.0 -9999.0 -9999.0 -9999.0 -9999.0 -9999.0 -9999.0 -9999.0 -9999.0 -9999.0 -9999.0 -9999.0 -9999.0 -9999.0 -9999.0 -9999.0 -9999.0 -9999.0 -9999.0 -9999.0 -9999.0 -9999.0    93.5   120.8 -9999.0 -9999.0 -9999.0   113.9   102.9   125.2   141.8   144.6   159.0   164.4   173.5 -9999.0 -9999.0 -9999.0 -9999.0 -9999.0 -9999.0   210.4   230.0   231.3   238.4   250.9   237.6   245.1   224.4   215.4   224.8   168.5   164.6   182.5   210.9   213.3   183.6   145.7   121.6   114.5   116.9   124.7   125.9   137.8   123.2   158.7   137.1   124.4   119.8   102.3    83.8    85.6    95.6   104.9   112.0   128.1   140.1   145.4   131.7   135.3   126.9    93.6    94.3   128.5   132.3   120.8 -9999.0 -9999.0 -9999.0 -9999.0 -9999.0 -9999.0 -9999.0 -9999.0 -9999.0 -9999.0 -9999.0 -9999.0 -9999.0 -9999.0 -9999.0 -9999.0 -9999.0 -9999.0 -9999.0 -9999.0 -9999.0 -9999.0 -9999.0 -9999.0 -9999.0 -9999.0 -9999.0 -9999.0 -9999.0 -9999.0 -9999.0
 -9999.0 -9999.0 -9999.0 -9999.0 -9999.0 -9999.0 -9999.0 -9999.0 -9999.0 -9999.0 -9999.0 -9999.0 -9999.0 -9999.0 -9999.0 -9999.0 -9999.0 -9999.0 -9999.0 -9999.0 -9999.0 -9999.0 -9999.0 -9999.0 -9999.0 -9999.0 -9999.0 -9999.0 -9999.0 -9999.0 -9999.0 -9999.0 -9999.0 -9999.0 -9999.0 -9999.0 -9999.0 -9999.0 -9999.0   101.9   115.9   128.7   141.5   154.8 -9999.0 -9999.0 -9999.0 -9999.0 -9999.0 -9999.0 -9999.0 -9999.0   259.8   287.6   288.0   269.4   252.6   241.0   236.1   233.3   219.5   199.8   174.2   142.8   151.0   182.5   204.7   196.6   150.4   119.6   118.1   130.5   140.9   163.2   152.3   163.6   175.3   159.8   171.7   160.3   149.2   120.8   114.6   129.4   122.4   114.1   118.4   127.7   119.6   117.1   108.8    98.3    89.1   113.7   134.7   125.8 -9999.0 -9999.0 -9999.0 -9999.0 -9999.0 -9999.0 -9999.0 -9999.0 -9999.0 -9999.0 -9999.0 -9999.0 -9999.0 -9999.0 -9999.0 -9999.0 -9999.0 -9999.0 -9999.0 -9999.0 -9999.0 -9999.0 -9999.0 -9999.0 -9999.0 -9999.0 -9999.0 -9999.0 -9999.0 -9999.0 -9999.0 -9999.0
 -9999.0 -9999.0 -9999.0 -9999.0 -9999.0 -9999.0 -9999.0 -9999.0 -9999.0 -9999.0 -9999.0 -9999.0 -9999.0 -9999.0 -9999.0 -9999.0 -9999.0 -9999.0 -9999.0 -9999.0 -9999.0 -9999.0 -9999.0 -9999.0 -9999.0 -9999.0 -9999.0 -9999.0 -9999.0 -9999.0 -9999.0 -9999.0 -9999.0 -9999.0 -9999.0 -9999.0 -9999.0 -9999.0 -9999.0 -9999.0 -9999.0 -9999.0 -9999.0 -9999.0 -9999.0 -9999.0 -9999.0 -9999.0 -9999.0 -9999.0 -9999.0 -9999.0   268.6   340.1   323.9   330.5   261.0   232.8   226.8   231.6   214.1   184.5   266.0   128.4   140.8   195.6   249.2   230.0   176.8   141.6   136.8   151.1   181.9   181.7   185.7   159.8   183.2   163.7   166.3   185.0   179.6   151.4   134.5   147.4   135.5   118.1   104.0   101.2    99.3    95.5    94.4   111.7    88.8   118.9   117.8 -9999.0 -9999.0 -9999.0 -9999.0 -9999.0 -9999.0 -9999.0 -9999.0 -9999.0 -9999.0 -9999.0 -9999.0 -9999.0 -9999.0 -9999.0 -9999.0 -9999.0 -9999.0 -9999.0 -9999.0 -9999.0 -9999.0 -9999.0 -9999.0 -9999.0 -9999.0 -9999.0 -9999.0 -9999.0 -9999.0 -9999.0 -9999.0 -9999.0
 -9999.0 -9999.0 -9999.0 -9999.0 -9999.0 -9999.0 -9999.0 -9999.0 -9999.0 -9999.0 -9999.0 -9999.0 -9999.0 -9999.0 -9999.0 -9999.0 -9999.0 -9999.0 -9999.0 -9999.0 -9999.0 -9999.0 -9999.0 -9999.0 -9999.0 -9999.0 -9999.0 -9999.0 -9999.0 -9999.0 -9999.0 -9999.0 -9999.0 -9999.0 -9999.0 -9999.0 -9999.0 -9999.0 -9999.0 -9999.0 -9999.0 -9999.0 -9999.0 -9999.0 -9999.0 -9999.0 -9999.0 -9999.0 -9999.0 -9999.0 -9999.0   303.8   320.0   364.0   264.4   275.9   235.3   240.0   214.8   198.5   230.4   193.2   133.8   121.3   141.3   207.1   273.9   239.6   219.7   180.2   171.0   180.8   169.0   138.0   145.2   135.0   174.7   132.6   177.6   183.5   160.4   143.0   204.1   152.6   138.0   118.7   138.8   101.9   103.6    84.8   125.4   102.1   102.7    85.1    88.5 -9999.0 -9999.0 -9999.0 -9999.0 -9999.0 -9999.0 -9999.0 -9999.0 -9999.0 -9999.0 -9999.0 -9999.0 -9999.0 -9999.0 -9999.0 -9999.0 -9999.0 -9999.0 -9999.0 -9999.0 -9999.0 -9999.0 -9999.0 -9999.0 -9999.0 -9999.0 -9999.0 -9999.0 -9999.0 -9999.0 -9999.0 -9999.0 -9999.0
 -9999.0 -9999.0 -9999.0 -9999.0 -9999.0 -9999.0 -9999.0 -9999.0 -9999.0 -9999.0 -9999.0 -9999.0 -9999.0 -9999.0 -9999.0 -9999.0 -9999.0 -9999.0 -9999.0 -9999.0 -9999.0 -9999.0 -9999.0 -9999.0 -9999.0 -9999.0 -9999.0 -9999.0 -9999.0 -9999.0 -9999.0 -9999.0 -9999.0 -9999.0 -9999.0 -9999.0 -9999.0 -9999.0 -9999.0 -9999.0 -9999.0 -9999.0 -9999.0 -9999.0 -9999.0 -9999.0 -9999.0 -9999.0 -9999.0 -9999.0   276.3   344.8   350.4   350.2   262.1   251.2   184.8   170.4   197.1   226.3   201.1   195.5   130.6   124.0   143.6   212.2   279.3   279.3   275.7   232.7   224.6   198.3   165.2   156.6   153.7   163.5    96.3   180.5   132.0   156.4   158.2   131.9   147.6   147.7   169.6   138.2   153.7   115.7   110.0   109.0   119.6   140.2    96.7    74.4    61.3 -9999.0 -9999.0 -9999.0 -9999.0 -9999.0 -9999.0 -9999.0 -9999.0 -9999.0 -9999.0 -9999.0 -9999.0 -9999.0 -9999.0 -9999.0 -9999.0 -9999.0 -9999.0 -9999.0 -9999.0 -9999.0 -9999.0 -9999.0 -9999.0 -9999.0 -9999.0 -9999.0 -9999.0 -9999.0 -9999.0 -9999.0 -9999.0 -9999.0
 -9999.0 -9999.0 -9999.0 -9999.0 -9999.0 -9999.0 -9999.0 -9999.0 -9999.0 -9999.0 -9999.0 -9999.0 -9999.0 -9999.0 -9999.0 -9999.0 -9999.0 -9999.0 -9999.0 -9999.0 -9999.0 -9999.0 -9999.0 -9999.0 -9999.0 -9999.0 -9999.0 -9999.0 -9999.0 -9999.0 -9999.0 -9999.0 -9999.0 -9999.0 -9999.0 -9999.0 -9999.0 -9999.0 -9999.0 -9999.0 -9999.0 -9999.0 -9999.0 -9999.0 -9999.0 -9999.0 -9999.0 -9999.0 -9999.0 -9999.0   270.5   381.5   302.0   311.8   280.1   206.8   149.9   205.5   219.4   210.1   184.9   158.9   119.0   118.4   142.3   199.3   266.0   286.8   312.4   293.8   275.5   234.8   182.2   132.6   101.8    88.8   130.1   102.2   117.4   168.4   141.7   179.5   161.6   161.0   195.1   171.2   162.0   148.2   124.0   113.7   145.3   122.8   103.4    69.7 -9999.0 -9999.0 -9999.0 -9999.0 -9999.0 -9999.0 -9999.0 -9999.0 -9999.0 -9999.0 -9999.0 -9999.0 -9999.0 -9999.0 -9999.0 -9999.0 -9999.0 -9999.0 -9999.0 -9999.0 -9999.0 -9999.0 -9999.0 -9999.0 -9999.0 -9999.0 -9999.0 -9999.0 -9999.0 -9999.0 -9999.0 -9999.0 -9999.0 -9999.0
 -9999.0 -9999.0 -9999.0 -9999.0 -9999.0 -9999.0 -9999.0 -9999.0 -9999.0 -9999.0 -9999.0 -9999.0 -9999.0 -9999.0 -9999.0 -9999.0 -9999.0 -9999.0 -9999.0 -9999.0 -9999.0 -9999.0 -9999.0 -9999.0 -9999.0 -9999.0 -9999.0 -9999.0 -9999.0 -9999.0 -9999.0 -9999.0 -9999.0 -9999.0 -9999.0 -9999.0 -9999.0 -9999.0 -9999.0 -9999.0 -9999.0 -9999.0 -9999.0 -9999.0 -9999.0 -9999.0 -9999.0 -9999.0 -9999.0 -9999.0   243.4   298.5   263.1   358.5   216.5   172.9   241.8   201.4   229.1   204.0   185.6   164.0   134.2   117.6   149.1   195.3   260.2   316.3   353.1   385.9   321.8   319.0   182.6   167.3    98.3    98.7   164.9   106.0   129.3   119.2   200.6   158.5   148.7   167.9   216.7   176.1   148.8   131.3   131.9   126.5   174.4   148.4 -9999.0 -9999.0 -9999.0 -9999.0 -9999.0 -9999.0 -9999.0 -9999.0 -9999.0 -9999.0 -9999.0 -9999.0 -9999.0 -9999.0 -9999.0 -9999.0 -9999.0 -9999.0 -9999.0 -9999.0 -9999.0 -9999.0 -9999.0 -9999.0 -9999.0 -9999.0 -9999.0 -9999.0 -9999.0 -9999.0 -9999.0 -9999.0 -9999.0 -9999.0 -9999.0 -9999.0
 -9999.0 -9999.0 -9999.0 -9999.0 -9999.0 -9999.0 -9999.0 -9999.0 -9999.0 -9999.0 -9999.0 -9999.0 -9999.0 -9999.0 -9999.0 -9999.0 -9999.0 -9999.0 -9999.0 -9999.0 -9999.0 -9999.0 -9999.0 -9999.0 -9999.0 -9999.0 -9999.0 -9999.0 -9999.0 -9999.0 -9999.0 -9999.0 -9999.0 -9999.0 -9999.0 -9999.0 -9999.0 -9999.0 -9999.0 -9999.0 -9999.0 -9999.0 -9999.0 -9999.0 -9999.0 -9999.0 -9999.0 -9999.0 -9999.0 -9999.0   301.4   360.1   307.4   302.6   255.5   258.7   170.9   211.2   221.2   194.2   181.3   154.2   117.5   140.4   179.8   224.8   297.8   363.1   430.7   326.4   329.3   262.2   213.1   183.2   113.8   122.9   155.9   114.6   164.2   130.1   152.2   187.2   147.9   177.0   173.2   182.4   201.5   145.8   171.2   181.5   166.6 -9999.0 -9999.0 -9999.0 -9999.0 -9999.0 -9999.0 -9999.0 -9999.0 -9999.0 -9999.0 -9999.0 -9999.0 -9999.0 -9999.0 -9999.0 -9999.0 -9999.0 -9999.0 -9999.0 -9999.0 -9999.0 -9999.0 -9999.0 -9999.0 -9999.0 -9999.0 -9999.0 -9999.0 -9999.0 -9999.0 -9999.0 -9999.0 -9999.0 -9999.0 -9999.0 -9999.0 -9999.0
 -9999.0 -9999.0 -9999.0 -9999.0 -9999.0 -9999.0 -9999.0 -9999.0 -9999.0 -9999.0 -9999.0 -9999.0 -9999.0 -9999.0 -9999.0 -9999.0 -9999.0 -9999.0 -9999.0 -9999.0 -9999.0 -9999.0 -9999.0 -9999.0 -9999.0 -9999.0 -9999.0 -9999.0 -9999.0 -9999.0 -9999.0 -9999.0 -9999.0 -9999.0 -9999.0 -9999.0 -9999.0 -9999.0 -9999.0 -9999.0 -9999.0 -9999.0 -9999.0 -9999.0 -9999.0 -9999.0 -9999.0 -9999.0 -9999.0 -9999.0 -9999.0 -9999.0 -9999.0   264.3   232.6   215.9   220.2   234.6   200.0   187.0   252.4   152.8   213.4   191.4   220.9   259.1   340.1   348.0   408.5   374.5   287.6   222.2   187.5   166.9   145.7   116.0   126.7   121.6   134.3   152.1   180.9   167.7   167.5   173.6   190.1   209.8   206.2   245.7   178.8   181.7 -9999.0 -9999.0 -9999.0 -9999.0 -9999.0 -9999.0 -9999.0 -9999.0 -9999.0 -9999.0 -9999.0 -9999.0 -9999.0 -9999.0 -9999.0 -9999.0 -9999.0 -9999.0 -9999.0 -9999.0 -9999.0 -9999.0 -9999.0 -9999.0 -9999.0 -9999.0 -9999.0 -9999.0 -9999.0 -9999.0 -9999.0 -9999.0 -9999.0 -9999.0 -9999.0 -9999.0 -9999.0 -9999.0
 -9999.0 -9999.0 -9999.0 -9999.0 -9999.0 -9999.0 -9999.0 -9999.0 -9999.0 -9999.0 -9999.0 -9999.0 -9999.0 -9999.0 -9999.0 -9999.0 -9999.0 -9999.0 -9999.0 -9999.0 -9999.0 -9999.0 -9999.0 -9999.0 -9999.0 -9999.0 -9999.0 -9999.0 -9999.0 -9999.0 -9999.0 -9999.0 -9999.0 -9999.0 -9999.0 -9999.0 -9999.0 -9999.0 -9999.0 -9999.0 -9999.0 -9999.0 -9999.0 -9999.0 -9999.0 -9999.0 -9999.0 -9999.0 -9999.0 -9999.0 -9999.0 -9999.0 -9999.0   282.8   239.7   365.6   245.9   220.7   224.2   257.2   203.9   198.6   280.2   231.2   252.2   275.4   240.9   372.5   279.9   251.3   197.0   179.4   187.1   189.3   174.4   177.2   140.0   187.7   187.0   201.6   215.1   223.2   216.3 -9999.0   214.2   221.7 -9999.0 -9999.0 -9999.0 -9999.0 -9999.0 -9999.0 -9999.0 -9999.0 -9999.0 -9999.0 -9999.0 -9999.0 -9999.0 -9999.0 -9999.0 -9999.0 -9999.0 -9999.0 -9999.0 -9999.0 -9999.0 -9999.0 -9999.0 -9999.0 -9999.0 -9999.0 -9999.0 -9999.0 -9999.0 -9999.0 -9999.0 -9999.0 -9999.0 -9999.0 -9999.0 -9999.0 -9999.0 -9999.0 -9999.0 -9999.0 -9999.0 -9999.0
 -9999.0 -9999.0 -9999.0 -9999.0 -9999.0 -9999.0 -9999.0 -9999.0 -9999.0 -9999.0 -9999.0 -9999.0 -9999.0 -9999.0 -9999.0 -9999.0 -9999.0 -9999.0 -9999.0 -9999.0 -9999.0 -9999.0 -9999.0 -9999.0 -9999.0 -9999.0 -9999.0 -9999.0 -9999.0 -9999.0 -9999.0 -9999.0 -9999.0 -9999.0 -9999.0 -9999.0 -9999.0 -9999.0 -9999.0 -9999.0 -9999.0 -9999.0 -9999.0 -9999.0 -9999.0 -9999.0 -9999.0 -9999.0 -9999.0 -9999.0 -9999.0 -9999.0 -9999.0   321.9   233.9   337.4   312.4   271.4   267.2   251.4   282.6   290.3   368.8   392.4   245.6 -9999.0 -9999.0 -9999.0   254.8   171.8   167.7   193.8   211.1   210.7   208.1   228.8   186.0   222.3   430.2   268.1   261.1   274.1   308.6 -9999.0 -9999.0 -9999.0 -9999.0 -9999.0 -9999.0 -9999.0 -9999.0 -9999.0 -9999.0 -9999.0 -9999.0 -9999.0 -9999.0 -9999.0 -9999.0 -9999.0 -9999.0 -9999.0 -9999.0 -9999.0 -9999.0 -9999.0 -9999.0 -9999.0 -9999.0 -9999.0 -9999.0 -9999.0 -9999.0 -9999.0 -9999.0 -9999.0 -9999.0 -9999.0 -9999.0 -9999.0 -9999.0 -9999.0 -9999.0 -9999.0 -9999.0 -9999.0 -9999.0 -9999.0
 -9999.0 -9999.0 -9999.0 -9999.0 -9999.0 -9999.0 -9999.0 -9999.0 -9999.0 -9999.0 -9999.0 -9999.0 -9999.0 -9999.0 -9999.0 -9999.0 -9999.0 -9999.0 -9999.0 -9999.0 -9999.0 -9999.0 -9999.0 -9999.0 -9999.0 -9999.0 -9999.0 -9999.0 -9999.0 -9999.0 -9999.0 -9999.0 -9999.0 -9999.0 -9999.0 -9999.0 -9999.0 -9999.0 -9999.0 -9999.0 -9999.0 -9999.0 -9999.0 -9999.0 -9999.0 -9999.0 -9999.0 -9999.0 -9999.0 -9999.0 -9999.0 -9999.0 -9999.0 -9999.0   373.1   375.2   311.8   291.4   348.2   382.4   293.9 -9999.0 -9999.0 -9999.0 -9999.0 -9999.0 -9999.0 -9999.0   173.2   183.0   239.8   204.0   215.6   231.5   226.7   225.2   246.0   254.5   274.9 -9999.0   311.6 -9999.0 -9999.0 -9999.0 -9999.0 -9999.0 -9999.0 -9999.0 -9999.0 -9999.0 -9999.0 -9999.0 -9999.0 -9999.0 -9999.0 -9999.0 -9999.0 -9999.0 -9999.0 -9999.0 -9999.0 -9999.0 -9999.0 -9999.0 -9999.0 -9999.0 -9999.0 -9999.0 -9999.0 -9999.0 -9999.0 -9999.0 -9999.0 -9999.0 -9999.0 -9999.0 -9999.0 -9999.0 -9999.0 -9999.0 -9999.0 -9999.0 -9999.0 -9999.0 -9999.0 -9999.0 -9999.0 -9999.0
 -9999.0 -9999.0 -9999.0 -9999.0 -9999.0 -9999.0 -9999.0 -9999.0 -9999.0 -9999.0 -9999.0 -9999.0 -9999.0 -9999.0 -9999.0 -9999.0 -9999.0 -9999.0 -9999.0 -9999.0 -9999.0 -9999.0 -9999.0 -9999.0 -9999.0 -9999.0 -9999.0 -9999.0 -9999.0 -9999.0 -9999.0 -9999.0 -9999.0 -9999.0 -9999.0 -9999.0 -9999.0 -9999.0 -9999.0 -9999.0 -9999.0 -9999.0 -9999.0 -9999.0 -9999.0 -9999.0 -9999.0 -9999.0 -9999.0 -9999.0 -9999.0 -9999.0 -9999.0 -9999.0 -9999.0   415.1   545.7   421.6   377.8   418.5   393.6 -9999.0 -9999.0 -9999.0 -9999.0 -9999.0 -9999.0 -9999.0 -9999.0 -9999.0   205.3 -9999.0 -9999.0 -9999.0 -9999.0 -9999.0   286.4 -9999.0 -9999.0 -9999.0 -9999.0 -9999.0 -9999.0 -9999.0 -9999.0 -9999.0 -9999.0 -9999.0 -9999.0 -9999.0 -9999.0 -9999.0 -9999.0 -9999.0 -9999.0 -9999.0 -9999.0 -9999.0 -9999.0 -9999.0 -9999.0 -9999.0 -9999.0 -9999.0 -9999.0 -9999.0 -9999.0 -9999.0 -9999.0 -9999.0 -9999.0 -9999.0 -9999.0 -9999.0 -9999.0 -9999.0 -9999.0 -9999.0 -9999.0 -9999.0 -9999.0 -9999.0 -9999.0 -9999.0 -9999.0 -9999.0 -9999.0 -9999.0
 -9999.0 -9999.0 -9999.0 -9999.0 -9999.0 -9999.0 -9999.0 -9999.0 -9999.0 -9999.0 -9999.0 -9999.0 -9999.0 -9999.0 -9999.0 -9999.0 -9999.0 -9999.0 -9999.0 -9999.0 -9999.0 -9999.0 -9999.0 -9999.0 -9999.0 -9999.0 -9999.0 -9999.0 -9999.0 -9999.0 -9999.0 -9999.0 -9999.0 -9999.0 -9999.0 -9999.0 -9999.0 -9999.0 -9999.0 -9999.0 -9999.0 -9999.0 -9999.0 -9999.0 -9999.0 -9999.0 -9999.0 -9999.0 -9999.0 -9999.0 -9999.0 -9999.0 -9999.0 -9999.0 -9999.0 -9999.0 -9999.0 -9999.0   506.0   449.7 -9999.0 -9999.0 -9999.0 -9999.0 -9999.0 -9999.0 -9999.0 -9999.0 -9999.0 -9999.0 -9999.0 -9999.0 -9999.0 -9999.0 -9999.0   295.3   319.5 -9999.0 -9999.0 -9999.0 -9999.0 -9999.0 -9999.0 -9999.0 -9999.0 -9999.0 -9999.0 -9999.0 -9999.0 -9999.0 -9999.0 -9999.0 -9999.0 -9999.0 -9999.0 -9999.0 -9999.0 -9999.0 -9999.0 -9999.0 -9999.0 -9999.0 -9999.0 -9999.0 -9999.0 -9999.0 -9999.0 -9999.0 -9999.0 -9999.0 -9999.0 -9999.0 -9999.0 -9999.0 -9999.0 -9999.0 -9999.0 -9999.0 -9999.0 -9999.0 -9999.0 -9999.0 -9999.0 -9999.0 -9999.0 -9999.0 -9999.0 -9999.0
 -9999.0 -9999.0 -9999.0 -9999.0 -9999.0 -9999.0 -9999.0 -9999.0 -9999.0 -9999.0 -9999.0 -9999.0 -9999.0 -9999.0 -9999.0 -9999.0 -9999.0 -9999.0 -9999.0 -9999.0 -9999.0 -9999.0 -9999.0 -9999.0 -9999.0 -9999.0 -9999.0 -9999.0 -9999.0 -9999.0 -9999.0 -9999.0 -9999.0 -9999.0 -9999.0 -9999.0 -9999.0 -9999.0 -9999.0 -9999.0 -9999.0 -9999.0 -9999.0 -9999.0 -9999.0 -9999.0 -9999.0 -9999.0 -9999.0 -9999.0 -9999.0 -9999.0 -9999.0 -9999.0 -9999.0 -9999.0 -9999.0 -9999.0 -9999.0 -9999.0 -9999.0 -9999.0 -9999.0 -9999.0 -9999.0 -9999.0 -9999.0 -9999.0 -9999.0 -9999.0 -9999.0 -9999.0 -9999.0 -9999.0 -9999.0 -9999.0 -9999.0 -9999.0 -9999.0 -9999.0 -9999.0 -9999.0 -9999.0 -9999.0 -9999.0 -9999.0 -9999.0 -9999.0 -9999.0 -9999.0 -9999.0 -9999.0 -9999.0 -9999.0 -9999.0 -9999.0 -9999.0 -9999.0 -9999.0 -9999.0 -9999.0 -9999.0 -9999.0 -9999.0 -9999.0 -9999.0 -9999.0 -9999.0 -9999.0 -9999.0 -9999.0 -9999.0 -9999.0 -9999.0 -9999.0 -9999.0 -9999.0 -9999.0 -9999.0 -9999.0 -9999.0 -9999.0 -9999.0 -9999.0 -9999.0 -9999.0 -9999.0 -9999.0
 -9999.0 -9999.0 -9999.0 -9999.0 -9999.0 -9999.0 -9999.0 -9999.0 -9999.0 -9999.0 -9999.0 -9999.0 -9999.0 -9999.0 -9999.0 -9999.0 -9999.0 -9999.0 -9999.0 -9999.0 -9999.0 -9999.0 -9999.0 -9999.0 -9999.0 -9999.0 -9999.0 -9999.0 -9999.0 -9999.0 -9999.0 -9999.0 -9999.0 -9999.0 -9999.0 -9999.0 -9999.0 -9999.0 -9999.0 -9999.0 -9999.0 -9999.0 -9999.0 -9999.0 -9999.0 -9999.0 -9999.0 -9999.0 -9999.0 -9999.0 -9999.0 -9999.0 -9999.0 -9999.0 -9999.0 -9999.0 -9999.0 -9999.0 -9999.0 -9999.0 -9999.0 -9999.0 -9999.0 -9999.0 -9999.0 -9999.0 -9999.0 -9999.0 -9999.0 -9999.0 -9999.0 -9999.0 -9999.0 -9999.0 -9999.0   384.2   356.1   331.2 -9999.0 -9999.0 -9999.0 -9999.0 -9999.0 -9999.0 -9999.0 -9999.0 -9999.0 -9999.0 -9999.0 -9999.0 -9999.0 -9999.0 -9999.0 -9999.0 -9999.0 -9999.0 -9999.0 -9999.0 -9999.0 -9999.0 -9999.0 -9999.0 -9999.0 -9999.0 -9999.0 -9999.0 -9999.0 -9999.0 -9999.0 -9999.0 -9999.0 -9999.0 -9999.0 -9999.0 -9999.0 -9999.0 -9999.0 -9999.0 -9999.0 -9999.0 -9999.0 -9999.0 -9999.0 -9999.0 -9999.0 -9999.0 -9999.0 -9999.0
 -9999.0 -9999.0 -9999.0 -9999.0 -9999.0 -9999.0 -9999.0 -9999.0 -9999.0 -9999.0 -9999.0 -9999.0 -9999.0 -9999.0 -9999.0 -9999.0 -9999.0 -9999.0 -9999.0 -9999.0 -9999.0 -9999.0 -9999.0 -9999.0 -9999.0 -9999.0 -9999.0 -9999.0 -9999.0 -9999.0 -9999.0 -9999.0 -9999.0 -9999.0 -9999.0 -9999.0 -9999.0 -9999.0 -9999.0 -9999.0 -9999.0 -9999.0 -9999.0 -9999.0 -9999.0 -9999.0 -9999.0 -9999.0 -9999.0 -9999.0 -9999.0 -9999.0 -9999.0 -9999.0 -9999.0 -9999.0 -9999.0 -9999.0 -9999.0 -9999.0 -9999.0 -9999.0 -9999.0 -9999.0 -9999.0 -9999.0 -9999.0 -9999.0 -9999.0 -9999.0 -9999.0 -9999.0 -9999.0   365.9   470.9   393.1   370.1 -9999.0 -9999.0 -9999.0 -9999.0 -9999.0 -9999.0 -9999.0 -9999.0 -9999.0 -9999.0 -9999.0 -9999.0 -9999.0 -9999.0 -9999.0 -9999.0 -9999.0 -9999.0 -9999.0 -9999.0 -9999.0 -9999.0 -9999.0 -9999.0 -9999.0 -9999.0 -9999.0 -9999.0 -9999.0 -9999.0 -9999.0 -9999.0 -9999.0 -9999.0 -9999.0 -9999.0 -9999.0 -9999.0 -9999.0 -9999.0 -9999.0 -9999.0 -9999.0 -9999.0 -9999.0 -9999.0 -9999.0 -9999.0 -9999.0 -9999.0 -9999.0
 -9999.0 -9999.0 -9999.0 -9999.0 -9999.0 -9999.0 -9999.0 -9999.0 -9999.0 -9999.0 -9999.0 -9999.0 -9999.0 -9999.0 -9999.0 -9999.0 -9999.0 -9999.0 -9999.0 -9999.0 -9999.0 -9999.0 -9999.0 -9999.0 -9999.0 -9999.0 -9999.0 -9999.0 -9999.0 -9999.0 -9999.0 -9999.0 -9999.0 -9999.0 -9999.0 -9999.0 -9999.0 -9999.0 -9999.0 -9999.0 -9999.0 -9999.0 -9999.0 -9999.0 -9999.0 -9999.0 -9999.0 -9999.0 -9999.0 -9999.0 -9999.0 -9999.0 -9999.0 -9999.0 -9999.0 -9999.0 -9999.0 -9999.0 -9999.0 -9999.0 -9999.0 -9999.0 -9999.0 -9999.0 -9999.0 -9999.0 -9999.0 -9999.0 -9999.0 -9999.0 -9999.0 -9999.0 -9999.0 -9999.0   371.1   415.0   260.4 -9999.0 -9999.0 -9999.0 -9999.0 -9999.0 -9999.0 -9999.0 -9999.0 -9999.0 -9999.0 -9999.0 -9999.0 -9999.0 -9999.0 -9999.0 -9999.0 -9999.0 -9999.0 -9999.0 -9999.0 -9999.0 -9999.0 -9999.0 -9999.0 -9999.0 -9999.0 -9999.0 -9999.0 -9999.0 -9999.0 -9999.0 -9999.0 -9999.0 -9999.0 -9999.0 -9999.0 -9999.0 -9999.0 -9999.0 -9999.0 -9999.0 -9999.0 -9999.0 -9999.0 -9999.0 -9999.0 -9999.0 -9999.0 -9999.0 -9999.0 -9999.0
 -9999.0 -9999.0 -9999.0 -9999.0 -9999.0 -9999.0 -9999.0 -9999.0 -9999.0 -9999.0 -9999.0 -9999.0 -9999.0 -9999.0 -9999.0 -9999.0 -9999.0 -9999.0 -9999.0 -9999.0 -9999.0 -9999.0 -9999.0 -9999.0 -9999.0 -9999.0 -9999.0 -9999.0 -9999.0 -9999.0 -9999.0 -9999.0 -9999.0 -9999.0 -9999.0 -9999.0 -9999.0 -9999.0 -9999.0 -9999.0 -9999.0 -9999.0 -9999.0 -9999.0 -9999.0 -9999.0 -9999.0 -9999.0 -9999.0 -9999.0 -9999.0 -9999.0 -9999.0 -9999.0 -9999.0 -9999.0 -9999.0 -9999.0 -9999.0 -9999.0 -9999.0 -9999.0 -9999.0 -9999.0 -9999.0 -9999.0 -9999.0 -9999.0 -9999.0 -9999.0 -9999.0 -9999.0 -9999.0 -9999.0 -9999.0 -9999.0 -9999.0 -9999.0 -9999.0 -9999.0 -9999.0 -9999.0 -9999.0 -9999.0 -9999.0 -9999.0 -9999.0 -9999.0 -9999.0 -9999.0 -9999.0 -9999.0 -9999.0 -9999.0 -9999.0 -9999.0 -9999.0 -9999.0 -9999.0 -9999.0 -9999.0 -9999.0 -9999.0 -9999.0 -9999.0 -9999.0 -9999.0 -9999.0 -9999.0 -9999.0 -9999.0 -9999.0 -9999.0 -9999.0 -9999.0 -9999.0 -9999.0 -9999.0 -9999.0 -9999.0 -9999.0 -9999.0 -9999.0 -9999.0 -9999.0 -9999.0 -9999.0 -9999.0
