NCOLS      128
NROWS       72
XLLCORNER    72.000000000000    
YLLCORNER    18.000000000000    
CELLSIZE    0.50000000000000    
NODATA_VALUE   -9999.000    
 -9999.0 -9999.0 -9999.0 -9999.0 -9999.0 -9999.0 -9999.0 -9999.0 -9999.0 -9999.0 -9999.0 -9999.0 -9999.0 -9999.0 -9999.0 -9999.0 -9999.0 -9999.0 -9999.0 -9999.0 -9999.0 -9999.0 -9999.0 -9999.0 -9999.0 -9999.0 -9999.0 -9999.0 -9999.0 -9999.0 -9999.0 -9999.0 -9999.0 -9999.0 -9999.0 -9999.0 -9999.0 -9999.0 -9999.0 -9999.0 -9999.0 -9999.0 -9999.0 -9999.0 -9999.0 -9999.0 -9999.0 -9999.0 -9999.0 -9999.0 -9999.0 -9999.0 -9999.0 -9999.0 -9999.0 -9999.0 -9999.0 -9999.0 -9999.0 -9999.0 -9999.0 -9999.0 -9999.0 -9999.0 -9999.0 -9999.0 -9999.0 -9999.0 -9999.0 -9999.0 -9999.0 -9999.0 -9999.0 -9999.0 -9999.0 -9999.0 -9999.0 -9999.0 -9999.0 -9999.0 -9999.0 -9999.0 -9999.0 -9999.0 -9999.0 -9999.0 -9999.0 -9999.0 -9999.0 -9999.0 -9999.0 -9999.0 -9999.0 -9999.0 -9999.0 -9999.0 -9999.0    77.8    79.0    78.4    83.4    81.7    86.2    93.2   108.2 -9999.0 -9999.0 -9999.0 -9999.0 -9999.0 -9999.0 -9999.0 -9999.0 -9999.0 -9999.0 -9999.0 -9999.0 -9999.0 -9999.0 -9999.0 -9999.0 -9999.0 -9999.0 -9999.0 -9999.0 -9999.0 -9999.0 -9999.0
 -9999.0 -9999.0 -9999.0 -9999.0 -9999.0 -9999.0 -9999.0 -9999.0 -9999.0 -9999.0 -9999.0 -9999.0 -9999.0 -9999.0 -9999.0 -9999.0 -9999.0 -9999.0 -9999.0 -9999.0 -9999.0 -9999.0 -9999.0 -9999.0 -9999.0 -9999.0 -9999.0 -9999.0 -9999.0 -9999.0 -9999.0 -9999.0 -9999.0 -9999.0 -9999.0 -9999.0 -9999.0 -9999.0 -9999.0 -9999.0 -9999.0 -9999.0 -9999.0 -9999.0 -9999.0 -9999.0 -9999.0 -9999.0 -9999.0 -9999.0 -9999.0 -9999.0 -9999.0 -9999.0 -9999.0 -9999.0 -9999.0 -9999.0 -9999.0 -9999.0 -9999.0 -9999.0 -9999.0 -9999.0 -9999.0 -9999.0 -9999.0 -9999.0 -9999.0 -9999.0 -9999.0 -9999.0 -9999.0 -9999.0 -9999.0 -9999.0 -9999.0 -9999.0 -9999.0 -9999.0 -9999.0 -9999.0 -9999.0 -9999.0 -9999.0 -9999.0 -9999.0 -9999.0 -9999.0 -9999.0 -9999.0 -9999.0 -9999.0 -9999.0 -9999.0 -9999.0    61.5    66.4    77.7    75.5    81.8    81.0    80.0    84.9    96.1    98.8    99.8    99.6    93.9 -9999.0 -9999.0 -9999.0 -9999.0 -9999.0 -9999.0 -9999.0 -9999.0 -9999.0 -9999.0 -9999.0 -9999.0 -9999.0 -9999.0 -9999.0 -9999.0 -9999.0 -9999.0 -9999.0
 -9999.0 -9999.0 -9999.0 -9999.0 -9999.0 -9999.0 -9999.0 -9999.0 -9999.0 -9999.0 -9999.0 -9999.0 -9999.0 -9999.0 -9999.0 -9999.0 -9999.0 -9999.0 -9999.0 -9999.0 -9999.0 -9999.0 -9999.0 -9999.0 -9999.0 -9999.0 -9999.0 -9999.0 -9999.0 -9999.0 -9999.0 -9999.0 -9999.0 -9999.0 -9999.0 -9999.0 -9999.0 -9999.0 -9999.0 -9999.0 -9999.0 -9999.0 -9999.0 -9999.0 -9999.0 -9999.0 -9999.0 -9999.0 -9999.0 -9999.0 -9999.0 -9999.0 -9999.0 -9999.0 -9999.0 -9999.0 -9999.0 -9999.0 -9999.0 -9999.0 -9999.0 -9999.0 -9999.0 -9999.0 -9999.0 -9999.0 -9999.0 -9999.0 -9999.0 -9999.0 -9999.0 -9999.0 -9999.0 -9999.0 -9999.0 -9999.0 -9999.0 -9999.0 -9999.0 -9999.0 -9999.0 -9999.0 -9999.0 -9999.0 -9999.0 -9999.0 -9999.0 -9999.0 -9999.0 -9999.0 -9999.0 -9999.0 -9999.0 -9999.0 -9999.0    54.6    57.7    63.9    73.8    71.0    73.1    74.6    76.3    84.2    95.0   113.5   102.4    97.8    86.0 -9999.0 -9999.0 -9999.0 -9999.0 -9999.0 -9999.0 -9999.0 -9999.0 -9999.0 -9999.0 -9999.0 -9999.0 -9999.0 -9999.0 -9999.0 -9999.0 -9999.0 -9999.0 -9999.0
 -9999.0 -9999.0 -9999.0 -9999.0 -9999.0 -9999.0 -9999.0 -9999.0 -9999.0 -9999.0 -9999.0 -9999.0 -9999.0 -9999.0 -9999.0 -9999.0 -9999.0 -9999.0 -9999.0 -9999.0 -9999.0 -9999.0 -9999.0 -9999.0 -9999.0 -9999.0 -9999.0 -9999.0 -9999.0 -9999.0 -9999.0 -9999.0 -9999.0 -9999.0 -9999.0 -9999.0 -9999.0 -9999.0 -9999.0 -9999.0 -9999.0 -9999.0 -9999.0 -9999.0 -9999.0 -9999.0 -9999.0 -9999.0 -9999.0 -9999.0 -9999.0 -9999.0 -9999.0 -9999.0 -9999.0 -9999.0 -9999.0 -9999.0 -9999.0 -9999.0 -9999.0 -9999.0 -9999.0 -9999.0 -9999.0 -9999.0 -9999.0 -9999.0 -9999.0 -9999.0 -9999.0 -9999.0 -9999.0 -9999.0 -9999.0 -9999.0 -9999.0 -9999.0 -9999.0 -9999.0 -9999.0 -9999.0 -9999.0 -9999.0 -9999.0 -9999.0 -9999.0 -9999.0 -9999.0 -9999.0 -9999.0 -9999.0 -9999.0 -9999.0 -9999.0    43.5    56.0    51.3    64.5    74.0    80.2    83.4    75.3    83.1    98.6   108.6   101.3    93.9    78.8    69.6 -9999.0 -9999.0 -9999.0 -9999.0 -9999.0 -9999.0 -9999.0 -9999.0 -9999.0 -9999.0 -9999.0 -9999.0 -9999.0 -9999.0 -9999.0 -9999.0 -9999.0 -9999.0
 -9999.0 -9999.0 -9999.0 -9999.0 -9999.0 -9999.0 -9999.0 -9999.0 -9999.0 -9999.0 -9999.0 -9999.0 -9999.0 -9999.0 -9999.0 -9999.0 -9999.0 -9999.0 -9999.0 -9999.0 -9999.0 -9999.0 -9999.0 -9999.0 -9999.0 -9999.0 -9999.0 -9999.0 -9999.0 -9999.0 -9999.0 -9999.0 -9999.0 -9999.0 -9999.0 -9999.0 -9999.0 -9999.0 -9999.0 -9999.0 -9999.0 -9999.0 -9999.0 -9999.0 -9999.0 -9999.0 -9999.0 -9999.0 -9999.0 -9999.0 -9999.0 -9999.0 -9999.0 -9999.0 -9999.0 -9999.0 -9999.0 -9999.0 -9999.0 -9999.0 -9999.0 -9999.0 -9999.0 -9999.0 -9999.0 -9999.0 -9999.0 -9999.0 -9999.0 -9999.0 -9999.0 -9999.0 -9999.0 -9999.0 -9999.0 -9999.0 -9999.0 -9999.0 -9999.0 -9999.0 -9999.0 -9999.0 -9999.0 -9999.0 -9999.0 -9999.0 -9999.0 -9999.0 -9999.0 -9999.0 -9999.0 -9999.0 -9999.0 -9999.0 -9999.0    38.5    40.3    60.6    72.2    76.6    77.3    89.1    87.8    92.4   104.5   115.1   101.0    89.9    77.2    63.7    63.6 -9999.0 -9999.0 -9999.0 -9999.0 -9999.0 -9999.0 -9999.0 -9999.0 -9999.0 -9999.0 -9999.0 -9999.0 -9999.0 -9999.0 -9999.0 -9999.0 -9999.0
 -9999.0 -9999.0 -9999.0 -9999.0 -9999.0 -9999.0 -9999.0 -9999.0 -9999.0 -9999.0 -9999.0 -9999.0 -9999.0 -9999.0 -9999.0 -9999.0 -9999.0 -9999.0 -9999.0 -9999.0 -9999.0 -9999.0 -9999.0 -9999.0 -9999.0 -9999.0 -9999.0 -9999.0 -9999.0 -9999.0 -9999.0 -9999.0 -9999.0 -9999.0 -9999.0 -9999.0 -9999.0 -9999.0 -9999.0 -9999.0 -9999.0 -9999.0 -9999.0 -9999.0 -9999.0 -9999.0 -9999.0 -9999.0 -9999.0 -9999.0 -9999.0 -9999.0 -9999.0 -9999.0 -9999.0 -9999.0 -9999.0 -9999.0 -9999.0 -9999.0 -9999.0 -9999.0 -9999.0 -9999.0 -9999.0 -9999.0 -9999.0 -9999.0 -9999.0 -9999.0 -9999.0 -9999.0 -9999.0 -9999.0 -9999.0 -9999.0 -9999.0 -9999.0 -9999.0 -9999.0 -9999.0 -9999.0 -9999.0 -9999.0 -9999.0 -9999.0 -9999.0 -9999.0 -9999.0 -9999.0 -9999.0 -9999.0 -9999.0 -9999.0    27.4    30.0    39.9    51.5    66.8    82.0    91.4    83.2    93.1    98.6   104.2   107.0    97.2    85.5    75.0    61.3    62.0 -9999.0 -9999.0 -9999.0 -9999.0 -9999.0 -9999.0 -9999.0 -9999.0 -9999.0 -9999.0 -9999.0 -9999.0 -9999.0 -9999.0 -9999.0 -9999.0 -9999.0
 -9999.0 -9999.0 -9999.0 -9999.0 -9999.0 -9999.0 -9999.0 -9999.0 -9999.0 -9999.0 -9999.0 -9999.0 -9999.0 -9999.0 -9999.0 -9999.0 -9999.0 -9999.0 -9999.0 -9999.0 -9999.0 -9999.0 -9999.0 -9999.0 -9999.0 -9999.0 -9999.0 -9999.0 -9999.0 -9999.0 -9999.0 -9999.0 -9999.0 -9999.0 -9999.0 -9999.0 -9999.0 -9999.0 -9999.0 -9999.0 -9999.0 -9999.0 -9999.0 -9999.0 -9999.0 -9999.0 -9999.0 -9999.0 -9999.0 -9999.0 -9999.0 -9999.0 -9999.0 -9999.0 -9999.0 -9999.0 -9999.0 -9999.0 -9999.0 -9999.0 -9999.0 -9999.0 -9999.0 -9999.0 -9999.0 -9999.0 -9999.0 -9999.0 -9999.0 -9999.0 -9999.0 -9999.0 -9999.0 -9999.0 -9999.0 -9999.0 -9999.0 -9999.0 -9999.0 -9999.0 -9999.0 -9999.0 -9999.0 -9999.0 -9999.0 -9999.0 -9999.0 -9999.0 -9999.0 -9999.0 -9999.0 -9999.0 -9999.0 -9999.0    25.6    30.4    35.4    47.1    64.8    75.6    87.4    94.6    99.0   102.0   100.6   100.9    91.0    78.6    73.1    67.3    58.7    61.2 -9999.0 -9999.0 -9999.0 -9999.0 -9999.0 -9999.0 -9999.0 -9999.0 -9999.0 -9999.0 -9999.0 -9999.0 -9999.0 -9999.0 -9999.0 -9999.0
 -9999.0 -9999.0 -9999.0 -9999.0 -9999.0 -9999.0 -9999.0 -9999.0 -9999.0 -9999.0 -9999.0 -9999.0 -9999.0 -9999.0 -9999.0 -9999.0 -9999.0 -9999.0 -9999.0 -9999.0 -9999.0 -9999.0 -9999.0 -9999.0 -9999.0 -9999.0 -9999.0 -9999.0 -9999.0 -9999.0 -9999.0 -9999.0 -9999.0 -9999.0 -9999.0 -9999.0 -9999.0 -9999.0 -9999.0 -9999.0 -9999.0 -9999.0 -9999.0 -9999.0 -9999.0 -9999.0 -9999.0 -9999.0 -9999.0 -9999.0 -9999.0 -9999.0 -9999.0 -9999.0 -9999.0 -9999.0 -9999.0 -9999.0 -9999.0 -9999.0 -9999.0 -9999.0 -9999.0 -9999.0 -9999.0 -9999.0 -9999.0 -9999.0 -9999.0 -9999.0 -9999.0 -9999.0 -9999.0 -9999.0 -9999.0 -9999.0 -9999.0 -9999.0 -9999.0 -9999.0 -9999.0 -9999.0 -9999.0 -9999.0 -9999.0 -9999.0 -9999.0 -9999.0 -9999.0    12.8 -9999.0 -9999.0    18.5    23.6    23.4    24.7    28.8    38.4    53.7    69.1    72.1    87.2    99.7   101.7   100.3    93.4    80.8    78.1    70.5    70.0    61.8    64.7 -9999.0 -9999.0 -9999.0 -9999.0 -9999.0 -9999.0 -9999.0 -9999.0 -9999.0 -9999.0 -9999.0 -9999.0 -9999.0 -9999.0 -9999.0 -9999.0
 -9999.0 -9999.0 -9999.0 -9999.0 -9999.0 -9999.0 -9999.0 -9999.0 -9999.0 -9999.0 -9999.0 -9999.0 -9999.0 -9999.0 -9999.0 -9999.0 -9999.0 -9999.0 -9999.0 -9999.0 -9999.0 -9999.0 -9999.0 -9999.0 -9999.0 -9999.0 -9999.0 -9999.0 -9999.0 -9999.0 -9999.0 -9999.0 -9999.0 -9999.0 -9999.0 -9999.0 -9999.0 -9999.0 -9999.0 -9999.0 -9999.0 -9999.0 -9999.0 -9999.0 -9999.0 -9999.0 -9999.0 -9999.0 -9999.0 -9999.0 -9999.0 -9999.0 -9999.0 -9999.0 -9999.0 -9999.0 -9999.0 -9999.0 -9999.0 -9999.0 -9999.0 -9999.0 -9999.0 -9999.0 -9999.0 -9999.0 -9999.0 -9999.0 -9999.0 -9999.0 -9999.0 -9999.0 -9999.0 -9999.0 -9999.0 -9999.0 -9999.0 -9999.0 -9999.0 -9999.0 -9999.0 -9999.0 -9999.0 -9999.0 -9999.0 -9999.0 -9999.0 -9999.0     7.6     9.0    12.5    14.9    18.2    25.6    26.3    30.3    29.5    35.3    43.3    53.8    68.1    81.3    94.3   106.0   104.1    91.0    73.2    62.1    60.0    64.5    69.3    68.1    76.8    85.1    91.4    97.9 -9999.0 -9999.0 -9999.0 -9999.0 -9999.0 -9999.0 -9999.0 -9999.0 -9999.0 -9999.0 -9999.0 -9999.0
 -9999.0 -9999.0 -9999.0 -9999.0 -9999.0 -9999.0 -9999.0 -9999.0 -9999.0 -9999.0 -9999.0 -9999.0 -9999.0 -9999.0 -9999.0 -9999.0 -9999.0 -9999.0 -9999.0 -9999.0 -9999.0 -9999.0 -9999.0 -9999.0 -9999.0 -9999.0 -9999.0 -9999.0 -9999.0    70.5    81.6    84.6    82.2 -9999.0 -9999.0 -9999.0 -9999.0 -9999.0 -9999.0 -9999.0 -9999.0 -9999.0 -9999.0 -9999.0 -9999.0 -9999.0 -9999.0 -9999.0 -9999.0 -9999.0 -9999.0 -9999.0 -9999.0 -9999.0 -9999.0 -9999.0 -9999.0 -9999.0 -9999.0 -9999.0 -9999.0 -9999.0 -9999.0 -9999.0 -9999.0 -9999.0 -9999.0 -9999.0 -9999.0 -9999.0 -9999.0 -9999.0 -9999.0 -9999.0 -9999.0 -9999.0 -9999.0 -9999.0 -9999.0 -9999.0 -9999.0 -9999.0 -9999.0 -9999.0 -9999.0 -9999.0 -9999.0     6.4     6.9     8.5    11.1    13.5    19.4    25.8    30.7    30.5    31.1    30.9    41.1    45.7    51.6    63.2    83.5    94.7    97.5    82.0    59.6    48.2    51.3    58.0    67.3    75.3    89.0    94.9   102.8   103.0   110.9   127.3 -9999.0 -9999.0 -9999.0 -9999.0 -9999.0 -9999.0 -9999.0 -9999.0 -9999.0 -9999.0
 -9999.0 -9999.0 -9999.0 -9999.0 -9999.0 -9999.0 -9999.0 -9999.0 -9999.0 -9999.0 -9999.0 -9999.0 -9999.0 -9999.0 -9999.0 -9999.0 -9999.0 -9999.0 -9999.0 -9999.0 -9999.0 -9999.0 -9999.0 -9999.0 -9999.0 -9999.0 -9999.0    33.3    50.5    47.4    75.3    74.5    82.1    61.2 -9999.0 -9999.0 -9999.0 -9999.0 -9999.0 -9999.0 -9999.0 -9999.0 -9999.0 -9999.0 -9999.0 -9999.0 -9999.0 -9999.0 -9999.0 -9999.0 -9999.0 -9999.0 -9999.0 -9999.0 -9999.0 -9999.0 -9999.0 -9999.0 -9999.0 -9999.0 -9999.0 -9999.0 -9999.0 -9999.0 -9999.0 -9999.0 -9999.0 -9999.0 -9999.0 -9999.0 -9999.0 -9999.0 -9999.0 -9999.0 -9999.0 -9999.0 -9999.0 -9999.0 -9999.0 -9999.0 -9999.0 -9999.0 -9999.0 -9999.0 -9999.0 -9999.0 -9999.0     7.7     7.8     7.4     9.4    13.6    19.9    28.3    33.7    35.7    33.4    35.4    35.1    40.1    42.2    50.1    66.0    77.5    77.1    65.6    48.6    39.6    36.3    45.1    65.7    86.5   107.5   113.9   118.8   127.1   128.8   136.0 -9999.0 -9999.0 -9999.0 -9999.0 -9999.0   108.5   119.4   135.3   149.4 -9999.0
 -9999.0 -9999.0 -9999.0 -9999.0 -9999.0 -9999.0 -9999.0 -9999.0 -9999.0 -9999.0 -9999.0 -9999.0 -9999.0 -9999.0 -9999.0 -9999.0 -9999.0 -9999.0 -9999.0 -9999.0 -9999.0 -9999.0 -9999.0 -9999.0 -9999.0 -9999.0    14.9    13.7    22.8    29.4    36.3    41.7    87.1    65.6    70.7    70.1    75.1 -9999.0 -9999.0 -9999.0 -9999.0 -9999.0 -9999.0 -9999.0 -9999.0 -9999.0 -9999.0 -9999.0 -9999.0 -9999.0 -9999.0 -9999.0 -9999.0 -9999.0 -9999.0 -9999.0 -9999.0 -9999.0 -9999.0 -9999.0 -9999.0 -9999.0 -9999.0 -9999.0 -9999.0 -9999.0 -9999.0 -9999.0 -9999.0 -9999.0 -9999.0 -9999.0 -9999.0 -9999.0 -9999.0 -9999.0 -9999.0 -9999.0 -9999.0 -9999.0 -9999.0 -9999.0 -9999.0 -9999.0 -9999.0 -9999.0     8.3     7.7     7.3     7.8    10.9    15.3    22.1    30.9    37.1    41.7    39.8    39.5    38.1    32.6    35.2    41.0    49.6    57.5    55.7    46.8    35.1    29.0    29.6    42.4    66.8    91.9   114.2   121.6   138.6   138.0   124.1   127.7   143.7 -9999.0 -9999.0    82.2    80.6    88.7   100.7   132.8   133.0 -9999.0
 -9999.0 -9999.0 -9999.0 -9999.0 -9999.0 -9999.0 -9999.0 -9999.0 -9999.0 -9999.0 -9999.0 -9999.0 -9999.0 -9999.0 -9999.0 -9999.0 -9999.0 -9999.0 -9999.0 -9999.0 -9999.0 -9999.0 -9999.0 -9999.0 -9999.0 -9999.0    10.4    15.4    17.9    17.9    16.7    20.3    17.6    37.5    42.4    62.8   103.0    61.7 -9999.0 -9999.0 -9999.0 -9999.0 -9999.0 -9999.0 -9999.0 -9999.0 -9999.0 -9999.0 -9999.0 -9999.0 -9999.0 -9999.0 -9999.0 -9999.0 -9999.0 -9999.0 -9999.0 -9999.0 -9999.0 -9999.0 -9999.0 -9999.0 -9999.0 -9999.0 -9999.0 -9999.0 -9999.0 -9999.0 -9999.0 -9999.0 -9999.0 -9999.0 -9999.0 -9999.0 -9999.0 -9999.0 -9999.0 -9999.0 -9999.0 -9999.0 -9999.0 -9999.0 -9999.0 -9999.0 -9999.0 -9999.0     9.5     8.2     8.5    10.2    13.3    18.7    27.6    36.6    45.2    48.3    49.7    42.8    34.6    32.8    34.0    39.6    46.2    46.5    42.2    32.7    24.5    23.6    29.9    43.1    64.6    93.2   120.2   120.0   124.9   160.9   125.8   120.0   106.4    93.1    76.6    67.2    66.8    72.7    83.2    95.4   111.6 -9999.0
 -9999.0 -9999.0 -9999.0 -9999.0 -9999.0 -9999.0 -9999.0 -9999.0 -9999.0 -9999.0 -9999.0 -9999.0 -9999.0 -9999.0 -9999.0 -9999.0 -9999.0 -9999.0 -9999.0 -9999.0 -9999.0    66.2    73.6    49.0    30.7    35.5    46.9    53.1    37.9    25.9    16.2    14.5    11.6    12.5    20.7    26.5    64.3    64.6    79.2 -9999.0 -9999.0 -9999.0 -9999.0 -9999.0 -9999.0 -9999.0 -9999.0 -9999.0 -9999.0 -9999.0 -9999.0 -9999.0 -9999.0 -9999.0 -9999.0 -9999.0 -9999.0 -9999.0 -9999.0 -9999.0 -9999.0 -9999.0 -9999.0 -9999.0 -9999.0 -9999.0 -9999.0 -9999.0 -9999.0 -9999.0 -9999.0 -9999.0 -9999.0 -9999.0 -9999.0 -9999.0 -9999.0 -9999.0 -9999.0 -9999.0 -9999.0 -9999.0 -9999.0 -9999.0 -9999.0 -9999.0 -9999.0    11.8 -9999.0 -9999.0    17.2 -9999.0 -9999.0    46.1    53.0    56.3    55.6    46.0    36.3    36.8    33.9    40.8    44.4    41.6    35.4    29.1    24.8    27.2    31.6    45.0    60.0    77.1   101.6   124.6   127.7   134.9   115.0   110.0   101.8    85.8    74.9    56.9    54.9    59.8    71.6    95.8 -9999.0 -9999.0
 -9999.0 -9999.0 -9999.0 -9999.0 -9999.0 -9999.0 -9999.0 -9999.0 -9999.0 -9999.0 -9999.0 -9999.0 -9999.0 -9999.0 -9999.0 -9999.0 -9999.0 -9999.0 -9999.0 -9999.0 -9999.0    11.7    18.4    28.1    35.6    99.8    57.7    48.8    46.1    35.1    21.5    18.3    17.6    11.9    11.0    13.2    22.6    65.6    40.0 -9999.0 -9999.0 -9999.0 -9999.0 -9999.0 -9999.0 -9999.0 -9999.0 -9999.0 -9999.0 -9999.0 -9999.0 -9999.0 -9999.0 -9999.0 -9999.0 -9999.0 -9999.0 -9999.0 -9999.0 -9999.0 -9999.0 -9999.0 -9999.0 -9999.0 -9999.0 -9999.0 -9999.0 -9999.0 -9999.0 -9999.0 -9999.0 -9999.0 -9999.0 -9999.0 -9999.0 -9999.0 -9999.0 -9999.0 -9999.0 -9999.0 -9999.0 -9999.0 -9999.0 -9999.0 -9999.0 -9999.0 -9999.0 -9999.0 -9999.0    16.8    22.3    31.6    44.5    54.5    60.8    61.7    53.6    46.0    38.2    33.0    33.0    37.0    37.8    35.5    32.5    30.4    31.0    33.1    35.6    42.7    52.1    66.7    92.0   120.4   137.9   108.9   106.2   107.1    96.6    76.9    58.8    49.6    53.1    70.4    59.7 -9999.0 -9999.0 -9999.0
 -9999.0 -9999.0 -9999.0 -9999.0 -9999.0 -9999.0 -9999.0 -9999.0 -9999.0 -9999.0 -9999.0 -9999.0 -9999.0 -9999.0 -9999.0 -9999.0 -9999.0 -9999.0 -9999.0 -9999.0    11.8    23.6    21.9    40.0    53.2    39.5    33.1    41.7    35.8    33.3    31.9    22.1    20.7    17.3    12.9    10.6    22.8    20.3    21.7 -9999.0 -9999.0 -9999.0 -9999.0 -9999.0 -9999.0 -9999.0 -9999.0 -9999.0 -9999.0 -9999.0 -9999.0 -9999.0 -9999.0 -9999.0 -9999.0 -9999.0 -9999.0 -9999.0 -9999.0 -9999.0 -9999.0 -9999.0 -9999.0 -9999.0 -9999.0 -9999.0 -9999.0 -9999.0 -9999.0 -9999.0 -9999.0 -9999.0 -9999.0 -9999.0 -9999.0 -9999.0 -9999.0 -9999.0 -9999.0 -9999.0 -9999.0 -9999.0 -9999.0 -9999.0 -9999.0 -9999.0 -9999.0 -9999.0    18.9    20.8    26.4    36.4    50.0    61.0    64.3    60.9    52.0    46.8    39.2    34.8    36.4    37.5    35.5    32.8    31.9    33.5    37.8    40.7    42.3    44.2    48.5    58.0    84.3   100.6   105.1   109.6   104.2   106.2   108.0    84.4    55.1    49.3    47.1    50.2    57.5 -9999.0 -9999.0 -9999.0
 -9999.0 -9999.0 -9999.0 -9999.0 -9999.0 -9999.0 -9999.0 -9999.0 -9999.0 -9999.0 -9999.0 -9999.0 -9999.0 -9999.0 -9999.0 -9999.0 -9999.0 -9999.0    70.3    34.8    19.4   196.7   113.0   130.1    92.1    66.4    30.5    33.3    35.4    39.4    34.0    30.7    27.5    20.9    16.5    16.3    16.8    12.9    11.2 -9999.0 -9999.0 -9999.0 -9999.0 -9999.0 -9999.0 -9999.0 -9999.0 -9999.0 -9999.0 -9999.0 -9999.0 -9999.0 -9999.0 -9999.0 -9999.0 -9999.0 -9999.0 -9999.0 -9999.0 -9999.0 -9999.0 -9999.0 -9999.0 -9999.0 -9999.0 -9999.0 -9999.0 -9999.0 -9999.0 -9999.0 -9999.0 -9999.0 -9999.0 -9999.0 -9999.0 -9999.0 -9999.0 -9999.0 -9999.0 -9999.0 -9999.0 -9999.0 -9999.0 -9999.0    34.7    31.5    28.3    24.6    22.9    24.4    29.1    38.9    51.6    61.5    61.8    56.1    46.5    41.1    36.1    35.6    39.7    42.9    40.3    36.1    34.8    36.9    41.6    47.9    50.4    53.4    57.9    69.4    90.2    98.7   116.4   117.2   143.9   103.1    96.4    72.9    61.7    49.5    47.3    50.3 -9999.0 -9999.0 -9999.0 -9999.0
 -9999.0 -9999.0 -9999.0 -9999.0 -9999.0 -9999.0 -9999.0 -9999.0 -9999.0 -9999.0 -9999.0 -9999.0 -9999.0 -9999.0 -9999.0   103.7   146.9   213.2   230.7    91.4   106.0    31.2   120.4    59.0    38.4    27.0    30.0    36.9    40.0    41.4    38.0    32.4    28.9    22.5    25.6    23.3    17.0    58.4    26.7    17.7    24.3    29.8    33.9    44.0 -9999.0 -9999.0 -9999.0 -9999.0 -9999.0 -9999.0 -9999.0 -9999.0 -9999.0 -9999.0 -9999.0 -9999.0 -9999.0 -9999.0 -9999.0 -9999.0 -9999.0 -9999.0 -9999.0 -9999.0 -9999.0 -9999.0 -9999.0 -9999.0 -9999.0 -9999.0 -9999.0 -9999.0 -9999.0 -9999.0 -9999.0 -9999.0 -9999.0 -9999.0 -9999.0    40.9    41.1    40.0    38.8    39.0    38.5    35.6    32.7    30.2    28.7    28.4    31.9    39.4    49.5    55.4    53.7    48.1    40.6    37.3    34.7    35.0    40.1    45.8    45.1    41.3    39.6    42.1    47.5    56.3    64.8    68.9    80.4    90.5    98.5   107.3   155.9   115.7   108.1   101.8    89.5    74.9    59.6    53.4    50.9    59.1 -9999.0 -9999.0 -9999.0 -9999.0
 -9999.0 -9999.0 -9999.0 -9999.0 -9999.0 -9999.0 -9999.0 -9999.0 -9999.0 -9999.0 -9999.0 -9999.0 -9999.0 -9999.0 -9999.0   240.5   204.1   233.3   142.6    70.4    11.7     9.4    12.4    21.1    22.1    22.2    21.8    25.5    31.8    32.6    29.9    25.3    23.7    15.7    12.4    10.7     7.1    11.0     7.1     9.0     9.0     5.3     8.1    14.3    18.8    39.5   130.6 -9999.0 -9999.0 -9999.0 -9999.0 -9999.0 -9999.0 -9999.0 -9999.0 -9999.0 -9999.0 -9999.0 -9999.0 -9999.0 -9999.0 -9999.0 -9999.0 -9999.0 -9999.0 -9999.0 -9999.0 -9999.0 -9999.0 -9999.0 -9999.0 -9999.0 -9999.0 -9999.0 -9999.0 -9999.0 -9999.0 -9999.0    40.6    39.7    38.4    38.6    38.2    37.5    37.6    36.5    36.1    36.4    35.6    34.2    34.0    38.5    44.4    48.8    44.5    39.2    35.5    34.9    34.6    33.8    36.8    41.2    43.1    43.5    45.6    52.1    59.0    68.7    83.6    88.7    93.5   103.1   136.3   138.7   132.6   105.3   123.9   120.9   105.9    87.5    66.1    59.9    64.4 -9999.0 -9999.0 -9999.0 -9999.0 -9999.0
 -9999.0 -9999.0 -9999.0 -9999.0 -9999.0 -9999.0 -9999.0 -9999.0 -9999.0 -9999.0 -9999.0 -9999.0 -9999.0 -9999.0 -9999.0 -9999.0    59.3    46.3    59.5   105.2   150.6    67.6   186.2   109.2    54.5    43.7    29.8    19.7    23.1    24.6    23.8    19.6    18.1    15.4    14.2    13.9    13.0    12.8    13.3    19.0    27.1    19.0    17.1    10.8    11.1    13.7    20.8    33.9 -9999.0 -9999.0 -9999.0 -9999.0 -9999.0 -9999.0 -9999.0 -9999.0 -9999.0 -9999.0 -9999.0 -9999.0 -9999.0 -9999.0 -9999.0 -9999.0 -9999.0 -9999.0 -9999.0 -9999.0 -9999.0 -9999.0 -9999.0 -9999.0 -9999.0 -9999.0 -9999.0 -9999.0 -9999.0 -9999.0    39.4    34.8    33.3    32.7    30.2    30.7    33.5    35.6    37.8    41.7    41.8    36.8    37.1    38.8    39.8    45.9    44.4    36.0    33.0    35.2    35.6    33.7    33.9    36.1    38.6    43.4    50.3    54.8    64.3    79.2   101.5   114.2   117.0   138.3   150.5   117.3   104.0   118.8   115.3   107.7   113.7    86.7 -9999.0 -9999.0 -9999.0 -9999.0 -9999.0 -9999.0 -9999.0 -9999.0
 -9999.0 -9999.0 -9999.0 -9999.0 -9999.0 -9999.0 -9999.0 -9999.0 -9999.0 -9999.0 -9999.0 -9999.0 -9999.0 -9999.0 -9999.0 -9999.0    43.8    40.7    35.2    28.1    59.7    57.8    78.2   111.3   156.3   158.6   136.9    59.3   151.6   109.5    45.5    60.9   169.7   134.3    42.3    29.9    37.2    27.3    25.3    33.9    44.0    29.9    44.9   123.2    20.4     7.4     5.4    10.6 -9999.0 -9999.0 -9999.0 -9999.0 -9999.0 -9999.0 -9999.0 -9999.0 -9999.0 -9999.0 -9999.0 -9999.0 -9999.0 -9999.0 -9999.0 -9999.0 -9999.0 -9999.0 -9999.0 -9999.0 -9999.0 -9999.0 -9999.0 -9999.0 -9999.0 -9999.0 -9999.0 -9999.0 -9999.0    33.0    32.6    29.2    26.0    23.0    23.3    26.7    29.6    34.4    39.6    44.8    46.3    41.3    35.4    40.1    54.8    56.5    49.2    40.7    37.3    40.3    42.1    40.6    39.4    38.9    38.9    43.7    50.4    59.8    70.4    84.1   105.8   122.6   122.2   108.9   101.8    96.4   115.2   107.2   104.8    98.6   111.7 -9999.0 -9999.0 -9999.0 -9999.0 -9999.0 -9999.0 -9999.0 -9999.0 -9999.0
 -9999.0 -9999.0 -9999.0 -9999.0 -9999.0 -9999.0 -9999.0 -9999.0 -9999.0 -9999.0 -9999.0 -9999.0 -9999.0 -9999.0 -9999.0 -9999.0   145.4   147.5   144.0    67.1    42.7    54.5   114.6    93.2    88.1    84.1   144.0   145.9   127.8   135.0   141.8   109.4    52.1    35.4    56.7    62.3    39.6    18.8    16.6     8.6    13.7    20.4    30.6    93.8    92.5    41.7    13.9     6.5    23.6    33.5    25.5 -9999.0 -9999.0 -9999.0 -9999.0 -9999.0 -9999.0 -9999.0 -9999.0 -9999.0 -9999.0 -9999.0 -9999.0 -9999.0 -9999.0 -9999.0 -9999.0 -9999.0 -9999.0 -9999.0 -9999.0 -9999.0 -9999.0 -9999.0 -9999.0 -9999.0    34.4    32.6    32.4    25.4    21.5    19.1    18.5    22.4    28.2    34.8    40.4    44.2    44.8    42.3    38.6    44.3    53.8    63.8    59.3    51.8    50.0    53.3    56.5    56.7    56.0    52.9    49.5    51.5    59.7    73.0    79.8    92.3   111.3   117.0   108.0   121.3    96.5    91.8    97.1    82.0   124.1   112.2    90.3    70.1 -9999.0 -9999.0 -9999.0 -9999.0 -9999.0 -9999.0 -9999.0 -9999.0
 -9999.0 -9999.0 -9999.0 -9999.0 -9999.0 -9999.0 -9999.0 -9999.0 -9999.0 -9999.0 -9999.0 -9999.0 -9999.0 -9999.0 -9999.0   103.9    79.9    81.1   129.6   145.1   143.6   147.8   124.6    89.7    77.5   100.1   105.4    79.2    82.8   122.2   131.9    62.9     7.9     4.2     4.1     6.1    15.1     9.0     4.0     3.5     1.2     2.1     5.9     8.0    16.9    35.6    31.3    22.8    22.9    17.8    15.8    13.5    15.2    25.7    15.7    14.5    11.0    11.3    13.1    17.1    19.8 -9999.0 -9999.0 -9999.0 -9999.0 -9999.0 -9999.0 -9999.0 -9999.0    27.2    26.4    28.5    33.7    36.3    38.2    34.0    35.9    29.3    25.9    24.9    19.6    16.0    16.6    22.1    29.5    36.8    42.1    45.9    46.7    45.6    42.8    43.8    45.6    57.5    63.2    64.4    67.8    73.5    77.7    76.8    74.1    68.2    63.5    68.5    78.9    79.9    90.1    94.7    93.6   107.9   100.6    89.8    79.8    90.9    65.9    60.5    55.6    59.3 -9999.0 -9999.0 -9999.0 -9999.0 -9999.0 -9999.0 -9999.0 -9999.0 -9999.0 -9999.0
 -9999.0 -9999.0 -9999.0 -9999.0 -9999.0 -9999.0 -9999.0 -9999.0 -9999.0 -9999.0 -9999.0 -9999.0 -9999.0 -9999.0   125.4   168.4   172.7   117.5   133.0   133.2    93.7    49.5    53.2    78.3    61.5    74.4    80.1    16.0    11.8    17.3    29.3    55.6    28.2    45.6    31.6    22.1    22.3    20.3    18.4    11.7     6.4     4.8     4.4     4.8     8.0    14.5    19.7    36.9    35.2    31.0    26.8    20.5    21.2    14.7     9.0    10.2     7.2     6.6     6.0     9.1    13.9    17.5    20.5    25.0    31.7    39.2    29.5    25.5    18.4    19.6    26.1    34.4    36.1    40.2    42.3    39.1    37.3    34.7    29.8    27.4    21.7    18.0    22.0    26.6    33.5    41.3    45.9    50.3    52.0    54.4    50.5    47.4    59.3    64.0    71.6    76.6    86.7    96.1    96.1    93.1    81.0    73.1    72.8    74.6    87.6   101.4   112.3   112.0   107.5   123.6    94.1   100.1   110.9    77.5    78.7    64.7    51.1 -9999.0 -9999.0 -9999.0 -9999.0 -9999.0 -9999.0 -9999.0 -9999.0 -9999.0 -9999.0 -9999.0
 -9999.0 -9999.0 -9999.0 -9999.0 -9999.0 -9999.0 -9999.0 -9999.0 -9999.0 -9999.0 -9999.0 -9999.0   142.7   137.8   143.8    72.3   113.9    53.7    31.7    21.0    20.6    22.9    19.8    17.3    14.3     9.6     6.4     5.4     9.1    14.6    22.8    34.1    51.7    41.4    26.1    28.6    31.3    27.7    18.9    17.6    14.2    14.6    15.8    17.1    21.1    36.8    47.4    49.7    55.6    35.1    28.0    21.3    22.2    19.4    11.6     8.9     7.8     6.7     6.0     6.3     8.8    13.3    15.1    17.6    17.4    20.4    22.5    20.1    23.8    26.8    35.4    43.0    38.9    49.0    55.1    53.1    49.1    45.3    39.6    31.2    29.9    25.5    31.5    32.5    38.6    47.4    54.4    59.3    59.8    69.1    72.6    74.0    61.5    64.5    78.0    88.9   104.6   111.3   114.3   109.2    88.1    80.8    78.4    85.0   113.1   118.8   127.8   130.3   134.8   109.1   117.0   137.6   108.7    97.9   155.4 -9999.0 -9999.0 -9999.0 -9999.0 -9999.0 -9999.0 -9999.0 -9999.0 -9999.0 -9999.0 -9999.0 -9999.0 -9999.0
 -9999.0 -9999.0 -9999.0 -9999.0 -9999.0 -9999.0 -9999.0 -9999.0 -9999.0    99.4   137.4   119.1   109.7    55.3    17.8    15.8    15.7    16.4    14.2    12.4    12.6    14.3    15.0    14.1    11.6     8.6     6.3     5.4     6.4     9.7    18.7    45.3    45.6    35.0    35.3    40.8    28.9    18.1    12.0     9.7    13.7    17.8    14.3    18.8    26.8    43.1    53.9    54.6    48.9    51.5    28.3    19.0    15.9    18.6    25.9    12.6     8.4     6.9     5.9     7.6     9.5    13.0    15.9    16.3    14.2    20.2    23.0    21.1    31.7    46.2    20.1    19.7    24.4    34.0    46.7    47.9    47.3    49.2    41.5    41.1    42.1    41.1    35.6    37.0    43.9    57.1    58.5    74.2    79.0    97.8    99.6    96.4    89.4    83.2    86.5    98.4   111.4   118.8   109.8   100.1    94.4    91.9    91.6   107.4   140.4   170.5   170.5   146.5   127.6   157.5   155.8   138.9   109.2 -9999.0 -9999.0 -9999.0 -9999.0 -9999.0 -9999.0 -9999.0 -9999.0 -9999.0 -9999.0 -9999.0 -9999.0 -9999.0 -9999.0 -9999.0
 -9999.0 -9999.0 -9999.0 -9999.0 -9999.0    34.6    85.8    72.5    77.9    86.0    59.4    66.9    63.3    32.5    20.8    14.5    11.2    12.7    12.9    12.7    12.6    13.3    13.9    13.0    11.2     9.0     7.0     6.1     6.9     9.3    13.3    17.8    20.0    20.7    21.5    18.6    13.8    11.0     8.6    10.8    14.9    12.3    17.6    32.0    32.4    35.1    29.0    30.3    28.1    23.4    25.3    19.5    23.8    26.2    25.3    13.5     8.9     6.8     5.9     8.5    12.4    19.4    21.2    21.8    27.9    28.7    25.1    30.5    36.1    13.6    13.1    15.5    19.9    29.9    44.5    37.1    33.5    35.9    23.3    21.5    31.9    36.7    40.6    43.9    50.9    76.9    89.2   107.7   111.2   119.6   119.9   114.9   100.6    92.7    93.5    99.4   105.7   102.8 -9999.0 -9999.0    94.3   103.6   138.4   141.2   131.3   142.7   141.9   159.7   163.9 -9999.0 -9999.0 -9999.0 -9999.0 -9999.0 -9999.0 -9999.0 -9999.0 -9999.0 -9999.0 -9999.0 -9999.0 -9999.0 -9999.0 -9999.0 -9999.0 -9999.0 -9999.0 -9999.0
 -9999.0 -9999.0 -9999.0    20.5    12.8    45.9    42.5    46.1    49.5    17.2    11.1    12.8    22.8    10.4     6.6     7.7     9.3    11.1    12.8    13.4    13.7    14.0    14.5    14.3    13.1    10.4     8.4     7.0     8.9     9.5    11.6    14.0    14.8    14.5    13.3    11.5     9.5     7.6     6.1     5.3     7.2     7.5     9.7    16.2    24.2    26.0    26.6    35.5    27.2    28.2    16.7     9.9    10.7    12.3    12.3    11.3    12.6    10.7     8.5     9.0    11.2    14.8    21.6    31.1    30.9    28.3    44.2    20.7    12.5     9.4    11.7    12.7    17.9    23.7    26.2    25.3    23.0    20.9    21.6    26.7    36.0    56.1    45.6    50.0    60.3    75.8    95.3   113.7   126.7   119.6   114.6   100.9    87.1    90.6    98.5   100.6    91.0 -9999.0 -9999.0 -9999.0   106.2   140.0   124.3   129.5   132.8   152.6   153.4 -9999.0 -9999.0 -9999.0 -9999.0 -9999.0 -9999.0 -9999.0 -9999.0 -9999.0 -9999.0 -9999.0 -9999.0 -9999.0 -9999.0 -9999.0 -9999.0 -9999.0 -9999.0 -9999.0 -9999.0 -9999.0
 -9999.0 -9999.0    13.3    15.7    16.2     9.4     9.3     8.2     4.4     4.3     3.8     3.5     3.4     3.7     4.6     5.8     7.7     9.6    11.7    13.1    14.1    15.1    16.0    16.5    15.6    13.1    11.9    11.0     9.7    10.5    10.0    10.6    10.1     9.5     8.6     7.1     6.0     6.2     7.6     8.9    10.8    19.1    31.3    45.6    55.1    79.0   135.6   128.9   102.1    72.0    74.9    45.8    21.9    13.8    14.6    22.9    13.4    12.5     8.6     8.4     7.4    17.5    15.1    22.3    25.5    28.4    24.6    13.7     9.9     5.4    10.5    10.7    14.1    20.2    24.6    23.8    23.5    20.3    26.2    37.4    52.9    63.7    54.9    61.3    63.1    74.4    86.7   102.1   104.5    96.3    82.4    76.3    74.1    76.3    88.4 -9999.0 -9999.0 -9999.0 -9999.0   121.8   133.8   141.1   144.9   145.3 -9999.0 -9999.0 -9999.0 -9999.0 -9999.0 -9999.0 -9999.0 -9999.0 -9999.0 -9999.0 -9999.0 -9999.0 -9999.0 -9999.0 -9999.0 -9999.0 -9999.0 -9999.0 -9999.0 -9999.0 -9999.0 -9999.0 -9999.0 -9999.0
 -9999.0 -9999.0    17.8    24.6    43.2    24.5     4.5     3.7     4.3     4.1     3.6     2.8     2.5     2.7     3.4     4.6     6.0     7.7     9.8    11.7    13.4    15.2    17.3    17.7    17.5    16.1    14.8    13.5    12.2    11.4    10.0     7.9     6.9     7.0     6.6     9.6    13.7    17.0    16.4    18.0    17.7    37.1    69.0   107.2   101.3   125.7   142.2   127.6   144.4   127.3   116.2   138.2   125.2   104.5    39.0    26.1    15.4    24.6    11.9    14.3    15.7    12.3    17.9    19.8    22.8    23.1    17.9    14.8    15.7     3.4     5.3     8.1    13.9    19.7    22.3    20.9    17.1    20.8    24.9    42.1    57.2    64.0    79.0    81.5    75.1    73.8    73.0    72.5    71.6    68.8    64.3    63.5    67.1    75.0 -9999.0 -9999.0 -9999.0 -9999.0 -9999.0   152.6 -9999.0 -9999.0 -9999.0 -9999.0 -9999.0 -9999.0 -9999.0 -9999.0 -9999.0 -9999.0 -9999.0 -9999.0 -9999.0 -9999.0 -9999.0 -9999.0 -9999.0 -9999.0 -9999.0 -9999.0 -9999.0 -9999.0 -9999.0 -9999.0 -9999.0 -9999.0 -9999.0 -9999.0
 -9999.0 -9999.0    10.4    21.6    25.3    22.7    17.4    21.1     6.3     4.9     4.1     3.1     2.6     2.5     3.0     3.5     4.8     5.9     7.7     9.8    12.0    14.6    17.0    18.6    19.6    19.6    18.8    17.3    14.7    11.9     9.8     8.4    23.1    30.3    28.1    29.4    20.9    20.4    23.9    23.5    18.1    25.6    33.1    56.3    70.5    89.9   103.8   113.7   110.4   109.7   139.2   115.5   115.7   133.9   116.3    94.8    37.8    21.5    24.8    25.7    10.0    12.3    15.9    18.6    21.0    21.7    16.8    24.9     4.0     3.3     6.7    10.1    16.4    23.6    23.6    21.6    20.0    21.7    37.3    54.7    71.5    61.9    86.9    99.7    66.7    63.0    58.6    51.0    48.4    52.5    53.7 -9999.0 -9999.0 -9999.0 -9999.0 -9999.0 -9999.0 -9999.0 -9999.0 -9999.0 -9999.0 -9999.0 -9999.0 -9999.0 -9999.0 -9999.0 -9999.0 -9999.0 -9999.0 -9999.0 -9999.0 -9999.0 -9999.0 -9999.0 -9999.0 -9999.0 -9999.0 -9999.0 -9999.0 -9999.0 -9999.0 -9999.0 -9999.0 -9999.0 -9999.0 -9999.0 -9999.0 -9999.0
 -9999.0 -9999.0 -9999.0    16.8    13.2    22.2    26.0    26.1    22.1    10.1     5.7     4.2     3.0     2.6     2.5     2.8     3.4     4.4     6.1     8.4    10.6    13.5    16.3    18.5    20.4    21.7    21.7    20.4    18.3    18.3    23.5    37.0    31.0    43.6    44.2    29.9    17.5    14.1    15.7    12.2    13.0    16.2    23.2    32.0    44.0    64.8    88.0    99.4   114.1   113.3   110.4   111.2   116.7   134.2   118.5   119.2    96.8    77.9    60.2    29.5    18.6    15.7    19.9    20.9    20.4    17.2    15.3    17.5     4.0     7.3    13.4    16.0    22.0    24.9    23.9    19.2    20.6    23.4    39.9    41.8    63.1    71.3    99.6    80.2    65.4    60.2    53.0    46.4    46.8    51.8    51.4    45.2 -9999.0 -9999.0 -9999.0 -9999.0 -9999.0 -9999.0 -9999.0 -9999.0 -9999.0 -9999.0 -9999.0 -9999.0 -9999.0 -9999.0 -9999.0 -9999.0 -9999.0 -9999.0 -9999.0 -9999.0 -9999.0 -9999.0 -9999.0 -9999.0 -9999.0 -9999.0 -9999.0 -9999.0 -9999.0 -9999.0 -9999.0 -9999.0 -9999.0 -9999.0 -9999.0 -9999.0
 -9999.0 -9999.0 -9999.0 -9999.0 -9999.0    12.6    10.4    14.0    25.0    13.9     8.7     6.1     3.7     2.8     2.5     2.6     2.7     3.4     5.1     7.4    10.8    13.1    15.5    18.7    21.7    24.6    27.8    29.5    38.9    41.7    38.9    42.8    42.2    37.3    45.4    29.8    28.8    25.3    16.6    12.1    11.8    13.0    15.4    20.9    27.9    37.1    48.2    77.7    80.1   101.4    95.1   118.3   114.6   109.9   115.6   114.6   115.6   114.4    99.2    93.8    78.3    27.3    30.5    27.2    25.9    19.5    16.2    10.3     7.5    12.2    19.0    22.8    26.3    27.9    27.7    23.0    21.3    18.5    29.5    40.2    52.5    52.2    86.2    84.3    68.2    54.4    46.4    44.7    52.3    58.7    54.0    41.0    34.7    36.7 -9999.0 -9999.0 -9999.0   147.6 -9999.0 -9999.0 -9999.0 -9999.0 -9999.0 -9999.0 -9999.0 -9999.0 -9999.0 -9999.0 -9999.0 -9999.0 -9999.0 -9999.0 -9999.0 -9999.0 -9999.0 -9999.0 -9999.0 -9999.0 -9999.0 -9999.0 -9999.0 -9999.0 -9999.0 -9999.0 -9999.0 -9999.0 -9999.0 -9999.0
 -9999.0 -9999.0 -9999.0 -9999.0     7.6    13.8    19.3    18.3    20.6    14.6    17.1    13.7     8.9     4.0     2.8     2.6     2.5     3.0     4.7     7.6    10.1    12.5    15.8    21.7    28.3    35.6    40.4    44.9    47.6    48.2    48.4    46.3    43.6    43.8    34.9    32.1    27.7    41.0    36.3    25.0    14.6    11.9    13.4    14.6    16.9    19.8    25.3    36.8    48.8    46.8    54.2    84.1   101.7   113.8    89.1    87.6    82.8   101.3   100.7   118.1   112.3    91.8    73.5    42.1    26.9    31.0    28.9    12.9    24.6    23.8    25.7    32.5    36.7    37.5    33.8    26.7    20.7    18.5    28.3    13.8    21.9    52.6    69.3    80.2    57.9    46.0    38.2    36.9    46.6    54.8    51.5    38.5    33.1    35.2 -9999.0 -9999.0    86.5   128.7   155.4   215.6   171.5 -9999.0 -9999.0 -9999.0 -9999.0 -9999.0 -9999.0 -9999.0 -9999.0 -9999.0 -9999.0 -9999.0 -9999.0 -9999.0 -9999.0 -9999.0 -9999.0 -9999.0 -9999.0 -9999.0 -9999.0 -9999.0 -9999.0 -9999.0 -9999.0 -9999.0 -9999.0 -9999.0
 -9999.0 -9999.0 -9999.0 -9999.0     7.7     9.1    14.4    14.6    20.7    22.9    18.9    24.8    22.1    21.5     8.6     7.9     8.2     5.4     5.9     8.7    13.7    17.9    23.8    35.1    40.2    40.4    46.0    48.2    50.3    51.3    51.5    51.7    49.0    46.6    45.2    39.9    42.5    44.9    34.9    24.8    34.4    16.8    15.6    12.7    12.8    13.8    16.3    20.9    27.4    38.0    47.4    60.9    97.5    88.0    78.8    80.5    80.2    87.5    96.9    65.1    95.4    60.5    51.9    49.0    39.4    29.2    33.3    22.9    23.4    34.8    30.2    33.3    35.8    38.3    32.1    25.5    16.9    19.0    19.2    14.9    28.7    35.6    50.7    47.5    44.2    41.2    33.2    29.0    33.1    39.2    42.9    47.6    41.5    42.2    45.0    51.6    69.4    96.2   122.5 -9999.0 -9999.0 -9999.0 -9999.0 -9999.0 -9999.0 -9999.0 -9999.0 -9999.0 -9999.0 -9999.0 -9999.0 -9999.0 -9999.0 -9999.0 -9999.0 -9999.0 -9999.0 -9999.0 -9999.0 -9999.0 -9999.0 -9999.0 -9999.0 -9999.0 -9999.0 -9999.0 -9999.0 -9999.0
 -9999.0 -9999.0 -9999.0 -9999.0 -9999.0 -9999.0 -9999.0    12.9    16.0    17.8    19.3    20.5    20.6    21.1    21.0     9.2    16.1    11.8    12.7    19.3    26.7    29.8    32.4    35.9    39.7    43.6    46.4    49.5    52.4    54.1    56.1    56.8    56.2    55.4    54.8    50.2    52.3    48.5    53.0    54.0    36.1    58.4    54.7    40.3    25.9    16.1    24.3    27.5    41.1    41.2    46.9    60.4    80.1   103.9   101.3    77.3    73.6    74.8   102.8    82.1    97.7    60.1    50.5    49.2    50.0    41.4    37.2    33.0    28.1    31.5    27.9    26.9    31.7    33.9    30.0    27.3    17.6    18.8    21.8    19.4    29.7    31.4    29.9    29.9    37.5    39.0    30.9    24.5    24.6    31.2    42.0    51.4    56.5    53.5    47.4    52.5    59.0 -9999.0 -9999.0 -9999.0 -9999.0 -9999.0 -9999.0 -9999.0 -9999.0 -9999.0 -9999.0 -9999.0 -9999.0 -9999.0 -9999.0 -9999.0 -9999.0 -9999.0 -9999.0 -9999.0 -9999.0 -9999.0 -9999.0 -9999.0 -9999.0 -9999.0 -9999.0 -9999.0 -9999.0 -9999.0 -9999.0 -9999.0
 -9999.0 -9999.0 -9999.0 -9999.0 -9999.0 -9999.0 -9999.0     9.6    12.8    14.5    15.6    17.4    17.8    17.3    18.7    17.2    19.6    20.4    20.6    23.5    25.9    27.5    31.4    34.9    39.5    43.7    48.4    50.6    56.5    60.1    61.4    63.1    63.6    63.7    61.4    59.8    56.6    57.7    56.4    54.4    55.8    56.0    57.8    68.5    46.1    32.0    41.0    48.7    70.7    72.7    91.0    91.5    84.2    89.1    97.0    85.1    87.8    98.4   108.8   108.9    91.3    72.8    55.0    53.0    52.5    50.8    43.9    34.7    38.3    27.0    26.5    26.3    27.6    28.3    23.5    30.8    28.4    22.5    22.4    28.2    32.0    26.1    21.0    20.6    29.3    34.0    29.0    23.2    24.0    32.4    48.0    59.9    58.7    50.9    50.6    47.6 -9999.0 -9999.0 -9999.0 -9999.0 -9999.0 -9999.0 -9999.0 -9999.0 -9999.0 -9999.0 -9999.0 -9999.0 -9999.0 -9999.0 -9999.0 -9999.0 -9999.0 -9999.0 -9999.0 -9999.0 -9999.0 -9999.0 -9999.0 -9999.0 -9999.0 -9999.0 -9999.0 -9999.0 -9999.0 -9999.0 -9999.0 -9999.0
 -9999.0 -9999.0 -9999.0 -9999.0 -9999.0 -9999.0 -9999.0 -9999.0 -9999.0    11.7    13.4    14.9    14.2    15.2    16.4    17.2    17.3    14.6    18.8    18.0    22.5    26.9    30.6    34.7    39.5    45.2    49.6    54.8    61.3    62.9    69.6    71.3    72.3    72.4    70.4    68.1    65.3    64.7    61.6    62.5    60.4    63.6    61.6    56.7    60.4    59.7    62.5    67.0    75.3    82.0    88.3    86.8    84.8    84.7    91.7    90.3    94.8   105.8   116.8   112.1    99.2    88.1    74.9    54.3    56.8    57.9    51.1    41.4    46.9    34.8    34.4    29.0    27.4    27.9    31.5    22.0    21.8    23.4    26.1    28.1    26.4    18.7    12.8    13.3    18.2    25.7    29.4    30.2    33.6    41.5    56.8    66.2    58.4    50.3    47.9 -9999.0 -9999.0 -9999.0 -9999.0 -9999.0 -9999.0 -9999.0 -9999.0 -9999.0 -9999.0 -9999.0 -9999.0 -9999.0 -9999.0 -9999.0 -9999.0 -9999.0 -9999.0 -9999.0 -9999.0 -9999.0 -9999.0 -9999.0 -9999.0 -9999.0 -9999.0 -9999.0 -9999.0 -9999.0 -9999.0 -9999.0 -9999.0 -9999.0
 -9999.0 -9999.0 -9999.0 -9999.0 -9999.0 -9999.0 -9999.0 -9999.0 -9999.0 -9999.0 -9999.0    10.5    14.2    11.9    14.0    14.1    15.4    16.8    18.4    19.4    20.0    24.8    28.0    34.0    34.9    43.4    48.2    55.1    62.8    70.5    75.9    77.5    82.4    83.1    82.3    81.4    77.8    75.2    78.7    71.9    74.4    71.5    68.6    65.6    75.3    67.0    79.8    78.8    87.0    90.5    89.1    87.3    84.8    85.8    91.1    96.7   105.0   118.0   124.4   119.4   109.3    89.4    73.1    61.9    63.9    60.3    49.9    49.6    52.7    54.4    50.8    45.7    36.1    31.0    24.9    23.6    23.3    30.1    29.2    27.0    17.9    11.9    10.4    12.5    16.2    25.8    35.3    41.6    46.0    50.5    59.4    65.2    61.5    58.1    61.8 -9999.0 -9999.0 -9999.0 -9999.0 -9999.0 -9999.0 -9999.0 -9999.0 -9999.0 -9999.0 -9999.0 -9999.0 -9999.0 -9999.0 -9999.0 -9999.0 -9999.0 -9999.0 -9999.0 -9999.0 -9999.0 -9999.0 -9999.0 -9999.0 -9999.0 -9999.0 -9999.0 -9999.0 -9999.0 -9999.0 -9999.0 -9999.0 -9999.0
 -9999.0 -9999.0 -9999.0 -9999.0 -9999.0 -9999.0 -9999.0 -9999.0 -9999.0 -9999.0 -9999.0 -9999.0    12.3    13.3    11.3    13.7    10.6    14.4    15.7    13.8    21.8    23.7    27.3    33.5    27.7    44.0    53.6    56.6    66.1    68.8    81.2    88.1    92.3    92.8    93.7    93.4    91.3    88.6    84.6    81.0    79.5    80.1    80.9    83.6    81.6    82.7    87.4    86.4    94.0    98.4    98.3    92.5    87.6    88.0    93.2   102.5   114.9   127.8   133.6   134.2   118.5   107.3    94.6    79.3    66.1    75.7    64.2    65.9    71.0    79.7    71.0    53.8    43.3    39.7    43.8    86.3    54.6    49.8    37.9    44.6    21.7    14.3    17.7    27.6    35.9    43.7    47.2    45.9    45.8    48.3    54.0    59.7    62.9    66.4    78.4    89.9    98.8 -9999.0 -9999.0 -9999.0 -9999.0 -9999.0 -9999.0 -9999.0 -9999.0 -9999.0 -9999.0 -9999.0 -9999.0 -9999.0 -9999.0 -9999.0 -9999.0 -9999.0 -9999.0 -9999.0 -9999.0 -9999.0 -9999.0 -9999.0 -9999.0 -9999.0 -9999.0 -9999.0 -9999.0 -9999.0 -9999.0 -9999.0
 -9999.0 -9999.0 -9999.0 -9999.0 -9999.0 -9999.0 -9999.0 -9999.0 -9999.0 -9999.0 -9999.0 -9999.0     6.6    12.6    14.2    11.5    15.5    15.3    12.9    15.6    18.3    19.7    24.4    32.3    41.7    45.9    53.5    65.7    71.1    83.0    87.2    90.3   100.0   104.7   105.4   106.3   103.2   102.0   100.3    98.3    96.5    97.4   102.6    97.9    98.9    99.4    94.7    97.1   100.4   106.1   103.0    94.8    90.7    91.6   101.9   111.4   125.9   139.1   147.3   140.8   125.7   113.0   105.3    98.9    72.3    77.7    57.3    60.8    72.9    96.5   120.7   136.2   137.3   107.0   101.8    86.7    73.1    85.0    66.5    50.3    47.6    34.1    46.0    61.9    71.1    70.4    60.0    46.6    42.8    45.3    50.3    60.1    70.1    79.7    97.7   117.8   133.5 -9999.0 -9999.0 -9999.0 -9999.0 -9999.0 -9999.0 -9999.0 -9999.0 -9999.0 -9999.0 -9999.0 -9999.0 -9999.0 -9999.0 -9999.0 -9999.0 -9999.0 -9999.0 -9999.0 -9999.0 -9999.0 -9999.0 -9999.0 -9999.0 -9999.0 -9999.0 -9999.0 -9999.0 -9999.0 -9999.0 -9999.0
 -9999.0 -9999.0 -9999.0 -9999.0 -9999.0 -9999.0 -9999.0 -9999.0 -9999.0 -9999.0 -9999.0 -9999.0 -9999.0     9.3     7.2    14.2    11.9    14.9    16.6    18.0    18.5    24.1    23.4    34.3    39.3    38.0    45.9    50.1    65.9    78.5    93.9   104.1   104.1   109.8   119.0   118.5   116.9   114.8   111.0   114.9   117.4   120.8   123.0   123.4   117.7   110.1   108.6   110.2   111.8   110.3   103.6    95.5    92.5    92.2   103.7   119.2   135.3   145.1   146.2   145.9   132.0   120.1   113.3    98.8    68.4    74.7    83.4    86.2   105.9   125.8   119.3   125.5   144.2   144.8   153.2   131.3   114.5    91.4    61.0    48.5    57.4    67.5    82.3    89.7    88.2    73.9    58.2    47.2    49.6    56.3    66.0    86.5   105.0   116.6   135.1   156.2   173.9 -9999.0 -9999.0 -9999.0 -9999.0 -9999.0 -9999.0 -9999.0 -9999.0 -9999.0 -9999.0 -9999.0 -9999.0 -9999.0 -9999.0 -9999.0 -9999.0 -9999.0 -9999.0 -9999.0 -9999.0 -9999.0 -9999.0 -9999.0 -9999.0 -9999.0 -9999.0 -9999.0 -9999.0 -9999.0 -9999.0 -9999.0
 -9999.0 -9999.0 -9999.0 -9999.0 -9999.0 -9999.0 -9999.0 -9999.0 -9999.0 -9999.0 -9999.0 -9999.0     6.7     4.7     6.5    11.1     7.0    10.7    12.1    18.6    21.0    23.8    25.8    32.5    40.2    37.3    48.0    61.0    71.3    80.0    93.8   110.3   106.5   120.6   122.9   127.3   122.5   127.1   127.7   129.8   131.2   135.3   138.9   145.1   139.0   130.4   122.2   118.6   116.6   110.6   100.1    91.4    91.3    96.5   112.6   127.3   134.8   147.0   147.2   139.7   129.1   122.3   119.5   115.5   104.6    92.3   102.9   129.2   154.0   179.0   197.8   193.7   161.5   127.7   131.9   132.7   116.7   101.2    78.6    62.2    66.6    84.7    95.5    91.7    78.4    59.4    52.9    59.6    74.5    88.3   107.1   142.4   175.5   177.3   188.7   203.8   212.3   202.7 -9999.0 -9999.0 -9999.0 -9999.0 -9999.0 -9999.0 -9999.0 -9999.0 -9999.0 -9999.0 -9999.0 -9999.0 -9999.0 -9999.0 -9999.0 -9999.0 -9999.0 -9999.0 -9999.0 -9999.0 -9999.0 -9999.0 -9999.0 -9999.0 -9999.0 -9999.0 -9999.0 -9999.0 -9999.0 -9999.0
 -9999.0 -9999.0 -9999.0 -9999.0 -9999.0 -9999.0 -9999.0 -9999.0 -9999.0 -9999.0 -9999.0 -9999.0     3.6     9.5     9.0     3.1     4.9    12.4    14.0    12.2    20.0    18.8    23.3    29.0    39.0    48.2    54.9    63.8    72.8    87.4   100.0   108.9   108.9   128.2   132.3   131.2   134.0   132.4   135.0   142.9   149.9   160.7   167.3   165.7   157.4   144.9   131.9   122.8   114.0   105.8    95.2    88.3    92.6   105.7   117.7   131.3   136.0   138.3   139.3   134.3   129.3   125.5   129.2   117.9   104.2   103.1   122.9   185.2   211.2   214.6   210.8   198.3   182.5   203.0   214.9   186.7   144.1   140.9   112.3    81.2    77.5    89.2    96.7    91.4    81.7    77.6    88.5   114.4   136.6   147.5   159.1   192.4   236.3   244.5   253.9   256.9   250.1   230.1   214.1 -9999.0 -9999.0 -9999.0 -9999.0 -9999.0 -9999.0 -9999.0 -9999.0 -9999.0 -9999.0 -9999.0 -9999.0 -9999.0 -9999.0 -9999.0 -9999.0 -9999.0 -9999.0 -9999.0 -9999.0 -9999.0 -9999.0 -9999.0 -9999.0 -9999.0 -9999.0 -9999.0 -9999.0 -9999.0
 -9999.0 -9999.0 -9999.0 -9999.0 -9999.0 -9999.0 -9999.0 -9999.0 -9999.0 -9999.0 -9999.0 -9999.0     8.5     4.3     9.7     8.9    10.0     4.8     9.5    10.9     7.9     9.6    20.2    20.9    30.8    29.3    41.3    40.7    68.4    80.0    93.1    91.1   116.0   128.0   130.9   129.3   129.8   130.1   136.1   140.2   155.5   175.2   168.6   185.9   166.6   144.2   128.1   116.5   103.1    88.9    80.3    78.2    83.2    89.0   101.6   116.9   120.9   124.2   127.3   130.5   132.8   134.4   129.0   119.8    87.5   118.6   156.0   197.2   207.5   180.0   168.8   201.9   203.6   224.0   230.7   225.5   209.6   170.9   152.5   122.5   105.5   115.2   122.9   121.6   124.9   145.4   180.7   236.5   228.8   223.9   219.0   236.5   274.8   312.7   330.0   318.3   295.0   269.4   254.0   257.6 -9999.0 -9999.0 -9999.0 -9999.0 -9999.0 -9999.0 -9999.0 -9999.0 -9999.0 -9999.0 -9999.0 -9999.0 -9999.0 -9999.0 -9999.0 -9999.0 -9999.0 -9999.0 -9999.0 -9999.0 -9999.0 -9999.0 -9999.0 -9999.0 -9999.0 -9999.0 -9999.0 -9999.0
 -9999.0 -9999.0 -9999.0 -9999.0 -9999.0 -9999.0 -9999.0 -9999.0 -9999.0 -9999.0 -9999.0 -9999.0 -9999.0     1.1     2.0     7.2     6.8     9.0     6.2     6.2     3.1    11.5    11.3    12.9    27.8    31.1    39.8    51.1    52.4    75.8    71.2    87.1    95.4   112.6   113.9   104.4   108.7   119.3   123.8   137.1   151.9   149.1   152.5   160.3   161.0   139.0   114.8    96.1    81.1    68.6    56.1    67.2    72.4    80.4    90.3    96.6   100.2   107.4   118.4   125.7   134.7   128.7   138.4    96.5    87.2   111.1   135.7   147.8   139.4   135.6   132.4   149.5   194.0   183.5   220.7   225.5   221.8   209.6   197.0   179.5   170.7   184.4   201.5   206.8   222.5   257.8   296.9   336.2   358.0   318.8   292.9   311.7   355.6   396.5   411.8   409.0   344.9   316.6   309.5 -9999.0 -9999.0 -9999.0 -9999.0 -9999.0 -9999.0 -9999.0 -9999.0 -9999.0 -9999.0 -9999.0 -9999.0 -9999.0 -9999.0 -9999.0 -9999.0 -9999.0 -9999.0 -9999.0 -9999.0 -9999.0 -9999.0 -9999.0 -9999.0 -9999.0 -9999.0 -9999.0 -9999.0 -9999.0
 -9999.0 -9999.0 -9999.0 -9999.0 -9999.0 -9999.0 -9999.0 -9999.0 -9999.0 -9999.0 -9999.0 -9999.0 -9999.0     9.6     1.8     6.0     2.2     8.2     8.4     7.4     2.9     4.5     5.9    11.1    28.9    27.8    31.0    45.6    48.9    31.9    47.1    60.6    80.9    87.2    83.8    87.4    97.2   101.4   103.7   103.5   128.6   139.2   144.9   141.3   118.9   111.0    90.7    66.9    52.6    43.3    47.6    38.0    59.8    73.1    81.1    83.9    84.1    97.3   114.9   133.1   142.9   147.0   100.8    69.3    79.0   104.7   125.1   121.5   111.6    97.7   108.0   142.9   169.9   189.4   207.4   223.7   226.5   247.1   247.7   250.2   264.1   296.2   329.3   350.6   372.2   393.8   400.7   397.4   398.2   372.5   393.9   438.0   499.4   535.1   519.1   470.3   405.6   374.5   378.2 -9999.0 -9999.0 -9999.0 -9999.0 -9999.0 -9999.0 -9999.0 -9999.0 -9999.0 -9999.0 -9999.0 -9999.0 -9999.0 -9999.0 -9999.0 -9999.0 -9999.0 -9999.0 -9999.0 -9999.0 -9999.0 -9999.0 -9999.0 -9999.0 -9999.0 -9999.0 -9999.0 -9999.0 -9999.0
 -9999.0 -9999.0 -9999.0 -9999.0 -9999.0 -9999.0 -9999.0 -9999.0 -9999.0 -9999.0 -9999.0 -9999.0 -9999.0 -9999.0 -9999.0     4.8     6.8     4.9     7.7    11.3     4.5    10.1    13.7    14.4    14.7    19.3    10.3    22.0    16.2    37.7    37.5    48.4    44.0    54.3    66.8    61.6    65.0    88.8    88.9    94.9    97.9   105.0   111.5   111.3   107.0    92.4    66.2    46.7    36.5    20.5    26.2    48.4    47.1    59.3    42.6    71.3    80.0    85.4   116.6   133.3   156.8   123.0    76.3    61.7    73.9   109.4   142.0   140.3   121.2   116.0   125.2   149.6   174.2   171.1   186.4   205.9   231.2   241.8   283.6   296.5   326.3   381.4   444.2   495.3   522.3   509.5   470.2   440.5   421.4   441.2   513.8   636.3   687.8   739.4   662.0   535.6   473.2 -9999.0   443.3 -9999.0 -9999.0 -9999.0 -9999.0 -9999.0 -9999.0 -9999.0 -9999.0 -9999.0 -9999.0 -9999.0 -9999.0 -9999.0 -9999.0 -9999.0 -9999.0 -9999.0 -9999.0 -9999.0 -9999.0 -9999.0 -9999.0 -9999.0 -9999.0 -9999.0 -9999.0 -9999.0 -9999.0 -9999.0
 -9999.0 -9999.0 -9999.0 -9999.0 -9999.0 -9999.0 -9999.0 -9999.0 -9999.0 -9999.0 -9999.0 -9999.0 -9999.0 -9999.0 -9999.0 -9999.0 -9999.0    42.5    28.3 -9999.0    26.8     8.8    21.5    23.9    13.3    17.4     7.2    14.5    26.3    18.0    28.6    43.3    27.7    53.7    66.9    58.8    51.7    85.7    71.7    74.1    77.3    79.5    82.6    81.2   104.0    73.8   129.0    40.1    24.6    22.1    16.4    23.6    19.9    52.9    63.0    70.9    73.5    99.8   122.4   143.6   136.7   117.8    80.0    61.4    75.8   116.0   160.2   167.0   146.1   135.5   133.6   174.8   171.1   148.8   163.4   197.3   240.2   274.6   294.1   286.4   298.7   358.8   458.6   560.4   617.8   584.7   511.7   453.5   443.4   505.6   642.0   766.3   758.0   736.3   694.4   617.6   488.2   466.7   458.0   434.9   401.7 -9999.0 -9999.0 -9999.0 -9999.0 -9999.0 -9999.0 -9999.0 -9999.0 -9999.0 -9999.0 -9999.0 -9999.0 -9999.0 -9999.0 -9999.0 -9999.0 -9999.0 -9999.0 -9999.0 -9999.0 -9999.0 -9999.0 -9999.0 -9999.0 -9999.0 -9999.0 -9999.0
 -9999.0 -9999.0 -9999.0 -9999.0 -9999.0 -9999.0 -9999.0 -9999.0 -9999.0 -9999.0 -9999.0 -9999.0 -9999.0 -9999.0 -9999.0 -9999.0 -9999.0 -9999.0 -9999.0 -9999.0 -9999.0    22.3    15.3     5.4    14.6    35.7    32.4    28.5    22.2    31.5    26.7    51.1    45.3    44.4    56.2    50.3    57.5    62.6    65.7    67.9    62.5    59.6    59.6    56.9    84.0    48.1   160.7    38.5    29.1    45.7    20.4    39.8    47.0    31.8    51.2    72.0    85.4   102.9   118.6   155.8   147.6   143.7   101.1    77.4    82.4   119.0   164.2   175.5   158.8   149.9   166.2   188.2   175.9   154.8   177.2   224.0   271.8   307.4   296.6   257.5   239.4   283.2   395.7   540.2   645.2   591.4   525.0   467.6   457.0   538.7   677.6   740.3   836.0   810.5   602.4   494.5   397.3   357.5   349.5   311.6 -9999.0 -9999.0 -9999.0 -9999.0 -9999.0 -9999.0 -9999.0 -9999.0 -9999.0 -9999.0 -9999.0 -9999.0 -9999.0 -9999.0 -9999.0 -9999.0 -9999.0 -9999.0 -9999.0 -9999.0 -9999.0 -9999.0 -9999.0 -9999.0 -9999.0 -9999.0 -9999.0 -9999.0
 -9999.0 -9999.0 -9999.0 -9999.0 -9999.0 -9999.0 -9999.0 -9999.0 -9999.0 -9999.0 -9999.0 -9999.0 -9999.0 -9999.0 -9999.0 -9999.0 -9999.0 -9999.0 -9999.0 -9999.0 -9999.0 -9999.0 -9999.0    83.2    33.3    38.1    36.7    27.4    11.6    22.8    19.0    19.8    14.5    27.8    30.8    40.0    42.9    54.2    49.9    49.3    47.5    47.7    42.5    43.5    74.1   186.0    80.2    55.9    65.3    62.3    26.6    33.5    27.9    37.8    41.8    45.9    85.9   106.7   147.1   154.7   186.2   173.4   144.4   102.2    95.1   113.7   149.4   166.0   165.2   174.8   208.4   215.3   205.2   195.7   219.5   273.5   306.8   329.3   307.8   261.8   233.9   248.6   333.8   469.0   547.6   568.0   493.0   480.7   483.0   549.2   642.4   703.3   643.2   621.3   479.2   359.4   275.1   249.9   210.0 -9999.0 -9999.0 -9999.0 -9999.0 -9999.0 -9999.0 -9999.0 -9999.0 -9999.0 -9999.0 -9999.0 -9999.0 -9999.0 -9999.0 -9999.0 -9999.0 -9999.0 -9999.0 -9999.0 -9999.0 -9999.0 -9999.0 -9999.0 -9999.0 -9999.0 -9999.0 -9999.0 -9999.0 -9999.0
 -9999.0 -9999.0 -9999.0 -9999.0 -9999.0 -9999.0 -9999.0 -9999.0 -9999.0 -9999.0 -9999.0 -9999.0 -9999.0 -9999.0 -9999.0 -9999.0 -9999.0 -9999.0 -9999.0 -9999.0 -9999.0 -9999.0 -9999.0 -9999.0 -9999.0   160.4    80.7     4.1     6.3     2.8    10.5    27.7    35.3    31.7    46.9    38.6    36.2    54.2    50.3    49.8    46.9    39.3    75.9    67.8   153.4   194.5   150.9   206.9    34.4    60.2    32.7    35.4    44.5    50.8    50.8    65.2    91.8   115.2   129.9   151.7   167.4   158.1   137.4   104.7   102.1   113.4   133.0   138.3   158.1   193.9   236.1   245.6   239.1   247.9   264.2   321.7   374.5   358.1   312.9   310.7   303.5   307.6   322.6   377.6   437.8   405.8   406.3   417.1   460.0   515.0   536.6   515.6   503.6   517.1   377.0   318.4   198.5   166.7 -9999.0 -9999.0 -9999.0 -9999.0 -9999.0 -9999.0 -9999.0 -9999.0 -9999.0 -9999.0 -9999.0 -9999.0 -9999.0 -9999.0 -9999.0 -9999.0 -9999.0 -9999.0 -9999.0 -9999.0 -9999.0 -9999.0 -9999.0 -9999.0 -9999.0 -9999.0 -9999.0 -9999.0 -9999.0 -9999.0
 -9999.0 -9999.0 -9999.0 -9999.0 -9999.0 -9999.0 -9999.0 -9999.0 -9999.0 -9999.0 -9999.0 -9999.0 -9999.0 -9999.0 -9999.0 -9999.0 -9999.0 -9999.0 -9999.0 -9999.0 -9999.0 -9999.0 -9999.0 -9999.0 -9999.0 -9999.0 -9999.0   201.6   196.4    79.9    66.2    64.7    19.1    83.4    50.1   133.6    70.6    71.2    80.8    58.8    51.0    47.8    97.9   163.0   179.3   201.6   215.7   219.0   217.8   128.2   177.1   161.6    57.9    67.2    71.1    83.7   101.9   128.3   133.6   163.9   198.5   145.5   126.0   102.8   109.1   129.3   143.1   152.7   168.6   203.5   237.6   257.2   263.6   279.4   280.9   314.1   307.8   309.0   329.7   333.7   348.6   338.2   312.7   324.5   301.0   294.1   307.5   383.2   382.6   425.3   453.7   453.4   377.8   336.6   335.8   268.3   180.1 -9999.0 -9999.0 -9999.0 -9999.0 -9999.0 -9999.0 -9999.0 -9999.0 -9999.0 -9999.0 -9999.0 -9999.0 -9999.0 -9999.0 -9999.0 -9999.0 -9999.0 -9999.0 -9999.0 -9999.0 -9999.0 -9999.0 -9999.0 -9999.0 -9999.0 -9999.0 -9999.0 -9999.0 -9999.0 -9999.0 -9999.0
 -9999.0 -9999.0 -9999.0 -9999.0 -9999.0 -9999.0 -9999.0 -9999.0 -9999.0 -9999.0 -9999.0 -9999.0 -9999.0 -9999.0 -9999.0 -9999.0 -9999.0 -9999.0 -9999.0 -9999.0 -9999.0 -9999.0 -9999.0 -9999.0 -9999.0 -9999.0 -9999.0 -9999.0 -9999.0 -9999.0 -9999.0 -9999.0 -9999.0   158.0    82.3 -9999.0 -9999.0 -9999.0   131.5    81.8    95.4   116.5    99.1   185.4   205.6   212.3 -9999.0 -9999.0 -9999.0 -9999.0 -9999.0 -9999.0   113.9    74.3    97.3    96.9   105.7   134.1   154.7   190.3   192.4   155.2   137.7   117.6   136.8   166.3   184.4   185.3   177.3   193.9   228.7   255.0   276.7   262.0   250.7   240.0   236.4   258.3   272.1   287.5   283.0   264.9   256.2   252.0   261.0   223.2   227.0   272.2   349.9   319.7   331.3   296.6   247.3   233.9   245.0   208.2   157.5 -9999.0 -9999.0 -9999.0 -9999.0 -9999.0 -9999.0 -9999.0 -9999.0 -9999.0 -9999.0 -9999.0 -9999.0 -9999.0 -9999.0 -9999.0 -9999.0 -9999.0 -9999.0 -9999.0 -9999.0 -9999.0 -9999.0 -9999.0 -9999.0 -9999.0 -9999.0 -9999.0 -9999.0 -9999.0 -9999.0 -9999.0
 -9999.0 -9999.0 -9999.0 -9999.0 -9999.0 -9999.0 -9999.0 -9999.0 -9999.0 -9999.0 -9999.0 -9999.0 -9999.0 -9999.0 -9999.0 -9999.0 -9999.0 -9999.0 -9999.0 -9999.0 -9999.0 -9999.0 -9999.0 -9999.0 -9999.0 -9999.0 -9999.0 -9999.0 -9999.0 -9999.0 -9999.0 -9999.0 -9999.0 -9999.0 -9999.0 -9999.0 -9999.0 -9999.0 -9999.0   199.1   196.1   197.4   201.0   205.7 -9999.0 -9999.0 -9999.0 -9999.0 -9999.0 -9999.0 -9999.0 -9999.0   120.3    84.9    92.3    95.6    99.6   118.3   148.2   188.1   216.7   190.1   165.0   161.4   178.7   206.4   228.9   236.6   208.5   194.1   214.3   256.9   268.1   243.1   197.8   188.4   196.0   211.6   203.5   221.6   199.3   176.3   175.3   238.5   217.9   180.5   199.2   248.8   224.5   240.6   209.5   173.3   154.7   178.5   194.1   168.9 -9999.0 -9999.0 -9999.0 -9999.0 -9999.0 -9999.0 -9999.0 -9999.0 -9999.0 -9999.0 -9999.0 -9999.0 -9999.0 -9999.0 -9999.0 -9999.0 -9999.0 -9999.0 -9999.0 -9999.0 -9999.0 -9999.0 -9999.0 -9999.0 -9999.0 -9999.0 -9999.0 -9999.0 -9999.0 -9999.0 -9999.0 -9999.0
 -9999.0 -9999.0 -9999.0 -9999.0 -9999.0 -9999.0 -9999.0 -9999.0 -9999.0 -9999.0 -9999.0 -9999.0 -9999.0 -9999.0 -9999.0 -9999.0 -9999.0 -9999.0 -9999.0 -9999.0 -9999.0 -9999.0 -9999.0 -9999.0 -9999.0 -9999.0 -9999.0 -9999.0 -9999.0 -9999.0 -9999.0 -9999.0 -9999.0 -9999.0 -9999.0 -9999.0 -9999.0 -9999.0 -9999.0 -9999.0 -9999.0 -9999.0 -9999.0 -9999.0 -9999.0 -9999.0 -9999.0 -9999.0 -9999.0 -9999.0 -9999.0 -9999.0   157.4    95.8    95.2    93.0    92.1   100.9   123.0   160.3   194.2   203.2   146.7   176.5   193.7   243.6   286.7   282.5   247.9   219.8   228.0   258.6   247.0   224.1   194.1   214.4   199.3   204.4   195.7   180.0   156.9   142.3   138.6   210.1   208.6   182.3   156.9   163.9   180.7   173.9   142.8   148.4   109.6   153.6   162.1 -9999.0 -9999.0 -9999.0 -9999.0 -9999.0 -9999.0 -9999.0 -9999.0 -9999.0 -9999.0 -9999.0 -9999.0 -9999.0 -9999.0 -9999.0 -9999.0 -9999.0 -9999.0 -9999.0 -9999.0 -9999.0 -9999.0 -9999.0 -9999.0 -9999.0 -9999.0 -9999.0 -9999.0 -9999.0 -9999.0 -9999.0 -9999.0 -9999.0
 -9999.0 -9999.0 -9999.0 -9999.0 -9999.0 -9999.0 -9999.0 -9999.0 -9999.0 -9999.0 -9999.0 -9999.0 -9999.0 -9999.0 -9999.0 -9999.0 -9999.0 -9999.0 -9999.0 -9999.0 -9999.0 -9999.0 -9999.0 -9999.0 -9999.0 -9999.0 -9999.0 -9999.0 -9999.0 -9999.0 -9999.0 -9999.0 -9999.0 -9999.0 -9999.0 -9999.0 -9999.0 -9999.0 -9999.0 -9999.0 -9999.0 -9999.0 -9999.0 -9999.0 -9999.0 -9999.0 -9999.0 -9999.0 -9999.0 -9999.0 -9999.0   176.3   143.2   110.3    91.1    88.7    86.8    95.5   104.1   104.3   149.5   159.3   164.8   158.6   190.7   254.3   279.9   233.0   253.5   234.5   239.0   254.5   255.9   244.2   246.6   279.2   222.4   226.3   157.7   150.5   147.8   141.3   246.0   188.8   156.0   123.5   194.7   143.7   186.9   153.8   185.3   132.7   137.5   141.1   154.8 -9999.0 -9999.0 -9999.0 -9999.0 -9999.0 -9999.0 -9999.0 -9999.0 -9999.0 -9999.0 -9999.0 -9999.0 -9999.0 -9999.0 -9999.0 -9999.0 -9999.0 -9999.0 -9999.0 -9999.0 -9999.0 -9999.0 -9999.0 -9999.0 -9999.0 -9999.0 -9999.0 -9999.0 -9999.0 -9999.0 -9999.0 -9999.0 -9999.0
 -9999.0 -9999.0 -9999.0 -9999.0 -9999.0 -9999.0 -9999.0 -9999.0 -9999.0 -9999.0 -9999.0 -9999.0 -9999.0 -9999.0 -9999.0 -9999.0 -9999.0 -9999.0 -9999.0 -9999.0 -9999.0 -9999.0 -9999.0 -9999.0 -9999.0 -9999.0 -9999.0 -9999.0 -9999.0 -9999.0 -9999.0 -9999.0 -9999.0 -9999.0 -9999.0 -9999.0 -9999.0 -9999.0 -9999.0 -9999.0 -9999.0 -9999.0 -9999.0 -9999.0 -9999.0 -9999.0 -9999.0 -9999.0 -9999.0 -9999.0   201.8   193.0   161.3   129.4   104.4    94.4    87.6    85.0    91.2   108.6   118.3   133.2   135.1   143.5   187.2   228.5   234.1   204.0   209.4   221.2   239.2   272.7   280.6   270.0   265.2   256.9   314.8   190.3   178.6   159.0   169.9   179.3   192.0   157.6   165.2   104.4   156.2   137.3   184.6   198.2   194.1   195.2   171.9   162.2   152.1 -9999.0 -9999.0 -9999.0 -9999.0 -9999.0 -9999.0 -9999.0 -9999.0 -9999.0 -9999.0 -9999.0 -9999.0 -9999.0 -9999.0 -9999.0 -9999.0 -9999.0 -9999.0 -9999.0 -9999.0 -9999.0 -9999.0 -9999.0 -9999.0 -9999.0 -9999.0 -9999.0 -9999.0 -9999.0 -9999.0 -9999.0 -9999.0 -9999.0
 -9999.0 -9999.0 -9999.0 -9999.0 -9999.0 -9999.0 -9999.0 -9999.0 -9999.0 -9999.0 -9999.0 -9999.0 -9999.0 -9999.0 -9999.0 -9999.0 -9999.0 -9999.0 -9999.0 -9999.0 -9999.0 -9999.0 -9999.0 -9999.0 -9999.0 -9999.0 -9999.0 -9999.0 -9999.0 -9999.0 -9999.0 -9999.0 -9999.0 -9999.0 -9999.0 -9999.0 -9999.0 -9999.0 -9999.0 -9999.0 -9999.0 -9999.0 -9999.0 -9999.0 -9999.0 -9999.0 -9999.0 -9999.0 -9999.0 -9999.0   225.3   228.2   208.8   167.9   131.5   111.3   102.4   104.1   102.4    97.8    99.7   113.8   119.0   138.9   170.8   156.1   162.9   153.1   168.8   200.5   247.1   290.8   310.4   306.5   297.2   299.6   269.0   265.3   216.9   187.5   213.2   233.9   229.5   171.1   164.1   124.1   141.9   177.4   201.2   210.0   235.2   198.3   187.3   165.5 -9999.0 -9999.0 -9999.0 -9999.0 -9999.0 -9999.0 -9999.0 -9999.0 -9999.0 -9999.0 -9999.0 -9999.0 -9999.0 -9999.0 -9999.0 -9999.0 -9999.0 -9999.0 -9999.0 -9999.0 -9999.0 -9999.0 -9999.0 -9999.0 -9999.0 -9999.0 -9999.0 -9999.0 -9999.0 -9999.0 -9999.0 -9999.0 -9999.0 -9999.0
 -9999.0 -9999.0 -9999.0 -9999.0 -9999.0 -9999.0 -9999.0 -9999.0 -9999.0 -9999.0 -9999.0 -9999.0 -9999.0 -9999.0 -9999.0 -9999.0 -9999.0 -9999.0 -9999.0 -9999.0 -9999.0 -9999.0 -9999.0 -9999.0 -9999.0 -9999.0 -9999.0 -9999.0 -9999.0 -9999.0 -9999.0 -9999.0 -9999.0 -9999.0 -9999.0 -9999.0 -9999.0 -9999.0 -9999.0 -9999.0 -9999.0 -9999.0 -9999.0 -9999.0 -9999.0 -9999.0 -9999.0 -9999.0 -9999.0 -9999.0   251.6   277.3   259.5   206.2   179.3   146.3   134.7   131.6   129.4   107.8   117.0   128.4   129.5   129.0   149.9   153.5   151.9   163.8   177.1   215.6   265.5   304.4   345.8   313.6   284.0   274.0   255.3   281.1   243.0   233.2   239.3   270.1   255.7   211.1   204.4   156.2   161.0   187.7   227.2   227.4   257.6   206.8 -9999.0 -9999.0 -9999.0 -9999.0 -9999.0 -9999.0 -9999.0 -9999.0 -9999.0 -9999.0 -9999.0 -9999.0 -9999.0 -9999.0 -9999.0 -9999.0 -9999.0 -9999.0 -9999.0 -9999.0 -9999.0 -9999.0 -9999.0 -9999.0 -9999.0 -9999.0 -9999.0 -9999.0 -9999.0 -9999.0 -9999.0 -9999.0 -9999.0 -9999.0 -9999.0 -9999.0
 -9999.0 -9999.0 -9999.0 -9999.0 -9999.0 -9999.0 -9999.0 -9999.0 -9999.0 -9999.0 -9999.0 -9999.0 -9999.0 -9999.0 -9999.0 -9999.0 -9999.0 -9999.0 -9999.0 -9999.0 -9999.0 -9999.0 -9999.0 -9999.0 -9999.0 -9999.0 -9999.0 -9999.0 -9999.0 -9999.0 -9999.0 -9999.0 -9999.0 -9999.0 -9999.0 -9999.0 -9999.0 -9999.0 -9999.0 -9999.0 -9999.0 -9999.0 -9999.0 -9999.0 -9999.0 -9999.0 -9999.0 -9999.0 -9999.0 -9999.0   338.9   346.9   337.3   288.4   231.4   189.6   174.2   176.1   175.8   146.1   163.4   160.4   128.3   151.8   170.1   186.5   220.4   248.4   273.0   202.9   276.2   328.2   351.0   314.7   276.1   277.1   279.1   286.9   256.3   239.8   243.2   282.8   292.6   289.2   244.9   238.0   277.9   266.2   304.4   296.7   232.7 -9999.0 -9999.0 -9999.0 -9999.0 -9999.0 -9999.0 -9999.0 -9999.0 -9999.0 -9999.0 -9999.0 -9999.0 -9999.0 -9999.0 -9999.0 -9999.0 -9999.0 -9999.0 -9999.0 -9999.0 -9999.0 -9999.0 -9999.0 -9999.0 -9999.0 -9999.0 -9999.0 -9999.0 -9999.0 -9999.0 -9999.0 -9999.0 -9999.0 -9999.0 -9999.0 -9999.0 -9999.0
 -9999.0 -9999.0 -9999.0 -9999.0 -9999.0 -9999.0 -9999.0 -9999.0 -9999.0 -9999.0 -9999.0 -9999.0 -9999.0 -9999.0 -9999.0 -9999.0 -9999.0 -9999.0 -9999.0 -9999.0 -9999.0 -9999.0 -9999.0 -9999.0 -9999.0 -9999.0 -9999.0 -9999.0 -9999.0 -9999.0 -9999.0 -9999.0 -9999.0 -9999.0 -9999.0 -9999.0 -9999.0 -9999.0 -9999.0 -9999.0 -9999.0 -9999.0 -9999.0 -9999.0 -9999.0 -9999.0 -9999.0 -9999.0 -9999.0 -9999.0 -9999.0 -9999.0 -9999.0   359.6   304.5   247.9   220.4   224.5   185.1   198.9   271.2   178.9   252.7   214.9   220.6   238.8   293.1   293.7   327.3   292.9   264.2   286.6   305.0   296.7   293.8   305.1   312.2   298.8   274.7   252.4   253.5   277.7   322.1   341.9   336.3   340.7   363.2   405.9   361.0   318.7 -9999.0 -9999.0 -9999.0 -9999.0 -9999.0 -9999.0 -9999.0 -9999.0 -9999.0 -9999.0 -9999.0 -9999.0 -9999.0 -9999.0 -9999.0 -9999.0 -9999.0 -9999.0 -9999.0 -9999.0 -9999.0 -9999.0 -9999.0 -9999.0 -9999.0 -9999.0 -9999.0 -9999.0 -9999.0 -9999.0 -9999.0 -9999.0 -9999.0 -9999.0 -9999.0 -9999.0 -9999.0 -9999.0
 -9999.0 -9999.0 -9999.0 -9999.0 -9999.0 -9999.0 -9999.0 -9999.0 -9999.0 -9999.0 -9999.0 -9999.0 -9999.0 -9999.0 -9999.0 -9999.0 -9999.0 -9999.0 -9999.0 -9999.0 -9999.0 -9999.0 -9999.0 -9999.0 -9999.0 -9999.0 -9999.0 -9999.0 -9999.0 -9999.0 -9999.0 -9999.0 -9999.0 -9999.0 -9999.0 -9999.0 -9999.0 -9999.0 -9999.0 -9999.0 -9999.0 -9999.0 -9999.0 -9999.0 -9999.0 -9999.0 -9999.0 -9999.0 -9999.0 -9999.0 -9999.0 -9999.0 -9999.0   378.2   318.2   280.2   227.7   201.7   245.6   330.3   292.0   230.1   350.5   234.1   247.6   265.3   202.8   357.3   254.1   238.6   226.7   267.8   301.9   316.9   330.3   340.5   331.8   326.6   314.2   304.4   295.5   316.8   345.3 -9999.0   375.3   385.9 -9999.0 -9999.0 -9999.0 -9999.0 -9999.0 -9999.0 -9999.0 -9999.0 -9999.0 -9999.0 -9999.0 -9999.0 -9999.0 -9999.0 -9999.0 -9999.0 -9999.0 -9999.0 -9999.0 -9999.0 -9999.0 -9999.0 -9999.0 -9999.0 -9999.0 -9999.0 -9999.0 -9999.0 -9999.0 -9999.0 -9999.0 -9999.0 -9999.0 -9999.0 -9999.0 -9999.0 -9999.0 -9999.0 -9999.0 -9999.0 -9999.0 -9999.0
 -9999.0 -9999.0 -9999.0 -9999.0 -9999.0 -9999.0 -9999.0 -9999.0 -9999.0 -9999.0 -9999.0 -9999.0 -9999.0 -9999.0 -9999.0 -9999.0 -9999.0 -9999.0 -9999.0 -9999.0 -9999.0 -9999.0 -9999.0 -9999.0 -9999.0 -9999.0 -9999.0 -9999.0 -9999.0 -9999.0 -9999.0 -9999.0 -9999.0 -9999.0 -9999.0 -9999.0 -9999.0 -9999.0 -9999.0 -9999.0 -9999.0 -9999.0 -9999.0 -9999.0 -9999.0 -9999.0 -9999.0 -9999.0 -9999.0 -9999.0 -9999.0 -9999.0 -9999.0   363.2   275.1   263.0   219.5   200.5   250.3   291.5   375.1   362.6   433.2   420.0   191.6 -9999.0 -9999.0 -9999.0   262.4   204.1   253.5   340.3   391.5   388.9   364.1   358.0   337.3   340.6   415.1   403.8   390.5   376.2   398.2 -9999.0 -9999.0 -9999.0 -9999.0 -9999.0 -9999.0 -9999.0 -9999.0 -9999.0 -9999.0 -9999.0 -9999.0 -9999.0 -9999.0 -9999.0 -9999.0 -9999.0 -9999.0 -9999.0 -9999.0 -9999.0 -9999.0 -9999.0 -9999.0 -9999.0 -9999.0 -9999.0 -9999.0 -9999.0 -9999.0 -9999.0 -9999.0 -9999.0 -9999.0 -9999.0 -9999.0 -9999.0 -9999.0 -9999.0 -9999.0 -9999.0 -9999.0 -9999.0 -9999.0 -9999.0
 -9999.0 -9999.0 -9999.0 -9999.0 -9999.0 -9999.0 -9999.0 -9999.0 -9999.0 -9999.0 -9999.0 -9999.0 -9999.0 -9999.0 -9999.0 -9999.0 -9999.0 -9999.0 -9999.0 -9999.0 -9999.0 -9999.0 -9999.0 -9999.0 -9999.0 -9999.0 -9999.0 -9999.0 -9999.0 -9999.0 -9999.0 -9999.0 -9999.0 -9999.0 -9999.0 -9999.0 -9999.0 -9999.0 -9999.0 -9999.0 -9999.0 -9999.0 -9999.0 -9999.0 -9999.0 -9999.0 -9999.0 -9999.0 -9999.0 -9999.0 -9999.0 -9999.0 -9999.0 -9999.0   275.6   225.3   162.9   155.0   247.1   348.3   256.7 -9999.0 -9999.0 -9999.0 -9999.0 -9999.0 -9999.0 -9999.0   182.2   237.3   347.5   409.5   447.5   401.3   330.2   308.1   314.6   318.7   372.2 -9999.0   477.5 -9999.0 -9999.0 -9999.0 -9999.0 -9999.0 -9999.0 -9999.0 -9999.0 -9999.0 -9999.0 -9999.0 -9999.0 -9999.0 -9999.0 -9999.0 -9999.0 -9999.0 -9999.0 -9999.0 -9999.0 -9999.0 -9999.0 -9999.0 -9999.0 -9999.0 -9999.0 -9999.0 -9999.0 -9999.0 -9999.0 -9999.0 -9999.0 -9999.0 -9999.0 -9999.0 -9999.0 -9999.0 -9999.0 -9999.0 -9999.0 -9999.0 -9999.0 -9999.0 -9999.0 -9999.0 -9999.0 -9999.0
 -9999.0 -9999.0 -9999.0 -9999.0 -9999.0 -9999.0 -9999.0 -9999.0 -9999.0 -9999.0 -9999.0 -9999.0 -9999.0 -9999.0 -9999.0 -9999.0 -9999.0 -9999.0 -9999.0 -9999.0 -9999.0 -9999.0 -9999.0 -9999.0 -9999.0 -9999.0 -9999.0 -9999.0 -9999.0 -9999.0 -9999.0 -9999.0 -9999.0 -9999.0 -9999.0 -9999.0 -9999.0 -9999.0 -9999.0 -9999.0 -9999.0 -9999.0 -9999.0 -9999.0 -9999.0 -9999.0 -9999.0 -9999.0 -9999.0 -9999.0 -9999.0 -9999.0 -9999.0 -9999.0 -9999.0   186.3   218.1   175.9   186.0   267.7   276.2 -9999.0 -9999.0 -9999.0 -9999.0 -9999.0 -9999.0 -9999.0 -9999.0 -9999.0   307.4 -9999.0 -9999.0 -9999.0 -9999.0 -9999.0   282.1 -9999.0 -9999.0 -9999.0 -9999.0 -9999.0 -9999.0 -9999.0 -9999.0 -9999.0 -9999.0 -9999.0 -9999.0 -9999.0 -9999.0 -9999.0 -9999.0 -9999.0 -9999.0 -9999.0 -9999.0 -9999.0 -9999.0 -9999.0 -9999.0 -9999.0 -9999.0 -9999.0 -9999.0 -9999.0 -9999.0 -9999.0 -9999.0 -9999.0 -9999.0 -9999.0 -9999.0 -9999.0 -9999.0 -9999.0 -9999.0 -9999.0 -9999.0 -9999.0 -9999.0 -9999.0 -9999.0 -9999.0 -9999.0 -9999.0 -9999.0 -9999.0
 -9999.0 -9999.0 -9999.0 -9999.0 -9999.0 -9999.0 -9999.0 -9999.0 -9999.0 -9999.0 -9999.0 -9999.0 -9999.0 -9999.0 -9999.0 -9999.0 -9999.0 -9999.0 -9999.0 -9999.0 -9999.0 -9999.0 -9999.0 -9999.0 -9999.0 -9999.0 -9999.0 -9999.0 -9999.0 -9999.0 -9999.0 -9999.0 -9999.0 -9999.0 -9999.0 -9999.0 -9999.0 -9999.0 -9999.0 -9999.0 -9999.0 -9999.0 -9999.0 -9999.0 -9999.0 -9999.0 -9999.0 -9999.0 -9999.0 -9999.0 -9999.0 -9999.0 -9999.0 -9999.0 -9999.0 -9999.0 -9999.0 -9999.0   190.4   188.9 -9999.0 -9999.0 -9999.0 -9999.0 -9999.0 -9999.0 -9999.0 -9999.0 -9999.0 -9999.0 -9999.0 -9999.0 -9999.0 -9999.0 -9999.0   241.3   276.3 -9999.0 -9999.0 -9999.0 -9999.0 -9999.0 -9999.0 -9999.0 -9999.0 -9999.0 -9999.0 -9999.0 -9999.0 -9999.0 -9999.0 -9999.0 -9999.0 -9999.0 -9999.0 -9999.0 -9999.0 -9999.0 -9999.0 -9999.0 -9999.0 -9999.0 -9999.0 -9999.0 -9999.0 -9999.0 -9999.0 -9999.0 -9999.0 -9999.0 -9999.0 -9999.0 -9999.0 -9999.0 -9999.0 -9999.0 -9999.0 -9999.0 -9999.0 -9999.0 -9999.0 -9999.0 -9999.0 -9999.0 -9999.0 -9999.0 -9999.0 -9999.0
 -9999.0 -9999.0 -9999.0 -9999.0 -9999.0 -9999.0 -9999.0 -9999.0 -9999.0 -9999.0 -9999.0 -9999.0 -9999.0 -9999.0 -9999.0 -9999.0 -9999.0 -9999.0 -9999.0 -9999.0 -9999.0 -9999.0 -9999.0 -9999.0 -9999.0 -9999.0 -9999.0 -9999.0 -9999.0 -9999.0 -9999.0 -9999.0 -9999.0 -9999.0 -9999.0 -9999.0 -9999.0 -9999.0 -9999.0 -9999.0 -9999.0 -9999.0 -9999.0 -9999.0 -9999.0 -9999.0 -9999.0 -9999.0 -9999.0 -9999.0 -9999.0 -9999.0 -9999.0 -9999.0 -9999.0 -9999.0 -9999.0 -9999.0 -9999.0 -9999.0 -9999.0 -9999.0 -9999.0 -9999.0 -9999.0 -9999.0 -9999.0 -9999.0 -9999.0 -9999.0 -9999.0 -9999.0 -9999.0 -9999.0 -9999.0 -9999.0 -9999.0 -9999.0 -9999.0 -9999.0 -9999.0 -9999.0 -9999.0 -9999.0 -9999.0 -9999.0 -9999.0 -9999.0 -9999.0 -9999.0 -9999.0 -9999.0 -9999.0 -9999.0 -9999.0 -9999.0 -9999.0 -9999.0 -9999.0 -9999.0 -9999.0 -9999.0 -9999.0 -9999.0 -9999.0 -9999.0 -9999.0 -9999.0 -9999.0 -9999.0 -9999.0 -9999.0 -9999.0 -9999.0 -9999.0 -9999.0 -9999.0 -9999.0 -9999.0 -9999.0 -9999.0 -9999.0 -9999.0 -9999.0 -9999.0 -9999.0 -9999.0 -9999.0
 -9999.0 -9999.0 -9999.0 -9999.0 -9999.0 -9999.0 -9999.0 -9999.0 -9999.0 -9999.0 -9999.0 -9999.0 -9999.0 -9999.0 -9999.0 -9999.0 -9999.0 -9999.0 -9999.0 -9999.0 -9999.0 -9999.0 -9999.0 -9999.0 -9999.0 -9999.0 -9999.0 -9999.0 -9999.0 -9999.0 -9999.0 -9999.0 -9999.0 -9999.0 -9999.0 -9999.0 -9999.0 -9999.0 -9999.0 -9999.0 -9999.0 -9999.0 -9999.0 -9999.0 -9999.0 -9999.0 -9999.0 -9999.0 -9999.0 -9999.0 -9999.0 -9999.0 -9999.0 -9999.0 -9999.0 -9999.0 -9999.0 -9999.0 -9999.0 -9999.0 -9999.0 -9999.0 -9999.0 -9999.0 -9999.0 -9999.0 -9999.0 -9999.0 -9999.0 -9999.0 -9999.0 -9999.0 -9999.0 -9999.0 -9999.0   309.8   281.2   259.8 -9999.0 -9999.0 -9999.0 -9999.0 -9999.0 -9999.0 -9999.0 -9999.0 -9999.0 -9999.0 -9999.0 -9999.0 -9999.0 -9999.0 -9999.0 -9999.0 -9999.0 -9999.0 -9999.0 -9999.0 -9999.0 -9999.0 -9999.0 -9999.0 -9999.0 -9999.0 -9999.0 -9999.0 -9999.0 -9999.0 -9999.0 -9999.0 -9999.0 -9999.0 -9999.0 -9999.0 -9999.0 -9999.0 -9999.0 -9999.0 -9999.0 -9999.0 -9999.0 -9999.0 -9999.0 -9999.0 -9999.0 -9999.0 -9999.0 -9999.0
 -9999.0 -9999.0 -9999.0 -9999.0 -9999.0 -9999.0 -9999.0 -9999.0 -9999.0 -9999.0 -9999.0 -9999.0 -9999.0 -9999.0 -9999.0 -9999.0 -9999.0 -9999.0 -9999.0 -9999.0 -9999.0 -9999.0 -9999.0 -9999.0 -9999.0 -9999.0 -9999.0 -9999.0 -9999.0 -9999.0 -9999.0 -9999.0 -9999.0 -9999.0 -9999.0 -9999.0 -9999.0 -9999.0 -9999.0 -9999.0 -9999.0 -9999.0 -9999.0 -9999.0 -9999.0 -9999.0 -9999.0 -9999.0 -9999.0 -9999.0 -9999.0 -9999.0 -9999.0 -9999.0 -9999.0 -9999.0 -9999.0 -9999.0 -9999.0 -9999.0 -9999.0 -9999.0 -9999.0 -9999.0 -9999.0 -9999.0 -9999.0 -9999.0 -9999.0 -9999.0 -9999.0 -9999.0 -9999.0   161.9   332.1   317.0   291.0 -9999.0 -9999.0 -9999.0 -9999.0 -9999.0 -9999.0 -9999.0 -9999.0 -9999.0 -9999.0 -9999.0 -9999.0 -9999.0 -9999.0 -9999.0 -9999.0 -9999.0 -9999.0 -9999.0 -9999.0 -9999.0 -9999.0 -9999.0 -9999.0 -9999.0 -9999.0 -9999.0 -9999.0 -9999.0 -9999.0 -9999.0 -9999.0 -9999.0 -9999.0 -9999.0 -9999.0 -9999.0 -9999.0 -9999.0 -9999.0 -9999.0 -9999.0 -9999.0 -9999.0 -9999.0 -9999.0 -9999.0 -9999.0 -9999.0 -9999.0 -9999.0
 -9999.0 -9999.0 -9999.0 -9999.0 -9999.0 -9999.0 -9999.0 -9999.0 -9999.0 -9999.0 -9999.0 -9999.0 -9999.0 -9999.0 -9999.0 -9999.0 -9999.0 -9999.0 -9999.0 -9999.0 -9999.0 -9999.0 -9999.0 -9999.0 -9999.0 -9999.0 -9999.0 -9999.0 -9999.0 -9999.0 -9999.0 -9999.0 -9999.0 -9999.0 -9999.0 -9999.0 -9999.0 -9999.0 -9999.0 -9999.0 -9999.0 -9999.0 -9999.0 -9999.0 -9999.0 -9999.0 -9999.0 -9999.0 -9999.0 -9999.0 -9999.0 -9999.0 -9999.0 -9999.0 -9999.0 -9999.0 -9999.0 -9999.0 -9999.0 -9999.0 -9999.0 -9999.0 -9999.0 -9999.0 -9999.0 -9999.0 -9999.0 -9999.0 -9999.0 -9999.0 -9999.0 -9999.0 -9999.0 -9999.0   257.4   329.5   222.0 -9999.0 -9999.0 -9999.0 -9999.0 -9999.0 -9999.0 -9999.0 -9999.0 -9999.0 -9999.0 -9999.0 -9999.0 -9999.0 -9999.0 -9999.0 -9999.0 -9999.0 -9999.0 -9999.0 -9999.0 -9999.0 -9999.0 -9999.0 -9999.0 -9999.0 -9999.0 -9999.0 -9999.0 -9999.0 -9999.0 -9999.0 -9999.0 -9999.0 -9999.0 -9999.0 -9999.0 -9999.0 -9999.0 -9999.0 -9999.0 -9999.0 -9999.0 -9999.0 -9999.0 -9999.0 -9999.0 -9999.0 -9999.0 -9999.0 -9999.0 -9999.0
 -9999.0 -9999.0 -9999.0 -9999.0 -9999.0 -9999.0 -9999.0 -9999.0 -9999.0 -9999.0 -9999.0 -9999.0 -9999.0 -9999.0 -9999.0 -9999.0 -9999.0 -9999.0 -9999.0 -9999.0 -9999.0 -9999.0 -9999.0 -9999.0 -9999.0 -9999.0 -9999.0 -9999.0 -9999.0 -9999.0 -9999.0 -9999.0 -9999.0 -9999.0 -9999.0 -9999.0 -9999.0 -9999.0 -9999.0 -9999.0 -9999.0 -9999.0 -9999.0 -9999.0 -9999.0 -9999.0 -9999.0 -9999.0 -9999.0 -9999.0 -9999.0 -9999.0 -9999.0 -9999.0 -9999.0 -9999.0 -9999.0 -9999.0 -9999.0 -9999.0 -9999.0 -9999.0 -9999.0 -9999.0 -9999.0 -9999.0 -9999.0 -9999.0 -9999.0 -9999.0 -9999.0 -9999.0 -9999.0 -9999.0 -9999.0 -9999.0 -9999.0 -9999.0 -9999.0 -9999.0 -9999.0 -9999.0 -9999.0 -9999.0 -9999.0 -9999.0 -9999.0 -9999.0 -9999.0 -9999.0 -9999.0 -9999.0 -9999.0 -9999.0 -9999.0 -9999.0 -9999.0 -9999.0 -9999.0 -9999.0 -9999.0 -9999.0 -9999.0 -9999.0 -9999.0 -9999.0 -9999.0 -9999.0 -9999.0 -9999.0 -9999.0 -9999.0 -9999.0 -9999.0 -9999.0 -9999.0 -9999.0 -9999.0 -9999.0 -9999.0 -9999.0 -9999.0 -9999.0 -9999.0 -9999.0 -9999.0 -9999.0 -9999.0
