NCOLS      128
NROWS       72
XLLCORNER    72.000000000000    
YLLCORNER    18.000000000000    
CELLSIZE    0.50000000000000    
NODATA_VALUE   -9999.000    
 -9999.0 -9999.0 -9999.0 -9999.0 -9999.0 -9999.0 -9999.0 -9999.0 -9999.0 -9999.0 -9999.0 -9999.0 -9999.0 -9999.0 -9999.0 -9999.0 -9999.0 -9999.0 -9999.0 -9999.0 -9999.0 -9999.0 -9999.0 -9999.0 -9999.0 -9999.0 -9999.0 -9999.0 -9999.0 -9999.0 -9999.0 -9999.0 -9999.0 -9999.0 -9999.0 -9999.0 -9999.0 -9999.0 -9999.0 -9999.0 -9999.0 -9999.0 -9999.0 -9999.0 -9999.0 -9999.0 -9999.0 -9999.0 -9999.0 -9999.0 -9999.0 -9999.0 -9999.0 -9999.0 -9999.0 -9999.0 -9999.0 -9999.0 -9999.0 -9999.0 -9999.0 -9999.0 -9999.0 -9999.0 -9999.0 -9999.0 -9999.0 -9999.0 -9999.0 -9999.0 -9999.0 -9999.0 -9999.0 -9999.0 -9999.0 -9999.0 -9999.0 -9999.0 -9999.0 -9999.0 -9999.0 -9999.0 -9999.0 -9999.0 -9999.0 -9999.0 -9999.0 -9999.0 -9999.0 -9999.0 -9999.0 -9999.0 -9999.0 -9999.0 -9999.0 -9999.0 -9999.0     3.3     6.8    12.4    16.9    24.6    29.8    34.6    37.1 -9999.0 -9999.0 -9999.0 -9999.0 -9999.0 -9999.0 -9999.0 -9999.0 -9999.0 -9999.0 -9999.0 -9999.0 -9999.0 -9999.0 -9999.0 -9999.0 -9999.0 -9999.0 -9999.0 -9999.0 -9999.0 -9999.0 -9999.0
 -9999.0 -9999.0 -9999.0 -9999.0 -9999.0 -9999.0 -9999.0 -9999.0 -9999.0 -9999.0 -9999.0 -9999.0 -9999.0 -9999.0 -9999.0 -9999.0 -9999.0 -9999.0 -9999.0 -9999.0 -9999.0 -9999.0 -9999.0 -9999.0 -9999.0 -9999.0 -9999.0 -9999.0 -9999.0 -9999.0 -9999.0 -9999.0 -9999.0 -9999.0 -9999.0 -9999.0 -9999.0 -9999.0 -9999.0 -9999.0 -9999.0 -9999.0 -9999.0 -9999.0 -9999.0 -9999.0 -9999.0 -9999.0 -9999.0 -9999.0 -9999.0 -9999.0 -9999.0 -9999.0 -9999.0 -9999.0 -9999.0 -9999.0 -9999.0 -9999.0 -9999.0 -9999.0 -9999.0 -9999.0 -9999.0 -9999.0 -9999.0 -9999.0 -9999.0 -9999.0 -9999.0 -9999.0 -9999.0 -9999.0 -9999.0 -9999.0 -9999.0 -9999.0 -9999.0 -9999.0 -9999.0 -9999.0 -9999.0 -9999.0 -9999.0 -9999.0 -9999.0 -9999.0 -9999.0 -9999.0 -9999.0 -9999.0 -9999.0 -9999.0 -9999.0 -9999.0     1.9     3.5     4.6     9.7    13.2    19.6    26.8    32.1    35.7    43.7    54.1    66.8    82.6 -9999.0 -9999.0 -9999.0 -9999.0 -9999.0 -9999.0 -9999.0 -9999.0 -9999.0 -9999.0 -9999.0 -9999.0 -9999.0 -9999.0 -9999.0 -9999.0 -9999.0 -9999.0 -9999.0
 -9999.0 -9999.0 -9999.0 -9999.0 -9999.0 -9999.0 -9999.0 -9999.0 -9999.0 -9999.0 -9999.0 -9999.0 -9999.0 -9999.0 -9999.0 -9999.0 -9999.0 -9999.0 -9999.0 -9999.0 -9999.0 -9999.0 -9999.0 -9999.0 -9999.0 -9999.0 -9999.0 -9999.0 -9999.0 -9999.0 -9999.0 -9999.0 -9999.0 -9999.0 -9999.0 -9999.0 -9999.0 -9999.0 -9999.0 -9999.0 -9999.0 -9999.0 -9999.0 -9999.0 -9999.0 -9999.0 -9999.0 -9999.0 -9999.0 -9999.0 -9999.0 -9999.0 -9999.0 -9999.0 -9999.0 -9999.0 -9999.0 -9999.0 -9999.0 -9999.0 -9999.0 -9999.0 -9999.0 -9999.0 -9999.0 -9999.0 -9999.0 -9999.0 -9999.0 -9999.0 -9999.0 -9999.0 -9999.0 -9999.0 -9999.0 -9999.0 -9999.0 -9999.0 -9999.0 -9999.0 -9999.0 -9999.0 -9999.0 -9999.0 -9999.0 -9999.0 -9999.0 -9999.0 -9999.0 -9999.0 -9999.0 -9999.0 -9999.0 -9999.0 -9999.0     0.8     1.6     2.7     3.9     8.7    13.4    18.8    24.7    28.7    32.1    34.4    47.3    60.8    77.8 -9999.0 -9999.0 -9999.0 -9999.0 -9999.0 -9999.0 -9999.0 -9999.0 -9999.0 -9999.0 -9999.0 -9999.0 -9999.0 -9999.0 -9999.0 -9999.0 -9999.0 -9999.0 -9999.0
 -9999.0 -9999.0 -9999.0 -9999.0 -9999.0 -9999.0 -9999.0 -9999.0 -9999.0 -9999.0 -9999.0 -9999.0 -9999.0 -9999.0 -9999.0 -9999.0 -9999.0 -9999.0 -9999.0 -9999.0 -9999.0 -9999.0 -9999.0 -9999.0 -9999.0 -9999.0 -9999.0 -9999.0 -9999.0 -9999.0 -9999.0 -9999.0 -9999.0 -9999.0 -9999.0 -9999.0 -9999.0 -9999.0 -9999.0 -9999.0 -9999.0 -9999.0 -9999.0 -9999.0 -9999.0 -9999.0 -9999.0 -9999.0 -9999.0 -9999.0 -9999.0 -9999.0 -9999.0 -9999.0 -9999.0 -9999.0 -9999.0 -9999.0 -9999.0 -9999.0 -9999.0 -9999.0 -9999.0 -9999.0 -9999.0 -9999.0 -9999.0 -9999.0 -9999.0 -9999.0 -9999.0 -9999.0 -9999.0 -9999.0 -9999.0 -9999.0 -9999.0 -9999.0 -9999.0 -9999.0 -9999.0 -9999.0 -9999.0 -9999.0 -9999.0 -9999.0 -9999.0 -9999.0 -9999.0 -9999.0 -9999.0 -9999.0 -9999.0 -9999.0 -9999.0     1.6     1.4     4.3     5.0     7.1    10.4    15.3    24.6    28.8    30.1    33.7    43.9    56.8    72.8    85.0 -9999.0 -9999.0 -9999.0 -9999.0 -9999.0 -9999.0 -9999.0 -9999.0 -9999.0 -9999.0 -9999.0 -9999.0 -9999.0 -9999.0 -9999.0 -9999.0 -9999.0 -9999.0
 -9999.0 -9999.0 -9999.0 -9999.0 -9999.0 -9999.0 -9999.0 -9999.0 -9999.0 -9999.0 -9999.0 -9999.0 -9999.0 -9999.0 -9999.0 -9999.0 -9999.0 -9999.0 -9999.0 -9999.0 -9999.0 -9999.0 -9999.0 -9999.0 -9999.0 -9999.0 -9999.0 -9999.0 -9999.0 -9999.0 -9999.0 -9999.0 -9999.0 -9999.0 -9999.0 -9999.0 -9999.0 -9999.0 -9999.0 -9999.0 -9999.0 -9999.0 -9999.0 -9999.0 -9999.0 -9999.0 -9999.0 -9999.0 -9999.0 -9999.0 -9999.0 -9999.0 -9999.0 -9999.0 -9999.0 -9999.0 -9999.0 -9999.0 -9999.0 -9999.0 -9999.0 -9999.0 -9999.0 -9999.0 -9999.0 -9999.0 -9999.0 -9999.0 -9999.0 -9999.0 -9999.0 -9999.0 -9999.0 -9999.0 -9999.0 -9999.0 -9999.0 -9999.0 -9999.0 -9999.0 -9999.0 -9999.0 -9999.0 -9999.0 -9999.0 -9999.0 -9999.0 -9999.0 -9999.0 -9999.0 -9999.0 -9999.0 -9999.0 -9999.0 -9999.0     2.5     3.9     2.8     3.9     7.2    12.6    15.8    23.4    28.9    31.0    33.6    42.5    53.2    65.1    74.5    77.2 -9999.0 -9999.0 -9999.0 -9999.0 -9999.0 -9999.0 -9999.0 -9999.0 -9999.0 -9999.0 -9999.0 -9999.0 -9999.0 -9999.0 -9999.0 -9999.0 -9999.0
 -9999.0 -9999.0 -9999.0 -9999.0 -9999.0 -9999.0 -9999.0 -9999.0 -9999.0 -9999.0 -9999.0 -9999.0 -9999.0 -9999.0 -9999.0 -9999.0 -9999.0 -9999.0 -9999.0 -9999.0 -9999.0 -9999.0 -9999.0 -9999.0 -9999.0 -9999.0 -9999.0 -9999.0 -9999.0 -9999.0 -9999.0 -9999.0 -9999.0 -9999.0 -9999.0 -9999.0 -9999.0 -9999.0 -9999.0 -9999.0 -9999.0 -9999.0 -9999.0 -9999.0 -9999.0 -9999.0 -9999.0 -9999.0 -9999.0 -9999.0 -9999.0 -9999.0 -9999.0 -9999.0 -9999.0 -9999.0 -9999.0 -9999.0 -9999.0 -9999.0 -9999.0 -9999.0 -9999.0 -9999.0 -9999.0 -9999.0 -9999.0 -9999.0 -9999.0 -9999.0 -9999.0 -9999.0 -9999.0 -9999.0 -9999.0 -9999.0 -9999.0 -9999.0 -9999.0 -9999.0 -9999.0 -9999.0 -9999.0 -9999.0 -9999.0 -9999.0 -9999.0 -9999.0 -9999.0 -9999.0 -9999.0 -9999.0 -9999.0 -9999.0     5.3     5.5     5.1     5.6     6.5     8.2    12.2    22.2    27.3    32.9    35.9    38.1    43.0    49.6    56.1    60.1    61.1 -9999.0 -9999.0 -9999.0 -9999.0 -9999.0 -9999.0 -9999.0 -9999.0 -9999.0 -9999.0 -9999.0 -9999.0 -9999.0 -9999.0 -9999.0 -9999.0 -9999.0
 -9999.0 -9999.0 -9999.0 -9999.0 -9999.0 -9999.0 -9999.0 -9999.0 -9999.0 -9999.0 -9999.0 -9999.0 -9999.0 -9999.0 -9999.0 -9999.0 -9999.0 -9999.0 -9999.0 -9999.0 -9999.0 -9999.0 -9999.0 -9999.0 -9999.0 -9999.0 -9999.0 -9999.0 -9999.0 -9999.0 -9999.0 -9999.0 -9999.0 -9999.0 -9999.0 -9999.0 -9999.0 -9999.0 -9999.0 -9999.0 -9999.0 -9999.0 -9999.0 -9999.0 -9999.0 -9999.0 -9999.0 -9999.0 -9999.0 -9999.0 -9999.0 -9999.0 -9999.0 -9999.0 -9999.0 -9999.0 -9999.0 -9999.0 -9999.0 -9999.0 -9999.0 -9999.0 -9999.0 -9999.0 -9999.0 -9999.0 -9999.0 -9999.0 -9999.0 -9999.0 -9999.0 -9999.0 -9999.0 -9999.0 -9999.0 -9999.0 -9999.0 -9999.0 -9999.0 -9999.0 -9999.0 -9999.0 -9999.0 -9999.0 -9999.0 -9999.0 -9999.0 -9999.0 -9999.0 -9999.0 -9999.0 -9999.0 -9999.0 -9999.0     9.2     8.8     9.6    10.3    10.7    14.0    18.3    24.9    32.4    38.6    41.8    42.3    43.7    46.1    48.4    48.7    47.3    50.6 -9999.0 -9999.0 -9999.0 -9999.0 -9999.0 -9999.0 -9999.0 -9999.0 -9999.0 -9999.0 -9999.0 -9999.0 -9999.0 -9999.0 -9999.0 -9999.0
 -9999.0 -9999.0 -9999.0 -9999.0 -9999.0 -9999.0 -9999.0 -9999.0 -9999.0 -9999.0 -9999.0 -9999.0 -9999.0 -9999.0 -9999.0 -9999.0 -9999.0 -9999.0 -9999.0 -9999.0 -9999.0 -9999.0 -9999.0 -9999.0 -9999.0 -9999.0 -9999.0 -9999.0 -9999.0 -9999.0 -9999.0 -9999.0 -9999.0 -9999.0 -9999.0 -9999.0 -9999.0 -9999.0 -9999.0 -9999.0 -9999.0 -9999.0 -9999.0 -9999.0 -9999.0 -9999.0 -9999.0 -9999.0 -9999.0 -9999.0 -9999.0 -9999.0 -9999.0 -9999.0 -9999.0 -9999.0 -9999.0 -9999.0 -9999.0 -9999.0 -9999.0 -9999.0 -9999.0 -9999.0 -9999.0 -9999.0 -9999.0 -9999.0 -9999.0 -9999.0 -9999.0 -9999.0 -9999.0 -9999.0 -9999.0 -9999.0 -9999.0 -9999.0 -9999.0 -9999.0 -9999.0 -9999.0 -9999.0 -9999.0 -9999.0 -9999.0 -9999.0 -9999.0 -9999.0    18.6 -9999.0 -9999.0    18.5    16.1    16.3    17.2    19.1    20.8    21.4    22.8    28.6    32.6    37.6    42.6    44.2    43.5    42.9    44.4    45.0    45.1    42.1    46.2 -9999.0 -9999.0 -9999.0 -9999.0 -9999.0 -9999.0 -9999.0 -9999.0 -9999.0 -9999.0 -9999.0 -9999.0 -9999.0 -9999.0 -9999.0 -9999.0
 -9999.0 -9999.0 -9999.0 -9999.0 -9999.0 -9999.0 -9999.0 -9999.0 -9999.0 -9999.0 -9999.0 -9999.0 -9999.0 -9999.0 -9999.0 -9999.0 -9999.0 -9999.0 -9999.0 -9999.0 -9999.0 -9999.0 -9999.0 -9999.0 -9999.0 -9999.0 -9999.0 -9999.0 -9999.0 -9999.0 -9999.0 -9999.0 -9999.0 -9999.0 -9999.0 -9999.0 -9999.0 -9999.0 -9999.0 -9999.0 -9999.0 -9999.0 -9999.0 -9999.0 -9999.0 -9999.0 -9999.0 -9999.0 -9999.0 -9999.0 -9999.0 -9999.0 -9999.0 -9999.0 -9999.0 -9999.0 -9999.0 -9999.0 -9999.0 -9999.0 -9999.0 -9999.0 -9999.0 -9999.0 -9999.0 -9999.0 -9999.0 -9999.0 -9999.0 -9999.0 -9999.0 -9999.0 -9999.0 -9999.0 -9999.0 -9999.0 -9999.0 -9999.0 -9999.0 -9999.0 -9999.0 -9999.0 -9999.0 -9999.0 -9999.0 -9999.0 -9999.0 -9999.0    24.2    27.2    28.3    28.5    27.0    23.9    24.1    25.7    31.0    34.8    36.4    36.3    36.1    37.3    39.2    41.3    42.1    41.5    40.9    42.0    44.4    47.0    48.7    50.4    58.2    66.0    70.9    72.5 -9999.0 -9999.0 -9999.0 -9999.0 -9999.0 -9999.0 -9999.0 -9999.0 -9999.0 -9999.0 -9999.0 -9999.0
 -9999.0 -9999.0 -9999.0 -9999.0 -9999.0 -9999.0 -9999.0 -9999.0 -9999.0 -9999.0 -9999.0 -9999.0 -9999.0 -9999.0 -9999.0 -9999.0 -9999.0 -9999.0 -9999.0 -9999.0 -9999.0 -9999.0 -9999.0 -9999.0 -9999.0 -9999.0 -9999.0 -9999.0 -9999.0    10.0    11.5    11.6    10.5 -9999.0 -9999.0 -9999.0 -9999.0 -9999.0 -9999.0 -9999.0 -9999.0 -9999.0 -9999.0 -9999.0 -9999.0 -9999.0 -9999.0 -9999.0 -9999.0 -9999.0 -9999.0 -9999.0 -9999.0 -9999.0 -9999.0 -9999.0 -9999.0 -9999.0 -9999.0 -9999.0 -9999.0 -9999.0 -9999.0 -9999.0 -9999.0 -9999.0 -9999.0 -9999.0 -9999.0 -9999.0 -9999.0 -9999.0 -9999.0 -9999.0 -9999.0 -9999.0 -9999.0 -9999.0 -9999.0 -9999.0 -9999.0 -9999.0 -9999.0 -9999.0 -9999.0 -9999.0 -9999.0    25.7    30.2    34.0    36.8    37.9    35.9    33.4    32.7    36.4    43.1    49.4    48.7    46.8    42.0    37.2    36.1    35.2    37.0    37.2    36.9    39.8    45.9    50.7    54.4    56.4    61.2    64.7    68.3    67.7    66.4    64.7 -9999.0 -9999.0 -9999.0 -9999.0 -9999.0 -9999.0 -9999.0 -9999.0 -9999.0 -9999.0
 -9999.0 -9999.0 -9999.0 -9999.0 -9999.0 -9999.0 -9999.0 -9999.0 -9999.0 -9999.0 -9999.0 -9999.0 -9999.0 -9999.0 -9999.0 -9999.0 -9999.0 -9999.0 -9999.0 -9999.0 -9999.0 -9999.0 -9999.0 -9999.0 -9999.0 -9999.0 -9999.0     9.4    12.1    10.9    16.5    15.9    16.5    10.7 -9999.0 -9999.0 -9999.0 -9999.0 -9999.0 -9999.0 -9999.0 -9999.0 -9999.0 -9999.0 -9999.0 -9999.0 -9999.0 -9999.0 -9999.0 -9999.0 -9999.0 -9999.0 -9999.0 -9999.0 -9999.0 -9999.0 -9999.0 -9999.0 -9999.0 -9999.0 -9999.0 -9999.0 -9999.0 -9999.0 -9999.0 -9999.0 -9999.0 -9999.0 -9999.0 -9999.0 -9999.0 -9999.0 -9999.0 -9999.0 -9999.0 -9999.0 -9999.0 -9999.0 -9999.0 -9999.0 -9999.0 -9999.0 -9999.0 -9999.0 -9999.0 -9999.0 -9999.0    29.7    35.4    40.9    45.0    46.6    45.3    42.4    41.3    44.0    50.0    55.0    55.5    51.4    41.8    32.8    29.9    28.9    29.4    31.3    34.2    39.1    42.8    48.4    54.8    58.0    60.3    60.2    62.8    65.4    63.4    60.9 -9999.0 -9999.0 -9999.0 -9999.0 -9999.0    43.3    48.1    54.5    62.0 -9999.0
 -9999.0 -9999.0 -9999.0 -9999.0 -9999.0 -9999.0 -9999.0 -9999.0 -9999.0 -9999.0 -9999.0 -9999.0 -9999.0 -9999.0 -9999.0 -9999.0 -9999.0 -9999.0 -9999.0 -9999.0 -9999.0 -9999.0 -9999.0 -9999.0 -9999.0 -9999.0    10.5     8.5     9.2     9.7    11.2    12.4    24.1    17.3    16.0    12.9    10.8 -9999.0 -9999.0 -9999.0 -9999.0 -9999.0 -9999.0 -9999.0 -9999.0 -9999.0 -9999.0 -9999.0 -9999.0 -9999.0 -9999.0 -9999.0 -9999.0 -9999.0 -9999.0 -9999.0 -9999.0 -9999.0 -9999.0 -9999.0 -9999.0 -9999.0 -9999.0 -9999.0 -9999.0 -9999.0 -9999.0 -9999.0 -9999.0 -9999.0 -9999.0 -9999.0 -9999.0 -9999.0 -9999.0 -9999.0 -9999.0 -9999.0 -9999.0 -9999.0 -9999.0 -9999.0 -9999.0 -9999.0 -9999.0 -9999.0    27.2    34.2    41.1    47.3    51.9    54.0    53.0    49.5    46.9    47.5    50.9    54.8    55.2    46.4    35.2    25.3    21.8    22.2    22.9    25.7    30.3    34.8    38.5    44.6    51.0    53.3    52.3    48.7    54.5    57.6    56.2    55.7    54.4 -9999.0 -9999.0    37.8    38.2    41.7    47.4    53.8    62.2 -9999.0
 -9999.0 -9999.0 -9999.0 -9999.0 -9999.0 -9999.0 -9999.0 -9999.0 -9999.0 -9999.0 -9999.0 -9999.0 -9999.0 -9999.0 -9999.0 -9999.0 -9999.0 -9999.0 -9999.0 -9999.0 -9999.0 -9999.0 -9999.0 -9999.0 -9999.0 -9999.0    12.3    12.9    10.9     7.9     5.9     7.1     5.8    13.9    13.4    15.2    20.2     8.0 -9999.0 -9999.0 -9999.0 -9999.0 -9999.0 -9999.0 -9999.0 -9999.0 -9999.0 -9999.0 -9999.0 -9999.0 -9999.0 -9999.0 -9999.0 -9999.0 -9999.0 -9999.0 -9999.0 -9999.0 -9999.0 -9999.0 -9999.0 -9999.0 -9999.0 -9999.0 -9999.0 -9999.0 -9999.0 -9999.0 -9999.0 -9999.0 -9999.0 -9999.0 -9999.0 -9999.0 -9999.0 -9999.0 -9999.0 -9999.0 -9999.0 -9999.0 -9999.0 -9999.0 -9999.0 -9999.0 -9999.0 -9999.0    29.0    37.2    45.3    52.5    57.4    59.2    57.4    52.9    48.8    47.1    49.9    51.5    48.6    42.4    31.1    21.7    18.7    17.4    18.3    20.1    23.6    27.9    32.8    37.8    43.6    48.0    47.2    38.9    41.4    55.2    52.4    52.3    49.6    45.6    40.1    37.0    38.2    42.5    48.8    56.4    64.7 -9999.0
 -9999.0 -9999.0 -9999.0 -9999.0 -9999.0 -9999.0 -9999.0 -9999.0 -9999.0 -9999.0 -9999.0 -9999.0 -9999.0 -9999.0 -9999.0 -9999.0 -9999.0 -9999.0 -9999.0 -9999.0 -9999.0    19.0    16.9    15.3    14.7    14.1    14.6    17.9    20.4    15.0     7.7     6.4     5.0     6.0     9.0     8.2    14.0    10.4    11.1 -9999.0 -9999.0 -9999.0 -9999.0 -9999.0 -9999.0 -9999.0 -9999.0 -9999.0 -9999.0 -9999.0 -9999.0 -9999.0 -9999.0 -9999.0 -9999.0 -9999.0 -9999.0 -9999.0 -9999.0 -9999.0 -9999.0 -9999.0 -9999.0 -9999.0 -9999.0 -9999.0 -9999.0 -9999.0 -9999.0 -9999.0 -9999.0 -9999.0 -9999.0 -9999.0 -9999.0 -9999.0 -9999.0 -9999.0 -9999.0 -9999.0 -9999.0 -9999.0 -9999.0 -9999.0 -9999.0 -9999.0 -9999.0    38.0 -9999.0 -9999.0    60.4 -9999.0 -9999.0    53.9    48.4    46.0    49.0    48.0    45.3    45.4    32.3    25.3    19.9    17.3    16.4    16.9    19.1    23.7    26.8    32.7    37.6    40.8    41.1    40.0    41.7    49.1    50.4    50.1    48.7    46.2    42.0    39.1    40.8    45.8    52.6    59.9 -9999.0 -9999.0
 -9999.0 -9999.0 -9999.0 -9999.0 -9999.0 -9999.0 -9999.0 -9999.0 -9999.0 -9999.0 -9999.0 -9999.0 -9999.0 -9999.0 -9999.0 -9999.0 -9999.0 -9999.0 -9999.0 -9999.0 -9999.0    27.1    24.5    20.6    18.4    15.8    14.9    15.7    18.7    16.7     9.7     8.3     8.7     6.1     5.4     4.6     4.4    12.5     3.9 -9999.0 -9999.0 -9999.0 -9999.0 -9999.0 -9999.0 -9999.0 -9999.0 -9999.0 -9999.0 -9999.0 -9999.0 -9999.0 -9999.0 -9999.0 -9999.0 -9999.0 -9999.0 -9999.0 -9999.0 -9999.0 -9999.0 -9999.0 -9999.0 -9999.0 -9999.0 -9999.0 -9999.0 -9999.0 -9999.0 -9999.0 -9999.0 -9999.0 -9999.0 -9999.0 -9999.0 -9999.0 -9999.0 -9999.0 -9999.0 -9999.0 -9999.0 -9999.0 -9999.0 -9999.0 -9999.0 -9999.0 -9999.0 -9999.0 -9999.0    55.1    60.7    61.7    59.4    53.6    48.5    46.9    43.5    44.8    45.0    42.9    37.1    30.6    25.5    22.2    19.8    19.2    20.8    23.4    25.4    29.1    32.6    35.8    38.4    40.9    46.0    47.9    49.8    48.9    47.8    46.4    43.9    43.2    45.8    51.2    58.3 -9999.0 -9999.0 -9999.0
 -9999.0 -9999.0 -9999.0 -9999.0 -9999.0 -9999.0 -9999.0 -9999.0 -9999.0 -9999.0 -9999.0 -9999.0 -9999.0 -9999.0 -9999.0 -9999.0 -9999.0 -9999.0 -9999.0 -9999.0    30.6    33.9    29.7    25.3    23.4    24.0    21.0    16.8    12.9    10.8    10.9     7.8     8.5     7.7     5.3     3.0     4.1     2.0     1.5 -9999.0 -9999.0 -9999.0 -9999.0 -9999.0 -9999.0 -9999.0 -9999.0 -9999.0 -9999.0 -9999.0 -9999.0 -9999.0 -9999.0 -9999.0 -9999.0 -9999.0 -9999.0 -9999.0 -9999.0 -9999.0 -9999.0 -9999.0 -9999.0 -9999.0 -9999.0 -9999.0 -9999.0 -9999.0 -9999.0 -9999.0 -9999.0 -9999.0 -9999.0 -9999.0 -9999.0 -9999.0 -9999.0 -9999.0 -9999.0 -9999.0 -9999.0 -9999.0 -9999.0 -9999.0 -9999.0 -9999.0 -9999.0 -9999.0    41.4    51.1    57.2    58.4    57.2    53.5    49.2    46.7    43.2    47.6    47.5    47.2    47.0    41.8    37.2    32.4    28.8    27.9    29.1    29.3    28.9    29.1    29.6    30.2    33.7    35.8    40.9    47.7    49.4    49.5    50.7    49.9    48.3    49.2    52.4    58.1    65.1 -9999.0 -9999.0 -9999.0
 -9999.0 -9999.0 -9999.0 -9999.0 -9999.0 -9999.0 -9999.0 -9999.0 -9999.0 -9999.0 -9999.0 -9999.0 -9999.0 -9999.0 -9999.0 -9999.0 -9999.0 -9999.0    28.9    32.4    35.6    47.8    34.3    29.8    28.4    30.4    26.1    17.4    11.3     9.7     8.3     8.5     9.1     7.3     5.5     4.2     2.7     1.1     0.6 -9999.0 -9999.0 -9999.0 -9999.0 -9999.0 -9999.0 -9999.0 -9999.0 -9999.0 -9999.0 -9999.0 -9999.0 -9999.0 -9999.0 -9999.0 -9999.0 -9999.0 -9999.0 -9999.0 -9999.0 -9999.0 -9999.0 -9999.0 -9999.0 -9999.0 -9999.0 -9999.0 -9999.0 -9999.0 -9999.0 -9999.0 -9999.0 -9999.0 -9999.0 -9999.0 -9999.0 -9999.0 -9999.0 -9999.0 -9999.0 -9999.0 -9999.0 -9999.0 -9999.0 -9999.0     9.7    12.9    17.7    23.6    32.0    42.7    49.3    52.2    52.4    52.8    51.1    50.6    43.5    45.2    46.0    49.8    53.6    54.1    51.3    45.7    42.2    42.3    42.9    40.6    35.7    33.9    33.2    32.9    34.2    35.1    42.3    48.6    55.2    53.7    55.3    56.0    56.3    57.4    60.8    66.3 -9999.0 -9999.0 -9999.0 -9999.0
 -9999.0 -9999.0 -9999.0 -9999.0 -9999.0 -9999.0 -9999.0 -9999.0 -9999.0 -9999.0 -9999.0 -9999.0 -9999.0 -9999.0 -9999.0    14.9    42.1    81.2    89.4    50.0    54.5    38.4    43.4    34.6    35.4    35.6    30.7    21.5    13.6    10.5     8.8     7.4     7.4     6.2     8.5     7.2     3.8    20.8     6.0     3.2     5.8     8.0     8.9    11.3 -9999.0 -9999.0 -9999.0 -9999.0 -9999.0 -9999.0 -9999.0 -9999.0 -9999.0 -9999.0 -9999.0 -9999.0 -9999.0 -9999.0 -9999.0 -9999.0 -9999.0 -9999.0 -9999.0 -9999.0 -9999.0 -9999.0 -9999.0 -9999.0 -9999.0 -9999.0 -9999.0 -9999.0 -9999.0 -9999.0 -9999.0 -9999.0 -9999.0 -9999.0 -9999.0     1.3     2.5     4.0     5.4     6.7     8.4    10.1    12.3    15.3    20.8    29.4    35.7    41.7    47.5    54.6    57.4    61.4    49.6    47.2    46.8    51.1    57.5    62.6    63.5    59.5    57.5    60.7    61.2    55.9    48.6    44.1    44.5    41.9    38.9    38.9    49.8    48.5    54.5    58.2    60.9    63.2    64.8    66.8    70.3    75.4 -9999.0 -9999.0 -9999.0 -9999.0
 -9999.0 -9999.0 -9999.0 -9999.0 -9999.0 -9999.0 -9999.0 -9999.0 -9999.0 -9999.0 -9999.0 -9999.0 -9999.0 -9999.0 -9999.0   105.2    94.5   118.4    79.6    55.4    31.5    27.5    27.6    31.6    34.6    36.9    34.9    27.2    18.8    12.7     8.3     5.3     4.6     2.8     2.6     2.7     1.5     3.1     1.4     2.2     2.3     0.9     1.6     3.1     3.3     8.0    34.2 -9999.0 -9999.0 -9999.0 -9999.0 -9999.0 -9999.0 -9999.0 -9999.0 -9999.0 -9999.0 -9999.0 -9999.0 -9999.0 -9999.0 -9999.0 -9999.0 -9999.0 -9999.0 -9999.0 -9999.0 -9999.0 -9999.0 -9999.0 -9999.0 -9999.0 -9999.0 -9999.0 -9999.0 -9999.0 -9999.0 -9999.0     0.7     1.4     2.7     4.5     6.1     6.6     6.8     6.9     7.0     8.2    11.7    17.7    25.7    33.9    46.4    56.5    72.9    61.6    57.7    47.0    49.0    53.3    61.8    70.1    75.2    75.5    77.6    85.3    84.8    74.4    65.5    57.5    53.6    50.4    52.8    48.5    46.1    46.1    53.8    59.4    64.2    68.5    72.2    75.6    79.5 -9999.0 -9999.0 -9999.0 -9999.0 -9999.0
 -9999.0 -9999.0 -9999.0 -9999.0 -9999.0 -9999.0 -9999.0 -9999.0 -9999.0 -9999.0 -9999.0 -9999.0 -9999.0 -9999.0 -9999.0 -9999.0    13.9    20.2    46.6    86.7    99.9    59.8    76.3    54.6    44.2    44.8    44.6    37.5    27.8    18.0    10.1     4.6     2.9     2.4     3.0     4.4     5.4     6.0     6.4    10.5    16.7    11.0     8.6     3.4     2.1     1.7     2.3     4.4 -9999.0 -9999.0 -9999.0 -9999.0 -9999.0 -9999.0 -9999.0 -9999.0 -9999.0 -9999.0 -9999.0 -9999.0 -9999.0 -9999.0 -9999.0 -9999.0 -9999.0 -9999.0 -9999.0 -9999.0 -9999.0 -9999.0 -9999.0 -9999.0 -9999.0 -9999.0 -9999.0 -9999.0 -9999.0 -9999.0     0.9     1.4     2.6     4.4     5.6     6.0     5.8     5.1     5.8     4.8     7.3    14.9    20.8    31.4    49.5    58.9    58.1    60.0    55.1    53.0    51.8    56.4    64.4    74.9    85.3    91.3    94.2    93.4    92.1    84.3    78.0    71.6    66.1    66.3    62.2    48.7    44.5    47.2    51.7    58.6    65.6    72.6 -9999.0 -9999.0 -9999.0 -9999.0 -9999.0 -9999.0 -9999.0 -9999.0
 -9999.0 -9999.0 -9999.0 -9999.0 -9999.0 -9999.0 -9999.0 -9999.0 -9999.0 -9999.0 -9999.0 -9999.0 -9999.0 -9999.0 -9999.0 -9999.0    10.2    19.2    29.6    35.2    66.1    59.1    60.2    59.7    51.4    43.6    43.3    46.0    56.4    57.5    21.7    21.1    72.4    66.9    16.6    14.1    24.9    18.9    17.4    24.7    32.5    22.4    30.0    55.9     7.3     0.8     0.3     0.6 -9999.0 -9999.0 -9999.0 -9999.0 -9999.0 -9999.0 -9999.0 -9999.0 -9999.0 -9999.0 -9999.0 -9999.0 -9999.0 -9999.0 -9999.0 -9999.0 -9999.0 -9999.0 -9999.0 -9999.0 -9999.0 -9999.0 -9999.0 -9999.0 -9999.0 -9999.0 -9999.0 -9999.0 -9999.0     0.6     1.0     1.4     2.1     2.9     4.4     6.1     5.0     4.7     4.2     4.1     6.0    13.3    26.3    32.2    33.4    45.4    59.4    59.2    62.7    61.2    57.4    59.2    65.0    75.5    87.8    94.1    89.6    86.6    83.7    82.0    82.4    80.8    74.6    65.0    57.5    51.5    50.5    49.5    53.2    60.5    68.2 -9999.0 -9999.0 -9999.0 -9999.0 -9999.0 -9999.0 -9999.0 -9999.0 -9999.0
 -9999.0 -9999.0 -9999.0 -9999.0 -9999.0 -9999.0 -9999.0 -9999.0 -9999.0 -9999.0 -9999.0 -9999.0 -9999.0 -9999.0 -9999.0 -9999.0   142.1   155.8   153.2    68.2    46.6    54.0    72.6    55.9    46.0    38.0    28.7    26.6    36.1    46.8    55.2    42.8    13.2     7.1    21.3    31.4    21.9     8.1     8.3     3.8     9.1    15.2    21.0    45.4    37.9    13.0     1.9     0.4     3.1     5.3     3.5 -9999.0 -9999.0 -9999.0 -9999.0 -9999.0 -9999.0 -9999.0 -9999.0 -9999.0 -9999.0 -9999.0 -9999.0 -9999.0 -9999.0 -9999.0 -9999.0 -9999.0 -9999.0 -9999.0 -9999.0 -9999.0 -9999.0 -9999.0 -9999.0 -9999.0     0.8     1.2     1.7     1.6     1.8     2.1     2.4     3.3     3.9     4.3     5.1     6.5    10.0    17.1    27.8    29.4    31.1    34.6    48.3    65.6    72.1    68.9    64.3    62.6    64.8    71.5    79.7    82.4    79.1    79.2    76.3    82.0    89.1    86.8    77.3    73.0    62.3    56.9    54.8    55.0    59.1    64.8    73.6    83.0 -9999.0 -9999.0 -9999.0 -9999.0 -9999.0 -9999.0 -9999.0 -9999.0
 -9999.0 -9999.0 -9999.0 -9999.0 -9999.0 -9999.0 -9999.0 -9999.0 -9999.0 -9999.0 -9999.0 -9999.0 -9999.0 -9999.0 -9999.0   106.0    76.2    86.4   152.3   146.2   121.6    96.6    69.8    48.5    36.5    25.7    19.5    18.2    20.0    20.8    25.0    18.0     2.8     1.4     0.7     0.5     1.8     0.9     0.4     0.6     0.3     0.7     3.0     3.3     5.4     9.4     6.3     3.6     3.5     2.5     2.2     1.8     2.2     4.8     3.0     3.5     3.7     5.0     6.8     8.8     9.7 -9999.0 -9999.0 -9999.0 -9999.0 -9999.0 -9999.0 -9999.0 -9999.0     3.7     3.2     2.7     2.1     1.8     1.7     1.6     2.2     2.2     2.2     2.3     1.8     1.3     1.3     2.0     3.3     5.7     7.9     9.7    14.3    22.0    31.4    33.8    39.2    39.3    56.5    78.5    82.3    76.8    71.4    64.2    59.9    59.7    63.3    69.4    71.9    68.7    74.4    77.8    78.2    80.3    72.9    66.4    62.1    60.9    59.0    61.9    67.5    73.9 -9999.0 -9999.0 -9999.0 -9999.0 -9999.0 -9999.0 -9999.0 -9999.0 -9999.0 -9999.0
 -9999.0 -9999.0 -9999.0 -9999.0 -9999.0 -9999.0 -9999.0 -9999.0 -9999.0 -9999.0 -9999.0 -9999.0 -9999.0 -9999.0   153.8   200.0   199.9   155.4   156.8   136.2    89.2    40.9    39.8    38.0    26.7    17.2    11.4    14.1    15.8    16.3    13.9    12.6     5.5     6.8     4.1     2.4     2.9     3.6     4.7     3.1     1.7     1.5     1.4     1.2     1.5     2.3     2.8     6.4     6.5     6.2     5.6     4.1     4.3     2.8     1.8     2.8     3.1     4.2     5.3     7.8    10.1    11.0    11.1    10.9    10.4     9.5     7.6     6.9     6.7     7.0     6.9     6.2     5.1     4.4     4.3     4.3     4.9     5.3     4.6     3.9     2.4     1.5     2.1     3.0     6.5     9.2    13.4    14.7    19.8    25.7    38.1    48.7    31.1    40.5    56.0    88.6    98.9    74.4    57.8    57.7    47.4    46.4    52.9    57.2    63.0    67.7    72.1    71.9    69.5    70.0    61.0    61.8    64.4    61.1    63.0    66.8    73.3 -9999.0 -9999.0 -9999.0 -9999.0 -9999.0 -9999.0 -9999.0 -9999.0 -9999.0 -9999.0 -9999.0
 -9999.0 -9999.0 -9999.0 -9999.0 -9999.0 -9999.0 -9999.0 -9999.0 -9999.0 -9999.0 -9999.0 -9999.0   152.3   166.2   182.9   106.3   162.0    67.4    27.7    14.0    14.0    16.8    17.6    20.0    20.5    17.8    14.3    11.8    10.0    10.3     9.7     7.9     7.2     5.2     2.8     3.1     4.6     5.0     3.4     4.1     3.5     3.8     3.7     3.2     3.1     5.1     6.8     7.9    10.4     7.5     6.7     5.2     5.3     4.4     2.6     2.6     3.5     4.8     6.1     7.4     9.4    11.3    11.4    11.2    10.2     9.7     9.3     9.2    10.2    11.6    12.3    11.6     9.8     9.1     9.4    10.0    11.0    11.2     9.4     6.0     4.4     2.9     5.8     8.2    12.6    17.6    21.0    22.8    30.6    29.9    35.2    38.5    70.7    82.5    69.3    93.8    81.1    58.3    61.0    65.4    51.6    52.2    55.6    60.7    70.8    67.1    66.2    65.6    65.2    56.1    56.9    64.7    61.9    63.5    74.1 -9999.0 -9999.0 -9999.0 -9999.0 -9999.0 -9999.0 -9999.0 -9999.0 -9999.0 -9999.0 -9999.0 -9999.0 -9999.0
 -9999.0 -9999.0 -9999.0 -9999.0 -9999.0 -9999.0 -9999.0 -9999.0 -9999.0    73.5   116.8   123.5   133.5    80.7    16.4     9.7     6.7     6.8     5.0     4.3     5.3     7.9    10.6    12.8    13.2    11.5     9.0     7.1     6.2     6.4     5.9     4.6     4.7     3.8     3.5     4.9     3.3     1.8     1.1     1.0     2.1     2.9     1.8     2.0     2.5     4.2     6.0     7.3     8.2    10.8     7.4     5.6     4.4     4.8     7.1     3.9     3.9     5.0     6.4     8.8    10.6    12.1    12.4    11.6    10.3    10.8    10.8    11.3    13.3    15.6    20.2    18.8    14.6    12.5    12.8    13.1    14.1    15.0    11.8     9.5     8.1     8.1     8.8    16.1    24.6    27.5    40.9    35.7    40.5    35.9    47.0    58.9    66.6    81.3    84.3    89.2    85.0    78.2    67.5    72.8    79.2    80.5    79.0    81.6    88.1    91.1    80.8    67.9    62.4    65.9    65.6    64.2    62.3 -9999.0 -9999.0 -9999.0 -9999.0 -9999.0 -9999.0 -9999.0 -9999.0 -9999.0 -9999.0 -9999.0 -9999.0 -9999.0 -9999.0 -9999.0
 -9999.0 -9999.0 -9999.0 -9999.0 -9999.0    14.0    38.3    41.1    53.9    71.7    62.4    82.2    89.6    47.9    24.6     9.2     2.8     3.2     3.1     3.3     3.7     4.9     6.5     7.8     8.0     7.1     5.6     4.3     3.7     3.7     3.8     3.7     3.2     2.6     2.1     1.6     1.1     0.8     0.6     1.0     1.6     1.0     1.4     2.5     2.1     2.3     2.1     3.2     4.2     5.1     7.3     7.0     8.6     8.7     8.0     4.5     4.2     5.1     6.5     9.7    12.3    14.6    13.8    12.7    12.9    12.1    11.3    12.7    15.5    20.4    26.1    25.6    20.3    17.0    17.1    14.5    13.2    12.9     7.0     4.6     5.0     6.2    12.1    23.8    33.7    28.5    40.2    43.4    52.1    61.1    71.9    88.7    99.4   113.3   121.1   121.1   117.0   102.7 -9999.0 -9999.0   115.2   121.4   131.4   117.8   101.1    94.1    83.1    80.7    77.1 -9999.0 -9999.0 -9999.0 -9999.0 -9999.0 -9999.0 -9999.0 -9999.0 -9999.0 -9999.0 -9999.0 -9999.0 -9999.0 -9999.0 -9999.0 -9999.0 -9999.0 -9999.0 -9999.0
 -9999.0 -9999.0 -9999.0     5.5     5.7    21.1    25.2    32.7    41.5    16.2    10.1    14.3    33.1     8.2     1.3     1.5     1.8     2.3     2.8     2.9     3.1     3.5     4.2     4.9     4.9     4.4     3.6     3.0     2.3     2.5     2.6     2.6     2.5     2.1     1.7     1.2     0.9     0.6     0.5     0.4     0.5     0.4     0.4     0.6     1.0     1.2     1.7     3.4     3.9     6.0     5.7     5.1     5.9     5.8     4.8     4.4     6.3     7.5     8.5    10.2    11.5    11.9    12.4    13.0    11.8    10.8    13.3    11.2    13.5    18.8    25.1    27.1    23.5    19.5    17.0    14.4    11.3     7.9     6.2     5.8     5.7    11.5    13.3    24.5    43.3    45.5    55.3    64.1    76.0    80.0    89.5   103.1   119.7   141.9   157.0   159.9   146.9 -9999.0 -9999.0 -9999.0   140.7   156.2   145.1   136.2   125.0   118.8   106.7 -9999.0 -9999.0 -9999.0 -9999.0 -9999.0 -9999.0 -9999.0 -9999.0 -9999.0 -9999.0 -9999.0 -9999.0 -9999.0 -9999.0 -9999.0 -9999.0 -9999.0 -9999.0 -9999.0 -9999.0 -9999.0
 -9999.0 -9999.0     2.5     5.3     8.4     8.2    10.0     8.2     2.3     2.4     2.8     3.1     2.3     1.3     1.0     1.1     1.6     2.0     2.4     2.5     2.5     2.6     3.0     3.3     3.2     2.9     2.5     2.0     2.0     1.9     2.2     2.3     2.3     2.0     1.6     1.2     0.8     0.6     0.6     0.7     0.7     1.2     1.9     2.6     2.9     4.9    12.3    13.6    12.8    11.9    14.9    14.4    11.9     8.5     7.4    10.8     7.4     9.1     8.8     9.6     8.2    11.1     8.1     8.5     8.4     9.1     9.3     9.2    11.4    14.9    20.9    23.9    23.0    20.8    19.3    16.2    12.0     6.4     5.9     6.9     8.3    11.7    16.7    29.3    44.8    59.9    69.5    80.4    87.7    79.3    78.2    98.2   121.0   141.4   160.1 -9999.0 -9999.0 -9999.0 -9999.0   144.1   139.9   140.5   147.5   148.5 -9999.0 -9999.0 -9999.0 -9999.0 -9999.0 -9999.0 -9999.0 -9999.0 -9999.0 -9999.0 -9999.0 -9999.0 -9999.0 -9999.0 -9999.0 -9999.0 -9999.0 -9999.0 -9999.0 -9999.0 -9999.0 -9999.0 -9999.0 -9999.0
 -9999.0 -9999.0     4.1     8.6    19.6    15.2     4.7     2.4     2.4     2.7     3.9     4.1     2.9     1.8     1.3     1.4     1.5     1.7     1.9     1.9     1.9     2.0     2.2     2.3     2.3     2.2     2.0     1.9     1.8     1.9     2.1     2.4     2.4     2.1     1.7     1.2     1.1     1.3     1.4     1.6     1.4     3.6     7.9    13.2     9.5    13.4    15.7    13.3    15.7    15.1    15.5    17.3    18.9    21.7    18.4    13.3     9.1    17.2    11.2    12.7    10.9     7.0     6.6     5.6     5.9     6.8     8.1    10.6    14.1    13.7    18.1    21.0    22.5    22.6    21.1    16.8     9.4     5.8     4.2     6.6     8.8    12.6    21.4    33.0    48.1    61.3    68.5    77.7    80.2    69.6    67.7    87.3   104.9   121.8 -9999.0 -9999.0 -9999.0 -9999.0 -9999.0   134.6 -9999.0 -9999.0 -9999.0 -9999.0 -9999.0 -9999.0 -9999.0 -9999.0 -9999.0 -9999.0 -9999.0 -9999.0 -9999.0 -9999.0 -9999.0 -9999.0 -9999.0 -9999.0 -9999.0 -9999.0 -9999.0 -9999.0 -9999.0 -9999.0 -9999.0 -9999.0 -9999.0 -9999.0
 -9999.0 -9999.0     2.4     8.3    12.2    13.6    13.5    18.2     3.6     2.9     3.9     4.3     3.2     2.2     1.9     1.5     1.8     1.5     1.4     1.4     1.4     1.5     1.7     1.8     1.9     1.9     1.9     1.9     2.0     2.3     2.6     2.7     0.8     0.6     0.8     1.0     1.2     1.3     1.8     2.0     1.6     2.3     2.9     5.3     6.2     8.4    10.4    11.5    11.4    11.8    13.8    14.7    16.9    19.1    22.5    27.2    21.8    16.1    19.5    17.2     6.6     5.2     4.5     4.2     4.6     6.2     9.0    18.2    14.3    16.8    19.9    21.5    23.3    25.2    24.2    19.9    12.4     6.5     8.2    10.9    13.0    13.8    22.4    32.1    43.7    50.8    58.0    67.8    74.3    71.4    71.2 -9999.0 -9999.0 -9999.0 -9999.0 -9999.0 -9999.0 -9999.0 -9999.0 -9999.0 -9999.0 -9999.0 -9999.0 -9999.0 -9999.0 -9999.0 -9999.0 -9999.0 -9999.0 -9999.0 -9999.0 -9999.0 -9999.0 -9999.0 -9999.0 -9999.0 -9999.0 -9999.0 -9999.0 -9999.0 -9999.0 -9999.0 -9999.0 -9999.0 -9999.0 -9999.0 -9999.0 -9999.0
 -9999.0 -9999.0 -9999.0     7.0     6.1    13.0    17.6    19.6    17.6     5.0     2.4     2.5     2.2     1.9     1.6     1.5     1.4     1.2     1.1     1.0     0.9     1.1     1.3     1.5     1.7     1.9     2.1     2.3     2.4     2.2     1.2     0.4     0.6     0.6     0.8     1.0     1.1     1.2     1.3     1.2     1.3     1.6     2.3     3.1     4.3     6.8     8.7     9.2     9.8    10.3    11.2    13.2    16.2    18.4    22.0    23.7    28.0    33.7    33.3    19.3    10.5     6.3     5.9     5.1     5.0     6.0    10.8    21.3    21.2    25.5    27.0    25.2    25.5    26.3    26.7    22.7    16.3    10.0    13.6    11.4    15.5    17.1    23.2    26.1    34.6    43.1    50.7    61.7    74.2    78.6    81.0    82.8 -9999.0 -9999.0 -9999.0 -9999.0 -9999.0 -9999.0 -9999.0 -9999.0 -9999.0 -9999.0 -9999.0 -9999.0 -9999.0 -9999.0 -9999.0 -9999.0 -9999.0 -9999.0 -9999.0 -9999.0 -9999.0 -9999.0 -9999.0 -9999.0 -9999.0 -9999.0 -9999.0 -9999.0 -9999.0 -9999.0 -9999.0 -9999.0 -9999.0 -9999.0 -9999.0 -9999.0
 -9999.0 -9999.0 -9999.0 -9999.0 -9999.0     5.9     4.3     6.7    18.9     4.9     1.6     1.3     1.0     1.1     1.3     1.4     1.2     1.0     0.8     0.7     0.8     0.9     1.0     1.4     1.7     2.0     2.2     2.1     0.9     0.6     0.6     0.5     0.6     0.8     1.0     1.3     1.5     1.7     1.6     1.5     1.6     1.7     2.0     2.7     3.6     4.7     5.6     6.8     6.9     8.4     9.4    12.7    16.3    20.4    23.1    23.9    25.7    29.9    38.1    37.7    30.9    14.3    12.5     9.2     9.1    10.0    16.7    26.4    33.1    37.1    36.0    31.0    27.7    27.3    29.4    27.7    21.8    14.2    16.8    20.5    21.9    23.1    27.1    33.3    41.9    47.7    52.5    59.9    71.2    79.7    87.9    96.0   100.6    98.2 -9999.0 -9999.0 -9999.0    96.0 -9999.0 -9999.0 -9999.0 -9999.0 -9999.0 -9999.0 -9999.0 -9999.0 -9999.0 -9999.0 -9999.0 -9999.0 -9999.0 -9999.0 -9999.0 -9999.0 -9999.0 -9999.0 -9999.0 -9999.0 -9999.0 -9999.0 -9999.0 -9999.0 -9999.0 -9999.0 -9999.0 -9999.0 -9999.0 -9999.0
 -9999.0 -9999.0 -9999.0 -9999.0     2.3     7.9    15.9    11.1    13.1     3.2     7.1     5.4     3.2     1.0     0.9     1.1     1.0     0.7     0.6     0.5     0.6     0.7     0.9     1.4     1.8     1.9     1.6     0.9     0.8     0.7     0.6     0.8     1.1     1.2     1.7     1.9     2.2     2.5     2.8     2.7     2.4     2.3     2.5     2.8     3.4     3.8     4.0     4.2     4.6     4.9     6.6    11.1    16.4    21.1    22.1    22.6    25.6    33.9    43.0    36.4    33.0    27.6    22.3    17.5    13.7    20.8    31.2    37.9    54.2    54.1    47.3    40.5    34.6    32.6    33.8    33.1    28.1    23.1    30.5    24.2    30.5    33.7    38.5    44.0    69.0    62.1    57.7    58.5    64.1    72.9    86.9   105.3   115.9   113.3 -9999.0 -9999.0    90.7   105.7   115.3   154.1   143.0 -9999.0 -9999.0 -9999.0 -9999.0 -9999.0 -9999.0 -9999.0 -9999.0 -9999.0 -9999.0 -9999.0 -9999.0 -9999.0 -9999.0 -9999.0 -9999.0 -9999.0 -9999.0 -9999.0 -9999.0 -9999.0 -9999.0 -9999.0 -9999.0 -9999.0 -9999.0 -9999.0
 -9999.0 -9999.0 -9999.0 -9999.0     3.3     3.3    11.9     6.7    25.2    28.1     9.8    31.0    23.4    25.1     5.4     5.5     5.2     1.7     0.6     0.5     0.9     1.2     1.6     2.7     3.1     2.4     1.5     1.2     1.1     1.1     1.2     1.3     1.8     2.2     2.5     3.0     3.1     3.4     3.8     3.9     4.6     3.9     3.9     4.0     4.3     4.4     4.1     3.8     4.0     5.6     8.6    11.7    17.7    20.5    21.2    23.5    26.9    36.6    47.1    49.9    49.9    40.6    28.8    25.7    24.3    26.0    42.0    53.3    64.6    71.6    58.7    46.8    37.4    35.5    36.2    36.0    30.2    34.0    33.9    32.1    42.3    50.2    46.5    74.3    95.8    75.5    62.3    60.5    63.5    69.0    82.4   109.5   120.8   125.9   118.2   105.7   107.9   127.8   152.0 -9999.0 -9999.0 -9999.0 -9999.0 -9999.0 -9999.0 -9999.0 -9999.0 -9999.0 -9999.0 -9999.0 -9999.0 -9999.0 -9999.0 -9999.0 -9999.0 -9999.0 -9999.0 -9999.0 -9999.0 -9999.0 -9999.0 -9999.0 -9999.0 -9999.0 -9999.0 -9999.0 -9999.0 -9999.0
 -9999.0 -9999.0 -9999.0 -9999.0 -9999.0 -9999.0 -9999.0     7.1    15.3    13.8    31.6    34.7    24.1    29.3    29.4     5.0    13.2     5.1     3.2     5.2     8.8     9.1     6.8     4.6     3.2     2.4     1.9     1.6     1.6     1.5     1.8     2.2     2.9     3.3     3.6     4.5     4.5     5.1     5.4     6.1     6.6     7.5     7.8     7.2     6.4     6.1     5.3     5.0     5.8     8.7    14.0    19.1    21.2    18.6    23.8    26.3    25.9    31.2    45.8    59.2    56.9    50.6    38.7    37.6    40.1    39.5    49.4    63.6    75.6    78.6    65.2    48.6    40.1    38.9    40.1    40.8    33.3    35.4    40.5    40.7    58.3    63.4    68.3    97.8   108.6    85.4    70.9    70.2    73.5    78.9    88.1   103.8   125.4   139.6   138.8   136.4   138.3 -9999.0 -9999.0 -9999.0 -9999.0 -9999.0 -9999.0 -9999.0 -9999.0 -9999.0 -9999.0 -9999.0 -9999.0 -9999.0 -9999.0 -9999.0 -9999.0 -9999.0 -9999.0 -9999.0 -9999.0 -9999.0 -9999.0 -9999.0 -9999.0 -9999.0 -9999.0 -9999.0 -9999.0 -9999.0 -9999.0 -9999.0
 -9999.0 -9999.0 -9999.0 -9999.0 -9999.0 -9999.0 -9999.0    16.9     6.3    17.8    25.0    22.6    28.8    36.8    30.1    38.0    25.4    21.3    22.5    14.0    10.5     9.2     6.3     4.6     3.5     2.8     2.5     2.1     2.5     3.0     3.0     3.7     4.6     4.8     6.3     6.8     7.6     7.4     7.9     8.6     9.3    10.2    10.7    10.2     9.3     8.4     7.2     6.9     7.5    10.2    11.1    14.3    23.6    23.5    21.8    31.7    32.6    37.0    44.4    51.6    68.5    71.7    59.9    59.2    53.7    48.8    50.6    62.7    79.1    78.2    68.8    52.2    40.0    39.9    39.5    46.7    45.8    41.4    42.6    61.9    74.6    73.3    57.0   100.9   105.8    89.9    82.4    85.9    92.4    97.9   103.2   108.6   123.6   141.7   153.0   153.1 -9999.0 -9999.0 -9999.0 -9999.0 -9999.0 -9999.0 -9999.0 -9999.0 -9999.0 -9999.0 -9999.0 -9999.0 -9999.0 -9999.0 -9999.0 -9999.0 -9999.0 -9999.0 -9999.0 -9999.0 -9999.0 -9999.0 -9999.0 -9999.0 -9999.0 -9999.0 -9999.0 -9999.0 -9999.0 -9999.0 -9999.0 -9999.0
 -9999.0 -9999.0 -9999.0 -9999.0 -9999.0 -9999.0 -9999.0 -9999.0 -9999.0    15.1    17.5    18.4    29.3    29.8    26.8    24.0    25.8    28.5    19.9    17.9    12.1     8.1     6.0     4.6     3.7     3.3     3.0     3.0     3.7     3.5     5.8     6.4     7.7     8.3    10.7    11.5    12.0    11.4    11.8    11.8    12.9    13.9    15.1    15.1    13.6    11.9    10.4     9.9    10.8    13.2    15.4    18.8    22.3    25.4    22.8    32.8    36.4    39.5    42.6    51.8    62.4    63.0    62.3    69.7    59.0    48.3    45.0    57.3    76.9    81.2    73.2    52.9    38.5    39.6    48.7    46.4    51.4    55.3    65.4    88.2    93.6    80.9    88.0    95.8    91.4    84.1    88.1    99.6   110.3   117.1   120.0   119.0   125.4   139.5   140.7 -9999.0 -9999.0 -9999.0 -9999.0 -9999.0 -9999.0 -9999.0 -9999.0 -9999.0 -9999.0 -9999.0 -9999.0 -9999.0 -9999.0 -9999.0 -9999.0 -9999.0 -9999.0 -9999.0 -9999.0 -9999.0 -9999.0 -9999.0 -9999.0 -9999.0 -9999.0 -9999.0 -9999.0 -9999.0 -9999.0 -9999.0 -9999.0 -9999.0
 -9999.0 -9999.0 -9999.0 -9999.0 -9999.0 -9999.0 -9999.0 -9999.0 -9999.0 -9999.0 -9999.0    25.2    15.9    30.1    26.7    27.5    24.3    20.4    16.8    14.1    11.6     8.0     6.1     4.7     3.7     3.4     3.2     3.4     4.2     5.7     7.2     7.6    11.2    13.1    15.7    14.0    16.9    16.7    13.8    15.9    15.8    18.2    20.8    22.0    19.6    19.0    16.4    15.7    16.7    19.7    24.7    27.0    27.4    26.0    25.3    30.7    38.7    40.7    45.3    51.8    55.3    64.0    66.7    64.1    55.2    41.6    40.2    52.5    72.7    84.0    78.8    60.2    42.4    38.9    48.3    55.7    61.8    63.6    73.9    93.1    95.7    83.7    77.4    78.4    75.1    73.6    84.6   101.1   113.9   121.7   120.6   115.9   121.9   129.8   125.3 -9999.0 -9999.0 -9999.0 -9999.0 -9999.0 -9999.0 -9999.0 -9999.0 -9999.0 -9999.0 -9999.0 -9999.0 -9999.0 -9999.0 -9999.0 -9999.0 -9999.0 -9999.0 -9999.0 -9999.0 -9999.0 -9999.0 -9999.0 -9999.0 -9999.0 -9999.0 -9999.0 -9999.0 -9999.0 -9999.0 -9999.0 -9999.0 -9999.0
 -9999.0 -9999.0 -9999.0 -9999.0 -9999.0 -9999.0 -9999.0 -9999.0 -9999.0 -9999.0 -9999.0 -9999.0    16.9    18.7    27.2    23.3    26.9    20.6    17.0    15.1     9.6     7.6     5.8     4.6     3.4     3.7     4.2     3.9     5.1     5.2     8.7    11.8    14.7    15.6    18.1    21.3    18.5    22.3    23.0    23.0    23.1    24.9    28.2    29.4    30.7    29.4    26.9    26.4    27.7    31.7    34.4    36.9    38.2    37.3    35.0    36.8    41.5    44.4    54.2    52.3    58.0    59.3    62.6    64.6    55.1    57.4    41.5    53.1    71.8    86.7    89.9    77.9    61.0    55.0    56.1    86.5    59.5    59.4    67.2    82.7    90.3    84.2    76.2    73.2    70.4    70.0    78.0    91.0   104.7   112.7   111.2   106.3   110.6   116.0   116.0   127.1   153.3 -9999.0 -9999.0 -9999.0 -9999.0 -9999.0 -9999.0 -9999.0 -9999.0 -9999.0 -9999.0 -9999.0 -9999.0 -9999.0 -9999.0 -9999.0 -9999.0 -9999.0 -9999.0 -9999.0 -9999.0 -9999.0 -9999.0 -9999.0 -9999.0 -9999.0 -9999.0 -9999.0 -9999.0 -9999.0 -9999.0 -9999.0
 -9999.0 -9999.0 -9999.0 -9999.0 -9999.0 -9999.0 -9999.0 -9999.0 -9999.0 -9999.0 -9999.0 -9999.0    26.1    16.0    15.5    23.4    17.4    17.2    16.6    12.6     9.5     7.2     5.4     4.5     4.4     4.0     4.4     6.1     6.6     9.8    10.6    11.6    17.1    21.7    24.0    28.8    25.9    26.6    28.1    28.4    30.6    33.2    33.5    42.2    42.8    42.3    44.5    43.3    45.6    48.1    53.8    56.2    56.9    51.5    50.4    49.6    55.7    59.4    65.0    66.9    70.0    73.3    76.5    82.9    67.4    63.7    51.5    60.8    77.7    94.4   101.4   109.8   110.5    84.6    80.7    66.3    54.5    69.4    65.8    75.2    88.8    90.4    83.8    80.2    79.3    78.0    79.1    84.9    96.0   103.8   103.9   102.0   101.8   103.8   107.7   123.1   149.4 -9999.0 -9999.0 -9999.0 -9999.0 -9999.0 -9999.0 -9999.0 -9999.0 -9999.0 -9999.0 -9999.0 -9999.0 -9999.0 -9999.0 -9999.0 -9999.0 -9999.0 -9999.0 -9999.0 -9999.0 -9999.0 -9999.0 -9999.0 -9999.0 -9999.0 -9999.0 -9999.0 -9999.0 -9999.0 -9999.0 -9999.0
 -9999.0 -9999.0 -9999.0 -9999.0 -9999.0 -9999.0 -9999.0 -9999.0 -9999.0 -9999.0 -9999.0 -9999.0 -9999.0    19.6    25.0    16.2    19.5    15.5    12.7    10.3     8.3     6.3     4.9     4.4     4.0     3.1     3.3     3.3     5.5     8.2    13.4    18.3    18.3    22.7    33.8    36.7    38.0    36.0    27.0    31.8    34.0    35.8    42.4    45.4    56.1    63.6    61.7    58.9    58.8    62.8    69.3    75.4    75.2    67.6    64.2    64.3    70.2    75.4    77.9    82.0    86.5    94.4   103.2   106.7    87.6    77.6    75.0    78.0    97.4   113.5   121.2   120.2   114.1   110.0   108.0    84.1    69.5    61.8    69.2    83.9    91.6    98.9    94.3    92.7    95.0    91.9    87.1    86.5    92.2    97.2    98.9   101.8    99.4    96.3    99.8   113.5   136.3 -9999.0 -9999.0 -9999.0 -9999.0 -9999.0 -9999.0 -9999.0 -9999.0 -9999.0 -9999.0 -9999.0 -9999.0 -9999.0 -9999.0 -9999.0 -9999.0 -9999.0 -9999.0 -9999.0 -9999.0 -9999.0 -9999.0 -9999.0 -9999.0 -9999.0 -9999.0 -9999.0 -9999.0 -9999.0 -9999.0 -9999.0
 -9999.0 -9999.0 -9999.0 -9999.0 -9999.0 -9999.0 -9999.0 -9999.0 -9999.0 -9999.0 -9999.0 -9999.0    16.8    23.3    22.1    17.6    20.0    15.7    12.6     8.7     7.0     5.6     4.4     4.0     4.0     2.9     3.6     5.3     7.1     9.0    13.5    21.9    19.5    30.1    34.2    42.7    38.6    47.4    45.7    41.7    34.8    35.3    39.2    57.6    62.7    68.3    73.1    71.8    68.2    70.9    78.0    83.8    85.8    81.8    76.3    75.9    81.0    89.4    95.9   100.7   109.5   123.3   136.6   149.7   134.4   105.5    78.2    90.4   119.0   139.6   146.1   143.1   145.0   136.1   117.0   100.8    94.6    91.6    93.7   101.5   108.9   109.8   104.4   102.1   103.9   100.6    94.5    89.1    87.9    90.4    95.3   101.9   100.0    89.9    89.4    96.6   109.3   120.0 -9999.0 -9999.0 -9999.0 -9999.0 -9999.0 -9999.0 -9999.0 -9999.0 -9999.0 -9999.0 -9999.0 -9999.0 -9999.0 -9999.0 -9999.0 -9999.0 -9999.0 -9999.0 -9999.0 -9999.0 -9999.0 -9999.0 -9999.0 -9999.0 -9999.0 -9999.0 -9999.0 -9999.0 -9999.0 -9999.0
 -9999.0 -9999.0 -9999.0 -9999.0 -9999.0 -9999.0 -9999.0 -9999.0 -9999.0 -9999.0 -9999.0 -9999.0    18.6    11.6    15.0    21.3    17.9    12.0     9.7     8.1     5.9     4.6     3.7     3.2     3.6     4.3     4.8     6.2     8.0    12.5    17.8    22.0    21.9    37.9    44.9    46.8    54.2    51.2    49.8    52.1    49.1    54.2    59.1    62.8    66.8    68.4    66.6    67.3    67.7    66.7    73.6    85.0    83.0    77.9    75.7    74.1    83.4    94.1   102.1   118.2   135.4   156.6   155.1   144.6   130.7    87.8    99.1    90.5   110.7   138.1   154.0   161.1   166.5   162.7   152.1   128.6   127.7   124.5   123.2   122.0   121.2   117.3   107.8   101.9   101.5   102.0   100.3    96.0    91.0    92.4    96.3    99.1    95.4    86.1    82.5    81.5    83.9    89.8    99.1 -9999.0 -9999.0 -9999.0 -9999.0 -9999.0 -9999.0 -9999.0 -9999.0 -9999.0 -9999.0 -9999.0 -9999.0 -9999.0 -9999.0 -9999.0 -9999.0 -9999.0 -9999.0 -9999.0 -9999.0 -9999.0 -9999.0 -9999.0 -9999.0 -9999.0 -9999.0 -9999.0 -9999.0 -9999.0
 -9999.0 -9999.0 -9999.0 -9999.0 -9999.0 -9999.0 -9999.0 -9999.0 -9999.0 -9999.0 -9999.0 -9999.0     6.6    15.6    10.4    12.3    11.2    12.2     8.5     6.5     5.0     3.4     2.9     2.1     2.4     1.7     2.6     2.3     7.4    11.1    16.6    15.3    30.5    42.8    48.6    49.5    52.1    51.0    53.2    46.7    53.0    68.7    53.8    80.2    66.7    61.4    61.8    61.2    58.1    61.2    68.6    69.0    92.3    93.9    82.2    64.5    77.4    91.8   108.0   113.3   133.1   157.0   210.7   139.4    76.8    70.0    78.0    93.6   120.6   146.1   165.2   188.9   195.0   195.8   241.1   178.4   206.5   158.9   156.6   140.5   127.1   117.9   105.5   100.4   102.8   107.5   112.4   138.6   106.8   107.2   109.9   111.3   106.3    99.2    90.6    80.7    75.1    77.8    87.2    99.2 -9999.0 -9999.0 -9999.0 -9999.0 -9999.0 -9999.0 -9999.0 -9999.0 -9999.0 -9999.0 -9999.0 -9999.0 -9999.0 -9999.0 -9999.0 -9999.0 -9999.0 -9999.0 -9999.0 -9999.0 -9999.0 -9999.0 -9999.0 -9999.0 -9999.0 -9999.0 -9999.0 -9999.0
 -9999.0 -9999.0 -9999.0 -9999.0 -9999.0 -9999.0 -9999.0 -9999.0 -9999.0 -9999.0 -9999.0 -9999.0 -9999.0    18.3    15.8    10.0     9.7     7.7     7.0     5.4     4.1     2.8     1.9     1.3     1.9     1.8     2.4     4.1     4.4    11.7    10.2    17.6    22.4    36.9    39.8    31.9    36.1    46.7    47.0    54.9    60.8    47.5    49.6    57.3    67.2    60.8    57.0    52.6    59.3    62.0    57.8    77.8    75.4    61.1    80.3    80.1    62.6    74.2   101.5   146.1   161.6   235.4   212.3    80.4    54.3    56.8    77.7   107.4   142.0   177.3   196.2   209.4   225.6   211.8   201.2   187.5   186.7   185.2   186.1   152.1   133.3   121.8   112.4   108.0   111.3   119.3   128.2   204.5   174.6   139.5   135.6   143.9   145.1   133.3   116.4   102.4    84.8    83.2    90.1 -9999.0 -9999.0 -9999.0 -9999.0 -9999.0 -9999.0 -9999.0 -9999.0 -9999.0 -9999.0 -9999.0 -9999.0 -9999.0 -9999.0 -9999.0 -9999.0 -9999.0 -9999.0 -9999.0 -9999.0 -9999.0 -9999.0 -9999.0 -9999.0 -9999.0 -9999.0 -9999.0 -9999.0 -9999.0
 -9999.0 -9999.0 -9999.0 -9999.0 -9999.0 -9999.0 -9999.0 -9999.0 -9999.0 -9999.0 -9999.0 -9999.0 -9999.0     3.9    12.8     8.1    10.1     5.8     4.9     4.0     3.3     2.1     1.4     1.1     1.8     1.4     1.5     3.5     4.5     1.9     5.3    10.4    22.1    27.2    24.6    27.3    35.7    38.9    39.1    34.9    55.4    57.3    58.2    58.2    54.3    56.1    54.8    52.1    53.6    56.8    68.2    54.3    72.0    81.8    86.6    74.4    59.6    70.8   104.7    92.4   169.7   123.9    79.4    62.1    46.5    49.8    77.4   118.1   165.2   208.8   240.0   255.9   255.6   242.5   223.7   218.7   237.4   195.4   169.1   159.3   147.8   137.1   131.4   131.2   134.8   142.0   149.6   159.4   176.4   159.5   166.9   178.7   187.3   177.4   154.2   130.1   110.6   102.2   101.5 -9999.0 -9999.0 -9999.0 -9999.0 -9999.0 -9999.0 -9999.0 -9999.0 -9999.0 -9999.0 -9999.0 -9999.0 -9999.0 -9999.0 -9999.0 -9999.0 -9999.0 -9999.0 -9999.0 -9999.0 -9999.0 -9999.0 -9999.0 -9999.0 -9999.0 -9999.0 -9999.0 -9999.0 -9999.0
 -9999.0 -9999.0 -9999.0 -9999.0 -9999.0 -9999.0 -9999.0 -9999.0 -9999.0 -9999.0 -9999.0 -9999.0 -9999.0 -9999.0 -9999.0     6.9     5.5     5.5     4.0     3.1     2.7     2.0     1.6     1.2     0.9     0.9     0.4     0.9     0.6     4.0     5.0    10.4     9.0    14.3    22.3    17.0    18.6    37.6    40.5    48.3    45.5    48.9    53.5    56.4    66.2    70.0    55.8    60.7    57.6    53.1    59.7    85.3    66.8    66.5    43.2    60.3    64.5    53.1   115.5   159.9   106.2    98.0    95.2    66.5    49.2    49.1    72.6   115.9   171.2   232.2   277.2   293.1   286.9   269.1   240.6   247.1   239.5   254.8   193.9   169.6   165.5   160.2   160.4   166.2   174.4   177.7   179.0   196.5   191.8   183.8   193.6   216.8   219.2   217.0   190.0   155.1   137.2 -9999.0   113.5 -9999.0 -9999.0 -9999.0 -9999.0 -9999.0 -9999.0 -9999.0 -9999.0 -9999.0 -9999.0 -9999.0 -9999.0 -9999.0 -9999.0 -9999.0 -9999.0 -9999.0 -9999.0 -9999.0 -9999.0 -9999.0 -9999.0 -9999.0 -9999.0 -9999.0 -9999.0 -9999.0 -9999.0 -9999.0
 -9999.0 -9999.0 -9999.0 -9999.0 -9999.0 -9999.0 -9999.0 -9999.0 -9999.0 -9999.0 -9999.0 -9999.0 -9999.0 -9999.0 -9999.0 -9999.0 -9999.0     2.0     3.0 -9999.0     3.0     2.0     2.1     1.9     0.9     0.9     0.4     0.6     2.0     1.4     4.6    13.6     6.4    26.3    37.8    21.2    15.9    36.9    35.0    44.0    47.5    46.8    50.5    53.2    96.7    74.4   143.3    64.6    62.0    64.5    52.8    60.1    45.5    65.6    65.9    66.0    51.5    93.6   116.6   160.9    89.2   112.6   110.3    87.9    67.1    59.3    77.6   119.9   175.0   234.0   278.2   293.0   291.7   271.1   250.5   246.2   227.5   216.0   199.0   170.4   168.5   172.3   182.2   195.3   209.3   205.0   193.3   196.3   200.3   198.6   219.7   232.8   220.1   212.1   196.2   178.8   144.7   135.2   134.5   125.2   115.6 -9999.0 -9999.0 -9999.0 -9999.0 -9999.0 -9999.0 -9999.0 -9999.0 -9999.0 -9999.0 -9999.0 -9999.0 -9999.0 -9999.0 -9999.0 -9999.0 -9999.0 -9999.0 -9999.0 -9999.0 -9999.0 -9999.0 -9999.0 -9999.0 -9999.0 -9999.0 -9999.0
 -9999.0 -9999.0 -9999.0 -9999.0 -9999.0 -9999.0 -9999.0 -9999.0 -9999.0 -9999.0 -9999.0 -9999.0 -9999.0 -9999.0 -9999.0 -9999.0 -9999.0 -9999.0 -9999.0 -9999.0 -9999.0     2.9     2.2     1.3     1.4     3.0     2.7     2.5     2.2     5.3     6.1    22.6    25.5    25.3    30.6    17.2    17.6    20.7    29.0    40.3    43.7    43.8    46.4    47.6    84.7    59.4   169.6    75.4    79.7   144.7    68.1    99.4    92.0    45.8    52.4    72.5    81.2    75.9   165.0   156.3   100.7   117.3   130.7   119.7    98.6    84.7    98.6   134.1   178.7   220.7   255.6   268.3   266.0   241.6   212.2   196.6   191.2   183.0   177.3   163.5   157.4   169.9   187.0   198.2   209.8   180.7   165.7   166.9   175.5   187.5   210.9   208.8   231.6   234.5   181.0   161.3   157.8   161.4   169.0   141.2 -9999.0 -9999.0 -9999.0 -9999.0 -9999.0 -9999.0 -9999.0 -9999.0 -9999.0 -9999.0 -9999.0 -9999.0 -9999.0 -9999.0 -9999.0 -9999.0 -9999.0 -9999.0 -9999.0 -9999.0 -9999.0 -9999.0 -9999.0 -9999.0 -9999.0 -9999.0 -9999.0 -9999.0
 -9999.0 -9999.0 -9999.0 -9999.0 -9999.0 -9999.0 -9999.0 -9999.0 -9999.0 -9999.0 -9999.0 -9999.0 -9999.0 -9999.0 -9999.0 -9999.0 -9999.0 -9999.0 -9999.0 -9999.0 -9999.0 -9999.0 -9999.0    10.2     3.8     4.3     4.3     3.3     1.6     4.6     5.4     7.7     6.5    12.8    12.3    13.3    14.7    16.1    24.4    32.6    35.9    42.6    35.9    39.1    73.6   180.6   100.4    89.1    93.4    85.0    61.3    88.6    50.3    53.3    41.1    31.1    69.3   117.7    80.1   169.3   137.7   164.7   165.1   135.2   116.7   107.3   119.3   144.1   166.1   193.2   212.6   222.3   218.7   203.8   163.9   149.0   170.2   180.7   171.9   156.3   149.3   166.2   179.2   174.3   155.0   191.0   130.8   147.3   157.9   176.9   198.7   207.7   184.6   191.2   170.8   165.4   182.0   208.8   186.4 -9999.0 -9999.0 -9999.0 -9999.0 -9999.0 -9999.0 -9999.0 -9999.0 -9999.0 -9999.0 -9999.0 -9999.0 -9999.0 -9999.0 -9999.0 -9999.0 -9999.0 -9999.0 -9999.0 -9999.0 -9999.0 -9999.0 -9999.0 -9999.0 -9999.0 -9999.0 -9999.0 -9999.0 -9999.0
 -9999.0 -9999.0 -9999.0 -9999.0 -9999.0 -9999.0 -9999.0 -9999.0 -9999.0 -9999.0 -9999.0 -9999.0 -9999.0 -9999.0 -9999.0 -9999.0 -9999.0 -9999.0 -9999.0 -9999.0 -9999.0 -9999.0 -9999.0 -9999.0 -9999.0    32.6    14.2     2.0     2.3     2.5     4.7    13.2    19.0    16.4    19.4    16.3    22.7    18.9    30.0    29.2    42.6    30.3    43.5    50.4   128.5   182.1   143.9   212.0    83.9    84.2   101.2    79.8    91.5    76.3    40.1    37.6    69.0    77.2   149.3   181.0   215.1   231.1   302.5   149.3   125.8   115.9   119.2   127.9   149.0   166.5   169.0   173.6   170.6   169.3   154.4   134.2   152.0   179.2   206.3   167.6   158.3   172.7   172.5   152.1   132.3   116.0   125.5   138.6   157.1   175.5   182.4   172.3   168.4   215.9   182.0   226.2   211.1   232.7 -9999.0 -9999.0 -9999.0 -9999.0 -9999.0 -9999.0 -9999.0 -9999.0 -9999.0 -9999.0 -9999.0 -9999.0 -9999.0 -9999.0 -9999.0 -9999.0 -9999.0 -9999.0 -9999.0 -9999.0 -9999.0 -9999.0 -9999.0 -9999.0 -9999.0 -9999.0 -9999.0 -9999.0 -9999.0 -9999.0
 -9999.0 -9999.0 -9999.0 -9999.0 -9999.0 -9999.0 -9999.0 -9999.0 -9999.0 -9999.0 -9999.0 -9999.0 -9999.0 -9999.0 -9999.0 -9999.0 -9999.0 -9999.0 -9999.0 -9999.0 -9999.0 -9999.0 -9999.0 -9999.0 -9999.0 -9999.0 -9999.0    59.2    64.3    26.5    26.4    30.0    15.0    38.4    23.8    46.2    21.6    21.2    18.6    25.0    36.9    21.1    54.2   121.2   148.3   184.4   214.9   223.9   223.5   130.6   177.5   167.8    78.8    66.1    55.5    67.3    56.8    74.4   150.3   176.0   219.2   269.7   203.4   167.3   145.2   116.1   116.9   122.9   130.6   138.1   140.6   151.6   149.7   156.2   154.6   163.4   185.3   194.2   177.1   169.1   179.9   181.8   178.3   159.1   135.1   133.7   151.7   176.7   169.0   178.9   195.7   210.2   179.2   177.5   250.4   272.1   259.9 -9999.0 -9999.0 -9999.0 -9999.0 -9999.0 -9999.0 -9999.0 -9999.0 -9999.0 -9999.0 -9999.0 -9999.0 -9999.0 -9999.0 -9999.0 -9999.0 -9999.0 -9999.0 -9999.0 -9999.0 -9999.0 -9999.0 -9999.0 -9999.0 -9999.0 -9999.0 -9999.0 -9999.0 -9999.0 -9999.0 -9999.0
 -9999.0 -9999.0 -9999.0 -9999.0 -9999.0 -9999.0 -9999.0 -9999.0 -9999.0 -9999.0 -9999.0 -9999.0 -9999.0 -9999.0 -9999.0 -9999.0 -9999.0 -9999.0 -9999.0 -9999.0 -9999.0 -9999.0 -9999.0 -9999.0 -9999.0 -9999.0 -9999.0 -9999.0 -9999.0 -9999.0 -9999.0 -9999.0 -9999.0    65.2    36.8 -9999.0 -9999.0 -9999.0    41.4    26.8    33.9    54.8    54.9   143.7   184.9   199.9 -9999.0 -9999.0 -9999.0 -9999.0 -9999.0 -9999.0   123.4   103.6    80.1    72.4    78.4    90.8   133.3   189.5   246.9   268.2   216.9   172.9   141.6   127.9   128.4   136.5   142.5   138.8   139.3   153.4   171.1   171.3   188.0   209.0   212.1   198.7   180.5   176.3   182.2   187.9   188.2   173.7   162.8   164.2   179.5   181.5   181.4   173.2   181.6   183.5   182.3   197.7   265.7   284.4   265.2 -9999.0 -9999.0 -9999.0 -9999.0 -9999.0 -9999.0 -9999.0 -9999.0 -9999.0 -9999.0 -9999.0 -9999.0 -9999.0 -9999.0 -9999.0 -9999.0 -9999.0 -9999.0 -9999.0 -9999.0 -9999.0 -9999.0 -9999.0 -9999.0 -9999.0 -9999.0 -9999.0 -9999.0 -9999.0 -9999.0 -9999.0
 -9999.0 -9999.0 -9999.0 -9999.0 -9999.0 -9999.0 -9999.0 -9999.0 -9999.0 -9999.0 -9999.0 -9999.0 -9999.0 -9999.0 -9999.0 -9999.0 -9999.0 -9999.0 -9999.0 -9999.0 -9999.0 -9999.0 -9999.0 -9999.0 -9999.0 -9999.0 -9999.0 -9999.0 -9999.0 -9999.0 -9999.0 -9999.0 -9999.0 -9999.0 -9999.0 -9999.0 -9999.0 -9999.0 -9999.0   123.0   128.4   142.2   159.2   175.9 -9999.0 -9999.0 -9999.0 -9999.0 -9999.0 -9999.0 -9999.0 -9999.0   150.9   147.6   116.9   103.4   102.0   112.0   143.1   193.9   236.0   237.8   206.5   169.2   156.2   153.2   159.9   172.6   173.0   174.6   176.7   191.5   201.7   218.9   230.2   248.6   242.2   223.6   204.9   185.2   186.0   186.0   186.9   182.1   177.4   176.1   170.0   166.5   160.1   158.9   159.5   165.8   179.7   228.4   280.5   273.3 -9999.0 -9999.0 -9999.0 -9999.0 -9999.0 -9999.0 -9999.0 -9999.0 -9999.0 -9999.0 -9999.0 -9999.0 -9999.0 -9999.0 -9999.0 -9999.0 -9999.0 -9999.0 -9999.0 -9999.0 -9999.0 -9999.0 -9999.0 -9999.0 -9999.0 -9999.0 -9999.0 -9999.0 -9999.0 -9999.0 -9999.0 -9999.0
 -9999.0 -9999.0 -9999.0 -9999.0 -9999.0 -9999.0 -9999.0 -9999.0 -9999.0 -9999.0 -9999.0 -9999.0 -9999.0 -9999.0 -9999.0 -9999.0 -9999.0 -9999.0 -9999.0 -9999.0 -9999.0 -9999.0 -9999.0 -9999.0 -9999.0 -9999.0 -9999.0 -9999.0 -9999.0 -9999.0 -9999.0 -9999.0 -9999.0 -9999.0 -9999.0 -9999.0 -9999.0 -9999.0 -9999.0 -9999.0 -9999.0 -9999.0 -9999.0 -9999.0 -9999.0 -9999.0 -9999.0 -9999.0 -9999.0 -9999.0 -9999.0 -9999.0   153.7   195.9   158.9   160.4   126.4   130.2   152.6   193.3   208.8   201.9   261.4   166.5   174.4   192.0   212.9   216.7   208.7   205.2   212.4   235.7   266.2   262.4   275.4   310.5   288.9   268.4   231.9   204.1   192.7   184.7   177.7   166.8   166.6   165.9   157.6   156.8   151.8   146.2   143.9   151.2   173.2   214.0   245.9 -9999.0 -9999.0 -9999.0 -9999.0 -9999.0 -9999.0 -9999.0 -9999.0 -9999.0 -9999.0 -9999.0 -9999.0 -9999.0 -9999.0 -9999.0 -9999.0 -9999.0 -9999.0 -9999.0 -9999.0 -9999.0 -9999.0 -9999.0 -9999.0 -9999.0 -9999.0 -9999.0 -9999.0 -9999.0 -9999.0 -9999.0 -9999.0 -9999.0
 -9999.0 -9999.0 -9999.0 -9999.0 -9999.0 -9999.0 -9999.0 -9999.0 -9999.0 -9999.0 -9999.0 -9999.0 -9999.0 -9999.0 -9999.0 -9999.0 -9999.0 -9999.0 -9999.0 -9999.0 -9999.0 -9999.0 -9999.0 -9999.0 -9999.0 -9999.0 -9999.0 -9999.0 -9999.0 -9999.0 -9999.0 -9999.0 -9999.0 -9999.0 -9999.0 -9999.0 -9999.0 -9999.0 -9999.0 -9999.0 -9999.0 -9999.0 -9999.0 -9999.0 -9999.0 -9999.0 -9999.0 -9999.0 -9999.0 -9999.0 -9999.0   175.8   194.2   231.5   154.3   159.8   143.8   161.7   162.5   141.7   223.2   202.1   159.8   163.8   192.6   224.9   233.8   186.9   214.8   209.6   224.1   250.1   259.6   275.2   320.2   366.3   332.1   318.1   254.9   217.4   191.5   176.3   169.3   145.4   149.1   157.8   150.3   164.7   148.2   138.5   123.5   140.3   165.6   192.6   203.4 -9999.0 -9999.0 -9999.0 -9999.0 -9999.0 -9999.0 -9999.0 -9999.0 -9999.0 -9999.0 -9999.0 -9999.0 -9999.0 -9999.0 -9999.0 -9999.0 -9999.0 -9999.0 -9999.0 -9999.0 -9999.0 -9999.0 -9999.0 -9999.0 -9999.0 -9999.0 -9999.0 -9999.0 -9999.0 -9999.0 -9999.0 -9999.0 -9999.0
 -9999.0 -9999.0 -9999.0 -9999.0 -9999.0 -9999.0 -9999.0 -9999.0 -9999.0 -9999.0 -9999.0 -9999.0 -9999.0 -9999.0 -9999.0 -9999.0 -9999.0 -9999.0 -9999.0 -9999.0 -9999.0 -9999.0 -9999.0 -9999.0 -9999.0 -9999.0 -9999.0 -9999.0 -9999.0 -9999.0 -9999.0 -9999.0 -9999.0 -9999.0 -9999.0 -9999.0 -9999.0 -9999.0 -9999.0 -9999.0 -9999.0 -9999.0 -9999.0 -9999.0 -9999.0 -9999.0 -9999.0 -9999.0 -9999.0 -9999.0   230.8   239.7   251.9   256.9   194.7   189.7   151.9   140.3   158.1   198.6   189.1   209.5   158.5   167.6   210.6   238.3   227.0   186.2   203.3   199.4   229.0   244.5   265.7   295.3   326.6   345.3   373.6   297.3   253.5   205.4   182.5   162.4   142.2   128.8   122.1   139.0   144.0   154.7   131.3   116.2   114.7   120.7   173.1   196.2   189.5 -9999.0 -9999.0 -9999.0 -9999.0 -9999.0 -9999.0 -9999.0 -9999.0 -9999.0 -9999.0 -9999.0 -9999.0 -9999.0 -9999.0 -9999.0 -9999.0 -9999.0 -9999.0 -9999.0 -9999.0 -9999.0 -9999.0 -9999.0 -9999.0 -9999.0 -9999.0 -9999.0 -9999.0 -9999.0 -9999.0 -9999.0 -9999.0 -9999.0
 -9999.0 -9999.0 -9999.0 -9999.0 -9999.0 -9999.0 -9999.0 -9999.0 -9999.0 -9999.0 -9999.0 -9999.0 -9999.0 -9999.0 -9999.0 -9999.0 -9999.0 -9999.0 -9999.0 -9999.0 -9999.0 -9999.0 -9999.0 -9999.0 -9999.0 -9999.0 -9999.0 -9999.0 -9999.0 -9999.0 -9999.0 -9999.0 -9999.0 -9999.0 -9999.0 -9999.0 -9999.0 -9999.0 -9999.0 -9999.0 -9999.0 -9999.0 -9999.0 -9999.0 -9999.0 -9999.0 -9999.0 -9999.0 -9999.0 -9999.0   287.9   335.4   249.0   276.7   258.7   209.9   165.8   189.8   190.9   176.7   170.1   176.3   155.4   172.0   206.1   207.5   197.4   171.3   185.2   206.7   239.4   263.2   281.8   302.4   323.2   336.9   325.3   293.3   224.8   186.2   156.8   150.2   132.4   120.6   110.8   116.8   125.6   122.7   106.8    98.1   104.5   144.6   183.7   205.4 -9999.0 -9999.0 -9999.0 -9999.0 -9999.0 -9999.0 -9999.0 -9999.0 -9999.0 -9999.0 -9999.0 -9999.0 -9999.0 -9999.0 -9999.0 -9999.0 -9999.0 -9999.0 -9999.0 -9999.0 -9999.0 -9999.0 -9999.0 -9999.0 -9999.0 -9999.0 -9999.0 -9999.0 -9999.0 -9999.0 -9999.0 -9999.0 -9999.0 -9999.0
 -9999.0 -9999.0 -9999.0 -9999.0 -9999.0 -9999.0 -9999.0 -9999.0 -9999.0 -9999.0 -9999.0 -9999.0 -9999.0 -9999.0 -9999.0 -9999.0 -9999.0 -9999.0 -9999.0 -9999.0 -9999.0 -9999.0 -9999.0 -9999.0 -9999.0 -9999.0 -9999.0 -9999.0 -9999.0 -9999.0 -9999.0 -9999.0 -9999.0 -9999.0 -9999.0 -9999.0 -9999.0 -9999.0 -9999.0 -9999.0 -9999.0 -9999.0 -9999.0 -9999.0 -9999.0 -9999.0 -9999.0 -9999.0 -9999.0 -9999.0   363.3   366.4   323.2   367.0   268.6   228.4   255.7   204.3   215.7   174.4   196.7   203.0   176.4   161.0   180.9   197.3   204.9   205.4   208.8   229.6   250.7   267.3   282.5   298.0   317.8   320.2   302.2   278.2   211.2   164.7   160.2   143.4   141.6   129.9   111.5   108.2   108.9   104.1    92.7    91.4   101.9   142.2 -9999.0 -9999.0 -9999.0 -9999.0 -9999.0 -9999.0 -9999.0 -9999.0 -9999.0 -9999.0 -9999.0 -9999.0 -9999.0 -9999.0 -9999.0 -9999.0 -9999.0 -9999.0 -9999.0 -9999.0 -9999.0 -9999.0 -9999.0 -9999.0 -9999.0 -9999.0 -9999.0 -9999.0 -9999.0 -9999.0 -9999.0 -9999.0 -9999.0 -9999.0 -9999.0 -9999.0
 -9999.0 -9999.0 -9999.0 -9999.0 -9999.0 -9999.0 -9999.0 -9999.0 -9999.0 -9999.0 -9999.0 -9999.0 -9999.0 -9999.0 -9999.0 -9999.0 -9999.0 -9999.0 -9999.0 -9999.0 -9999.0 -9999.0 -9999.0 -9999.0 -9999.0 -9999.0 -9999.0 -9999.0 -9999.0 -9999.0 -9999.0 -9999.0 -9999.0 -9999.0 -9999.0 -9999.0 -9999.0 -9999.0 -9999.0 -9999.0 -9999.0 -9999.0 -9999.0 -9999.0 -9999.0 -9999.0 -9999.0 -9999.0 -9999.0 -9999.0   489.0   487.2   430.2   385.9   325.2   300.5   208.8   220.9   219.5   200.9   250.3   237.7   185.8   178.3   185.7   201.9   224.6   246.3   243.8   224.6   232.1   238.8   250.1   268.5   305.3   322.6   313.9   289.7   227.2   182.9   163.4   156.6   155.8   138.1   121.0   108.9   103.4   102.2    93.9    94.4   113.5 -9999.0 -9999.0 -9999.0 -9999.0 -9999.0 -9999.0 -9999.0 -9999.0 -9999.0 -9999.0 -9999.0 -9999.0 -9999.0 -9999.0 -9999.0 -9999.0 -9999.0 -9999.0 -9999.0 -9999.0 -9999.0 -9999.0 -9999.0 -9999.0 -9999.0 -9999.0 -9999.0 -9999.0 -9999.0 -9999.0 -9999.0 -9999.0 -9999.0 -9999.0 -9999.0 -9999.0 -9999.0
 -9999.0 -9999.0 -9999.0 -9999.0 -9999.0 -9999.0 -9999.0 -9999.0 -9999.0 -9999.0 -9999.0 -9999.0 -9999.0 -9999.0 -9999.0 -9999.0 -9999.0 -9999.0 -9999.0 -9999.0 -9999.0 -9999.0 -9999.0 -9999.0 -9999.0 -9999.0 -9999.0 -9999.0 -9999.0 -9999.0 -9999.0 -9999.0 -9999.0 -9999.0 -9999.0 -9999.0 -9999.0 -9999.0 -9999.0 -9999.0 -9999.0 -9999.0 -9999.0 -9999.0 -9999.0 -9999.0 -9999.0 -9999.0 -9999.0 -9999.0 -9999.0 -9999.0 -9999.0   394.4   317.3   260.6   238.9   246.8   217.6   257.3   417.8   304.1   312.9   247.3   232.2   241.9   252.5   278.4   253.7   219.5   193.8   190.3   195.6   215.9   261.6   318.4   341.2   317.0   261.0   210.2   178.5   161.8   139.9   121.0   110.8   108.8   112.4   110.5   112.4   114.4 -9999.0 -9999.0 -9999.0 -9999.0 -9999.0 -9999.0 -9999.0 -9999.0 -9999.0 -9999.0 -9999.0 -9999.0 -9999.0 -9999.0 -9999.0 -9999.0 -9999.0 -9999.0 -9999.0 -9999.0 -9999.0 -9999.0 -9999.0 -9999.0 -9999.0 -9999.0 -9999.0 -9999.0 -9999.0 -9999.0 -9999.0 -9999.0 -9999.0 -9999.0 -9999.0 -9999.0 -9999.0 -9999.0
 -9999.0 -9999.0 -9999.0 -9999.0 -9999.0 -9999.0 -9999.0 -9999.0 -9999.0 -9999.0 -9999.0 -9999.0 -9999.0 -9999.0 -9999.0 -9999.0 -9999.0 -9999.0 -9999.0 -9999.0 -9999.0 -9999.0 -9999.0 -9999.0 -9999.0 -9999.0 -9999.0 -9999.0 -9999.0 -9999.0 -9999.0 -9999.0 -9999.0 -9999.0 -9999.0 -9999.0 -9999.0 -9999.0 -9999.0 -9999.0 -9999.0 -9999.0 -9999.0 -9999.0 -9999.0 -9999.0 -9999.0 -9999.0 -9999.0 -9999.0 -9999.0 -9999.0 -9999.0   395.2   306.4   344.3   241.1   227.4   278.5   418.8   415.5   398.0   419.4   385.1   350.8   327.2   332.4   281.0   237.6   194.5   172.5   176.5   177.9   190.3   230.4   296.4   345.1   331.3   287.8   230.9   176.3   133.0    94.9 -9999.0    89.8   103.9 -9999.0 -9999.0 -9999.0 -9999.0 -9999.0 -9999.0 -9999.0 -9999.0 -9999.0 -9999.0 -9999.0 -9999.0 -9999.0 -9999.0 -9999.0 -9999.0 -9999.0 -9999.0 -9999.0 -9999.0 -9999.0 -9999.0 -9999.0 -9999.0 -9999.0 -9999.0 -9999.0 -9999.0 -9999.0 -9999.0 -9999.0 -9999.0 -9999.0 -9999.0 -9999.0 -9999.0 -9999.0 -9999.0 -9999.0 -9999.0 -9999.0 -9999.0
 -9999.0 -9999.0 -9999.0 -9999.0 -9999.0 -9999.0 -9999.0 -9999.0 -9999.0 -9999.0 -9999.0 -9999.0 -9999.0 -9999.0 -9999.0 -9999.0 -9999.0 -9999.0 -9999.0 -9999.0 -9999.0 -9999.0 -9999.0 -9999.0 -9999.0 -9999.0 -9999.0 -9999.0 -9999.0 -9999.0 -9999.0 -9999.0 -9999.0 -9999.0 -9999.0 -9999.0 -9999.0 -9999.0 -9999.0 -9999.0 -9999.0 -9999.0 -9999.0 -9999.0 -9999.0 -9999.0 -9999.0 -9999.0 -9999.0 -9999.0 -9999.0 -9999.0 -9999.0   385.2   273.3   290.7   262.4   250.0   304.5   368.6   485.9   493.0   510.5   452.4   452.4 -9999.0 -9999.0 -9999.0   234.3   196.0   196.3   214.6   225.0   223.7   233.4   281.4   323.9   321.0   290.3   239.4   173.6   115.6    80.5 -9999.0 -9999.0 -9999.0 -9999.0 -9999.0 -9999.0 -9999.0 -9999.0 -9999.0 -9999.0 -9999.0 -9999.0 -9999.0 -9999.0 -9999.0 -9999.0 -9999.0 -9999.0 -9999.0 -9999.0 -9999.0 -9999.0 -9999.0 -9999.0 -9999.0 -9999.0 -9999.0 -9999.0 -9999.0 -9999.0 -9999.0 -9999.0 -9999.0 -9999.0 -9999.0 -9999.0 -9999.0 -9999.0 -9999.0 -9999.0 -9999.0 -9999.0 -9999.0 -9999.0 -9999.0
 -9999.0 -9999.0 -9999.0 -9999.0 -9999.0 -9999.0 -9999.0 -9999.0 -9999.0 -9999.0 -9999.0 -9999.0 -9999.0 -9999.0 -9999.0 -9999.0 -9999.0 -9999.0 -9999.0 -9999.0 -9999.0 -9999.0 -9999.0 -9999.0 -9999.0 -9999.0 -9999.0 -9999.0 -9999.0 -9999.0 -9999.0 -9999.0 -9999.0 -9999.0 -9999.0 -9999.0 -9999.0 -9999.0 -9999.0 -9999.0 -9999.0 -9999.0 -9999.0 -9999.0 -9999.0 -9999.0 -9999.0 -9999.0 -9999.0 -9999.0 -9999.0 -9999.0 -9999.0 -9999.0   310.4   272.4   216.9   211.6   305.1   418.8   361.5 -9999.0 -9999.0 -9999.0 -9999.0 -9999.0 -9999.0 -9999.0   231.4   215.2   229.1   265.9   269.6   232.6   208.5   232.5   265.5   263.0   245.5 -9999.0   172.4 -9999.0 -9999.0 -9999.0 -9999.0 -9999.0 -9999.0 -9999.0 -9999.0 -9999.0 -9999.0 -9999.0 -9999.0 -9999.0 -9999.0 -9999.0 -9999.0 -9999.0 -9999.0 -9999.0 -9999.0 -9999.0 -9999.0 -9999.0 -9999.0 -9999.0 -9999.0 -9999.0 -9999.0 -9999.0 -9999.0 -9999.0 -9999.0 -9999.0 -9999.0 -9999.0 -9999.0 -9999.0 -9999.0 -9999.0 -9999.0 -9999.0 -9999.0 -9999.0 -9999.0 -9999.0 -9999.0 -9999.0
 -9999.0 -9999.0 -9999.0 -9999.0 -9999.0 -9999.0 -9999.0 -9999.0 -9999.0 -9999.0 -9999.0 -9999.0 -9999.0 -9999.0 -9999.0 -9999.0 -9999.0 -9999.0 -9999.0 -9999.0 -9999.0 -9999.0 -9999.0 -9999.0 -9999.0 -9999.0 -9999.0 -9999.0 -9999.0 -9999.0 -9999.0 -9999.0 -9999.0 -9999.0 -9999.0 -9999.0 -9999.0 -9999.0 -9999.0 -9999.0 -9999.0 -9999.0 -9999.0 -9999.0 -9999.0 -9999.0 -9999.0 -9999.0 -9999.0 -9999.0 -9999.0 -9999.0 -9999.0 -9999.0 -9999.0   244.8   316.3   235.6   226.2   308.0   339.2 -9999.0 -9999.0 -9999.0 -9999.0 -9999.0 -9999.0 -9999.0 -9999.0 -9999.0   234.4 -9999.0 -9999.0 -9999.0 -9999.0 -9999.0   199.0 -9999.0 -9999.0 -9999.0 -9999.0 -9999.0 -9999.0 -9999.0 -9999.0 -9999.0 -9999.0 -9999.0 -9999.0 -9999.0 -9999.0 -9999.0 -9999.0 -9999.0 -9999.0 -9999.0 -9999.0 -9999.0 -9999.0 -9999.0 -9999.0 -9999.0 -9999.0 -9999.0 -9999.0 -9999.0 -9999.0 -9999.0 -9999.0 -9999.0 -9999.0 -9999.0 -9999.0 -9999.0 -9999.0 -9999.0 -9999.0 -9999.0 -9999.0 -9999.0 -9999.0 -9999.0 -9999.0 -9999.0 -9999.0 -9999.0 -9999.0 -9999.0
 -9999.0 -9999.0 -9999.0 -9999.0 -9999.0 -9999.0 -9999.0 -9999.0 -9999.0 -9999.0 -9999.0 -9999.0 -9999.0 -9999.0 -9999.0 -9999.0 -9999.0 -9999.0 -9999.0 -9999.0 -9999.0 -9999.0 -9999.0 -9999.0 -9999.0 -9999.0 -9999.0 -9999.0 -9999.0 -9999.0 -9999.0 -9999.0 -9999.0 -9999.0 -9999.0 -9999.0 -9999.0 -9999.0 -9999.0 -9999.0 -9999.0 -9999.0 -9999.0 -9999.0 -9999.0 -9999.0 -9999.0 -9999.0 -9999.0 -9999.0 -9999.0 -9999.0 -9999.0 -9999.0 -9999.0 -9999.0 -9999.0 -9999.0   232.3   224.7 -9999.0 -9999.0 -9999.0 -9999.0 -9999.0 -9999.0 -9999.0 -9999.0 -9999.0 -9999.0 -9999.0 -9999.0 -9999.0 -9999.0 -9999.0   129.4   158.2 -9999.0 -9999.0 -9999.0 -9999.0 -9999.0 -9999.0 -9999.0 -9999.0 -9999.0 -9999.0 -9999.0 -9999.0 -9999.0 -9999.0 -9999.0 -9999.0 -9999.0 -9999.0 -9999.0 -9999.0 -9999.0 -9999.0 -9999.0 -9999.0 -9999.0 -9999.0 -9999.0 -9999.0 -9999.0 -9999.0 -9999.0 -9999.0 -9999.0 -9999.0 -9999.0 -9999.0 -9999.0 -9999.0 -9999.0 -9999.0 -9999.0 -9999.0 -9999.0 -9999.0 -9999.0 -9999.0 -9999.0 -9999.0 -9999.0 -9999.0 -9999.0
 -9999.0 -9999.0 -9999.0 -9999.0 -9999.0 -9999.0 -9999.0 -9999.0 -9999.0 -9999.0 -9999.0 -9999.0 -9999.0 -9999.0 -9999.0 -9999.0 -9999.0 -9999.0 -9999.0 -9999.0 -9999.0 -9999.0 -9999.0 -9999.0 -9999.0 -9999.0 -9999.0 -9999.0 -9999.0 -9999.0 -9999.0 -9999.0 -9999.0 -9999.0 -9999.0 -9999.0 -9999.0 -9999.0 -9999.0 -9999.0 -9999.0 -9999.0 -9999.0 -9999.0 -9999.0 -9999.0 -9999.0 -9999.0 -9999.0 -9999.0 -9999.0 -9999.0 -9999.0 -9999.0 -9999.0 -9999.0 -9999.0 -9999.0 -9999.0 -9999.0 -9999.0 -9999.0 -9999.0 -9999.0 -9999.0 -9999.0 -9999.0 -9999.0 -9999.0 -9999.0 -9999.0 -9999.0 -9999.0 -9999.0 -9999.0 -9999.0 -9999.0 -9999.0 -9999.0 -9999.0 -9999.0 -9999.0 -9999.0 -9999.0 -9999.0 -9999.0 -9999.0 -9999.0 -9999.0 -9999.0 -9999.0 -9999.0 -9999.0 -9999.0 -9999.0 -9999.0 -9999.0 -9999.0 -9999.0 -9999.0 -9999.0 -9999.0 -9999.0 -9999.0 -9999.0 -9999.0 -9999.0 -9999.0 -9999.0 -9999.0 -9999.0 -9999.0 -9999.0 -9999.0 -9999.0 -9999.0 -9999.0 -9999.0 -9999.0 -9999.0 -9999.0 -9999.0 -9999.0 -9999.0 -9999.0 -9999.0 -9999.0 -9999.0
 -9999.0 -9999.0 -9999.0 -9999.0 -9999.0 -9999.0 -9999.0 -9999.0 -9999.0 -9999.0 -9999.0 -9999.0 -9999.0 -9999.0 -9999.0 -9999.0 -9999.0 -9999.0 -9999.0 -9999.0 -9999.0 -9999.0 -9999.0 -9999.0 -9999.0 -9999.0 -9999.0 -9999.0 -9999.0 -9999.0 -9999.0 -9999.0 -9999.0 -9999.0 -9999.0 -9999.0 -9999.0 -9999.0 -9999.0 -9999.0 -9999.0 -9999.0 -9999.0 -9999.0 -9999.0 -9999.0 -9999.0 -9999.0 -9999.0 -9999.0 -9999.0 -9999.0 -9999.0 -9999.0 -9999.0 -9999.0 -9999.0 -9999.0 -9999.0 -9999.0 -9999.0 -9999.0 -9999.0 -9999.0 -9999.0 -9999.0 -9999.0 -9999.0 -9999.0 -9999.0 -9999.0 -9999.0 -9999.0 -9999.0 -9999.0   213.3   222.0   233.9 -9999.0 -9999.0 -9999.0 -9999.0 -9999.0 -9999.0 -9999.0 -9999.0 -9999.0 -9999.0 -9999.0 -9999.0 -9999.0 -9999.0 -9999.0 -9999.0 -9999.0 -9999.0 -9999.0 -9999.0 -9999.0 -9999.0 -9999.0 -9999.0 -9999.0 -9999.0 -9999.0 -9999.0 -9999.0 -9999.0 -9999.0 -9999.0 -9999.0 -9999.0 -9999.0 -9999.0 -9999.0 -9999.0 -9999.0 -9999.0 -9999.0 -9999.0 -9999.0 -9999.0 -9999.0 -9999.0 -9999.0 -9999.0 -9999.0 -9999.0
 -9999.0 -9999.0 -9999.0 -9999.0 -9999.0 -9999.0 -9999.0 -9999.0 -9999.0 -9999.0 -9999.0 -9999.0 -9999.0 -9999.0 -9999.0 -9999.0 -9999.0 -9999.0 -9999.0 -9999.0 -9999.0 -9999.0 -9999.0 -9999.0 -9999.0 -9999.0 -9999.0 -9999.0 -9999.0 -9999.0 -9999.0 -9999.0 -9999.0 -9999.0 -9999.0 -9999.0 -9999.0 -9999.0 -9999.0 -9999.0 -9999.0 -9999.0 -9999.0 -9999.0 -9999.0 -9999.0 -9999.0 -9999.0 -9999.0 -9999.0 -9999.0 -9999.0 -9999.0 -9999.0 -9999.0 -9999.0 -9999.0 -9999.0 -9999.0 -9999.0 -9999.0 -9999.0 -9999.0 -9999.0 -9999.0 -9999.0 -9999.0 -9999.0 -9999.0 -9999.0 -9999.0 -9999.0 -9999.0   114.9   269.3   335.0   391.0 -9999.0 -9999.0 -9999.0 -9999.0 -9999.0 -9999.0 -9999.0 -9999.0 -9999.0 -9999.0 -9999.0 -9999.0 -9999.0 -9999.0 -9999.0 -9999.0 -9999.0 -9999.0 -9999.0 -9999.0 -9999.0 -9999.0 -9999.0 -9999.0 -9999.0 -9999.0 -9999.0 -9999.0 -9999.0 -9999.0 -9999.0 -9999.0 -9999.0 -9999.0 -9999.0 -9999.0 -9999.0 -9999.0 -9999.0 -9999.0 -9999.0 -9999.0 -9999.0 -9999.0 -9999.0 -9999.0 -9999.0 -9999.0 -9999.0 -9999.0 -9999.0
 -9999.0 -9999.0 -9999.0 -9999.0 -9999.0 -9999.0 -9999.0 -9999.0 -9999.0 -9999.0 -9999.0 -9999.0 -9999.0 -9999.0 -9999.0 -9999.0 -9999.0 -9999.0 -9999.0 -9999.0 -9999.0 -9999.0 -9999.0 -9999.0 -9999.0 -9999.0 -9999.0 -9999.0 -9999.0 -9999.0 -9999.0 -9999.0 -9999.0 -9999.0 -9999.0 -9999.0 -9999.0 -9999.0 -9999.0 -9999.0 -9999.0 -9999.0 -9999.0 -9999.0 -9999.0 -9999.0 -9999.0 -9999.0 -9999.0 -9999.0 -9999.0 -9999.0 -9999.0 -9999.0 -9999.0 -9999.0 -9999.0 -9999.0 -9999.0 -9999.0 -9999.0 -9999.0 -9999.0 -9999.0 -9999.0 -9999.0 -9999.0 -9999.0 -9999.0 -9999.0 -9999.0 -9999.0 -9999.0 -9999.0   299.7   503.1   500.3 -9999.0 -9999.0 -9999.0 -9999.0 -9999.0 -9999.0 -9999.0 -9999.0 -9999.0 -9999.0 -9999.0 -9999.0 -9999.0 -9999.0 -9999.0 -9999.0 -9999.0 -9999.0 -9999.0 -9999.0 -9999.0 -9999.0 -9999.0 -9999.0 -9999.0 -9999.0 -9999.0 -9999.0 -9999.0 -9999.0 -9999.0 -9999.0 -9999.0 -9999.0 -9999.0 -9999.0 -9999.0 -9999.0 -9999.0 -9999.0 -9999.0 -9999.0 -9999.0 -9999.0 -9999.0 -9999.0 -9999.0 -9999.0 -9999.0 -9999.0 -9999.0
 -9999.0 -9999.0 -9999.0 -9999.0 -9999.0 -9999.0 -9999.0 -9999.0 -9999.0 -9999.0 -9999.0 -9999.0 -9999.0 -9999.0 -9999.0 -9999.0 -9999.0 -9999.0 -9999.0 -9999.0 -9999.0 -9999.0 -9999.0 -9999.0 -9999.0 -9999.0 -9999.0 -9999.0 -9999.0 -9999.0 -9999.0 -9999.0 -9999.0 -9999.0 -9999.0 -9999.0 -9999.0 -9999.0 -9999.0 -9999.0 -9999.0 -9999.0 -9999.0 -9999.0 -9999.0 -9999.0 -9999.0 -9999.0 -9999.0 -9999.0 -9999.0 -9999.0 -9999.0 -9999.0 -9999.0 -9999.0 -9999.0 -9999.0 -9999.0 -9999.0 -9999.0 -9999.0 -9999.0 -9999.0 -9999.0 -9999.0 -9999.0 -9999.0 -9999.0 -9999.0 -9999.0 -9999.0 -9999.0 -9999.0 -9999.0 -9999.0 -9999.0 -9999.0 -9999.0 -9999.0 -9999.0 -9999.0 -9999.0 -9999.0 -9999.0 -9999.0 -9999.0 -9999.0 -9999.0 -9999.0 -9999.0 -9999.0 -9999.0 -9999.0 -9999.0 -9999.0 -9999.0 -9999.0 -9999.0 -9999.0 -9999.0 -9999.0 -9999.0 -9999.0 -9999.0 -9999.0 -9999.0 -9999.0 -9999.0 -9999.0 -9999.0 -9999.0 -9999.0 -9999.0 -9999.0 -9999.0 -9999.0 -9999.0 -9999.0 -9999.0 -9999.0 -9999.0 -9999.0 -9999.0 -9999.0 -9999.0 -9999.0 -9999.0
