NCOLS      128
NROWS       72
XLLCORNER    72.000000000000    
YLLCORNER    18.000000000000    
CELLSIZE    0.50000000000000    
NODATA_VALUE   -9999.000    
 -9999.0 -9999.0 -9999.0 -9999.0 -9999.0 -9999.0 -9999.0 -9999.0 -9999.0 -9999.0 -9999.0 -9999.0 -9999.0 -9999.0 -9999.0 -9999.0 -9999.0 -9999.0 -9999.0 -9999.0 -9999.0 -9999.0 -9999.0 -9999.0 -9999.0 -9999.0 -9999.0 -9999.0 -9999.0 -9999.0 -9999.0 -9999.0 -9999.0 -9999.0 -9999.0 -9999.0 -9999.0 -9999.0 -9999.0 -9999.0 -9999.0 -9999.0 -9999.0 -9999.0 -9999.0 -9999.0 -9999.0 -9999.0 -9999.0 -9999.0 -9999.0 -9999.0 -9999.0 -9999.0 -9999.0 -9999.0 -9999.0 -9999.0 -9999.0 -9999.0 -9999.0 -9999.0 -9999.0 -9999.0 -9999.0 -9999.0 -9999.0 -9999.0 -9999.0 -9999.0 -9999.0 -9999.0 -9999.0 -9999.0 -9999.0 -9999.0 -9999.0 -9999.0 -9999.0 -9999.0 -9999.0 -9999.0 -9999.0 -9999.0 -9999.0 -9999.0 -9999.0 -9999.0 -9999.0 -9999.0 -9999.0 -9999.0 -9999.0 -9999.0 -9999.0 -9999.0 -9999.0    72.7    70.2    68.1    69.0    69.2    71.2    72.5    72.3 -9999.0 -9999.0 -9999.0 -9999.0 -9999.0 -9999.0 -9999.0 -9999.0 -9999.0 -9999.0 -9999.0 -9999.0 -9999.0 -9999.0 -9999.0 -9999.0 -9999.0 -9999.0 -9999.0 -9999.0 -9999.0 -9999.0 -9999.0
 -9999.0 -9999.0 -9999.0 -9999.0 -9999.0 -9999.0 -9999.0 -9999.0 -9999.0 -9999.0 -9999.0 -9999.0 -9999.0 -9999.0 -9999.0 -9999.0 -9999.0 -9999.0 -9999.0 -9999.0 -9999.0 -9999.0 -9999.0 -9999.0 -9999.0 -9999.0 -9999.0 -9999.0 -9999.0 -9999.0 -9999.0 -9999.0 -9999.0 -9999.0 -9999.0 -9999.0 -9999.0 -9999.0 -9999.0 -9999.0 -9999.0 -9999.0 -9999.0 -9999.0 -9999.0 -9999.0 -9999.0 -9999.0 -9999.0 -9999.0 -9999.0 -9999.0 -9999.0 -9999.0 -9999.0 -9999.0 -9999.0 -9999.0 -9999.0 -9999.0 -9999.0 -9999.0 -9999.0 -9999.0 -9999.0 -9999.0 -9999.0 -9999.0 -9999.0 -9999.0 -9999.0 -9999.0 -9999.0 -9999.0 -9999.0 -9999.0 -9999.0 -9999.0 -9999.0 -9999.0 -9999.0 -9999.0 -9999.0 -9999.0 -9999.0 -9999.0 -9999.0 -9999.0 -9999.0 -9999.0 -9999.0 -9999.0 -9999.0 -9999.0 -9999.0 -9999.0    69.6    68.3    70.0    66.7    68.4    68.7    69.6    71.1    71.4    67.0    58.6    47.5    35.9 -9999.0 -9999.0 -9999.0 -9999.0 -9999.0 -9999.0 -9999.0 -9999.0 -9999.0 -9999.0 -9999.0 -9999.0 -9999.0 -9999.0 -9999.0 -9999.0 -9999.0 -9999.0 -9999.0
 -9999.0 -9999.0 -9999.0 -9999.0 -9999.0 -9999.0 -9999.0 -9999.0 -9999.0 -9999.0 -9999.0 -9999.0 -9999.0 -9999.0 -9999.0 -9999.0 -9999.0 -9999.0 -9999.0 -9999.0 -9999.0 -9999.0 -9999.0 -9999.0 -9999.0 -9999.0 -9999.0 -9999.0 -9999.0 -9999.0 -9999.0 -9999.0 -9999.0 -9999.0 -9999.0 -9999.0 -9999.0 -9999.0 -9999.0 -9999.0 -9999.0 -9999.0 -9999.0 -9999.0 -9999.0 -9999.0 -9999.0 -9999.0 -9999.0 -9999.0 -9999.0 -9999.0 -9999.0 -9999.0 -9999.0 -9999.0 -9999.0 -9999.0 -9999.0 -9999.0 -9999.0 -9999.0 -9999.0 -9999.0 -9999.0 -9999.0 -9999.0 -9999.0 -9999.0 -9999.0 -9999.0 -9999.0 -9999.0 -9999.0 -9999.0 -9999.0 -9999.0 -9999.0 -9999.0 -9999.0 -9999.0 -9999.0 -9999.0 -9999.0 -9999.0 -9999.0 -9999.0 -9999.0 -9999.0 -9999.0 -9999.0 -9999.0 -9999.0 -9999.0 -9999.0    70.5    68.1    66.8    67.6    63.3    63.3    64.7    66.3    68.4    69.1    67.3    58.0    46.8    35.2 -9999.0 -9999.0 -9999.0 -9999.0 -9999.0 -9999.0 -9999.0 -9999.0 -9999.0 -9999.0 -9999.0 -9999.0 -9999.0 -9999.0 -9999.0 -9999.0 -9999.0 -9999.0 -9999.0
 -9999.0 -9999.0 -9999.0 -9999.0 -9999.0 -9999.0 -9999.0 -9999.0 -9999.0 -9999.0 -9999.0 -9999.0 -9999.0 -9999.0 -9999.0 -9999.0 -9999.0 -9999.0 -9999.0 -9999.0 -9999.0 -9999.0 -9999.0 -9999.0 -9999.0 -9999.0 -9999.0 -9999.0 -9999.0 -9999.0 -9999.0 -9999.0 -9999.0 -9999.0 -9999.0 -9999.0 -9999.0 -9999.0 -9999.0 -9999.0 -9999.0 -9999.0 -9999.0 -9999.0 -9999.0 -9999.0 -9999.0 -9999.0 -9999.0 -9999.0 -9999.0 -9999.0 -9999.0 -9999.0 -9999.0 -9999.0 -9999.0 -9999.0 -9999.0 -9999.0 -9999.0 -9999.0 -9999.0 -9999.0 -9999.0 -9999.0 -9999.0 -9999.0 -9999.0 -9999.0 -9999.0 -9999.0 -9999.0 -9999.0 -9999.0 -9999.0 -9999.0 -9999.0 -9999.0 -9999.0 -9999.0 -9999.0 -9999.0 -9999.0 -9999.0 -9999.0 -9999.0 -9999.0 -9999.0 -9999.0 -9999.0 -9999.0 -9999.0 -9999.0 -9999.0    64.1    67.4    59.1    60.4    61.2    62.6    63.8    60.4    62.0    63.6    62.0    54.6    44.8    34.4    25.8 -9999.0 -9999.0 -9999.0 -9999.0 -9999.0 -9999.0 -9999.0 -9999.0 -9999.0 -9999.0 -9999.0 -9999.0 -9999.0 -9999.0 -9999.0 -9999.0 -9999.0 -9999.0
 -9999.0 -9999.0 -9999.0 -9999.0 -9999.0 -9999.0 -9999.0 -9999.0 -9999.0 -9999.0 -9999.0 -9999.0 -9999.0 -9999.0 -9999.0 -9999.0 -9999.0 -9999.0 -9999.0 -9999.0 -9999.0 -9999.0 -9999.0 -9999.0 -9999.0 -9999.0 -9999.0 -9999.0 -9999.0 -9999.0 -9999.0 -9999.0 -9999.0 -9999.0 -9999.0 -9999.0 -9999.0 -9999.0 -9999.0 -9999.0 -9999.0 -9999.0 -9999.0 -9999.0 -9999.0 -9999.0 -9999.0 -9999.0 -9999.0 -9999.0 -9999.0 -9999.0 -9999.0 -9999.0 -9999.0 -9999.0 -9999.0 -9999.0 -9999.0 -9999.0 -9999.0 -9999.0 -9999.0 -9999.0 -9999.0 -9999.0 -9999.0 -9999.0 -9999.0 -9999.0 -9999.0 -9999.0 -9999.0 -9999.0 -9999.0 -9999.0 -9999.0 -9999.0 -9999.0 -9999.0 -9999.0 -9999.0 -9999.0 -9999.0 -9999.0 -9999.0 -9999.0 -9999.0 -9999.0 -9999.0 -9999.0 -9999.0 -9999.0 -9999.0 -9999.0    60.6    56.8    62.0    60.8    57.0    54.1    58.6    55.9    54.8    55.2    55.1    49.7    42.5    34.4    27.4    22.4 -9999.0 -9999.0 -9999.0 -9999.0 -9999.0 -9999.0 -9999.0 -9999.0 -9999.0 -9999.0 -9999.0 -9999.0 -9999.0 -9999.0 -9999.0 -9999.0 -9999.0
 -9999.0 -9999.0 -9999.0 -9999.0 -9999.0 -9999.0 -9999.0 -9999.0 -9999.0 -9999.0 -9999.0 -9999.0 -9999.0 -9999.0 -9999.0 -9999.0 -9999.0 -9999.0 -9999.0 -9999.0 -9999.0 -9999.0 -9999.0 -9999.0 -9999.0 -9999.0 -9999.0 -9999.0 -9999.0 -9999.0 -9999.0 -9999.0 -9999.0 -9999.0 -9999.0 -9999.0 -9999.0 -9999.0 -9999.0 -9999.0 -9999.0 -9999.0 -9999.0 -9999.0 -9999.0 -9999.0 -9999.0 -9999.0 -9999.0 -9999.0 -9999.0 -9999.0 -9999.0 -9999.0 -9999.0 -9999.0 -9999.0 -9999.0 -9999.0 -9999.0 -9999.0 -9999.0 -9999.0 -9999.0 -9999.0 -9999.0 -9999.0 -9999.0 -9999.0 -9999.0 -9999.0 -9999.0 -9999.0 -9999.0 -9999.0 -9999.0 -9999.0 -9999.0 -9999.0 -9999.0 -9999.0 -9999.0 -9999.0 -9999.0 -9999.0 -9999.0 -9999.0 -9999.0 -9999.0 -9999.0 -9999.0 -9999.0 -9999.0 -9999.0    53.3    53.3    55.0    53.7    53.0    54.0    54.4    45.4    46.9    45.6    45.5    46.5    45.1    41.6    36.5    31.7    27.8 -9999.0 -9999.0 -9999.0 -9999.0 -9999.0 -9999.0 -9999.0 -9999.0 -9999.0 -9999.0 -9999.0 -9999.0 -9999.0 -9999.0 -9999.0 -9999.0 -9999.0
 -9999.0 -9999.0 -9999.0 -9999.0 -9999.0 -9999.0 -9999.0 -9999.0 -9999.0 -9999.0 -9999.0 -9999.0 -9999.0 -9999.0 -9999.0 -9999.0 -9999.0 -9999.0 -9999.0 -9999.0 -9999.0 -9999.0 -9999.0 -9999.0 -9999.0 -9999.0 -9999.0 -9999.0 -9999.0 -9999.0 -9999.0 -9999.0 -9999.0 -9999.0 -9999.0 -9999.0 -9999.0 -9999.0 -9999.0 -9999.0 -9999.0 -9999.0 -9999.0 -9999.0 -9999.0 -9999.0 -9999.0 -9999.0 -9999.0 -9999.0 -9999.0 -9999.0 -9999.0 -9999.0 -9999.0 -9999.0 -9999.0 -9999.0 -9999.0 -9999.0 -9999.0 -9999.0 -9999.0 -9999.0 -9999.0 -9999.0 -9999.0 -9999.0 -9999.0 -9999.0 -9999.0 -9999.0 -9999.0 -9999.0 -9999.0 -9999.0 -9999.0 -9999.0 -9999.0 -9999.0 -9999.0 -9999.0 -9999.0 -9999.0 -9999.0 -9999.0 -9999.0 -9999.0 -9999.0 -9999.0 -9999.0 -9999.0 -9999.0 -9999.0    48.6    51.1    49.7    48.4    48.8    45.6    45.6    43.3    39.6    37.2    37.5    40.8    42.9    42.9    41.3    38.9    37.4    35.9 -9999.0 -9999.0 -9999.0 -9999.0 -9999.0 -9999.0 -9999.0 -9999.0 -9999.0 -9999.0 -9999.0 -9999.0 -9999.0 -9999.0 -9999.0 -9999.0
 -9999.0 -9999.0 -9999.0 -9999.0 -9999.0 -9999.0 -9999.0 -9999.0 -9999.0 -9999.0 -9999.0 -9999.0 -9999.0 -9999.0 -9999.0 -9999.0 -9999.0 -9999.0 -9999.0 -9999.0 -9999.0 -9999.0 -9999.0 -9999.0 -9999.0 -9999.0 -9999.0 -9999.0 -9999.0 -9999.0 -9999.0 -9999.0 -9999.0 -9999.0 -9999.0 -9999.0 -9999.0 -9999.0 -9999.0 -9999.0 -9999.0 -9999.0 -9999.0 -9999.0 -9999.0 -9999.0 -9999.0 -9999.0 -9999.0 -9999.0 -9999.0 -9999.0 -9999.0 -9999.0 -9999.0 -9999.0 -9999.0 -9999.0 -9999.0 -9999.0 -9999.0 -9999.0 -9999.0 -9999.0 -9999.0 -9999.0 -9999.0 -9999.0 -9999.0 -9999.0 -9999.0 -9999.0 -9999.0 -9999.0 -9999.0 -9999.0 -9999.0 -9999.0 -9999.0 -9999.0 -9999.0 -9999.0 -9999.0 -9999.0 -9999.0 -9999.0 -9999.0 -9999.0 -9999.0    27.9 -9999.0 -9999.0    36.2    41.4    41.2    41.5    41.0    40.0    41.2    42.6    36.0    35.7    34.2    31.3    33.6    38.5    43.3    47.0    48.5    49.3    50.5    50.6 -9999.0 -9999.0 -9999.0 -9999.0 -9999.0 -9999.0 -9999.0 -9999.0 -9999.0 -9999.0 -9999.0 -9999.0 -9999.0 -9999.0 -9999.0 -9999.0
 -9999.0 -9999.0 -9999.0 -9999.0 -9999.0 -9999.0 -9999.0 -9999.0 -9999.0 -9999.0 -9999.0 -9999.0 -9999.0 -9999.0 -9999.0 -9999.0 -9999.0 -9999.0 -9999.0 -9999.0 -9999.0 -9999.0 -9999.0 -9999.0 -9999.0 -9999.0 -9999.0 -9999.0 -9999.0 -9999.0 -9999.0 -9999.0 -9999.0 -9999.0 -9999.0 -9999.0 -9999.0 -9999.0 -9999.0 -9999.0 -9999.0 -9999.0 -9999.0 -9999.0 -9999.0 -9999.0 -9999.0 -9999.0 -9999.0 -9999.0 -9999.0 -9999.0 -9999.0 -9999.0 -9999.0 -9999.0 -9999.0 -9999.0 -9999.0 -9999.0 -9999.0 -9999.0 -9999.0 -9999.0 -9999.0 -9999.0 -9999.0 -9999.0 -9999.0 -9999.0 -9999.0 -9999.0 -9999.0 -9999.0 -9999.0 -9999.0 -9999.0 -9999.0 -9999.0 -9999.0 -9999.0 -9999.0 -9999.0 -9999.0 -9999.0 -9999.0 -9999.0 -9999.0    19.5    21.6    26.1    28.8    31.9    37.9    37.0    38.9    35.3    35.2    36.0    37.8    39.7    36.9    32.4    31.7    34.3    39.9    46.1    51.5    56.5    61.5    66.1    69.6    67.6    63.4    59.9    58.8 -9999.0 -9999.0 -9999.0 -9999.0 -9999.0 -9999.0 -9999.0 -9999.0 -9999.0 -9999.0 -9999.0 -9999.0
 -9999.0 -9999.0 -9999.0 -9999.0 -9999.0 -9999.0 -9999.0 -9999.0 -9999.0 -9999.0 -9999.0 -9999.0 -9999.0 -9999.0 -9999.0 -9999.0 -9999.0 -9999.0 -9999.0 -9999.0 -9999.0 -9999.0 -9999.0 -9999.0 -9999.0 -9999.0 -9999.0 -9999.0 -9999.0   101.8   107.2   108.0   105.2 -9999.0 -9999.0 -9999.0 -9999.0 -9999.0 -9999.0 -9999.0 -9999.0 -9999.0 -9999.0 -9999.0 -9999.0 -9999.0 -9999.0 -9999.0 -9999.0 -9999.0 -9999.0 -9999.0 -9999.0 -9999.0 -9999.0 -9999.0 -9999.0 -9999.0 -9999.0 -9999.0 -9999.0 -9999.0 -9999.0 -9999.0 -9999.0 -9999.0 -9999.0 -9999.0 -9999.0 -9999.0 -9999.0 -9999.0 -9999.0 -9999.0 -9999.0 -9999.0 -9999.0 -9999.0 -9999.0 -9999.0 -9999.0 -9999.0 -9999.0 -9999.0 -9999.0 -9999.0 -9999.0    16.5    17.4    19.8    23.0    25.2    30.1    33.6    34.9    32.8    32.1    30.9    39.4    41.3    40.6    38.4    36.9    34.4    38.0    43.0    48.9    54.7    62.3    72.1    82.0    87.7    85.3    80.7    75.0    76.0    77.7    77.1 -9999.0 -9999.0 -9999.0 -9999.0 -9999.0 -9999.0 -9999.0 -9999.0 -9999.0 -9999.0
 -9999.0 -9999.0 -9999.0 -9999.0 -9999.0 -9999.0 -9999.0 -9999.0 -9999.0 -9999.0 -9999.0 -9999.0 -9999.0 -9999.0 -9999.0 -9999.0 -9999.0 -9999.0 -9999.0 -9999.0 -9999.0 -9999.0 -9999.0 -9999.0 -9999.0 -9999.0 -9999.0    66.2    73.8    69.2    87.5    87.8    92.8    78.9 -9999.0 -9999.0 -9999.0 -9999.0 -9999.0 -9999.0 -9999.0 -9999.0 -9999.0 -9999.0 -9999.0 -9999.0 -9999.0 -9999.0 -9999.0 -9999.0 -9999.0 -9999.0 -9999.0 -9999.0 -9999.0 -9999.0 -9999.0 -9999.0 -9999.0 -9999.0 -9999.0 -9999.0 -9999.0 -9999.0 -9999.0 -9999.0 -9999.0 -9999.0 -9999.0 -9999.0 -9999.0 -9999.0 -9999.0 -9999.0 -9999.0 -9999.0 -9999.0 -9999.0 -9999.0 -9999.0 -9999.0 -9999.0 -9999.0 -9999.0 -9999.0 -9999.0 -9999.0    17.3    17.8    17.5    20.0    24.3    29.0    33.7    34.7    34.5    32.8    37.2    40.3    47.3    47.9    47.3    46.2    43.9    44.1    46.0    48.6    53.9    64.2    79.2    93.1   100.2    98.1    93.7    87.7    84.9    90.5    94.3 -9999.0 -9999.0 -9999.0 -9999.0 -9999.0   102.1   107.8   113.1   119.5 -9999.0
 -9999.0 -9999.0 -9999.0 -9999.0 -9999.0 -9999.0 -9999.0 -9999.0 -9999.0 -9999.0 -9999.0 -9999.0 -9999.0 -9999.0 -9999.0 -9999.0 -9999.0 -9999.0 -9999.0 -9999.0 -9999.0 -9999.0 -9999.0 -9999.0 -9999.0 -9999.0    40.9    33.6    36.7    40.1    47.3    54.6    84.8    72.7    74.6    71.6    71.6 -9999.0 -9999.0 -9999.0 -9999.0 -9999.0 -9999.0 -9999.0 -9999.0 -9999.0 -9999.0 -9999.0 -9999.0 -9999.0 -9999.0 -9999.0 -9999.0 -9999.0 -9999.0 -9999.0 -9999.0 -9999.0 -9999.0 -9999.0 -9999.0 -9999.0 -9999.0 -9999.0 -9999.0 -9999.0 -9999.0 -9999.0 -9999.0 -9999.0 -9999.0 -9999.0 -9999.0 -9999.0 -9999.0 -9999.0 -9999.0 -9999.0 -9999.0 -9999.0 -9999.0 -9999.0 -9999.0 -9999.0 -9999.0 -9999.0    16.9    16.4    16.3    17.2    21.0    25.2    30.3    34.8    36.5    39.4    39.3    44.2    48.6    48.3    53.2    55.9    56.4    54.6    51.6    48.3    46.1    50.7    63.5    82.5    99.7   107.9   107.9   106.1    96.6    96.6   110.0   116.0   106.6 -9999.0 -9999.0   105.8   106.4   109.6   115.0   113.7   125.1 -9999.0
 -9999.0 -9999.0 -9999.0 -9999.0 -9999.0 -9999.0 -9999.0 -9999.0 -9999.0 -9999.0 -9999.0 -9999.0 -9999.0 -9999.0 -9999.0 -9999.0 -9999.0 -9999.0 -9999.0 -9999.0 -9999.0 -9999.0 -9999.0 -9999.0 -9999.0 -9999.0    22.7    23.0    21.1    20.1    21.8    29.8    32.0    48.2    50.6    61.1    86.9    54.4 -9999.0 -9999.0 -9999.0 -9999.0 -9999.0 -9999.0 -9999.0 -9999.0 -9999.0 -9999.0 -9999.0 -9999.0 -9999.0 -9999.0 -9999.0 -9999.0 -9999.0 -9999.0 -9999.0 -9999.0 -9999.0 -9999.0 -9999.0 -9999.0 -9999.0 -9999.0 -9999.0 -9999.0 -9999.0 -9999.0 -9999.0 -9999.0 -9999.0 -9999.0 -9999.0 -9999.0 -9999.0 -9999.0 -9999.0 -9999.0 -9999.0 -9999.0 -9999.0 -9999.0 -9999.0 -9999.0 -9999.0 -9999.0    17.2    16.0    16.8    19.1    22.4    27.1    33.7    38.0    42.6    44.7    51.1    48.4    46.1    50.4    54.8    60.0    63.5    61.5    56.9    50.3    44.9    48.2    62.5    84.0   100.6   105.4   104.8   108.2   105.9    92.1   111.1   122.3   128.5   123.9   114.8   107.7   107.6   112.2   118.3   124.7   129.3 -9999.0
 -9999.0 -9999.0 -9999.0 -9999.0 -9999.0 -9999.0 -9999.0 -9999.0 -9999.0 -9999.0 -9999.0 -9999.0 -9999.0 -9999.0 -9999.0 -9999.0 -9999.0 -9999.0 -9999.0 -9999.0 -9999.0    47.9    43.9    34.1    25.3    23.3    25.9    28.7    22.7    16.9    14.6    18.5    20.8    24.7    31.6    33.4    56.0    54.1    63.6 -9999.0 -9999.0 -9999.0 -9999.0 -9999.0 -9999.0 -9999.0 -9999.0 -9999.0 -9999.0 -9999.0 -9999.0 -9999.0 -9999.0 -9999.0 -9999.0 -9999.0 -9999.0 -9999.0 -9999.0 -9999.0 -9999.0 -9999.0 -9999.0 -9999.0 -9999.0 -9999.0 -9999.0 -9999.0 -9999.0 -9999.0 -9999.0 -9999.0 -9999.0 -9999.0 -9999.0 -9999.0 -9999.0 -9999.0 -9999.0 -9999.0 -9999.0 -9999.0 -9999.0 -9999.0 -9999.0 -9999.0 -9999.0    18.7 -9999.0 -9999.0    24.5 -9999.0 -9999.0    43.5    46.5    50.9    57.1    49.5    44.9    50.5    49.2    54.8    59.2    59.0    55.6    50.4    45.2    47.0    59.3    77.2    88.5    90.6    90.9    90.8    90.1    86.3    94.8   102.9   108.4   111.7   104.3   103.6   104.3   109.6   115.1   116.0 -9999.0 -9999.0
 -9999.0 -9999.0 -9999.0 -9999.0 -9999.0 -9999.0 -9999.0 -9999.0 -9999.0 -9999.0 -9999.0 -9999.0 -9999.0 -9999.0 -9999.0 -9999.0 -9999.0 -9999.0 -9999.0 -9999.0 -9999.0    25.7    23.0    19.1    15.2    26.3    16.3    14.7    15.4    13.7    12.2    16.2    21.7    20.8    21.2    21.5    25.5    54.8    34.3 -9999.0 -9999.0 -9999.0 -9999.0 -9999.0 -9999.0 -9999.0 -9999.0 -9999.0 -9999.0 -9999.0 -9999.0 -9999.0 -9999.0 -9999.0 -9999.0 -9999.0 -9999.0 -9999.0 -9999.0 -9999.0 -9999.0 -9999.0 -9999.0 -9999.0 -9999.0 -9999.0 -9999.0 -9999.0 -9999.0 -9999.0 -9999.0 -9999.0 -9999.0 -9999.0 -9999.0 -9999.0 -9999.0 -9999.0 -9999.0 -9999.0 -9999.0 -9999.0 -9999.0 -9999.0 -9999.0 -9999.0 -9999.0 -9999.0 -9999.0    22.3    27.3    34.2    43.2    45.9    49.6    54.4    47.9    44.8    40.6    38.3    38.3    40.7    45.0    47.6    46.9    44.3    42.4    45.7    55.0    64.8    69.7    69.7    70.2    71.5    69.0    69.2    67.7    68.9    76.1    87.2    92.5    91.6    90.2    90.5   107.4 -9999.0 -9999.0 -9999.0
 -9999.0 -9999.0 -9999.0 -9999.0 -9999.0 -9999.0 -9999.0 -9999.0 -9999.0 -9999.0 -9999.0 -9999.0 -9999.0 -9999.0 -9999.0 -9999.0 -9999.0 -9999.0 -9999.0 -9999.0    22.3    22.7    16.9    13.7    10.9     6.7     4.6     6.1     6.0     8.3    13.4    15.5    21.5    24.0    22.0    19.0    26.2    22.0    22.1 -9999.0 -9999.0 -9999.0 -9999.0 -9999.0 -9999.0 -9999.0 -9999.0 -9999.0 -9999.0 -9999.0 -9999.0 -9999.0 -9999.0 -9999.0 -9999.0 -9999.0 -9999.0 -9999.0 -9999.0 -9999.0 -9999.0 -9999.0 -9999.0 -9999.0 -9999.0 -9999.0 -9999.0 -9999.0 -9999.0 -9999.0 -9999.0 -9999.0 -9999.0 -9999.0 -9999.0 -9999.0 -9999.0 -9999.0 -9999.0 -9999.0 -9999.0 -9999.0 -9999.0 -9999.0 -9999.0 -9999.0 -9999.0 -9999.0    21.6    24.2    29.0    34.7    42.6    46.2    47.7    48.9    43.9    43.1    35.0    30.0    29.4    30.1    33.1    35.5    36.0    36.0    37.9    44.4    52.7    58.2    59.4    57.3    57.3    60.0    58.6    51.7    46.9    44.7    47.9    58.9    71.1    71.2    74.2    81.7    91.0 -9999.0 -9999.0 -9999.0
 -9999.0 -9999.0 -9999.0 -9999.0 -9999.0 -9999.0 -9999.0 -9999.0 -9999.0 -9999.0 -9999.0 -9999.0 -9999.0 -9999.0 -9999.0 -9999.0 -9999.0 -9999.0    34.7    27.3    21.9    47.9    24.9    21.5    13.4     9.1     3.7     3.8     5.0     9.3    13.8    20.6    26.9    27.8    26.7    26.2    24.4    18.6    15.5 -9999.0 -9999.0 -9999.0 -9999.0 -9999.0 -9999.0 -9999.0 -9999.0 -9999.0 -9999.0 -9999.0 -9999.0 -9999.0 -9999.0 -9999.0 -9999.0 -9999.0 -9999.0 -9999.0 -9999.0 -9999.0 -9999.0 -9999.0 -9999.0 -9999.0 -9999.0 -9999.0 -9999.0 -9999.0 -9999.0 -9999.0 -9999.0 -9999.0 -9999.0 -9999.0 -9999.0 -9999.0 -9999.0 -9999.0 -9999.0 -9999.0 -9999.0 -9999.0 -9999.0 -9999.0    33.8    30.0    27.0    22.4    21.0    25.9    29.7    35.0    37.8    40.7    41.3    43.6    37.5    33.6    26.2    22.5    22.1    23.6    26.1    27.6    28.4    30.0    34.4    42.7    52.0    58.8    61.7    60.0    57.9    57.0    49.9    42.1    34.6    33.4    35.9    45.2    50.2    53.8    57.6    65.5 -9999.0 -9999.0 -9999.0 -9999.0
 -9999.0 -9999.0 -9999.0 -9999.0 -9999.0 -9999.0 -9999.0 -9999.0 -9999.0 -9999.0 -9999.0 -9999.0 -9999.0 -9999.0 -9999.0    19.1    44.5    73.5    76.8    41.4    40.2    20.5    27.1    15.0    10.5     7.6     7.4     8.3     9.7    14.4    20.4    25.8    31.4    32.2    39.0    38.0    30.1    64.6    35.1    24.3    30.8    35.9    37.9    42.5 -9999.0 -9999.0 -9999.0 -9999.0 -9999.0 -9999.0 -9999.0 -9999.0 -9999.0 -9999.0 -9999.0 -9999.0 -9999.0 -9999.0 -9999.0 -9999.0 -9999.0 -9999.0 -9999.0 -9999.0 -9999.0 -9999.0 -9999.0 -9999.0 -9999.0 -9999.0 -9999.0 -9999.0 -9999.0 -9999.0 -9999.0 -9999.0 -9999.0 -9999.0 -9999.0    39.5    39.3    39.4    39.3    38.5    36.6    32.5    27.7    23.1    21.5    24.5    27.0    31.1    32.6    34.0    33.9    38.2    32.9    27.7    20.8    17.8    18.2    20.8    23.6    25.2    26.1    28.1    33.2    41.5    52.1    63.4    71.0    72.9    67.7    57.6    46.9    37.8    32.4    28.5    30.3    35.7    41.1    43.4    47.5    52.7 -9999.0 -9999.0 -9999.0 -9999.0
 -9999.0 -9999.0 -9999.0 -9999.0 -9999.0 -9999.0 -9999.0 -9999.0 -9999.0 -9999.0 -9999.0 -9999.0 -9999.0 -9999.0 -9999.0    79.7    70.5    84.1    58.0    38.7    18.0    14.8    13.7    14.7    14.9    16.0    16.8    17.5    19.4    22.2    25.9    28.6    32.4    28.7    28.1    27.6    20.8    24.7    14.9    15.6    15.0    10.3    14.0    18.9    19.2    27.6    73.9 -9999.0 -9999.0 -9999.0 -9999.0 -9999.0 -9999.0 -9999.0 -9999.0 -9999.0 -9999.0 -9999.0 -9999.0 -9999.0 -9999.0 -9999.0 -9999.0 -9999.0 -9999.0 -9999.0 -9999.0 -9999.0 -9999.0 -9999.0 -9999.0 -9999.0 -9999.0 -9999.0 -9999.0 -9999.0 -9999.0 -9999.0    36.9    36.2    36.3    37.1    38.4    38.6    36.5    31.8    26.4    23.3    23.2    25.7    29.9    31.3    31.4    27.3    32.6    25.6    26.8    21.7    18.0    16.2    17.6    21.4    25.9    28.5    29.6    30.9    34.8    41.9    53.0    67.0    77.1    78.3    66.5    54.3    42.7    35.9    30.0    27.2    27.9    31.7    37.2    39.6    41.5 -9999.0 -9999.0 -9999.0 -9999.0 -9999.0
 -9999.0 -9999.0 -9999.0 -9999.0 -9999.0 -9999.0 -9999.0 -9999.0 -9999.0 -9999.0 -9999.0 -9999.0 -9999.0 -9999.0 -9999.0 -9999.0     8.3    12.9    31.2    53.4    55.7    34.9    39.8    31.3    30.0    34.5    38.2    35.6    34.8    33.8    33.9    31.4    30.8    29.5    31.0    33.8    32.9    29.0    24.1    28.4    37.3    28.0    24.9    15.6    12.5    10.8    11.4    14.6 -9999.0 -9999.0 -9999.0 -9999.0 -9999.0 -9999.0 -9999.0 -9999.0 -9999.0 -9999.0 -9999.0 -9999.0 -9999.0 -9999.0 -9999.0 -9999.0 -9999.0 -9999.0 -9999.0 -9999.0 -9999.0 -9999.0 -9999.0 -9999.0 -9999.0 -9999.0 -9999.0 -9999.0 -9999.0 -9999.0    32.4    32.3    32.1    33.1    35.3    36.4    35.3    31.5    28.6    25.1    26.3    31.7    33.9    34.1    33.7    25.6    19.0    20.8    22.0    20.5    18.0    17.3    19.8    25.5    31.8    35.5    36.4    36.9    38.5    42.9    52.8    65.2    72.6    68.3    62.6    50.9    42.8    35.7    33.1    32.8    32.2    36.3 -9999.0 -9999.0 -9999.0 -9999.0 -9999.0 -9999.0 -9999.0 -9999.0
 -9999.0 -9999.0 -9999.0 -9999.0 -9999.0 -9999.0 -9999.0 -9999.0 -9999.0 -9999.0 -9999.0 -9999.0 -9999.0 -9999.0 -9999.0 -9999.0     6.0    12.6    21.1    25.9    41.9    36.3    34.4    31.2    30.3    35.0    46.4    61.2    79.2    85.5    55.3    58.7   102.6    98.2    56.4    53.1    65.0    47.9    37.4    43.1    51.3    37.3    46.5    78.7    16.5     5.7     3.3     4.3 -9999.0 -9999.0 -9999.0 -9999.0 -9999.0 -9999.0 -9999.0 -9999.0 -9999.0 -9999.0 -9999.0 -9999.0 -9999.0 -9999.0 -9999.0 -9999.0 -9999.0 -9999.0 -9999.0 -9999.0 -9999.0 -9999.0 -9999.0 -9999.0 -9999.0 -9999.0 -9999.0 -9999.0 -9999.0    31.8    29.2    28.1    27.9    29.3    31.5    33.9    34.5    32.8    30.0    28.1    29.9    36.0    41.7    39.1    28.3    22.9    21.8    23.3    24.3    23.0    21.4    22.0    26.1    33.9    40.3    42.6    43.5    42.0    41.7    45.0    52.0    59.6    62.8    60.6    53.8    48.6    43.2    41.6    41.7    43.4    41.5 -9999.0 -9999.0 -9999.0 -9999.0 -9999.0 -9999.0 -9999.0 -9999.0 -9999.0
 -9999.0 -9999.0 -9999.0 -9999.0 -9999.0 -9999.0 -9999.0 -9999.0 -9999.0 -9999.0 -9999.0 -9999.0 -9999.0 -9999.0 -9999.0 -9999.0    74.8    82.7    81.7    49.3    36.7    36.3    32.7    27.0    25.8    30.4    34.8    43.0    64.2    77.7    82.7    68.0    39.0    32.3    55.1    68.2    54.5    25.6    18.7     8.2    14.3    22.1    28.3    51.4    41.6    14.9     4.4     2.0     6.4    10.0     7.6 -9999.0 -9999.0 -9999.0 -9999.0 -9999.0 -9999.0 -9999.0 -9999.0 -9999.0 -9999.0 -9999.0 -9999.0 -9999.0 -9999.0 -9999.0 -9999.0 -9999.0 -9999.0 -9999.0 -9999.0 -9999.0 -9999.0 -9999.0 -9999.0 -9999.0    29.7    27.3    24.0    23.8    23.4    24.6    27.9    31.5    34.6    35.4    33.6    31.8    33.7    39.7    45.0    42.4    32.6    27.3    27.4    28.6    29.2    28.2    27.8    31.1    39.1    50.4    57.2    55.8    50.8    44.5    43.7    44.7    47.0    50.9    53.0    50.1    45.7    45.7    47.5    53.9    52.0    53.6    57.1    60.3 -9999.0 -9999.0 -9999.0 -9999.0 -9999.0 -9999.0 -9999.0 -9999.0
 -9999.0 -9999.0 -9999.0 -9999.0 -9999.0 -9999.0 -9999.0 -9999.0 -9999.0 -9999.0 -9999.0 -9999.0 -9999.0 -9999.0 -9999.0    56.0    45.8    56.0    80.9    71.1    55.8    41.9    28.9    20.3    18.2    20.9    26.5    37.8    48.3    51.7    58.2    33.5     7.0     4.5     4.4     5.8    13.6     7.4     2.9     2.5     1.1     2.6     5.9     5.9     6.3     7.8     5.6     4.1     4.8     4.3     4.1     3.3     3.3     5.4     2.5     2.1     1.4     1.4     1.4     1.6     1.6 -9999.0 -9999.0 -9999.0 -9999.0 -9999.0 -9999.0 -9999.0 -9999.0    14.9    20.6    25.2    27.4    28.6    28.3    28.9    25.4    24.7    22.7    20.1    20.3    21.9    25.4    29.8    35.0    38.3    36.8    33.1    33.4    38.3    42.2    39.8    32.3    28.5    29.9    31.9    32.9    31.7    31.7    38.9    53.7    72.5    82.2    70.6    54.6    48.1    43.9    44.6    46.7    44.3    45.0    43.9    43.5    46.7    56.9    67.9    77.2    78.6 -9999.0 -9999.0 -9999.0 -9999.0 -9999.0 -9999.0 -9999.0 -9999.0 -9999.0 -9999.0
 -9999.0 -9999.0 -9999.0 -9999.0 -9999.0 -9999.0 -9999.0 -9999.0 -9999.0 -9999.0 -9999.0 -9999.0 -9999.0 -9999.0    79.2    99.0    96.7    81.9    77.3    64.4    47.9    29.5    21.0    15.5    12.5    14.2    18.1    16.9    13.4    11.4    12.5    20.7     9.8    18.7    15.3    12.2    13.6    12.4    10.7     6.1     3.4     2.8     2.6     2.0     1.7     1.6     1.7     4.5     6.0     7.0     6.9     4.9     4.5     2.5     1.3     1.5     1.1     1.1     1.0     1.2     1.4     1.5     1.6     1.8     2.3     2.9     4.1     6.5    11.1    16.1    20.2    22.6    25.3    25.3    24.3    23.8    21.7    19.8    19.3    18.5    19.7    21.7    24.3    28.9    34.1    38.5    36.6    31.9    30.7    34.3    35.5    32.4    30.5    28.8    32.0    31.0    30.1    30.5    32.1    38.0    61.8    87.1    90.4    76.6    54.5    41.6    37.9    39.8    41.5    39.4    42.6    41.6    49.1    47.8    56.4    69.7    84.5 -9999.0 -9999.0 -9999.0 -9999.0 -9999.0 -9999.0 -9999.0 -9999.0 -9999.0 -9999.0 -9999.0
 -9999.0 -9999.0 -9999.0 -9999.0 -9999.0 -9999.0 -9999.0 -9999.0 -9999.0 -9999.0 -9999.0 -9999.0    84.8    88.1    93.0    60.3    82.7    50.8    35.4    27.0    23.0    17.7    11.0     7.1     5.2     4.8     5.1     5.4     5.9     5.6     5.9     7.9    14.1    12.0     8.5    11.5    14.5    13.1     8.0     6.7     4.7     4.0     3.1     2.1     1.4     1.7     2.7     4.3     8.1     6.4     6.1     4.4     4.3     3.4     1.9     1.7     1.7     1.6     1.4     1.3     1.4     1.5     1.5     1.7     2.1     3.0     4.5     7.0    10.1    14.4    17.6    19.6    23.3    21.1    18.8    17.5    16.3    15.9    16.9    19.4    21.1    24.3    26.6    30.0    32.7    33.6    32.6    30.4    28.4    31.4    32.2    30.7    22.7    20.8    28.6    26.1    29.5    31.9    27.5    30.0    55.0    76.0    79.6    64.1    39.8    35.7    34.2    35.9    36.8    42.3    40.1    48.4    47.0    52.4    93.5 -9999.0 -9999.0 -9999.0 -9999.0 -9999.0 -9999.0 -9999.0 -9999.0 -9999.0 -9999.0 -9999.0 -9999.0 -9999.0
 -9999.0 -9999.0 -9999.0 -9999.0 -9999.0 -9999.0 -9999.0 -9999.0 -9999.0    56.9    72.6    74.9    77.2    50.7    15.7    13.1    13.3    16.0    15.8    14.9    13.0    10.0     6.3     3.6     2.3     1.9     2.0     2.2     2.4     2.5     3.5     9.7    10.1     8.3    10.2    14.5    10.6     6.4     3.8     2.6     2.9     2.6     1.4     1.0     0.8     1.1     1.9     3.1     4.4     8.0     4.6     3.0     2.4     3.2     5.8     3.2     2.7     2.4     2.1     2.1     2.0     2.0     2.0     2.0     2.3     3.4     5.0     7.5     9.9    12.3    21.8    25.9    26.3    24.2    20.9    19.5    18.2    17.2    19.1    20.6    23.2    26.4    29.7    31.4    30.2    28.5    27.2    29.2    28.9    36.9    33.4    27.8    27.2    24.0    28.0    27.9    29.6    28.6    32.3    34.1    42.3    54.6    60.2    46.4    31.0    25.7    28.5    36.1    41.9    38.4    42.7    46.0    46.0 -9999.0 -9999.0 -9999.0 -9999.0 -9999.0 -9999.0 -9999.0 -9999.0 -9999.0 -9999.0 -9999.0 -9999.0 -9999.0 -9999.0 -9999.0
 -9999.0 -9999.0 -9999.0 -9999.0 -9999.0    23.8    33.9    39.8    46.9    54.8    51.4    58.6    59.9    37.3    23.3    13.8     8.9    10.2    10.4    10.1     8.3     5.9     3.5     1.8     1.1     0.8     0.8     1.0     1.3     1.6     2.2     3.0     3.9     4.8     5.9     5.8     4.6     3.6     2.5     2.3     2.2     1.2     1.0     1.1     0.7     0.7     0.6     0.7     1.0     1.4     2.7     2.5     4.2     5.7     7.0     5.0     4.1     3.6     3.1     3.3     3.4     3.6     3.0     2.8     3.4     4.3     5.9     8.5    11.5    17.8    22.4    24.1    24.7    24.6    23.7    25.0    25.6    23.8    26.2    26.4    26.8    28.5    29.4    29.5    27.8    28.6    28.4    34.2    35.0    38.0    41.8    27.6    25.3    22.3    24.2    28.4    30.0    35.8 -9999.0 -9999.0    40.5    42.6    30.9    36.3    49.9    48.6    50.3    42.3    40.7 -9999.0 -9999.0 -9999.0 -9999.0 -9999.0 -9999.0 -9999.0 -9999.0 -9999.0 -9999.0 -9999.0 -9999.0 -9999.0 -9999.0 -9999.0 -9999.0 -9999.0 -9999.0 -9999.0
 -9999.0 -9999.0 -9999.0     9.2    13.6    21.5    28.0    34.4    40.5    27.3    20.8    22.8    33.6    15.1     6.9     6.6     6.7     7.1     7.2     6.6     5.2     3.4     1.9     1.0     0.6     0.5     0.5     0.6     0.9     1.2     1.8     2.8     3.6     4.3     4.6     4.5     3.8     2.9     2.0     1.3     1.0     0.7     0.6     0.6     0.6     0.5     0.5     0.7     0.7     1.2     1.0     0.8     1.6     3.0     4.7     5.8     7.1     6.5     5.4     4.9     4.5     4.0     4.0     4.4     4.4     5.3     8.5    10.3    14.1    17.9    19.8    20.5    23.4    27.8    30.3    31.4    31.3    29.1    25.8    24.2    25.1    28.2    25.6    25.2    27.5    25.2    28.3    33.8    44.3    51.0    45.1    40.0    32.5    23.3    24.1    32.6    42.9 -9999.0 -9999.0 -9999.0    42.1    30.4    55.6    69.7    83.8    72.7    68.8 -9999.0 -9999.0 -9999.0 -9999.0 -9999.0 -9999.0 -9999.0 -9999.0 -9999.0 -9999.0 -9999.0 -9999.0 -9999.0 -9999.0 -9999.0 -9999.0 -9999.0 -9999.0 -9999.0 -9999.0 -9999.0
 -9999.0 -9999.0     2.6     6.0    10.7    15.4    19.6    19.6    12.9    13.2    13.1    12.5    10.5     8.0     6.5     5.6     5.4     5.0     4.8     4.1     3.1     2.0     1.2     0.7     0.5     0.4     0.4     0.5     0.7     1.1     1.8     2.8     3.7     4.4     4.6     4.3     3.6     3.1     2.5     1.8     1.2     1.0     1.0     1.1     1.3     2.0     6.4     8.6     8.3     7.2    15.4    10.2     5.0     4.3     6.4    11.4     8.6     8.7     7.1     6.6     4.9     6.2     3.9     4.2     4.7     6.4     8.9    11.5    15.6    18.1    20.4    21.6    26.4    33.7    37.7    37.8    35.6    30.2    25.9    24.0    25.1    27.4    24.0    25.1    24.8    32.5    31.5    34.4    38.4    38.8    39.7    38.0    33.4    32.8    39.6 -9999.0 -9999.0 -9999.0 -9999.0    33.2    36.5    49.2    66.9    89.4 -9999.0 -9999.0 -9999.0 -9999.0 -9999.0 -9999.0 -9999.0 -9999.0 -9999.0 -9999.0 -9999.0 -9999.0 -9999.0 -9999.0 -9999.0 -9999.0 -9999.0 -9999.0 -9999.0 -9999.0 -9999.0 -9999.0 -9999.0 -9999.0
 -9999.0 -9999.0     1.0     2.8     5.7    10.9    12.2    10.9    12.0    13.3    14.8    14.2    11.8     8.9     6.8     5.4     4.3     3.5     3.0     2.5     1.8     1.3     0.9     0.6     0.4     0.4     0.4     0.5     0.7     1.2     2.0     3.0     4.1     5.0     5.3     5.8     5.5     4.5     3.2     2.1     1.3     1.3     2.8    13.4     3.3     8.4    26.4     9.8    37.5    33.7    40.8    83.2    80.4    63.0    15.8    12.6     9.7    16.3    11.1    12.8    11.3     6.6     5.5     4.5     4.9     6.6     9.3    14.1    19.4    18.5    20.7    24.0    30.8    37.6    41.8    42.2    38.4    34.9    29.0    27.6    26.9    27.3    33.5    36.1    34.2    34.7    31.1    31.9    31.8    26.9    24.5    26.9    30.1    33.5 -9999.0 -9999.0 -9999.0 -9999.0 -9999.0    32.3 -9999.0 -9999.0 -9999.0 -9999.0 -9999.0 -9999.0 -9999.0 -9999.0 -9999.0 -9999.0 -9999.0 -9999.0 -9999.0 -9999.0 -9999.0 -9999.0 -9999.0 -9999.0 -9999.0 -9999.0 -9999.0 -9999.0 -9999.0 -9999.0 -9999.0 -9999.0 -9999.0 -9999.0
 -9999.0 -9999.0     0.4     1.0     2.8     5.9    10.6    16.1    12.4    13.1    15.0    15.2    13.0     9.8     7.3     4.9     3.6     2.4     1.8     1.5     1.2     1.0     0.7     0.6     0.5     0.4     0.4     0.5     0.8     1.4     2.4     3.7     5.4     5.7     5.9     5.3     4.9     3.7     2.6     1.8     1.1     0.8     0.8     1.3     1.6     2.6     5.1    11.9    15.0    23.9    78.0    57.5    69.9   102.7    77.7    53.6    21.6    16.9    23.5    25.3    11.9     9.0     6.6     5.2     5.1     6.6     9.3    17.7    15.9    17.5    20.0    23.1    30.0    38.2    42.1    44.6    44.0    40.6    41.7    41.5    41.8    32.8    43.6    53.2    32.7    32.8    33.5    35.4    32.3    23.9    20.6 -9999.0 -9999.0 -9999.0 -9999.0 -9999.0 -9999.0 -9999.0 -9999.0 -9999.0 -9999.0 -9999.0 -9999.0 -9999.0 -9999.0 -9999.0 -9999.0 -9999.0 -9999.0 -9999.0 -9999.0 -9999.0 -9999.0 -9999.0 -9999.0 -9999.0 -9999.0 -9999.0 -9999.0 -9999.0 -9999.0 -9999.0 -9999.0 -9999.0 -9999.0 -9999.0 -9999.0 -9999.0
 -9999.0 -9999.0 -9999.0     0.4     0.9     2.7     5.9    10.4    15.9    15.4    13.8    14.2    12.7     9.8     6.5     4.2     2.5     1.6     1.2     1.0     0.9     0.9     0.8     0.7     0.6     0.5     0.6     0.7     1.1     2.0     3.4     3.8     4.7     3.6     3.5     4.0     4.3     3.4     2.2     1.6     1.1     0.8     0.7     0.8     0.9     1.9     8.1    15.6    34.3    37.1    40.7    51.5    68.4   107.8    81.2    87.0    66.9    59.7    52.7    34.3    23.5    15.0    11.3     7.7     5.9     5.4     7.7    14.0    12.5    16.2    19.1    20.3    27.6    34.4    39.4    39.9    44.3    43.3    52.1    44.1    49.5    47.9    61.4    44.5    34.7    40.3    43.3    43.8    37.9    27.9    25.2    29.0 -9999.0 -9999.0 -9999.0 -9999.0 -9999.0 -9999.0 -9999.0 -9999.0 -9999.0 -9999.0 -9999.0 -9999.0 -9999.0 -9999.0 -9999.0 -9999.0 -9999.0 -9999.0 -9999.0 -9999.0 -9999.0 -9999.0 -9999.0 -9999.0 -9999.0 -9999.0 -9999.0 -9999.0 -9999.0 -9999.0 -9999.0 -9999.0 -9999.0 -9999.0 -9999.0 -9999.0
 -9999.0 -9999.0 -9999.0 -9999.0 -9999.0     0.9     2.4     5.6    11.2    13.6    12.8    13.2    11.3     8.7     5.9     3.5     1.9     1.1     0.8     0.8     1.1     1.1     1.0     1.0     0.9     0.9     1.1     1.4     2.5     3.0     3.5     3.4     3.4     3.8     2.7     3.5     2.8     2.3     2.1     1.7     1.3     1.0     0.9     0.9     0.9     0.9     1.5    11.2    12.1    33.9    26.5    67.7    63.4    60.3    77.0    85.1    95.1    97.0    82.5    76.5    62.1    27.8    22.0    14.1    10.1     6.6     7.1     8.4    10.5    14.7    18.4    20.6    26.7    35.1    43.4    44.4    44.4    37.1    48.9    57.8    60.2    52.3    68.1    61.8    45.1    42.1    45.9    49.2    47.5    41.4    40.2    42.9    47.6    51.7 -9999.0 -9999.0 -9999.0    58.3 -9999.0 -9999.0 -9999.0 -9999.0 -9999.0 -9999.0 -9999.0 -9999.0 -9999.0 -9999.0 -9999.0 -9999.0 -9999.0 -9999.0 -9999.0 -9999.0 -9999.0 -9999.0 -9999.0 -9999.0 -9999.0 -9999.0 -9999.0 -9999.0 -9999.0 -9999.0 -9999.0 -9999.0 -9999.0 -9999.0
 -9999.0 -9999.0 -9999.0 -9999.0     0.1     0.5     1.6     3.5     7.3     9.9    15.2    16.8    14.8     8.5     5.0     3.0     1.5     0.8     0.7     0.9     1.1     1.4     1.6     2.0     2.2     2.6     3.0     3.6     3.4     3.3     3.2     3.5     3.7     3.2     3.9     3.4     2.9     1.6     1.3     1.3     1.5     1.6     1.4     1.3     1.1     0.8     0.7     1.3     2.6     1.3     2.3    18.2    42.1    70.5    41.1    52.1    59.0    86.1    86.3   102.6    92.1    71.2    56.0    31.1    14.6    16.1    16.8     9.3    22.1    23.1    24.9    32.7    40.6    48.0    53.7    54.6    50.5    46.8    71.6    46.3    52.9    73.8    78.8    86.4    52.3    38.7    42.2    52.5    61.4    64.7    64.5    61.7    59.1    60.7 -9999.0 -9999.0    56.7    68.3    89.1    56.7    76.9 -9999.0 -9999.0 -9999.0 -9999.0 -9999.0 -9999.0 -9999.0 -9999.0 -9999.0 -9999.0 -9999.0 -9999.0 -9999.0 -9999.0 -9999.0 -9999.0 -9999.0 -9999.0 -9999.0 -9999.0 -9999.0 -9999.0 -9999.0 -9999.0 -9999.0 -9999.0 -9999.0
 -9999.0 -9999.0 -9999.0 -9999.0     0.0     0.1     0.7     1.8     6.0    10.7    13.0    21.3    23.5    25.7    11.5     8.8     6.8     2.1     1.0     1.2     2.4     3.3     4.3     6.3     7.0     5.9     4.9     4.3     4.0     3.9     3.9     3.5     3.9     3.8     3.2     3.1     2.1     1.5     1.5     1.7     1.2     2.0     2.2     2.1     1.7     1.1     0.8     0.6     0.5     0.6     0.9     3.4    39.0    30.7    30.1    42.7    52.7    68.1    82.2    60.7    87.4    63.7    57.0    51.6    32.7    17.9    28.8    22.8    29.3    50.5    43.5    49.9    53.3    58.1    58.8    65.1    59.3    76.1    78.8    64.4    83.2    83.3    95.5    82.3    52.0    43.5    46.9    59.9    78.3    92.0    91.7    84.5    65.6    63.7    70.2    74.7    77.7    82.4    84.8 -9999.0 -9999.0 -9999.0 -9999.0 -9999.0 -9999.0 -9999.0 -9999.0 -9999.0 -9999.0 -9999.0 -9999.0 -9999.0 -9999.0 -9999.0 -9999.0 -9999.0 -9999.0 -9999.0 -9999.0 -9999.0 -9999.0 -9999.0 -9999.0 -9999.0 -9999.0 -9999.0 -9999.0 -9999.0
 -9999.0 -9999.0 -9999.0 -9999.0 -9999.0 -9999.0 -9999.0     1.0     3.7     7.2    13.5    19.0    22.0    26.3    28.0     9.5    17.3     7.9     5.7     9.4    14.4    14.6    12.3    10.1     8.4     7.1     6.0     5.3     4.9     4.3     4.2     4.3     4.3     3.9     3.2     3.2     2.2     1.9     1.5     1.4     1.6     2.4     3.4     3.9     3.8     2.5     3.3     2.4     4.0     1.1     0.7     2.0    14.8    93.0    82.5    34.8    36.8    44.3    87.2    69.4    99.4    74.9    67.3    65.7    63.0    39.1    44.0    53.5    57.3    72.4    71.6    74.4    87.1    93.3    91.5   104.0    89.0   101.8   110.6    88.4   111.0   112.1   104.6    86.2    65.9    64.5    69.6    82.2   101.4   120.1   117.7   100.3    83.7    79.0    91.3   101.3   102.0 -9999.0 -9999.0 -9999.0 -9999.0 -9999.0 -9999.0 -9999.0 -9999.0 -9999.0 -9999.0 -9999.0 -9999.0 -9999.0 -9999.0 -9999.0 -9999.0 -9999.0 -9999.0 -9999.0 -9999.0 -9999.0 -9999.0 -9999.0 -9999.0 -9999.0 -9999.0 -9999.0 -9999.0 -9999.0 -9999.0 -9999.0
 -9999.0 -9999.0 -9999.0 -9999.0 -9999.0 -9999.0 -9999.0     0.8     1.9     5.9    10.9    15.7    21.2    25.9    28.0    30.2    28.2    26.0    25.7    20.8    18.1    16.2    13.6    11.6     9.9     8.6     7.7     6.4     6.6     6.6     5.6     5.5     5.5     4.5     4.7     4.0     3.4     2.5     2.0     1.8     1.9     2.5     4.0     8.8     8.2     7.2    10.9    13.9    31.9    26.6    67.5    65.5    28.7    53.1    98.7    44.3    46.7    64.5    92.9   106.9    97.7   102.4    96.3    95.7    76.2    62.0    60.1    67.3    94.5    96.1   110.5   122.9   136.8   147.2   135.5   170.1   168.8   144.8   126.3   146.3   172.2   156.6   146.2   104.9    94.2   103.4   112.6   117.8   128.7   136.9   133.8   117.2   100.5    99.8   115.8   125.3 -9999.0 -9999.0 -9999.0 -9999.0 -9999.0 -9999.0 -9999.0 -9999.0 -9999.0 -9999.0 -9999.0 -9999.0 -9999.0 -9999.0 -9999.0 -9999.0 -9999.0 -9999.0 -9999.0 -9999.0 -9999.0 -9999.0 -9999.0 -9999.0 -9999.0 -9999.0 -9999.0 -9999.0 -9999.0 -9999.0 -9999.0 -9999.0
 -9999.0 -9999.0 -9999.0 -9999.0 -9999.0 -9999.0 -9999.0 -9999.0 -9999.0     4.2     8.4    13.2    19.3    23.9    26.8    27.8    29.0    27.7    25.8    22.9    20.1    17.4    15.1    13.2    11.7    10.7     9.4     8.7     9.0     7.2     9.3     8.4     8.1     7.0     7.7     6.7     5.6     4.2     3.5     2.9     2.9     3.6     5.2     7.9    13.0    18.5    24.9    30.1    37.5    43.2    59.7    56.3    52.1    51.8    95.9    57.8    50.4    67.8   107.0   111.0   112.2   117.9   116.4   103.4    92.9    77.4    72.1    82.6   112.4   128.8   152.6   164.9   183.5   202.9   220.9   189.2   189.0   192.0   198.0   212.0   222.9   200.9   128.8   120.1   130.0   148.5   155.8   147.9   147.7   144.1   137.3   124.1   107.6   108.5   120.3 -9999.0 -9999.0 -9999.0 -9999.0 -9999.0 -9999.0 -9999.0 -9999.0 -9999.0 -9999.0 -9999.0 -9999.0 -9999.0 -9999.0 -9999.0 -9999.0 -9999.0 -9999.0 -9999.0 -9999.0 -9999.0 -9999.0 -9999.0 -9999.0 -9999.0 -9999.0 -9999.0 -9999.0 -9999.0 -9999.0 -9999.0 -9999.0 -9999.0
 -9999.0 -9999.0 -9999.0 -9999.0 -9999.0 -9999.0 -9999.0 -9999.0 -9999.0 -9999.0 -9999.0    11.7    15.6    21.8    25.7    28.1    28.7    27.8    25.9    23.5    20.5    18.4    16.1    14.8    11.8    11.6    10.2     9.7     9.9    10.7    10.9     9.2    11.3    10.9    11.2     8.2     8.7     7.2     5.3     4.9     4.8     5.7     7.8    11.2    19.2    22.9    38.6    40.5    51.1    53.1    44.6    49.6    55.9    73.7   100.7    89.3    79.7   103.7   112.7   119.1   128.5   118.9   110.6   104.3   100.9    81.6    83.9   100.1   123.1   151.4   179.9   208.3   225.6   237.2   219.6   224.0   228.6   267.2   270.0   271.7   226.3   180.9   167.9   158.5   170.2   181.8   177.6   166.9   160.8   152.7   138.7   126.5   118.6   117.6   125.8 -9999.0 -9999.0 -9999.0 -9999.0 -9999.0 -9999.0 -9999.0 -9999.0 -9999.0 -9999.0 -9999.0 -9999.0 -9999.0 -9999.0 -9999.0 -9999.0 -9999.0 -9999.0 -9999.0 -9999.0 -9999.0 -9999.0 -9999.0 -9999.0 -9999.0 -9999.0 -9999.0 -9999.0 -9999.0 -9999.0 -9999.0 -9999.0 -9999.0
 -9999.0 -9999.0 -9999.0 -9999.0 -9999.0 -9999.0 -9999.0 -9999.0 -9999.0 -9999.0 -9999.0 -9999.0    14.0    19.0    23.7    26.7    26.3    27.2    25.6    21.8    21.4    19.0    17.0    16.2    10.4    13.5    14.1    11.5    12.1     9.9    12.9    14.2    14.7    13.1    13.3    14.0    11.0    11.8    10.8     9.6     8.9     9.8    12.4    17.0    22.9    31.1    42.1    41.9    48.3    51.5    67.4    67.6    58.6    55.1    72.4    91.7   107.3   133.9   109.9   142.8   136.4   141.0   133.6   117.0    97.5   110.6   103.1   120.6   143.7   174.2   201.8   222.4   245.8   263.3   289.0   320.8   332.1   344.5   326.5   344.3   274.8   219.1   208.9   210.1   225.7   232.6   220.3   208.2   196.9   181.7   164.9   154.4   148.4   147.1   153.4   167.3   186.2 -9999.0 -9999.0 -9999.0 -9999.0 -9999.0 -9999.0 -9999.0 -9999.0 -9999.0 -9999.0 -9999.0 -9999.0 -9999.0 -9999.0 -9999.0 -9999.0 -9999.0 -9999.0 -9999.0 -9999.0 -9999.0 -9999.0 -9999.0 -9999.0 -9999.0 -9999.0 -9999.0 -9999.0 -9999.0 -9999.0 -9999.0
 -9999.0 -9999.0 -9999.0 -9999.0 -9999.0 -9999.0 -9999.0 -9999.0 -9999.0 -9999.0 -9999.0 -9999.0    11.4    16.0    19.8    24.3    25.7    26.0    23.4    22.0    20.1    17.6    16.5    16.9    18.1    16.1    15.7    18.0    16.0    18.5    16.2    14.3    17.7    19.5    19.3    21.2    18.1    17.7    17.4    16.3    16.0    16.9    19.6    23.9    30.5    39.7    42.2    44.7    38.0    48.4    47.4    55.2    46.4    59.3    52.6    80.9    92.8   121.3   122.8   133.8   140.2   144.0   147.7   147.3   105.7   112.0   116.1   139.0   168.2   207.3   262.8   312.9   344.3   364.9   359.3   351.4   354.2   362.5   366.7   342.0   337.1   238.1   254.9   283.3   306.1   309.4   299.9   281.5   256.4   233.2   218.4   207.2   195.4   197.3   202.4   212.0   231.6 -9999.0 -9999.0 -9999.0 -9999.0 -9999.0 -9999.0 -9999.0 -9999.0 -9999.0 -9999.0 -9999.0 -9999.0 -9999.0 -9999.0 -9999.0 -9999.0 -9999.0 -9999.0 -9999.0 -9999.0 -9999.0 -9999.0 -9999.0 -9999.0 -9999.0 -9999.0 -9999.0 -9999.0 -9999.0 -9999.0 -9999.0
 -9999.0 -9999.0 -9999.0 -9999.0 -9999.0 -9999.0 -9999.0 -9999.0 -9999.0 -9999.0 -9999.0 -9999.0 -9999.0    13.3    16.6    20.7    22.7    23.2    22.4    21.0    19.1    19.1    16.1    18.9    18.2    13.4    13.3    11.4    14.6    16.7    21.3    23.9    20.1    22.0    29.8    30.3    30.3    28.4    23.4    24.9    24.9    25.8    29.1    34.2    38.8    42.1    48.5    55.2    58.1    55.1    52.3    42.6    41.3    78.5    72.9    77.4    88.8   118.4   149.9   153.2   158.3   158.8   162.4   140.6   105.6   115.2   136.1   169.3   215.6   265.4   297.8   379.0   429.1   415.7   383.0   355.4   344.1   341.8   297.8   248.6   285.1   257.6   295.2   341.0   358.6   346.0   339.0   327.9   299.3   267.7   255.1   250.4   245.4   255.4   257.2   253.3   269.0 -9999.0 -9999.0 -9999.0 -9999.0 -9999.0 -9999.0 -9999.0 -9999.0 -9999.0 -9999.0 -9999.0 -9999.0 -9999.0 -9999.0 -9999.0 -9999.0 -9999.0 -9999.0 -9999.0 -9999.0 -9999.0 -9999.0 -9999.0 -9999.0 -9999.0 -9999.0 -9999.0 -9999.0 -9999.0 -9999.0 -9999.0
 -9999.0 -9999.0 -9999.0 -9999.0 -9999.0 -9999.0 -9999.0 -9999.0 -9999.0 -9999.0 -9999.0 -9999.0     5.4     8.4    12.3    16.5    16.0    17.8    17.3    18.1    17.8    17.7    16.9    18.2    20.0    14.4    16.3    19.2    20.1    19.9    23.4    30.7    23.5    31.8    33.5    39.5    36.2    42.6    41.0    37.7    34.0    35.2    39.2    44.2    48.9    53.1    54.1    52.6    55.5    55.1    61.7    68.3    49.7    59.8    55.6    64.9    90.1    95.0   127.9   138.7   155.4   169.7   170.7   171.0   144.1   127.0   143.8   184.0   256.4   318.1   396.8   482.5   486.4   396.2   346.4   305.5   282.0   273.1   248.3   208.6   199.7   224.2   263.3   295.6   298.4   284.5   287.7   294.6   274.4   245.4   241.7   253.6   269.3   286.0   283.8   266.2   272.0   269.1 -9999.0 -9999.0 -9999.0 -9999.0 -9999.0 -9999.0 -9999.0 -9999.0 -9999.0 -9999.0 -9999.0 -9999.0 -9999.0 -9999.0 -9999.0 -9999.0 -9999.0 -9999.0 -9999.0 -9999.0 -9999.0 -9999.0 -9999.0 -9999.0 -9999.0 -9999.0 -9999.0 -9999.0 -9999.0 -9999.0
 -9999.0 -9999.0 -9999.0 -9999.0 -9999.0 -9999.0 -9999.0 -9999.0 -9999.0 -9999.0 -9999.0 -9999.0     2.5     4.9     8.1     8.0    10.0    13.0    13.2    12.0    14.4    13.3    14.5    16.1    20.0    23.0    23.3    24.4    25.0    29.8    33.3    34.1    29.3    44.0    47.9    48.3    54.2    52.6    51.5    50.5    47.0    47.9    50.5    54.2    58.5    62.4    68.3    69.8    68.9    55.6    52.5    61.1    47.7    43.7    48.7    54.6    73.3    96.5   114.4   140.1   158.1   171.9   164.5   144.5   125.8   127.4   147.8   186.9   248.2   343.4   438.7   494.4   469.7   415.7   352.2   270.1   226.1   218.6   211.1   175.3   162.6   169.8   188.1   196.7   188.0   182.3   191.9   211.9   211.2   197.8   194.4   209.7   231.6   246.7   249.1   244.5   247.9   230.1   195.3 -9999.0 -9999.0 -9999.0 -9999.0 -9999.0 -9999.0 -9999.0 -9999.0 -9999.0 -9999.0 -9999.0 -9999.0 -9999.0 -9999.0 -9999.0 -9999.0 -9999.0 -9999.0 -9999.0 -9999.0 -9999.0 -9999.0 -9999.0 -9999.0 -9999.0 -9999.0 -9999.0 -9999.0 -9999.0
 -9999.0 -9999.0 -9999.0 -9999.0 -9999.0 -9999.0 -9999.0 -9999.0 -9999.0 -9999.0 -9999.0 -9999.0     0.6     1.9     3.5     5.3     6.6     5.9     7.3     7.7     6.5     7.0    11.4    11.1    15.4    12.4    16.7    13.0    26.9    30.4    35.3    27.7    44.9    55.3    57.9    57.1    59.6    59.4    59.2    53.5    53.1    57.0    54.2    67.3    66.8    71.3    77.1    76.8    71.1    67.4    64.3    54.2    79.8    80.9    64.7    58.7    72.3    91.0   111.5   124.2   139.2   150.8   170.4   125.8    87.0   129.8   143.4   176.3   236.8   298.3   357.7   416.7   395.1   360.4   381.1   281.9   304.3   171.3   172.5   148.5   117.2   117.1   111.5   114.2   118.1   123.9   139.0   195.2   158.3   161.2   158.2   163.1   172.8   186.2   201.6   213.0   209.2   174.0   135.7   110.1 -9999.0 -9999.0 -9999.0 -9999.0 -9999.0 -9999.0 -9999.0 -9999.0 -9999.0 -9999.0 -9999.0 -9999.0 -9999.0 -9999.0 -9999.0 -9999.0 -9999.0 -9999.0 -9999.0 -9999.0 -9999.0 -9999.0 -9999.0 -9999.0 -9999.0 -9999.0 -9999.0 -9999.0
 -9999.0 -9999.0 -9999.0 -9999.0 -9999.0 -9999.0 -9999.0 -9999.0 -9999.0 -9999.0 -9999.0 -9999.0 -9999.0     0.4     0.8     1.7     2.3     3.0     3.1     3.4     2.8     5.8     6.0     6.6    14.0    14.8    18.5    23.7    21.1    36.3    27.0    36.0    39.3    55.3    56.3    48.1    53.6    62.0    59.3    57.7    55.7    52.5    55.9    62.5    73.3    77.8    82.1    81.9    84.9    80.5    69.3    76.1    67.2    56.0    70.5    73.5    74.3    87.0   104.4   128.2   135.3   168.1   144.6    76.5    85.6    97.6   113.6   148.5   196.8   245.3   269.7   270.2   284.5   219.7   251.1   212.7   180.0   154.4   156.0   105.0    80.6    76.3    72.1    69.5    76.4    92.4   110.0   225.3   181.7   154.4   154.8   155.6   150.6   155.4   179.4   196.4   172.7   123.1    87.1 -9999.0 -9999.0 -9999.0 -9999.0 -9999.0 -9999.0 -9999.0 -9999.0 -9999.0 -9999.0 -9999.0 -9999.0 -9999.0 -9999.0 -9999.0 -9999.0 -9999.0 -9999.0 -9999.0 -9999.0 -9999.0 -9999.0 -9999.0 -9999.0 -9999.0 -9999.0 -9999.0 -9999.0 -9999.0
 -9999.0 -9999.0 -9999.0 -9999.0 -9999.0 -9999.0 -9999.0 -9999.0 -9999.0 -9999.0 -9999.0 -9999.0 -9999.0     0.1     0.2     0.4     0.5     0.9     1.3     1.7     1.5     2.3     3.1     5.4    15.2    14.4    15.6    24.7    25.2    11.2    19.0    27.2    44.8    49.8    45.8    50.4    60.0    60.6    56.5    52.1    53.2    53.5    57.1    64.2    73.7    81.0    86.8    87.9    86.8    83.5    84.5    69.5    75.1    80.1    83.5    76.8    75.4    85.4   101.4    99.1   123.3    96.7    65.8    61.8    61.4    68.9    87.1   123.0   157.6   172.0   175.4   176.1   172.6   189.6   211.6   236.0   257.6   135.3    80.3    65.6    53.0    47.3    47.7    51.5    56.0    65.7    81.3   100.9   138.4   153.3   175.9   176.0   169.4   166.0   171.5   171.6   139.0    94.1    68.1 -9999.0 -9999.0 -9999.0 -9999.0 -9999.0 -9999.0 -9999.0 -9999.0 -9999.0 -9999.0 -9999.0 -9999.0 -9999.0 -9999.0 -9999.0 -9999.0 -9999.0 -9999.0 -9999.0 -9999.0 -9999.0 -9999.0 -9999.0 -9999.0 -9999.0 -9999.0 -9999.0 -9999.0 -9999.0
 -9999.0 -9999.0 -9999.0 -9999.0 -9999.0 -9999.0 -9999.0 -9999.0 -9999.0 -9999.0 -9999.0 -9999.0 -9999.0 -9999.0 -9999.0     0.1     0.2     0.3     0.5     1.0     1.0     2.8     5.2     6.7     7.8    10.8     5.4    11.9     7.5    22.2    21.1    31.0    25.7    35.4    49.0    42.9    46.5    60.0    55.5    53.1    52.8    54.7    58.5    66.1    80.3    90.5    90.4    91.0    91.6    79.1    82.2    97.0    80.5    80.0    70.6    77.1    79.8    76.7   102.5   116.2    81.0    63.9    58.6    48.1    46.3    54.2    75.2   107.2   120.5   125.8   128.5   130.1   172.3   185.0   179.7   242.5   224.7   228.2    92.1    45.6    37.6    35.0    38.2    44.3    48.6    55.0    71.2   107.1   134.1   168.6   192.8   201.6   188.5   179.3   157.4   134.4   109.7 -9999.0    69.8 -9999.0 -9999.0 -9999.0 -9999.0 -9999.0 -9999.0 -9999.0 -9999.0 -9999.0 -9999.0 -9999.0 -9999.0 -9999.0 -9999.0 -9999.0 -9999.0 -9999.0 -9999.0 -9999.0 -9999.0 -9999.0 -9999.0 -9999.0 -9999.0 -9999.0 -9999.0 -9999.0 -9999.0 -9999.0
 -9999.0 -9999.0 -9999.0 -9999.0 -9999.0 -9999.0 -9999.0 -9999.0 -9999.0 -9999.0 -9999.0 -9999.0 -9999.0 -9999.0 -9999.0 -9999.0 -9999.0     1.3     0.8 -9999.0     3.6     2.0     7.6    11.4     7.8    11.4     5.1    10.2    19.8    12.6    22.6    41.8    22.1    59.3    72.9    52.7    46.0    54.7    51.9    51.0    52.2    57.3    61.0    69.3    97.7    94.6   105.7   100.3    88.8    91.6    72.7    82.1    73.3    90.1    90.4    88.9    79.8    97.5   103.6   113.1    67.8    61.4    49.1    40.6    38.9    45.0    60.8    78.9    88.2   103.2   115.1   166.9   186.2   172.6   182.2   205.8   168.5   126.1    81.4    36.4    30.9    29.2    32.6    40.2    54.9    70.4    92.7   121.0   158.2   181.0   200.4   188.8   150.9   136.2   125.3   115.6    92.8    87.8    89.1    84.4    73.5 -9999.0 -9999.0 -9999.0 -9999.0 -9999.0 -9999.0 -9999.0 -9999.0 -9999.0 -9999.0 -9999.0 -9999.0 -9999.0 -9999.0 -9999.0 -9999.0 -9999.0 -9999.0 -9999.0 -9999.0 -9999.0 -9999.0 -9999.0 -9999.0 -9999.0 -9999.0 -9999.0
 -9999.0 -9999.0 -9999.0 -9999.0 -9999.0 -9999.0 -9999.0 -9999.0 -9999.0 -9999.0 -9999.0 -9999.0 -9999.0 -9999.0 -9999.0 -9999.0 -9999.0 -9999.0 -9999.0 -9999.0 -9999.0     4.6     5.2     3.1     9.6    27.0    27.7    26.6    22.0    33.0    29.3    64.8    63.6    59.2    63.4    47.3    49.5    48.3    43.8    43.0    47.3    59.4    66.3    73.5    98.5    92.5   112.0    94.0   111.0   163.5    92.2   120.5   116.1    88.5    94.8   103.3   103.6    97.5   127.0   113.9    84.4    70.5    45.1    36.9    39.0    44.8    51.5    58.3    67.7    98.7   148.1   187.4   191.3   161.0   128.4   111.4    91.9    55.9    43.3    33.1    24.8    23.2    29.1    43.5   105.8    90.4   114.2   142.9   162.6   162.8   162.7   125.1   149.1   155.3    91.1    92.7   101.8   110.0   115.9    93.1 -9999.0 -9999.0 -9999.0 -9999.0 -9999.0 -9999.0 -9999.0 -9999.0 -9999.0 -9999.0 -9999.0 -9999.0 -9999.0 -9999.0 -9999.0 -9999.0 -9999.0 -9999.0 -9999.0 -9999.0 -9999.0 -9999.0 -9999.0 -9999.0 -9999.0 -9999.0 -9999.0 -9999.0
 -9999.0 -9999.0 -9999.0 -9999.0 -9999.0 -9999.0 -9999.0 -9999.0 -9999.0 -9999.0 -9999.0 -9999.0 -9999.0 -9999.0 -9999.0 -9999.0 -9999.0 -9999.0 -9999.0 -9999.0 -9999.0 -9999.0 -9999.0    45.1    22.7    31.6    35.3    30.3    15.8    29.8    26.5    28.4    21.1    35.5    35.4    40.1    44.3    44.7    49.0    52.4    54.8    63.9    66.9    77.8    97.2   119.0   100.7    94.7    87.7    82.1    83.1   118.6    91.1   104.8    96.0    80.4   108.2   123.7   111.9   124.1   115.4    94.2    62.3    36.0    37.0    49.9    52.9    53.4    99.3   119.8   190.4   203.8   182.6   152.7    97.4    71.3    74.8    58.0    36.3    29.5    21.2    19.8    29.0    58.5    97.2   219.5   123.9   165.9   153.0   135.3   124.5   123.3    77.0   100.9    90.2   106.3   133.2   152.6   116.5 -9999.0 -9999.0 -9999.0 -9999.0 -9999.0 -9999.0 -9999.0 -9999.0 -9999.0 -9999.0 -9999.0 -9999.0 -9999.0 -9999.0 -9999.0 -9999.0 -9999.0 -9999.0 -9999.0 -9999.0 -9999.0 -9999.0 -9999.0 -9999.0 -9999.0 -9999.0 -9999.0 -9999.0 -9999.0
 -9999.0 -9999.0 -9999.0 -9999.0 -9999.0 -9999.0 -9999.0 -9999.0 -9999.0 -9999.0 -9999.0 -9999.0 -9999.0 -9999.0 -9999.0 -9999.0 -9999.0 -9999.0 -9999.0 -9999.0 -9999.0 -9999.0 -9999.0 -9999.0 -9999.0   123.5    76.2     9.1    12.8     8.7    19.4    40.6    48.0    38.9    43.8    39.4    45.0    43.9    51.1    48.7    61.3    61.4    76.1    85.5   107.4   119.5   109.3   125.9   103.5    88.2   127.8   114.3   133.3   128.6    89.9    91.9   116.2   116.8   134.6   133.3   128.2   106.1    97.8    37.7    39.4    53.6    65.2   108.5   157.2   187.7   192.4   179.2   123.3   114.1    89.6    58.8    46.3    53.3    84.8    42.3    29.7    28.8    33.5    60.3   112.8   107.7   132.8   143.2   138.7   115.3    88.9    72.5    85.7   174.7   123.7   183.7   171.0   171.5 -9999.0 -9999.0 -9999.0 -9999.0 -9999.0 -9999.0 -9999.0 -9999.0 -9999.0 -9999.0 -9999.0 -9999.0 -9999.0 -9999.0 -9999.0 -9999.0 -9999.0 -9999.0 -9999.0 -9999.0 -9999.0 -9999.0 -9999.0 -9999.0 -9999.0 -9999.0 -9999.0 -9999.0 -9999.0 -9999.0
 -9999.0 -9999.0 -9999.0 -9999.0 -9999.0 -9999.0 -9999.0 -9999.0 -9999.0 -9999.0 -9999.0 -9999.0 -9999.0 -9999.0 -9999.0 -9999.0 -9999.0 -9999.0 -9999.0 -9999.0 -9999.0 -9999.0 -9999.0 -9999.0 -9999.0 -9999.0 -9999.0   175.1   181.9    92.6    80.2    77.1    29.9    77.9    45.2    84.6    43.1    42.1    44.0    46.8    58.1    60.1    79.6   101.5   109.4   118.1   125.6   129.1   130.9   104.1   122.5   123.9   112.8   103.2   102.2   119.2   105.0   113.3   138.7   133.7   121.5   111.4    56.7    37.5    33.1    47.1    78.9   103.2   142.2   166.1   155.1   149.2    84.1    75.9    56.3    44.8    57.8    62.8    44.6    42.3    49.4    38.8    47.2    85.3   100.1   121.3   150.1   211.5   137.9   112.1   142.8   233.2   132.5   125.0   227.9   241.9   211.9 -9999.0 -9999.0 -9999.0 -9999.0 -9999.0 -9999.0 -9999.0 -9999.0 -9999.0 -9999.0 -9999.0 -9999.0 -9999.0 -9999.0 -9999.0 -9999.0 -9999.0 -9999.0 -9999.0 -9999.0 -9999.0 -9999.0 -9999.0 -9999.0 -9999.0 -9999.0 -9999.0 -9999.0 -9999.0 -9999.0 -9999.0
 -9999.0 -9999.0 -9999.0 -9999.0 -9999.0 -9999.0 -9999.0 -9999.0 -9999.0 -9999.0 -9999.0 -9999.0 -9999.0 -9999.0 -9999.0 -9999.0 -9999.0 -9999.0 -9999.0 -9999.0 -9999.0 -9999.0 -9999.0 -9999.0 -9999.0 -9999.0 -9999.0 -9999.0 -9999.0 -9999.0 -9999.0 -9999.0 -9999.0   118.8    60.1 -9999.0 -9999.0 -9999.0    64.6    51.0    60.8    73.7    78.1   102.3   112.1   116.9 -9999.0 -9999.0 -9999.0 -9999.0 -9999.0 -9999.0   113.2   135.9    99.2   100.3   110.6   103.9   118.3   120.6   124.7   109.4    65.1    40.5    36.0    53.7    97.4   151.6   164.0   133.3   108.6   115.6    95.1    57.2    48.9    36.5    49.0    41.1    45.3    45.8    44.3    45.5    64.7    93.0   134.5   148.6   171.5   183.4   202.3   118.9   155.8   167.6   144.9   152.8   239.7   230.9   184.0 -9999.0 -9999.0 -9999.0 -9999.0 -9999.0 -9999.0 -9999.0 -9999.0 -9999.0 -9999.0 -9999.0 -9999.0 -9999.0 -9999.0 -9999.0 -9999.0 -9999.0 -9999.0 -9999.0 -9999.0 -9999.0 -9999.0 -9999.0 -9999.0 -9999.0 -9999.0 -9999.0 -9999.0 -9999.0 -9999.0 -9999.0
 -9999.0 -9999.0 -9999.0 -9999.0 -9999.0 -9999.0 -9999.0 -9999.0 -9999.0 -9999.0 -9999.0 -9999.0 -9999.0 -9999.0 -9999.0 -9999.0 -9999.0 -9999.0 -9999.0 -9999.0 -9999.0 -9999.0 -9999.0 -9999.0 -9999.0 -9999.0 -9999.0 -9999.0 -9999.0 -9999.0 -9999.0 -9999.0 -9999.0 -9999.0 -9999.0 -9999.0 -9999.0 -9999.0 -9999.0    94.6    92.6    94.3    97.8   101.9 -9999.0 -9999.0 -9999.0 -9999.0 -9999.0 -9999.0 -9999.0 -9999.0   121.6   156.8   129.1   116.2   112.5   102.3    96.9   104.2   111.3   103.3    75.9    48.0    43.7    64.5   112.0   147.1   140.5   144.8   130.6   111.6    81.1    70.6    43.2    32.7    29.4    29.8    49.7    33.1    39.0    43.0    61.2   110.8   137.0   166.7   206.7   210.7   142.3   130.2   124.6   138.5   157.9   238.3   287.8   198.9 -9999.0 -9999.0 -9999.0 -9999.0 -9999.0 -9999.0 -9999.0 -9999.0 -9999.0 -9999.0 -9999.0 -9999.0 -9999.0 -9999.0 -9999.0 -9999.0 -9999.0 -9999.0 -9999.0 -9999.0 -9999.0 -9999.0 -9999.0 -9999.0 -9999.0 -9999.0 -9999.0 -9999.0 -9999.0 -9999.0 -9999.0 -9999.0
 -9999.0 -9999.0 -9999.0 -9999.0 -9999.0 -9999.0 -9999.0 -9999.0 -9999.0 -9999.0 -9999.0 -9999.0 -9999.0 -9999.0 -9999.0 -9999.0 -9999.0 -9999.0 -9999.0 -9999.0 -9999.0 -9999.0 -9999.0 -9999.0 -9999.0 -9999.0 -9999.0 -9999.0 -9999.0 -9999.0 -9999.0 -9999.0 -9999.0 -9999.0 -9999.0 -9999.0 -9999.0 -9999.0 -9999.0 -9999.0 -9999.0 -9999.0 -9999.0 -9999.0 -9999.0 -9999.0 -9999.0 -9999.0 -9999.0 -9999.0 -9999.0 -9999.0   111.5   173.6   144.6   157.5   128.7   107.0    93.1    98.6    96.6    95.5   110.7    63.1    62.1    79.4   100.7   118.0   118.7   117.5   119.8   121.2   136.1    87.0    62.0    40.7    35.5    30.1    30.8    35.7    47.7    56.1    64.7   105.5   142.0   189.8   210.0   181.9   140.6   119.8   122.5   188.6   183.0   282.9   263.9 -9999.0 -9999.0 -9999.0 -9999.0 -9999.0 -9999.0 -9999.0 -9999.0 -9999.0 -9999.0 -9999.0 -9999.0 -9999.0 -9999.0 -9999.0 -9999.0 -9999.0 -9999.0 -9999.0 -9999.0 -9999.0 -9999.0 -9999.0 -9999.0 -9999.0 -9999.0 -9999.0 -9999.0 -9999.0 -9999.0 -9999.0 -9999.0 -9999.0
 -9999.0 -9999.0 -9999.0 -9999.0 -9999.0 -9999.0 -9999.0 -9999.0 -9999.0 -9999.0 -9999.0 -9999.0 -9999.0 -9999.0 -9999.0 -9999.0 -9999.0 -9999.0 -9999.0 -9999.0 -9999.0 -9999.0 -9999.0 -9999.0 -9999.0 -9999.0 -9999.0 -9999.0 -9999.0 -9999.0 -9999.0 -9999.0 -9999.0 -9999.0 -9999.0 -9999.0 -9999.0 -9999.0 -9999.0 -9999.0 -9999.0 -9999.0 -9999.0 -9999.0 -9999.0 -9999.0 -9999.0 -9999.0 -9999.0 -9999.0 -9999.0   123.3   123.1   169.8   109.2   137.0   125.8   120.7    92.3    63.0   108.8   103.1    87.6    83.9    86.8    95.3    84.0    51.0    89.0    91.4   111.3   127.8   110.7    87.8    82.2    68.3    68.4    46.0    63.6    68.9    57.6    65.3   152.0   105.5   138.9   185.3   226.6   179.2   166.1   131.9   202.0   194.9   248.8   247.7   238.5 -9999.0 -9999.0 -9999.0 -9999.0 -9999.0 -9999.0 -9999.0 -9999.0 -9999.0 -9999.0 -9999.0 -9999.0 -9999.0 -9999.0 -9999.0 -9999.0 -9999.0 -9999.0 -9999.0 -9999.0 -9999.0 -9999.0 -9999.0 -9999.0 -9999.0 -9999.0 -9999.0 -9999.0 -9999.0 -9999.0 -9999.0 -9999.0 -9999.0
 -9999.0 -9999.0 -9999.0 -9999.0 -9999.0 -9999.0 -9999.0 -9999.0 -9999.0 -9999.0 -9999.0 -9999.0 -9999.0 -9999.0 -9999.0 -9999.0 -9999.0 -9999.0 -9999.0 -9999.0 -9999.0 -9999.0 -9999.0 -9999.0 -9999.0 -9999.0 -9999.0 -9999.0 -9999.0 -9999.0 -9999.0 -9999.0 -9999.0 -9999.0 -9999.0 -9999.0 -9999.0 -9999.0 -9999.0 -9999.0 -9999.0 -9999.0 -9999.0 -9999.0 -9999.0 -9999.0 -9999.0 -9999.0 -9999.0 -9999.0   126.4   140.8   145.0   157.6   115.9   132.2   105.2    87.1    86.6    99.1    92.1   108.6    99.1   105.8   115.6   109.2    99.9    62.0    85.8    83.2   114.8   112.0   107.5   120.5   121.3   118.4    75.7   108.0    71.5    89.5   102.7    86.4    99.2   105.1   159.6   195.2   229.8   193.0   183.9   187.2   212.6   261.7   272.7   258.8   209.4 -9999.0 -9999.0 -9999.0 -9999.0 -9999.0 -9999.0 -9999.0 -9999.0 -9999.0 -9999.0 -9999.0 -9999.0 -9999.0 -9999.0 -9999.0 -9999.0 -9999.0 -9999.0 -9999.0 -9999.0 -9999.0 -9999.0 -9999.0 -9999.0 -9999.0 -9999.0 -9999.0 -9999.0 -9999.0 -9999.0 -9999.0 -9999.0 -9999.0
 -9999.0 -9999.0 -9999.0 -9999.0 -9999.0 -9999.0 -9999.0 -9999.0 -9999.0 -9999.0 -9999.0 -9999.0 -9999.0 -9999.0 -9999.0 -9999.0 -9999.0 -9999.0 -9999.0 -9999.0 -9999.0 -9999.0 -9999.0 -9999.0 -9999.0 -9999.0 -9999.0 -9999.0 -9999.0 -9999.0 -9999.0 -9999.0 -9999.0 -9999.0 -9999.0 -9999.0 -9999.0 -9999.0 -9999.0 -9999.0 -9999.0 -9999.0 -9999.0 -9999.0 -9999.0 -9999.0 -9999.0 -9999.0 -9999.0 -9999.0   129.4   174.9   151.5   150.6   148.6   120.9    81.9   121.4   113.6    97.3    91.6    98.8    98.8   115.3   131.1   100.8    91.3    60.5    74.1    85.6   114.5   118.1   110.8   107.0    99.2    86.3   106.4    68.0    73.3   121.7   105.1   145.0   125.9   126.9   183.7   216.8   235.9   224.8   206.9   204.0   243.2   260.5   274.3   235.2 -9999.0 -9999.0 -9999.0 -9999.0 -9999.0 -9999.0 -9999.0 -9999.0 -9999.0 -9999.0 -9999.0 -9999.0 -9999.0 -9999.0 -9999.0 -9999.0 -9999.0 -9999.0 -9999.0 -9999.0 -9999.0 -9999.0 -9999.0 -9999.0 -9999.0 -9999.0 -9999.0 -9999.0 -9999.0 -9999.0 -9999.0 -9999.0 -9999.0 -9999.0
 -9999.0 -9999.0 -9999.0 -9999.0 -9999.0 -9999.0 -9999.0 -9999.0 -9999.0 -9999.0 -9999.0 -9999.0 -9999.0 -9999.0 -9999.0 -9999.0 -9999.0 -9999.0 -9999.0 -9999.0 -9999.0 -9999.0 -9999.0 -9999.0 -9999.0 -9999.0 -9999.0 -9999.0 -9999.0 -9999.0 -9999.0 -9999.0 -9999.0 -9999.0 -9999.0 -9999.0 -9999.0 -9999.0 -9999.0 -9999.0 -9999.0 -9999.0 -9999.0 -9999.0 -9999.0 -9999.0 -9999.0 -9999.0 -9999.0 -9999.0   126.9   162.1   169.7   210.1   140.8   117.1   170.1   134.0   142.2   109.5   111.3   109.1   102.4   103.9   122.7   121.1    99.1    79.8    78.1   123.0   121.0   170.1   100.6   127.6    85.2    81.8   123.1    54.6    74.4    73.9   161.1   132.7   135.2   160.8   214.1   218.0   217.8   208.2   205.5   196.1   229.0   224.1 -9999.0 -9999.0 -9999.0 -9999.0 -9999.0 -9999.0 -9999.0 -9999.0 -9999.0 -9999.0 -9999.0 -9999.0 -9999.0 -9999.0 -9999.0 -9999.0 -9999.0 -9999.0 -9999.0 -9999.0 -9999.0 -9999.0 -9999.0 -9999.0 -9999.0 -9999.0 -9999.0 -9999.0 -9999.0 -9999.0 -9999.0 -9999.0 -9999.0 -9999.0 -9999.0 -9999.0
 -9999.0 -9999.0 -9999.0 -9999.0 -9999.0 -9999.0 -9999.0 -9999.0 -9999.0 -9999.0 -9999.0 -9999.0 -9999.0 -9999.0 -9999.0 -9999.0 -9999.0 -9999.0 -9999.0 -9999.0 -9999.0 -9999.0 -9999.0 -9999.0 -9999.0 -9999.0 -9999.0 -9999.0 -9999.0 -9999.0 -9999.0 -9999.0 -9999.0 -9999.0 -9999.0 -9999.0 -9999.0 -9999.0 -9999.0 -9999.0 -9999.0 -9999.0 -9999.0 -9999.0 -9999.0 -9999.0 -9999.0 -9999.0 -9999.0 -9999.0   158.5   207.7   202.5   209.2   185.2   195.2   118.2   159.5   163.1   128.3   137.1   114.3    89.3   102.0   119.7   130.8   144.2   135.0   152.7    87.4   135.6   139.0   142.6   152.1    95.8    90.7    97.4    49.6    90.9    74.9   111.6   166.5   158.9   196.3   194.0   203.5   217.1   184.8   194.4   185.9   155.5 -9999.0 -9999.0 -9999.0 -9999.0 -9999.0 -9999.0 -9999.0 -9999.0 -9999.0 -9999.0 -9999.0 -9999.0 -9999.0 -9999.0 -9999.0 -9999.0 -9999.0 -9999.0 -9999.0 -9999.0 -9999.0 -9999.0 -9999.0 -9999.0 -9999.0 -9999.0 -9999.0 -9999.0 -9999.0 -9999.0 -9999.0 -9999.0 -9999.0 -9999.0 -9999.0 -9999.0 -9999.0
 -9999.0 -9999.0 -9999.0 -9999.0 -9999.0 -9999.0 -9999.0 -9999.0 -9999.0 -9999.0 -9999.0 -9999.0 -9999.0 -9999.0 -9999.0 -9999.0 -9999.0 -9999.0 -9999.0 -9999.0 -9999.0 -9999.0 -9999.0 -9999.0 -9999.0 -9999.0 -9999.0 -9999.0 -9999.0 -9999.0 -9999.0 -9999.0 -9999.0 -9999.0 -9999.0 -9999.0 -9999.0 -9999.0 -9999.0 -9999.0 -9999.0 -9999.0 -9999.0 -9999.0 -9999.0 -9999.0 -9999.0 -9999.0 -9999.0 -9999.0 -9999.0 -9999.0 -9999.0   195.1   168.6   151.7   165.6   191.5   152.5   153.5   235.6   125.9   154.6   133.7   133.2   139.6   169.6   142.0   168.5   173.4   175.3   183.0   190.6   183.4   140.3    80.0    61.0    45.3    56.4    80.7   122.6   139.9   165.0   183.0   189.7   189.5   178.7   194.9   149.1   131.0 -9999.0 -9999.0 -9999.0 -9999.0 -9999.0 -9999.0 -9999.0 -9999.0 -9999.0 -9999.0 -9999.0 -9999.0 -9999.0 -9999.0 -9999.0 -9999.0 -9999.0 -9999.0 -9999.0 -9999.0 -9999.0 -9999.0 -9999.0 -9999.0 -9999.0 -9999.0 -9999.0 -9999.0 -9999.0 -9999.0 -9999.0 -9999.0 -9999.0 -9999.0 -9999.0 -9999.0 -9999.0 -9999.0
 -9999.0 -9999.0 -9999.0 -9999.0 -9999.0 -9999.0 -9999.0 -9999.0 -9999.0 -9999.0 -9999.0 -9999.0 -9999.0 -9999.0 -9999.0 -9999.0 -9999.0 -9999.0 -9999.0 -9999.0 -9999.0 -9999.0 -9999.0 -9999.0 -9999.0 -9999.0 -9999.0 -9999.0 -9999.0 -9999.0 -9999.0 -9999.0 -9999.0 -9999.0 -9999.0 -9999.0 -9999.0 -9999.0 -9999.0 -9999.0 -9999.0 -9999.0 -9999.0 -9999.0 -9999.0 -9999.0 -9999.0 -9999.0 -9999.0 -9999.0 -9999.0 -9999.0 -9999.0   198.9   167.3   267.3   176.5   166.9   195.4   272.4   212.1   172.5   240.8   176.5   165.6   157.9   120.8   196.5   150.9   176.8   204.7   246.6   277.1   255.7   185.1   131.0    61.7    77.5    81.2   106.3   128.6   148.9   154.7 -9999.0   169.6   159.4 -9999.0 -9999.0 -9999.0 -9999.0 -9999.0 -9999.0 -9999.0 -9999.0 -9999.0 -9999.0 -9999.0 -9999.0 -9999.0 -9999.0 -9999.0 -9999.0 -9999.0 -9999.0 -9999.0 -9999.0 -9999.0 -9999.0 -9999.0 -9999.0 -9999.0 -9999.0 -9999.0 -9999.0 -9999.0 -9999.0 -9999.0 -9999.0 -9999.0 -9999.0 -9999.0 -9999.0 -9999.0 -9999.0 -9999.0 -9999.0 -9999.0 -9999.0
 -9999.0 -9999.0 -9999.0 -9999.0 -9999.0 -9999.0 -9999.0 -9999.0 -9999.0 -9999.0 -9999.0 -9999.0 -9999.0 -9999.0 -9999.0 -9999.0 -9999.0 -9999.0 -9999.0 -9999.0 -9999.0 -9999.0 -9999.0 -9999.0 -9999.0 -9999.0 -9999.0 -9999.0 -9999.0 -9999.0 -9999.0 -9999.0 -9999.0 -9999.0 -9999.0 -9999.0 -9999.0 -9999.0 -9999.0 -9999.0 -9999.0 -9999.0 -9999.0 -9999.0 -9999.0 -9999.0 -9999.0 -9999.0 -9999.0 -9999.0 -9999.0 -9999.0 -9999.0   204.7   146.0   219.9   208.6   189.4   210.8   217.4   279.5   269.7   320.1   292.2   163.4 -9999.0 -9999.0 -9999.0   196.0   187.9   250.1   328.2   348.7   298.1   227.0   180.1    95.0    96.1   265.8   154.9   155.6   159.3   180.1 -9999.0 -9999.0 -9999.0 -9999.0 -9999.0 -9999.0 -9999.0 -9999.0 -9999.0 -9999.0 -9999.0 -9999.0 -9999.0 -9999.0 -9999.0 -9999.0 -9999.0 -9999.0 -9999.0 -9999.0 -9999.0 -9999.0 -9999.0 -9999.0 -9999.0 -9999.0 -9999.0 -9999.0 -9999.0 -9999.0 -9999.0 -9999.0 -9999.0 -9999.0 -9999.0 -9999.0 -9999.0 -9999.0 -9999.0 -9999.0 -9999.0 -9999.0 -9999.0 -9999.0 -9999.0
 -9999.0 -9999.0 -9999.0 -9999.0 -9999.0 -9999.0 -9999.0 -9999.0 -9999.0 -9999.0 -9999.0 -9999.0 -9999.0 -9999.0 -9999.0 -9999.0 -9999.0 -9999.0 -9999.0 -9999.0 -9999.0 -9999.0 -9999.0 -9999.0 -9999.0 -9999.0 -9999.0 -9999.0 -9999.0 -9999.0 -9999.0 -9999.0 -9999.0 -9999.0 -9999.0 -9999.0 -9999.0 -9999.0 -9999.0 -9999.0 -9999.0 -9999.0 -9999.0 -9999.0 -9999.0 -9999.0 -9999.0 -9999.0 -9999.0 -9999.0 -9999.0 -9999.0 -9999.0 -9999.0   206.2   208.1   164.3   152.9   219.5   283.6   179.5 -9999.0 -9999.0 -9999.0 -9999.0 -9999.0 -9999.0 -9999.0   172.3   233.2   337.1   341.3   338.1   304.3   242.7   188.5   154.7   135.9   154.7 -9999.0   197.2 -9999.0 -9999.0 -9999.0 -9999.0 -9999.0 -9999.0 -9999.0 -9999.0 -9999.0 -9999.0 -9999.0 -9999.0 -9999.0 -9999.0 -9999.0 -9999.0 -9999.0 -9999.0 -9999.0 -9999.0 -9999.0 -9999.0 -9999.0 -9999.0 -9999.0 -9999.0 -9999.0 -9999.0 -9999.0 -9999.0 -9999.0 -9999.0 -9999.0 -9999.0 -9999.0 -9999.0 -9999.0 -9999.0 -9999.0 -9999.0 -9999.0 -9999.0 -9999.0 -9999.0 -9999.0 -9999.0 -9999.0
 -9999.0 -9999.0 -9999.0 -9999.0 -9999.0 -9999.0 -9999.0 -9999.0 -9999.0 -9999.0 -9999.0 -9999.0 -9999.0 -9999.0 -9999.0 -9999.0 -9999.0 -9999.0 -9999.0 -9999.0 -9999.0 -9999.0 -9999.0 -9999.0 -9999.0 -9999.0 -9999.0 -9999.0 -9999.0 -9999.0 -9999.0 -9999.0 -9999.0 -9999.0 -9999.0 -9999.0 -9999.0 -9999.0 -9999.0 -9999.0 -9999.0 -9999.0 -9999.0 -9999.0 -9999.0 -9999.0 -9999.0 -9999.0 -9999.0 -9999.0 -9999.0 -9999.0 -9999.0 -9999.0 -9999.0   180.8   272.2   184.5   153.0   200.9   192.1 -9999.0 -9999.0 -9999.0 -9999.0 -9999.0 -9999.0 -9999.0 -9999.0 -9999.0   279.8 -9999.0 -9999.0 -9999.0 -9999.0 -9999.0   241.5 -9999.0 -9999.0 -9999.0 -9999.0 -9999.0 -9999.0 -9999.0 -9999.0 -9999.0 -9999.0 -9999.0 -9999.0 -9999.0 -9999.0 -9999.0 -9999.0 -9999.0 -9999.0 -9999.0 -9999.0 -9999.0 -9999.0 -9999.0 -9999.0 -9999.0 -9999.0 -9999.0 -9999.0 -9999.0 -9999.0 -9999.0 -9999.0 -9999.0 -9999.0 -9999.0 -9999.0 -9999.0 -9999.0 -9999.0 -9999.0 -9999.0 -9999.0 -9999.0 -9999.0 -9999.0 -9999.0 -9999.0 -9999.0 -9999.0 -9999.0 -9999.0
 -9999.0 -9999.0 -9999.0 -9999.0 -9999.0 -9999.0 -9999.0 -9999.0 -9999.0 -9999.0 -9999.0 -9999.0 -9999.0 -9999.0 -9999.0 -9999.0 -9999.0 -9999.0 -9999.0 -9999.0 -9999.0 -9999.0 -9999.0 -9999.0 -9999.0 -9999.0 -9999.0 -9999.0 -9999.0 -9999.0 -9999.0 -9999.0 -9999.0 -9999.0 -9999.0 -9999.0 -9999.0 -9999.0 -9999.0 -9999.0 -9999.0 -9999.0 -9999.0 -9999.0 -9999.0 -9999.0 -9999.0 -9999.0 -9999.0 -9999.0 -9999.0 -9999.0 -9999.0 -9999.0 -9999.0 -9999.0 -9999.0 -9999.0   167.9   135.4 -9999.0 -9999.0 -9999.0 -9999.0 -9999.0 -9999.0 -9999.0 -9999.0 -9999.0 -9999.0 -9999.0 -9999.0 -9999.0 -9999.0 -9999.0   307.9   334.7 -9999.0 -9999.0 -9999.0 -9999.0 -9999.0 -9999.0 -9999.0 -9999.0 -9999.0 -9999.0 -9999.0 -9999.0 -9999.0 -9999.0 -9999.0 -9999.0 -9999.0 -9999.0 -9999.0 -9999.0 -9999.0 -9999.0 -9999.0 -9999.0 -9999.0 -9999.0 -9999.0 -9999.0 -9999.0 -9999.0 -9999.0 -9999.0 -9999.0 -9999.0 -9999.0 -9999.0 -9999.0 -9999.0 -9999.0 -9999.0 -9999.0 -9999.0 -9999.0 -9999.0 -9999.0 -9999.0 -9999.0 -9999.0 -9999.0 -9999.0 -9999.0
 -9999.0 -9999.0 -9999.0 -9999.0 -9999.0 -9999.0 -9999.0 -9999.0 -9999.0 -9999.0 -9999.0 -9999.0 -9999.0 -9999.0 -9999.0 -9999.0 -9999.0 -9999.0 -9999.0 -9999.0 -9999.0 -9999.0 -9999.0 -9999.0 -9999.0 -9999.0 -9999.0 -9999.0 -9999.0 -9999.0 -9999.0 -9999.0 -9999.0 -9999.0 -9999.0 -9999.0 -9999.0 -9999.0 -9999.0 -9999.0 -9999.0 -9999.0 -9999.0 -9999.0 -9999.0 -9999.0 -9999.0 -9999.0 -9999.0 -9999.0 -9999.0 -9999.0 -9999.0 -9999.0 -9999.0 -9999.0 -9999.0 -9999.0 -9999.0 -9999.0 -9999.0 -9999.0 -9999.0 -9999.0 -9999.0 -9999.0 -9999.0 -9999.0 -9999.0 -9999.0 -9999.0 -9999.0 -9999.0 -9999.0 -9999.0 -9999.0 -9999.0 -9999.0 -9999.0 -9999.0 -9999.0 -9999.0 -9999.0 -9999.0 -9999.0 -9999.0 -9999.0 -9999.0 -9999.0 -9999.0 -9999.0 -9999.0 -9999.0 -9999.0 -9999.0 -9999.0 -9999.0 -9999.0 -9999.0 -9999.0 -9999.0 -9999.0 -9999.0 -9999.0 -9999.0 -9999.0 -9999.0 -9999.0 -9999.0 -9999.0 -9999.0 -9999.0 -9999.0 -9999.0 -9999.0 -9999.0 -9999.0 -9999.0 -9999.0 -9999.0 -9999.0 -9999.0 -9999.0 -9999.0 -9999.0 -9999.0 -9999.0 -9999.0
 -9999.0 -9999.0 -9999.0 -9999.0 -9999.0 -9999.0 -9999.0 -9999.0 -9999.0 -9999.0 -9999.0 -9999.0 -9999.0 -9999.0 -9999.0 -9999.0 -9999.0 -9999.0 -9999.0 -9999.0 -9999.0 -9999.0 -9999.0 -9999.0 -9999.0 -9999.0 -9999.0 -9999.0 -9999.0 -9999.0 -9999.0 -9999.0 -9999.0 -9999.0 -9999.0 -9999.0 -9999.0 -9999.0 -9999.0 -9999.0 -9999.0 -9999.0 -9999.0 -9999.0 -9999.0 -9999.0 -9999.0 -9999.0 -9999.0 -9999.0 -9999.0 -9999.0 -9999.0 -9999.0 -9999.0 -9999.0 -9999.0 -9999.0 -9999.0 -9999.0 -9999.0 -9999.0 -9999.0 -9999.0 -9999.0 -9999.0 -9999.0 -9999.0 -9999.0 -9999.0 -9999.0 -9999.0 -9999.0 -9999.0 -9999.0   368.7   409.0   423.5 -9999.0 -9999.0 -9999.0 -9999.0 -9999.0 -9999.0 -9999.0 -9999.0 -9999.0 -9999.0 -9999.0 -9999.0 -9999.0 -9999.0 -9999.0 -9999.0 -9999.0 -9999.0 -9999.0 -9999.0 -9999.0 -9999.0 -9999.0 -9999.0 -9999.0 -9999.0 -9999.0 -9999.0 -9999.0 -9999.0 -9999.0 -9999.0 -9999.0 -9999.0 -9999.0 -9999.0 -9999.0 -9999.0 -9999.0 -9999.0 -9999.0 -9999.0 -9999.0 -9999.0 -9999.0 -9999.0 -9999.0 -9999.0 -9999.0 -9999.0
 -9999.0 -9999.0 -9999.0 -9999.0 -9999.0 -9999.0 -9999.0 -9999.0 -9999.0 -9999.0 -9999.0 -9999.0 -9999.0 -9999.0 -9999.0 -9999.0 -9999.0 -9999.0 -9999.0 -9999.0 -9999.0 -9999.0 -9999.0 -9999.0 -9999.0 -9999.0 -9999.0 -9999.0 -9999.0 -9999.0 -9999.0 -9999.0 -9999.0 -9999.0 -9999.0 -9999.0 -9999.0 -9999.0 -9999.0 -9999.0 -9999.0 -9999.0 -9999.0 -9999.0 -9999.0 -9999.0 -9999.0 -9999.0 -9999.0 -9999.0 -9999.0 -9999.0 -9999.0 -9999.0 -9999.0 -9999.0 -9999.0 -9999.0 -9999.0 -9999.0 -9999.0 -9999.0 -9999.0 -9999.0 -9999.0 -9999.0 -9999.0 -9999.0 -9999.0 -9999.0 -9999.0 -9999.0 -9999.0   192.5   325.3   359.1   427.3 -9999.0 -9999.0 -9999.0 -9999.0 -9999.0 -9999.0 -9999.0 -9999.0 -9999.0 -9999.0 -9999.0 -9999.0 -9999.0 -9999.0 -9999.0 -9999.0 -9999.0 -9999.0 -9999.0 -9999.0 -9999.0 -9999.0 -9999.0 -9999.0 -9999.0 -9999.0 -9999.0 -9999.0 -9999.0 -9999.0 -9999.0 -9999.0 -9999.0 -9999.0 -9999.0 -9999.0 -9999.0 -9999.0 -9999.0 -9999.0 -9999.0 -9999.0 -9999.0 -9999.0 -9999.0 -9999.0 -9999.0 -9999.0 -9999.0 -9999.0 -9999.0
 -9999.0 -9999.0 -9999.0 -9999.0 -9999.0 -9999.0 -9999.0 -9999.0 -9999.0 -9999.0 -9999.0 -9999.0 -9999.0 -9999.0 -9999.0 -9999.0 -9999.0 -9999.0 -9999.0 -9999.0 -9999.0 -9999.0 -9999.0 -9999.0 -9999.0 -9999.0 -9999.0 -9999.0 -9999.0 -9999.0 -9999.0 -9999.0 -9999.0 -9999.0 -9999.0 -9999.0 -9999.0 -9999.0 -9999.0 -9999.0 -9999.0 -9999.0 -9999.0 -9999.0 -9999.0 -9999.0 -9999.0 -9999.0 -9999.0 -9999.0 -9999.0 -9999.0 -9999.0 -9999.0 -9999.0 -9999.0 -9999.0 -9999.0 -9999.0 -9999.0 -9999.0 -9999.0 -9999.0 -9999.0 -9999.0 -9999.0 -9999.0 -9999.0 -9999.0 -9999.0 -9999.0 -9999.0 -9999.0 -9999.0   227.6   349.9   327.1 -9999.0 -9999.0 -9999.0 -9999.0 -9999.0 -9999.0 -9999.0 -9999.0 -9999.0 -9999.0 -9999.0 -9999.0 -9999.0 -9999.0 -9999.0 -9999.0 -9999.0 -9999.0 -9999.0 -9999.0 -9999.0 -9999.0 -9999.0 -9999.0 -9999.0 -9999.0 -9999.0 -9999.0 -9999.0 -9999.0 -9999.0 -9999.0 -9999.0 -9999.0 -9999.0 -9999.0 -9999.0 -9999.0 -9999.0 -9999.0 -9999.0 -9999.0 -9999.0 -9999.0 -9999.0 -9999.0 -9999.0 -9999.0 -9999.0 -9999.0 -9999.0
 -9999.0 -9999.0 -9999.0 -9999.0 -9999.0 -9999.0 -9999.0 -9999.0 -9999.0 -9999.0 -9999.0 -9999.0 -9999.0 -9999.0 -9999.0 -9999.0 -9999.0 -9999.0 -9999.0 -9999.0 -9999.0 -9999.0 -9999.0 -9999.0 -9999.0 -9999.0 -9999.0 -9999.0 -9999.0 -9999.0 -9999.0 -9999.0 -9999.0 -9999.0 -9999.0 -9999.0 -9999.0 -9999.0 -9999.0 -9999.0 -9999.0 -9999.0 -9999.0 -9999.0 -9999.0 -9999.0 -9999.0 -9999.0 -9999.0 -9999.0 -9999.0 -9999.0 -9999.0 -9999.0 -9999.0 -9999.0 -9999.0 -9999.0 -9999.0 -9999.0 -9999.0 -9999.0 -9999.0 -9999.0 -9999.0 -9999.0 -9999.0 -9999.0 -9999.0 -9999.0 -9999.0 -9999.0 -9999.0 -9999.0 -9999.0 -9999.0 -9999.0 -9999.0 -9999.0 -9999.0 -9999.0 -9999.0 -9999.0 -9999.0 -9999.0 -9999.0 -9999.0 -9999.0 -9999.0 -9999.0 -9999.0 -9999.0 -9999.0 -9999.0 -9999.0 -9999.0 -9999.0 -9999.0 -9999.0 -9999.0 -9999.0 -9999.0 -9999.0 -9999.0 -9999.0 -9999.0 -9999.0 -9999.0 -9999.0 -9999.0 -9999.0 -9999.0 -9999.0 -9999.0 -9999.0 -9999.0 -9999.0 -9999.0 -9999.0 -9999.0 -9999.0 -9999.0 -9999.0 -9999.0 -9999.0 -9999.0 -9999.0 -9999.0
