NCOLS      128
NROWS       72
XLLCORNER    72.000000000000    
YLLCORNER    18.000000000000    
CELLSIZE    0.50000000000000    
NODATA_VALUE   -9999.000    
 -9999.0 -9999.0 -9999.0 -9999.0 -9999.0 -9999.0 -9999.0 -9999.0 -9999.0 -9999.0 -9999.0 -9999.0 -9999.0 -9999.0 -9999.0 -9999.0 -9999.0 -9999.0 -9999.0 -9999.0 -9999.0 -9999.0 -9999.0 -9999.0 -9999.0 -9999.0 -9999.0 -9999.0 -9999.0 -9999.0 -9999.0 -9999.0 -9999.0 -9999.0 -9999.0 -9999.0 -9999.0 -9999.0 -9999.0 -9999.0 -9999.0 -9999.0 -9999.0 -9999.0 -9999.0 -9999.0 -9999.0 -9999.0 -9999.0 -9999.0 -9999.0 -9999.0 -9999.0 -9999.0 -9999.0 -9999.0 -9999.0 -9999.0 -9999.0 -9999.0 -9999.0 -9999.0 -9999.0 -9999.0 -9999.0 -9999.0 -9999.0 -9999.0 -9999.0 -9999.0 -9999.0 -9999.0 -9999.0 -9999.0 -9999.0 -9999.0 -9999.0 -9999.0 -9999.0 -9999.0 -9999.0 -9999.0 -9999.0 -9999.0 -9999.0 -9999.0 -9999.0 -9999.0 -9999.0 -9999.0 -9999.0 -9999.0 -9999.0 -9999.0 -9999.0 -9999.0 -9999.0    15.3    12.0     9.1     7.2     5.5     4.5     3.8     3.3 -9999.0 -9999.0 -9999.0 -9999.0 -9999.0 -9999.0 -9999.0 -9999.0 -9999.0 -9999.0 -9999.0 -9999.0 -9999.0 -9999.0 -9999.0 -9999.0 -9999.0 -9999.0 -9999.0 -9999.0 -9999.0 -9999.0 -9999.0
 -9999.0 -9999.0 -9999.0 -9999.0 -9999.0 -9999.0 -9999.0 -9999.0 -9999.0 -9999.0 -9999.0 -9999.0 -9999.0 -9999.0 -9999.0 -9999.0 -9999.0 -9999.0 -9999.0 -9999.0 -9999.0 -9999.0 -9999.0 -9999.0 -9999.0 -9999.0 -9999.0 -9999.0 -9999.0 -9999.0 -9999.0 -9999.0 -9999.0 -9999.0 -9999.0 -9999.0 -9999.0 -9999.0 -9999.0 -9999.0 -9999.0 -9999.0 -9999.0 -9999.0 -9999.0 -9999.0 -9999.0 -9999.0 -9999.0 -9999.0 -9999.0 -9999.0 -9999.0 -9999.0 -9999.0 -9999.0 -9999.0 -9999.0 -9999.0 -9999.0 -9999.0 -9999.0 -9999.0 -9999.0 -9999.0 -9999.0 -9999.0 -9999.0 -9999.0 -9999.0 -9999.0 -9999.0 -9999.0 -9999.0 -9999.0 -9999.0 -9999.0 -9999.0 -9999.0 -9999.0 -9999.0 -9999.0 -9999.0 -9999.0 -9999.0 -9999.0 -9999.0 -9999.0 -9999.0 -9999.0 -9999.0 -9999.0 -9999.0 -9999.0 -9999.0 -9999.0    18.1    15.3    13.7    10.2     8.3     6.3     4.9     4.1     3.6     3.7     3.8     4.1     4.7 -9999.0 -9999.0 -9999.0 -9999.0 -9999.0 -9999.0 -9999.0 -9999.0 -9999.0 -9999.0 -9999.0 -9999.0 -9999.0 -9999.0 -9999.0 -9999.0 -9999.0 -9999.0 -9999.0
 -9999.0 -9999.0 -9999.0 -9999.0 -9999.0 -9999.0 -9999.0 -9999.0 -9999.0 -9999.0 -9999.0 -9999.0 -9999.0 -9999.0 -9999.0 -9999.0 -9999.0 -9999.0 -9999.0 -9999.0 -9999.0 -9999.0 -9999.0 -9999.0 -9999.0 -9999.0 -9999.0 -9999.0 -9999.0 -9999.0 -9999.0 -9999.0 -9999.0 -9999.0 -9999.0 -9999.0 -9999.0 -9999.0 -9999.0 -9999.0 -9999.0 -9999.0 -9999.0 -9999.0 -9999.0 -9999.0 -9999.0 -9999.0 -9999.0 -9999.0 -9999.0 -9999.0 -9999.0 -9999.0 -9999.0 -9999.0 -9999.0 -9999.0 -9999.0 -9999.0 -9999.0 -9999.0 -9999.0 -9999.0 -9999.0 -9999.0 -9999.0 -9999.0 -9999.0 -9999.0 -9999.0 -9999.0 -9999.0 -9999.0 -9999.0 -9999.0 -9999.0 -9999.0 -9999.0 -9999.0 -9999.0 -9999.0 -9999.0 -9999.0 -9999.0 -9999.0 -9999.0 -9999.0 -9999.0 -9999.0 -9999.0 -9999.0 -9999.0 -9999.0 -9999.0    22.6    19.3    16.8    15.1    11.3     9.2     7.3     5.7     4.6     4.0     3.7     4.0     4.2     4.9 -9999.0 -9999.0 -9999.0 -9999.0 -9999.0 -9999.0 -9999.0 -9999.0 -9999.0 -9999.0 -9999.0 -9999.0 -9999.0 -9999.0 -9999.0 -9999.0 -9999.0 -9999.0 -9999.0
 -9999.0 -9999.0 -9999.0 -9999.0 -9999.0 -9999.0 -9999.0 -9999.0 -9999.0 -9999.0 -9999.0 -9999.0 -9999.0 -9999.0 -9999.0 -9999.0 -9999.0 -9999.0 -9999.0 -9999.0 -9999.0 -9999.0 -9999.0 -9999.0 -9999.0 -9999.0 -9999.0 -9999.0 -9999.0 -9999.0 -9999.0 -9999.0 -9999.0 -9999.0 -9999.0 -9999.0 -9999.0 -9999.0 -9999.0 -9999.0 -9999.0 -9999.0 -9999.0 -9999.0 -9999.0 -9999.0 -9999.0 -9999.0 -9999.0 -9999.0 -9999.0 -9999.0 -9999.0 -9999.0 -9999.0 -9999.0 -9999.0 -9999.0 -9999.0 -9999.0 -9999.0 -9999.0 -9999.0 -9999.0 -9999.0 -9999.0 -9999.0 -9999.0 -9999.0 -9999.0 -9999.0 -9999.0 -9999.0 -9999.0 -9999.0 -9999.0 -9999.0 -9999.0 -9999.0 -9999.0 -9999.0 -9999.0 -9999.0 -9999.0 -9999.0 -9999.0 -9999.0 -9999.0 -9999.0 -9999.0 -9999.0 -9999.0 -9999.0 -9999.0 -9999.0    20.0    21.0    15.0    14.8    13.5    11.8     9.8     7.0     5.5     4.5     4.2     4.4     4.6     5.3     6.4 -9999.0 -9999.0 -9999.0 -9999.0 -9999.0 -9999.0 -9999.0 -9999.0 -9999.0 -9999.0 -9999.0 -9999.0 -9999.0 -9999.0 -9999.0 -9999.0 -9999.0 -9999.0
 -9999.0 -9999.0 -9999.0 -9999.0 -9999.0 -9999.0 -9999.0 -9999.0 -9999.0 -9999.0 -9999.0 -9999.0 -9999.0 -9999.0 -9999.0 -9999.0 -9999.0 -9999.0 -9999.0 -9999.0 -9999.0 -9999.0 -9999.0 -9999.0 -9999.0 -9999.0 -9999.0 -9999.0 -9999.0 -9999.0 -9999.0 -9999.0 -9999.0 -9999.0 -9999.0 -9999.0 -9999.0 -9999.0 -9999.0 -9999.0 -9999.0 -9999.0 -9999.0 -9999.0 -9999.0 -9999.0 -9999.0 -9999.0 -9999.0 -9999.0 -9999.0 -9999.0 -9999.0 -9999.0 -9999.0 -9999.0 -9999.0 -9999.0 -9999.0 -9999.0 -9999.0 -9999.0 -9999.0 -9999.0 -9999.0 -9999.0 -9999.0 -9999.0 -9999.0 -9999.0 -9999.0 -9999.0 -9999.0 -9999.0 -9999.0 -9999.0 -9999.0 -9999.0 -9999.0 -9999.0 -9999.0 -9999.0 -9999.0 -9999.0 -9999.0 -9999.0 -9999.0 -9999.0 -9999.0 -9999.0 -9999.0 -9999.0 -9999.0 -9999.0 -9999.0    18.9    16.0    19.5    18.0    15.0    12.5    12.0     9.4     7.2     5.6     5.1     5.0     5.2     5.6     6.8     8.2 -9999.0 -9999.0 -9999.0 -9999.0 -9999.0 -9999.0 -9999.0 -9999.0 -9999.0 -9999.0 -9999.0 -9999.0 -9999.0 -9999.0 -9999.0 -9999.0 -9999.0
 -9999.0 -9999.0 -9999.0 -9999.0 -9999.0 -9999.0 -9999.0 -9999.0 -9999.0 -9999.0 -9999.0 -9999.0 -9999.0 -9999.0 -9999.0 -9999.0 -9999.0 -9999.0 -9999.0 -9999.0 -9999.0 -9999.0 -9999.0 -9999.0 -9999.0 -9999.0 -9999.0 -9999.0 -9999.0 -9999.0 -9999.0 -9999.0 -9999.0 -9999.0 -9999.0 -9999.0 -9999.0 -9999.0 -9999.0 -9999.0 -9999.0 -9999.0 -9999.0 -9999.0 -9999.0 -9999.0 -9999.0 -9999.0 -9999.0 -9999.0 -9999.0 -9999.0 -9999.0 -9999.0 -9999.0 -9999.0 -9999.0 -9999.0 -9999.0 -9999.0 -9999.0 -9999.0 -9999.0 -9999.0 -9999.0 -9999.0 -9999.0 -9999.0 -9999.0 -9999.0 -9999.0 -9999.0 -9999.0 -9999.0 -9999.0 -9999.0 -9999.0 -9999.0 -9999.0 -9999.0 -9999.0 -9999.0 -9999.0 -9999.0 -9999.0 -9999.0 -9999.0 -9999.0 -9999.0 -9999.0 -9999.0 -9999.0 -9999.0 -9999.0    14.3    14.3    16.8    16.8    16.6    16.5    15.7    11.8    11.2     9.5     7.8     6.8     6.2     6.0     6.2     7.2     8.5 -9999.0 -9999.0 -9999.0 -9999.0 -9999.0 -9999.0 -9999.0 -9999.0 -9999.0 -9999.0 -9999.0 -9999.0 -9999.0 -9999.0 -9999.0 -9999.0 -9999.0
 -9999.0 -9999.0 -9999.0 -9999.0 -9999.0 -9999.0 -9999.0 -9999.0 -9999.0 -9999.0 -9999.0 -9999.0 -9999.0 -9999.0 -9999.0 -9999.0 -9999.0 -9999.0 -9999.0 -9999.0 -9999.0 -9999.0 -9999.0 -9999.0 -9999.0 -9999.0 -9999.0 -9999.0 -9999.0 -9999.0 -9999.0 -9999.0 -9999.0 -9999.0 -9999.0 -9999.0 -9999.0 -9999.0 -9999.0 -9999.0 -9999.0 -9999.0 -9999.0 -9999.0 -9999.0 -9999.0 -9999.0 -9999.0 -9999.0 -9999.0 -9999.0 -9999.0 -9999.0 -9999.0 -9999.0 -9999.0 -9999.0 -9999.0 -9999.0 -9999.0 -9999.0 -9999.0 -9999.0 -9999.0 -9999.0 -9999.0 -9999.0 -9999.0 -9999.0 -9999.0 -9999.0 -9999.0 -9999.0 -9999.0 -9999.0 -9999.0 -9999.0 -9999.0 -9999.0 -9999.0 -9999.0 -9999.0 -9999.0 -9999.0 -9999.0 -9999.0 -9999.0 -9999.0 -9999.0 -9999.0 -9999.0 -9999.0 -9999.0 -9999.0    10.8    13.6    14.6    15.5    16.2    14.3    14.3    13.4    12.3    11.4    10.2     8.7     7.4     6.7     6.7     7.3     8.9    10.7 -9999.0 -9999.0 -9999.0 -9999.0 -9999.0 -9999.0 -9999.0 -9999.0 -9999.0 -9999.0 -9999.0 -9999.0 -9999.0 -9999.0 -9999.0 -9999.0
 -9999.0 -9999.0 -9999.0 -9999.0 -9999.0 -9999.0 -9999.0 -9999.0 -9999.0 -9999.0 -9999.0 -9999.0 -9999.0 -9999.0 -9999.0 -9999.0 -9999.0 -9999.0 -9999.0 -9999.0 -9999.0 -9999.0 -9999.0 -9999.0 -9999.0 -9999.0 -9999.0 -9999.0 -9999.0 -9999.0 -9999.0 -9999.0 -9999.0 -9999.0 -9999.0 -9999.0 -9999.0 -9999.0 -9999.0 -9999.0 -9999.0 -9999.0 -9999.0 -9999.0 -9999.0 -9999.0 -9999.0 -9999.0 -9999.0 -9999.0 -9999.0 -9999.0 -9999.0 -9999.0 -9999.0 -9999.0 -9999.0 -9999.0 -9999.0 -9999.0 -9999.0 -9999.0 -9999.0 -9999.0 -9999.0 -9999.0 -9999.0 -9999.0 -9999.0 -9999.0 -9999.0 -9999.0 -9999.0 -9999.0 -9999.0 -9999.0 -9999.0 -9999.0 -9999.0 -9999.0 -9999.0 -9999.0 -9999.0 -9999.0 -9999.0 -9999.0 -9999.0 -9999.0 -9999.0     9.5 -9999.0 -9999.0     5.4     6.5     5.2     6.6     9.2    11.1    12.5    12.8     9.5    10.4    11.0    10.7    10.4     9.0     7.5     7.0     6.9     7.3     8.6    10.1 -9999.0 -9999.0 -9999.0 -9999.0 -9999.0 -9999.0 -9999.0 -9999.0 -9999.0 -9999.0 -9999.0 -9999.0 -9999.0 -9999.0 -9999.0 -9999.0
 -9999.0 -9999.0 -9999.0 -9999.0 -9999.0 -9999.0 -9999.0 -9999.0 -9999.0 -9999.0 -9999.0 -9999.0 -9999.0 -9999.0 -9999.0 -9999.0 -9999.0 -9999.0 -9999.0 -9999.0 -9999.0 -9999.0 -9999.0 -9999.0 -9999.0 -9999.0 -9999.0 -9999.0 -9999.0 -9999.0 -9999.0 -9999.0 -9999.0 -9999.0 -9999.0 -9999.0 -9999.0 -9999.0 -9999.0 -9999.0 -9999.0 -9999.0 -9999.0 -9999.0 -9999.0 -9999.0 -9999.0 -9999.0 -9999.0 -9999.0 -9999.0 -9999.0 -9999.0 -9999.0 -9999.0 -9999.0 -9999.0 -9999.0 -9999.0 -9999.0 -9999.0 -9999.0 -9999.0 -9999.0 -9999.0 -9999.0 -9999.0 -9999.0 -9999.0 -9999.0 -9999.0 -9999.0 -9999.0 -9999.0 -9999.0 -9999.0 -9999.0 -9999.0 -9999.0 -9999.0 -9999.0 -9999.0 -9999.0 -9999.0 -9999.0 -9999.0 -9999.0 -9999.0     3.6     3.8     5.1     3.8     2.7     4.0     2.5     5.2     6.0     8.2     8.3     7.9     8.3     7.8     7.3     8.1     8.3     7.5     6.5     6.3     6.7     7.2     7.8     9.0    10.5    13.1    17.0    20.9 -9999.0 -9999.0 -9999.0 -9999.0 -9999.0 -9999.0 -9999.0 -9999.0 -9999.0 -9999.0 -9999.0 -9999.0
 -9999.0 -9999.0 -9999.0 -9999.0 -9999.0 -9999.0 -9999.0 -9999.0 -9999.0 -9999.0 -9999.0 -9999.0 -9999.0 -9999.0 -9999.0 -9999.0 -9999.0 -9999.0 -9999.0 -9999.0 -9999.0 -9999.0 -9999.0 -9999.0 -9999.0 -9999.0 -9999.0 -9999.0 -9999.0    60.7    54.6    46.5    37.6 -9999.0 -9999.0 -9999.0 -9999.0 -9999.0 -9999.0 -9999.0 -9999.0 -9999.0 -9999.0 -9999.0 -9999.0 -9999.0 -9999.0 -9999.0 -9999.0 -9999.0 -9999.0 -9999.0 -9999.0 -9999.0 -9999.0 -9999.0 -9999.0 -9999.0 -9999.0 -9999.0 -9999.0 -9999.0 -9999.0 -9999.0 -9999.0 -9999.0 -9999.0 -9999.0 -9999.0 -9999.0 -9999.0 -9999.0 -9999.0 -9999.0 -9999.0 -9999.0 -9999.0 -9999.0 -9999.0 -9999.0 -9999.0 -9999.0 -9999.0 -9999.0 -9999.0 -9999.0 -9999.0     1.5     1.7     2.3     2.6     1.6     1.8     1.6     1.5     1.5     3.4     3.9     7.1     5.4     3.8     3.3     4.1     4.1     5.4     5.4     4.9     5.3     6.1     6.7     7.0     7.5     8.5    10.6    13.4    16.6    17.7    15.1 -9999.0 -9999.0 -9999.0 -9999.0 -9999.0 -9999.0 -9999.0 -9999.0 -9999.0 -9999.0
 -9999.0 -9999.0 -9999.0 -9999.0 -9999.0 -9999.0 -9999.0 -9999.0 -9999.0 -9999.0 -9999.0 -9999.0 -9999.0 -9999.0 -9999.0 -9999.0 -9999.0 -9999.0 -9999.0 -9999.0 -9999.0 -9999.0 -9999.0 -9999.0 -9999.0 -9999.0 -9999.0    54.3    52.3    42.2    45.7    39.1    33.8    23.9 -9999.0 -9999.0 -9999.0 -9999.0 -9999.0 -9999.0 -9999.0 -9999.0 -9999.0 -9999.0 -9999.0 -9999.0 -9999.0 -9999.0 -9999.0 -9999.0 -9999.0 -9999.0 -9999.0 -9999.0 -9999.0 -9999.0 -9999.0 -9999.0 -9999.0 -9999.0 -9999.0 -9999.0 -9999.0 -9999.0 -9999.0 -9999.0 -9999.0 -9999.0 -9999.0 -9999.0 -9999.0 -9999.0 -9999.0 -9999.0 -9999.0 -9999.0 -9999.0 -9999.0 -9999.0 -9999.0 -9999.0 -9999.0 -9999.0 -9999.0 -9999.0 -9999.0 -9999.0     1.3     1.3     0.5     0.5     0.9     1.2     1.6     1.3     1.6     1.8     3.9     3.2     3.3     1.7     1.3     1.8     2.2     2.9     3.6     3.8     4.2     5.0     5.6     5.6     5.8     6.5     8.0     9.6    10.4    10.2     8.0 -9999.0 -9999.0 -9999.0 -9999.0 -9999.0     7.4     8.9    10.6    12.6 -9999.0
 -9999.0 -9999.0 -9999.0 -9999.0 -9999.0 -9999.0 -9999.0 -9999.0 -9999.0 -9999.0 -9999.0 -9999.0 -9999.0 -9999.0 -9999.0 -9999.0 -9999.0 -9999.0 -9999.0 -9999.0 -9999.0 -9999.0 -9999.0 -9999.0 -9999.0 -9999.0    40.2    27.6    25.7    24.6    26.2    26.7    31.1    22.7    16.9    10.8     6.1 -9999.0 -9999.0 -9999.0 -9999.0 -9999.0 -9999.0 -9999.0 -9999.0 -9999.0 -9999.0 -9999.0 -9999.0 -9999.0 -9999.0 -9999.0 -9999.0 -9999.0 -9999.0 -9999.0 -9999.0 -9999.0 -9999.0 -9999.0 -9999.0 -9999.0 -9999.0 -9999.0 -9999.0 -9999.0 -9999.0 -9999.0 -9999.0 -9999.0 -9999.0 -9999.0 -9999.0 -9999.0 -9999.0 -9999.0 -9999.0 -9999.0 -9999.0 -9999.0 -9999.0 -9999.0 -9999.0 -9999.0 -9999.0 -9999.0     0.3     0.2     0.1     0.1     0.3     0.5     1.1     1.6     1.4     2.7     2.5     3.7     3.1     0.6     0.3     0.3     0.5     0.9     1.2     1.7     2.2     2.6     3.3     3.8     3.7     4.0     5.0     6.5     7.0     6.4     4.8     2.9     2.6 -9999.0 -9999.0     4.4     5.7     7.4     9.2    11.5    13.5 -9999.0
 -9999.0 -9999.0 -9999.0 -9999.0 -9999.0 -9999.0 -9999.0 -9999.0 -9999.0 -9999.0 -9999.0 -9999.0 -9999.0 -9999.0 -9999.0 -9999.0 -9999.0 -9999.0 -9999.0 -9999.0 -9999.0 -9999.0 -9999.0 -9999.0 -9999.0 -9999.0    22.7    20.0    15.6    12.8    12.7    16.2    15.8    18.0    13.6     9.6     7.4     1.8 -9999.0 -9999.0 -9999.0 -9999.0 -9999.0 -9999.0 -9999.0 -9999.0 -9999.0 -9999.0 -9999.0 -9999.0 -9999.0 -9999.0 -9999.0 -9999.0 -9999.0 -9999.0 -9999.0 -9999.0 -9999.0 -9999.0 -9999.0 -9999.0 -9999.0 -9999.0 -9999.0 -9999.0 -9999.0 -9999.0 -9999.0 -9999.0 -9999.0 -9999.0 -9999.0 -9999.0 -9999.0 -9999.0 -9999.0 -9999.0 -9999.0 -9999.0 -9999.0 -9999.0 -9999.0 -9999.0 -9999.0 -9999.0     0.1     0.0     0.0     0.0     0.1     0.2     1.2     1.8     3.2     3.8     6.7     3.1     0.5     0.3     0.1     0.1     0.2     0.3     0.5     0.7     0.9     1.2     1.5     1.9     2.2     2.8     4.0     5.9     6.7     5.2     2.6     1.0     1.1     2.3     3.7     5.0     6.7     8.7    10.8    12.9    15.1 -9999.0
 -9999.0 -9999.0 -9999.0 -9999.0 -9999.0 -9999.0 -9999.0 -9999.0 -9999.0 -9999.0 -9999.0 -9999.0 -9999.0 -9999.0 -9999.0 -9999.0 -9999.0 -9999.0 -9999.0 -9999.0 -9999.0    67.2    57.6    43.9    29.8    23.1    21.3    20.9    17.1    12.4    10.0    11.8    12.3    12.5    11.0     6.9     4.9     1.9     0.7 -9999.0 -9999.0 -9999.0 -9999.0 -9999.0 -9999.0 -9999.0 -9999.0 -9999.0 -9999.0 -9999.0 -9999.0 -9999.0 -9999.0 -9999.0 -9999.0 -9999.0 -9999.0 -9999.0 -9999.0 -9999.0 -9999.0 -9999.0 -9999.0 -9999.0 -9999.0 -9999.0 -9999.0 -9999.0 -9999.0 -9999.0 -9999.0 -9999.0 -9999.0 -9999.0 -9999.0 -9999.0 -9999.0 -9999.0 -9999.0 -9999.0 -9999.0 -9999.0 -9999.0 -9999.0 -9999.0 -9999.0 -9999.0     0.0 -9999.0 -9999.0     0.0 -9999.0 -9999.0     3.0     3.9     6.4     9.6     2.8     0.3     0.8     0.1     0.2     0.2     0.4     0.6     0.8     0.9     0.9     1.0     1.4     1.9     2.5     3.8     6.0     7.4     6.4     3.7     1.8     2.1     4.1     6.1     7.5     9.1    11.1    13.2    15.7 -9999.0 -9999.0
 -9999.0 -9999.0 -9999.0 -9999.0 -9999.0 -9999.0 -9999.0 -9999.0 -9999.0 -9999.0 -9999.0 -9999.0 -9999.0 -9999.0 -9999.0 -9999.0 -9999.0 -9999.0 -9999.0 -9999.0 -9999.0    40.4    33.0    23.6    15.4    18.6    10.3     8.8     9.9     9.8     9.0    11.4    13.7    12.0     9.6     6.1     3.0     2.3     0.2 -9999.0 -9999.0 -9999.0 -9999.0 -9999.0 -9999.0 -9999.0 -9999.0 -9999.0 -9999.0 -9999.0 -9999.0 -9999.0 -9999.0 -9999.0 -9999.0 -9999.0 -9999.0 -9999.0 -9999.0 -9999.0 -9999.0 -9999.0 -9999.0 -9999.0 -9999.0 -9999.0 -9999.0 -9999.0 -9999.0 -9999.0 -9999.0 -9999.0 -9999.0 -9999.0 -9999.0 -9999.0 -9999.0 -9999.0 -9999.0 -9999.0 -9999.0 -9999.0 -9999.0 -9999.0 -9999.0 -9999.0 -9999.0 -9999.0 -9999.0     0.0     0.1     0.5     2.8     3.3     5.4     9.1     3.9     1.9     0.5     0.3     0.3     0.5     0.6     1.0     1.5     2.2     2.6     1.9     1.6     2.4     3.3     4.1     5.4     7.6     9.3     9.9     7.7     5.7     5.7     7.6     9.7    10.9    12.5    14.8    15.7 -9999.0 -9999.0 -9999.0
 -9999.0 -9999.0 -9999.0 -9999.0 -9999.0 -9999.0 -9999.0 -9999.0 -9999.0 -9999.0 -9999.0 -9999.0 -9999.0 -9999.0 -9999.0 -9999.0 -9999.0 -9999.0 -9999.0 -9999.0    28.3    27.6    19.5    13.0     7.7     3.4     2.0     2.8     3.6     5.7     9.3    10.9    13.7    13.5    10.6     6.6     3.8     1.2     0.2 -9999.0 -9999.0 -9999.0 -9999.0 -9999.0 -9999.0 -9999.0 -9999.0 -9999.0 -9999.0 -9999.0 -9999.0 -9999.0 -9999.0 -9999.0 -9999.0 -9999.0 -9999.0 -9999.0 -9999.0 -9999.0 -9999.0 -9999.0 -9999.0 -9999.0 -9999.0 -9999.0 -9999.0 -9999.0 -9999.0 -9999.0 -9999.0 -9999.0 -9999.0 -9999.0 -9999.0 -9999.0 -9999.0 -9999.0 -9999.0 -9999.0 -9999.0 -9999.0 -9999.0 -9999.0 -9999.0 -9999.0 -9999.0 -9999.0     0.1     0.1     0.2     0.8     3.1     4.5     5.9     7.5     4.4     4.8     1.7     0.9     1.2     1.1     1.3     1.7     2.6     4.1     4.9     3.3     2.6     4.0     6.2     7.9     9.2    10.5    11.9    12.4    11.6    10.3    10.2    11.2    12.4    13.5    14.5    15.9    17.6 -9999.0 -9999.0 -9999.0
 -9999.0 -9999.0 -9999.0 -9999.0 -9999.0 -9999.0 -9999.0 -9999.0 -9999.0 -9999.0 -9999.0 -9999.0 -9999.0 -9999.0 -9999.0 -9999.0 -9999.0 -9999.0    24.1    20.6    17.4    24.1    16.5    12.5     6.0     2.7     0.8     1.3     2.6     5.6     8.7    12.5    15.2    14.8    12.5     9.0     5.0     1.9     0.4 -9999.0 -9999.0 -9999.0 -9999.0 -9999.0 -9999.0 -9999.0 -9999.0 -9999.0 -9999.0 -9999.0 -9999.0 -9999.0 -9999.0 -9999.0 -9999.0 -9999.0 -9999.0 -9999.0 -9999.0 -9999.0 -9999.0 -9999.0 -9999.0 -9999.0 -9999.0 -9999.0 -9999.0 -9999.0 -9999.0 -9999.0 -9999.0 -9999.0 -9999.0 -9999.0 -9999.0 -9999.0 -9999.0 -9999.0 -9999.0 -9999.0 -9999.0 -9999.0 -9999.0 -9999.0     5.5     4.1     3.2     0.6     0.1     1.2     1.9     3.6     3.6     5.1     6.2     9.0     4.9     4.1     2.0     1.5     1.5     1.4     1.4     1.7     2.6     4.2     4.9     3.8     3.5     6.0    10.0    12.9    13.8    13.4    13.0    12.4    12.6    11.9    12.0    11.8    12.9    13.8    14.9    16.5 -9999.0 -9999.0 -9999.0 -9999.0
 -9999.0 -9999.0 -9999.0 -9999.0 -9999.0 -9999.0 -9999.0 -9999.0 -9999.0 -9999.0 -9999.0 -9999.0 -9999.0 -9999.0 -9999.0    16.4    21.3    26.1    25.3    16.8    16.2    10.0    12.6     6.1     2.5     1.2     1.5     2.9     4.6     7.3    10.5    13.3    15.6    15.5    15.5    12.3     7.6     5.8     1.8     0.3     0.1     0.0     0.0     0.0 -9999.0 -9999.0 -9999.0 -9999.0 -9999.0 -9999.0 -9999.0 -9999.0 -9999.0 -9999.0 -9999.0 -9999.0 -9999.0 -9999.0 -9999.0 -9999.0 -9999.0 -9999.0 -9999.0 -9999.0 -9999.0 -9999.0 -9999.0 -9999.0 -9999.0 -9999.0 -9999.0 -9999.0 -9999.0 -9999.0 -9999.0 -9999.0 -9999.0 -9999.0 -9999.0     9.6    10.1     9.8     9.0     9.1    10.0     8.3     5.9     2.8     1.5     3.4     4.3     7.3     7.1     8.0     7.9    12.2     6.8     4.4     1.9     1.3     1.1     1.1     1.1     1.2     1.8     3.3     4.2     4.3     5.4     9.4    15.1    17.7    17.2    15.2    14.6    11.4    10.5    11.5    12.0    11.8    11.9    13.0    14.3    16.5 -9999.0 -9999.0 -9999.0 -9999.0
 -9999.0 -9999.0 -9999.0 -9999.0 -9999.0 -9999.0 -9999.0 -9999.0 -9999.0 -9999.0 -9999.0 -9999.0 -9999.0 -9999.0 -9999.0    24.2    20.4    21.1    15.2    12.0     7.8     6.9     6.3     5.6     3.8     3.2     4.4     6.6     8.2     9.2    10.8    12.3    13.9    13.0    12.9    11.8     7.9     5.3     1.6     0.5     0.1     0.1     0.1     0.0     0.0     0.0     0.0 -9999.0 -9999.0 -9999.0 -9999.0 -9999.0 -9999.0 -9999.0 -9999.0 -9999.0 -9999.0 -9999.0 -9999.0 -9999.0 -9999.0 -9999.0 -9999.0 -9999.0 -9999.0 -9999.0 -9999.0 -9999.0 -9999.0 -9999.0 -9999.0 -9999.0 -9999.0 -9999.0 -9999.0 -9999.0 -9999.0 -9999.0     9.0     9.3     9.6    11.0    11.7    10.5     9.7     7.8     5.9     5.9     7.0    10.0    16.0    17.2    15.4     9.4    14.0     5.8     5.7     1.8     1.1     0.8     0.9     1.0     1.1     1.3     2.1     3.7     5.0     6.4     9.4    14.2    19.0    20.2    19.5    16.7    13.6    10.3    10.6    11.8    12.5    12.0    11.2    11.9    13.8 -9999.0 -9999.0 -9999.0 -9999.0 -9999.0
 -9999.0 -9999.0 -9999.0 -9999.0 -9999.0 -9999.0 -9999.0 -9999.0 -9999.0 -9999.0 -9999.0 -9999.0 -9999.0 -9999.0 -9999.0 -9999.0     6.8     8.5    10.8    10.7    10.3    12.6     7.8    13.5    12.7    11.1    12.1    13.1    12.2    10.9    11.0    10.6    10.3    10.4    11.7    12.7    10.9     6.7     2.8     1.3     0.9     0.4     0.3     0.2     0.1     0.0     0.0     0.0 -9999.0 -9999.0 -9999.0 -9999.0 -9999.0 -9999.0 -9999.0 -9999.0 -9999.0 -9999.0 -9999.0 -9999.0 -9999.0 -9999.0 -9999.0 -9999.0 -9999.0 -9999.0 -9999.0 -9999.0 -9999.0 -9999.0 -9999.0 -9999.0 -9999.0 -9999.0 -9999.0 -9999.0 -9999.0 -9999.0     8.2     7.4     8.0     9.5     8.5     7.5     7.7     7.3    11.0    11.0    15.2    22.5    21.6    21.0    19.5     9.9     2.8     2.7     2.0     1.2     0.7     0.8     1.2     1.5     2.1     3.0     4.7     6.4     8.2    10.3    14.0    18.0    20.5    22.2    21.7    15.3    11.9    10.3     9.0     9.2    11.2    10.0 -9999.0 -9999.0 -9999.0 -9999.0 -9999.0 -9999.0 -9999.0 -9999.0
 -9999.0 -9999.0 -9999.0 -9999.0 -9999.0 -9999.0 -9999.0 -9999.0 -9999.0 -9999.0 -9999.0 -9999.0 -9999.0 -9999.0 -9999.0 -9999.0     5.1     7.3     9.5    10.5    10.3    15.4    19.0    11.6     3.7     3.3     5.3    12.0    10.0    15.0    12.1    10.8    13.7    13.3    10.8    13.2    13.6     8.7     4.0     2.6     2.2     1.3     1.3     1.0     0.3     0.2     0.1     0.0 -9999.0 -9999.0 -9999.0 -9999.0 -9999.0 -9999.0 -9999.0 -9999.0 -9999.0 -9999.0 -9999.0 -9999.0 -9999.0 -9999.0 -9999.0 -9999.0 -9999.0 -9999.0 -9999.0 -9999.0 -9999.0 -9999.0 -9999.0 -9999.0 -9999.0 -9999.0 -9999.0 -9999.0 -9999.0     5.3     5.6     5.4     5.6     5.7     6.6     8.6     6.8     8.1    10.4    13.6    16.7    20.7    23.6    16.6     6.7     4.0     3.3     2.6     2.5     1.8     1.4     2.0     2.8     3.7     5.3     7.9    10.7    14.0    15.8    15.3    16.3    18.7    20.1    18.7    16.5    14.1    12.9     9.2     7.0     6.5     8.2 -9999.0 -9999.0 -9999.0 -9999.0 -9999.0 -9999.0 -9999.0 -9999.0 -9999.0
 -9999.0 -9999.0 -9999.0 -9999.0 -9999.0 -9999.0 -9999.0 -9999.0 -9999.0 -9999.0 -9999.0 -9999.0 -9999.0 -9999.0 -9999.0 -9999.0    10.8    10.3     9.0     7.0    10.4    15.6     5.8     8.4     5.6     3.7     1.0     1.6     3.7     5.9     7.4     6.1     2.7     2.6     6.5     9.4     9.6     4.8     1.7     0.2     0.6     1.5     2.2     1.3     0.5     0.1     0.2     0.1     0.1     0.1     0.1 -9999.0 -9999.0 -9999.0 -9999.0 -9999.0 -9999.0 -9999.0 -9999.0 -9999.0 -9999.0 -9999.0 -9999.0 -9999.0 -9999.0 -9999.0 -9999.0 -9999.0 -9999.0 -9999.0 -9999.0 -9999.0 -9999.0 -9999.0 -9999.0 -9999.0     4.0     4.2     4.5     3.9     4.2     5.0     5.1     6.1     7.0     8.4    11.7    15.1    16.8    16.6    15.5     9.6     5.4     3.3     3.6     4.5     4.6     4.2     4.8     6.8     8.2     9.0    11.2    16.0    21.3    24.8    23.6    19.7    18.9    19.6    20.2    25.1    18.4    15.4    12.8     8.0     8.3     5.9     4.5     3.9 -9999.0 -9999.0 -9999.0 -9999.0 -9999.0 -9999.0 -9999.0 -9999.0
 -9999.0 -9999.0 -9999.0 -9999.0 -9999.0 -9999.0 -9999.0 -9999.0 -9999.0 -9999.0 -9999.0 -9999.0 -9999.0 -9999.0 -9999.0     7.8     6.6     7.1     6.8     4.3     2.5     1.1     0.7     1.5     1.0     0.1     0.1     0.3     0.6     1.2     2.2     0.9     0.3     0.4     1.0     2.0     3.5     1.8     0.5     0.2     0.3     1.0     2.8     3.4     2.1     0.6     0.3     0.2     0.1     0.1     0.1     0.1     0.1     0.1     0.1     0.1     0.1     0.1     0.1     0.1     0.0 -9999.0 -9999.0 -9999.0 -9999.0 -9999.0 -9999.0 -9999.0 -9999.0     0.1     0.1     0.2     0.5     0.9     1.5     2.0     3.1     2.9     2.7     2.8     3.1     3.7     4.3     5.7     7.0     9.6    12.6    13.6    13.0    11.4    10.3     7.7     6.1     5.6     7.6     9.2     9.0     8.8    10.7    14.4    15.7    16.0    18.0    25.2    31.6    29.6    25.9    21.6    19.2    23.5    25.4    24.5    20.2    17.7    10.7     6.4     3.2     2.1 -9999.0 -9999.0 -9999.0 -9999.0 -9999.0 -9999.0 -9999.0 -9999.0 -9999.0 -9999.0
 -9999.0 -9999.0 -9999.0 -9999.0 -9999.0 -9999.0 -9999.0 -9999.0 -9999.0 -9999.0 -9999.0 -9999.0 -9999.0 -9999.0     7.5     8.0     6.7     5.7     3.8     2.2     1.8     3.3     1.9     0.1     0.1     0.0     0.0     0.2     0.3     0.2     0.1     0.1     0.1     0.2     0.7     1.5     2.0     1.6     0.9     0.5     0.6     1.5     2.8     3.5     2.9     1.6     0.8     0.4     0.4     0.4     0.4     0.3     0.2     0.2     0.1     0.1     0.1     0.1     0.1     0.1     0.1     0.0     0.0     0.0     0.0     0.1     0.0     0.0     0.0     0.0     0.1     0.4     0.4     0.5     0.8     1.3     2.2     2.5     2.2     2.1     2.6     3.4     5.5     6.6     8.7     9.8    13.2    12.7    10.3     7.8     8.5     8.9     8.1    11.7    15.6    16.0    15.5    13.9    13.6    16.6    19.5    22.7    26.2    30.8    34.2    32.1    29.4    27.1    26.6    33.8    29.6    30.2    26.0    14.1     9.5     4.8     1.8 -9999.0 -9999.0 -9999.0 -9999.0 -9999.0 -9999.0 -9999.0 -9999.0 -9999.0 -9999.0 -9999.0
 -9999.0 -9999.0 -9999.0 -9999.0 -9999.0 -9999.0 -9999.0 -9999.0 -9999.0 -9999.0 -9999.0 -9999.0     7.4     6.8     6.5     4.2     4.4     3.3     3.2     3.6     2.9     1.4     0.8     0.4     0.2     0.1     0.1     0.1     0.1     0.1     0.1     0.0     0.1     0.1     0.3     0.7     1.1     1.1     0.7     0.7     0.9     1.6     2.4     2.8     2.3     1.5     0.9     0.7     0.8     0.6     0.6     0.4     0.3     0.2     0.2     0.1     0.1     0.1     0.1     0.1     0.1     0.1     0.0     0.0     0.0     0.0     0.0     0.0     0.1     0.2     0.7     1.3     0.5     0.7     1.1     1.5     2.3     2.7     2.2     1.9     3.1     3.9     6.5     6.4     7.1     9.1    11.7    11.6    10.0     6.7     8.3    11.0    12.2    14.4    21.9    21.3    21.3    20.0    19.6    22.0    26.0    29.9    32.4    34.3    35.3    33.5    33.3    32.4    33.5    30.8    32.0    30.3    18.1    11.0    16.5 -9999.0 -9999.0 -9999.0 -9999.0 -9999.0 -9999.0 -9999.0 -9999.0 -9999.0 -9999.0 -9999.0 -9999.0 -9999.0
 -9999.0 -9999.0 -9999.0 -9999.0 -9999.0 -9999.0 -9999.0 -9999.0 -9999.0     5.9     8.3     6.0     5.0     2.6     1.1     0.6     0.4     0.6     1.1     1.5     1.1     0.3     0.1     0.0     0.0     0.0     0.0     0.1     0.1     0.1     0.1     0.0     0.0     0.1     0.2     0.4     0.5     0.5     0.4     0.4     0.7     1.2     1.6     1.8     1.5     1.1     0.8     0.7     0.6     0.9     0.5     0.3     0.2     0.2     0.3     0.2     0.2     0.2     0.2     0.2     0.2     0.2     0.1     0.1     0.0     0.0     0.0     0.0     0.4     2.3     0.2     0.1     0.1     0.1     0.3     0.9     2.1     3.4     3.2     3.6     5.2     6.4     4.5     4.7     5.5     5.9    11.1     8.1     6.9     6.6    12.4    17.9    22.5    24.1    27.0    26.5    26.7    26.9    29.1    32.7    35.6    36.2    36.7    35.6    33.9    34.6    34.8    31.6    26.8    30.7    27.3    19.2     9.3 -9999.0 -9999.0 -9999.0 -9999.0 -9999.0 -9999.0 -9999.0 -9999.0 -9999.0 -9999.0 -9999.0 -9999.0 -9999.0 -9999.0 -9999.0
 -9999.0 -9999.0 -9999.0 -9999.0 -9999.0     5.7    10.5     6.4     5.5     5.1     2.7     2.7     2.4     1.1     0.7     0.2     0.1     0.1     0.3     0.4     0.2     0.1     0.0     0.0     0.0     0.0     0.0     0.0     0.1     0.1     0.1     0.1     0.1     0.1     0.1     0.2     0.2     0.2     0.2     0.3     0.5     0.6     0.8     0.9     0.7     0.5     0.3     0.2     0.2     0.2     0.3     0.3     0.3     0.3     0.2     0.2     0.2     0.3     0.4     0.5     0.6     0.7     0.4     0.2     0.1     0.1     0.1     0.3     1.2     0.1     0.2     0.3     0.3     0.3     1.5     0.8     1.8     3.7     4.8     5.1     3.7     2.9     2.8     3.3     3.6     2.8     3.4     2.2     3.2     8.3    18.9    26.1    29.0    29.3    30.2    30.3    30.2    33.0 -9999.0 -9999.0    41.8    40.9    39.3    36.1    30.4    26.2    25.3    24.6    22.5 -9999.0 -9999.0 -9999.0 -9999.0 -9999.0 -9999.0 -9999.0 -9999.0 -9999.0 -9999.0 -9999.0 -9999.0 -9999.0 -9999.0 -9999.0 -9999.0 -9999.0 -9999.0 -9999.0
 -9999.0 -9999.0 -9999.0     8.7     4.3     8.5     5.6     4.4     3.6     0.7     0.4     0.4     0.7     0.2     0.1     0.1     0.1     0.1     0.1     0.1     0.1     0.1     0.0     0.0     0.0     0.0     0.0     0.1     0.1     0.1     0.1     0.1     0.1     0.1     0.1     0.1     0.1     0.1     0.2     0.2     0.2     0.2     0.3     0.3     0.2     0.1     0.1     0.1     0.1     0.1     0.1     0.1     0.1     0.1     0.1     0.1     0.2     0.3     0.5     0.8     1.1     1.1     0.9     0.6     0.3     0.1     0.8     0.2     0.2     0.3     0.9     1.2     1.5     1.3     1.1     1.4     2.2     3.1     4.4     4.6     3.1     4.1     1.4     1.6     4.2     2.4     2.2     1.8     4.9    13.0    23.5    31.0    33.1    33.3    34.4    36.4    37.2 -9999.0 -9999.0 -9999.0    42.4    40.9    42.9    37.7    29.9    23.2    19.5 -9999.0 -9999.0 -9999.0 -9999.0 -9999.0 -9999.0 -9999.0 -9999.0 -9999.0 -9999.0 -9999.0 -9999.0 -9999.0 -9999.0 -9999.0 -9999.0 -9999.0 -9999.0 -9999.0 -9999.0 -9999.0
 -9999.0 -9999.0    10.4     8.4     6.0     2.6     1.5     0.6     0.1     0.1     0.1     0.1     0.1     0.1     0.1     0.0     0.0     0.0     0.1     0.1     0.1     0.1     0.0     0.0     0.0     0.0     0.0     0.1     0.1     0.1     0.1     0.1     0.1     0.1     0.1     0.1     0.1     0.1     0.1     0.1     0.1     0.1     0.1     0.1     0.1     0.1     0.7     1.2     1.1     0.9     2.0     0.8     0.2     0.1     0.1     0.1     0.2     0.3     0.5     0.8     1.3     1.5     1.0     0.6     0.3     0.3     0.3     0.2     0.5     0.5     2.7     3.2     3.2     3.3     3.8     4.1     4.5     3.3     4.2     4.3     3.3     2.5     1.2     1.6     2.0     4.6     2.7     3.7     9.6    17.4    25.0    28.6    29.8    33.6    40.4 -9999.0 -9999.0 -9999.0 -9999.0    36.2    37.4    39.2    39.8    36.1 -9999.0 -9999.0 -9999.0 -9999.0 -9999.0 -9999.0 -9999.0 -9999.0 -9999.0 -9999.0 -9999.0 -9999.0 -9999.0 -9999.0 -9999.0 -9999.0 -9999.0 -9999.0 -9999.0 -9999.0 -9999.0 -9999.0 -9999.0 -9999.0
 -9999.0 -9999.0    15.1    14.2    18.0     7.2     0.6     0.1     0.1     0.1     0.1     0.1     0.1     0.1     0.1     0.0     0.0     0.0     0.1     0.1     0.1     0.1     0.1     0.1     0.1     0.1     0.1     0.1     0.1     0.1     0.1     0.1     0.1     0.1     0.1     0.1     0.1     0.1     0.1     0.1     0.1     0.3     1.7     9.2     0.9     3.3    10.2     2.2     9.7     6.9     6.8    12.2     9.3     4.8     0.1     0.1     0.1     0.2     0.3     0.4     0.8     1.1     0.8     0.4     0.3     0.3     0.3     0.7     2.1     0.7     1.8     3.0     4.0     4.0     4.7     5.5     4.9     5.5     5.2     4.8     3.3     2.0     2.0     2.6     2.8     3.3     4.3     8.4    14.7    20.8    23.9    23.3    22.4    25.8 -9999.0 -9999.0 -9999.0 -9999.0 -9999.0    32.1 -9999.0 -9999.0 -9999.0 -9999.0 -9999.0 -9999.0 -9999.0 -9999.0 -9999.0 -9999.0 -9999.0 -9999.0 -9999.0 -9999.0 -9999.0 -9999.0 -9999.0 -9999.0 -9999.0 -9999.0 -9999.0 -9999.0 -9999.0 -9999.0 -9999.0 -9999.0 -9999.0 -9999.0
 -9999.0 -9999.0    12.6    16.1    13.3     8.5     4.3     3.4     0.2     0.1     0.1     0.1     0.1     0.1     0.1     0.1     0.1     0.1     0.1     0.1     0.1     0.1     0.1     0.1     0.1     0.1     0.1     0.1     0.1     0.1     0.1     0.1     0.0     0.0     0.1     0.1     0.1     0.2     0.3     0.3     0.1     0.1     0.1     0.5     0.3     0.6     1.8     4.2     4.2     5.2    13.7     7.2     6.6     9.2     4.6     1.4     0.1     0.1     0.1     0.2     0.3     0.4     0.3     0.2     0.2     0.3     0.4     1.7     0.4     0.5     1.1     1.8     2.6     3.6     5.0     7.3     8.7     9.2     9.3     7.2     5.2     3.0     2.9     4.4     4.5     5.2     7.7    13.1    19.0    22.1    21.5 -9999.0 -9999.0 -9999.0 -9999.0 -9999.0 -9999.0 -9999.0 -9999.0 -9999.0 -9999.0 -9999.0 -9999.0 -9999.0 -9999.0 -9999.0 -9999.0 -9999.0 -9999.0 -9999.0 -9999.0 -9999.0 -9999.0 -9999.0 -9999.0 -9999.0 -9999.0 -9999.0 -9999.0 -9999.0 -9999.0 -9999.0 -9999.0 -9999.0 -9999.0 -9999.0 -9999.0 -9999.0
 -9999.0 -9999.0 -9999.0    16.7     9.3    10.7     8.8     5.9     2.8     0.3     0.1     0.1     0.1     0.1     0.1     0.1     0.1     0.1     0.1     0.1     0.1     0.1     0.1     0.2     0.2     0.1     0.1     0.1     0.1     0.1     0.0     0.0     0.0     0.2     0.5     0.2     0.1     0.1     0.2     0.1     0.1     0.1     0.1     0.1     0.1     1.0     4.6     6.4     9.9     8.1     6.3     5.4     5.0     8.0     3.9     4.7     2.3     1.2     0.6     0.2     0.2     0.2     0.2     0.1     0.1     0.2     0.3     0.9     0.2     0.4     0.7     0.8     1.7     2.8     5.2     7.9    11.1    12.0    11.1     7.2     5.5     4.4     4.9     5.7     7.2     8.7    11.7    16.3    20.2    20.4    18.5    15.9 -9999.0 -9999.0 -9999.0 -9999.0 -9999.0 -9999.0 -9999.0 -9999.0 -9999.0 -9999.0 -9999.0 -9999.0 -9999.0 -9999.0 -9999.0 -9999.0 -9999.0 -9999.0 -9999.0 -9999.0 -9999.0 -9999.0 -9999.0 -9999.0 -9999.0 -9999.0 -9999.0 -9999.0 -9999.0 -9999.0 -9999.0 -9999.0 -9999.0 -9999.0 -9999.0 -9999.0
 -9999.0 -9999.0 -9999.0 -9999.0 -9999.0     7.3     3.2     2.7     4.8     0.6     0.1     0.1     0.1     0.1     0.1     0.1     0.1     0.1     0.1     0.1     0.1     0.1     0.2     0.2     0.2     0.1     0.1     0.1     0.0     0.0     0.0     0.0     0.1     0.1     0.9     0.2     0.4     0.4     0.2     0.1     0.1     0.1     0.1     0.1     0.1     0.3     0.9     4.8     3.9     6.9     3.8     6.4     3.3     1.5     2.5     4.0     5.7     5.6     3.0     2.3     1.8     0.4     0.4     0.2     0.1     0.1     0.2     0.2     0.2     0.3     0.4     0.6     1.4     3.1     6.4     9.8    12.1    10.5    10.3     8.2     6.6     6.0     6.2     7.1     9.0    11.1    13.4    14.6    15.6    15.7    15.0    14.6    14.6    15.6 -9999.0 -9999.0 -9999.0    26.2 -9999.0 -9999.0 -9999.0 -9999.0 -9999.0 -9999.0 -9999.0 -9999.0 -9999.0 -9999.0 -9999.0 -9999.0 -9999.0 -9999.0 -9999.0 -9999.0 -9999.0 -9999.0 -9999.0 -9999.0 -9999.0 -9999.0 -9999.0 -9999.0 -9999.0 -9999.0 -9999.0 -9999.0 -9999.0 -9999.0
 -9999.0 -9999.0 -9999.0 -9999.0     8.4    11.0    12.0     6.1     4.5     0.8     1.0     0.5     0.3     0.1     0.1     0.1     0.1     0.1     0.1     0.1     0.1     0.1     0.1     0.1     0.1     0.0     0.0     0.0     0.0     0.0     0.0     0.1     0.1     0.2     0.2     0.3     0.3     2.0     1.8     0.7     0.2     0.1     0.1     0.1     0.1     0.1     0.2     0.6     1.0     0.5     0.6     1.2     1.2     1.8     0.4     1.7     3.2     4.9     4.2     5.3     4.5     3.1     2.5     0.5     0.1     0.2     0.5     0.1     0.9     0.7     0.8     1.9     3.5     5.5     8.2    11.1    11.9    10.3    11.0     7.6     7.3     7.0     6.9     7.2     8.3     9.5    10.6    10.5    10.8    11.3    11.7    13.0    14.3    15.3 -9999.0 -9999.0    19.1    17.2    16.4    18.4    26.7 -9999.0 -9999.0 -9999.0 -9999.0 -9999.0 -9999.0 -9999.0 -9999.0 -9999.0 -9999.0 -9999.0 -9999.0 -9999.0 -9999.0 -9999.0 -9999.0 -9999.0 -9999.0 -9999.0 -9999.0 -9999.0 -9999.0 -9999.0 -9999.0 -9999.0 -9999.0 -9999.0
 -9999.0 -9999.0 -9999.0 -9999.0    11.6     8.0    11.1     5.2     9.4     7.0     1.8     3.3     1.5     1.0     0.2     0.2     0.1     0.1     0.1     0.1     0.1     0.1     0.1     0.0     0.0     0.0     0.0     0.0     0.0     0.0     0.1     0.1     0.2     0.3     0.6     0.6     1.3     2.3     1.2     0.5     1.7     0.2     0.2     0.1     0.1     0.1     0.1     0.1     0.1     0.2     0.4     0.5     1.2     0.3     0.3     1.1     2.4     3.7     5.1     4.0     4.5     1.7     0.9     0.8     0.2     0.1     0.8     0.4     0.7     2.4     1.9     3.7     5.4     7.1     8.5    11.4    11.2    11.9    10.5     8.3     8.2     7.4     6.7     7.0     6.3     6.1     7.0     8.3     9.3     9.2     9.6    11.9    13.4    14.2    14.5    15.2    14.8    11.7     9.6 -9999.0 -9999.0 -9999.0 -9999.0 -9999.0 -9999.0 -9999.0 -9999.0 -9999.0 -9999.0 -9999.0 -9999.0 -9999.0 -9999.0 -9999.0 -9999.0 -9999.0 -9999.0 -9999.0 -9999.0 -9999.0 -9999.0 -9999.0 -9999.0 -9999.0 -9999.0 -9999.0 -9999.0 -9999.0
 -9999.0 -9999.0 -9999.0 -9999.0 -9999.0 -9999.0 -9999.0     6.1     6.9     4.3     6.0     4.4     1.8     1.4     0.8     0.2     0.1     0.1     0.1     0.0     0.0     0.0     0.0     0.0     0.0     0.0     0.0     0.0     0.0     0.1     0.2     0.3     0.5     0.8     1.4     1.2     2.3     2.1     3.6     4.3     1.2     5.9     5.1     2.5     0.8     0.2     0.4     0.2     0.5     0.3     0.3     0.4     0.6     3.2     1.8     0.6     1.3     2.8     5.4     5.7     5.3     1.3     0.6     0.6     1.0     0.4     1.5     2.6     1.8     2.4     2.7     5.1     9.7    12.0    11.6    13.8    11.7    12.0    10.2     6.2     6.9     7.3     7.3     7.2     5.5     5.1     6.2     7.8     8.5     8.2     8.5    10.3    12.5    13.2    12.1    11.8    11.3 -9999.0 -9999.0 -9999.0 -9999.0 -9999.0 -9999.0 -9999.0 -9999.0 -9999.0 -9999.0 -9999.0 -9999.0 -9999.0 -9999.0 -9999.0 -9999.0 -9999.0 -9999.0 -9999.0 -9999.0 -9999.0 -9999.0 -9999.0 -9999.0 -9999.0 -9999.0 -9999.0 -9999.0 -9999.0 -9999.0 -9999.0
 -9999.0 -9999.0 -9999.0 -9999.0 -9999.0 -9999.0 -9999.0    11.6     4.1     5.7     5.2     3.0     2.5     2.3     1.0     1.1     0.2     0.1     0.1     0.0     0.0     0.0     0.0     0.0     0.0     0.0     0.0     0.1     0.1     0.1     0.3     0.6     0.9     1.6     1.5     1.9     1.8     2.7     2.8     2.5     3.0     3.2     4.0     7.2     2.3     0.7     1.1     1.2     3.1     2.1     5.2     4.0     1.2     1.3     2.7     0.5     1.0     2.6     4.7     5.7     4.7     4.0     1.9     2.1     1.3     1.9     3.4     4.3     5.6     2.7     4.1     8.1    15.0    17.9    12.8    16.0    14.2     9.2     5.2     5.7     5.8     8.0     7.5     6.9     5.3     6.1     7.6     8.4     8.1     7.2     7.2     8.2     9.6    10.1     9.4     8.1 -9999.0 -9999.0 -9999.0 -9999.0 -9999.0 -9999.0 -9999.0 -9999.0 -9999.0 -9999.0 -9999.0 -9999.0 -9999.0 -9999.0 -9999.0 -9999.0 -9999.0 -9999.0 -9999.0 -9999.0 -9999.0 -9999.0 -9999.0 -9999.0 -9999.0 -9999.0 -9999.0 -9999.0 -9999.0 -9999.0 -9999.0 -9999.0
 -9999.0 -9999.0 -9999.0 -9999.0 -9999.0 -9999.0 -9999.0 -9999.0 -9999.0     5.2     3.8     2.5     2.8     1.8     0.9     0.4     0.3     0.4     0.1     0.1     0.0     0.0     0.0     0.0     0.0     0.0     0.0     0.1     0.1     0.3     0.4     0.8     1.1     1.8     1.6     1.9     2.0     2.5     2.1     2.4     2.0     2.7     2.6     2.2     3.0     2.7     2.5     2.2     2.5     2.6     3.7     3.1     2.3     1.5     2.7     0.6     0.6     1.7     3.6     4.8     5.2     6.0     6.5     2.5     3.0     3.8     6.7     8.8     9.0     6.5     7.6    11.1    17.7    21.1    19.8    10.4     8.2     7.1     7.0     8.2     8.2     9.3     5.7     4.4     4.9     7.0     8.9     9.3     8.3     6.6     5.7     5.6     5.3     5.3     5.2 -9999.0 -9999.0 -9999.0 -9999.0 -9999.0 -9999.0 -9999.0 -9999.0 -9999.0 -9999.0 -9999.0 -9999.0 -9999.0 -9999.0 -9999.0 -9999.0 -9999.0 -9999.0 -9999.0 -9999.0 -9999.0 -9999.0 -9999.0 -9999.0 -9999.0 -9999.0 -9999.0 -9999.0 -9999.0 -9999.0 -9999.0 -9999.0 -9999.0
 -9999.0 -9999.0 -9999.0 -9999.0 -9999.0 -9999.0 -9999.0 -9999.0 -9999.0 -9999.0 -9999.0     3.8     1.3     2.0     1.0     0.6     0.3     0.1     0.1     0.1     0.0     0.0     0.0     0.0     0.0     0.0     0.1     0.1     0.3     0.4     0.8     1.5     1.6     2.1     2.2     3.8     2.8     2.8     5.5     2.4     3.0     2.0     1.7     1.6     3.7     2.1     4.0     2.4     2.9     2.6     2.1     2.6     2.8     3.1     3.7     1.8     0.8     1.4     2.4     3.8     5.2     5.0     4.5     3.4     3.7     5.6    10.9    13.9    12.8    10.8    10.6    13.8    17.5    18.5    12.8    12.3    11.7    12.4    12.0    12.5    11.2     6.8     4.7     4.0     5.6     8.3    10.1     9.9     8.5     6.3     4.4     3.5     2.7     2.1     2.3 -9999.0 -9999.0 -9999.0 -9999.0 -9999.0 -9999.0 -9999.0 -9999.0 -9999.0 -9999.0 -9999.0 -9999.0 -9999.0 -9999.0 -9999.0 -9999.0 -9999.0 -9999.0 -9999.0 -9999.0 -9999.0 -9999.0 -9999.0 -9999.0 -9999.0 -9999.0 -9999.0 -9999.0 -9999.0 -9999.0 -9999.0 -9999.0 -9999.0
 -9999.0 -9999.0 -9999.0 -9999.0 -9999.0 -9999.0 -9999.0 -9999.0 -9999.0 -9999.0 -9999.0 -9999.0     1.3     0.9     1.1     0.5     0.6     0.2     0.1     0.1     0.0     0.0     0.0     0.0     0.1     0.1     0.1     0.2     0.4     1.0     1.2     1.7     2.2     3.3     3.9     3.9     6.2     4.1     3.0     2.0     1.5     1.4     1.5     2.4     2.5     2.9     3.4     1.8     1.9     2.0     3.4     3.7     3.4     2.9     3.1     2.9     2.2     2.5     1.4     3.4     4.6     5.5     5.0     3.6     2.9     4.9    11.4    15.6    15.7    13.3    11.9    11.1    12.5    15.0    19.3    19.8    19.5    17.8    17.6    12.8    13.3     6.7     4.7     5.6     8.5    11.4    12.0    10.4     8.2     6.1     4.5     3.5     2.3     1.3     1.3     1.9     3.1 -9999.0 -9999.0 -9999.0 -9999.0 -9999.0 -9999.0 -9999.0 -9999.0 -9999.0 -9999.0 -9999.0 -9999.0 -9999.0 -9999.0 -9999.0 -9999.0 -9999.0 -9999.0 -9999.0 -9999.0 -9999.0 -9999.0 -9999.0 -9999.0 -9999.0 -9999.0 -9999.0 -9999.0 -9999.0 -9999.0 -9999.0
 -9999.0 -9999.0 -9999.0 -9999.0 -9999.0 -9999.0 -9999.0 -9999.0 -9999.0 -9999.0 -9999.0 -9999.0     2.8     0.6     0.3     0.5     0.1     0.1     0.1     0.1     0.0     0.0     0.0     0.0     0.0     0.1     0.1     0.2     0.6     0.9     1.6     2.7     3.0     3.5     4.4     4.6     6.7     7.0     5.6     4.1     2.3     1.9     3.3     2.2     3.5     4.6     2.9     2.0     1.0     1.7     2.0     3.2     3.2     4.3     3.4     3.9     2.4     2.1     1.2     2.2     4.1     4.7     5.1     5.4     5.0     6.2    12.2    18.7    21.2    18.9    17.2    19.6    22.6    27.2    25.6    23.7    22.5    17.9    18.3    18.6    15.0    10.3     8.3    10.2    13.9    16.2    15.2    11.9     8.9     7.3     6.2     5.4     4.2     3.0     2.8     3.5     5.3 -9999.0 -9999.0 -9999.0 -9999.0 -9999.0 -9999.0 -9999.0 -9999.0 -9999.0 -9999.0 -9999.0 -9999.0 -9999.0 -9999.0 -9999.0 -9999.0 -9999.0 -9999.0 -9999.0 -9999.0 -9999.0 -9999.0 -9999.0 -9999.0 -9999.0 -9999.0 -9999.0 -9999.0 -9999.0 -9999.0 -9999.0
 -9999.0 -9999.0 -9999.0 -9999.0 -9999.0 -9999.0 -9999.0 -9999.0 -9999.0 -9999.0 -9999.0 -9999.0 -9999.0     0.9     1.1     0.2     0.2     0.1     0.1     0.0     0.0     0.0     0.0     0.0     0.1     0.1     0.2     0.6     0.9     1.4     1.9     2.5     3.8     4.5     4.0     4.9     6.0     7.6    12.7     8.6     6.3     5.7     4.6     6.1     4.7     4.2     4.7     4.4     3.5     2.7     2.8     2.8     3.5     7.4     6.5     5.5     3.9     3.6     5.1     4.1     6.4     7.3     7.3     6.0    13.9    11.8    15.8    25.5    31.7    32.0    27.8    30.1    32.4    29.7    25.4    23.3    21.8    22.6    26.0    27.6    24.5    20.0    17.1    18.5    21.4    21.8    19.2    15.2    13.6    12.6    11.9    11.3    10.4     9.5     9.1     9.7    12.2 -9999.0 -9999.0 -9999.0 -9999.0 -9999.0 -9999.0 -9999.0 -9999.0 -9999.0 -9999.0 -9999.0 -9999.0 -9999.0 -9999.0 -9999.0 -9999.0 -9999.0 -9999.0 -9999.0 -9999.0 -9999.0 -9999.0 -9999.0 -9999.0 -9999.0 -9999.0 -9999.0 -9999.0 -9999.0 -9999.0 -9999.0
 -9999.0 -9999.0 -9999.0 -9999.0 -9999.0 -9999.0 -9999.0 -9999.0 -9999.0 -9999.0 -9999.0 -9999.0     1.2     1.7     0.9     0.2     0.4     0.1     0.1     0.0     0.0     0.0     0.0     0.1     0.1     0.1     0.3     0.5     0.9     1.6     2.2     2.6     4.1     3.9     4.6     4.7     7.5     7.3     8.5     9.2    12.1    13.2    13.3     6.4     7.7     8.3     7.1     4.7     3.8     3.3     4.8     6.6     5.0     6.6     5.9     5.8     6.8     4.3     5.5     5.5     9.2    12.6    10.9    10.2     8.5    13.6    19.1    30.1    41.7    38.3    38.4    38.7    34.0    26.9    24.0    23.1    23.5    25.3    29.5    33.3    32.9    29.5    26.1    26.2    27.8    28.0    26.1    23.8    24.6    23.6    22.0    21.4    21.4    20.7    20.5    20.8    23.9    26.9 -9999.0 -9999.0 -9999.0 -9999.0 -9999.0 -9999.0 -9999.0 -9999.0 -9999.0 -9999.0 -9999.0 -9999.0 -9999.0 -9999.0 -9999.0 -9999.0 -9999.0 -9999.0 -9999.0 -9999.0 -9999.0 -9999.0 -9999.0 -9999.0 -9999.0 -9999.0 -9999.0 -9999.0 -9999.0 -9999.0
 -9999.0 -9999.0 -9999.0 -9999.0 -9999.0 -9999.0 -9999.0 -9999.0 -9999.0 -9999.0 -9999.0 -9999.0     1.8     0.3     0.3     1.1     0.5     0.1     0.1     0.1     0.0     0.1     0.1     0.1     0.1     0.2     0.3     0.6     1.0     1.6     2.2     2.8     3.8     3.1     3.1     3.7     4.2     6.9     9.1     8.6     9.2     7.8     7.4     8.5    10.3    12.5    14.4    12.0     8.8     4.2     4.6     6.8     5.4     4.9     5.3     4.9     6.5     7.8     7.4    11.0    14.5    17.5    12.8    11.0    11.6    22.0    25.1    36.9    47.2    53.6    49.5    41.4    34.5    30.2    28.1    26.5    28.3    28.2    32.9    36.4    36.2    33.9    30.6    31.1    31.7    32.6    33.4    36.1    37.8    33.7    29.3    28.7    30.2    29.9    30.5    31.2    33.8    34.9    32.6 -9999.0 -9999.0 -9999.0 -9999.0 -9999.0 -9999.0 -9999.0 -9999.0 -9999.0 -9999.0 -9999.0 -9999.0 -9999.0 -9999.0 -9999.0 -9999.0 -9999.0 -9999.0 -9999.0 -9999.0 -9999.0 -9999.0 -9999.0 -9999.0 -9999.0 -9999.0 -9999.0 -9999.0 -9999.0
 -9999.0 -9999.0 -9999.0 -9999.0 -9999.0 -9999.0 -9999.0 -9999.0 -9999.0 -9999.0 -9999.0 -9999.0     0.2     0.9     0.2     0.2     0.1     0.3     0.1     0.1     0.1     0.1     0.1     0.1     0.2     0.3     0.4     0.9     1.1     1.6     2.2     3.1     2.9     2.5     2.1     2.2     2.9     5.0     7.0    10.5     9.9     7.3    12.5     7.7    13.1    18.5    20.2    17.0    11.6     9.1     8.4     6.8    12.2    12.6     8.8     4.5     6.9     9.1    11.2     9.8    12.7    15.7    21.8    12.2    16.0    32.2    35.0    42.6    50.0    49.8    47.2    43.8    38.5    36.1    35.3    35.3    34.3    37.5    38.4    38.8    32.5    30.2    26.5    30.3    34.1    31.6    32.5    36.4    36.7    32.7    29.4    30.0    32.7    35.1    36.4    36.3    35.9    34.7    32.1    29.5 -9999.0 -9999.0 -9999.0 -9999.0 -9999.0 -9999.0 -9999.0 -9999.0 -9999.0 -9999.0 -9999.0 -9999.0 -9999.0 -9999.0 -9999.0 -9999.0 -9999.0 -9999.0 -9999.0 -9999.0 -9999.0 -9999.0 -9999.0 -9999.0 -9999.0 -9999.0 -9999.0 -9999.0
 -9999.0 -9999.0 -9999.0 -9999.0 -9999.0 -9999.0 -9999.0 -9999.0 -9999.0 -9999.0 -9999.0 -9999.0 -9999.0     2.2     1.1     0.2     0.2     0.1     0.2     0.2     0.5     0.2     0.2     0.3     0.3     0.4     0.6     0.8     1.1     1.4     2.1     2.4     2.8     2.2     1.7     2.5     2.8     3.2     5.8     7.4     8.7    14.7    17.0    15.6    14.8    19.3    22.5    20.4    18.6    14.7    10.7    11.5     9.1     6.2    10.4    11.1     5.9     7.5    12.4    19.7    20.1    28.7    22.5    11.3    27.0    29.4    34.3    41.9    46.7    50.1    49.6    49.1    47.9    53.5    52.1    55.4    55.6    52.7    49.5    41.1    30.8    26.9    25.9    26.6    27.4    23.8    22.7    30.4    25.9    25.0    25.9    29.7    34.1    36.9    38.3    39.8    35.3    32.2    29.7 -9999.0 -9999.0 -9999.0 -9999.0 -9999.0 -9999.0 -9999.0 -9999.0 -9999.0 -9999.0 -9999.0 -9999.0 -9999.0 -9999.0 -9999.0 -9999.0 -9999.0 -9999.0 -9999.0 -9999.0 -9999.0 -9999.0 -9999.0 -9999.0 -9999.0 -9999.0 -9999.0 -9999.0 -9999.0
 -9999.0 -9999.0 -9999.0 -9999.0 -9999.0 -9999.0 -9999.0 -9999.0 -9999.0 -9999.0 -9999.0 -9999.0 -9999.0     0.1     1.0     0.2     0.7     0.1     0.2     0.2     0.7     0.6     0.7     0.6     0.5     0.6     0.8     0.9     1.0     1.6     1.7     2.0     1.9     1.7     1.7     1.6     1.2     2.0     4.7    11.4     8.8    10.8    12.6    14.8    23.2    20.8    22.6    20.3    17.5    14.1    13.5     8.0     9.7    12.1    14.2    13.0    10.8    12.9    18.0    17.2    25.0    20.1    20.8    31.5    27.2    27.5    34.1    44.6    51.3    54.9    59.1    60.9    65.1    70.9    76.0    76.9    73.5    69.8    52.6    44.8    36.8    31.2    28.3    26.4    24.5    21.4    18.6    17.4    17.7    19.4    23.9    29.1    33.7    35.9    36.8    37.2    34.7    31.6    29.8 -9999.0 -9999.0 -9999.0 -9999.0 -9999.0 -9999.0 -9999.0 -9999.0 -9999.0 -9999.0 -9999.0 -9999.0 -9999.0 -9999.0 -9999.0 -9999.0 -9999.0 -9999.0 -9999.0 -9999.0 -9999.0 -9999.0 -9999.0 -9999.0 -9999.0 -9999.0 -9999.0 -9999.0 -9999.0
 -9999.0 -9999.0 -9999.0 -9999.0 -9999.0 -9999.0 -9999.0 -9999.0 -9999.0 -9999.0 -9999.0 -9999.0 -9999.0 -9999.0 -9999.0     0.3     0.2     0.4     0.3     0.3     0.8     0.7     0.7     0.9     1.0     1.0     1.4     1.0     1.3     0.8     1.0     1.0     1.6     1.4     0.9     1.9     2.9     0.9     2.5     4.7     9.5    12.1    12.3    12.8    12.9    18.0    19.9    18.6    16.1     8.0     9.3    16.3     9.4    10.2     9.6    13.8    16.7    25.2    23.0    26.6    32.5    25.2    41.2    34.9    31.0    32.3    42.1    56.4    62.0    68.3    74.4    76.2    77.1    88.6   100.4    97.5    95.4    87.7    67.9    48.6    43.8    37.8    32.9    29.9    27.1    24.3    21.9    21.6    20.8    21.2    25.5    33.5    32.9    36.0    35.3    32.6    32.8 -9999.0    31.7 -9999.0 -9999.0 -9999.0 -9999.0 -9999.0 -9999.0 -9999.0 -9999.0 -9999.0 -9999.0 -9999.0 -9999.0 -9999.0 -9999.0 -9999.0 -9999.0 -9999.0 -9999.0 -9999.0 -9999.0 -9999.0 -9999.0 -9999.0 -9999.0 -9999.0 -9999.0 -9999.0 -9999.0 -9999.0
 -9999.0 -9999.0 -9999.0 -9999.0 -9999.0 -9999.0 -9999.0 -9999.0 -9999.0 -9999.0 -9999.0 -9999.0 -9999.0 -9999.0 -9999.0 -9999.0 -9999.0     0.0     0.1 -9999.0     0.6     1.3     1.3     1.5     1.7     1.6     1.8     1.2     0.7     0.7     0.4     0.3     1.0     0.3     0.2     0.4     2.2     0.2     1.4     3.0     5.4    10.2     9.0     8.8    12.0    15.3    39.8    20.3    11.9    11.9     4.1     8.5     6.6    13.1    15.0    16.2    16.1    19.6    22.8    27.1    21.5    25.9    33.4    36.2    36.3    39.3    51.8    65.4    72.1    81.3    88.9    84.5    88.9   105.7   112.0   109.3   101.5    86.7    67.4    44.8    39.5    34.6    31.7    31.2    30.3    27.5    26.0    25.6    25.2    25.8    30.8    32.8    24.6    24.1    30.1    35.8    29.8    31.9    35.8    34.6    30.4 -9999.0 -9999.0 -9999.0 -9999.0 -9999.0 -9999.0 -9999.0 -9999.0 -9999.0 -9999.0 -9999.0 -9999.0 -9999.0 -9999.0 -9999.0 -9999.0 -9999.0 -9999.0 -9999.0 -9999.0 -9999.0 -9999.0 -9999.0 -9999.0 -9999.0 -9999.0 -9999.0
 -9999.0 -9999.0 -9999.0 -9999.0 -9999.0 -9999.0 -9999.0 -9999.0 -9999.0 -9999.0 -9999.0 -9999.0 -9999.0 -9999.0 -9999.0 -9999.0 -9999.0 -9999.0 -9999.0 -9999.0 -9999.0     1.8     2.4     3.1     2.7     2.6     2.1     1.4     0.7     0.3     0.2     0.1     0.1     0.1     0.1     0.2     0.2     0.2     0.2     0.1     0.2     7.2     8.9     8.0     8.0    11.1    37.1    15.6    21.6    50.5    12.4    26.3    25.0    16.7    17.7    18.1    16.2    14.1    21.4    23.7    18.2    20.9    22.2    30.3    41.6    50.1    62.4    70.9    76.8    87.0    95.4    89.5    92.8    97.6    94.8    89.8    76.8    55.7    49.3    42.8    34.9    31.1    30.4    32.9    40.3    30.7    27.5    25.9    25.1    26.5    30.0    24.1    29.2    31.3    23.6    28.9    28.2    28.1    33.7    30.9 -9999.0 -9999.0 -9999.0 -9999.0 -9999.0 -9999.0 -9999.0 -9999.0 -9999.0 -9999.0 -9999.0 -9999.0 -9999.0 -9999.0 -9999.0 -9999.0 -9999.0 -9999.0 -9999.0 -9999.0 -9999.0 -9999.0 -9999.0 -9999.0 -9999.0 -9999.0 -9999.0 -9999.0
 -9999.0 -9999.0 -9999.0 -9999.0 -9999.0 -9999.0 -9999.0 -9999.0 -9999.0 -9999.0 -9999.0 -9999.0 -9999.0 -9999.0 -9999.0 -9999.0 -9999.0 -9999.0 -9999.0 -9999.0 -9999.0 -9999.0 -9999.0     4.1     4.1     3.9     3.2     2.0     1.0     0.3     0.1     0.1     0.5     0.2     0.5     0.4     0.9     0.3     1.7     3.4     3.5     6.9     3.0     2.0     5.8    32.3    18.1    16.4    15.0    10.0    10.4    29.9    22.1    31.9    22.6     6.8    12.4    15.1    15.4    17.9    24.5    28.3    28.0    20.4    30.3    50.7    64.5    67.8    72.3    78.6    79.7    75.4    70.7    72.7    60.4    55.1    57.6    49.2    44.9    45.8    40.4    35.1    34.4    38.8    41.1    45.8    28.1    27.4    24.9    25.6    27.8    27.2    16.5    21.7    21.7    23.3    20.1    22.3    20.2 -9999.0 -9999.0 -9999.0 -9999.0 -9999.0 -9999.0 -9999.0 -9999.0 -9999.0 -9999.0 -9999.0 -9999.0 -9999.0 -9999.0 -9999.0 -9999.0 -9999.0 -9999.0 -9999.0 -9999.0 -9999.0 -9999.0 -9999.0 -9999.0 -9999.0 -9999.0 -9999.0 -9999.0 -9999.0
 -9999.0 -9999.0 -9999.0 -9999.0 -9999.0 -9999.0 -9999.0 -9999.0 -9999.0 -9999.0 -9999.0 -9999.0 -9999.0 -9999.0 -9999.0 -9999.0 -9999.0 -9999.0 -9999.0 -9999.0 -9999.0 -9999.0 -9999.0 -9999.0 -9999.0     6.0     5.5     3.7     2.0     2.2     0.4     0.1     0.1     0.2     0.2     0.9     3.9     0.8     3.3     1.9     6.1     2.2     0.9     2.0    17.6    32.8    26.1    41.9    17.8    13.3    34.6    35.5    46.8    46.5    19.6    12.1    12.8     9.1    13.7    16.1    23.1    29.0    29.4    17.5    26.1    42.7    52.6    51.7    57.2    63.9    60.9    50.6    38.4    53.4    55.0    39.4    31.2    37.8    58.4    47.6    44.1    41.3    38.5    38.8    41.6    32.8    27.8    24.2    24.0    24.3    22.0    16.9    17.1    22.7    17.9    17.4     9.8    11.8 -9999.0 -9999.0 -9999.0 -9999.0 -9999.0 -9999.0 -9999.0 -9999.0 -9999.0 -9999.0 -9999.0 -9999.0 -9999.0 -9999.0 -9999.0 -9999.0 -9999.0 -9999.0 -9999.0 -9999.0 -9999.0 -9999.0 -9999.0 -9999.0 -9999.0 -9999.0 -9999.0 -9999.0 -9999.0 -9999.0
 -9999.0 -9999.0 -9999.0 -9999.0 -9999.0 -9999.0 -9999.0 -9999.0 -9999.0 -9999.0 -9999.0 -9999.0 -9999.0 -9999.0 -9999.0 -9999.0 -9999.0 -9999.0 -9999.0 -9999.0 -9999.0 -9999.0 -9999.0 -9999.0 -9999.0 -9999.0 -9999.0     5.2     4.4     1.9     0.7     0.3     0.8     0.2     0.5     0.3     0.5     0.6     0.1     1.0     3.3     0.4     2.7    15.0    23.5    34.9    44.6    48.1    47.5    23.4    30.8    28.9    44.1    36.4    30.0    25.4    13.9    14.8    16.6    23.6    36.3    32.7    30.2    25.1    23.8    28.1    42.2    45.6    47.5    49.8    44.0    46.2    31.9    46.9    41.6    37.0    55.0    49.2    34.3    35.8    41.0    40.9    41.1    39.6    33.7    29.7    26.0    29.3    22.4    21.8    24.9    26.3    15.3    11.9    14.3    10.7     6.1 -9999.0 -9999.0 -9999.0 -9999.0 -9999.0 -9999.0 -9999.0 -9999.0 -9999.0 -9999.0 -9999.0 -9999.0 -9999.0 -9999.0 -9999.0 -9999.0 -9999.0 -9999.0 -9999.0 -9999.0 -9999.0 -9999.0 -9999.0 -9999.0 -9999.0 -9999.0 -9999.0 -9999.0 -9999.0 -9999.0 -9999.0
 -9999.0 -9999.0 -9999.0 -9999.0 -9999.0 -9999.0 -9999.0 -9999.0 -9999.0 -9999.0 -9999.0 -9999.0 -9999.0 -9999.0 -9999.0 -9999.0 -9999.0 -9999.0 -9999.0 -9999.0 -9999.0 -9999.0 -9999.0 -9999.0 -9999.0 -9999.0 -9999.0 -9999.0 -9999.0 -9999.0 -9999.0 -9999.0 -9999.0     0.8     0.6 -9999.0 -9999.0 -9999.0     0.7     0.8     0.9     2.9     3.8    20.7    32.8    40.6 -9999.0 -9999.0 -9999.0 -9999.0 -9999.0 -9999.0    38.4    53.5    29.0    25.6    26.1    31.6    35.7    50.8    57.1    45.6    44.0    31.7    23.9    24.8    34.1    44.1    46.9    42.6    37.4    46.9    56.1    48.8    64.5    51.5    72.2    50.2    36.0    30.6    34.3    40.4    43.1    38.2    33.5    27.4    23.6    23.2    27.1    18.0    19.0    14.7     7.1     5.4     7.4     4.3     3.6 -9999.0 -9999.0 -9999.0 -9999.0 -9999.0 -9999.0 -9999.0 -9999.0 -9999.0 -9999.0 -9999.0 -9999.0 -9999.0 -9999.0 -9999.0 -9999.0 -9999.0 -9999.0 -9999.0 -9999.0 -9999.0 -9999.0 -9999.0 -9999.0 -9999.0 -9999.0 -9999.0 -9999.0 -9999.0 -9999.0 -9999.0
 -9999.0 -9999.0 -9999.0 -9999.0 -9999.0 -9999.0 -9999.0 -9999.0 -9999.0 -9999.0 -9999.0 -9999.0 -9999.0 -9999.0 -9999.0 -9999.0 -9999.0 -9999.0 -9999.0 -9999.0 -9999.0 -9999.0 -9999.0 -9999.0 -9999.0 -9999.0 -9999.0 -9999.0 -9999.0 -9999.0 -9999.0 -9999.0 -9999.0 -9999.0 -9999.0 -9999.0 -9999.0 -9999.0 -9999.0     6.7     9.4    13.8    19.8    27.1 -9999.0 -9999.0 -9999.0 -9999.0 -9999.0 -9999.0 -9999.0 -9999.0    49.2    60.0    43.6    41.0    48.5    53.6    59.7    74.1    85.7    66.0    48.3    35.9    28.0    26.3    35.0    54.0    56.9    56.4    56.5    57.5    55.3    73.0    56.2    64.2    67.0    51.2    42.4    29.6    34.1    40.6    42.8    38.9    31.7    26.3    25.1    25.4    19.0    16.6    11.0     5.8     2.6     5.5     6.4     2.7 -9999.0 -9999.0 -9999.0 -9999.0 -9999.0 -9999.0 -9999.0 -9999.0 -9999.0 -9999.0 -9999.0 -9999.0 -9999.0 -9999.0 -9999.0 -9999.0 -9999.0 -9999.0 -9999.0 -9999.0 -9999.0 -9999.0 -9999.0 -9999.0 -9999.0 -9999.0 -9999.0 -9999.0 -9999.0 -9999.0 -9999.0 -9999.0
 -9999.0 -9999.0 -9999.0 -9999.0 -9999.0 -9999.0 -9999.0 -9999.0 -9999.0 -9999.0 -9999.0 -9999.0 -9999.0 -9999.0 -9999.0 -9999.0 -9999.0 -9999.0 -9999.0 -9999.0 -9999.0 -9999.0 -9999.0 -9999.0 -9999.0 -9999.0 -9999.0 -9999.0 -9999.0 -9999.0 -9999.0 -9999.0 -9999.0 -9999.0 -9999.0 -9999.0 -9999.0 -9999.0 -9999.0 -9999.0 -9999.0 -9999.0 -9999.0 -9999.0 -9999.0 -9999.0 -9999.0 -9999.0 -9999.0 -9999.0 -9999.0 -9999.0    71.5    68.6    57.6    58.8    73.1    73.8    70.1    73.7    72.6    64.7    56.8    42.1    37.7    39.1    57.9    73.6    77.4    72.6    66.4    65.4    88.5    77.9    74.0    54.5    57.0    40.5    31.3    31.2    35.6    41.0    41.9    36.8    30.0    25.5    23.5    21.7    17.9    13.9    10.2     9.9     1.6     6.6     4.0 -9999.0 -9999.0 -9999.0 -9999.0 -9999.0 -9999.0 -9999.0 -9999.0 -9999.0 -9999.0 -9999.0 -9999.0 -9999.0 -9999.0 -9999.0 -9999.0 -9999.0 -9999.0 -9999.0 -9999.0 -9999.0 -9999.0 -9999.0 -9999.0 -9999.0 -9999.0 -9999.0 -9999.0 -9999.0 -9999.0 -9999.0 -9999.0 -9999.0
 -9999.0 -9999.0 -9999.0 -9999.0 -9999.0 -9999.0 -9999.0 -9999.0 -9999.0 -9999.0 -9999.0 -9999.0 -9999.0 -9999.0 -9999.0 -9999.0 -9999.0 -9999.0 -9999.0 -9999.0 -9999.0 -9999.0 -9999.0 -9999.0 -9999.0 -9999.0 -9999.0 -9999.0 -9999.0 -9999.0 -9999.0 -9999.0 -9999.0 -9999.0 -9999.0 -9999.0 -9999.0 -9999.0 -9999.0 -9999.0 -9999.0 -9999.0 -9999.0 -9999.0 -9999.0 -9999.0 -9999.0 -9999.0 -9999.0 -9999.0 -9999.0   100.1    94.5    82.9    91.8    89.9    93.1    81.2    67.7    43.7    63.8    62.1    50.7    51.7    50.8    56.8    72.8    60.6    80.4    67.3    59.1    59.3    54.9    55.3    60.5    50.0    51.6    34.1    30.1    31.6    36.1    37.8    39.3    32.6    25.2    19.1    20.8    17.9    16.1    10.2    14.4     6.7     4.6     1.3     2.5 -9999.0 -9999.0 -9999.0 -9999.0 -9999.0 -9999.0 -9999.0 -9999.0 -9999.0 -9999.0 -9999.0 -9999.0 -9999.0 -9999.0 -9999.0 -9999.0 -9999.0 -9999.0 -9999.0 -9999.0 -9999.0 -9999.0 -9999.0 -9999.0 -9999.0 -9999.0 -9999.0 -9999.0 -9999.0 -9999.0 -9999.0 -9999.0 -9999.0
 -9999.0 -9999.0 -9999.0 -9999.0 -9999.0 -9999.0 -9999.0 -9999.0 -9999.0 -9999.0 -9999.0 -9999.0 -9999.0 -9999.0 -9999.0 -9999.0 -9999.0 -9999.0 -9999.0 -9999.0 -9999.0 -9999.0 -9999.0 -9999.0 -9999.0 -9999.0 -9999.0 -9999.0 -9999.0 -9999.0 -9999.0 -9999.0 -9999.0 -9999.0 -9999.0 -9999.0 -9999.0 -9999.0 -9999.0 -9999.0 -9999.0 -9999.0 -9999.0 -9999.0 -9999.0 -9999.0 -9999.0 -9999.0 -9999.0 -9999.0   107.3   125.4   120.4   110.8   113.3   104.1    96.0    73.6    54.3    50.3    44.4    66.5    59.3    63.2    59.9    62.5    70.4    60.0    65.2    44.2    46.7    38.0    48.5    73.3    76.6    68.2    52.5    45.9    39.1    39.0    38.7    36.0    30.3    24.2    20.7    12.4    13.9    11.1    11.0     9.1     8.0    11.3     1.5     0.8     1.1 -9999.0 -9999.0 -9999.0 -9999.0 -9999.0 -9999.0 -9999.0 -9999.0 -9999.0 -9999.0 -9999.0 -9999.0 -9999.0 -9999.0 -9999.0 -9999.0 -9999.0 -9999.0 -9999.0 -9999.0 -9999.0 -9999.0 -9999.0 -9999.0 -9999.0 -9999.0 -9999.0 -9999.0 -9999.0 -9999.0 -9999.0 -9999.0 -9999.0
 -9999.0 -9999.0 -9999.0 -9999.0 -9999.0 -9999.0 -9999.0 -9999.0 -9999.0 -9999.0 -9999.0 -9999.0 -9999.0 -9999.0 -9999.0 -9999.0 -9999.0 -9999.0 -9999.0 -9999.0 -9999.0 -9999.0 -9999.0 -9999.0 -9999.0 -9999.0 -9999.0 -9999.0 -9999.0 -9999.0 -9999.0 -9999.0 -9999.0 -9999.0 -9999.0 -9999.0 -9999.0 -9999.0 -9999.0 -9999.0 -9999.0 -9999.0 -9999.0 -9999.0 -9999.0 -9999.0 -9999.0 -9999.0 -9999.0 -9999.0   115.5   144.6   130.4   133.4   119.3   101.4    67.9    66.6    52.6    46.6    52.1    61.8    63.0    65.0    58.7    49.3    49.9    39.5    39.0    34.2    41.0    49.5    63.6    76.9    73.3    68.2    70.4    72.8    67.2    52.6    49.4    38.0    26.2    17.2    16.1     9.0     8.1     9.0     7.6     4.4     6.0     0.4     0.2     0.2 -9999.0 -9999.0 -9999.0 -9999.0 -9999.0 -9999.0 -9999.0 -9999.0 -9999.0 -9999.0 -9999.0 -9999.0 -9999.0 -9999.0 -9999.0 -9999.0 -9999.0 -9999.0 -9999.0 -9999.0 -9999.0 -9999.0 -9999.0 -9999.0 -9999.0 -9999.0 -9999.0 -9999.0 -9999.0 -9999.0 -9999.0 -9999.0 -9999.0 -9999.0
 -9999.0 -9999.0 -9999.0 -9999.0 -9999.0 -9999.0 -9999.0 -9999.0 -9999.0 -9999.0 -9999.0 -9999.0 -9999.0 -9999.0 -9999.0 -9999.0 -9999.0 -9999.0 -9999.0 -9999.0 -9999.0 -9999.0 -9999.0 -9999.0 -9999.0 -9999.0 -9999.0 -9999.0 -9999.0 -9999.0 -9999.0 -9999.0 -9999.0 -9999.0 -9999.0 -9999.0 -9999.0 -9999.0 -9999.0 -9999.0 -9999.0 -9999.0 -9999.0 -9999.0 -9999.0 -9999.0 -9999.0 -9999.0 -9999.0 -9999.0   110.3   137.3   120.4   140.3   110.2    87.0    80.9    66.9    65.8    88.3    81.8    83.4    79.0    62.0    52.2    41.1    38.2    36.5    35.3    47.8    53.2    88.4    83.5    98.3    76.0    84.1    88.7    97.3    84.3    69.9    50.6    35.9    19.0    13.1    16.4     7.7     5.2     4.7     5.2     2.4     5.5     0.4 -9999.0 -9999.0 -9999.0 -9999.0 -9999.0 -9999.0 -9999.0 -9999.0 -9999.0 -9999.0 -9999.0 -9999.0 -9999.0 -9999.0 -9999.0 -9999.0 -9999.0 -9999.0 -9999.0 -9999.0 -9999.0 -9999.0 -9999.0 -9999.0 -9999.0 -9999.0 -9999.0 -9999.0 -9999.0 -9999.0 -9999.0 -9999.0 -9999.0 -9999.0 -9999.0 -9999.0
 -9999.0 -9999.0 -9999.0 -9999.0 -9999.0 -9999.0 -9999.0 -9999.0 -9999.0 -9999.0 -9999.0 -9999.0 -9999.0 -9999.0 -9999.0 -9999.0 -9999.0 -9999.0 -9999.0 -9999.0 -9999.0 -9999.0 -9999.0 -9999.0 -9999.0 -9999.0 -9999.0 -9999.0 -9999.0 -9999.0 -9999.0 -9999.0 -9999.0 -9999.0 -9999.0 -9999.0 -9999.0 -9999.0 -9999.0 -9999.0 -9999.0 -9999.0 -9999.0 -9999.0 -9999.0 -9999.0 -9999.0 -9999.0 -9999.0 -9999.0   136.7   158.3   150.8   149.6   129.9   102.0    93.8    90.5   106.3   135.7   107.9    92.7    67.8    59.2    49.4    40.7    42.8    45.7    55.5    44.4    70.0    96.1   118.5   117.8    93.3   116.8   119.6   104.7    79.3    55.3    39.6    33.3    17.9    17.4    11.8    10.6    12.3     3.0     5.5     4.8     0.5 -9999.0 -9999.0 -9999.0 -9999.0 -9999.0 -9999.0 -9999.0 -9999.0 -9999.0 -9999.0 -9999.0 -9999.0 -9999.0 -9999.0 -9999.0 -9999.0 -9999.0 -9999.0 -9999.0 -9999.0 -9999.0 -9999.0 -9999.0 -9999.0 -9999.0 -9999.0 -9999.0 -9999.0 -9999.0 -9999.0 -9999.0 -9999.0 -9999.0 -9999.0 -9999.0 -9999.0 -9999.0
 -9999.0 -9999.0 -9999.0 -9999.0 -9999.0 -9999.0 -9999.0 -9999.0 -9999.0 -9999.0 -9999.0 -9999.0 -9999.0 -9999.0 -9999.0 -9999.0 -9999.0 -9999.0 -9999.0 -9999.0 -9999.0 -9999.0 -9999.0 -9999.0 -9999.0 -9999.0 -9999.0 -9999.0 -9999.0 -9999.0 -9999.0 -9999.0 -9999.0 -9999.0 -9999.0 -9999.0 -9999.0 -9999.0 -9999.0 -9999.0 -9999.0 -9999.0 -9999.0 -9999.0 -9999.0 -9999.0 -9999.0 -9999.0 -9999.0 -9999.0 -9999.0 -9999.0 -9999.0   156.6   153.5   127.0   108.9   110.4   147.7   136.1   106.2    70.5    80.5    52.0    44.6    42.0    52.4    54.6    67.0    74.0    81.5    96.9   112.0   125.6   144.6   153.3   142.4    95.7    58.7    38.3    30.7    22.7    21.6    20.9    17.2    13.3     6.5    10.0     0.2     0.2 -9999.0 -9999.0 -9999.0 -9999.0 -9999.0 -9999.0 -9999.0 -9999.0 -9999.0 -9999.0 -9999.0 -9999.0 -9999.0 -9999.0 -9999.0 -9999.0 -9999.0 -9999.0 -9999.0 -9999.0 -9999.0 -9999.0 -9999.0 -9999.0 -9999.0 -9999.0 -9999.0 -9999.0 -9999.0 -9999.0 -9999.0 -9999.0 -9999.0 -9999.0 -9999.0 -9999.0 -9999.0 -9999.0
 -9999.0 -9999.0 -9999.0 -9999.0 -9999.0 -9999.0 -9999.0 -9999.0 -9999.0 -9999.0 -9999.0 -9999.0 -9999.0 -9999.0 -9999.0 -9999.0 -9999.0 -9999.0 -9999.0 -9999.0 -9999.0 -9999.0 -9999.0 -9999.0 -9999.0 -9999.0 -9999.0 -9999.0 -9999.0 -9999.0 -9999.0 -9999.0 -9999.0 -9999.0 -9999.0 -9999.0 -9999.0 -9999.0 -9999.0 -9999.0 -9999.0 -9999.0 -9999.0 -9999.0 -9999.0 -9999.0 -9999.0 -9999.0 -9999.0 -9999.0 -9999.0 -9999.0 -9999.0   135.8   126.0    96.1    99.3   106.7   107.7    93.0    71.3    61.3    57.2    48.8    46.5    49.5    55.4    77.0    73.9    82.6    85.2    96.4   116.7   152.5   191.0   194.6   128.2    89.2    47.0    30.1    24.1    24.8    25.2 -9999.0    17.4     7.2 -9999.0 -9999.0 -9999.0 -9999.0 -9999.0 -9999.0 -9999.0 -9999.0 -9999.0 -9999.0 -9999.0 -9999.0 -9999.0 -9999.0 -9999.0 -9999.0 -9999.0 -9999.0 -9999.0 -9999.0 -9999.0 -9999.0 -9999.0 -9999.0 -9999.0 -9999.0 -9999.0 -9999.0 -9999.0 -9999.0 -9999.0 -9999.0 -9999.0 -9999.0 -9999.0 -9999.0 -9999.0 -9999.0 -9999.0 -9999.0 -9999.0 -9999.0
 -9999.0 -9999.0 -9999.0 -9999.0 -9999.0 -9999.0 -9999.0 -9999.0 -9999.0 -9999.0 -9999.0 -9999.0 -9999.0 -9999.0 -9999.0 -9999.0 -9999.0 -9999.0 -9999.0 -9999.0 -9999.0 -9999.0 -9999.0 -9999.0 -9999.0 -9999.0 -9999.0 -9999.0 -9999.0 -9999.0 -9999.0 -9999.0 -9999.0 -9999.0 -9999.0 -9999.0 -9999.0 -9999.0 -9999.0 -9999.0 -9999.0 -9999.0 -9999.0 -9999.0 -9999.0 -9999.0 -9999.0 -9999.0 -9999.0 -9999.0 -9999.0 -9999.0 -9999.0    89.0    69.7    67.0    62.4    65.7    68.9    64.2    53.4    46.6    47.9    50.9    54.6 -9999.0 -9999.0 -9999.0   103.9   102.0   117.7   143.8   161.3   180.7   205.9   200.6   106.1    64.5   121.9    29.0    21.7    26.0    40.9 -9999.0 -9999.0 -9999.0 -9999.0 -9999.0 -9999.0 -9999.0 -9999.0 -9999.0 -9999.0 -9999.0 -9999.0 -9999.0 -9999.0 -9999.0 -9999.0 -9999.0 -9999.0 -9999.0 -9999.0 -9999.0 -9999.0 -9999.0 -9999.0 -9999.0 -9999.0 -9999.0 -9999.0 -9999.0 -9999.0 -9999.0 -9999.0 -9999.0 -9999.0 -9999.0 -9999.0 -9999.0 -9999.0 -9999.0 -9999.0 -9999.0 -9999.0 -9999.0 -9999.0 -9999.0
 -9999.0 -9999.0 -9999.0 -9999.0 -9999.0 -9999.0 -9999.0 -9999.0 -9999.0 -9999.0 -9999.0 -9999.0 -9999.0 -9999.0 -9999.0 -9999.0 -9999.0 -9999.0 -9999.0 -9999.0 -9999.0 -9999.0 -9999.0 -9999.0 -9999.0 -9999.0 -9999.0 -9999.0 -9999.0 -9999.0 -9999.0 -9999.0 -9999.0 -9999.0 -9999.0 -9999.0 -9999.0 -9999.0 -9999.0 -9999.0 -9999.0 -9999.0 -9999.0 -9999.0 -9999.0 -9999.0 -9999.0 -9999.0 -9999.0 -9999.0 -9999.0 -9999.0 -9999.0 -9999.0    39.0    33.2    30.6    36.4    44.6    46.8    50.8 -9999.0 -9999.0 -9999.0 -9999.0 -9999.0 -9999.0 -9999.0    98.9   140.0   205.6   193.2   197.9   211.5   195.0   140.7    83.2    35.0    18.9 -9999.0    22.4 -9999.0 -9999.0 -9999.0 -9999.0 -9999.0 -9999.0 -9999.0 -9999.0 -9999.0 -9999.0 -9999.0 -9999.0 -9999.0 -9999.0 -9999.0 -9999.0 -9999.0 -9999.0 -9999.0 -9999.0 -9999.0 -9999.0 -9999.0 -9999.0 -9999.0 -9999.0 -9999.0 -9999.0 -9999.0 -9999.0 -9999.0 -9999.0 -9999.0 -9999.0 -9999.0 -9999.0 -9999.0 -9999.0 -9999.0 -9999.0 -9999.0 -9999.0 -9999.0 -9999.0 -9999.0 -9999.0 -9999.0
 -9999.0 -9999.0 -9999.0 -9999.0 -9999.0 -9999.0 -9999.0 -9999.0 -9999.0 -9999.0 -9999.0 -9999.0 -9999.0 -9999.0 -9999.0 -9999.0 -9999.0 -9999.0 -9999.0 -9999.0 -9999.0 -9999.0 -9999.0 -9999.0 -9999.0 -9999.0 -9999.0 -9999.0 -9999.0 -9999.0 -9999.0 -9999.0 -9999.0 -9999.0 -9999.0 -9999.0 -9999.0 -9999.0 -9999.0 -9999.0 -9999.0 -9999.0 -9999.0 -9999.0 -9999.0 -9999.0 -9999.0 -9999.0 -9999.0 -9999.0 -9999.0 -9999.0 -9999.0 -9999.0 -9999.0    12.9    18.5    20.5    29.8    36.5    38.5 -9999.0 -9999.0 -9999.0 -9999.0 -9999.0 -9999.0 -9999.0 -9999.0 -9999.0   181.1 -9999.0 -9999.0 -9999.0 -9999.0 -9999.0    54.2 -9999.0 -9999.0 -9999.0 -9999.0 -9999.0 -9999.0 -9999.0 -9999.0 -9999.0 -9999.0 -9999.0 -9999.0 -9999.0 -9999.0 -9999.0 -9999.0 -9999.0 -9999.0 -9999.0 -9999.0 -9999.0 -9999.0 -9999.0 -9999.0 -9999.0 -9999.0 -9999.0 -9999.0 -9999.0 -9999.0 -9999.0 -9999.0 -9999.0 -9999.0 -9999.0 -9999.0 -9999.0 -9999.0 -9999.0 -9999.0 -9999.0 -9999.0 -9999.0 -9999.0 -9999.0 -9999.0 -9999.0 -9999.0 -9999.0 -9999.0 -9999.0
 -9999.0 -9999.0 -9999.0 -9999.0 -9999.0 -9999.0 -9999.0 -9999.0 -9999.0 -9999.0 -9999.0 -9999.0 -9999.0 -9999.0 -9999.0 -9999.0 -9999.0 -9999.0 -9999.0 -9999.0 -9999.0 -9999.0 -9999.0 -9999.0 -9999.0 -9999.0 -9999.0 -9999.0 -9999.0 -9999.0 -9999.0 -9999.0 -9999.0 -9999.0 -9999.0 -9999.0 -9999.0 -9999.0 -9999.0 -9999.0 -9999.0 -9999.0 -9999.0 -9999.0 -9999.0 -9999.0 -9999.0 -9999.0 -9999.0 -9999.0 -9999.0 -9999.0 -9999.0 -9999.0 -9999.0 -9999.0 -9999.0 -9999.0    16.2    21.8 -9999.0 -9999.0 -9999.0 -9999.0 -9999.0 -9999.0 -9999.0 -9999.0 -9999.0 -9999.0 -9999.0 -9999.0 -9999.0 -9999.0 -9999.0   102.1    39.6 -9999.0 -9999.0 -9999.0 -9999.0 -9999.0 -9999.0 -9999.0 -9999.0 -9999.0 -9999.0 -9999.0 -9999.0 -9999.0 -9999.0 -9999.0 -9999.0 -9999.0 -9999.0 -9999.0 -9999.0 -9999.0 -9999.0 -9999.0 -9999.0 -9999.0 -9999.0 -9999.0 -9999.0 -9999.0 -9999.0 -9999.0 -9999.0 -9999.0 -9999.0 -9999.0 -9999.0 -9999.0 -9999.0 -9999.0 -9999.0 -9999.0 -9999.0 -9999.0 -9999.0 -9999.0 -9999.0 -9999.0 -9999.0 -9999.0 -9999.0 -9999.0
 -9999.0 -9999.0 -9999.0 -9999.0 -9999.0 -9999.0 -9999.0 -9999.0 -9999.0 -9999.0 -9999.0 -9999.0 -9999.0 -9999.0 -9999.0 -9999.0 -9999.0 -9999.0 -9999.0 -9999.0 -9999.0 -9999.0 -9999.0 -9999.0 -9999.0 -9999.0 -9999.0 -9999.0 -9999.0 -9999.0 -9999.0 -9999.0 -9999.0 -9999.0 -9999.0 -9999.0 -9999.0 -9999.0 -9999.0 -9999.0 -9999.0 -9999.0 -9999.0 -9999.0 -9999.0 -9999.0 -9999.0 -9999.0 -9999.0 -9999.0 -9999.0 -9999.0 -9999.0 -9999.0 -9999.0 -9999.0 -9999.0 -9999.0 -9999.0 -9999.0 -9999.0 -9999.0 -9999.0 -9999.0 -9999.0 -9999.0 -9999.0 -9999.0 -9999.0 -9999.0 -9999.0 -9999.0 -9999.0 -9999.0 -9999.0 -9999.0 -9999.0 -9999.0 -9999.0 -9999.0 -9999.0 -9999.0 -9999.0 -9999.0 -9999.0 -9999.0 -9999.0 -9999.0 -9999.0 -9999.0 -9999.0 -9999.0 -9999.0 -9999.0 -9999.0 -9999.0 -9999.0 -9999.0 -9999.0 -9999.0 -9999.0 -9999.0 -9999.0 -9999.0 -9999.0 -9999.0 -9999.0 -9999.0 -9999.0 -9999.0 -9999.0 -9999.0 -9999.0 -9999.0 -9999.0 -9999.0 -9999.0 -9999.0 -9999.0 -9999.0 -9999.0 -9999.0 -9999.0 -9999.0 -9999.0 -9999.0 -9999.0 -9999.0
 -9999.0 -9999.0 -9999.0 -9999.0 -9999.0 -9999.0 -9999.0 -9999.0 -9999.0 -9999.0 -9999.0 -9999.0 -9999.0 -9999.0 -9999.0 -9999.0 -9999.0 -9999.0 -9999.0 -9999.0 -9999.0 -9999.0 -9999.0 -9999.0 -9999.0 -9999.0 -9999.0 -9999.0 -9999.0 -9999.0 -9999.0 -9999.0 -9999.0 -9999.0 -9999.0 -9999.0 -9999.0 -9999.0 -9999.0 -9999.0 -9999.0 -9999.0 -9999.0 -9999.0 -9999.0 -9999.0 -9999.0 -9999.0 -9999.0 -9999.0 -9999.0 -9999.0 -9999.0 -9999.0 -9999.0 -9999.0 -9999.0 -9999.0 -9999.0 -9999.0 -9999.0 -9999.0 -9999.0 -9999.0 -9999.0 -9999.0 -9999.0 -9999.0 -9999.0 -9999.0 -9999.0 -9999.0 -9999.0 -9999.0 -9999.0   218.9   109.8    54.7 -9999.0 -9999.0 -9999.0 -9999.0 -9999.0 -9999.0 -9999.0 -9999.0 -9999.0 -9999.0 -9999.0 -9999.0 -9999.0 -9999.0 -9999.0 -9999.0 -9999.0 -9999.0 -9999.0 -9999.0 -9999.0 -9999.0 -9999.0 -9999.0 -9999.0 -9999.0 -9999.0 -9999.0 -9999.0 -9999.0 -9999.0 -9999.0 -9999.0 -9999.0 -9999.0 -9999.0 -9999.0 -9999.0 -9999.0 -9999.0 -9999.0 -9999.0 -9999.0 -9999.0 -9999.0 -9999.0 -9999.0 -9999.0 -9999.0 -9999.0
 -9999.0 -9999.0 -9999.0 -9999.0 -9999.0 -9999.0 -9999.0 -9999.0 -9999.0 -9999.0 -9999.0 -9999.0 -9999.0 -9999.0 -9999.0 -9999.0 -9999.0 -9999.0 -9999.0 -9999.0 -9999.0 -9999.0 -9999.0 -9999.0 -9999.0 -9999.0 -9999.0 -9999.0 -9999.0 -9999.0 -9999.0 -9999.0 -9999.0 -9999.0 -9999.0 -9999.0 -9999.0 -9999.0 -9999.0 -9999.0 -9999.0 -9999.0 -9999.0 -9999.0 -9999.0 -9999.0 -9999.0 -9999.0 -9999.0 -9999.0 -9999.0 -9999.0 -9999.0 -9999.0 -9999.0 -9999.0 -9999.0 -9999.0 -9999.0 -9999.0 -9999.0 -9999.0 -9999.0 -9999.0 -9999.0 -9999.0 -9999.0 -9999.0 -9999.0 -9999.0 -9999.0 -9999.0 -9999.0   117.1   395.6   350.7   311.8 -9999.0 -9999.0 -9999.0 -9999.0 -9999.0 -9999.0 -9999.0 -9999.0 -9999.0 -9999.0 -9999.0 -9999.0 -9999.0 -9999.0 -9999.0 -9999.0 -9999.0 -9999.0 -9999.0 -9999.0 -9999.0 -9999.0 -9999.0 -9999.0 -9999.0 -9999.0 -9999.0 -9999.0 -9999.0 -9999.0 -9999.0 -9999.0 -9999.0 -9999.0 -9999.0 -9999.0 -9999.0 -9999.0 -9999.0 -9999.0 -9999.0 -9999.0 -9999.0 -9999.0 -9999.0 -9999.0 -9999.0 -9999.0 -9999.0 -9999.0 -9999.0
 -9999.0 -9999.0 -9999.0 -9999.0 -9999.0 -9999.0 -9999.0 -9999.0 -9999.0 -9999.0 -9999.0 -9999.0 -9999.0 -9999.0 -9999.0 -9999.0 -9999.0 -9999.0 -9999.0 -9999.0 -9999.0 -9999.0 -9999.0 -9999.0 -9999.0 -9999.0 -9999.0 -9999.0 -9999.0 -9999.0 -9999.0 -9999.0 -9999.0 -9999.0 -9999.0 -9999.0 -9999.0 -9999.0 -9999.0 -9999.0 -9999.0 -9999.0 -9999.0 -9999.0 -9999.0 -9999.0 -9999.0 -9999.0 -9999.0 -9999.0 -9999.0 -9999.0 -9999.0 -9999.0 -9999.0 -9999.0 -9999.0 -9999.0 -9999.0 -9999.0 -9999.0 -9999.0 -9999.0 -9999.0 -9999.0 -9999.0 -9999.0 -9999.0 -9999.0 -9999.0 -9999.0 -9999.0 -9999.0 -9999.0   266.6   535.3   323.5 -9999.0 -9999.0 -9999.0 -9999.0 -9999.0 -9999.0 -9999.0 -9999.0 -9999.0 -9999.0 -9999.0 -9999.0 -9999.0 -9999.0 -9999.0 -9999.0 -9999.0 -9999.0 -9999.0 -9999.0 -9999.0 -9999.0 -9999.0 -9999.0 -9999.0 -9999.0 -9999.0 -9999.0 -9999.0 -9999.0 -9999.0 -9999.0 -9999.0 -9999.0 -9999.0 -9999.0 -9999.0 -9999.0 -9999.0 -9999.0 -9999.0 -9999.0 -9999.0 -9999.0 -9999.0 -9999.0 -9999.0 -9999.0 -9999.0 -9999.0 -9999.0
 -9999.0 -9999.0 -9999.0 -9999.0 -9999.0 -9999.0 -9999.0 -9999.0 -9999.0 -9999.0 -9999.0 -9999.0 -9999.0 -9999.0 -9999.0 -9999.0 -9999.0 -9999.0 -9999.0 -9999.0 -9999.0 -9999.0 -9999.0 -9999.0 -9999.0 -9999.0 -9999.0 -9999.0 -9999.0 -9999.0 -9999.0 -9999.0 -9999.0 -9999.0 -9999.0 -9999.0 -9999.0 -9999.0 -9999.0 -9999.0 -9999.0 -9999.0 -9999.0 -9999.0 -9999.0 -9999.0 -9999.0 -9999.0 -9999.0 -9999.0 -9999.0 -9999.0 -9999.0 -9999.0 -9999.0 -9999.0 -9999.0 -9999.0 -9999.0 -9999.0 -9999.0 -9999.0 -9999.0 -9999.0 -9999.0 -9999.0 -9999.0 -9999.0 -9999.0 -9999.0 -9999.0 -9999.0 -9999.0 -9999.0 -9999.0 -9999.0 -9999.0 -9999.0 -9999.0 -9999.0 -9999.0 -9999.0 -9999.0 -9999.0 -9999.0 -9999.0 -9999.0 -9999.0 -9999.0 -9999.0 -9999.0 -9999.0 -9999.0 -9999.0 -9999.0 -9999.0 -9999.0 -9999.0 -9999.0 -9999.0 -9999.0 -9999.0 -9999.0 -9999.0 -9999.0 -9999.0 -9999.0 -9999.0 -9999.0 -9999.0 -9999.0 -9999.0 -9999.0 -9999.0 -9999.0 -9999.0 -9999.0 -9999.0 -9999.0 -9999.0 -9999.0 -9999.0 -9999.0 -9999.0 -9999.0 -9999.0 -9999.0 -9999.0
