NCOLS      128
NROWS       72
XLLCORNER    72.000000000000    
YLLCORNER    18.000000000000    
CELLSIZE    0.50000000000000    
NODATA_VALUE   -9999.000    
 -9999.0 -9999.0 -9999.0 -9999.0 -9999.0 -9999.0 -9999.0 -9999.0 -9999.0 -9999.0 -9999.0 -9999.0 -9999.0 -9999.0 -9999.0 -9999.0 -9999.0 -9999.0 -9999.0 -9999.0 -9999.0 -9999.0 -9999.0 -9999.0 -9999.0 -9999.0 -9999.0 -9999.0 -9999.0 -9999.0 -9999.0 -9999.0 -9999.0 -9999.0 -9999.0 -9999.0 -9999.0 -9999.0 -9999.0 -9999.0 -9999.0 -9999.0 -9999.0 -9999.0 -9999.0 -9999.0 -9999.0 -9999.0 -9999.0 -9999.0 -9999.0 -9999.0 -9999.0 -9999.0 -9999.0 -9999.0 -9999.0 -9999.0 -9999.0 -9999.0 -9999.0 -9999.0 -9999.0 -9999.0 -9999.0 -9999.0 -9999.0 -9999.0 -9999.0 -9999.0 -9999.0 -9999.0 -9999.0 -9999.0 -9999.0 -9999.0 -9999.0 -9999.0 -9999.0 -9999.0 -9999.0 -9999.0 -9999.0 -9999.0 -9999.0 -9999.0 -9999.0 -9999.0 -9999.0 -9999.0 -9999.0 -9999.0 -9999.0 -9999.0 -9999.0 -9999.0 -9999.0    25.8    23.1    19.8    20.0    16.7    15.8    15.0    17.6 -9999.0 -9999.0 -9999.0 -9999.0 -9999.0 -9999.0 -9999.0 -9999.0 -9999.0 -9999.0 -9999.0 -9999.0 -9999.0 -9999.0 -9999.0 -9999.0 -9999.0 -9999.0 -9999.0 -9999.0 -9999.0 -9999.0 -9999.0
 -9999.0 -9999.0 -9999.0 -9999.0 -9999.0 -9999.0 -9999.0 -9999.0 -9999.0 -9999.0 -9999.0 -9999.0 -9999.0 -9999.0 -9999.0 -9999.0 -9999.0 -9999.0 -9999.0 -9999.0 -9999.0 -9999.0 -9999.0 -9999.0 -9999.0 -9999.0 -9999.0 -9999.0 -9999.0 -9999.0 -9999.0 -9999.0 -9999.0 -9999.0 -9999.0 -9999.0 -9999.0 -9999.0 -9999.0 -9999.0 -9999.0 -9999.0 -9999.0 -9999.0 -9999.0 -9999.0 -9999.0 -9999.0 -9999.0 -9999.0 -9999.0 -9999.0 -9999.0 -9999.0 -9999.0 -9999.0 -9999.0 -9999.0 -9999.0 -9999.0 -9999.0 -9999.0 -9999.0 -9999.0 -9999.0 -9999.0 -9999.0 -9999.0 -9999.0 -9999.0 -9999.0 -9999.0 -9999.0 -9999.0 -9999.0 -9999.0 -9999.0 -9999.0 -9999.0 -9999.0 -9999.0 -9999.0 -9999.0 -9999.0 -9999.0 -9999.0 -9999.0 -9999.0 -9999.0 -9999.0 -9999.0 -9999.0 -9999.0 -9999.0 -9999.0 -9999.0    26.8    26.4    30.7    26.4    28.5    25.8    21.3    18.1    17.4    15.3    16.9    22.2    28.2 -9999.0 -9999.0 -9999.0 -9999.0 -9999.0 -9999.0 -9999.0 -9999.0 -9999.0 -9999.0 -9999.0 -9999.0 -9999.0 -9999.0 -9999.0 -9999.0 -9999.0 -9999.0 -9999.0
 -9999.0 -9999.0 -9999.0 -9999.0 -9999.0 -9999.0 -9999.0 -9999.0 -9999.0 -9999.0 -9999.0 -9999.0 -9999.0 -9999.0 -9999.0 -9999.0 -9999.0 -9999.0 -9999.0 -9999.0 -9999.0 -9999.0 -9999.0 -9999.0 -9999.0 -9999.0 -9999.0 -9999.0 -9999.0 -9999.0 -9999.0 -9999.0 -9999.0 -9999.0 -9999.0 -9999.0 -9999.0 -9999.0 -9999.0 -9999.0 -9999.0 -9999.0 -9999.0 -9999.0 -9999.0 -9999.0 -9999.0 -9999.0 -9999.0 -9999.0 -9999.0 -9999.0 -9999.0 -9999.0 -9999.0 -9999.0 -9999.0 -9999.0 -9999.0 -9999.0 -9999.0 -9999.0 -9999.0 -9999.0 -9999.0 -9999.0 -9999.0 -9999.0 -9999.0 -9999.0 -9999.0 -9999.0 -9999.0 -9999.0 -9999.0 -9999.0 -9999.0 -9999.0 -9999.0 -9999.0 -9999.0 -9999.0 -9999.0 -9999.0 -9999.0 -9999.0 -9999.0 -9999.0 -9999.0 -9999.0 -9999.0 -9999.0 -9999.0 -9999.0 -9999.0    33.7    31.8    32.1    35.7    31.1    31.6    31.7    29.2    26.1    22.2    25.8    21.5    26.7    31.3 -9999.0 -9999.0 -9999.0 -9999.0 -9999.0 -9999.0 -9999.0 -9999.0 -9999.0 -9999.0 -9999.0 -9999.0 -9999.0 -9999.0 -9999.0 -9999.0 -9999.0 -9999.0 -9999.0
 -9999.0 -9999.0 -9999.0 -9999.0 -9999.0 -9999.0 -9999.0 -9999.0 -9999.0 -9999.0 -9999.0 -9999.0 -9999.0 -9999.0 -9999.0 -9999.0 -9999.0 -9999.0 -9999.0 -9999.0 -9999.0 -9999.0 -9999.0 -9999.0 -9999.0 -9999.0 -9999.0 -9999.0 -9999.0 -9999.0 -9999.0 -9999.0 -9999.0 -9999.0 -9999.0 -9999.0 -9999.0 -9999.0 -9999.0 -9999.0 -9999.0 -9999.0 -9999.0 -9999.0 -9999.0 -9999.0 -9999.0 -9999.0 -9999.0 -9999.0 -9999.0 -9999.0 -9999.0 -9999.0 -9999.0 -9999.0 -9999.0 -9999.0 -9999.0 -9999.0 -9999.0 -9999.0 -9999.0 -9999.0 -9999.0 -9999.0 -9999.0 -9999.0 -9999.0 -9999.0 -9999.0 -9999.0 -9999.0 -9999.0 -9999.0 -9999.0 -9999.0 -9999.0 -9999.0 -9999.0 -9999.0 -9999.0 -9999.0 -9999.0 -9999.0 -9999.0 -9999.0 -9999.0 -9999.0 -9999.0 -9999.0 -9999.0 -9999.0 -9999.0 -9999.0    31.7    37.8    28.6    34.2    38.7    43.2    45.5    37.1    33.4    29.9    27.5    26.0    31.2    34.9    40.4 -9999.0 -9999.0 -9999.0 -9999.0 -9999.0 -9999.0 -9999.0 -9999.0 -9999.0 -9999.0 -9999.0 -9999.0 -9999.0 -9999.0 -9999.0 -9999.0 -9999.0 -9999.0
 -9999.0 -9999.0 -9999.0 -9999.0 -9999.0 -9999.0 -9999.0 -9999.0 -9999.0 -9999.0 -9999.0 -9999.0 -9999.0 -9999.0 -9999.0 -9999.0 -9999.0 -9999.0 -9999.0 -9999.0 -9999.0 -9999.0 -9999.0 -9999.0 -9999.0 -9999.0 -9999.0 -9999.0 -9999.0 -9999.0 -9999.0 -9999.0 -9999.0 -9999.0 -9999.0 -9999.0 -9999.0 -9999.0 -9999.0 -9999.0 -9999.0 -9999.0 -9999.0 -9999.0 -9999.0 -9999.0 -9999.0 -9999.0 -9999.0 -9999.0 -9999.0 -9999.0 -9999.0 -9999.0 -9999.0 -9999.0 -9999.0 -9999.0 -9999.0 -9999.0 -9999.0 -9999.0 -9999.0 -9999.0 -9999.0 -9999.0 -9999.0 -9999.0 -9999.0 -9999.0 -9999.0 -9999.0 -9999.0 -9999.0 -9999.0 -9999.0 -9999.0 -9999.0 -9999.0 -9999.0 -9999.0 -9999.0 -9999.0 -9999.0 -9999.0 -9999.0 -9999.0 -9999.0 -9999.0 -9999.0 -9999.0 -9999.0 -9999.0 -9999.0 -9999.0    33.8    30.3    40.9    43.4    42.6    42.5    51.9    48.6    43.6    38.7    38.4    32.8    36.3    40.9    42.4    47.9 -9999.0 -9999.0 -9999.0 -9999.0 -9999.0 -9999.0 -9999.0 -9999.0 -9999.0 -9999.0 -9999.0 -9999.0 -9999.0 -9999.0 -9999.0 -9999.0 -9999.0
 -9999.0 -9999.0 -9999.0 -9999.0 -9999.0 -9999.0 -9999.0 -9999.0 -9999.0 -9999.0 -9999.0 -9999.0 -9999.0 -9999.0 -9999.0 -9999.0 -9999.0 -9999.0 -9999.0 -9999.0 -9999.0 -9999.0 -9999.0 -9999.0 -9999.0 -9999.0 -9999.0 -9999.0 -9999.0 -9999.0 -9999.0 -9999.0 -9999.0 -9999.0 -9999.0 -9999.0 -9999.0 -9999.0 -9999.0 -9999.0 -9999.0 -9999.0 -9999.0 -9999.0 -9999.0 -9999.0 -9999.0 -9999.0 -9999.0 -9999.0 -9999.0 -9999.0 -9999.0 -9999.0 -9999.0 -9999.0 -9999.0 -9999.0 -9999.0 -9999.0 -9999.0 -9999.0 -9999.0 -9999.0 -9999.0 -9999.0 -9999.0 -9999.0 -9999.0 -9999.0 -9999.0 -9999.0 -9999.0 -9999.0 -9999.0 -9999.0 -9999.0 -9999.0 -9999.0 -9999.0 -9999.0 -9999.0 -9999.0 -9999.0 -9999.0 -9999.0 -9999.0 -9999.0 -9999.0 -9999.0 -9999.0 -9999.0 -9999.0 -9999.0    30.2    30.6    35.2    37.0    40.2    46.2    51.8    44.3    49.5    46.9    41.9    40.1    38.2    40.3    43.9    42.5    46.4 -9999.0 -9999.0 -9999.0 -9999.0 -9999.0 -9999.0 -9999.0 -9999.0 -9999.0 -9999.0 -9999.0 -9999.0 -9999.0 -9999.0 -9999.0 -9999.0 -9999.0
 -9999.0 -9999.0 -9999.0 -9999.0 -9999.0 -9999.0 -9999.0 -9999.0 -9999.0 -9999.0 -9999.0 -9999.0 -9999.0 -9999.0 -9999.0 -9999.0 -9999.0 -9999.0 -9999.0 -9999.0 -9999.0 -9999.0 -9999.0 -9999.0 -9999.0 -9999.0 -9999.0 -9999.0 -9999.0 -9999.0 -9999.0 -9999.0 -9999.0 -9999.0 -9999.0 -9999.0 -9999.0 -9999.0 -9999.0 -9999.0 -9999.0 -9999.0 -9999.0 -9999.0 -9999.0 -9999.0 -9999.0 -9999.0 -9999.0 -9999.0 -9999.0 -9999.0 -9999.0 -9999.0 -9999.0 -9999.0 -9999.0 -9999.0 -9999.0 -9999.0 -9999.0 -9999.0 -9999.0 -9999.0 -9999.0 -9999.0 -9999.0 -9999.0 -9999.0 -9999.0 -9999.0 -9999.0 -9999.0 -9999.0 -9999.0 -9999.0 -9999.0 -9999.0 -9999.0 -9999.0 -9999.0 -9999.0 -9999.0 -9999.0 -9999.0 -9999.0 -9999.0 -9999.0 -9999.0 -9999.0 -9999.0 -9999.0 -9999.0 -9999.0    30.4    34.4    34.9    36.8    40.6    40.4    45.4    47.9    47.4    45.0    40.5    41.2    40.3    40.6    44.6    45.2    40.1    40.3 -9999.0 -9999.0 -9999.0 -9999.0 -9999.0 -9999.0 -9999.0 -9999.0 -9999.0 -9999.0 -9999.0 -9999.0 -9999.0 -9999.0 -9999.0 -9999.0
 -9999.0 -9999.0 -9999.0 -9999.0 -9999.0 -9999.0 -9999.0 -9999.0 -9999.0 -9999.0 -9999.0 -9999.0 -9999.0 -9999.0 -9999.0 -9999.0 -9999.0 -9999.0 -9999.0 -9999.0 -9999.0 -9999.0 -9999.0 -9999.0 -9999.0 -9999.0 -9999.0 -9999.0 -9999.0 -9999.0 -9999.0 -9999.0 -9999.0 -9999.0 -9999.0 -9999.0 -9999.0 -9999.0 -9999.0 -9999.0 -9999.0 -9999.0 -9999.0 -9999.0 -9999.0 -9999.0 -9999.0 -9999.0 -9999.0 -9999.0 -9999.0 -9999.0 -9999.0 -9999.0 -9999.0 -9999.0 -9999.0 -9999.0 -9999.0 -9999.0 -9999.0 -9999.0 -9999.0 -9999.0 -9999.0 -9999.0 -9999.0 -9999.0 -9999.0 -9999.0 -9999.0 -9999.0 -9999.0 -9999.0 -9999.0 -9999.0 -9999.0 -9999.0 -9999.0 -9999.0 -9999.0 -9999.0 -9999.0 -9999.0 -9999.0 -9999.0 -9999.0 -9999.0 -9999.0    17.4 -9999.0 -9999.0    22.5    27.3    26.0    27.3    29.5    31.6    34.8    38.0    32.7    37.4    40.3    37.0    36.7    37.1    36.8    43.3    43.5    44.4    36.7    35.3 -9999.0 -9999.0 -9999.0 -9999.0 -9999.0 -9999.0 -9999.0 -9999.0 -9999.0 -9999.0 -9999.0 -9999.0 -9999.0 -9999.0 -9999.0 -9999.0
 -9999.0 -9999.0 -9999.0 -9999.0 -9999.0 -9999.0 -9999.0 -9999.0 -9999.0 -9999.0 -9999.0 -9999.0 -9999.0 -9999.0 -9999.0 -9999.0 -9999.0 -9999.0 -9999.0 -9999.0 -9999.0 -9999.0 -9999.0 -9999.0 -9999.0 -9999.0 -9999.0 -9999.0 -9999.0 -9999.0 -9999.0 -9999.0 -9999.0 -9999.0 -9999.0 -9999.0 -9999.0 -9999.0 -9999.0 -9999.0 -9999.0 -9999.0 -9999.0 -9999.0 -9999.0 -9999.0 -9999.0 -9999.0 -9999.0 -9999.0 -9999.0 -9999.0 -9999.0 -9999.0 -9999.0 -9999.0 -9999.0 -9999.0 -9999.0 -9999.0 -9999.0 -9999.0 -9999.0 -9999.0 -9999.0 -9999.0 -9999.0 -9999.0 -9999.0 -9999.0 -9999.0 -9999.0 -9999.0 -9999.0 -9999.0 -9999.0 -9999.0 -9999.0 -9999.0 -9999.0 -9999.0 -9999.0 -9999.0 -9999.0 -9999.0 -9999.0 -9999.0 -9999.0    10.1    13.0    18.1    19.4    20.7    26.3    24.2    28.2    26.8    28.4    28.5    29.1    31.8    31.9    30.3    31.9    32.9    33.6    33.0    34.3    36.7    38.0    35.7    29.6    29.8    30.6    31.2    32.4 -9999.0 -9999.0 -9999.0 -9999.0 -9999.0 -9999.0 -9999.0 -9999.0 -9999.0 -9999.0 -9999.0 -9999.0
 -9999.0 -9999.0 -9999.0 -9999.0 -9999.0 -9999.0 -9999.0 -9999.0 -9999.0 -9999.0 -9999.0 -9999.0 -9999.0 -9999.0 -9999.0 -9999.0 -9999.0 -9999.0 -9999.0 -9999.0 -9999.0 -9999.0 -9999.0 -9999.0 -9999.0 -9999.0 -9999.0 -9999.0 -9999.0    21.2    22.5    21.2    18.3 -9999.0 -9999.0 -9999.0 -9999.0 -9999.0 -9999.0 -9999.0 -9999.0 -9999.0 -9999.0 -9999.0 -9999.0 -9999.0 -9999.0 -9999.0 -9999.0 -9999.0 -9999.0 -9999.0 -9999.0 -9999.0 -9999.0 -9999.0 -9999.0 -9999.0 -9999.0 -9999.0 -9999.0 -9999.0 -9999.0 -9999.0 -9999.0 -9999.0 -9999.0 -9999.0 -9999.0 -9999.0 -9999.0 -9999.0 -9999.0 -9999.0 -9999.0 -9999.0 -9999.0 -9999.0 -9999.0 -9999.0 -9999.0 -9999.0 -9999.0 -9999.0 -9999.0 -9999.0 -9999.0     7.4    10.1    13.5    16.6    17.0    20.5    22.0    22.2    20.7    22.2    21.2    26.2    24.5    21.9    20.6    22.7    21.1    25.7    26.8    25.3    26.5    31.1    31.4    29.0    25.6    26.2    25.2    26.4    25.7    28.1    33.7 -9999.0 -9999.0 -9999.0 -9999.0 -9999.0 -9999.0 -9999.0 -9999.0 -9999.0 -9999.0
 -9999.0 -9999.0 -9999.0 -9999.0 -9999.0 -9999.0 -9999.0 -9999.0 -9999.0 -9999.0 -9999.0 -9999.0 -9999.0 -9999.0 -9999.0 -9999.0 -9999.0 -9999.0 -9999.0 -9999.0 -9999.0 -9999.0 -9999.0 -9999.0 -9999.0 -9999.0 -9999.0    13.5    16.2    13.6    19.8    17.8    19.1    11.3 -9999.0 -9999.0 -9999.0 -9999.0 -9999.0 -9999.0 -9999.0 -9999.0 -9999.0 -9999.0 -9999.0 -9999.0 -9999.0 -9999.0 -9999.0 -9999.0 -9999.0 -9999.0 -9999.0 -9999.0 -9999.0 -9999.0 -9999.0 -9999.0 -9999.0 -9999.0 -9999.0 -9999.0 -9999.0 -9999.0 -9999.0 -9999.0 -9999.0 -9999.0 -9999.0 -9999.0 -9999.0 -9999.0 -9999.0 -9999.0 -9999.0 -9999.0 -9999.0 -9999.0 -9999.0 -9999.0 -9999.0 -9999.0 -9999.0 -9999.0 -9999.0 -9999.0 -9999.0    10.1    12.2    11.5    13.3    16.1    18.5    20.4    19.1    18.4    16.9    19.3    18.3    19.5    16.4    14.9    16.1    16.1    16.8    18.7    20.1    22.0    20.7    20.7    22.5    22.9    24.3    22.6    22.9    25.0    25.6    28.6 -9999.0 -9999.0 -9999.0 -9999.0 -9999.0    28.9    29.7    31.0    31.9 -9999.0
 -9999.0 -9999.0 -9999.0 -9999.0 -9999.0 -9999.0 -9999.0 -9999.0 -9999.0 -9999.0 -9999.0 -9999.0 -9999.0 -9999.0 -9999.0 -9999.0 -9999.0 -9999.0 -9999.0 -9999.0 -9999.0 -9999.0 -9999.0 -9999.0 -9999.0 -9999.0     7.8     7.2     8.5     8.7     8.6     8.6    22.5    14.1    15.0    13.7    13.7 -9999.0 -9999.0 -9999.0 -9999.0 -9999.0 -9999.0 -9999.0 -9999.0 -9999.0 -9999.0 -9999.0 -9999.0 -9999.0 -9999.0 -9999.0 -9999.0 -9999.0 -9999.0 -9999.0 -9999.0 -9999.0 -9999.0 -9999.0 -9999.0 -9999.0 -9999.0 -9999.0 -9999.0 -9999.0 -9999.0 -9999.0 -9999.0 -9999.0 -9999.0 -9999.0 -9999.0 -9999.0 -9999.0 -9999.0 -9999.0 -9999.0 -9999.0 -9999.0 -9999.0 -9999.0 -9999.0 -9999.0 -9999.0 -9999.0     6.9     9.2    10.1    10.6    13.4    15.0    16.6    16.8    15.0    15.4    14.1    15.7    15.8    11.4    10.5     9.5     9.7    10.7    10.6    12.2    14.2    14.9    13.9    14.6    16.6    17.8    18.5    16.6    20.1    20.4    18.4    20.5    25.6 -9999.0 -9999.0    20.1    20.0    20.9    22.2    26.5    26.0 -9999.0
 -9999.0 -9999.0 -9999.0 -9999.0 -9999.0 -9999.0 -9999.0 -9999.0 -9999.0 -9999.0 -9999.0 -9999.0 -9999.0 -9999.0 -9999.0 -9999.0 -9999.0 -9999.0 -9999.0 -9999.0 -9999.0 -9999.0 -9999.0 -9999.0 -9999.0 -9999.0     4.7     5.5     6.0     5.7     4.8     4.5     3.6     8.1     9.1    13.8    28.7    10.5 -9999.0 -9999.0 -9999.0 -9999.0 -9999.0 -9999.0 -9999.0 -9999.0 -9999.0 -9999.0 -9999.0 -9999.0 -9999.0 -9999.0 -9999.0 -9999.0 -9999.0 -9999.0 -9999.0 -9999.0 -9999.0 -9999.0 -9999.0 -9999.0 -9999.0 -9999.0 -9999.0 -9999.0 -9999.0 -9999.0 -9999.0 -9999.0 -9999.0 -9999.0 -9999.0 -9999.0 -9999.0 -9999.0 -9999.0 -9999.0 -9999.0 -9999.0 -9999.0 -9999.0 -9999.0 -9999.0 -9999.0 -9999.0     6.8     7.7     9.7    11.4    12.1    12.8    14.1    12.9    12.5    11.4    13.5    11.2     8.5     8.3     7.3     6.6     7.0     6.7     7.1     7.6     8.3     8.8     9.1     9.0    10.3    13.3    15.1    11.4    11.7    19.8    14.3    14.7    14.1    14.1    14.1    14.3    14.6    15.1    16.4    18.2    20.9 -9999.0
 -9999.0 -9999.0 -9999.0 -9999.0 -9999.0 -9999.0 -9999.0 -9999.0 -9999.0 -9999.0 -9999.0 -9999.0 -9999.0 -9999.0 -9999.0 -9999.0 -9999.0 -9999.0 -9999.0 -9999.0 -9999.0    16.8    16.5    11.2     7.3     7.1     9.2    11.3     8.5     6.4     4.7     4.1     3.4     3.9     5.9     6.4    15.5    14.1    18.5 -9999.0 -9999.0 -9999.0 -9999.0 -9999.0 -9999.0 -9999.0 -9999.0 -9999.0 -9999.0 -9999.0 -9999.0 -9999.0 -9999.0 -9999.0 -9999.0 -9999.0 -9999.0 -9999.0 -9999.0 -9999.0 -9999.0 -9999.0 -9999.0 -9999.0 -9999.0 -9999.0 -9999.0 -9999.0 -9999.0 -9999.0 -9999.0 -9999.0 -9999.0 -9999.0 -9999.0 -9999.0 -9999.0 -9999.0 -9999.0 -9999.0 -9999.0 -9999.0 -9999.0 -9999.0 -9999.0 -9999.0 -9999.0    10.6 -9999.0 -9999.0    10.7 -9999.0 -9999.0    10.0     8.5     8.7    10.8     7.6     5.7     8.0     5.5     5.9     5.3     4.9     4.9     5.5     5.4     6.0     5.5     6.3     6.9     8.0     9.6    10.7    10.2    11.9    10.2    10.3    10.2    10.1    11.2    11.1    11.6    12.1    13.7    17.7 -9999.0 -9999.0
 -9999.0 -9999.0 -9999.0 -9999.0 -9999.0 -9999.0 -9999.0 -9999.0 -9999.0 -9999.0 -9999.0 -9999.0 -9999.0 -9999.0 -9999.0 -9999.0 -9999.0 -9999.0 -9999.0 -9999.0 -9999.0     6.9     7.2     6.9     6.0    15.2     8.5     8.1     8.8     7.6     5.7     5.6     5.9     4.8     4.7     4.5     5.1    18.2     7.6 -9999.0 -9999.0 -9999.0 -9999.0 -9999.0 -9999.0 -9999.0 -9999.0 -9999.0 -9999.0 -9999.0 -9999.0 -9999.0 -9999.0 -9999.0 -9999.0 -9999.0 -9999.0 -9999.0 -9999.0 -9999.0 -9999.0 -9999.0 -9999.0 -9999.0 -9999.0 -9999.0 -9999.0 -9999.0 -9999.0 -9999.0 -9999.0 -9999.0 -9999.0 -9999.0 -9999.0 -9999.0 -9999.0 -9999.0 -9999.0 -9999.0 -9999.0 -9999.0 -9999.0 -9999.0 -9999.0 -9999.0 -9999.0 -9999.0 -9999.0    10.2     9.9     9.3     9.1     6.6     5.9     6.7     4.6     4.5     4.2     4.2     4.1     4.1     3.8     3.6     3.5     3.6     3.7     4.0     4.1     4.8     5.1     5.9     7.8     9.4    10.7     7.6     7.9     8.2     8.0     8.0     8.8    10.7    13.0    15.7    14.1 -9999.0 -9999.0 -9999.0
 -9999.0 -9999.0 -9999.0 -9999.0 -9999.0 -9999.0 -9999.0 -9999.0 -9999.0 -9999.0 -9999.0 -9999.0 -9999.0 -9999.0 -9999.0 -9999.0 -9999.0 -9999.0 -9999.0 -9999.0     6.9     8.9     7.2     7.1     6.4     4.2     3.5     5.1     5.5     6.6     8.0     6.9     7.4     7.1     5.7     4.2     6.3     4.6     4.5 -9999.0 -9999.0 -9999.0 -9999.0 -9999.0 -9999.0 -9999.0 -9999.0 -9999.0 -9999.0 -9999.0 -9999.0 -9999.0 -9999.0 -9999.0 -9999.0 -9999.0 -9999.0 -9999.0 -9999.0 -9999.0 -9999.0 -9999.0 -9999.0 -9999.0 -9999.0 -9999.0 -9999.0 -9999.0 -9999.0 -9999.0 -9999.0 -9999.0 -9999.0 -9999.0 -9999.0 -9999.0 -9999.0 -9999.0 -9999.0 -9999.0 -9999.0 -9999.0 -9999.0 -9999.0 -9999.0 -9999.0 -9999.0 -9999.0    11.1    10.4     8.9     6.8     5.9     4.4     3.7     3.8     3.1     4.3     3.7     3.4     3.8     3.2     2.9     2.7     2.5     2.5     3.0     3.7     4.6     4.9     4.3     4.6     6.4     6.2     6.1     7.1     7.2     7.8     9.2     9.6    10.6    14.9    18.0    19.2    20.4 -9999.0 -9999.0 -9999.0
 -9999.0 -9999.0 -9999.0 -9999.0 -9999.0 -9999.0 -9999.0 -9999.0 -9999.0 -9999.0 -9999.0 -9999.0 -9999.0 -9999.0 -9999.0 -9999.0 -9999.0 -9999.0    15.5    11.5     9.9    43.3    19.4    18.3    11.2     7.5     3.9     4.7     6.0     8.2     8.9     9.6     9.8     8.5     7.2     6.6     5.9     3.9     3.1 -9999.0 -9999.0 -9999.0 -9999.0 -9999.0 -9999.0 -9999.0 -9999.0 -9999.0 -9999.0 -9999.0 -9999.0 -9999.0 -9999.0 -9999.0 -9999.0 -9999.0 -9999.0 -9999.0 -9999.0 -9999.0 -9999.0 -9999.0 -9999.0 -9999.0 -9999.0 -9999.0 -9999.0 -9999.0 -9999.0 -9999.0 -9999.0 -9999.0 -9999.0 -9999.0 -9999.0 -9999.0 -9999.0 -9999.0 -9999.0 -9999.0 -9999.0 -9999.0 -9999.0 -9999.0    12.1    14.6    15.8    11.4     8.8    10.4     8.0     5.8     3.4     2.7     2.4     3.1     2.2     2.8     2.5     2.7     3.0     2.8     2.6     2.4     2.3     2.4     3.3     5.3     7.4     8.2     7.0     6.7     7.0     5.6     6.7     7.6    11.2     8.7    10.0    11.8    16.7    22.9    28.1    30.2 -9999.0 -9999.0 -9999.0 -9999.0
 -9999.0 -9999.0 -9999.0 -9999.0 -9999.0 -9999.0 -9999.0 -9999.0 -9999.0 -9999.0 -9999.0 -9999.0 -9999.0 -9999.0 -9999.0     6.2    26.2    61.2    71.3    26.6    30.3    14.5    25.1    13.8     9.8     7.3     7.3     8.5     9.6    11.1    11.5    10.9    10.5     9.0    11.1    10.9     8.1    33.2    13.4     8.3    12.0    14.5    15.2    17.0 -9999.0 -9999.0 -9999.0 -9999.0 -9999.0 -9999.0 -9999.0 -9999.0 -9999.0 -9999.0 -9999.0 -9999.0 -9999.0 -9999.0 -9999.0 -9999.0 -9999.0 -9999.0 -9999.0 -9999.0 -9999.0 -9999.0 -9999.0 -9999.0 -9999.0 -9999.0 -9999.0 -9999.0 -9999.0 -9999.0 -9999.0 -9999.0 -9999.0 -9999.0 -9999.0     0.3     0.7     2.1     4.7     9.6    15.9    17.4    15.4    10.8     7.6     7.5     5.3     4.0     2.6     2.4     2.4     4.0     2.8     2.7     2.2     2.3     2.6     2.9     3.1     3.0     2.9     3.3     4.9     8.5    13.0    14.2    13.5    10.3     7.5     6.2    11.0     7.8     9.3    10.9    13.0    17.4    24.3    33.4    40.8    45.6 -9999.0 -9999.0 -9999.0 -9999.0
 -9999.0 -9999.0 -9999.0 -9999.0 -9999.0 -9999.0 -9999.0 -9999.0 -9999.0 -9999.0 -9999.0 -9999.0 -9999.0 -9999.0 -9999.0    73.0    59.1    81.1    43.3    24.4    10.8    11.4    13.0    15.2    14.9    14.2    13.5    13.7    14.2    13.7    12.3    10.2     9.0     6.3     5.4     5.4     3.9     6.9     4.1     5.4     5.5     3.2     4.8     7.0     6.7    10.1    34.7 -9999.0 -9999.0 -9999.0 -9999.0 -9999.0 -9999.0 -9999.0 -9999.0 -9999.0 -9999.0 -9999.0 -9999.0 -9999.0 -9999.0 -9999.0 -9999.0 -9999.0 -9999.0 -9999.0 -9999.0 -9999.0 -9999.0 -9999.0 -9999.0 -9999.0 -9999.0 -9999.0 -9999.0 -9999.0 -9999.0 -9999.0     0.3     0.5     0.9     3.3     7.1    10.7    14.6    14.8    11.8     9.2     7.2     6.3     6.0     4.4     3.7     2.5     5.1     2.9     3.7     2.3     2.4     2.5     3.2     3.8     4.3     4.7     5.1     6.4     8.2    11.6    16.6    17.3    14.7    10.9    11.1     9.2     8.2     7.5    12.0    15.3    19.1    25.7    34.8    46.0    56.4 -9999.0 -9999.0 -9999.0 -9999.0 -9999.0
 -9999.0 -9999.0 -9999.0 -9999.0 -9999.0 -9999.0 -9999.0 -9999.0 -9999.0 -9999.0 -9999.0 -9999.0 -9999.0 -9999.0 -9999.0 -9999.0     1.7     3.3    14.7    40.0    53.1    31.9    46.2    31.8    27.2    24.8    22.6    20.2    18.3    16.0    13.1     9.3     7.1     5.6     5.6     7.0     8.3     9.2     9.6    14.6    21.5    14.9    12.8     7.1     5.1     3.7     3.1     3.0 -9999.0 -9999.0 -9999.0 -9999.0 -9999.0 -9999.0 -9999.0 -9999.0 -9999.0 -9999.0 -9999.0 -9999.0 -9999.0 -9999.0 -9999.0 -9999.0 -9999.0 -9999.0 -9999.0 -9999.0 -9999.0 -9999.0 -9999.0 -9999.0 -9999.0 -9999.0 -9999.0 -9999.0 -9999.0 -9999.0     0.6     0.6     1.3     3.8     5.4     7.9    11.9    13.1    14.3     9.7     8.5     9.4     6.9     5.8     6.5     3.9     1.9     2.9     3.3     3.2     2.7     3.2     3.9     4.8     5.9     7.2     8.2     8.2     9.6    12.3    15.8    15.6    12.6    12.7    13.1     7.2     6.9    10.8    14.9    19.9    27.7    36.6 -9999.0 -9999.0 -9999.0 -9999.0 -9999.0 -9999.0 -9999.0 -9999.0
 -9999.0 -9999.0 -9999.0 -9999.0 -9999.0 -9999.0 -9999.0 -9999.0 -9999.0 -9999.0 -9999.0 -9999.0 -9999.0 -9999.0 -9999.0 -9999.0     1.1     3.3     7.6    12.6    32.5    33.8    36.5    31.7    28.0    26.5    22.0    19.2    30.9    27.2    16.6    18.1    78.8    63.1    19.3    17.0    28.6    21.8    19.9    28.1    36.9    24.7    33.2    70.5    10.2     2.3     0.8     0.7 -9999.0 -9999.0 -9999.0 -9999.0 -9999.0 -9999.0 -9999.0 -9999.0 -9999.0 -9999.0 -9999.0 -9999.0 -9999.0 -9999.0 -9999.0 -9999.0 -9999.0 -9999.0 -9999.0 -9999.0 -9999.0 -9999.0 -9999.0 -9999.0 -9999.0 -9999.0 -9999.0 -9999.0 -9999.0     0.8     1.0     1.2     2.0     3.4     6.3    11.5    11.9    14.2    13.9    12.1    11.1    12.0    13.3     9.0     3.6     3.0     3.7     3.7     4.7     4.3     3.5     3.7     4.5     5.4     6.8     8.4     8.5     8.5     8.9    10.0    11.5    11.0     9.0     7.2     7.0     7.5    12.1    15.4    22.2    30.6    41.9 -9999.0 -9999.0 -9999.0 -9999.0 -9999.0 -9999.0 -9999.0 -9999.0 -9999.0
 -9999.0 -9999.0 -9999.0 -9999.0 -9999.0 -9999.0 -9999.0 -9999.0 -9999.0 -9999.0 -9999.0 -9999.0 -9999.0 -9999.0 -9999.0 -9999.0    71.0    76.3    74.4    33.7    27.3    33.7    34.8    27.1    19.8    14.5    25.5    30.1    20.4    25.4    32.1    25.8    12.5     9.5    23.5    35.3    24.4     8.6     7.9     3.2     8.5    15.6    22.4    51.6    40.1    12.0     2.0     0.5     1.0     1.0     0.5 -9999.0 -9999.0 -9999.0 -9999.0 -9999.0 -9999.0 -9999.0 -9999.0 -9999.0 -9999.0 -9999.0 -9999.0 -9999.0 -9999.0 -9999.0 -9999.0 -9999.0 -9999.0 -9999.0 -9999.0 -9999.0 -9999.0 -9999.0 -9999.0 -9999.0     3.2     3.4     4.8     3.9     5.5     8.4     9.8    13.1    15.7    17.2    18.7    19.4    20.2    20.5    19.9    13.7     8.4     4.6     4.5     5.7     6.0     5.2     4.4     4.1     4.5     4.9     5.4     6.2     6.4     6.7     6.2     7.3     9.0     8.7     7.8    13.2    11.6    13.5    18.1    23.3    39.1    49.7    61.5    74.6 -9999.0 -9999.0 -9999.0 -9999.0 -9999.0 -9999.0 -9999.0 -9999.0
 -9999.0 -9999.0 -9999.0 -9999.0 -9999.0 -9999.0 -9999.0 -9999.0 -9999.0 -9999.0 -9999.0 -9999.0 -9999.0 -9999.0 -9999.0    59.2    37.4    42.2    79.5    78.7    64.8    54.1    33.1    19.3    12.8    10.8    11.5     6.0     7.0    24.7    38.0     9.7     2.1     0.9     0.6     0.5     2.2     0.9     0.4     0.5     0.3     1.0     4.0     4.7     6.1     8.1     4.4     1.8     1.2     0.6     0.5     0.4     0.4     0.8     0.6     0.8     0.9     1.7     3.2     6.1     8.9 -9999.0 -9999.0 -9999.0 -9999.0 -9999.0 -9999.0 -9999.0 -9999.0     3.1     3.1     3.7     5.0     5.7     6.7     5.8     8.6     6.8     7.4    11.3    13.0    15.3    17.2    20.9    23.4    25.9    27.9    30.0    32.8    33.8    32.1    26.7    22.9    15.0    12.3    11.1     8.8     7.3     6.3     4.7     3.8     3.2     2.7     3.3     3.8     3.0     3.5     4.6     5.9     9.2    11.4    15.4    20.1    27.8    26.7    36.7    52.1    69.0 -9999.0 -9999.0 -9999.0 -9999.0 -9999.0 -9999.0 -9999.0 -9999.0 -9999.0 -9999.0
 -9999.0 -9999.0 -9999.0 -9999.0 -9999.0 -9999.0 -9999.0 -9999.0 -9999.0 -9999.0 -9999.0 -9999.0 -9999.0 -9999.0   115.0   144.5   141.1    93.8    94.1    80.2    45.6    22.6    18.8    13.6     8.0     5.6     5.6     2.7     3.0     3.1     3.4     5.6     3.2     6.3     4.1     2.3     2.9     3.3     3.9     2.3     1.3     1.5     1.7     1.8     1.9     2.1     2.1     3.9     3.2     2.3     1.7     1.2     1.3     1.1     1.0     1.5     1.7     2.4     3.7     7.0    11.2    13.6    13.8    13.0    12.1    11.3     6.4     4.3     2.6     3.0     5.1     8.3     9.2    10.7    12.2    12.5    15.3    17.6    18.1    22.0    23.3    25.6    33.6    37.0    41.6    40.6    43.1    45.6    50.0    50.9    48.7    46.6    32.6    28.1    22.0    23.2    19.1     9.5     4.7     4.5     2.0     1.5     1.6     1.4     1.8     2.4     4.0     6.1     9.2    16.6    18.4    29.8    44.3    44.0    51.8    60.0    75.1 -9999.0 -9999.0 -9999.0 -9999.0 -9999.0 -9999.0 -9999.0 -9999.0 -9999.0 -9999.0 -9999.0
 -9999.0 -9999.0 -9999.0 -9999.0 -9999.0 -9999.0 -9999.0 -9999.0 -9999.0 -9999.0 -9999.0 -9999.0   135.3   142.3   147.1    82.5   116.6    48.8    24.0    14.1    11.8    10.7     9.8    10.3     9.5     7.3     4.8     3.0     1.8     1.6     1.9     2.3     4.3     3.6     1.8     2.7     4.8     5.2     3.1     3.8     3.3     4.0     4.1     3.5     3.2     5.0     6.9     7.6     9.1     5.3     4.1     3.2     3.4     3.4     3.0     3.3     3.8     4.6     6.1     8.8    12.5    15.4    14.5    12.6     9.3     7.5     5.9     4.3     4.8     6.3    10.4    15.1    14.2    19.3    24.9    28.2    32.5    36.5    36.3    32.4    36.4    36.4    49.3    54.7    60.7    64.2    63.3    63.7    67.8    69.5    63.0    55.3    64.9    67.7    49.0    47.1    24.3     7.4     5.3     5.0     1.2     1.3     1.4     1.6     3.3     4.0     7.4    12.2    19.3    23.2    35.2    54.7    62.2    71.9    97.1 -9999.0 -9999.0 -9999.0 -9999.0 -9999.0 -9999.0 -9999.0 -9999.0 -9999.0 -9999.0 -9999.0 -9999.0 -9999.0
 -9999.0 -9999.0 -9999.0 -9999.0 -9999.0 -9999.0 -9999.0 -9999.0 -9999.0    75.6    99.4   119.4   131.2    91.7    21.2    14.7    12.8    12.4     9.2     7.0     5.8     5.3     5.2     5.4     5.0     3.9     2.6     1.7     1.2     1.1     1.0     1.9     2.5     2.0     2.6     5.7     3.5     1.6     0.9     0.9     2.5     4.0     2.5     2.9     3.6     6.5    10.0    12.3    12.8    14.1     9.0     6.9     6.1     6.8     8.8     7.4     7.1     7.5     8.6    11.8    15.0    17.0    16.5    13.6     9.5     9.0     7.6     5.8     8.7    15.6     7.6     8.7    11.0    13.8    21.6    28.4    37.9    51.0    47.2    51.0    54.4    56.2    55.5    67.0    80.9    84.5    86.4    78.9    79.9    79.4    69.4    64.1    63.0    72.7    64.0    55.1    32.5    16.1     4.4     2.5     2.2     2.4     2.9     4.5     8.0    14.1    18.7    22.2    27.5    44.9    59.4    72.1    81.7 -9999.0 -9999.0 -9999.0 -9999.0 -9999.0 -9999.0 -9999.0 -9999.0 -9999.0 -9999.0 -9999.0 -9999.0 -9999.0 -9999.0 -9999.0
 -9999.0 -9999.0 -9999.0 -9999.0 -9999.0     8.9    16.1    33.3    52.5    73.7    86.2   104.2   110.5    69.6    36.8    17.7     9.3     8.9     7.1     5.5     4.0     3.2     2.8     2.6     2.4     1.9     1.3     0.9     0.7     0.6     0.6     0.6     0.7     0.8     0.9     0.9     0.7     0.6     0.6     1.3     2.8     2.0     3.1     6.1     5.4     6.6     7.7    11.7    14.7    15.3    15.7    12.9    12.6    12.8    13.5    12.0    10.8    10.1    10.3    13.1    16.5    20.5    20.0    17.8    18.1    15.1    10.8    11.4    14.1     6.6     7.4     9.1    11.2    15.7    31.1    26.9    30.6    43.4    31.0    34.5    49.3    54.3    62.7    76.6    88.6    73.1    84.5    77.9    78.4    72.3    57.0    55.4    55.1    65.0    68.3    59.2    44.1    22.1 -9999.0 -9999.0     7.3     8.1    15.3    12.7     9.4    12.6    19.3    32.3    44.9 -9999.0 -9999.0 -9999.0 -9999.0 -9999.0 -9999.0 -9999.0 -9999.0 -9999.0 -9999.0 -9999.0 -9999.0 -9999.0 -9999.0 -9999.0 -9999.0 -9999.0 -9999.0 -9999.0
 -9999.0 -9999.0 -9999.0     0.4     3.5     6.7    18.2    32.8    49.8    46.7    38.7    42.2    62.5    24.8     9.1     8.2     8.0     7.5     6.4     4.8     3.2     2.2     1.6     1.3     1.1     0.9     0.7     0.6     0.5     0.5     0.5     0.5     0.5     0.6     0.6     0.5     0.5     0.5     0.5     0.5     1.0     1.1     1.6     3.0     5.1     7.0    10.8    19.1    21.5    24.9    20.4    15.7    14.3    14.3    15.0    15.1    15.0    13.7    12.6    13.3    14.9    17.1    21.1    26.2    24.0    19.9    25.8    12.5     9.7     9.5    11.4    11.6    14.7    19.3    24.4    29.1    31.7    32.3    38.1    49.5    58.9    77.9    65.1    74.6    96.9    84.7    82.0    72.7    63.8    53.9    43.9    33.9    30.8    43.4    56.0    53.5    37.9 -9999.0 -9999.0 -9999.0    19.8    25.8    14.7    13.6    13.9    19.5    26.9 -9999.0 -9999.0 -9999.0 -9999.0 -9999.0 -9999.0 -9999.0 -9999.0 -9999.0 -9999.0 -9999.0 -9999.0 -9999.0 -9999.0 -9999.0 -9999.0 -9999.0 -9999.0 -9999.0 -9999.0 -9999.0
 -9999.0 -9999.0     0.0     0.3     2.5    11.3    21.8    30.8    28.1    27.5    24.0    20.0    15.4    10.9     8.5     7.6     7.7     7.1     6.1     4.5     2.9     1.7     1.1     0.8     0.6     0.5     0.4     0.4     0.4     0.4     0.4     0.5     0.5     0.5     0.5     0.5     0.5     0.6     1.1     1.8     2.8     6.3    10.8    14.9    17.4    27.6    50.7    52.0    48.3    42.3    41.6    30.5    20.4    16.9    17.4    19.5    16.2    15.2    13.1    13.3    12.0    21.0    18.3    24.8    27.4    28.4    24.3    17.7    17.6    16.1    21.5    20.6    22.6    30.2    42.6    51.0    56.6    46.7    56.1    69.7    79.8    82.4    71.6    82.2    90.1    97.0    85.8    71.5    59.2    47.6    35.2    23.5    18.1    20.2    28.0 -9999.0 -9999.0 -9999.0 -9999.0    35.8    32.6    24.1    20.1    19.0 -9999.0 -9999.0 -9999.0 -9999.0 -9999.0 -9999.0 -9999.0 -9999.0 -9999.0 -9999.0 -9999.0 -9999.0 -9999.0 -9999.0 -9999.0 -9999.0 -9999.0 -9999.0 -9999.0 -9999.0 -9999.0 -9999.0 -9999.0 -9999.0
 -9999.0 -9999.0     0.0     0.0     0.1     4.8    23.3    29.2    31.7    30.2    26.2    20.0    14.5    10.6     8.6     8.1     7.9     7.4     6.5     4.7     2.9     1.6     0.9     0.6     0.5     0.4     0.4     0.3     0.4     0.4     0.4     0.5     0.5     0.5     0.6     1.0     2.7     5.8     7.0     9.2     8.9    23.4    43.1    79.0    42.4    52.2    74.2    51.1    71.8    63.5    61.4    79.7    67.1    48.3    20.6    18.8    15.8    21.8    17.3    23.3    26.4    20.3    26.9    30.5    35.7    37.4    34.2    34.1    39.1    29.9    33.5    35.5    41.2    49.6    60.2    67.0    59.2    62.8    61.3    83.4    88.3    82.0    87.3    91.6    96.0    96.2    90.7    74.6    53.8    40.7    30.2    19.5    13.4    14.5 -9999.0 -9999.0 -9999.0 -9999.0 -9999.0    35.4 -9999.0 -9999.0 -9999.0 -9999.0 -9999.0 -9999.0 -9999.0 -9999.0 -9999.0 -9999.0 -9999.0 -9999.0 -9999.0 -9999.0 -9999.0 -9999.0 -9999.0 -9999.0 -9999.0 -9999.0 -9999.0 -9999.0 -9999.0 -9999.0 -9999.0 -9999.0 -9999.0 -9999.0
 -9999.0 -9999.0     0.0     0.0     0.1     2.3    13.4    24.6    37.7    34.4    28.9    21.4    15.0    10.9     9.6     8.8     9.5     8.8     7.7     5.7     3.5     1.9     1.0     0.6     0.4     0.4     0.4     0.4     0.4     0.5     0.5     0.6     2.3     7.6     9.2    14.2     9.1    10.9    16.2    16.6    11.5    16.5    18.9    27.2    27.9    32.0    37.1    46.8    51.0    58.6    94.3    69.6    67.3    83.1    60.7    45.1    23.7    21.6    34.2    46.5    26.9    29.2    34.0    40.4    47.5    52.0    50.7    59.9    44.8    47.5    55.5    60.1    67.2    77.5    82.8    87.0    83.0    76.7   107.3   124.0   122.0    86.7    96.4   102.0    93.3    86.0    77.9    62.4    42.9    32.4    25.5 -9999.0 -9999.0 -9999.0 -9999.0 -9999.0 -9999.0 -9999.0 -9999.0 -9999.0 -9999.0 -9999.0 -9999.0 -9999.0 -9999.0 -9999.0 -9999.0 -9999.0 -9999.0 -9999.0 -9999.0 -9999.0 -9999.0 -9999.0 -9999.0 -9999.0 -9999.0 -9999.0 -9999.0 -9999.0 -9999.0 -9999.0 -9999.0 -9999.0 -9999.0 -9999.0 -9999.0 -9999.0
 -9999.0 -9999.0 -9999.0     0.0     0.2     0.5     3.4    12.9    30.1    42.7    32.8    23.6    15.7    11.5     9.8    10.1    11.1    11.6    10.7     8.2     4.9     2.6     1.3     0.7     0.5     0.5     0.5     0.5     0.6     0.7     1.4     8.9     7.6    32.7    41.1    18.8     8.3     7.1     9.6     7.1     7.7     9.3    11.9    13.7    16.0    21.1    36.5    48.0    70.3    71.5    72.4    73.7    75.4    95.0    68.7    71.8    61.3    64.0    68.2    57.4    50.5    44.1    50.5    54.0    57.4    58.5    61.1    64.9    54.4    61.5    72.8    80.7    90.8    96.5    96.6    86.2    86.8    86.4   131.9   114.1   126.8   109.6   119.5    98.6    81.2    65.7    51.7    41.2    31.3    27.2    24.6    20.2 -9999.0 -9999.0 -9999.0 -9999.0 -9999.0 -9999.0 -9999.0 -9999.0 -9999.0 -9999.0 -9999.0 -9999.0 -9999.0 -9999.0 -9999.0 -9999.0 -9999.0 -9999.0 -9999.0 -9999.0 -9999.0 -9999.0 -9999.0 -9999.0 -9999.0 -9999.0 -9999.0 -9999.0 -9999.0 -9999.0 -9999.0 -9999.0 -9999.0 -9999.0 -9999.0 -9999.0
 -9999.0 -9999.0 -9999.0 -9999.0 -9999.0     0.8    10.1    18.4    16.7    40.3    36.2    26.2    16.7    12.4    11.6    13.0    15.1    16.7    16.3    12.7     8.4     4.3     2.1     1.3     0.9     0.8     0.9     1.2     3.9     8.5     9.1    20.5    26.0    22.9    50.0    21.6    23.5    20.4    11.0     6.9     6.1     6.0     6.1     7.4     9.2    11.4    15.0    38.6    43.0    70.9    65.9    92.7    80.0    66.1    70.3    71.6    79.5    87.0    87.6    94.1    93.1    58.7    63.9    61.5    62.8    58.7    59.1    56.1    53.5    57.3    66.8    78.5    91.2   101.7   102.5    88.9    81.7    76.3   116.7   141.3   136.0   103.2   120.9    99.5    73.1    52.3    41.3    34.4    29.6    28.2    28.0    25.0    19.9    17.0 -9999.0 -9999.0 -9999.0    34.7 -9999.0 -9999.0 -9999.0 -9999.0 -9999.0 -9999.0 -9999.0 -9999.0 -9999.0 -9999.0 -9999.0 -9999.0 -9999.0 -9999.0 -9999.0 -9999.0 -9999.0 -9999.0 -9999.0 -9999.0 -9999.0 -9999.0 -9999.0 -9999.0 -9999.0 -9999.0 -9999.0 -9999.0 -9999.0 -9999.0
 -9999.0 -9999.0 -9999.0 -9999.0     0.0     0.1     0.2     4.8    12.2    33.8    33.4    32.2    25.3    16.4    15.1    17.5    21.0    24.1    24.3    20.3    13.1     7.2     4.2     3.2     3.0     3.9     5.4    40.8    19.5    25.4    31.5    29.6    29.9    38.4    26.6    26.9    23.5    49.6    38.6    19.1     7.3     4.4     4.2     4.4     5.8     7.5     9.7    15.0    24.3    27.4    35.1    56.4    68.0    78.9    43.7    46.7    51.6    75.3    83.1    99.0    96.8    83.9    74.9    56.9    46.7    51.7    52.7    44.9    49.1    47.4    52.4    66.3    82.6    94.8    94.4    84.4    78.8    88.5   142.4   108.4   100.8   121.1   113.2   106.2    61.7    46.7    41.7    37.3    33.7    32.6    32.9    30.3    22.7    17.7 -9999.0 -9999.0    30.3    30.6    25.1    33.7    23.2 -9999.0 -9999.0 -9999.0 -9999.0 -9999.0 -9999.0 -9999.0 -9999.0 -9999.0 -9999.0 -9999.0 -9999.0 -9999.0 -9999.0 -9999.0 -9999.0 -9999.0 -9999.0 -9999.0 -9999.0 -9999.0 -9999.0 -9999.0 -9999.0 -9999.0 -9999.0 -9999.0
 -9999.0 -9999.0 -9999.0 -9999.0     0.0     0.1     0.1     3.5     0.9     4.4    23.9    18.9    29.7    34.8    29.8    33.4    38.2    37.2    35.1    30.0    23.2    16.4    12.9    18.8    33.3    41.7    32.2    34.1    33.9    35.8    37.3    45.5    41.4    42.9    47.0    41.2    51.4    58.9    36.2    18.7    27.0     6.7     5.0     4.0     5.4     7.4     8.6     9.7    12.2    18.8    25.5    32.9    67.6    46.6    35.8    40.7    47.4    61.7    75.1    46.8    70.7    38.1    36.0    39.7    34.0    29.0    39.0    37.5    38.9    46.2    47.0    58.0    68.8    76.6    73.3    74.2    76.5   104.5   125.6   115.6   119.9   100.9   108.8    78.7    51.1    46.7    44.5    40.0    36.8    36.4    35.6    33.6    24.0    18.6    19.0    22.2    25.3    24.1    20.8 -9999.0 -9999.0 -9999.0 -9999.0 -9999.0 -9999.0 -9999.0 -9999.0 -9999.0 -9999.0 -9999.0 -9999.0 -9999.0 -9999.0 -9999.0 -9999.0 -9999.0 -9999.0 -9999.0 -9999.0 -9999.0 -9999.0 -9999.0 -9999.0 -9999.0 -9999.0 -9999.0 -9999.0 -9999.0
 -9999.0 -9999.0 -9999.0 -9999.0 -9999.0 -9999.0 -9999.0     0.8     1.1     6.4     3.8     8.5    21.9    26.0    32.2    38.2    45.5    47.5    47.3    45.0    44.4    44.6    43.8    41.8    40.1    39.4    42.1    44.1    46.2    52.1    53.9    55.9    57.0    62.1    69.3    62.1    74.4    65.7    76.0    71.8    29.1    61.9    46.9    25.0    14.1    10.3    14.6    14.2    21.3    18.1    20.6    28.5    44.3    97.0    78.6    37.3    38.2    44.7    72.6    51.7    67.2    27.9    24.5    26.9    30.9    23.8    30.5    37.9    40.3    48.1    55.2    64.5    75.3    80.3    76.6    81.7    84.1    99.9   114.4   100.4   105.4   100.4    90.3    67.5    49.8    46.8    44.5    41.1    39.5    40.5    38.3    32.9    28.1    23.7    21.3    22.9    23.9 -9999.0 -9999.0 -9999.0 -9999.0 -9999.0 -9999.0 -9999.0 -9999.0 -9999.0 -9999.0 -9999.0 -9999.0 -9999.0 -9999.0 -9999.0 -9999.0 -9999.0 -9999.0 -9999.0 -9999.0 -9999.0 -9999.0 -9999.0 -9999.0 -9999.0 -9999.0 -9999.0 -9999.0 -9999.0 -9999.0 -9999.0
 -9999.0 -9999.0 -9999.0 -9999.0 -9999.0 -9999.0 -9999.0     0.0     2.3     1.3     2.5     9.0    11.9    12.9    24.0    21.4    36.7    42.2    40.4    47.5    48.1    47.7    47.8    47.8    47.5    48.3    49.0    53.9    52.9    54.5    62.2    66.0    69.2    79.4    75.9    80.0    77.6    85.8    81.5    70.5    64.2    54.3    51.0    71.7    33.8    21.1    28.6    33.7    63.2    57.2   101.6    92.8    55.9    66.8    90.9    47.4    48.1    59.7    72.7    75.8    61.2    50.8    34.7    35.2    29.7    28.1    32.0    40.7    53.7    62.2    74.5    84.5    91.3    92.4    81.9    90.9    92.8    93.5    91.2    92.0   105.4   105.8   105.3    66.9    48.4    42.6    40.9    40.0    40.8    41.5    40.6    35.3    30.4    27.6    27.8    25.6 -9999.0 -9999.0 -9999.0 -9999.0 -9999.0 -9999.0 -9999.0 -9999.0 -9999.0 -9999.0 -9999.0 -9999.0 -9999.0 -9999.0 -9999.0 -9999.0 -9999.0 -9999.0 -9999.0 -9999.0 -9999.0 -9999.0 -9999.0 -9999.0 -9999.0 -9999.0 -9999.0 -9999.0 -9999.0 -9999.0 -9999.0 -9999.0
 -9999.0 -9999.0 -9999.0 -9999.0 -9999.0 -9999.0 -9999.0 -9999.0 -9999.0     0.6     2.4     6.6     6.0    11.1    19.5    27.6    29.3    24.9    37.8    37.2    45.6    50.3    52.0    53.2    54.5    55.6    57.8    60.0    61.1    67.6    65.8    71.7    76.4    84.8    82.7    86.8    88.8    95.6    89.4    89.1    73.9    69.2    56.1    46.0    53.1    52.6    55.6    58.4    67.8    74.9    91.3    81.3    71.0    65.5    91.4    62.1    56.2    65.3    80.1    79.2    78.2    80.1    76.5    45.7    45.7    41.0    44.4    55.5    68.4    76.4    87.2    95.2    99.7    98.9    95.6    83.9    86.6    85.1    80.5    81.0    92.5   101.5    73.3    58.2    45.5    38.6    37.8    38.6    40.0    39.1    38.2    35.2    31.4    31.6    31.5 -9999.0 -9999.0 -9999.0 -9999.0 -9999.0 -9999.0 -9999.0 -9999.0 -9999.0 -9999.0 -9999.0 -9999.0 -9999.0 -9999.0 -9999.0 -9999.0 -9999.0 -9999.0 -9999.0 -9999.0 -9999.0 -9999.0 -9999.0 -9999.0 -9999.0 -9999.0 -9999.0 -9999.0 -9999.0 -9999.0 -9999.0 -9999.0 -9999.0
 -9999.0 -9999.0 -9999.0 -9999.0 -9999.0 -9999.0 -9999.0 -9999.0 -9999.0 -9999.0 -9999.0     1.0    10.2     5.6    13.3    16.9    24.2    31.5    37.7    40.8    42.3    50.1    53.3    57.9    58.4    62.6    64.9    67.6    70.3    72.8    76.0    83.1    84.6    90.5    93.8   111.0   105.9   110.2   135.6   108.9   109.5    86.1    67.2    56.8    77.6    58.3    86.7    73.7    87.4    87.4    73.6    74.0    73.5    83.2    99.4    88.2    79.7    87.1    86.3    87.4    92.0    87.7    79.4    68.3    65.8    52.8    55.5    65.4    73.5    78.0    82.7    90.3    92.8    89.0    80.7    84.2    86.4    79.0    73.7    74.0    79.5    78.3    72.8    57.1    44.5    38.6    39.2    39.6    38.7    36.5    33.4    31.4    31.7    33.2    34.7 -9999.0 -9999.0 -9999.0 -9999.0 -9999.0 -9999.0 -9999.0 -9999.0 -9999.0 -9999.0 -9999.0 -9999.0 -9999.0 -9999.0 -9999.0 -9999.0 -9999.0 -9999.0 -9999.0 -9999.0 -9999.0 -9999.0 -9999.0 -9999.0 -9999.0 -9999.0 -9999.0 -9999.0 -9999.0 -9999.0 -9999.0 -9999.0 -9999.0
 -9999.0 -9999.0 -9999.0 -9999.0 -9999.0 -9999.0 -9999.0 -9999.0 -9999.0 -9999.0 -9999.0 -9999.0     5.8    10.1     7.3    15.9    12.0    23.8    29.8    28.0    46.2    49.5    54.4    61.2    53.9    67.3    71.6    71.8    75.1    77.5    81.5    85.5    90.4    99.3   107.3   112.8   133.3   126.7   122.1   114.3   106.2    94.9    82.3    82.9    76.3    79.7    90.5    72.2    81.4    86.7   105.8    96.4    78.9    73.0    84.6    94.3    96.8   102.4    86.6    97.8    96.2    97.5    93.2    80.9    62.4    68.4    55.7    62.0    66.4    69.6    68.1    74.2    76.8    77.6    79.7    88.3    77.6    76.8    77.5    70.5    74.4    72.7    65.5    53.4    42.3    39.6    42.7    42.1    38.4    35.1    33.3    32.8    33.6    33.5    34.9    36.5    40.2 -9999.0 -9999.0 -9999.0 -9999.0 -9999.0 -9999.0 -9999.0 -9999.0 -9999.0 -9999.0 -9999.0 -9999.0 -9999.0 -9999.0 -9999.0 -9999.0 -9999.0 -9999.0 -9999.0 -9999.0 -9999.0 -9999.0 -9999.0 -9999.0 -9999.0 -9999.0 -9999.0 -9999.0 -9999.0 -9999.0 -9999.0
 -9999.0 -9999.0 -9999.0 -9999.0 -9999.0 -9999.0 -9999.0 -9999.0 -9999.0 -9999.0 -9999.0 -9999.0     0.3     8.7    15.6     9.9    23.2    24.6    21.6    30.0    37.6    41.5    50.3    61.5    71.1    71.9    74.5    79.2    78.4    81.8    82.7    86.2    91.8    97.9   106.8   113.7   131.5   141.2   140.2   133.9   117.4   105.0   113.2    85.7    95.1   105.6    85.2    78.6    63.1    84.7    81.9    86.1    70.8    80.5    74.2    88.7    84.9    89.1    84.4    88.1    89.3    88.7    89.1    88.2    49.7    52.6    37.3    43.8    49.0    56.9    70.0    89.9    99.0    89.2    85.9    78.0    79.7    75.3    74.8    71.9    71.2    66.5    56.3    47.7    39.5    40.0    46.4    43.9    37.9    35.2    36.1    38.3    38.6    37.7    38.8    42.7    50.6 -9999.0 -9999.0 -9999.0 -9999.0 -9999.0 -9999.0 -9999.0 -9999.0 -9999.0 -9999.0 -9999.0 -9999.0 -9999.0 -9999.0 -9999.0 -9999.0 -9999.0 -9999.0 -9999.0 -9999.0 -9999.0 -9999.0 -9999.0 -9999.0 -9999.0 -9999.0 -9999.0 -9999.0 -9999.0 -9999.0 -9999.0
 -9999.0 -9999.0 -9999.0 -9999.0 -9999.0 -9999.0 -9999.0 -9999.0 -9999.0 -9999.0 -9999.0 -9999.0 -9999.0     2.4     1.5    15.3    11.7    21.2    27.7    32.8    35.6    48.0    46.9    64.6    69.0    62.3    66.0    64.5    72.1    76.0    81.7    85.1    87.4    94.1    99.9   108.6   119.5   133.3   162.3   148.5   136.9   132.9   118.4   126.2   104.8    92.7   102.9   110.4   109.4    99.8    91.6    72.7    68.8   105.4    92.9    85.9    76.5    79.0    90.1    81.4    79.8    76.8    78.5    57.0    26.4    28.4    34.1    39.3    49.0    61.8    80.2    86.7    92.5    94.9    93.6    81.0    78.8    88.9   102.7    98.4    74.0    64.8    54.2    47.3    41.2    41.0    44.4    41.5    37.8    35.8    37.2    39.9    41.0    42.7    48.0    55.8    66.9 -9999.0 -9999.0 -9999.0 -9999.0 -9999.0 -9999.0 -9999.0 -9999.0 -9999.0 -9999.0 -9999.0 -9999.0 -9999.0 -9999.0 -9999.0 -9999.0 -9999.0 -9999.0 -9999.0 -9999.0 -9999.0 -9999.0 -9999.0 -9999.0 -9999.0 -9999.0 -9999.0 -9999.0 -9999.0 -9999.0 -9999.0
 -9999.0 -9999.0 -9999.0 -9999.0 -9999.0 -9999.0 -9999.0 -9999.0 -9999.0 -9999.0 -9999.0 -9999.0     0.4     0.2     0.8     6.9     3.1    10.0    14.8    30.6    36.9    43.7    48.0    59.1    68.8    58.6    65.4    71.2    72.0    71.1    75.0    81.6    78.9    86.0    91.7    98.6   113.3   117.1   123.6   127.9   148.8   159.9   164.6   114.4   120.6   120.9   110.5    97.1   102.5   100.6   111.3   115.8    84.5    92.9    82.7    78.2    81.2    57.3    66.5    62.8    65.1    71.0    67.2    71.9    43.4    25.7    39.1    40.9    52.6    72.4    92.1   109.8   111.9    96.6    85.4    78.5    81.0    90.5    99.8    98.9    81.5    64.4    57.4    51.7    44.3    41.8    43.5    42.0    39.7    37.0    36.2    37.3    40.8    45.2    58.7    72.2    82.3    88.6 -9999.0 -9999.0 -9999.0 -9999.0 -9999.0 -9999.0 -9999.0 -9999.0 -9999.0 -9999.0 -9999.0 -9999.0 -9999.0 -9999.0 -9999.0 -9999.0 -9999.0 -9999.0 -9999.0 -9999.0 -9999.0 -9999.0 -9999.0 -9999.0 -9999.0 -9999.0 -9999.0 -9999.0 -9999.0 -9999.0
 -9999.0 -9999.0 -9999.0 -9999.0 -9999.0 -9999.0 -9999.0 -9999.0 -9999.0 -9999.0 -9999.0 -9999.0     0.0     2.6     2.4     0.2     0.8    10.8    15.4    13.9    29.9    29.1    38.2    48.1    62.3    70.3    70.1    70.0    68.4    72.1    73.8    73.4    70.1    79.6    81.8    85.4    91.5   101.9   108.1   102.0   105.8   102.9   105.4   113.4   120.6   130.2   149.0   141.7   132.3    97.4    96.2   109.9    90.6    85.6    83.6    75.3    72.1    70.0    60.4    69.5    74.5    81.5    55.9    37.9    26.0    35.0    27.1    44.6    61.9    89.6   114.3   128.2   127.2   124.1   111.4    85.4    78.3    80.1    88.2    90.4    72.1    56.7    54.4    52.4    45.7    44.1    47.1    50.8    46.9    40.5    35.4    35.7    40.3    46.3    67.4    82.7    84.2    85.1    84.2 -9999.0 -9999.0 -9999.0 -9999.0 -9999.0 -9999.0 -9999.0 -9999.0 -9999.0 -9999.0 -9999.0 -9999.0 -9999.0 -9999.0 -9999.0 -9999.0 -9999.0 -9999.0 -9999.0 -9999.0 -9999.0 -9999.0 -9999.0 -9999.0 -9999.0 -9999.0 -9999.0 -9999.0 -9999.0
 -9999.0 -9999.0 -9999.0 -9999.0 -9999.0 -9999.0 -9999.0 -9999.0 -9999.0 -9999.0 -9999.0 -9999.0     1.7     0.1     3.1     2.6     4.5     0.8     5.8     8.8     6.5    10.2    26.8    28.6    42.4    36.8    46.6    38.5    58.9    60.3    63.3    55.0    69.4    75.2    74.5    73.6    78.1    85.7    89.0    97.3    93.4    85.3   122.5    86.1   115.8   146.1   156.1   138.3   116.4   114.6   113.1    99.9   132.2   128.3   102.6    85.2    79.3    76.7    75.2    63.2    64.2    66.3    96.6    35.3    21.1    53.0    41.8    42.4    57.6    81.7   102.9   129.1   135.9   135.0   134.5    99.2    94.9    79.4    82.0    82.2    61.9    45.7    39.6    42.6    46.8    48.9    55.8    78.9    50.9    42.5    37.3    38.4    42.7    51.8    66.7    70.5    64.8    64.5    67.5    60.3 -9999.0 -9999.0 -9999.0 -9999.0 -9999.0 -9999.0 -9999.0 -9999.0 -9999.0 -9999.0 -9999.0 -9999.0 -9999.0 -9999.0 -9999.0 -9999.0 -9999.0 -9999.0 -9999.0 -9999.0 -9999.0 -9999.0 -9999.0 -9999.0 -9999.0 -9999.0 -9999.0 -9999.0
 -9999.0 -9999.0 -9999.0 -9999.0 -9999.0 -9999.0 -9999.0 -9999.0 -9999.0 -9999.0 -9999.0 -9999.0 -9999.0     0.0     0.0     1.0     1.0     3.1     1.4     2.0     0.8     8.8     9.8    12.6    31.2    33.3    39.4    45.7    38.7    54.1    41.6    49.8    53.1    65.3    64.5    63.2    70.5    76.8    83.0    83.3    85.7   120.1   136.0   126.4   101.5   110.3   129.9   101.2   126.7   118.9   101.3   115.3   104.5    94.1   106.9   103.6    86.5    80.2    83.3   103.0    92.3   143.2    92.1    28.1    42.8    28.3    28.7    36.3    52.2    72.4    88.7   101.4   126.0    97.6   102.6    78.3    72.2    79.6    81.9    81.7    54.4    36.5    30.6    32.1    38.5    44.8    51.8    95.7    73.3    44.6    36.5    41.6    49.0    55.7    57.6    52.6    44.2    45.1    51.9 -9999.0 -9999.0 -9999.0 -9999.0 -9999.0 -9999.0 -9999.0 -9999.0 -9999.0 -9999.0 -9999.0 -9999.0 -9999.0 -9999.0 -9999.0 -9999.0 -9999.0 -9999.0 -9999.0 -9999.0 -9999.0 -9999.0 -9999.0 -9999.0 -9999.0 -9999.0 -9999.0 -9999.0 -9999.0
 -9999.0 -9999.0 -9999.0 -9999.0 -9999.0 -9999.0 -9999.0 -9999.0 -9999.0 -9999.0 -9999.0 -9999.0 -9999.0     3.9     0.0     0.5     0.0     1.8     2.1     1.7     0.4     1.1     2.5     7.3    26.8    24.8    25.9    37.3    33.9    15.2    22.3    29.9    45.6    51.6    51.5    58.4    67.9    75.8    84.8   106.6    94.4   103.1   109.8   111.4   139.1   104.7   101.5    77.1    83.8    83.8    93.7    73.6    90.9   104.6   113.1   103.9    92.9    92.5   102.4    76.8   111.2    74.3    85.4    65.2    29.0    16.1    20.3    33.9    51.0    65.7    76.9    88.9    95.3    97.4    85.8    76.1    77.5    81.1   102.2    79.8    47.5    30.0    25.4    27.9    33.1    37.6    40.7    40.9    43.2    29.8    30.3    32.3    40.5    49.1    52.9    50.3    44.0    44.6    54.8 -9999.0 -9999.0 -9999.0 -9999.0 -9999.0 -9999.0 -9999.0 -9999.0 -9999.0 -9999.0 -9999.0 -9999.0 -9999.0 -9999.0 -9999.0 -9999.0 -9999.0 -9999.0 -9999.0 -9999.0 -9999.0 -9999.0 -9999.0 -9999.0 -9999.0 -9999.0 -9999.0 -9999.0 -9999.0
 -9999.0 -9999.0 -9999.0 -9999.0 -9999.0 -9999.0 -9999.0 -9999.0 -9999.0 -9999.0 -9999.0 -9999.0 -9999.0 -9999.0 -9999.0     0.2     0.7     0.3     1.1     3.4     0.5     3.1     6.4     8.0     9.3    13.9     5.5    13.3     6.7    18.6    15.4    22.3    21.2    31.9    46.5    51.4    65.1    79.0    85.7    90.9   103.2   108.4   103.4    92.4    66.2    58.7    69.2    47.9    58.7    40.4    51.4    87.2    68.2    78.5    68.1    91.9    99.1    87.2   125.1   141.6    86.7   120.2    95.0    53.0    27.0    19.1    25.3    40.9    56.5    69.4    74.7    75.3   100.4    94.6    68.0    73.7    66.9    79.1    89.5    71.7    42.4    29.6    27.9    32.3    39.0    42.4    42.1    43.9    34.5    26.8    22.8    28.6    28.6    46.6    57.5    65.3    67.8 -9999.0    86.2 -9999.0 -9999.0 -9999.0 -9999.0 -9999.0 -9999.0 -9999.0 -9999.0 -9999.0 -9999.0 -9999.0 -9999.0 -9999.0 -9999.0 -9999.0 -9999.0 -9999.0 -9999.0 -9999.0 -9999.0 -9999.0 -9999.0 -9999.0 -9999.0 -9999.0 -9999.0 -9999.0 -9999.0 -9999.0
 -9999.0 -9999.0 -9999.0 -9999.0 -9999.0 -9999.0 -9999.0 -9999.0 -9999.0 -9999.0 -9999.0 -9999.0 -9999.0 -9999.0 -9999.0 -9999.0 -9999.0   116.0    30.7 -9999.0    18.5     1.9    11.8    15.6     7.8    12.6     3.5     8.3    16.0     6.1    10.3    20.4    11.9    37.2    55.0    51.3    61.2    81.4    86.2    87.7    87.7    95.3    80.9    65.2    54.8    46.3   119.5    57.7    32.1    36.6    37.8    37.6    53.8    67.7    81.8    92.5    85.6   123.0   136.5   156.5    98.8   103.5    69.3    44.6    34.6    32.8    41.7    55.5    66.4    72.3    63.8    92.0    97.4    72.9    65.9    65.5    59.1    73.0    88.0    71.3    48.0    37.2    36.2    42.3    57.5    65.8    63.0    54.4    46.3    32.4    27.4    24.6    18.9    37.3    64.8    87.0   110.4   118.5   131.0   147.6   147.6 -9999.0 -9999.0 -9999.0 -9999.0 -9999.0 -9999.0 -9999.0 -9999.0 -9999.0 -9999.0 -9999.0 -9999.0 -9999.0 -9999.0 -9999.0 -9999.0 -9999.0 -9999.0 -9999.0 -9999.0 -9999.0 -9999.0 -9999.0 -9999.0 -9999.0 -9999.0 -9999.0
 -9999.0 -9999.0 -9999.0 -9999.0 -9999.0 -9999.0 -9999.0 -9999.0 -9999.0 -9999.0 -9999.0 -9999.0 -9999.0 -9999.0 -9999.0 -9999.0 -9999.0 -9999.0 -9999.0 -9999.0 -9999.0    12.5     7.3     1.8    10.7    40.6    38.2    30.7    17.4    21.2    10.9    29.8    25.4    27.0    37.8    41.7    58.6    74.0    77.8    64.7    49.6    73.5    67.4    51.8    46.4    35.1   180.9    36.6    45.9   127.5    31.1    65.8    70.1    50.0    66.5    95.2   109.8   110.2   170.5   163.6    91.0    98.1    61.0    50.7    42.8    45.9    56.2    65.1    68.4    69.8    67.7    81.8    78.0    59.4    52.0    50.2    56.8    74.9    87.0    80.8    63.4    50.6    46.9    53.7    92.9    79.2    77.8    71.3    57.8    39.1    31.4    21.9    47.6    63.0    73.3   106.8   144.7   173.2   192.2   237.7 -9999.0 -9999.0 -9999.0 -9999.0 -9999.0 -9999.0 -9999.0 -9999.0 -9999.0 -9999.0 -9999.0 -9999.0 -9999.0 -9999.0 -9999.0 -9999.0 -9999.0 -9999.0 -9999.0 -9999.0 -9999.0 -9999.0 -9999.0 -9999.0 -9999.0 -9999.0 -9999.0 -9999.0
 -9999.0 -9999.0 -9999.0 -9999.0 -9999.0 -9999.0 -9999.0 -9999.0 -9999.0 -9999.0 -9999.0 -9999.0 -9999.0 -9999.0 -9999.0 -9999.0 -9999.0 -9999.0 -9999.0 -9999.0 -9999.0 -9999.0 -9999.0   127.6    41.6    56.7    59.2    41.2    10.9    19.3     8.7     6.6     5.2    13.1    20.5    33.5    50.2    64.3    71.4    70.1    59.2    58.2    34.6    23.2    42.6   207.3    71.6    57.7    91.8   110.9    49.5    51.4    56.4    61.9    61.1    47.9   100.2   139.4   111.3   167.3   122.1   122.7   102.4    66.5    54.0    48.1    53.8    58.3    60.1    62.2    73.5    73.7    69.3    66.4    49.6    46.5    54.3    64.5    74.5    82.7    74.8    59.2    53.1    63.4    79.3   148.1    78.7    93.8    75.4    57.4    51.0    54.3    46.8    67.7    81.3   116.2   172.3   218.4   289.0 -9999.0 -9999.0 -9999.0 -9999.0 -9999.0 -9999.0 -9999.0 -9999.0 -9999.0 -9999.0 -9999.0 -9999.0 -9999.0 -9999.0 -9999.0 -9999.0 -9999.0 -9999.0 -9999.0 -9999.0 -9999.0 -9999.0 -9999.0 -9999.0 -9999.0 -9999.0 -9999.0 -9999.0 -9999.0
 -9999.0 -9999.0 -9999.0 -9999.0 -9999.0 -9999.0 -9999.0 -9999.0 -9999.0 -9999.0 -9999.0 -9999.0 -9999.0 -9999.0 -9999.0 -9999.0 -9999.0 -9999.0 -9999.0 -9999.0 -9999.0 -9999.0 -9999.0 -9999.0 -9999.0   372.8   176.3     6.7     8.6     2.1     6.1    15.9    17.7    14.8    23.3    30.8    44.8    54.9    61.8    51.1    52.5    30.0    37.8    33.6   137.6   224.7   167.8   290.8    38.5    94.9    48.7    58.3    72.4    82.6    65.8    68.3   103.7   108.2   151.7   155.2   137.4   111.2   148.0    60.3    49.6    42.3    42.8    42.2    50.2    61.0    62.4    64.2    55.4    63.9    55.6    41.7    39.3    50.3    83.6    72.4    66.8    58.6    52.3    59.1    84.9    71.2    87.8    99.3    98.7    82.0    65.1    55.7    64.9    89.0    95.7   138.5   198.7   272.5 -9999.0 -9999.0 -9999.0 -9999.0 -9999.0 -9999.0 -9999.0 -9999.0 -9999.0 -9999.0 -9999.0 -9999.0 -9999.0 -9999.0 -9999.0 -9999.0 -9999.0 -9999.0 -9999.0 -9999.0 -9999.0 -9999.0 -9999.0 -9999.0 -9999.0 -9999.0 -9999.0 -9999.0 -9999.0 -9999.0
 -9999.0 -9999.0 -9999.0 -9999.0 -9999.0 -9999.0 -9999.0 -9999.0 -9999.0 -9999.0 -9999.0 -9999.0 -9999.0 -9999.0 -9999.0 -9999.0 -9999.0 -9999.0 -9999.0 -9999.0 -9999.0 -9999.0 -9999.0 -9999.0 -9999.0 -9999.0 -9999.0   505.5   458.8   152.9    96.2    69.4    11.5    60.1    28.1   107.8    43.6    47.4    48.5    37.1    33.2    19.5    54.8   141.8   176.3   231.7   280.3   300.6   308.3   183.0   252.7   222.7    89.1    88.4    84.2   102.1    82.5    88.7   135.2   112.4    86.1    98.9    76.4    60.5    42.0    31.1    31.7    33.1    37.3    45.2    50.1    62.4    46.5    56.7    44.0    36.6    56.8    61.3    45.6    49.7    60.0    54.7    63.9    85.7    84.5    96.7   117.7   168.6   125.3   102.1    99.1   102.5    78.9    88.9   130.3   173.8   234.6 -9999.0 -9999.0 -9999.0 -9999.0 -9999.0 -9999.0 -9999.0 -9999.0 -9999.0 -9999.0 -9999.0 -9999.0 -9999.0 -9999.0 -9999.0 -9999.0 -9999.0 -9999.0 -9999.0 -9999.0 -9999.0 -9999.0 -9999.0 -9999.0 -9999.0 -9999.0 -9999.0 -9999.0 -9999.0 -9999.0 -9999.0
 -9999.0 -9999.0 -9999.0 -9999.0 -9999.0 -9999.0 -9999.0 -9999.0 -9999.0 -9999.0 -9999.0 -9999.0 -9999.0 -9999.0 -9999.0 -9999.0 -9999.0 -9999.0 -9999.0 -9999.0 -9999.0 -9999.0 -9999.0 -9999.0 -9999.0 -9999.0 -9999.0 -9999.0 -9999.0 -9999.0 -9999.0 -9999.0 -9999.0   181.2    52.6 -9999.0 -9999.0 -9999.0    86.5    38.1    45.8    65.3    49.1   171.9   224.4   244.0 -9999.0 -9999.0 -9999.0 -9999.0 -9999.0 -9999.0   129.5    98.3    78.6    70.0    80.0    87.2    98.7    98.0    95.6    93.1    75.3    57.9    39.0    28.7    29.3    34.4    35.3    34.6    36.3    51.1    59.9    50.1    57.9    41.7    77.4    55.7    50.7    51.5    57.7    72.5   101.5   121.8   151.4   140.7   144.7   160.8   170.5   112.9   103.9    87.2    74.1    98.2   157.1   217.3   271.1 -9999.0 -9999.0 -9999.0 -9999.0 -9999.0 -9999.0 -9999.0 -9999.0 -9999.0 -9999.0 -9999.0 -9999.0 -9999.0 -9999.0 -9999.0 -9999.0 -9999.0 -9999.0 -9999.0 -9999.0 -9999.0 -9999.0 -9999.0 -9999.0 -9999.0 -9999.0 -9999.0 -9999.0 -9999.0 -9999.0 -9999.0
 -9999.0 -9999.0 -9999.0 -9999.0 -9999.0 -9999.0 -9999.0 -9999.0 -9999.0 -9999.0 -9999.0 -9999.0 -9999.0 -9999.0 -9999.0 -9999.0 -9999.0 -9999.0 -9999.0 -9999.0 -9999.0 -9999.0 -9999.0 -9999.0 -9999.0 -9999.0 -9999.0 -9999.0 -9999.0 -9999.0 -9999.0 -9999.0 -9999.0 -9999.0 -9999.0 -9999.0 -9999.0 -9999.0 -9999.0   210.7   192.3   189.9   194.8   202.7 -9999.0 -9999.0 -9999.0 -9999.0 -9999.0 -9999.0 -9999.0 -9999.0   127.6   103.5    88.1    76.6    85.4   103.2   114.8   113.5   106.5    98.3    83.5    63.3    43.9    34.6    34.2    32.3    28.8    33.7    39.3    43.0    44.2    62.6    45.6    54.2    70.4    62.4    84.6    55.1    69.0    82.4   111.3   179.9   183.9   167.3   171.6   177.0   135.2   120.2    94.3    74.8    72.3   117.6   172.6   240.4 -9999.0 -9999.0 -9999.0 -9999.0 -9999.0 -9999.0 -9999.0 -9999.0 -9999.0 -9999.0 -9999.0 -9999.0 -9999.0 -9999.0 -9999.0 -9999.0 -9999.0 -9999.0 -9999.0 -9999.0 -9999.0 -9999.0 -9999.0 -9999.0 -9999.0 -9999.0 -9999.0 -9999.0 -9999.0 -9999.0 -9999.0 -9999.0
 -9999.0 -9999.0 -9999.0 -9999.0 -9999.0 -9999.0 -9999.0 -9999.0 -9999.0 -9999.0 -9999.0 -9999.0 -9999.0 -9999.0 -9999.0 -9999.0 -9999.0 -9999.0 -9999.0 -9999.0 -9999.0 -9999.0 -9999.0 -9999.0 -9999.0 -9999.0 -9999.0 -9999.0 -9999.0 -9999.0 -9999.0 -9999.0 -9999.0 -9999.0 -9999.0 -9999.0 -9999.0 -9999.0 -9999.0 -9999.0 -9999.0 -9999.0 -9999.0 -9999.0 -9999.0 -9999.0 -9999.0 -9999.0 -9999.0 -9999.0 -9999.0 -9999.0   187.0   109.0    99.9   104.0   111.0   125.6   131.8   127.2   110.5   103.3   113.0    75.2    56.4    41.5    34.1    29.7    25.4    27.2    33.0    39.5    69.1    60.9    63.5    47.3    73.2    59.4    54.4    65.6    81.9    90.9   101.5   163.0   186.0   184.7   160.9   145.9   132.9   119.5   103.1    98.7    82.1   123.1   166.6 -9999.0 -9999.0 -9999.0 -9999.0 -9999.0 -9999.0 -9999.0 -9999.0 -9999.0 -9999.0 -9999.0 -9999.0 -9999.0 -9999.0 -9999.0 -9999.0 -9999.0 -9999.0 -9999.0 -9999.0 -9999.0 -9999.0 -9999.0 -9999.0 -9999.0 -9999.0 -9999.0 -9999.0 -9999.0 -9999.0 -9999.0 -9999.0 -9999.0
 -9999.0 -9999.0 -9999.0 -9999.0 -9999.0 -9999.0 -9999.0 -9999.0 -9999.0 -9999.0 -9999.0 -9999.0 -9999.0 -9999.0 -9999.0 -9999.0 -9999.0 -9999.0 -9999.0 -9999.0 -9999.0 -9999.0 -9999.0 -9999.0 -9999.0 -9999.0 -9999.0 -9999.0 -9999.0 -9999.0 -9999.0 -9999.0 -9999.0 -9999.0 -9999.0 -9999.0 -9999.0 -9999.0 -9999.0 -9999.0 -9999.0 -9999.0 -9999.0 -9999.0 -9999.0 -9999.0 -9999.0 -9999.0 -9999.0 -9999.0 -9999.0   183.5   167.9   123.1   153.7   135.5   142.0   145.0   143.6    95.9   129.6   116.3    92.0    80.1    59.6    41.8    32.7    25.0    26.7    27.8    34.2    43.4    44.4    38.8    43.4    37.7    71.1    35.6    70.4    82.4    71.1    76.6   187.1   119.9   137.5   143.6   166.6   141.0   140.3   129.5   130.1   122.4   119.0   119.4   137.7 -9999.0 -9999.0 -9999.0 -9999.0 -9999.0 -9999.0 -9999.0 -9999.0 -9999.0 -9999.0 -9999.0 -9999.0 -9999.0 -9999.0 -9999.0 -9999.0 -9999.0 -9999.0 -9999.0 -9999.0 -9999.0 -9999.0 -9999.0 -9999.0 -9999.0 -9999.0 -9999.0 -9999.0 -9999.0 -9999.0 -9999.0 -9999.0 -9999.0
 -9999.0 -9999.0 -9999.0 -9999.0 -9999.0 -9999.0 -9999.0 -9999.0 -9999.0 -9999.0 -9999.0 -9999.0 -9999.0 -9999.0 -9999.0 -9999.0 -9999.0 -9999.0 -9999.0 -9999.0 -9999.0 -9999.0 -9999.0 -9999.0 -9999.0 -9999.0 -9999.0 -9999.0 -9999.0 -9999.0 -9999.0 -9999.0 -9999.0 -9999.0 -9999.0 -9999.0 -9999.0 -9999.0 -9999.0 -9999.0 -9999.0 -9999.0 -9999.0 -9999.0 -9999.0 -9999.0 -9999.0 -9999.0 -9999.0 -9999.0   156.5   157.1   155.4   147.8   166.5   156.8   153.9   135.4   133.8   130.3   103.4   109.7    85.5    71.4    47.6    32.9    31.0    30.7    37.4    38.7    47.6    47.2    47.0    53.6    56.7    66.0    20.9    81.5    37.5    71.9    95.5    81.3    91.6    95.0   122.4   119.7   136.2   126.6   133.9   147.1   159.9   148.6   157.6   136.5   120.6 -9999.0 -9999.0 -9999.0 -9999.0 -9999.0 -9999.0 -9999.0 -9999.0 -9999.0 -9999.0 -9999.0 -9999.0 -9999.0 -9999.0 -9999.0 -9999.0 -9999.0 -9999.0 -9999.0 -9999.0 -9999.0 -9999.0 -9999.0 -9999.0 -9999.0 -9999.0 -9999.0 -9999.0 -9999.0 -9999.0 -9999.0 -9999.0 -9999.0
 -9999.0 -9999.0 -9999.0 -9999.0 -9999.0 -9999.0 -9999.0 -9999.0 -9999.0 -9999.0 -9999.0 -9999.0 -9999.0 -9999.0 -9999.0 -9999.0 -9999.0 -9999.0 -9999.0 -9999.0 -9999.0 -9999.0 -9999.0 -9999.0 -9999.0 -9999.0 -9999.0 -9999.0 -9999.0 -9999.0 -9999.0 -9999.0 -9999.0 -9999.0 -9999.0 -9999.0 -9999.0 -9999.0 -9999.0 -9999.0 -9999.0 -9999.0 -9999.0 -9999.0 -9999.0 -9999.0 -9999.0 -9999.0 -9999.0 -9999.0   124.3   129.1   124.3   146.9   151.3   151.0   117.8   140.3   129.8   102.3    76.2    68.6    56.5    45.1    30.8    24.7    29.0    34.4    46.3    49.6    57.9    61.5    58.4    45.3    31.3    22.4    48.4    25.4    39.3    98.7    94.6   137.2   121.1   114.8   124.2   118.2   124.1   129.5   137.8   160.6   186.6   202.9   182.8   148.9 -9999.0 -9999.0 -9999.0 -9999.0 -9999.0 -9999.0 -9999.0 -9999.0 -9999.0 -9999.0 -9999.0 -9999.0 -9999.0 -9999.0 -9999.0 -9999.0 -9999.0 -9999.0 -9999.0 -9999.0 -9999.0 -9999.0 -9999.0 -9999.0 -9999.0 -9999.0 -9999.0 -9999.0 -9999.0 -9999.0 -9999.0 -9999.0 -9999.0 -9999.0
 -9999.0 -9999.0 -9999.0 -9999.0 -9999.0 -9999.0 -9999.0 -9999.0 -9999.0 -9999.0 -9999.0 -9999.0 -9999.0 -9999.0 -9999.0 -9999.0 -9999.0 -9999.0 -9999.0 -9999.0 -9999.0 -9999.0 -9999.0 -9999.0 -9999.0 -9999.0 -9999.0 -9999.0 -9999.0 -9999.0 -9999.0 -9999.0 -9999.0 -9999.0 -9999.0 -9999.0 -9999.0 -9999.0 -9999.0 -9999.0 -9999.0 -9999.0 -9999.0 -9999.0 -9999.0 -9999.0 -9999.0 -9999.0 -9999.0 -9999.0    95.5    91.7    81.1   118.7   110.0   117.2   133.0   121.9   118.8    89.3    66.8    46.8    35.9    24.7    19.2    21.7    31.8    41.6    50.1    71.4    60.7    92.1    52.7    68.0    38.6    44.0    99.5    40.2    61.0    70.3   162.5   149.6   159.9   153.2   148.1   128.2   138.1   147.1   160.2   180.4   203.3   211.1 -9999.0 -9999.0 -9999.0 -9999.0 -9999.0 -9999.0 -9999.0 -9999.0 -9999.0 -9999.0 -9999.0 -9999.0 -9999.0 -9999.0 -9999.0 -9999.0 -9999.0 -9999.0 -9999.0 -9999.0 -9999.0 -9999.0 -9999.0 -9999.0 -9999.0 -9999.0 -9999.0 -9999.0 -9999.0 -9999.0 -9999.0 -9999.0 -9999.0 -9999.0 -9999.0 -9999.0
 -9999.0 -9999.0 -9999.0 -9999.0 -9999.0 -9999.0 -9999.0 -9999.0 -9999.0 -9999.0 -9999.0 -9999.0 -9999.0 -9999.0 -9999.0 -9999.0 -9999.0 -9999.0 -9999.0 -9999.0 -9999.0 -9999.0 -9999.0 -9999.0 -9999.0 -9999.0 -9999.0 -9999.0 -9999.0 -9999.0 -9999.0 -9999.0 -9999.0 -9999.0 -9999.0 -9999.0 -9999.0 -9999.0 -9999.0 -9999.0 -9999.0 -9999.0 -9999.0 -9999.0 -9999.0 -9999.0 -9999.0 -9999.0 -9999.0 -9999.0    76.3    75.3    68.9    79.6    92.5   109.8   110.5   118.5   118.7   104.0    74.9    46.1    36.0    21.5    17.7    23.4    38.0    55.7    76.0    43.4    61.4    60.6    68.9    90.3    74.1   106.3   138.8    80.1   115.9   100.0   149.2   207.9   200.7   195.7   161.6   158.9   187.7   192.0   206.1   216.0   219.5 -9999.0 -9999.0 -9999.0 -9999.0 -9999.0 -9999.0 -9999.0 -9999.0 -9999.0 -9999.0 -9999.0 -9999.0 -9999.0 -9999.0 -9999.0 -9999.0 -9999.0 -9999.0 -9999.0 -9999.0 -9999.0 -9999.0 -9999.0 -9999.0 -9999.0 -9999.0 -9999.0 -9999.0 -9999.0 -9999.0 -9999.0 -9999.0 -9999.0 -9999.0 -9999.0 -9999.0 -9999.0
 -9999.0 -9999.0 -9999.0 -9999.0 -9999.0 -9999.0 -9999.0 -9999.0 -9999.0 -9999.0 -9999.0 -9999.0 -9999.0 -9999.0 -9999.0 -9999.0 -9999.0 -9999.0 -9999.0 -9999.0 -9999.0 -9999.0 -9999.0 -9999.0 -9999.0 -9999.0 -9999.0 -9999.0 -9999.0 -9999.0 -9999.0 -9999.0 -9999.0 -9999.0 -9999.0 -9999.0 -9999.0 -9999.0 -9999.0 -9999.0 -9999.0 -9999.0 -9999.0 -9999.0 -9999.0 -9999.0 -9999.0 -9999.0 -9999.0 -9999.0 -9999.0 -9999.0 -9999.0    60.0    77.5   101.0   113.0   122.9   120.0   122.7    92.9    71.0    43.2    33.1    27.6    33.4    48.4    59.7    77.4    77.3    66.9    65.5    81.8   111.2   143.0   162.4   184.7   148.7   143.2   176.7   234.0   252.7   258.2   243.8   230.5   236.6   252.3   274.1   265.4   261.2 -9999.0 -9999.0 -9999.0 -9999.0 -9999.0 -9999.0 -9999.0 -9999.0 -9999.0 -9999.0 -9999.0 -9999.0 -9999.0 -9999.0 -9999.0 -9999.0 -9999.0 -9999.0 -9999.0 -9999.0 -9999.0 -9999.0 -9999.0 -9999.0 -9999.0 -9999.0 -9999.0 -9999.0 -9999.0 -9999.0 -9999.0 -9999.0 -9999.0 -9999.0 -9999.0 -9999.0 -9999.0 -9999.0
 -9999.0 -9999.0 -9999.0 -9999.0 -9999.0 -9999.0 -9999.0 -9999.0 -9999.0 -9999.0 -9999.0 -9999.0 -9999.0 -9999.0 -9999.0 -9999.0 -9999.0 -9999.0 -9999.0 -9999.0 -9999.0 -9999.0 -9999.0 -9999.0 -9999.0 -9999.0 -9999.0 -9999.0 -9999.0 -9999.0 -9999.0 -9999.0 -9999.0 -9999.0 -9999.0 -9999.0 -9999.0 -9999.0 -9999.0 -9999.0 -9999.0 -9999.0 -9999.0 -9999.0 -9999.0 -9999.0 -9999.0 -9999.0 -9999.0 -9999.0 -9999.0 -9999.0 -9999.0    55.3    69.5    90.7   100.9   106.0   127.2   140.2   124.4    89.4    69.8    64.2    55.5    54.0    51.5    75.3    59.9    62.3    60.9    77.0   121.5   174.7   224.3   306.0   281.8   302.6   297.2   347.5   383.7   388.4   364.5 -9999.0   339.4   344.7 -9999.0 -9999.0 -9999.0 -9999.0 -9999.0 -9999.0 -9999.0 -9999.0 -9999.0 -9999.0 -9999.0 -9999.0 -9999.0 -9999.0 -9999.0 -9999.0 -9999.0 -9999.0 -9999.0 -9999.0 -9999.0 -9999.0 -9999.0 -9999.0 -9999.0 -9999.0 -9999.0 -9999.0 -9999.0 -9999.0 -9999.0 -9999.0 -9999.0 -9999.0 -9999.0 -9999.0 -9999.0 -9999.0 -9999.0 -9999.0 -9999.0 -9999.0
 -9999.0 -9999.0 -9999.0 -9999.0 -9999.0 -9999.0 -9999.0 -9999.0 -9999.0 -9999.0 -9999.0 -9999.0 -9999.0 -9999.0 -9999.0 -9999.0 -9999.0 -9999.0 -9999.0 -9999.0 -9999.0 -9999.0 -9999.0 -9999.0 -9999.0 -9999.0 -9999.0 -9999.0 -9999.0 -9999.0 -9999.0 -9999.0 -9999.0 -9999.0 -9999.0 -9999.0 -9999.0 -9999.0 -9999.0 -9999.0 -9999.0 -9999.0 -9999.0 -9999.0 -9999.0 -9999.0 -9999.0 -9999.0 -9999.0 -9999.0 -9999.0 -9999.0 -9999.0    49.9    54.7    73.8    81.2    87.3   111.5   128.4   137.9   119.2   100.1    82.9    80.1 -9999.0 -9999.0 -9999.0    70.6    55.6    69.9   109.8   167.1   238.1   336.3   452.8   412.4   416.6   623.1   575.6   596.0   574.6   555.5 -9999.0 -9999.0 -9999.0 -9999.0 -9999.0 -9999.0 -9999.0 -9999.0 -9999.0 -9999.0 -9999.0 -9999.0 -9999.0 -9999.0 -9999.0 -9999.0 -9999.0 -9999.0 -9999.0 -9999.0 -9999.0 -9999.0 -9999.0 -9999.0 -9999.0 -9999.0 -9999.0 -9999.0 -9999.0 -9999.0 -9999.0 -9999.0 -9999.0 -9999.0 -9999.0 -9999.0 -9999.0 -9999.0 -9999.0 -9999.0 -9999.0 -9999.0 -9999.0 -9999.0 -9999.0
 -9999.0 -9999.0 -9999.0 -9999.0 -9999.0 -9999.0 -9999.0 -9999.0 -9999.0 -9999.0 -9999.0 -9999.0 -9999.0 -9999.0 -9999.0 -9999.0 -9999.0 -9999.0 -9999.0 -9999.0 -9999.0 -9999.0 -9999.0 -9999.0 -9999.0 -9999.0 -9999.0 -9999.0 -9999.0 -9999.0 -9999.0 -9999.0 -9999.0 -9999.0 -9999.0 -9999.0 -9999.0 -9999.0 -9999.0 -9999.0 -9999.0 -9999.0 -9999.0 -9999.0 -9999.0 -9999.0 -9999.0 -9999.0 -9999.0 -9999.0 -9999.0 -9999.0 -9999.0 -9999.0    49.5    55.6    52.5    59.0    96.7   129.3   114.1 -9999.0 -9999.0 -9999.0 -9999.0 -9999.0 -9999.0 -9999.0    58.6    74.2   122.5   134.3   199.6   317.3   443.5   519.4   517.6   485.7   558.3 -9999.0   762.4 -9999.0 -9999.0 -9999.0 -9999.0 -9999.0 -9999.0 -9999.0 -9999.0 -9999.0 -9999.0 -9999.0 -9999.0 -9999.0 -9999.0 -9999.0 -9999.0 -9999.0 -9999.0 -9999.0 -9999.0 -9999.0 -9999.0 -9999.0 -9999.0 -9999.0 -9999.0 -9999.0 -9999.0 -9999.0 -9999.0 -9999.0 -9999.0 -9999.0 -9999.0 -9999.0 -9999.0 -9999.0 -9999.0 -9999.0 -9999.0 -9999.0 -9999.0 -9999.0 -9999.0 -9999.0 -9999.0 -9999.0
 -9999.0 -9999.0 -9999.0 -9999.0 -9999.0 -9999.0 -9999.0 -9999.0 -9999.0 -9999.0 -9999.0 -9999.0 -9999.0 -9999.0 -9999.0 -9999.0 -9999.0 -9999.0 -9999.0 -9999.0 -9999.0 -9999.0 -9999.0 -9999.0 -9999.0 -9999.0 -9999.0 -9999.0 -9999.0 -9999.0 -9999.0 -9999.0 -9999.0 -9999.0 -9999.0 -9999.0 -9999.0 -9999.0 -9999.0 -9999.0 -9999.0 -9999.0 -9999.0 -9999.0 -9999.0 -9999.0 -9999.0 -9999.0 -9999.0 -9999.0 -9999.0 -9999.0 -9999.0 -9999.0 -9999.0    42.7    62.9    61.3    75.1   108.3   120.5 -9999.0 -9999.0 -9999.0 -9999.0 -9999.0 -9999.0 -9999.0 -9999.0 -9999.0   117.8 -9999.0 -9999.0 -9999.0 -9999.0 -9999.0   584.7 -9999.0 -9999.0 -9999.0 -9999.0 -9999.0 -9999.0 -9999.0 -9999.0 -9999.0 -9999.0 -9999.0 -9999.0 -9999.0 -9999.0 -9999.0 -9999.0 -9999.0 -9999.0 -9999.0 -9999.0 -9999.0 -9999.0 -9999.0 -9999.0 -9999.0 -9999.0 -9999.0 -9999.0 -9999.0 -9999.0 -9999.0 -9999.0 -9999.0 -9999.0 -9999.0 -9999.0 -9999.0 -9999.0 -9999.0 -9999.0 -9999.0 -9999.0 -9999.0 -9999.0 -9999.0 -9999.0 -9999.0 -9999.0 -9999.0 -9999.0 -9999.0
 -9999.0 -9999.0 -9999.0 -9999.0 -9999.0 -9999.0 -9999.0 -9999.0 -9999.0 -9999.0 -9999.0 -9999.0 -9999.0 -9999.0 -9999.0 -9999.0 -9999.0 -9999.0 -9999.0 -9999.0 -9999.0 -9999.0 -9999.0 -9999.0 -9999.0 -9999.0 -9999.0 -9999.0 -9999.0 -9999.0 -9999.0 -9999.0 -9999.0 -9999.0 -9999.0 -9999.0 -9999.0 -9999.0 -9999.0 -9999.0 -9999.0 -9999.0 -9999.0 -9999.0 -9999.0 -9999.0 -9999.0 -9999.0 -9999.0 -9999.0 -9999.0 -9999.0 -9999.0 -9999.0 -9999.0 -9999.0 -9999.0 -9999.0    79.7    94.0 -9999.0 -9999.0 -9999.0 -9999.0 -9999.0 -9999.0 -9999.0 -9999.0 -9999.0 -9999.0 -9999.0 -9999.0 -9999.0 -9999.0 -9999.0   607.9   576.0 -9999.0 -9999.0 -9999.0 -9999.0 -9999.0 -9999.0 -9999.0 -9999.0 -9999.0 -9999.0 -9999.0 -9999.0 -9999.0 -9999.0 -9999.0 -9999.0 -9999.0 -9999.0 -9999.0 -9999.0 -9999.0 -9999.0 -9999.0 -9999.0 -9999.0 -9999.0 -9999.0 -9999.0 -9999.0 -9999.0 -9999.0 -9999.0 -9999.0 -9999.0 -9999.0 -9999.0 -9999.0 -9999.0 -9999.0 -9999.0 -9999.0 -9999.0 -9999.0 -9999.0 -9999.0 -9999.0 -9999.0 -9999.0 -9999.0 -9999.0 -9999.0
 -9999.0 -9999.0 -9999.0 -9999.0 -9999.0 -9999.0 -9999.0 -9999.0 -9999.0 -9999.0 -9999.0 -9999.0 -9999.0 -9999.0 -9999.0 -9999.0 -9999.0 -9999.0 -9999.0 -9999.0 -9999.0 -9999.0 -9999.0 -9999.0 -9999.0 -9999.0 -9999.0 -9999.0 -9999.0 -9999.0 -9999.0 -9999.0 -9999.0 -9999.0 -9999.0 -9999.0 -9999.0 -9999.0 -9999.0 -9999.0 -9999.0 -9999.0 -9999.0 -9999.0 -9999.0 -9999.0 -9999.0 -9999.0 -9999.0 -9999.0 -9999.0 -9999.0 -9999.0 -9999.0 -9999.0 -9999.0 -9999.0 -9999.0 -9999.0 -9999.0 -9999.0 -9999.0 -9999.0 -9999.0 -9999.0 -9999.0 -9999.0 -9999.0 -9999.0 -9999.0 -9999.0 -9999.0 -9999.0 -9999.0 -9999.0 -9999.0 -9999.0 -9999.0 -9999.0 -9999.0 -9999.0 -9999.0 -9999.0 -9999.0 -9999.0 -9999.0 -9999.0 -9999.0 -9999.0 -9999.0 -9999.0 -9999.0 -9999.0 -9999.0 -9999.0 -9999.0 -9999.0 -9999.0 -9999.0 -9999.0 -9999.0 -9999.0 -9999.0 -9999.0 -9999.0 -9999.0 -9999.0 -9999.0 -9999.0 -9999.0 -9999.0 -9999.0 -9999.0 -9999.0 -9999.0 -9999.0 -9999.0 -9999.0 -9999.0 -9999.0 -9999.0 -9999.0 -9999.0 -9999.0 -9999.0 -9999.0 -9999.0 -9999.0
 -9999.0 -9999.0 -9999.0 -9999.0 -9999.0 -9999.0 -9999.0 -9999.0 -9999.0 -9999.0 -9999.0 -9999.0 -9999.0 -9999.0 -9999.0 -9999.0 -9999.0 -9999.0 -9999.0 -9999.0 -9999.0 -9999.0 -9999.0 -9999.0 -9999.0 -9999.0 -9999.0 -9999.0 -9999.0 -9999.0 -9999.0 -9999.0 -9999.0 -9999.0 -9999.0 -9999.0 -9999.0 -9999.0 -9999.0 -9999.0 -9999.0 -9999.0 -9999.0 -9999.0 -9999.0 -9999.0 -9999.0 -9999.0 -9999.0 -9999.0 -9999.0 -9999.0 -9999.0 -9999.0 -9999.0 -9999.0 -9999.0 -9999.0 -9999.0 -9999.0 -9999.0 -9999.0 -9999.0 -9999.0 -9999.0 -9999.0 -9999.0 -9999.0 -9999.0 -9999.0 -9999.0 -9999.0 -9999.0 -9999.0 -9999.0   497.4   448.4   444.8 -9999.0 -9999.0 -9999.0 -9999.0 -9999.0 -9999.0 -9999.0 -9999.0 -9999.0 -9999.0 -9999.0 -9999.0 -9999.0 -9999.0 -9999.0 -9999.0 -9999.0 -9999.0 -9999.0 -9999.0 -9999.0 -9999.0 -9999.0 -9999.0 -9999.0 -9999.0 -9999.0 -9999.0 -9999.0 -9999.0 -9999.0 -9999.0 -9999.0 -9999.0 -9999.0 -9999.0 -9999.0 -9999.0 -9999.0 -9999.0 -9999.0 -9999.0 -9999.0 -9999.0 -9999.0 -9999.0 -9999.0 -9999.0 -9999.0 -9999.0
 -9999.0 -9999.0 -9999.0 -9999.0 -9999.0 -9999.0 -9999.0 -9999.0 -9999.0 -9999.0 -9999.0 -9999.0 -9999.0 -9999.0 -9999.0 -9999.0 -9999.0 -9999.0 -9999.0 -9999.0 -9999.0 -9999.0 -9999.0 -9999.0 -9999.0 -9999.0 -9999.0 -9999.0 -9999.0 -9999.0 -9999.0 -9999.0 -9999.0 -9999.0 -9999.0 -9999.0 -9999.0 -9999.0 -9999.0 -9999.0 -9999.0 -9999.0 -9999.0 -9999.0 -9999.0 -9999.0 -9999.0 -9999.0 -9999.0 -9999.0 -9999.0 -9999.0 -9999.0 -9999.0 -9999.0 -9999.0 -9999.0 -9999.0 -9999.0 -9999.0 -9999.0 -9999.0 -9999.0 -9999.0 -9999.0 -9999.0 -9999.0 -9999.0 -9999.0 -9999.0 -9999.0 -9999.0 -9999.0   457.5   588.1   549.4   537.5 -9999.0 -9999.0 -9999.0 -9999.0 -9999.0 -9999.0 -9999.0 -9999.0 -9999.0 -9999.0 -9999.0 -9999.0 -9999.0 -9999.0 -9999.0 -9999.0 -9999.0 -9999.0 -9999.0 -9999.0 -9999.0 -9999.0 -9999.0 -9999.0 -9999.0 -9999.0 -9999.0 -9999.0 -9999.0 -9999.0 -9999.0 -9999.0 -9999.0 -9999.0 -9999.0 -9999.0 -9999.0 -9999.0 -9999.0 -9999.0 -9999.0 -9999.0 -9999.0 -9999.0 -9999.0 -9999.0 -9999.0 -9999.0 -9999.0 -9999.0 -9999.0
 -9999.0 -9999.0 -9999.0 -9999.0 -9999.0 -9999.0 -9999.0 -9999.0 -9999.0 -9999.0 -9999.0 -9999.0 -9999.0 -9999.0 -9999.0 -9999.0 -9999.0 -9999.0 -9999.0 -9999.0 -9999.0 -9999.0 -9999.0 -9999.0 -9999.0 -9999.0 -9999.0 -9999.0 -9999.0 -9999.0 -9999.0 -9999.0 -9999.0 -9999.0 -9999.0 -9999.0 -9999.0 -9999.0 -9999.0 -9999.0 -9999.0 -9999.0 -9999.0 -9999.0 -9999.0 -9999.0 -9999.0 -9999.0 -9999.0 -9999.0 -9999.0 -9999.0 -9999.0 -9999.0 -9999.0 -9999.0 -9999.0 -9999.0 -9999.0 -9999.0 -9999.0 -9999.0 -9999.0 -9999.0 -9999.0 -9999.0 -9999.0 -9999.0 -9999.0 -9999.0 -9999.0 -9999.0 -9999.0 -9999.0   633.2   717.8   612.9 -9999.0 -9999.0 -9999.0 -9999.0 -9999.0 -9999.0 -9999.0 -9999.0 -9999.0 -9999.0 -9999.0 -9999.0 -9999.0 -9999.0 -9999.0 -9999.0 -9999.0 -9999.0 -9999.0 -9999.0 -9999.0 -9999.0 -9999.0 -9999.0 -9999.0 -9999.0 -9999.0 -9999.0 -9999.0 -9999.0 -9999.0 -9999.0 -9999.0 -9999.0 -9999.0 -9999.0 -9999.0 -9999.0 -9999.0 -9999.0 -9999.0 -9999.0 -9999.0 -9999.0 -9999.0 -9999.0 -9999.0 -9999.0 -9999.0 -9999.0 -9999.0
 -9999.0 -9999.0 -9999.0 -9999.0 -9999.0 -9999.0 -9999.0 -9999.0 -9999.0 -9999.0 -9999.0 -9999.0 -9999.0 -9999.0 -9999.0 -9999.0 -9999.0 -9999.0 -9999.0 -9999.0 -9999.0 -9999.0 -9999.0 -9999.0 -9999.0 -9999.0 -9999.0 -9999.0 -9999.0 -9999.0 -9999.0 -9999.0 -9999.0 -9999.0 -9999.0 -9999.0 -9999.0 -9999.0 -9999.0 -9999.0 -9999.0 -9999.0 -9999.0 -9999.0 -9999.0 -9999.0 -9999.0 -9999.0 -9999.0 -9999.0 -9999.0 -9999.0 -9999.0 -9999.0 -9999.0 -9999.0 -9999.0 -9999.0 -9999.0 -9999.0 -9999.0 -9999.0 -9999.0 -9999.0 -9999.0 -9999.0 -9999.0 -9999.0 -9999.0 -9999.0 -9999.0 -9999.0 -9999.0 -9999.0 -9999.0 -9999.0 -9999.0 -9999.0 -9999.0 -9999.0 -9999.0 -9999.0 -9999.0 -9999.0 -9999.0 -9999.0 -9999.0 -9999.0 -9999.0 -9999.0 -9999.0 -9999.0 -9999.0 -9999.0 -9999.0 -9999.0 -9999.0 -9999.0 -9999.0 -9999.0 -9999.0 -9999.0 -9999.0 -9999.0 -9999.0 -9999.0 -9999.0 -9999.0 -9999.0 -9999.0 -9999.0 -9999.0 -9999.0 -9999.0 -9999.0 -9999.0 -9999.0 -9999.0 -9999.0 -9999.0 -9999.0 -9999.0 -9999.0 -9999.0 -9999.0 -9999.0 -9999.0 -9999.0
