NCOLS      128
NROWS       72
XLLCORNER    72.000000000000    
YLLCORNER    18.000000000000    
CELLSIZE    0.50000000000000    
NODATA_VALUE   -9999.000    
 -9999.0 -9999.0 -9999.0 -9999.0 -9999.0 -9999.0 -9999.0 -9999.0 -9999.0 -9999.0 -9999.0 -9999.0 -9999.0 -9999.0 -9999.0 -9999.0 -9999.0 -9999.0 -9999.0 -9999.0 -9999.0 -9999.0 -9999.0 -9999.0 -9999.0 -9999.0 -9999.0 -9999.0 -9999.0 -9999.0 -9999.0 -9999.0 -9999.0 -9999.0 -9999.0 -9999.0 -9999.0 -9999.0 -9999.0 -9999.0 -9999.0 -9999.0 -9999.0 -9999.0 -9999.0 -9999.0 -9999.0 -9999.0 -9999.0 -9999.0 -9999.0 -9999.0 -9999.0 -9999.0 -9999.0 -9999.0 -9999.0 -9999.0 -9999.0 -9999.0 -9999.0 -9999.0 -9999.0 -9999.0 -9999.0 -9999.0 -9999.0 -9999.0 -9999.0 -9999.0 -9999.0 -9999.0 -9999.0 -9999.0 -9999.0 -9999.0 -9999.0 -9999.0 -9999.0 -9999.0 -9999.0 -9999.0 -9999.0 -9999.0 -9999.0 -9999.0 -9999.0 -9999.0 -9999.0 -9999.0 -9999.0 -9999.0 -9999.0 -9999.0 -9999.0 -9999.0 -9999.0    13.7    15.7    17.4    15.0    16.1    14.7    13.9    10.9 -9999.0 -9999.0 -9999.0 -9999.0 -9999.0 -9999.0 -9999.0 -9999.0 -9999.0 -9999.0 -9999.0 -9999.0 -9999.0 -9999.0 -9999.0 -9999.0 -9999.0 -9999.0 -9999.0 -9999.0 -9999.0 -9999.0 -9999.0
 -9999.0 -9999.0 -9999.0 -9999.0 -9999.0 -9999.0 -9999.0 -9999.0 -9999.0 -9999.0 -9999.0 -9999.0 -9999.0 -9999.0 -9999.0 -9999.0 -9999.0 -9999.0 -9999.0 -9999.0 -9999.0 -9999.0 -9999.0 -9999.0 -9999.0 -9999.0 -9999.0 -9999.0 -9999.0 -9999.0 -9999.0 -9999.0 -9999.0 -9999.0 -9999.0 -9999.0 -9999.0 -9999.0 -9999.0 -9999.0 -9999.0 -9999.0 -9999.0 -9999.0 -9999.0 -9999.0 -9999.0 -9999.0 -9999.0 -9999.0 -9999.0 -9999.0 -9999.0 -9999.0 -9999.0 -9999.0 -9999.0 -9999.0 -9999.0 -9999.0 -9999.0 -9999.0 -9999.0 -9999.0 -9999.0 -9999.0 -9999.0 -9999.0 -9999.0 -9999.0 -9999.0 -9999.0 -9999.0 -9999.0 -9999.0 -9999.0 -9999.0 -9999.0 -9999.0 -9999.0 -9999.0 -9999.0 -9999.0 -9999.0 -9999.0 -9999.0 -9999.0 -9999.0 -9999.0 -9999.0 -9999.0 -9999.0 -9999.0 -9999.0 -9999.0 -9999.0    16.8    18.4    14.7    16.5    12.6    12.0    12.8    13.3    12.9    16.7    19.6    21.1    24.5 -9999.0 -9999.0 -9999.0 -9999.0 -9999.0 -9999.0 -9999.0 -9999.0 -9999.0 -9999.0 -9999.0 -9999.0 -9999.0 -9999.0 -9999.0 -9999.0 -9999.0 -9999.0 -9999.0
 -9999.0 -9999.0 -9999.0 -9999.0 -9999.0 -9999.0 -9999.0 -9999.0 -9999.0 -9999.0 -9999.0 -9999.0 -9999.0 -9999.0 -9999.0 -9999.0 -9999.0 -9999.0 -9999.0 -9999.0 -9999.0 -9999.0 -9999.0 -9999.0 -9999.0 -9999.0 -9999.0 -9999.0 -9999.0 -9999.0 -9999.0 -9999.0 -9999.0 -9999.0 -9999.0 -9999.0 -9999.0 -9999.0 -9999.0 -9999.0 -9999.0 -9999.0 -9999.0 -9999.0 -9999.0 -9999.0 -9999.0 -9999.0 -9999.0 -9999.0 -9999.0 -9999.0 -9999.0 -9999.0 -9999.0 -9999.0 -9999.0 -9999.0 -9999.0 -9999.0 -9999.0 -9999.0 -9999.0 -9999.0 -9999.0 -9999.0 -9999.0 -9999.0 -9999.0 -9999.0 -9999.0 -9999.0 -9999.0 -9999.0 -9999.0 -9999.0 -9999.0 -9999.0 -9999.0 -9999.0 -9999.0 -9999.0 -9999.0 -9999.0 -9999.0 -9999.0 -9999.0 -9999.0 -9999.0 -9999.0 -9999.0 -9999.0 -9999.0 -9999.0 -9999.0    13.3    17.6    18.8    15.8    17.6    14.7    11.8    10.5     9.8    10.8     8.7    16.1    18.5    24.1 -9999.0 -9999.0 -9999.0 -9999.0 -9999.0 -9999.0 -9999.0 -9999.0 -9999.0 -9999.0 -9999.0 -9999.0 -9999.0 -9999.0 -9999.0 -9999.0 -9999.0 -9999.0 -9999.0
 -9999.0 -9999.0 -9999.0 -9999.0 -9999.0 -9999.0 -9999.0 -9999.0 -9999.0 -9999.0 -9999.0 -9999.0 -9999.0 -9999.0 -9999.0 -9999.0 -9999.0 -9999.0 -9999.0 -9999.0 -9999.0 -9999.0 -9999.0 -9999.0 -9999.0 -9999.0 -9999.0 -9999.0 -9999.0 -9999.0 -9999.0 -9999.0 -9999.0 -9999.0 -9999.0 -9999.0 -9999.0 -9999.0 -9999.0 -9999.0 -9999.0 -9999.0 -9999.0 -9999.0 -9999.0 -9999.0 -9999.0 -9999.0 -9999.0 -9999.0 -9999.0 -9999.0 -9999.0 -9999.0 -9999.0 -9999.0 -9999.0 -9999.0 -9999.0 -9999.0 -9999.0 -9999.0 -9999.0 -9999.0 -9999.0 -9999.0 -9999.0 -9999.0 -9999.0 -9999.0 -9999.0 -9999.0 -9999.0 -9999.0 -9999.0 -9999.0 -9999.0 -9999.0 -9999.0 -9999.0 -9999.0 -9999.0 -9999.0 -9999.0 -9999.0 -9999.0 -9999.0 -9999.0 -9999.0 -9999.0 -9999.0 -9999.0 -9999.0 -9999.0 -9999.0    17.9    17.0    26.0    21.0    16.0    11.0     7.6     9.2     8.4     8.2     9.6    14.4    16.9    23.1    28.0 -9999.0 -9999.0 -9999.0 -9999.0 -9999.0 -9999.0 -9999.0 -9999.0 -9999.0 -9999.0 -9999.0 -9999.0 -9999.0 -9999.0 -9999.0 -9999.0 -9999.0 -9999.0
 -9999.0 -9999.0 -9999.0 -9999.0 -9999.0 -9999.0 -9999.0 -9999.0 -9999.0 -9999.0 -9999.0 -9999.0 -9999.0 -9999.0 -9999.0 -9999.0 -9999.0 -9999.0 -9999.0 -9999.0 -9999.0 -9999.0 -9999.0 -9999.0 -9999.0 -9999.0 -9999.0 -9999.0 -9999.0 -9999.0 -9999.0 -9999.0 -9999.0 -9999.0 -9999.0 -9999.0 -9999.0 -9999.0 -9999.0 -9999.0 -9999.0 -9999.0 -9999.0 -9999.0 -9999.0 -9999.0 -9999.0 -9999.0 -9999.0 -9999.0 -9999.0 -9999.0 -9999.0 -9999.0 -9999.0 -9999.0 -9999.0 -9999.0 -9999.0 -9999.0 -9999.0 -9999.0 -9999.0 -9999.0 -9999.0 -9999.0 -9999.0 -9999.0 -9999.0 -9999.0 -9999.0 -9999.0 -9999.0 -9999.0 -9999.0 -9999.0 -9999.0 -9999.0 -9999.0 -9999.0 -9999.0 -9999.0 -9999.0 -9999.0 -9999.0 -9999.0 -9999.0 -9999.0 -9999.0 -9999.0 -9999.0 -9999.0 -9999.0 -9999.0 -9999.0    18.5    25.1    18.6    16.5    15.6    13.8     7.0     6.5     6.4     6.5     6.5    12.0    15.0    19.1    26.2    28.3 -9999.0 -9999.0 -9999.0 -9999.0 -9999.0 -9999.0 -9999.0 -9999.0 -9999.0 -9999.0 -9999.0 -9999.0 -9999.0 -9999.0 -9999.0 -9999.0 -9999.0
 -9999.0 -9999.0 -9999.0 -9999.0 -9999.0 -9999.0 -9999.0 -9999.0 -9999.0 -9999.0 -9999.0 -9999.0 -9999.0 -9999.0 -9999.0 -9999.0 -9999.0 -9999.0 -9999.0 -9999.0 -9999.0 -9999.0 -9999.0 -9999.0 -9999.0 -9999.0 -9999.0 -9999.0 -9999.0 -9999.0 -9999.0 -9999.0 -9999.0 -9999.0 -9999.0 -9999.0 -9999.0 -9999.0 -9999.0 -9999.0 -9999.0 -9999.0 -9999.0 -9999.0 -9999.0 -9999.0 -9999.0 -9999.0 -9999.0 -9999.0 -9999.0 -9999.0 -9999.0 -9999.0 -9999.0 -9999.0 -9999.0 -9999.0 -9999.0 -9999.0 -9999.0 -9999.0 -9999.0 -9999.0 -9999.0 -9999.0 -9999.0 -9999.0 -9999.0 -9999.0 -9999.0 -9999.0 -9999.0 -9999.0 -9999.0 -9999.0 -9999.0 -9999.0 -9999.0 -9999.0 -9999.0 -9999.0 -9999.0 -9999.0 -9999.0 -9999.0 -9999.0 -9999.0 -9999.0 -9999.0 -9999.0 -9999.0 -9999.0 -9999.0    15.3    20.8    21.3    21.2    18.4    13.3     9.2    11.8     7.7     7.2     7.8     8.2    10.6    13.0    15.9    23.0    25.1 -9999.0 -9999.0 -9999.0 -9999.0 -9999.0 -9999.0 -9999.0 -9999.0 -9999.0 -9999.0 -9999.0 -9999.0 -9999.0 -9999.0 -9999.0 -9999.0 -9999.0
 -9999.0 -9999.0 -9999.0 -9999.0 -9999.0 -9999.0 -9999.0 -9999.0 -9999.0 -9999.0 -9999.0 -9999.0 -9999.0 -9999.0 -9999.0 -9999.0 -9999.0 -9999.0 -9999.0 -9999.0 -9999.0 -9999.0 -9999.0 -9999.0 -9999.0 -9999.0 -9999.0 -9999.0 -9999.0 -9999.0 -9999.0 -9999.0 -9999.0 -9999.0 -9999.0 -9999.0 -9999.0 -9999.0 -9999.0 -9999.0 -9999.0 -9999.0 -9999.0 -9999.0 -9999.0 -9999.0 -9999.0 -9999.0 -9999.0 -9999.0 -9999.0 -9999.0 -9999.0 -9999.0 -9999.0 -9999.0 -9999.0 -9999.0 -9999.0 -9999.0 -9999.0 -9999.0 -9999.0 -9999.0 -9999.0 -9999.0 -9999.0 -9999.0 -9999.0 -9999.0 -9999.0 -9999.0 -9999.0 -9999.0 -9999.0 -9999.0 -9999.0 -9999.0 -9999.0 -9999.0 -9999.0 -9999.0 -9999.0 -9999.0 -9999.0 -9999.0 -9999.0 -9999.0 -9999.0 -9999.0 -9999.0 -9999.0 -9999.0 -9999.0    13.6    16.1    18.8    18.2    15.0    14.3    10.8     9.0     8.7     9.1    10.3     8.9     9.6    11.4    12.5    15.9    23.3    26.2 -9999.0 -9999.0 -9999.0 -9999.0 -9999.0 -9999.0 -9999.0 -9999.0 -9999.0 -9999.0 -9999.0 -9999.0 -9999.0 -9999.0 -9999.0 -9999.0
 -9999.0 -9999.0 -9999.0 -9999.0 -9999.0 -9999.0 -9999.0 -9999.0 -9999.0 -9999.0 -9999.0 -9999.0 -9999.0 -9999.0 -9999.0 -9999.0 -9999.0 -9999.0 -9999.0 -9999.0 -9999.0 -9999.0 -9999.0 -9999.0 -9999.0 -9999.0 -9999.0 -9999.0 -9999.0 -9999.0 -9999.0 -9999.0 -9999.0 -9999.0 -9999.0 -9999.0 -9999.0 -9999.0 -9999.0 -9999.0 -9999.0 -9999.0 -9999.0 -9999.0 -9999.0 -9999.0 -9999.0 -9999.0 -9999.0 -9999.0 -9999.0 -9999.0 -9999.0 -9999.0 -9999.0 -9999.0 -9999.0 -9999.0 -9999.0 -9999.0 -9999.0 -9999.0 -9999.0 -9999.0 -9999.0 -9999.0 -9999.0 -9999.0 -9999.0 -9999.0 -9999.0 -9999.0 -9999.0 -9999.0 -9999.0 -9999.0 -9999.0 -9999.0 -9999.0 -9999.0 -9999.0 -9999.0 -9999.0 -9999.0 -9999.0 -9999.0 -9999.0 -9999.0 -9999.0     0.3 -9999.0 -9999.0     6.0     8.1    12.7    15.7    16.7    15.4    12.9    10.9    14.0    11.5    10.0    11.6    11.0     9.5     9.2     7.3     9.0    10.9    17.9    21.1 -9999.0 -9999.0 -9999.0 -9999.0 -9999.0 -9999.0 -9999.0 -9999.0 -9999.0 -9999.0 -9999.0 -9999.0 -9999.0 -9999.0 -9999.0 -9999.0
 -9999.0 -9999.0 -9999.0 -9999.0 -9999.0 -9999.0 -9999.0 -9999.0 -9999.0 -9999.0 -9999.0 -9999.0 -9999.0 -9999.0 -9999.0 -9999.0 -9999.0 -9999.0 -9999.0 -9999.0 -9999.0 -9999.0 -9999.0 -9999.0 -9999.0 -9999.0 -9999.0 -9999.0 -9999.0 -9999.0 -9999.0 -9999.0 -9999.0 -9999.0 -9999.0 -9999.0 -9999.0 -9999.0 -9999.0 -9999.0 -9999.0 -9999.0 -9999.0 -9999.0 -9999.0 -9999.0 -9999.0 -9999.0 -9999.0 -9999.0 -9999.0 -9999.0 -9999.0 -9999.0 -9999.0 -9999.0 -9999.0 -9999.0 -9999.0 -9999.0 -9999.0 -9999.0 -9999.0 -9999.0 -9999.0 -9999.0 -9999.0 -9999.0 -9999.0 -9999.0 -9999.0 -9999.0 -9999.0 -9999.0 -9999.0 -9999.0 -9999.0 -9999.0 -9999.0 -9999.0 -9999.0 -9999.0 -9999.0 -9999.0 -9999.0 -9999.0 -9999.0 -9999.0     0.3     0.8     1.5     3.6     6.3     7.1     9.9     9.6    10.9     9.8     9.8     9.9     9.1     9.6    10.7     9.8     8.8     7.5     7.1     7.2     7.6     8.8    11.6    16.9    18.6    21.0    25.1    29.3 -9999.0 -9999.0 -9999.0 -9999.0 -9999.0 -9999.0 -9999.0 -9999.0 -9999.0 -9999.0 -9999.0 -9999.0
 -9999.0 -9999.0 -9999.0 -9999.0 -9999.0 -9999.0 -9999.0 -9999.0 -9999.0 -9999.0 -9999.0 -9999.0 -9999.0 -9999.0 -9999.0 -9999.0 -9999.0 -9999.0 -9999.0 -9999.0 -9999.0 -9999.0 -9999.0 -9999.0 -9999.0 -9999.0 -9999.0 -9999.0 -9999.0    42.1    39.9    35.5    29.5 -9999.0 -9999.0 -9999.0 -9999.0 -9999.0 -9999.0 -9999.0 -9999.0 -9999.0 -9999.0 -9999.0 -9999.0 -9999.0 -9999.0 -9999.0 -9999.0 -9999.0 -9999.0 -9999.0 -9999.0 -9999.0 -9999.0 -9999.0 -9999.0 -9999.0 -9999.0 -9999.0 -9999.0 -9999.0 -9999.0 -9999.0 -9999.0 -9999.0 -9999.0 -9999.0 -9999.0 -9999.0 -9999.0 -9999.0 -9999.0 -9999.0 -9999.0 -9999.0 -9999.0 -9999.0 -9999.0 -9999.0 -9999.0 -9999.0 -9999.0 -9999.0 -9999.0 -9999.0 -9999.0     0.2     0.5     1.2     2.5     5.1     6.8     8.0     8.3     8.7     7.5     7.4     5.8     6.9     8.9    10.2     9.1     9.6     7.1     6.1     6.2     6.3     5.9     7.3     9.8    13.4    15.0    18.5    21.3    26.6    28.0    23.5 -9999.0 -9999.0 -9999.0 -9999.0 -9999.0 -9999.0 -9999.0 -9999.0 -9999.0 -9999.0
 -9999.0 -9999.0 -9999.0 -9999.0 -9999.0 -9999.0 -9999.0 -9999.0 -9999.0 -9999.0 -9999.0 -9999.0 -9999.0 -9999.0 -9999.0 -9999.0 -9999.0 -9999.0 -9999.0 -9999.0 -9999.0 -9999.0 -9999.0 -9999.0 -9999.0 -9999.0 -9999.0    34.5    33.9    28.6    32.3    28.4    26.5    17.6 -9999.0 -9999.0 -9999.0 -9999.0 -9999.0 -9999.0 -9999.0 -9999.0 -9999.0 -9999.0 -9999.0 -9999.0 -9999.0 -9999.0 -9999.0 -9999.0 -9999.0 -9999.0 -9999.0 -9999.0 -9999.0 -9999.0 -9999.0 -9999.0 -9999.0 -9999.0 -9999.0 -9999.0 -9999.0 -9999.0 -9999.0 -9999.0 -9999.0 -9999.0 -9999.0 -9999.0 -9999.0 -9999.0 -9999.0 -9999.0 -9999.0 -9999.0 -9999.0 -9999.0 -9999.0 -9999.0 -9999.0 -9999.0 -9999.0 -9999.0 -9999.0 -9999.0 -9999.0     0.3     0.8     2.3     4.4     6.9     8.9     9.2     8.8     7.7     6.8     5.2     5.4     5.4     7.2     8.2     7.1     6.6     6.1     5.5     4.9     4.6     6.3     8.0     9.2    11.4    13.0    16.4    18.4    18.9    20.2    17.4 -9999.0 -9999.0 -9999.0 -9999.0 -9999.0    25.1    32.5    41.6    53.5 -9999.0
 -9999.0 -9999.0 -9999.0 -9999.0 -9999.0 -9999.0 -9999.0 -9999.0 -9999.0 -9999.0 -9999.0 -9999.0 -9999.0 -9999.0 -9999.0 -9999.0 -9999.0 -9999.0 -9999.0 -9999.0 -9999.0 -9999.0 -9999.0 -9999.0 -9999.0 -9999.0    25.9    20.1    18.3    16.8    16.8    16.7    24.7    16.8    14.4    10.6     7.9 -9999.0 -9999.0 -9999.0 -9999.0 -9999.0 -9999.0 -9999.0 -9999.0 -9999.0 -9999.0 -9999.0 -9999.0 -9999.0 -9999.0 -9999.0 -9999.0 -9999.0 -9999.0 -9999.0 -9999.0 -9999.0 -9999.0 -9999.0 -9999.0 -9999.0 -9999.0 -9999.0 -9999.0 -9999.0 -9999.0 -9999.0 -9999.0 -9999.0 -9999.0 -9999.0 -9999.0 -9999.0 -9999.0 -9999.0 -9999.0 -9999.0 -9999.0 -9999.0 -9999.0 -9999.0 -9999.0 -9999.0 -9999.0 -9999.0     0.5     0.9     1.8     3.6     5.9     8.9    11.2    11.4    10.5     8.3     6.8     5.1     4.4     5.9     6.6     6.9     5.9     4.6     4.5     4.3     3.8     4.0     5.5     7.2     9.0    12.0    15.1    18.9    16.8    16.4    17.5    14.1     9.7 -9999.0 -9999.0    14.8    19.6    26.0    34.5    42.0    57.5 -9999.0
 -9999.0 -9999.0 -9999.0 -9999.0 -9999.0 -9999.0 -9999.0 -9999.0 -9999.0 -9999.0 -9999.0 -9999.0 -9999.0 -9999.0 -9999.0 -9999.0 -9999.0 -9999.0 -9999.0 -9999.0 -9999.0 -9999.0 -9999.0 -9999.0 -9999.0 -9999.0    16.3    13.8    10.8     8.5     7.5     8.6     7.6    10.1     8.6     9.2    13.6     3.8 -9999.0 -9999.0 -9999.0 -9999.0 -9999.0 -9999.0 -9999.0 -9999.0 -9999.0 -9999.0 -9999.0 -9999.0 -9999.0 -9999.0 -9999.0 -9999.0 -9999.0 -9999.0 -9999.0 -9999.0 -9999.0 -9999.0 -9999.0 -9999.0 -9999.0 -9999.0 -9999.0 -9999.0 -9999.0 -9999.0 -9999.0 -9999.0 -9999.0 -9999.0 -9999.0 -9999.0 -9999.0 -9999.0 -9999.0 -9999.0 -9999.0 -9999.0 -9999.0 -9999.0 -9999.0 -9999.0 -9999.0 -9999.0     1.1     1.8     2.8     4.5     7.2    10.2    12.0    12.5    11.1     9.4     6.6     5.8     5.6     5.0     5.0     4.9     3.8     3.3     3.0     3.2     3.3     3.3     4.0     5.9     9.0    12.9    16.5    22.3    21.3    12.8    13.9    11.3    10.4    10.0    11.4    14.8    20.6    28.7    38.9    51.3    65.1 -9999.0
 -9999.0 -9999.0 -9999.0 -9999.0 -9999.0 -9999.0 -9999.0 -9999.0 -9999.0 -9999.0 -9999.0 -9999.0 -9999.0 -9999.0 -9999.0 -9999.0 -9999.0 -9999.0 -9999.0 -9999.0 -9999.0    33.5    28.9    23.3    18.4    14.7    12.4    11.2     8.6     6.1     4.5     4.9     4.8     4.7     5.0     4.1     7.1     4.7     4.3 -9999.0 -9999.0 -9999.0 -9999.0 -9999.0 -9999.0 -9999.0 -9999.0 -9999.0 -9999.0 -9999.0 -9999.0 -9999.0 -9999.0 -9999.0 -9999.0 -9999.0 -9999.0 -9999.0 -9999.0 -9999.0 -9999.0 -9999.0 -9999.0 -9999.0 -9999.0 -9999.0 -9999.0 -9999.0 -9999.0 -9999.0 -9999.0 -9999.0 -9999.0 -9999.0 -9999.0 -9999.0 -9999.0 -9999.0 -9999.0 -9999.0 -9999.0 -9999.0 -9999.0 -9999.0 -9999.0 -9999.0 -9999.0     2.2 -9999.0 -9999.0     7.5 -9999.0 -9999.0    11.6    11.1     9.3     6.7     6.3     5.6     3.6     3.4     2.7     2.4     2.3     2.4     2.6     2.7     2.3     2.9     4.4     8.4    14.7    19.9    20.9    19.4    14.6    12.9    10.9    10.1    10.2    11.5    16.7    23.9    33.8    45.1    56.4 -9999.0 -9999.0
 -9999.0 -9999.0 -9999.0 -9999.0 -9999.0 -9999.0 -9999.0 -9999.0 -9999.0 -9999.0 -9999.0 -9999.0 -9999.0 -9999.0 -9999.0 -9999.0 -9999.0 -9999.0 -9999.0 -9999.0 -9999.0    23.1    19.4    16.2    12.8    11.7     6.8     4.7     4.2     3.6     3.1     3.9     5.0     4.3     3.6     2.9     2.6     6.0     1.6 -9999.0 -9999.0 -9999.0 -9999.0 -9999.0 -9999.0 -9999.0 -9999.0 -9999.0 -9999.0 -9999.0 -9999.0 -9999.0 -9999.0 -9999.0 -9999.0 -9999.0 -9999.0 -9999.0 -9999.0 -9999.0 -9999.0 -9999.0 -9999.0 -9999.0 -9999.0 -9999.0 -9999.0 -9999.0 -9999.0 -9999.0 -9999.0 -9999.0 -9999.0 -9999.0 -9999.0 -9999.0 -9999.0 -9999.0 -9999.0 -9999.0 -9999.0 -9999.0 -9999.0 -9999.0 -9999.0 -9999.0 -9999.0 -9999.0 -9999.0     5.3     6.9     8.4     9.1     9.8     9.0     7.6     7.7     6.7     5.5     3.9     2.7     2.0     1.6     1.5     1.7     2.1     2.2     2.0     2.4     4.0     8.2    14.7    19.5    19.2    15.8    14.3    12.0    11.1    11.3    12.0    14.7    20.1    27.9    37.4    53.4 -9999.0 -9999.0 -9999.0
 -9999.0 -9999.0 -9999.0 -9999.0 -9999.0 -9999.0 -9999.0 -9999.0 -9999.0 -9999.0 -9999.0 -9999.0 -9999.0 -9999.0 -9999.0 -9999.0 -9999.0 -9999.0 -9999.0 -9999.0    23.2    18.7    14.9    12.5     9.8     6.4     3.4     2.0     1.3     1.6     2.8     3.6     5.3     5.7     4.8     3.5     3.8     2.1     1.3 -9999.0 -9999.0 -9999.0 -9999.0 -9999.0 -9999.0 -9999.0 -9999.0 -9999.0 -9999.0 -9999.0 -9999.0 -9999.0 -9999.0 -9999.0 -9999.0 -9999.0 -9999.0 -9999.0 -9999.0 -9999.0 -9999.0 -9999.0 -9999.0 -9999.0 -9999.0 -9999.0 -9999.0 -9999.0 -9999.0 -9999.0 -9999.0 -9999.0 -9999.0 -9999.0 -9999.0 -9999.0 -9999.0 -9999.0 -9999.0 -9999.0 -9999.0 -9999.0 -9999.0 -9999.0 -9999.0 -9999.0 -9999.0 -9999.0     4.1     4.9     6.0     7.0     7.3     7.0     6.3     5.7     6.2     5.6     5.4     4.1     2.5     1.7     1.3     1.0     1.0     1.2     1.5     1.7     2.7     5.1     9.5    15.5    18.8    18.4    15.3    11.7    10.1    10.1    10.6    12.5    16.9    23.5    33.5    46.2    60.7 -9999.0 -9999.0 -9999.0
 -9999.0 -9999.0 -9999.0 -9999.0 -9999.0 -9999.0 -9999.0 -9999.0 -9999.0 -9999.0 -9999.0 -9999.0 -9999.0 -9999.0 -9999.0 -9999.0 -9999.0 -9999.0    29.2    26.0    20.7    18.7    14.3    11.5     8.7     6.0     2.6     1.2     0.9     1.5     2.9     5.1     7.3     7.7     7.1     6.2     4.8     2.7     1.4 -9999.0 -9999.0 -9999.0 -9999.0 -9999.0 -9999.0 -9999.0 -9999.0 -9999.0 -9999.0 -9999.0 -9999.0 -9999.0 -9999.0 -9999.0 -9999.0 -9999.0 -9999.0 -9999.0 -9999.0 -9999.0 -9999.0 -9999.0 -9999.0 -9999.0 -9999.0 -9999.0 -9999.0 -9999.0 -9999.0 -9999.0 -9999.0 -9999.0 -9999.0 -9999.0 -9999.0 -9999.0 -9999.0 -9999.0 -9999.0 -9999.0 -9999.0 -9999.0 -9999.0 -9999.0     2.8     3.0     3.2     4.0     4.6     4.7     5.3     5.5     5.4     4.6     3.6     3.2     4.5     5.4     5.9     4.7     2.8     1.6     1.0     0.7     0.6     0.7     1.1     2.2     4.8     8.5    12.8    16.6    17.7    15.8    12.0     8.8     7.1     7.9     9.7    12.7    17.8    26.5    38.0    51.9 -9999.0 -9999.0 -9999.0 -9999.0
 -9999.0 -9999.0 -9999.0 -9999.0 -9999.0 -9999.0 -9999.0 -9999.0 -9999.0 -9999.0 -9999.0 -9999.0 -9999.0 -9999.0 -9999.0    28.0    26.0    24.8    23.0    21.1    18.2    15.4    13.0    10.7     8.5     5.8     3.4     2.0     1.7     2.8     5.0     7.5     9.7    10.0    10.9     9.7     6.9    10.6     4.0     1.7     1.2     0.9     0.7     0.6 -9999.0 -9999.0 -9999.0 -9999.0 -9999.0 -9999.0 -9999.0 -9999.0 -9999.0 -9999.0 -9999.0 -9999.0 -9999.0 -9999.0 -9999.0 -9999.0 -9999.0 -9999.0 -9999.0 -9999.0 -9999.0 -9999.0 -9999.0 -9999.0 -9999.0 -9999.0 -9999.0 -9999.0 -9999.0 -9999.0 -9999.0 -9999.0 -9999.0 -9999.0 -9999.0     2.1     2.0     2.3     2.9     3.2     3.3     3.5     4.0     4.6     5.2     5.2     5.3     4.8     3.8     2.6     1.8     1.6     2.8     4.2     5.1     4.3     2.6     1.3     0.7     0.5     0.6     1.0     2.0     4.6     9.2    14.3    17.6    18.1    16.5    13.5    10.3     6.8     5.1     5.6     8.3    12.5    19.2    29.0    41.7    56.4 -9999.0 -9999.0 -9999.0 -9999.0
 -9999.0 -9999.0 -9999.0 -9999.0 -9999.0 -9999.0 -9999.0 -9999.0 -9999.0 -9999.0 -9999.0 -9999.0 -9999.0 -9999.0 -9999.0    25.1    19.8    19.2    15.4    18.2    18.8    14.7    12.5    11.7    10.6     8.8     6.6     5.3     4.9     6.1     8.4    10.3    11.4    10.1     9.3     8.3     5.7     5.0     2.3     1.4     0.9     0.6     0.7     0.7     0.6     0.5     1.6 -9999.0 -9999.0 -9999.0 -9999.0 -9999.0 -9999.0 -9999.0 -9999.0 -9999.0 -9999.0 -9999.0 -9999.0 -9999.0 -9999.0 -9999.0 -9999.0 -9999.0 -9999.0 -9999.0 -9999.0 -9999.0 -9999.0 -9999.0 -9999.0 -9999.0 -9999.0 -9999.0 -9999.0 -9999.0 -9999.0 -9999.0     2.7     2.2     2.2     2.4     3.0     3.8     4.1     4.3     4.7     5.4     5.9     6.0     5.6     4.5     3.0     1.6     1.0     1.0     1.7     2.9     3.4     3.0     1.8     0.9     0.5     0.6     1.2     2.4     4.8     8.8    14.3    19.6    21.9    19.9    16.7    12.9     9.2     5.8     5.0     5.7     8.5    13.6    21.1    31.6    45.0 -9999.0 -9999.0 -9999.0 -9999.0 -9999.0
 -9999.0 -9999.0 -9999.0 -9999.0 -9999.0 -9999.0 -9999.0 -9999.0 -9999.0 -9999.0 -9999.0 -9999.0 -9999.0 -9999.0 -9999.0 -9999.0    15.1    15.8    14.4    11.1     9.0    15.9     7.0    11.1    14.3    13.8    13.9    13.2    12.0    12.4    14.0    13.5    11.5     9.5     8.9     8.6     7.4     5.3     3.3     2.5     2.3     1.5     1.5     1.4     1.1     0.8     0.6     0.5 -9999.0 -9999.0 -9999.0 -9999.0 -9999.0 -9999.0 -9999.0 -9999.0 -9999.0 -9999.0 -9999.0 -9999.0 -9999.0 -9999.0 -9999.0 -9999.0 -9999.0 -9999.0 -9999.0 -9999.0 -9999.0 -9999.0 -9999.0 -9999.0 -9999.0 -9999.0 -9999.0 -9999.0 -9999.0 -9999.0     2.8     2.5     2.4     2.7     3.7     4.6     4.6     4.5     4.8     5.8     6.6     6.7     5.9     4.5     2.8     1.4     0.9     0.9     1.3     1.8     2.2     2.1     1.4     0.8     0.6     1.1     2.9     5.9     9.7    13.8    18.5    22.4    23.5    21.3    17.5    11.5     7.6     6.3     5.6     6.7    10.6    15.7 -9999.0 -9999.0 -9999.0 -9999.0 -9999.0 -9999.0 -9999.0 -9999.0
 -9999.0 -9999.0 -9999.0 -9999.0 -9999.0 -9999.0 -9999.0 -9999.0 -9999.0 -9999.0 -9999.0 -9999.0 -9999.0 -9999.0 -9999.0 -9999.0    11.2    11.2    11.7    13.7    12.4    16.4    15.3     9.1     5.4     7.2     8.0    13.5    15.0    17.0    20.4    16.3    35.2    21.8     8.9     8.8     9.9     6.6     4.1     3.7     3.6     2.4     2.8     5.8     1.9     1.3     0.8     0.6 -9999.0 -9999.0 -9999.0 -9999.0 -9999.0 -9999.0 -9999.0 -9999.0 -9999.0 -9999.0 -9999.0 -9999.0 -9999.0 -9999.0 -9999.0 -9999.0 -9999.0 -9999.0 -9999.0 -9999.0 -9999.0 -9999.0 -9999.0 -9999.0 -9999.0 -9999.0 -9999.0 -9999.0 -9999.0     5.6     3.7     3.0     2.8     3.4     4.0     4.3     4.7     4.6     5.0     5.9     6.6     6.6     5.9     4.4     2.6     1.6     1.1     1.1     1.1     1.3     1.7     1.8     1.7     1.4     1.4     2.8     6.5    10.8    14.7    17.6    20.4    22.8    23.1    19.7    14.5     9.4     7.7     5.9     6.1     7.8    12.6 -9999.0 -9999.0 -9999.0 -9999.0 -9999.0 -9999.0 -9999.0 -9999.0 -9999.0
 -9999.0 -9999.0 -9999.0 -9999.0 -9999.0 -9999.0 -9999.0 -9999.0 -9999.0 -9999.0 -9999.0 -9999.0 -9999.0 -9999.0 -9999.0 -9999.0     6.2     5.1     4.4     5.4    12.0    16.1     6.3     9.1     7.7     6.8    12.7    19.7    13.8    16.0    17.3    12.7     6.0     3.5     6.2     8.5     6.2     2.6     1.5     0.5     1.1     2.2     3.0     4.3     3.4     1.7     1.1     0.8     0.9     1.2     1.0 -9999.0 -9999.0 -9999.0 -9999.0 -9999.0 -9999.0 -9999.0 -9999.0 -9999.0 -9999.0 -9999.0 -9999.0 -9999.0 -9999.0 -9999.0 -9999.0 -9999.0 -9999.0 -9999.0 -9999.0 -9999.0 -9999.0 -9999.0 -9999.0 -9999.0     8.1     6.1     3.9     3.4     3.0     3.2     4.0     4.3     4.6     4.8     5.1     5.5     5.8     5.7     5.2     3.8     2.4     1.9     1.7     1.5     1.2     1.2     1.4     2.1     2.9     3.5     4.6     7.1    11.4    15.2    17.9    19.7    21.7    22.8    22.0    20.9    14.2     8.8     6.3     4.4     8.3     9.7    12.6    18.0 -9999.0 -9999.0 -9999.0 -9999.0 -9999.0 -9999.0 -9999.0 -9999.0
 -9999.0 -9999.0 -9999.0 -9999.0 -9999.0 -9999.0 -9999.0 -9999.0 -9999.0 -9999.0 -9999.0 -9999.0 -9999.0 -9999.0 -9999.0     5.5     4.7     4.2     4.0     4.0     3.9     4.1     3.5     5.8     6.0     4.4     7.2     6.4     8.1    22.2    29.5     7.4     2.1     0.5     0.3     0.3     0.8     0.4     0.2     0.2     0.3     1.0     2.6     3.2     2.5     1.8     1.4     1.2     1.3     1.2     1.1     0.8     0.7     0.7     0.5     0.5     0.7     1.1     2.0     3.3     4.9 -9999.0 -9999.0 -9999.0 -9999.0 -9999.0 -9999.0 -9999.0 -9999.0    11.1    11.4    11.2    10.6    10.7    10.5    10.8     8.4     7.4     5.7     3.7     3.3     3.3     3.7     3.8     4.2     4.6     4.8     4.7     4.4     4.2     3.9     3.0     2.1     1.6     1.9     1.9     1.5     1.2     1.5     3.0     5.5     8.3    11.4    14.3    16.9    18.4    19.5    20.8    21.9    24.0    22.9    19.2    13.6    10.2     4.7     3.7     4.2     6.8 -9999.0 -9999.0 -9999.0 -9999.0 -9999.0 -9999.0 -9999.0 -9999.0 -9999.0 -9999.0
 -9999.0 -9999.0 -9999.0 -9999.0 -9999.0 -9999.0 -9999.0 -9999.0 -9999.0 -9999.0 -9999.0 -9999.0 -9999.0 -9999.0     6.9     9.7     9.6     4.3     4.4     4.1     4.4    14.6    15.1     4.8     6.1     3.8     5.2    10.9    13.0    12.2     8.6     4.8     1.8     1.1     0.5     0.3     0.4     0.4     0.3     0.3     0.4     0.9     1.7     2.1     1.8     1.4     1.2     1.7     2.0     2.1     1.9     1.2     0.9     0.5     0.3     0.4     0.5     1.0     1.9     3.5     5.3     6.8     7.8     8.1     7.9     7.5     8.8     9.6    11.0    10.8     9.6     8.3     8.6     8.9     9.2     9.5     8.2     6.6     5.5     4.0     3.3     3.1     2.6     2.8     3.3     4.0     4.2     3.7     3.2     2.7     2.9     2.6     1.0     1.0     1.5     2.0     1.8     1.8     3.0     5.5    10.0    14.5    18.6    21.2    21.6    20.7    20.9    22.7    25.2    28.8    25.4    22.9    20.3    11.3     8.2     5.5     5.2 -9999.0 -9999.0 -9999.0 -9999.0 -9999.0 -9999.0 -9999.0 -9999.0 -9999.0 -9999.0 -9999.0
 -9999.0 -9999.0 -9999.0 -9999.0 -9999.0 -9999.0 -9999.0 -9999.0 -9999.0 -9999.0 -9999.0 -9999.0    11.2     9.4     9.1     4.0     4.9     4.7     8.1    13.9    19.2    23.8    29.9    31.6    28.7    23.8    18.0    13.3     9.1     7.3     5.0     2.6     1.5     0.5     0.2     0.2     0.3     0.3     0.2     0.3     0.4     0.8     1.2     1.4     1.2     1.4     1.8     2.3     3.3     2.7     2.2     1.3     0.9     0.5     0.3     0.3     0.5     0.9     1.8     3.5     5.5     6.7     7.4     7.6     7.8     7.7     7.8     8.5     8.3     7.8     6.5     5.6     6.4     6.2     6.2     6.3     5.7     5.0     4.7     4.3     2.9     2.5     1.9     2.1     2.6     3.2     3.4     2.9     2.7     1.7     1.4     0.9     1.5     1.0     0.9     1.6     2.3     4.1     6.2     9.0    13.9    17.8    21.7    23.7    23.8    22.4    22.3    25.3    30.6    31.6    31.8    31.1    23.7    18.2    26.2 -9999.0 -9999.0 -9999.0 -9999.0 -9999.0 -9999.0 -9999.0 -9999.0 -9999.0 -9999.0 -9999.0 -9999.0 -9999.0
 -9999.0 -9999.0 -9999.0 -9999.0 -9999.0 -9999.0 -9999.0 -9999.0 -9999.0     9.2    14.5     9.5     7.4     2.8     1.8     2.8     4.4     6.3     9.5    14.2    19.3    23.2    25.8    25.9    23.3    18.5    13.2     8.9     6.0     4.1     2.3     1.5     0.8     0.2     0.2     0.3     0.2     0.1     0.1     0.1     0.2     0.4     0.6     0.7     0.8     1.3     1.9     2.6     3.0     3.7     2.1     1.1     0.6     0.4     0.5     0.3     0.5     0.9     1.8     3.2     4.7     5.6     5.9     5.9     6.2     5.8     5.9     6.5     5.8     4.6     6.9     6.8     6.6     7.2     7.1     7.1     6.3     5.1     5.1     3.8     2.7     2.2     1.9     1.8     2.1     2.5     3.8     2.7     2.3     0.7     0.8     0.7     0.3     0.5     0.9     1.8     3.3     6.8    12.1    14.4    15.1    16.2    18.1    20.0    22.6    25.2    26.9    28.4    32.6    39.3    39.5    35.7    28.3 -9999.0 -9999.0 -9999.0 -9999.0 -9999.0 -9999.0 -9999.0 -9999.0 -9999.0 -9999.0 -9999.0 -9999.0 -9999.0 -9999.0 -9999.0
 -9999.0 -9999.0 -9999.0 -9999.0 -9999.0     6.6    14.3     8.6     7.5     7.2     3.2     3.5     2.9     1.2     1.1     1.6     2.8     4.2     6.3     9.5    13.0    15.9    17.3    17.2    15.2    11.9     8.5     5.5     3.4     2.0     1.0     0.4     0.2     0.1     0.1     0.1     0.0     0.0     0.0     0.1     0.2     0.2     0.3     0.7     0.7     0.8     0.8     1.2     1.6     1.7     1.8     1.0     0.8     0.6     0.5     0.4     0.5     0.9     1.6     2.6     3.5     3.7     3.8     3.8     3.5     3.6     4.1     4.2     4.2     6.3     6.6     6.1     5.8     6.2     6.2     8.7     9.0     7.2     7.9     6.1     3.8     2.8     2.2     1.9     2.0     1.9     2.1     1.6     1.5     1.2     1.2     1.7     1.3     1.6     2.2     3.0     5.1    10.8 -9999.0 -9999.0    13.7    11.5    11.5    13.3    15.9    20.7    23.7    30.6    37.5 -9999.0 -9999.0 -9999.0 -9999.0 -9999.0 -9999.0 -9999.0 -9999.0 -9999.0 -9999.0 -9999.0 -9999.0 -9999.0 -9999.0 -9999.0 -9999.0 -9999.0 -9999.0 -9999.0
 -9999.0 -9999.0 -9999.0     7.1     3.6     8.0     5.3     4.2     3.5     0.6     0.3     0.3     0.6     0.3     0.4     0.8     1.5     2.3     3.4     4.9     6.7     8.2     8.8     8.6     7.5     6.5     4.9     3.4     1.9     1.2     0.6     0.3     0.2     0.1     0.1     0.1     0.0     0.0     0.0     0.0     0.1     0.1     0.1     0.2     0.4     0.5     0.7     1.4     1.5     2.0     1.2     0.6     0.4     0.3     0.3     0.4     0.7     1.1     1.6     2.1     2.5     2.7     2.5     2.2     2.4     2.7     2.5     3.8     4.8     5.5     5.6     5.6     5.2     5.7     7.8     9.7     9.5     7.8     5.7     4.2     3.7     4.4     2.7     2.1     4.0     1.8     2.0     1.9     1.3     1.5     3.1     4.0     4.4     4.8     4.8     5.3     7.5 -9999.0 -9999.0 -9999.0    10.4     7.3     4.8     5.4     8.3    14.9    21.1 -9999.0 -9999.0 -9999.0 -9999.0 -9999.0 -9999.0 -9999.0 -9999.0 -9999.0 -9999.0 -9999.0 -9999.0 -9999.0 -9999.0 -9999.0 -9999.0 -9999.0 -9999.0 -9999.0 -9999.0 -9999.0
 -9999.0 -9999.0     6.4     4.9     3.4     1.5     1.0     0.6     0.4     0.2     0.2     0.2     0.2     0.2     0.3     0.5     0.8     1.2     1.6     2.2     2.7     3.1     3.1     3.0     2.8     2.8     2.3     1.8     1.4     1.0     0.7     0.5     0.3     0.2     0.2     0.1     0.1     0.0     0.0     0.1     0.1     0.2     0.4     1.0     1.5     3.2     9.0     9.2     7.4     5.1     4.7     2.4     0.9     0.5     0.5     0.9     1.0     1.4     1.6     1.8     1.9     1.8     1.9     1.8     2.1     2.4     3.0     3.8     4.3     5.2     5.4     6.1     6.2     6.4     7.9     9.4     8.3     5.6     3.4     2.9     3.6     4.9     3.7     3.6     2.8     7.1     3.4     3.2     3.2     3.7     5.1     6.5     7.1     7.2     7.2 -9999.0 -9999.0 -9999.0 -9999.0    10.9     7.7     4.5     2.7     2.7 -9999.0 -9999.0 -9999.0 -9999.0 -9999.0 -9999.0 -9999.0 -9999.0 -9999.0 -9999.0 -9999.0 -9999.0 -9999.0 -9999.0 -9999.0 -9999.0 -9999.0 -9999.0 -9999.0 -9999.0 -9999.0 -9999.0 -9999.0 -9999.0
 -9999.0 -9999.0     7.7     7.4    12.5     3.0     0.6     0.6     0.4     0.3     0.2     0.2     0.2     0.2     0.3     0.4     0.6     0.7     0.8     0.9     0.9     0.8     0.7     0.7     0.8     1.0     1.2     1.2     1.2     1.1     1.0     1.0     0.8     0.5     0.3     0.2     0.2     0.2     0.2     0.2     0.2     0.9     4.6    15.9     6.3    10.0    14.6     9.5    11.0     8.1     6.1     5.3     3.2     2.0     1.5     1.4     1.4     2.5     2.2     2.1     1.8     1.6     1.5     1.7     2.2     2.8     3.7     4.1     4.2     5.5     6.7     8.1     8.5     8.7     9.2     9.1     7.2     4.8     3.2     2.8     3.4     4.7     7.1     8.2     6.4     5.2     5.3     6.4     6.7     7.0     7.8     8.1     7.6     7.4 -9999.0 -9999.0 -9999.0 -9999.0 -9999.0     9.3 -9999.0 -9999.0 -9999.0 -9999.0 -9999.0 -9999.0 -9999.0 -9999.0 -9999.0 -9999.0 -9999.0 -9999.0 -9999.0 -9999.0 -9999.0 -9999.0 -9999.0 -9999.0 -9999.0 -9999.0 -9999.0 -9999.0 -9999.0 -9999.0 -9999.0 -9999.0 -9999.0 -9999.0
 -9999.0 -9999.0     4.2     6.9     5.2     2.4     0.9     0.8     0.5     0.4     0.3     0.2     0.2     0.3     0.3     0.5     0.6     0.6     0.5     0.4     0.3     0.2     0.2     0.2     0.2     0.4     0.7     0.9     1.2     1.4     1.5     1.4     1.0     1.6     1.4     1.6     0.5     0.4     0.7     0.5     0.2     0.5     0.8     2.7     3.7     5.7     7.5     8.5     7.6     6.7     7.6     4.1     2.8     2.1     1.2     1.4     2.8     3.2     3.6     2.9     2.1     1.8     1.7     2.0     2.6     3.6     4.5     4.3     5.6     6.2     7.4     9.1    10.1    10.3    10.0     9.2     7.7     5.9     5.2     5.7     7.0     7.4    10.6    15.3    10.4     8.6     7.9     8.7     9.3     9.9    10.3 -9999.0 -9999.0 -9999.0 -9999.0 -9999.0 -9999.0 -9999.0 -9999.0 -9999.0 -9999.0 -9999.0 -9999.0 -9999.0 -9999.0 -9999.0 -9999.0 -9999.0 -9999.0 -9999.0 -9999.0 -9999.0 -9999.0 -9999.0 -9999.0 -9999.0 -9999.0 -9999.0 -9999.0 -9999.0 -9999.0 -9999.0 -9999.0 -9999.0 -9999.0 -9999.0 -9999.0 -9999.0
 -9999.0 -9999.0 -9999.0     5.6     1.6     2.6     2.1     1.1     0.4     0.3     0.3     0.3     0.3     0.3     0.5     0.8     0.9     0.7     0.5     0.3     0.2     0.1     0.1     0.1     0.2     0.3     0.5     0.9     1.2     1.3     1.1     2.0     1.5     6.9     8.4     2.0     0.4     0.2     0.2     0.1     0.2     0.2     0.5     1.0     1.9     4.0     7.1     7.8     9.0     6.8     5.0     3.7     2.6     2.2     1.2     1.0     1.3     2.3     3.2     3.6     3.6     3.2     2.9     2.9     3.4     4.3     5.0     4.7     5.7     5.8     6.9     8.5     9.2     9.6     9.8    10.0     9.6     9.0     8.9     7.3     8.6    10.6    15.9    18.0    17.0    13.1    10.5    10.3    11.0    12.6    13.0    10.7 -9999.0 -9999.0 -9999.0 -9999.0 -9999.0 -9999.0 -9999.0 -9999.0 -9999.0 -9999.0 -9999.0 -9999.0 -9999.0 -9999.0 -9999.0 -9999.0 -9999.0 -9999.0 -9999.0 -9999.0 -9999.0 -9999.0 -9999.0 -9999.0 -9999.0 -9999.0 -9999.0 -9999.0 -9999.0 -9999.0 -9999.0 -9999.0 -9999.0 -9999.0 -9999.0 -9999.0
 -9999.0 -9999.0 -9999.0 -9999.0 -9999.0     0.6     0.2     0.2     0.6     0.2     0.3     0.3     0.3     0.5     0.9     1.2     1.3     0.9     0.5     0.3     0.2     0.1     0.1     0.1     0.2     0.2     0.4     0.5     0.5     1.1     1.3     3.0     3.8     2.7     8.7     1.7     1.6     1.1     0.3     0.1     0.1     0.2     0.2     0.5     1.0     1.7     2.5     5.5     4.5     5.7     3.9     4.0     2.4     1.5     1.2     1.2     1.5     1.9     2.6     3.1     4.4     6.1     5.5     4.2     3.9     4.3     4.5     4.3     4.4     4.7     5.9     7.4     8.0     8.3     9.5    11.3    12.3    12.4    12.3    11.5    11.6    13.4    17.9    22.3    23.2    18.9    15.7    14.6    14.7    15.6    15.5    13.1     9.0     6.0 -9999.0 -9999.0 -9999.0    13.3 -9999.0 -9999.0 -9999.0 -9999.0 -9999.0 -9999.0 -9999.0 -9999.0 -9999.0 -9999.0 -9999.0 -9999.0 -9999.0 -9999.0 -9999.0 -9999.0 -9999.0 -9999.0 -9999.0 -9999.0 -9999.0 -9999.0 -9999.0 -9999.0 -9999.0 -9999.0 -9999.0 -9999.0 -9999.0 -9999.0
 -9999.0 -9999.0 -9999.0 -9999.0     0.5     1.4     2.6     0.5     0.3     0.2     0.2     0.2     0.3     0.6     1.2     1.7     1.7     1.2     0.6     0.3     0.2     0.2     0.1     0.1     0.1     0.1     0.2     5.9     1.2     2.2     3.5     2.9     2.7     3.9     1.7     1.5     1.0     5.1     3.2     0.8     0.2     0.1     0.2     0.3     0.4     0.6     0.8     1.2     1.7     1.6     2.2     2.5     2.0     1.5     1.3     1.5     2.2     2.8     3.6     3.9     4.8     6.7     8.1     6.1     4.1     4.2     3.7     3.5     3.3     4.0     5.8     7.5     8.5     9.3    10.9    12.8    13.8    14.0    14.1    13.4    14.0    15.9    19.5    22.9    26.3    24.1    21.2    18.5    17.2    16.8    16.5    15.0    10.9     7.3 -9999.0 -9999.0     9.0    10.4     9.5    12.4    11.0 -9999.0 -9999.0 -9999.0 -9999.0 -9999.0 -9999.0 -9999.0 -9999.0 -9999.0 -9999.0 -9999.0 -9999.0 -9999.0 -9999.0 -9999.0 -9999.0 -9999.0 -9999.0 -9999.0 -9999.0 -9999.0 -9999.0 -9999.0 -9999.0 -9999.0 -9999.0 -9999.0
 -9999.0 -9999.0 -9999.0 -9999.0     1.0     0.3     1.6     0.2     2.6     2.0     0.2     1.1     0.5     0.5     0.6     0.8     0.7     0.8     0.5     0.3     0.1     0.1     0.1     0.1     0.6     2.7     1.1     1.6     1.8     2.2     2.4     3.8     2.7     2.7     3.0     2.0     3.4     5.0     1.8     0.5     1.8     0.2     0.2     0.2     0.2     0.2     0.3     0.3     0.4     0.7     1.0     1.5     1.5     1.1     1.0     1.1     1.8     3.1     4.2     4.5     6.2     8.3     8.1     7.1     5.0     4.7     4.3     3.8     4.1     5.9     7.6    10.1    11.8    13.0    14.6    14.5    13.7    13.4    13.7    14.3    15.5    18.5    19.4    23.8    27.4    27.6    25.1    20.2    17.3    16.2    15.6    15.1    11.7     8.9     8.2     9.3    11.5    11.2     9.5 -9999.0 -9999.0 -9999.0 -9999.0 -9999.0 -9999.0 -9999.0 -9999.0 -9999.0 -9999.0 -9999.0 -9999.0 -9999.0 -9999.0 -9999.0 -9999.0 -9999.0 -9999.0 -9999.0 -9999.0 -9999.0 -9999.0 -9999.0 -9999.0 -9999.0 -9999.0 -9999.0 -9999.0 -9999.0
 -9999.0 -9999.0 -9999.0 -9999.0 -9999.0 -9999.0 -9999.0     0.3     0.8     0.4     2.3     2.1     0.6     0.8     0.8     0.7     0.3     0.4     0.2     0.1     0.2     0.4     0.5     0.5     0.5     0.6     1.1     1.6     2.0     3.2     3.3     3.4     3.1     3.7     4.6     3.0     5.2     3.8     6.5     6.8     1.1     7.7     5.9     2.4     0.8     0.2     0.5     0.3     0.6     0.3     0.4     0.6     0.7     2.6     1.5     0.5     0.8     1.3     3.7     3.2     6.1     5.4     5.3     5.9     6.4     5.6     5.7     6.1     6.7     8.5    10.9    13.7    15.4    16.3    16.8    15.0    12.9    12.9    13.6    17.6    18.7    20.3    21.4    24.7    27.9    31.0    30.9    26.3    21.9    18.5    15.8    14.4    13.0    11.8    12.6    15.7    18.7 -9999.0 -9999.0 -9999.0 -9999.0 -9999.0 -9999.0 -9999.0 -9999.0 -9999.0 -9999.0 -9999.0 -9999.0 -9999.0 -9999.0 -9999.0 -9999.0 -9999.0 -9999.0 -9999.0 -9999.0 -9999.0 -9999.0 -9999.0 -9999.0 -9999.0 -9999.0 -9999.0 -9999.0 -9999.0 -9999.0 -9999.0
 -9999.0 -9999.0 -9999.0 -9999.0 -9999.0 -9999.0 -9999.0     2.6     0.2     0.8     1.4     0.7     1.1     2.2     1.0     2.9     0.7     0.5     1.2     0.3     0.3     0.5     0.3     0.4     0.4     0.6     0.7     1.6     1.2     1.3     2.5     2.8     2.9     4.5     3.1     3.4     2.9     4.5     4.4     3.7     4.0     3.9     4.6     9.8     2.8     0.9     1.7     1.9     4.9     2.7     6.5     3.9     0.8     1.1     3.0     0.4     0.5     1.4     3.4     5.1     4.9     6.2     5.2     6.7     6.1     6.5     7.1     7.6     9.5     9.8    13.0    15.7    16.6    17.4    17.7    16.2    13.9    15.1    20.5    21.6    20.8    23.1    20.7    28.4    33.7    39.2    41.6    40.7    35.0    25.0    18.8    16.7    16.0    16.7    20.2    24.3 -9999.0 -9999.0 -9999.0 -9999.0 -9999.0 -9999.0 -9999.0 -9999.0 -9999.0 -9999.0 -9999.0 -9999.0 -9999.0 -9999.0 -9999.0 -9999.0 -9999.0 -9999.0 -9999.0 -9999.0 -9999.0 -9999.0 -9999.0 -9999.0 -9999.0 -9999.0 -9999.0 -9999.0 -9999.0 -9999.0 -9999.0 -9999.0
 -9999.0 -9999.0 -9999.0 -9999.0 -9999.0 -9999.0 -9999.0 -9999.0 -9999.0     0.6     0.6     0.5     1.4     1.2     0.8     0.6     0.9     2.8     0.9     1.7     0.7     0.3     0.3     0.3     0.3     0.3     0.6     0.8     0.7     1.8     1.0     1.6     1.9     2.8     1.9     2.1     2.2     3.2     2.7     3.6     2.8     3.6     3.1     2.7     4.5     4.8     5.4     5.3     5.7     5.2     5.8     3.4     2.0     1.4     4.3     1.3     0.8     1.5     4.8     5.7     6.9     9.4    10.8     5.6     7.1     7.1     7.5     7.3     9.6    10.1    12.9    14.3    14.7    16.0    17.6    16.3    15.6    17.1    20.5    25.6    28.9    30.8    36.4    38.9    46.0    52.8    53.9    54.5    47.8    33.5    26.1    24.3    24.7    27.4    30.9 -9999.0 -9999.0 -9999.0 -9999.0 -9999.0 -9999.0 -9999.0 -9999.0 -9999.0 -9999.0 -9999.0 -9999.0 -9999.0 -9999.0 -9999.0 -9999.0 -9999.0 -9999.0 -9999.0 -9999.0 -9999.0 -9999.0 -9999.0 -9999.0 -9999.0 -9999.0 -9999.0 -9999.0 -9999.0 -9999.0 -9999.0 -9999.0 -9999.0
 -9999.0 -9999.0 -9999.0 -9999.0 -9999.0 -9999.0 -9999.0 -9999.0 -9999.0 -9999.0 -9999.0     1.4     0.3     1.6     0.9     1.1     0.8     0.6     0.5     0.5     0.7     0.4     0.4     0.3     0.7     0.5     0.7     0.9     0.9     0.9     1.0     2.2     1.5     1.8     1.6     4.1     2.3     2.7     8.0     3.4     4.9     3.2     2.3     2.3     6.8     4.5    10.3     7.8     9.2     7.6     4.3     3.5     3.0     4.3     7.5     6.3     4.8     6.7     6.6     7.8    10.8     9.6     8.5     7.4     8.7     6.8     5.9     6.5     8.1     9.8    11.5    12.5    12.0    11.8    11.0    12.6    13.6    14.8    18.4    26.8    39.4    44.9    46.2    51.3    58.5    63.1    62.8    61.7    56.2    46.3    40.5    38.9    40.8    44.2    46.9 -9999.0 -9999.0 -9999.0 -9999.0 -9999.0 -9999.0 -9999.0 -9999.0 -9999.0 -9999.0 -9999.0 -9999.0 -9999.0 -9999.0 -9999.0 -9999.0 -9999.0 -9999.0 -9999.0 -9999.0 -9999.0 -9999.0 -9999.0 -9999.0 -9999.0 -9999.0 -9999.0 -9999.0 -9999.0 -9999.0 -9999.0 -9999.0 -9999.0
 -9999.0 -9999.0 -9999.0 -9999.0 -9999.0 -9999.0 -9999.0 -9999.0 -9999.0 -9999.0 -9999.0 -9999.0     0.4     0.4     1.1     0.6     1.8     0.8     0.6     1.4     0.3     0.3     0.3     0.2     1.7     0.3     0.3     0.7     0.7     1.7     1.0     1.1     1.3     2.5     3.0     2.6     6.4     3.2     2.4     1.9     1.9     2.0     2.1     3.7     4.4     6.6     9.9     7.3     8.4     7.9     9.7     7.4     4.7     4.1     6.7    10.2    12.0    14.7     6.7    13.2    12.8    14.6    13.6    10.5     7.0    10.9     6.6     7.6     8.7     9.7    10.9    11.1     8.6     7.9    11.2    18.9    15.8    15.5    19.0    24.8    37.6    46.8    55.7    64.8    69.8    70.4    68.0    67.1    68.6    67.1    64.1    62.5    63.7    66.0    67.5    68.1    68.5 -9999.0 -9999.0 -9999.0 -9999.0 -9999.0 -9999.0 -9999.0 -9999.0 -9999.0 -9999.0 -9999.0 -9999.0 -9999.0 -9999.0 -9999.0 -9999.0 -9999.0 -9999.0 -9999.0 -9999.0 -9999.0 -9999.0 -9999.0 -9999.0 -9999.0 -9999.0 -9999.0 -9999.0 -9999.0 -9999.0 -9999.0
 -9999.0 -9999.0 -9999.0 -9999.0 -9999.0 -9999.0 -9999.0 -9999.0 -9999.0 -9999.0 -9999.0 -9999.0     1.7     0.3     0.3     0.8     0.3     0.4     0.9     0.6     0.4     0.5     0.4     0.2     0.2     0.2     0.2     0.2     0.3     0.3     0.7     1.8     1.5     1.6     2.5     2.2     5.1     5.5     4.1     3.2     2.0     1.8     4.3     2.5     5.6     9.6     7.8     7.8     5.4     7.7     6.3     6.5     4.4     6.7     6.2    11.7    11.7    13.3     7.9     9.0    10.6    10.9    14.5    18.0     7.4    10.2     5.4     7.4     9.4    10.6    11.7    15.3    17.6    16.3    18.5    18.0    16.6    19.2    21.6    28.0    34.0    47.0    62.6    76.2    80.1    77.3    73.0    72.8    80.1    86.5    89.2    89.9    89.2    89.9    90.7    90.7    89.3 -9999.0 -9999.0 -9999.0 -9999.0 -9999.0 -9999.0 -9999.0 -9999.0 -9999.0 -9999.0 -9999.0 -9999.0 -9999.0 -9999.0 -9999.0 -9999.0 -9999.0 -9999.0 -9999.0 -9999.0 -9999.0 -9999.0 -9999.0 -9999.0 -9999.0 -9999.0 -9999.0 -9999.0 -9999.0 -9999.0 -9999.0
 -9999.0 -9999.0 -9999.0 -9999.0 -9999.0 -9999.0 -9999.0 -9999.0 -9999.0 -9999.0 -9999.0 -9999.0 -9999.0     0.6     1.4     0.3     0.6     0.4     0.3     0.3     0.3     0.2     0.4     0.2     0.2     0.5     0.5     0.9     0.6     0.5     0.4     0.5     1.8     2.5     1.3     1.9     2.7     4.3    13.6     6.9     4.9     5.4     4.3     7.5     5.8     6.1     9.9    12.4    12.2     9.7     7.6     4.6     4.4    14.0    13.4    14.3    13.2    15.1    20.5    13.8    14.3    12.9    17.3    12.4     7.2     9.4    11.4    11.5    13.4    13.9    13.5    12.8    15.2    18.6    22.2    21.4    20.6    21.1    26.1    32.3    36.3    45.4    62.1    78.2    83.9    81.1    76.8    78.0    86.6    95.6   102.3   106.6   106.6   106.5   109.5   113.2   110.2 -9999.0 -9999.0 -9999.0 -9999.0 -9999.0 -9999.0 -9999.0 -9999.0 -9999.0 -9999.0 -9999.0 -9999.0 -9999.0 -9999.0 -9999.0 -9999.0 -9999.0 -9999.0 -9999.0 -9999.0 -9999.0 -9999.0 -9999.0 -9999.0 -9999.0 -9999.0 -9999.0 -9999.0 -9999.0 -9999.0 -9999.0
 -9999.0 -9999.0 -9999.0 -9999.0 -9999.0 -9999.0 -9999.0 -9999.0 -9999.0 -9999.0 -9999.0 -9999.0     0.7     1.7     1.2     0.5     1.4     0.7     0.6     0.3     0.3     0.3     0.3     0.2     0.2     0.4     0.3     0.2     0.2     0.3     0.4     0.3     1.9     1.3     2.2     2.0     5.2     3.0     3.7     5.0    11.4    15.2    17.0     5.3     8.3    10.8    10.9     9.5    10.0     8.7    10.2    12.2     6.8    11.2    11.2    13.6    19.3     8.7    14.0    10.7    14.4    21.4    22.3    29.9    22.0    16.6    13.6    14.4    18.1    20.3    19.5    17.3    16.1    15.5    18.0    20.3    22.4    25.9    29.9    33.0    34.2    39.2    51.7    66.4    75.6    76.5    74.3    78.2    87.9    96.4   103.6   111.0   115.2   111.9   112.6   118.8   119.1   114.6 -9999.0 -9999.0 -9999.0 -9999.0 -9999.0 -9999.0 -9999.0 -9999.0 -9999.0 -9999.0 -9999.0 -9999.0 -9999.0 -9999.0 -9999.0 -9999.0 -9999.0 -9999.0 -9999.0 -9999.0 -9999.0 -9999.0 -9999.0 -9999.0 -9999.0 -9999.0 -9999.0 -9999.0 -9999.0 -9999.0
 -9999.0 -9999.0 -9999.0 -9999.0 -9999.0 -9999.0 -9999.0 -9999.0 -9999.0 -9999.0 -9999.0 -9999.0     1.5     0.4     0.6     2.9     1.9     0.5     0.5     0.7     0.4     0.5     0.4     0.4     0.2     0.2     0.2     0.1     0.2     0.1     0.2     0.3     1.3     0.6     1.0     2.1     2.0     3.8     4.7     3.7     4.9     4.0     4.3     6.2     9.4    14.0    20.6    19.0    15.3     6.4     5.6     9.6     6.7     7.3     9.7     9.9    15.3    18.3    14.2    21.8    27.8    35.9    24.5    22.7    22.2    21.0    20.4    17.3    17.5    19.4    20.0    19.4    20.4    25.8    27.5    24.0    24.9    27.2    29.8    29.7    27.8    29.6    38.0    48.7    56.7    60.9    63.3    73.7    85.4    92.8   100.0   110.9   119.5   113.3   106.6   108.8   116.6   119.9   124.5 -9999.0 -9999.0 -9999.0 -9999.0 -9999.0 -9999.0 -9999.0 -9999.0 -9999.0 -9999.0 -9999.0 -9999.0 -9999.0 -9999.0 -9999.0 -9999.0 -9999.0 -9999.0 -9999.0 -9999.0 -9999.0 -9999.0 -9999.0 -9999.0 -9999.0 -9999.0 -9999.0 -9999.0 -9999.0
 -9999.0 -9999.0 -9999.0 -9999.0 -9999.0 -9999.0 -9999.0 -9999.0 -9999.0 -9999.0 -9999.0 -9999.0     0.3     1.3     0.5     0.7     0.7     2.1     1.0     1.0     2.0     1.9     0.8     1.0     0.6     0.8     0.4     0.7     0.1     0.1     0.1     0.8     0.3     0.4     0.8     2.0     3.0     4.8     5.2     9.0     7.0     3.5    12.1     3.5    11.3    22.2    26.8    21.1    12.2     8.5     7.7     5.5    21.0    24.4    17.1     8.4    14.4    19.4    22.9    18.4    23.0    29.8    55.6    26.1    17.8    22.4    20.3    20.0    21.4    22.3    23.5    28.0    29.4    32.4    37.8    29.5    30.7    28.3    28.1    26.2    21.8    22.4    26.9    32.5    36.4    39.3    48.0    66.6    78.2    85.8    96.1   110.9   120.4   117.2   111.8   114.5   121.9   126.9   134.4   143.9 -9999.0 -9999.0 -9999.0 -9999.0 -9999.0 -9999.0 -9999.0 -9999.0 -9999.0 -9999.0 -9999.0 -9999.0 -9999.0 -9999.0 -9999.0 -9999.0 -9999.0 -9999.0 -9999.0 -9999.0 -9999.0 -9999.0 -9999.0 -9999.0 -9999.0 -9999.0 -9999.0 -9999.0
 -9999.0 -9999.0 -9999.0 -9999.0 -9999.0 -9999.0 -9999.0 -9999.0 -9999.0 -9999.0 -9999.0 -9999.0 -9999.0     4.3     3.1     1.1     1.4     1.2     2.1     2.5     5.2     2.1     2.6     2.6     1.1     0.9     0.5     0.2     0.3     0.1     0.3     0.4     1.0     0.7     1.9     7.8     9.4     6.7     9.5     8.9     8.9    21.0    24.5    18.6    12.7    18.5    25.9    17.8    20.4    14.1     6.7    14.1    11.9     8.2    19.0    20.8    10.8    14.0    22.8    41.3    39.9    79.6    54.3    17.0    20.9    19.3    19.8    22.3    25.7    29.9    32.0    32.8    36.4    28.4    31.6    28.9    31.0    31.7    29.9    24.9    19.8    20.0    23.7    26.4    27.2    28.5    38.3    63.9    70.9    80.0    94.2   111.5   117.4   116.6   121.4   136.0   130.3   128.7   133.9 -9999.0 -9999.0 -9999.0 -9999.0 -9999.0 -9999.0 -9999.0 -9999.0 -9999.0 -9999.0 -9999.0 -9999.0 -9999.0 -9999.0 -9999.0 -9999.0 -9999.0 -9999.0 -9999.0 -9999.0 -9999.0 -9999.0 -9999.0 -9999.0 -9999.0 -9999.0 -9999.0 -9999.0 -9999.0
 -9999.0 -9999.0 -9999.0 -9999.0 -9999.0 -9999.0 -9999.0 -9999.0 -9999.0 -9999.0 -9999.0 -9999.0 -9999.0     0.7     3.6     1.7     4.2     1.9     2.3     3.1     6.6     6.0     5.9     4.2     1.9     1.7     1.2     0.4     0.3     1.9     1.1     1.2     0.8     1.8     6.2     9.4     7.9    10.0    16.8    33.4    17.8    19.2    19.9    20.8    36.3    24.4    25.6    18.4    16.4    12.7    14.8     7.0    13.5    20.3    25.4    20.0    12.4    15.5    27.5    17.0    45.6    25.4    14.3    21.5    16.8    16.3    19.8    25.7    33.0    39.1    42.9    44.1    41.7    39.6    38.7    40.6    41.7    40.1    35.6    29.2    24.6    25.3    30.3    35.3    37.9    40.9    49.0    61.5    70.3    79.9    94.0   105.2   106.1   107.8   116.6   126.6   123.0   118.2   119.4 -9999.0 -9999.0 -9999.0 -9999.0 -9999.0 -9999.0 -9999.0 -9999.0 -9999.0 -9999.0 -9999.0 -9999.0 -9999.0 -9999.0 -9999.0 -9999.0 -9999.0 -9999.0 -9999.0 -9999.0 -9999.0 -9999.0 -9999.0 -9999.0 -9999.0 -9999.0 -9999.0 -9999.0 -9999.0
 -9999.0 -9999.0 -9999.0 -9999.0 -9999.0 -9999.0 -9999.0 -9999.0 -9999.0 -9999.0 -9999.0 -9999.0 -9999.0 -9999.0 -9999.0     2.9     2.8     4.1     3.9     3.9     7.5     6.0     5.7     5.7     5.4     3.9     5.8     2.1     3.4     0.4     0.8     0.8     4.9     6.5     6.3    19.1    27.7     8.7    16.4    21.2    32.1    32.8    27.4    22.5    15.4    17.4    23.2    18.5    18.7    12.0    11.8    24.0    13.6    14.9     5.9    14.5    16.1     7.1    34.6    50.7    18.2    13.9    28.8    22.0    16.6    17.7    23.1    32.1    42.6    51.4    55.9    54.5    53.7    50.8    50.6    55.2    55.7    53.3    50.0    43.5    39.8    43.0    50.2    57.2    63.2    69.2    73.2    76.9    80.0    83.0    88.5    98.1    93.7   101.0   102.3    99.0    98.3 -9999.0    96.4 -9999.0 -9999.0 -9999.0 -9999.0 -9999.0 -9999.0 -9999.0 -9999.0 -9999.0 -9999.0 -9999.0 -9999.0 -9999.0 -9999.0 -9999.0 -9999.0 -9999.0 -9999.0 -9999.0 -9999.0 -9999.0 -9999.0 -9999.0 -9999.0 -9999.0 -9999.0 -9999.0 -9999.0 -9999.0
 -9999.0 -9999.0 -9999.0 -9999.0 -9999.0 -9999.0 -9999.0 -9999.0 -9999.0 -9999.0 -9999.0 -9999.0 -9999.0 -9999.0 -9999.0 -9999.0 -9999.0     5.4     4.5 -9999.0     6.3    10.2     8.3     8.1     9.1     7.0     9.3     4.4     1.3     2.1     0.8     0.3     7.6     1.6     1.2     8.9    32.0     4.1    18.8    23.7    28.0    36.4    26.3    19.5    15.2    17.5    49.6    28.0    18.7    18.0    16.2    13.3    11.4    16.7    17.4    17.4    10.3    27.7    35.5    51.9    14.1    27.7    43.7    37.8    27.4    25.9    31.2    41.0    53.3    60.8    62.6    62.1    62.0    58.4    64.6    70.3    72.5    71.1    70.7    69.2    69.1    73.2    78.2    81.5    87.0    91.6    89.7    82.7    78.6    74.4    75.8    81.5    70.0    67.5    75.4    86.7    69.7    75.1    88.0    92.2    95.6 -9999.0 -9999.0 -9999.0 -9999.0 -9999.0 -9999.0 -9999.0 -9999.0 -9999.0 -9999.0 -9999.0 -9999.0 -9999.0 -9999.0 -9999.0 -9999.0 -9999.0 -9999.0 -9999.0 -9999.0 -9999.0 -9999.0 -9999.0 -9999.0 -9999.0 -9999.0 -9999.0
 -9999.0 -9999.0 -9999.0 -9999.0 -9999.0 -9999.0 -9999.0 -9999.0 -9999.0 -9999.0 -9999.0 -9999.0 -9999.0 -9999.0 -9999.0 -9999.0 -9999.0 -9999.0 -9999.0 -9999.0 -9999.0    12.7    14.9    19.4    14.4     9.9     7.4     4.6     2.7     0.7     0.6     0.2     0.5     1.9     1.7     9.3    10.6    11.2     9.7     7.4     9.2    32.3    29.9    21.4    13.8    17.1    69.2    24.6    30.7    83.6    19.8    33.2    29.2    12.3    13.1    19.6    22.1    19.2    56.7    51.3    25.6    35.0    58.8    57.1    51.9    46.6    49.8    57.4    67.8    67.4    63.5    64.8    64.8    62.3    69.1    77.4    80.2    81.5    88.5    93.6    96.1    96.0    94.5    91.4    93.3    91.8    84.6    71.6    63.2    57.4    59.9    60.5    84.7    97.4    58.1    59.2    62.4    68.2    81.5    68.8 -9999.0 -9999.0 -9999.0 -9999.0 -9999.0 -9999.0 -9999.0 -9999.0 -9999.0 -9999.0 -9999.0 -9999.0 -9999.0 -9999.0 -9999.0 -9999.0 -9999.0 -9999.0 -9999.0 -9999.0 -9999.0 -9999.0 -9999.0 -9999.0 -9999.0 -9999.0 -9999.0 -9999.0
 -9999.0 -9999.0 -9999.0 -9999.0 -9999.0 -9999.0 -9999.0 -9999.0 -9999.0 -9999.0 -9999.0 -9999.0 -9999.0 -9999.0 -9999.0 -9999.0 -9999.0 -9999.0 -9999.0 -9999.0 -9999.0 -9999.0 -9999.0    19.0    19.6    16.9    13.4     9.4     8.1     2.5     1.9     2.8    13.4     9.1    17.9    19.5    29.3    16.5    29.7    33.1    27.0    31.6    15.1     8.7    12.9    66.7    31.7    32.1    44.6    48.0    26.3    28.9    20.1    17.7    11.5     6.8    16.3    34.1    24.9    55.6    33.1    42.6    47.8    51.2    53.8    65.4    75.1    79.4    70.1    72.0    67.2    67.3    68.4    73.9    69.4    72.5    82.7    86.7    92.3    97.6    96.9    90.7    85.8    83.6    82.2    88.2    65.8    60.8    55.6    57.3    67.6    85.3    74.2    82.2    67.1    63.2    65.4    75.7    58.1 -9999.0 -9999.0 -9999.0 -9999.0 -9999.0 -9999.0 -9999.0 -9999.0 -9999.0 -9999.0 -9999.0 -9999.0 -9999.0 -9999.0 -9999.0 -9999.0 -9999.0 -9999.0 -9999.0 -9999.0 -9999.0 -9999.0 -9999.0 -9999.0 -9999.0 -9999.0 -9999.0 -9999.0 -9999.0
 -9999.0 -9999.0 -9999.0 -9999.0 -9999.0 -9999.0 -9999.0 -9999.0 -9999.0 -9999.0 -9999.0 -9999.0 -9999.0 -9999.0 -9999.0 -9999.0 -9999.0 -9999.0 -9999.0 -9999.0 -9999.0 -9999.0 -9999.0 -9999.0 -9999.0    23.4    21.4    28.2    19.4    25.5     9.6     3.8     4.3    10.7     9.0    27.6    53.1    21.7    35.8    20.6    32.3    13.8     7.0     8.1    35.3    66.8    55.7   105.2    27.0    40.6    33.1    28.6    30.4    24.8    13.5     9.8    15.9    19.6    42.3    52.7    53.5    47.7    84.3    44.4    48.8    65.6    77.7    69.0    67.6    68.6    70.3    70.0    70.1    82.3    85.1    74.9    78.6    85.5    84.5    83.8    78.1    71.4    69.6    71.6    75.2    63.8    61.8    62.4    70.2    83.4    96.2   103.1   109.8   119.4    89.2    94.5    74.6    74.6 -9999.0 -9999.0 -9999.0 -9999.0 -9999.0 -9999.0 -9999.0 -9999.0 -9999.0 -9999.0 -9999.0 -9999.0 -9999.0 -9999.0 -9999.0 -9999.0 -9999.0 -9999.0 -9999.0 -9999.0 -9999.0 -9999.0 -9999.0 -9999.0 -9999.0 -9999.0 -9999.0 -9999.0 -9999.0 -9999.0
 -9999.0 -9999.0 -9999.0 -9999.0 -9999.0 -9999.0 -9999.0 -9999.0 -9999.0 -9999.0 -9999.0 -9999.0 -9999.0 -9999.0 -9999.0 -9999.0 -9999.0 -9999.0 -9999.0 -9999.0 -9999.0 -9999.0 -9999.0 -9999.0 -9999.0 -9999.0 -9999.0    21.0    16.2    11.3     7.4     5.5    22.6     3.9    16.2     1.4    12.2    11.5     3.9    10.5    15.9     4.4     8.4    27.1    40.7    62.0    85.0   100.0   110.2    62.1    94.4    86.9    28.7    23.6    15.8    14.7    11.6    15.5    34.5    32.5    18.6    40.6    25.3    27.5    32.4    42.2    61.6    70.2    68.8    68.7    68.4    68.9    71.3    83.2    82.0    79.8    86.0    80.3    75.4    70.9    65.3    62.8    68.3    80.1    79.5    78.6    85.5   115.8   114.8   138.6   172.7   162.5   152.1   123.6   124.4   112.8    95.8 -9999.0 -9999.0 -9999.0 -9999.0 -9999.0 -9999.0 -9999.0 -9999.0 -9999.0 -9999.0 -9999.0 -9999.0 -9999.0 -9999.0 -9999.0 -9999.0 -9999.0 -9999.0 -9999.0 -9999.0 -9999.0 -9999.0 -9999.0 -9999.0 -9999.0 -9999.0 -9999.0 -9999.0 -9999.0 -9999.0 -9999.0
 -9999.0 -9999.0 -9999.0 -9999.0 -9999.0 -9999.0 -9999.0 -9999.0 -9999.0 -9999.0 -9999.0 -9999.0 -9999.0 -9999.0 -9999.0 -9999.0 -9999.0 -9999.0 -9999.0 -9999.0 -9999.0 -9999.0 -9999.0 -9999.0 -9999.0 -9999.0 -9999.0 -9999.0 -9999.0 -9999.0 -9999.0 -9999.0 -9999.0     4.2    12.1 -9999.0 -9999.0 -9999.0     3.2     5.2     4.1     6.6     7.1    29.2    46.4    58.0 -9999.0 -9999.0 -9999.0 -9999.0 -9999.0 -9999.0    39.4    24.0    17.4    11.1     9.6    10.5    14.8    12.6    15.3    26.2    16.3    16.4    18.7    27.2    39.1    45.5    46.7    52.2    55.1    56.9    64.0    68.8    80.2    77.3    76.9    70.4    69.4    70.9    75.1    80.0    92.0   108.7   122.8   120.5   132.4   158.3   192.2   199.1   211.3   196.5   170.9   137.4   131.3   115.9   102.3 -9999.0 -9999.0 -9999.0 -9999.0 -9999.0 -9999.0 -9999.0 -9999.0 -9999.0 -9999.0 -9999.0 -9999.0 -9999.0 -9999.0 -9999.0 -9999.0 -9999.0 -9999.0 -9999.0 -9999.0 -9999.0 -9999.0 -9999.0 -9999.0 -9999.0 -9999.0 -9999.0 -9999.0 -9999.0 -9999.0 -9999.0
 -9999.0 -9999.0 -9999.0 -9999.0 -9999.0 -9999.0 -9999.0 -9999.0 -9999.0 -9999.0 -9999.0 -9999.0 -9999.0 -9999.0 -9999.0 -9999.0 -9999.0 -9999.0 -9999.0 -9999.0 -9999.0 -9999.0 -9999.0 -9999.0 -9999.0 -9999.0 -9999.0 -9999.0 -9999.0 -9999.0 -9999.0 -9999.0 -9999.0 -9999.0 -9999.0 -9999.0 -9999.0 -9999.0 -9999.0    10.6    13.1    17.5    23.3    30.2 -9999.0 -9999.0 -9999.0 -9999.0 -9999.0 -9999.0 -9999.0 -9999.0    29.9    25.0    13.7     8.0     5.8     5.4     5.2     5.1     6.2    13.1    16.0    10.9    12.5    17.1    23.2    24.7    25.2    27.0    33.2    41.7    47.6    55.2    57.4    63.3    64.6    66.8    70.9    86.3   100.2   111.8   125.6   154.3   166.5   169.3   194.2   215.0   213.8   221.9   213.3   191.8   157.5   144.4   135.5   113.8 -9999.0 -9999.0 -9999.0 -9999.0 -9999.0 -9999.0 -9999.0 -9999.0 -9999.0 -9999.0 -9999.0 -9999.0 -9999.0 -9999.0 -9999.0 -9999.0 -9999.0 -9999.0 -9999.0 -9999.0 -9999.0 -9999.0 -9999.0 -9999.0 -9999.0 -9999.0 -9999.0 -9999.0 -9999.0 -9999.0 -9999.0 -9999.0
 -9999.0 -9999.0 -9999.0 -9999.0 -9999.0 -9999.0 -9999.0 -9999.0 -9999.0 -9999.0 -9999.0 -9999.0 -9999.0 -9999.0 -9999.0 -9999.0 -9999.0 -9999.0 -9999.0 -9999.0 -9999.0 -9999.0 -9999.0 -9999.0 -9999.0 -9999.0 -9999.0 -9999.0 -9999.0 -9999.0 -9999.0 -9999.0 -9999.0 -9999.0 -9999.0 -9999.0 -9999.0 -9999.0 -9999.0 -9999.0 -9999.0 -9999.0 -9999.0 -9999.0 -9999.0 -9999.0 -9999.0 -9999.0 -9999.0 -9999.0 -9999.0 -9999.0    29.5    24.9    11.8    11.4     4.2     3.4     3.5     4.8     5.8    10.0    35.3    12.8    13.2    16.0    17.6    15.3    15.6    19.1    26.2    35.2    45.3    47.0    50.5    56.8    64.9    77.6    93.8   109.2   128.1   146.0   159.0   182.2   195.2   202.8   208.3   207.2   203.3   190.5   172.1   153.3   128.5   128.5   119.6 -9999.0 -9999.0 -9999.0 -9999.0 -9999.0 -9999.0 -9999.0 -9999.0 -9999.0 -9999.0 -9999.0 -9999.0 -9999.0 -9999.0 -9999.0 -9999.0 -9999.0 -9999.0 -9999.0 -9999.0 -9999.0 -9999.0 -9999.0 -9999.0 -9999.0 -9999.0 -9999.0 -9999.0 -9999.0 -9999.0 -9999.0 -9999.0 -9999.0
 -9999.0 -9999.0 -9999.0 -9999.0 -9999.0 -9999.0 -9999.0 -9999.0 -9999.0 -9999.0 -9999.0 -9999.0 -9999.0 -9999.0 -9999.0 -9999.0 -9999.0 -9999.0 -9999.0 -9999.0 -9999.0 -9999.0 -9999.0 -9999.0 -9999.0 -9999.0 -9999.0 -9999.0 -9999.0 -9999.0 -9999.0 -9999.0 -9999.0 -9999.0 -9999.0 -9999.0 -9999.0 -9999.0 -9999.0 -9999.0 -9999.0 -9999.0 -9999.0 -9999.0 -9999.0 -9999.0 -9999.0 -9999.0 -9999.0 -9999.0 -9999.0    18.6    15.1    20.8     5.5     6.3     4.6     5.7     4.8     5.9    13.5    17.6    18.8    20.1    20.4    22.4    23.1    25.9    22.3    26.6    33.1    40.6    46.4    50.5    55.5    69.2    82.4   114.3   114.5   131.8   158.7   176.3   167.9   190.0   185.2   177.3   193.2   170.7   166.7   147.1   137.4   126.8   116.8   104.3   102.6 -9999.0 -9999.0 -9999.0 -9999.0 -9999.0 -9999.0 -9999.0 -9999.0 -9999.0 -9999.0 -9999.0 -9999.0 -9999.0 -9999.0 -9999.0 -9999.0 -9999.0 -9999.0 -9999.0 -9999.0 -9999.0 -9999.0 -9999.0 -9999.0 -9999.0 -9999.0 -9999.0 -9999.0 -9999.0 -9999.0 -9999.0 -9999.0 -9999.0
 -9999.0 -9999.0 -9999.0 -9999.0 -9999.0 -9999.0 -9999.0 -9999.0 -9999.0 -9999.0 -9999.0 -9999.0 -9999.0 -9999.0 -9999.0 -9999.0 -9999.0 -9999.0 -9999.0 -9999.0 -9999.0 -9999.0 -9999.0 -9999.0 -9999.0 -9999.0 -9999.0 -9999.0 -9999.0 -9999.0 -9999.0 -9999.0 -9999.0 -9999.0 -9999.0 -9999.0 -9999.0 -9999.0 -9999.0 -9999.0 -9999.0 -9999.0 -9999.0 -9999.0 -9999.0 -9999.0 -9999.0 -9999.0 -9999.0 -9999.0    18.3    17.5    18.7    19.6    10.1    10.6     7.4     7.4     8.6    12.3    14.2    21.9    25.7    27.6    28.1    29.2    32.3    33.7    38.2    39.1    45.9    51.0    61.7    71.3    76.1    86.1   130.8   116.3   150.1   152.4   168.2   189.8   190.0   177.2   171.2   151.6   162.0   144.3   138.9   130.2   123.5   109.7   108.3    94.6    87.3 -9999.0 -9999.0 -9999.0 -9999.0 -9999.0 -9999.0 -9999.0 -9999.0 -9999.0 -9999.0 -9999.0 -9999.0 -9999.0 -9999.0 -9999.0 -9999.0 -9999.0 -9999.0 -9999.0 -9999.0 -9999.0 -9999.0 -9999.0 -9999.0 -9999.0 -9999.0 -9999.0 -9999.0 -9999.0 -9999.0 -9999.0 -9999.0 -9999.0
 -9999.0 -9999.0 -9999.0 -9999.0 -9999.0 -9999.0 -9999.0 -9999.0 -9999.0 -9999.0 -9999.0 -9999.0 -9999.0 -9999.0 -9999.0 -9999.0 -9999.0 -9999.0 -9999.0 -9999.0 -9999.0 -9999.0 -9999.0 -9999.0 -9999.0 -9999.0 -9999.0 -9999.0 -9999.0 -9999.0 -9999.0 -9999.0 -9999.0 -9999.0 -9999.0 -9999.0 -9999.0 -9999.0 -9999.0 -9999.0 -9999.0 -9999.0 -9999.0 -9999.0 -9999.0 -9999.0 -9999.0 -9999.0 -9999.0 -9999.0    14.9    27.3    14.4    23.1    23.0    18.1    15.2    18.6    18.0    15.3    14.0    18.5    22.4    24.4    23.3    21.5    29.6    32.6    43.5    42.7    52.7    65.3    80.1    90.0    93.4   105.9   124.5   154.8   153.8   148.8   167.0   167.5   169.6   152.4   147.5   137.8   140.8   139.2   128.7   121.5   116.2   110.2    94.9    80.2 -9999.0 -9999.0 -9999.0 -9999.0 -9999.0 -9999.0 -9999.0 -9999.0 -9999.0 -9999.0 -9999.0 -9999.0 -9999.0 -9999.0 -9999.0 -9999.0 -9999.0 -9999.0 -9999.0 -9999.0 -9999.0 -9999.0 -9999.0 -9999.0 -9999.0 -9999.0 -9999.0 -9999.0 -9999.0 -9999.0 -9999.0 -9999.0 -9999.0 -9999.0
 -9999.0 -9999.0 -9999.0 -9999.0 -9999.0 -9999.0 -9999.0 -9999.0 -9999.0 -9999.0 -9999.0 -9999.0 -9999.0 -9999.0 -9999.0 -9999.0 -9999.0 -9999.0 -9999.0 -9999.0 -9999.0 -9999.0 -9999.0 -9999.0 -9999.0 -9999.0 -9999.0 -9999.0 -9999.0 -9999.0 -9999.0 -9999.0 -9999.0 -9999.0 -9999.0 -9999.0 -9999.0 -9999.0 -9999.0 -9999.0 -9999.0 -9999.0 -9999.0 -9999.0 -9999.0 -9999.0 -9999.0 -9999.0 -9999.0 -9999.0    13.8    20.0    17.0    39.5    27.0    26.0    34.9    30.4    27.7    16.6    13.0    13.8    14.7    11.4    12.3    13.3    19.6    27.2    33.4    55.4    52.7    82.4    80.2    94.7    93.3   104.7   113.9   147.4   151.3   153.4   144.3   148.2   135.1   123.0   124.7   118.8   122.8   124.2   122.2   115.0   104.8    91.2 -9999.0 -9999.0 -9999.0 -9999.0 -9999.0 -9999.0 -9999.0 -9999.0 -9999.0 -9999.0 -9999.0 -9999.0 -9999.0 -9999.0 -9999.0 -9999.0 -9999.0 -9999.0 -9999.0 -9999.0 -9999.0 -9999.0 -9999.0 -9999.0 -9999.0 -9999.0 -9999.0 -9999.0 -9999.0 -9999.0 -9999.0 -9999.0 -9999.0 -9999.0 -9999.0 -9999.0
 -9999.0 -9999.0 -9999.0 -9999.0 -9999.0 -9999.0 -9999.0 -9999.0 -9999.0 -9999.0 -9999.0 -9999.0 -9999.0 -9999.0 -9999.0 -9999.0 -9999.0 -9999.0 -9999.0 -9999.0 -9999.0 -9999.0 -9999.0 -9999.0 -9999.0 -9999.0 -9999.0 -9999.0 -9999.0 -9999.0 -9999.0 -9999.0 -9999.0 -9999.0 -9999.0 -9999.0 -9999.0 -9999.0 -9999.0 -9999.0 -9999.0 -9999.0 -9999.0 -9999.0 -9999.0 -9999.0 -9999.0 -9999.0 -9999.0 -9999.0    23.2    32.4    27.4    32.0    32.2    40.8    32.9    42.2    35.9    19.5    13.7     9.9     6.0     8.1     9.6    11.6    20.0    30.6    49.4    29.1    53.8    65.8    78.2    87.3    87.6   102.8   114.7   145.3   149.1   151.4   133.5   122.4   111.1   103.6    96.4   102.0   114.4   114.9   117.6   108.9    90.3 -9999.0 -9999.0 -9999.0 -9999.0 -9999.0 -9999.0 -9999.0 -9999.0 -9999.0 -9999.0 -9999.0 -9999.0 -9999.0 -9999.0 -9999.0 -9999.0 -9999.0 -9999.0 -9999.0 -9999.0 -9999.0 -9999.0 -9999.0 -9999.0 -9999.0 -9999.0 -9999.0 -9999.0 -9999.0 -9999.0 -9999.0 -9999.0 -9999.0 -9999.0 -9999.0 -9999.0 -9999.0
 -9999.0 -9999.0 -9999.0 -9999.0 -9999.0 -9999.0 -9999.0 -9999.0 -9999.0 -9999.0 -9999.0 -9999.0 -9999.0 -9999.0 -9999.0 -9999.0 -9999.0 -9999.0 -9999.0 -9999.0 -9999.0 -9999.0 -9999.0 -9999.0 -9999.0 -9999.0 -9999.0 -9999.0 -9999.0 -9999.0 -9999.0 -9999.0 -9999.0 -9999.0 -9999.0 -9999.0 -9999.0 -9999.0 -9999.0 -9999.0 -9999.0 -9999.0 -9999.0 -9999.0 -9999.0 -9999.0 -9999.0 -9999.0 -9999.0 -9999.0 -9999.0 -9999.0 -9999.0    14.0    12.6    20.7    38.3    50.2    36.2    24.1    33.0    13.1    22.8    17.1    15.6    16.6    26.5    29.2    47.0    56.6    60.5    62.8    66.1    70.5    76.9    88.1   101.7   119.4   134.1   119.4   100.2    94.7    93.5    90.3    86.7    90.3    98.4   109.0   107.2    98.9 -9999.0 -9999.0 -9999.0 -9999.0 -9999.0 -9999.0 -9999.0 -9999.0 -9999.0 -9999.0 -9999.0 -9999.0 -9999.0 -9999.0 -9999.0 -9999.0 -9999.0 -9999.0 -9999.0 -9999.0 -9999.0 -9999.0 -9999.0 -9999.0 -9999.0 -9999.0 -9999.0 -9999.0 -9999.0 -9999.0 -9999.0 -9999.0 -9999.0 -9999.0 -9999.0 -9999.0 -9999.0 -9999.0
 -9999.0 -9999.0 -9999.0 -9999.0 -9999.0 -9999.0 -9999.0 -9999.0 -9999.0 -9999.0 -9999.0 -9999.0 -9999.0 -9999.0 -9999.0 -9999.0 -9999.0 -9999.0 -9999.0 -9999.0 -9999.0 -9999.0 -9999.0 -9999.0 -9999.0 -9999.0 -9999.0 -9999.0 -9999.0 -9999.0 -9999.0 -9999.0 -9999.0 -9999.0 -9999.0 -9999.0 -9999.0 -9999.0 -9999.0 -9999.0 -9999.0 -9999.0 -9999.0 -9999.0 -9999.0 -9999.0 -9999.0 -9999.0 -9999.0 -9999.0 -9999.0 -9999.0 -9999.0     7.3     5.8    39.3    34.3    40.2    42.6    47.3    29.5    27.0    46.7    37.7    34.2    30.5    24.9    44.3    38.6    50.6    57.7    58.9    57.7    54.9    56.6    62.5    66.1    77.1    81.8    70.8    62.0    68.9    78.8 -9999.0    82.5    83.0 -9999.0 -9999.0 -9999.0 -9999.0 -9999.0 -9999.0 -9999.0 -9999.0 -9999.0 -9999.0 -9999.0 -9999.0 -9999.0 -9999.0 -9999.0 -9999.0 -9999.0 -9999.0 -9999.0 -9999.0 -9999.0 -9999.0 -9999.0 -9999.0 -9999.0 -9999.0 -9999.0 -9999.0 -9999.0 -9999.0 -9999.0 -9999.0 -9999.0 -9999.0 -9999.0 -9999.0 -9999.0 -9999.0 -9999.0 -9999.0 -9999.0 -9999.0
 -9999.0 -9999.0 -9999.0 -9999.0 -9999.0 -9999.0 -9999.0 -9999.0 -9999.0 -9999.0 -9999.0 -9999.0 -9999.0 -9999.0 -9999.0 -9999.0 -9999.0 -9999.0 -9999.0 -9999.0 -9999.0 -9999.0 -9999.0 -9999.0 -9999.0 -9999.0 -9999.0 -9999.0 -9999.0 -9999.0 -9999.0 -9999.0 -9999.0 -9999.0 -9999.0 -9999.0 -9999.0 -9999.0 -9999.0 -9999.0 -9999.0 -9999.0 -9999.0 -9999.0 -9999.0 -9999.0 -9999.0 -9999.0 -9999.0 -9999.0 -9999.0 -9999.0 -9999.0     5.3     2.0    24.0    39.2    41.5    43.0    36.1    47.3    51.8    73.6    73.5    46.4 -9999.0 -9999.0 -9999.0    49.0    46.9    60.8    67.3    53.3    39.4    41.8    50.4    51.9    59.8    67.8    43.8    43.2    58.8    75.5 -9999.0 -9999.0 -9999.0 -9999.0 -9999.0 -9999.0 -9999.0 -9999.0 -9999.0 -9999.0 -9999.0 -9999.0 -9999.0 -9999.0 -9999.0 -9999.0 -9999.0 -9999.0 -9999.0 -9999.0 -9999.0 -9999.0 -9999.0 -9999.0 -9999.0 -9999.0 -9999.0 -9999.0 -9999.0 -9999.0 -9999.0 -9999.0 -9999.0 -9999.0 -9999.0 -9999.0 -9999.0 -9999.0 -9999.0 -9999.0 -9999.0 -9999.0 -9999.0 -9999.0 -9999.0
 -9999.0 -9999.0 -9999.0 -9999.0 -9999.0 -9999.0 -9999.0 -9999.0 -9999.0 -9999.0 -9999.0 -9999.0 -9999.0 -9999.0 -9999.0 -9999.0 -9999.0 -9999.0 -9999.0 -9999.0 -9999.0 -9999.0 -9999.0 -9999.0 -9999.0 -9999.0 -9999.0 -9999.0 -9999.0 -9999.0 -9999.0 -9999.0 -9999.0 -9999.0 -9999.0 -9999.0 -9999.0 -9999.0 -9999.0 -9999.0 -9999.0 -9999.0 -9999.0 -9999.0 -9999.0 -9999.0 -9999.0 -9999.0 -9999.0 -9999.0 -9999.0 -9999.0 -9999.0 -9999.0     9.3    20.7    22.4    23.7    42.8    54.6    26.7 -9999.0 -9999.0 -9999.0 -9999.0 -9999.0 -9999.0 -9999.0    44.8    61.3    89.7    82.2    61.6    46.1    48.3    56.7    65.4    67.1    54.6 -9999.0    44.9 -9999.0 -9999.0 -9999.0 -9999.0 -9999.0 -9999.0 -9999.0 -9999.0 -9999.0 -9999.0 -9999.0 -9999.0 -9999.0 -9999.0 -9999.0 -9999.0 -9999.0 -9999.0 -9999.0 -9999.0 -9999.0 -9999.0 -9999.0 -9999.0 -9999.0 -9999.0 -9999.0 -9999.0 -9999.0 -9999.0 -9999.0 -9999.0 -9999.0 -9999.0 -9999.0 -9999.0 -9999.0 -9999.0 -9999.0 -9999.0 -9999.0 -9999.0 -9999.0 -9999.0 -9999.0 -9999.0 -9999.0
 -9999.0 -9999.0 -9999.0 -9999.0 -9999.0 -9999.0 -9999.0 -9999.0 -9999.0 -9999.0 -9999.0 -9999.0 -9999.0 -9999.0 -9999.0 -9999.0 -9999.0 -9999.0 -9999.0 -9999.0 -9999.0 -9999.0 -9999.0 -9999.0 -9999.0 -9999.0 -9999.0 -9999.0 -9999.0 -9999.0 -9999.0 -9999.0 -9999.0 -9999.0 -9999.0 -9999.0 -9999.0 -9999.0 -9999.0 -9999.0 -9999.0 -9999.0 -9999.0 -9999.0 -9999.0 -9999.0 -9999.0 -9999.0 -9999.0 -9999.0 -9999.0 -9999.0 -9999.0 -9999.0 -9999.0    13.3    48.6    29.6    19.6    31.0    29.4 -9999.0 -9999.0 -9999.0 -9999.0 -9999.0 -9999.0 -9999.0 -9999.0 -9999.0    91.8 -9999.0 -9999.0 -9999.0 -9999.0 -9999.0    95.4 -9999.0 -9999.0 -9999.0 -9999.0 -9999.0 -9999.0 -9999.0 -9999.0 -9999.0 -9999.0 -9999.0 -9999.0 -9999.0 -9999.0 -9999.0 -9999.0 -9999.0 -9999.0 -9999.0 -9999.0 -9999.0 -9999.0 -9999.0 -9999.0 -9999.0 -9999.0 -9999.0 -9999.0 -9999.0 -9999.0 -9999.0 -9999.0 -9999.0 -9999.0 -9999.0 -9999.0 -9999.0 -9999.0 -9999.0 -9999.0 -9999.0 -9999.0 -9999.0 -9999.0 -9999.0 -9999.0 -9999.0 -9999.0 -9999.0 -9999.0 -9999.0
 -9999.0 -9999.0 -9999.0 -9999.0 -9999.0 -9999.0 -9999.0 -9999.0 -9999.0 -9999.0 -9999.0 -9999.0 -9999.0 -9999.0 -9999.0 -9999.0 -9999.0 -9999.0 -9999.0 -9999.0 -9999.0 -9999.0 -9999.0 -9999.0 -9999.0 -9999.0 -9999.0 -9999.0 -9999.0 -9999.0 -9999.0 -9999.0 -9999.0 -9999.0 -9999.0 -9999.0 -9999.0 -9999.0 -9999.0 -9999.0 -9999.0 -9999.0 -9999.0 -9999.0 -9999.0 -9999.0 -9999.0 -9999.0 -9999.0 -9999.0 -9999.0 -9999.0 -9999.0 -9999.0 -9999.0 -9999.0 -9999.0 -9999.0    20.5    12.6 -9999.0 -9999.0 -9999.0 -9999.0 -9999.0 -9999.0 -9999.0 -9999.0 -9999.0 -9999.0 -9999.0 -9999.0 -9999.0 -9999.0 -9999.0   119.4   117.9 -9999.0 -9999.0 -9999.0 -9999.0 -9999.0 -9999.0 -9999.0 -9999.0 -9999.0 -9999.0 -9999.0 -9999.0 -9999.0 -9999.0 -9999.0 -9999.0 -9999.0 -9999.0 -9999.0 -9999.0 -9999.0 -9999.0 -9999.0 -9999.0 -9999.0 -9999.0 -9999.0 -9999.0 -9999.0 -9999.0 -9999.0 -9999.0 -9999.0 -9999.0 -9999.0 -9999.0 -9999.0 -9999.0 -9999.0 -9999.0 -9999.0 -9999.0 -9999.0 -9999.0 -9999.0 -9999.0 -9999.0 -9999.0 -9999.0 -9999.0 -9999.0
 -9999.0 -9999.0 -9999.0 -9999.0 -9999.0 -9999.0 -9999.0 -9999.0 -9999.0 -9999.0 -9999.0 -9999.0 -9999.0 -9999.0 -9999.0 -9999.0 -9999.0 -9999.0 -9999.0 -9999.0 -9999.0 -9999.0 -9999.0 -9999.0 -9999.0 -9999.0 -9999.0 -9999.0 -9999.0 -9999.0 -9999.0 -9999.0 -9999.0 -9999.0 -9999.0 -9999.0 -9999.0 -9999.0 -9999.0 -9999.0 -9999.0 -9999.0 -9999.0 -9999.0 -9999.0 -9999.0 -9999.0 -9999.0 -9999.0 -9999.0 -9999.0 -9999.0 -9999.0 -9999.0 -9999.0 -9999.0 -9999.0 -9999.0 -9999.0 -9999.0 -9999.0 -9999.0 -9999.0 -9999.0 -9999.0 -9999.0 -9999.0 -9999.0 -9999.0 -9999.0 -9999.0 -9999.0 -9999.0 -9999.0 -9999.0 -9999.0 -9999.0 -9999.0 -9999.0 -9999.0 -9999.0 -9999.0 -9999.0 -9999.0 -9999.0 -9999.0 -9999.0 -9999.0 -9999.0 -9999.0 -9999.0 -9999.0 -9999.0 -9999.0 -9999.0 -9999.0 -9999.0 -9999.0 -9999.0 -9999.0 -9999.0 -9999.0 -9999.0 -9999.0 -9999.0 -9999.0 -9999.0 -9999.0 -9999.0 -9999.0 -9999.0 -9999.0 -9999.0 -9999.0 -9999.0 -9999.0 -9999.0 -9999.0 -9999.0 -9999.0 -9999.0 -9999.0 -9999.0 -9999.0 -9999.0 -9999.0 -9999.0 -9999.0
 -9999.0 -9999.0 -9999.0 -9999.0 -9999.0 -9999.0 -9999.0 -9999.0 -9999.0 -9999.0 -9999.0 -9999.0 -9999.0 -9999.0 -9999.0 -9999.0 -9999.0 -9999.0 -9999.0 -9999.0 -9999.0 -9999.0 -9999.0 -9999.0 -9999.0 -9999.0 -9999.0 -9999.0 -9999.0 -9999.0 -9999.0 -9999.0 -9999.0 -9999.0 -9999.0 -9999.0 -9999.0 -9999.0 -9999.0 -9999.0 -9999.0 -9999.0 -9999.0 -9999.0 -9999.0 -9999.0 -9999.0 -9999.0 -9999.0 -9999.0 -9999.0 -9999.0 -9999.0 -9999.0 -9999.0 -9999.0 -9999.0 -9999.0 -9999.0 -9999.0 -9999.0 -9999.0 -9999.0 -9999.0 -9999.0 -9999.0 -9999.0 -9999.0 -9999.0 -9999.0 -9999.0 -9999.0 -9999.0 -9999.0 -9999.0   122.4   123.6   130.3 -9999.0 -9999.0 -9999.0 -9999.0 -9999.0 -9999.0 -9999.0 -9999.0 -9999.0 -9999.0 -9999.0 -9999.0 -9999.0 -9999.0 -9999.0 -9999.0 -9999.0 -9999.0 -9999.0 -9999.0 -9999.0 -9999.0 -9999.0 -9999.0 -9999.0 -9999.0 -9999.0 -9999.0 -9999.0 -9999.0 -9999.0 -9999.0 -9999.0 -9999.0 -9999.0 -9999.0 -9999.0 -9999.0 -9999.0 -9999.0 -9999.0 -9999.0 -9999.0 -9999.0 -9999.0 -9999.0 -9999.0 -9999.0 -9999.0 -9999.0
 -9999.0 -9999.0 -9999.0 -9999.0 -9999.0 -9999.0 -9999.0 -9999.0 -9999.0 -9999.0 -9999.0 -9999.0 -9999.0 -9999.0 -9999.0 -9999.0 -9999.0 -9999.0 -9999.0 -9999.0 -9999.0 -9999.0 -9999.0 -9999.0 -9999.0 -9999.0 -9999.0 -9999.0 -9999.0 -9999.0 -9999.0 -9999.0 -9999.0 -9999.0 -9999.0 -9999.0 -9999.0 -9999.0 -9999.0 -9999.0 -9999.0 -9999.0 -9999.0 -9999.0 -9999.0 -9999.0 -9999.0 -9999.0 -9999.0 -9999.0 -9999.0 -9999.0 -9999.0 -9999.0 -9999.0 -9999.0 -9999.0 -9999.0 -9999.0 -9999.0 -9999.0 -9999.0 -9999.0 -9999.0 -9999.0 -9999.0 -9999.0 -9999.0 -9999.0 -9999.0 -9999.0 -9999.0 -9999.0    54.6    92.7   108.6   137.9 -9999.0 -9999.0 -9999.0 -9999.0 -9999.0 -9999.0 -9999.0 -9999.0 -9999.0 -9999.0 -9999.0 -9999.0 -9999.0 -9999.0 -9999.0 -9999.0 -9999.0 -9999.0 -9999.0 -9999.0 -9999.0 -9999.0 -9999.0 -9999.0 -9999.0 -9999.0 -9999.0 -9999.0 -9999.0 -9999.0 -9999.0 -9999.0 -9999.0 -9999.0 -9999.0 -9999.0 -9999.0 -9999.0 -9999.0 -9999.0 -9999.0 -9999.0 -9999.0 -9999.0 -9999.0 -9999.0 -9999.0 -9999.0 -9999.0 -9999.0 -9999.0
 -9999.0 -9999.0 -9999.0 -9999.0 -9999.0 -9999.0 -9999.0 -9999.0 -9999.0 -9999.0 -9999.0 -9999.0 -9999.0 -9999.0 -9999.0 -9999.0 -9999.0 -9999.0 -9999.0 -9999.0 -9999.0 -9999.0 -9999.0 -9999.0 -9999.0 -9999.0 -9999.0 -9999.0 -9999.0 -9999.0 -9999.0 -9999.0 -9999.0 -9999.0 -9999.0 -9999.0 -9999.0 -9999.0 -9999.0 -9999.0 -9999.0 -9999.0 -9999.0 -9999.0 -9999.0 -9999.0 -9999.0 -9999.0 -9999.0 -9999.0 -9999.0 -9999.0 -9999.0 -9999.0 -9999.0 -9999.0 -9999.0 -9999.0 -9999.0 -9999.0 -9999.0 -9999.0 -9999.0 -9999.0 -9999.0 -9999.0 -9999.0 -9999.0 -9999.0 -9999.0 -9999.0 -9999.0 -9999.0 -9999.0    36.9    79.7   104.5 -9999.0 -9999.0 -9999.0 -9999.0 -9999.0 -9999.0 -9999.0 -9999.0 -9999.0 -9999.0 -9999.0 -9999.0 -9999.0 -9999.0 -9999.0 -9999.0 -9999.0 -9999.0 -9999.0 -9999.0 -9999.0 -9999.0 -9999.0 -9999.0 -9999.0 -9999.0 -9999.0 -9999.0 -9999.0 -9999.0 -9999.0 -9999.0 -9999.0 -9999.0 -9999.0 -9999.0 -9999.0 -9999.0 -9999.0 -9999.0 -9999.0 -9999.0 -9999.0 -9999.0 -9999.0 -9999.0 -9999.0 -9999.0 -9999.0 -9999.0 -9999.0
 -9999.0 -9999.0 -9999.0 -9999.0 -9999.0 -9999.0 -9999.0 -9999.0 -9999.0 -9999.0 -9999.0 -9999.0 -9999.0 -9999.0 -9999.0 -9999.0 -9999.0 -9999.0 -9999.0 -9999.0 -9999.0 -9999.0 -9999.0 -9999.0 -9999.0 -9999.0 -9999.0 -9999.0 -9999.0 -9999.0 -9999.0 -9999.0 -9999.0 -9999.0 -9999.0 -9999.0 -9999.0 -9999.0 -9999.0 -9999.0 -9999.0 -9999.0 -9999.0 -9999.0 -9999.0 -9999.0 -9999.0 -9999.0 -9999.0 -9999.0 -9999.0 -9999.0 -9999.0 -9999.0 -9999.0 -9999.0 -9999.0 -9999.0 -9999.0 -9999.0 -9999.0 -9999.0 -9999.0 -9999.0 -9999.0 -9999.0 -9999.0 -9999.0 -9999.0 -9999.0 -9999.0 -9999.0 -9999.0 -9999.0 -9999.0 -9999.0 -9999.0 -9999.0 -9999.0 -9999.0 -9999.0 -9999.0 -9999.0 -9999.0 -9999.0 -9999.0 -9999.0 -9999.0 -9999.0 -9999.0 -9999.0 -9999.0 -9999.0 -9999.0 -9999.0 -9999.0 -9999.0 -9999.0 -9999.0 -9999.0 -9999.0 -9999.0 -9999.0 -9999.0 -9999.0 -9999.0 -9999.0 -9999.0 -9999.0 -9999.0 -9999.0 -9999.0 -9999.0 -9999.0 -9999.0 -9999.0 -9999.0 -9999.0 -9999.0 -9999.0 -9999.0 -9999.0 -9999.0 -9999.0 -9999.0 -9999.0 -9999.0 -9999.0
