NCOLS      128
NROWS       72
XLLCORNER    72.000000000000    
YLLCORNER    18.000000000000    
CELLSIZE    0.50000000000000    
NODATA_VALUE   -9999.000    
 -9999.0 -9999.0 -9999.0 -9999.0 -9999.0 -9999.0 -9999.0 -9999.0 -9999.0 -9999.0 -9999.0 -9999.0 -9999.0 -9999.0 -9999.0 -9999.0 -9999.0 -9999.0 -9999.0 -9999.0 -9999.0 -9999.0 -9999.0 -9999.0 -9999.0 -9999.0 -9999.0 -9999.0 -9999.0 -9999.0 -9999.0 -9999.0 -9999.0 -9999.0 -9999.0 -9999.0 -9999.0 -9999.0 -9999.0 -9999.0 -9999.0 -9999.0 -9999.0 -9999.0 -9999.0 -9999.0 -9999.0 -9999.0 -9999.0 -9999.0 -9999.0 -9999.0 -9999.0 -9999.0 -9999.0 -9999.0 -9999.0 -9999.0 -9999.0 -9999.0 -9999.0 -9999.0 -9999.0 -9999.0 -9999.0 -9999.0 -9999.0 -9999.0 -9999.0 -9999.0 -9999.0 -9999.0 -9999.0 -9999.0 -9999.0 -9999.0 -9999.0 -9999.0 -9999.0 -9999.0 -9999.0 -9999.0 -9999.0 -9999.0 -9999.0 -9999.0 -9999.0 -9999.0 -9999.0 -9999.0 -9999.0 -9999.0 -9999.0 -9999.0 -9999.0 -9999.0 -9999.0    76.1    84.2    90.8    93.3    93.1    88.9    83.9    77.3 -9999.0 -9999.0 -9999.0 -9999.0 -9999.0 -9999.0 -9999.0 -9999.0 -9999.0 -9999.0 -9999.0 -9999.0 -9999.0 -9999.0 -9999.0 -9999.0 -9999.0 -9999.0 -9999.0 -9999.0 -9999.0 -9999.0 -9999.0
 -9999.0 -9999.0 -9999.0 -9999.0 -9999.0 -9999.0 -9999.0 -9999.0 -9999.0 -9999.0 -9999.0 -9999.0 -9999.0 -9999.0 -9999.0 -9999.0 -9999.0 -9999.0 -9999.0 -9999.0 -9999.0 -9999.0 -9999.0 -9999.0 -9999.0 -9999.0 -9999.0 -9999.0 -9999.0 -9999.0 -9999.0 -9999.0 -9999.0 -9999.0 -9999.0 -9999.0 -9999.0 -9999.0 -9999.0 -9999.0 -9999.0 -9999.0 -9999.0 -9999.0 -9999.0 -9999.0 -9999.0 -9999.0 -9999.0 -9999.0 -9999.0 -9999.0 -9999.0 -9999.0 -9999.0 -9999.0 -9999.0 -9999.0 -9999.0 -9999.0 -9999.0 -9999.0 -9999.0 -9999.0 -9999.0 -9999.0 -9999.0 -9999.0 -9999.0 -9999.0 -9999.0 -9999.0 -9999.0 -9999.0 -9999.0 -9999.0 -9999.0 -9999.0 -9999.0 -9999.0 -9999.0 -9999.0 -9999.0 -9999.0 -9999.0 -9999.0 -9999.0 -9999.0 -9999.0 -9999.0 -9999.0 -9999.0 -9999.0 -9999.0 -9999.0 -9999.0    52.0    59.7    67.4    72.6    74.2    72.8    70.0    67.2    64.8    67.3    70.7    73.8    80.0 -9999.0 -9999.0 -9999.0 -9999.0 -9999.0 -9999.0 -9999.0 -9999.0 -9999.0 -9999.0 -9999.0 -9999.0 -9999.0 -9999.0 -9999.0 -9999.0 -9999.0 -9999.0 -9999.0
 -9999.0 -9999.0 -9999.0 -9999.0 -9999.0 -9999.0 -9999.0 -9999.0 -9999.0 -9999.0 -9999.0 -9999.0 -9999.0 -9999.0 -9999.0 -9999.0 -9999.0 -9999.0 -9999.0 -9999.0 -9999.0 -9999.0 -9999.0 -9999.0 -9999.0 -9999.0 -9999.0 -9999.0 -9999.0 -9999.0 -9999.0 -9999.0 -9999.0 -9999.0 -9999.0 -9999.0 -9999.0 -9999.0 -9999.0 -9999.0 -9999.0 -9999.0 -9999.0 -9999.0 -9999.0 -9999.0 -9999.0 -9999.0 -9999.0 -9999.0 -9999.0 -9999.0 -9999.0 -9999.0 -9999.0 -9999.0 -9999.0 -9999.0 -9999.0 -9999.0 -9999.0 -9999.0 -9999.0 -9999.0 -9999.0 -9999.0 -9999.0 -9999.0 -9999.0 -9999.0 -9999.0 -9999.0 -9999.0 -9999.0 -9999.0 -9999.0 -9999.0 -9999.0 -9999.0 -9999.0 -9999.0 -9999.0 -9999.0 -9999.0 -9999.0 -9999.0 -9999.0 -9999.0 -9999.0 -9999.0 -9999.0 -9999.0 -9999.0 -9999.0 -9999.0    35.3    40.3    47.0    53.9    57.6    59.2    57.6    54.8    52.6    53.0    52.7    61.3    67.1    76.5 -9999.0 -9999.0 -9999.0 -9999.0 -9999.0 -9999.0 -9999.0 -9999.0 -9999.0 -9999.0 -9999.0 -9999.0 -9999.0 -9999.0 -9999.0 -9999.0 -9999.0 -9999.0 -9999.0
 -9999.0 -9999.0 -9999.0 -9999.0 -9999.0 -9999.0 -9999.0 -9999.0 -9999.0 -9999.0 -9999.0 -9999.0 -9999.0 -9999.0 -9999.0 -9999.0 -9999.0 -9999.0 -9999.0 -9999.0 -9999.0 -9999.0 -9999.0 -9999.0 -9999.0 -9999.0 -9999.0 -9999.0 -9999.0 -9999.0 -9999.0 -9999.0 -9999.0 -9999.0 -9999.0 -9999.0 -9999.0 -9999.0 -9999.0 -9999.0 -9999.0 -9999.0 -9999.0 -9999.0 -9999.0 -9999.0 -9999.0 -9999.0 -9999.0 -9999.0 -9999.0 -9999.0 -9999.0 -9999.0 -9999.0 -9999.0 -9999.0 -9999.0 -9999.0 -9999.0 -9999.0 -9999.0 -9999.0 -9999.0 -9999.0 -9999.0 -9999.0 -9999.0 -9999.0 -9999.0 -9999.0 -9999.0 -9999.0 -9999.0 -9999.0 -9999.0 -9999.0 -9999.0 -9999.0 -9999.0 -9999.0 -9999.0 -9999.0 -9999.0 -9999.0 -9999.0 -9999.0 -9999.0 -9999.0 -9999.0 -9999.0 -9999.0 -9999.0 -9999.0 -9999.0    25.6    32.7    35.5    42.8    47.6    49.2    47.7    44.8    43.9    45.7    50.2    59.2    67.0    78.4    88.9 -9999.0 -9999.0 -9999.0 -9999.0 -9999.0 -9999.0 -9999.0 -9999.0 -9999.0 -9999.0 -9999.0 -9999.0 -9999.0 -9999.0 -9999.0 -9999.0 -9999.0 -9999.0
 -9999.0 -9999.0 -9999.0 -9999.0 -9999.0 -9999.0 -9999.0 -9999.0 -9999.0 -9999.0 -9999.0 -9999.0 -9999.0 -9999.0 -9999.0 -9999.0 -9999.0 -9999.0 -9999.0 -9999.0 -9999.0 -9999.0 -9999.0 -9999.0 -9999.0 -9999.0 -9999.0 -9999.0 -9999.0 -9999.0 -9999.0 -9999.0 -9999.0 -9999.0 -9999.0 -9999.0 -9999.0 -9999.0 -9999.0 -9999.0 -9999.0 -9999.0 -9999.0 -9999.0 -9999.0 -9999.0 -9999.0 -9999.0 -9999.0 -9999.0 -9999.0 -9999.0 -9999.0 -9999.0 -9999.0 -9999.0 -9999.0 -9999.0 -9999.0 -9999.0 -9999.0 -9999.0 -9999.0 -9999.0 -9999.0 -9999.0 -9999.0 -9999.0 -9999.0 -9999.0 -9999.0 -9999.0 -9999.0 -9999.0 -9999.0 -9999.0 -9999.0 -9999.0 -9999.0 -9999.0 -9999.0 -9999.0 -9999.0 -9999.0 -9999.0 -9999.0 -9999.0 -9999.0 -9999.0 -9999.0 -9999.0 -9999.0 -9999.0 -9999.0 -9999.0    20.5    23.5    33.4    39.7    42.5    42.8    43.6    40.7    40.2    43.6    49.8    62.0    72.9    83.8    97.6   104.5 -9999.0 -9999.0 -9999.0 -9999.0 -9999.0 -9999.0 -9999.0 -9999.0 -9999.0 -9999.0 -9999.0 -9999.0 -9999.0 -9999.0 -9999.0 -9999.0 -9999.0
 -9999.0 -9999.0 -9999.0 -9999.0 -9999.0 -9999.0 -9999.0 -9999.0 -9999.0 -9999.0 -9999.0 -9999.0 -9999.0 -9999.0 -9999.0 -9999.0 -9999.0 -9999.0 -9999.0 -9999.0 -9999.0 -9999.0 -9999.0 -9999.0 -9999.0 -9999.0 -9999.0 -9999.0 -9999.0 -9999.0 -9999.0 -9999.0 -9999.0 -9999.0 -9999.0 -9999.0 -9999.0 -9999.0 -9999.0 -9999.0 -9999.0 -9999.0 -9999.0 -9999.0 -9999.0 -9999.0 -9999.0 -9999.0 -9999.0 -9999.0 -9999.0 -9999.0 -9999.0 -9999.0 -9999.0 -9999.0 -9999.0 -9999.0 -9999.0 -9999.0 -9999.0 -9999.0 -9999.0 -9999.0 -9999.0 -9999.0 -9999.0 -9999.0 -9999.0 -9999.0 -9999.0 -9999.0 -9999.0 -9999.0 -9999.0 -9999.0 -9999.0 -9999.0 -9999.0 -9999.0 -9999.0 -9999.0 -9999.0 -9999.0 -9999.0 -9999.0 -9999.0 -9999.0 -9999.0 -9999.0 -9999.0 -9999.0 -9999.0 -9999.0    14.3    16.5    22.7    29.7    37.3    43.4    45.4    40.3    40.3    40.9    46.4    57.0    71.5    85.5    97.3   112.3   117.1 -9999.0 -9999.0 -9999.0 -9999.0 -9999.0 -9999.0 -9999.0 -9999.0 -9999.0 -9999.0 -9999.0 -9999.0 -9999.0 -9999.0 -9999.0 -9999.0 -9999.0
 -9999.0 -9999.0 -9999.0 -9999.0 -9999.0 -9999.0 -9999.0 -9999.0 -9999.0 -9999.0 -9999.0 -9999.0 -9999.0 -9999.0 -9999.0 -9999.0 -9999.0 -9999.0 -9999.0 -9999.0 -9999.0 -9999.0 -9999.0 -9999.0 -9999.0 -9999.0 -9999.0 -9999.0 -9999.0 -9999.0 -9999.0 -9999.0 -9999.0 -9999.0 -9999.0 -9999.0 -9999.0 -9999.0 -9999.0 -9999.0 -9999.0 -9999.0 -9999.0 -9999.0 -9999.0 -9999.0 -9999.0 -9999.0 -9999.0 -9999.0 -9999.0 -9999.0 -9999.0 -9999.0 -9999.0 -9999.0 -9999.0 -9999.0 -9999.0 -9999.0 -9999.0 -9999.0 -9999.0 -9999.0 -9999.0 -9999.0 -9999.0 -9999.0 -9999.0 -9999.0 -9999.0 -9999.0 -9999.0 -9999.0 -9999.0 -9999.0 -9999.0 -9999.0 -9999.0 -9999.0 -9999.0 -9999.0 -9999.0 -9999.0 -9999.0 -9999.0 -9999.0 -9999.0 -9999.0 -9999.0 -9999.0 -9999.0 -9999.0 -9999.0    14.9    19.1    24.3    32.9    42.5    45.7    47.7    46.2    44.2    45.6    54.2    69.4    88.2   105.8   116.0   124.7   136.7   136.7 -9999.0 -9999.0 -9999.0 -9999.0 -9999.0 -9999.0 -9999.0 -9999.0 -9999.0 -9999.0 -9999.0 -9999.0 -9999.0 -9999.0 -9999.0 -9999.0
 -9999.0 -9999.0 -9999.0 -9999.0 -9999.0 -9999.0 -9999.0 -9999.0 -9999.0 -9999.0 -9999.0 -9999.0 -9999.0 -9999.0 -9999.0 -9999.0 -9999.0 -9999.0 -9999.0 -9999.0 -9999.0 -9999.0 -9999.0 -9999.0 -9999.0 -9999.0 -9999.0 -9999.0 -9999.0 -9999.0 -9999.0 -9999.0 -9999.0 -9999.0 -9999.0 -9999.0 -9999.0 -9999.0 -9999.0 -9999.0 -9999.0 -9999.0 -9999.0 -9999.0 -9999.0 -9999.0 -9999.0 -9999.0 -9999.0 -9999.0 -9999.0 -9999.0 -9999.0 -9999.0 -9999.0 -9999.0 -9999.0 -9999.0 -9999.0 -9999.0 -9999.0 -9999.0 -9999.0 -9999.0 -9999.0 -9999.0 -9999.0 -9999.0 -9999.0 -9999.0 -9999.0 -9999.0 -9999.0 -9999.0 -9999.0 -9999.0 -9999.0 -9999.0 -9999.0 -9999.0 -9999.0 -9999.0 -9999.0 -9999.0 -9999.0 -9999.0 -9999.0 -9999.0 -9999.0    16.4 -9999.0 -9999.0    14.6    16.8    16.6    20.3    28.0    39.0    49.7    55.3    50.4    51.0    51.8    55.4    68.5    89.7   112.9   125.4   135.5   138.3   148.4   143.8 -9999.0 -9999.0 -9999.0 -9999.0 -9999.0 -9999.0 -9999.0 -9999.0 -9999.0 -9999.0 -9999.0 -9999.0 -9999.0 -9999.0 -9999.0 -9999.0
 -9999.0 -9999.0 -9999.0 -9999.0 -9999.0 -9999.0 -9999.0 -9999.0 -9999.0 -9999.0 -9999.0 -9999.0 -9999.0 -9999.0 -9999.0 -9999.0 -9999.0 -9999.0 -9999.0 -9999.0 -9999.0 -9999.0 -9999.0 -9999.0 -9999.0 -9999.0 -9999.0 -9999.0 -9999.0 -9999.0 -9999.0 -9999.0 -9999.0 -9999.0 -9999.0 -9999.0 -9999.0 -9999.0 -9999.0 -9999.0 -9999.0 -9999.0 -9999.0 -9999.0 -9999.0 -9999.0 -9999.0 -9999.0 -9999.0 -9999.0 -9999.0 -9999.0 -9999.0 -9999.0 -9999.0 -9999.0 -9999.0 -9999.0 -9999.0 -9999.0 -9999.0 -9999.0 -9999.0 -9999.0 -9999.0 -9999.0 -9999.0 -9999.0 -9999.0 -9999.0 -9999.0 -9999.0 -9999.0 -9999.0 -9999.0 -9999.0 -9999.0 -9999.0 -9999.0 -9999.0 -9999.0 -9999.0 -9999.0 -9999.0 -9999.0 -9999.0 -9999.0 -9999.0    13.7    15.5    19.0    18.7    18.7    23.3    23.5    32.8    40.9    54.1    61.7    64.3    65.0    62.8    62.7    71.3    88.9   114.1   138.8   152.6   154.5   150.9   147.6   145.8   130.3   119.0   117.8   123.7 -9999.0 -9999.0 -9999.0 -9999.0 -9999.0 -9999.0 -9999.0 -9999.0 -9999.0 -9999.0 -9999.0 -9999.0
 -9999.0 -9999.0 -9999.0 -9999.0 -9999.0 -9999.0 -9999.0 -9999.0 -9999.0 -9999.0 -9999.0 -9999.0 -9999.0 -9999.0 -9999.0 -9999.0 -9999.0 -9999.0 -9999.0 -9999.0 -9999.0 -9999.0 -9999.0 -9999.0 -9999.0 -9999.0 -9999.0 -9999.0 -9999.0     2.2     3.1     4.0     4.7 -9999.0 -9999.0 -9999.0 -9999.0 -9999.0 -9999.0 -9999.0 -9999.0 -9999.0 -9999.0 -9999.0 -9999.0 -9999.0 -9999.0 -9999.0 -9999.0 -9999.0 -9999.0 -9999.0 -9999.0 -9999.0 -9999.0 -9999.0 -9999.0 -9999.0 -9999.0 -9999.0 -9999.0 -9999.0 -9999.0 -9999.0 -9999.0 -9999.0 -9999.0 -9999.0 -9999.0 -9999.0 -9999.0 -9999.0 -9999.0 -9999.0 -9999.0 -9999.0 -9999.0 -9999.0 -9999.0 -9999.0 -9999.0 -9999.0 -9999.0 -9999.0 -9999.0 -9999.0 -9999.0    13.2    15.9    19.4    22.5    22.8    26.7    30.1    34.8    41.5    56.3    67.6    80.5    78.8    73.5    71.0    75.8    86.1   108.8   136.4   160.2   167.0   157.9   149.7   144.2   136.2   118.5   109.8   105.3   116.7   123.4   116.3 -9999.0 -9999.0 -9999.0 -9999.0 -9999.0 -9999.0 -9999.0 -9999.0 -9999.0 -9999.0
 -9999.0 -9999.0 -9999.0 -9999.0 -9999.0 -9999.0 -9999.0 -9999.0 -9999.0 -9999.0 -9999.0 -9999.0 -9999.0 -9999.0 -9999.0 -9999.0 -9999.0 -9999.0 -9999.0 -9999.0 -9999.0 -9999.0 -9999.0 -9999.0 -9999.0 -9999.0 -9999.0     1.5     2.4     4.2     5.3     6.7     7.2     7.0 -9999.0 -9999.0 -9999.0 -9999.0 -9999.0 -9999.0 -9999.0 -9999.0 -9999.0 -9999.0 -9999.0 -9999.0 -9999.0 -9999.0 -9999.0 -9999.0 -9999.0 -9999.0 -9999.0 -9999.0 -9999.0 -9999.0 -9999.0 -9999.0 -9999.0 -9999.0 -9999.0 -9999.0 -9999.0 -9999.0 -9999.0 -9999.0 -9999.0 -9999.0 -9999.0 -9999.0 -9999.0 -9999.0 -9999.0 -9999.0 -9999.0 -9999.0 -9999.0 -9999.0 -9999.0 -9999.0 -9999.0 -9999.0 -9999.0 -9999.0 -9999.0 -9999.0 -9999.0    18.0    21.0    20.8    24.2    29.5    35.1    42.1    47.5    57.3    68.3    84.6    88.8    91.1    84.3    81.2    85.9    97.4   119.4   145.6   163.2   161.5   151.1   141.1   131.0   119.7   103.9    97.2    93.5    92.9   102.1   101.3 -9999.0 -9999.0 -9999.0 -9999.0 -9999.0   186.0   201.7   210.1   219.5 -9999.0
 -9999.0 -9999.0 -9999.0 -9999.0 -9999.0 -9999.0 -9999.0 -9999.0 -9999.0 -9999.0 -9999.0 -9999.0 -9999.0 -9999.0 -9999.0 -9999.0 -9999.0 -9999.0 -9999.0 -9999.0 -9999.0 -9999.0 -9999.0 -9999.0 -9999.0 -9999.0     1.7     2.5     4.0     6.8    10.0    11.7    10.3     9.6     8.3     7.0     6.5 -9999.0 -9999.0 -9999.0 -9999.0 -9999.0 -9999.0 -9999.0 -9999.0 -9999.0 -9999.0 -9999.0 -9999.0 -9999.0 -9999.0 -9999.0 -9999.0 -9999.0 -9999.0 -9999.0 -9999.0 -9999.0 -9999.0 -9999.0 -9999.0 -9999.0 -9999.0 -9999.0 -9999.0 -9999.0 -9999.0 -9999.0 -9999.0 -9999.0 -9999.0 -9999.0 -9999.0 -9999.0 -9999.0 -9999.0 -9999.0 -9999.0 -9999.0 -9999.0 -9999.0 -9999.0 -9999.0 -9999.0 -9999.0 -9999.0    15.5    18.6    20.8    23.5    30.6    37.0    44.9    52.5    58.6    71.1    80.8    94.6   100.5    92.0    88.9    85.4    87.3    99.2   117.1   137.6   149.8   144.6   131.7   123.1   117.9   111.4   102.6   100.2    88.8    91.3   106.4   103.9    90.1 -9999.0 -9999.0   147.8   162.8   173.2   183.0   167.5   190.4 -9999.0
 -9999.0 -9999.0 -9999.0 -9999.0 -9999.0 -9999.0 -9999.0 -9999.0 -9999.0 -9999.0 -9999.0 -9999.0 -9999.0 -9999.0 -9999.0 -9999.0 -9999.0 -9999.0 -9999.0 -9999.0 -9999.0 -9999.0 -9999.0 -9999.0 -9999.0 -9999.0     2.7     3.6     5.5     8.9    13.0    16.0    14.1    11.2     8.3     8.4    13.7     6.1 -9999.0 -9999.0 -9999.0 -9999.0 -9999.0 -9999.0 -9999.0 -9999.0 -9999.0 -9999.0 -9999.0 -9999.0 -9999.0 -9999.0 -9999.0 -9999.0 -9999.0 -9999.0 -9999.0 -9999.0 -9999.0 -9999.0 -9999.0 -9999.0 -9999.0 -9999.0 -9999.0 -9999.0 -9999.0 -9999.0 -9999.0 -9999.0 -9999.0 -9999.0 -9999.0 -9999.0 -9999.0 -9999.0 -9999.0 -9999.0 -9999.0 -9999.0 -9999.0 -9999.0 -9999.0 -9999.0 -9999.0 -9999.0    16.3    18.2    22.8    28.8    35.2    43.2    54.5    61.8    71.5    79.7    96.0    97.9    95.1    96.3    91.4    85.3    85.7    93.0   105.1   115.0   121.2   117.9   110.8   109.5   111.2   108.3   103.2   111.7   114.1    89.8   112.4   112.1   121.6   130.5   140.1   147.5   154.0   160.4   165.3   170.2   170.7 -9999.0
 -9999.0 -9999.0 -9999.0 -9999.0 -9999.0 -9999.0 -9999.0 -9999.0 -9999.0 -9999.0 -9999.0 -9999.0 -9999.0 -9999.0 -9999.0 -9999.0 -9999.0 -9999.0 -9999.0 -9999.0 -9999.0     5.7     5.2     4.5     3.9     3.5     3.6     4.8     7.3    11.6    15.5    17.6    14.8    10.0     6.9     4.9    10.0     9.3    12.9 -9999.0 -9999.0 -9999.0 -9999.0 -9999.0 -9999.0 -9999.0 -9999.0 -9999.0 -9999.0 -9999.0 -9999.0 -9999.0 -9999.0 -9999.0 -9999.0 -9999.0 -9999.0 -9999.0 -9999.0 -9999.0 -9999.0 -9999.0 -9999.0 -9999.0 -9999.0 -9999.0 -9999.0 -9999.0 -9999.0 -9999.0 -9999.0 -9999.0 -9999.0 -9999.0 -9999.0 -9999.0 -9999.0 -9999.0 -9999.0 -9999.0 -9999.0 -9999.0 -9999.0 -9999.0 -9999.0 -9999.0 -9999.0    24.2 -9999.0 -9999.0    39.2 -9999.0 -9999.0    72.1    78.1    88.1   103.4    98.5    95.6   105.7    92.7    86.5    80.6    83.9    87.2    87.4    87.3    88.5    89.3    95.3   104.1   111.3   114.1   116.2   125.8   125.6   138.0   135.1   136.5   143.3   140.3   152.1   153.1   152.1   147.8   133.8 -9999.0 -9999.0
 -9999.0 -9999.0 -9999.0 -9999.0 -9999.0 -9999.0 -9999.0 -9999.0 -9999.0 -9999.0 -9999.0 -9999.0 -9999.0 -9999.0 -9999.0 -9999.0 -9999.0 -9999.0 -9999.0 -9999.0 -9999.0     5.8     6.0     6.1     5.9     6.5     5.5     6.3     9.3    13.9    17.4    19.4    17.4    11.0     6.1     3.8     4.0    13.8     6.4 -9999.0 -9999.0 -9999.0 -9999.0 -9999.0 -9999.0 -9999.0 -9999.0 -9999.0 -9999.0 -9999.0 -9999.0 -9999.0 -9999.0 -9999.0 -9999.0 -9999.0 -9999.0 -9999.0 -9999.0 -9999.0 -9999.0 -9999.0 -9999.0 -9999.0 -9999.0 -9999.0 -9999.0 -9999.0 -9999.0 -9999.0 -9999.0 -9999.0 -9999.0 -9999.0 -9999.0 -9999.0 -9999.0 -9999.0 -9999.0 -9999.0 -9999.0 -9999.0 -9999.0 -9999.0 -9999.0 -9999.0 -9999.0 -9999.0 -9999.0    35.0    44.2    56.4    72.3    77.1    84.3    94.9    90.2    95.2    98.2   100.0    94.0    84.1    76.7    75.4    73.2    67.6    63.8    65.8    72.6    84.3    99.5   111.8   117.0   121.6   128.8   159.9   163.2   155.6   153.7   156.5   159.9   158.7   146.4   123.6   141.3 -9999.0 -9999.0 -9999.0
 -9999.0 -9999.0 -9999.0 -9999.0 -9999.0 -9999.0 -9999.0 -9999.0 -9999.0 -9999.0 -9999.0 -9999.0 -9999.0 -9999.0 -9999.0 -9999.0 -9999.0 -9999.0 -9999.0 -9999.0     7.1     8.0     6.9     7.9     8.2     7.2     6.6     7.7     9.6    14.0    19.5    20.4    19.6    14.8     8.9     4.9     6.2     4.3     4.4 -9999.0 -9999.0 -9999.0 -9999.0 -9999.0 -9999.0 -9999.0 -9999.0 -9999.0 -9999.0 -9999.0 -9999.0 -9999.0 -9999.0 -9999.0 -9999.0 -9999.0 -9999.0 -9999.0 -9999.0 -9999.0 -9999.0 -9999.0 -9999.0 -9999.0 -9999.0 -9999.0 -9999.0 -9999.0 -9999.0 -9999.0 -9999.0 -9999.0 -9999.0 -9999.0 -9999.0 -9999.0 -9999.0 -9999.0 -9999.0 -9999.0 -9999.0 -9999.0 -9999.0 -9999.0 -9999.0 -9999.0 -9999.0 -9999.0    34.2    39.8    48.0    57.5    72.8    80.9    85.2    90.0    88.9   102.8   105.7   106.0   100.3    85.7    77.7    74.8    70.2    62.3    56.5    57.5    67.0    82.8   101.4   112.1   115.2   125.4   146.0   162.3   170.3   161.3   143.6   144.4   159.9   156.4   151.6   141.8   131.2 -9999.0 -9999.0 -9999.0
 -9999.0 -9999.0 -9999.0 -9999.0 -9999.0 -9999.0 -9999.0 -9999.0 -9999.0 -9999.0 -9999.0 -9999.0 -9999.0 -9999.0 -9999.0 -9999.0 -9999.0 -9999.0    14.2    12.0     9.6    25.9    16.5    16.2    12.3    10.2     6.4     6.7     9.0    14.5    19.7    23.7    24.0    19.4    13.9    10.3     7.7     4.7     3.5 -9999.0 -9999.0 -9999.0 -9999.0 -9999.0 -9999.0 -9999.0 -9999.0 -9999.0 -9999.0 -9999.0 -9999.0 -9999.0 -9999.0 -9999.0 -9999.0 -9999.0 -9999.0 -9999.0 -9999.0 -9999.0 -9999.0 -9999.0 -9999.0 -9999.0 -9999.0 -9999.0 -9999.0 -9999.0 -9999.0 -9999.0 -9999.0 -9999.0 -9999.0 -9999.0 -9999.0 -9999.0 -9999.0 -9999.0 -9999.0 -9999.0 -9999.0 -9999.0 -9999.0 -9999.0    32.8    36.9    41.0    35.7    34.3    46.1    51.7    61.2    67.6    77.3    80.6    87.5    84.2    97.3   107.0   110.9   102.2    89.7    85.3    85.1    79.5    69.2    62.5    62.0    69.5    83.7    96.7   101.6   104.9   117.2   136.2   153.9   143.1   158.2   145.7   146.3   144.8   152.8   149.0   137.6 -9999.0 -9999.0 -9999.0 -9999.0
 -9999.0 -9999.0 -9999.0 -9999.0 -9999.0 -9999.0 -9999.0 -9999.0 -9999.0 -9999.0 -9999.0 -9999.0 -9999.0 -9999.0 -9999.0    13.2    22.9    35.9    39.6    22.9    25.5    10.5    22.4    10.7     7.5     5.8     6.0     7.0     9.6    15.7    22.1    25.9    27.2    24.1    24.1    20.1    13.4    37.1    17.0    10.6    15.7    20.0    22.0    26.1 -9999.0 -9999.0 -9999.0 -9999.0 -9999.0 -9999.0 -9999.0 -9999.0 -9999.0 -9999.0 -9999.0 -9999.0 -9999.0 -9999.0 -9999.0 -9999.0 -9999.0 -9999.0 -9999.0 -9999.0 -9999.0 -9999.0 -9999.0 -9999.0 -9999.0 -9999.0 -9999.0 -9999.0 -9999.0 -9999.0 -9999.0 -9999.0 -9999.0 -9999.0 -9999.0     9.6    12.3    16.4    22.2    30.9    41.3    45.4    45.5    40.8    38.3    45.2    48.0    57.5    64.4    73.5    76.4    88.5    83.0    94.5   106.6   111.8   104.6    97.0    99.3   102.4    93.9    78.9    69.5    68.0    73.4    80.6    88.1    88.4    94.2   112.1   132.6   151.5   159.3   154.2   145.5   139.5   142.9   143.8   140.5   123.0 -9999.0 -9999.0 -9999.0 -9999.0
 -9999.0 -9999.0 -9999.0 -9999.0 -9999.0 -9999.0 -9999.0 -9999.0 -9999.0 -9999.0 -9999.0 -9999.0 -9999.0 -9999.0 -9999.0    43.8    41.6    50.1    37.3    23.4     6.8     3.9     3.4     4.7     4.8     5.0     5.1     6.4    10.4    16.6    22.1    24.8    26.8    22.6    19.4    16.2     9.7    11.8     5.8     6.7     6.5     3.4     5.8     9.7    10.4    17.6    46.2 -9999.0 -9999.0 -9999.0 -9999.0 -9999.0 -9999.0 -9999.0 -9999.0 -9999.0 -9999.0 -9999.0 -9999.0 -9999.0 -9999.0 -9999.0 -9999.0 -9999.0 -9999.0 -9999.0 -9999.0 -9999.0 -9999.0 -9999.0 -9999.0 -9999.0 -9999.0 -9999.0 -9999.0 -9999.0 -9999.0 -9999.0    10.4     9.9    12.0    18.4    26.8    33.8    40.8    43.3    42.6    44.1    46.0    49.5    56.8    61.1    68.6    68.0    85.8    70.9    81.2    87.5   103.7   110.9   110.7   110.2   113.9   113.8   103.1    89.3    78.0    72.1    73.8    75.1    79.5    86.1   112.8   127.3   140.8   154.6   152.5   144.0   135.8   131.6   137.0   134.8   122.3 -9999.0 -9999.0 -9999.0 -9999.0 -9999.0
 -9999.0 -9999.0 -9999.0 -9999.0 -9999.0 -9999.0 -9999.0 -9999.0 -9999.0 -9999.0 -9999.0 -9999.0 -9999.0 -9999.0 -9999.0 -9999.0     8.9     8.9    18.5    41.2    54.9    26.8    54.5    31.6    14.5    12.1     9.6     8.4    12.7    18.4    22.3    22.5    23.6    23.0    22.5    21.9    19.2    16.2    13.8    18.9    27.6    18.8    16.0     8.5     6.7     5.8     6.3     7.9 -9999.0 -9999.0 -9999.0 -9999.0 -9999.0 -9999.0 -9999.0 -9999.0 -9999.0 -9999.0 -9999.0 -9999.0 -9999.0 -9999.0 -9999.0 -9999.0 -9999.0 -9999.0 -9999.0 -9999.0 -9999.0 -9999.0 -9999.0 -9999.0 -9999.0 -9999.0 -9999.0 -9999.0 -9999.0 -9999.0    12.2     9.4    11.4    17.8    22.9    29.1    36.9    41.1    51.3    51.0    56.5    64.9    60.9    63.9    74.2    68.4    57.4    65.4    78.1    95.7   108.8   114.5   115.6   118.7   120.0   111.3    98.1    86.4    81.2    76.4    74.3    74.1    82.8   116.7   141.5   137.5   147.3   155.6   155.4   150.3   134.4   135.6 -9999.0 -9999.0 -9999.0 -9999.0 -9999.0 -9999.0 -9999.0 -9999.0
 -9999.0 -9999.0 -9999.0 -9999.0 -9999.0 -9999.0 -9999.0 -9999.0 -9999.0 -9999.0 -9999.0 -9999.0 -9999.0 -9999.0 -9999.0 -9999.0     6.9     8.9    11.1    12.0    32.4    28.8    33.2    40.6    50.7    50.8    45.8    25.4    55.9    46.5    29.4    37.2    88.0    83.3    45.9    39.3    48.8    33.6    26.7    34.6    44.2    30.0    40.4    66.1    11.9     2.9     1.4     1.9 -9999.0 -9999.0 -9999.0 -9999.0 -9999.0 -9999.0 -9999.0 -9999.0 -9999.0 -9999.0 -9999.0 -9999.0 -9999.0 -9999.0 -9999.0 -9999.0 -9999.0 -9999.0 -9999.0 -9999.0 -9999.0 -9999.0 -9999.0 -9999.0 -9999.0 -9999.0 -9999.0 -9999.0 -9999.0    17.2    12.6     9.9    10.9    14.7    22.2    33.4    36.0    43.4    50.3    56.5    61.0    66.4    72.3    63.8    52.4    55.8    63.9    73.0    94.7   115.6   124.5   122.1   118.9   119.3   114.6    98.9    82.1    80.4    84.4    82.7    76.4    75.0    88.2   108.3   133.3   145.1   156.2   156.2   156.9   154.5   137.5 -9999.0 -9999.0 -9999.0 -9999.0 -9999.0 -9999.0 -9999.0 -9999.0 -9999.0
 -9999.0 -9999.0 -9999.0 -9999.0 -9999.0 -9999.0 -9999.0 -9999.0 -9999.0 -9999.0 -9999.0 -9999.0 -9999.0 -9999.0 -9999.0 -9999.0    62.1    71.8    77.3    42.7    26.6    31.2    54.6    39.9    34.9    33.2    56.0    59.0    52.9    56.0    59.3    48.7    30.2    26.8    46.6    57.2    40.0    13.0     9.2     2.5     7.6    15.6    23.6    46.4    35.3    12.1     2.7     1.0     2.7     3.5     2.5 -9999.0 -9999.0 -9999.0 -9999.0 -9999.0 -9999.0 -9999.0 -9999.0 -9999.0 -9999.0 -9999.0 -9999.0 -9999.0 -9999.0 -9999.0 -9999.0 -9999.0 -9999.0 -9999.0 -9999.0 -9999.0 -9999.0 -9999.0 -9999.0 -9999.0    32.5    23.4    18.2    13.4    14.3    18.9    23.7    31.7    39.1    46.2    56.3    65.2    70.1    70.4    69.1    56.6    50.0    49.2    61.8    86.3   114.3   133.1   133.4   123.3   116.7   114.4   105.4    86.1    72.0    76.2    84.8    90.7    87.4    80.7    87.5   132.2   144.5   148.4   147.8   150.0   145.0   145.2   147.2   147.1 -9999.0 -9999.0 -9999.0 -9999.0 -9999.0 -9999.0 -9999.0 -9999.0
 -9999.0 -9999.0 -9999.0 -9999.0 -9999.0 -9999.0 -9999.0 -9999.0 -9999.0 -9999.0 -9999.0 -9999.0 -9999.0 -9999.0 -9999.0    47.2    40.8    49.7    80.5    83.8    79.7    74.6    62.8    42.0    33.5    43.8    46.9    36.3    37.4    57.2    64.9    22.6     4.0     2.5     1.6     1.4     4.0     1.0     0.2     0.2     0.1     0.5     2.4     3.4     4.8     6.2     3.8     2.2     1.9     1.4     1.3     1.1     1.4     3.0     2.5     3.5     4.1     5.6     6.9     8.3     9.0 -9999.0 -9999.0 -9999.0 -9999.0 -9999.0 -9999.0 -9999.0 -9999.0    36.8    43.4    51.3    58.6    60.3    57.6    48.3    41.0    28.8    21.8    20.5    20.9    23.9    28.4    36.1    43.8    54.0    64.2    70.5    73.8    72.1    68.1    57.9    53.2    48.4    63.5    92.4   119.9   132.3   124.0   110.5   105.9   104.6    94.1    75.1    64.8    67.2    80.3    85.2    76.6    77.5    84.9   105.9   124.4   135.4   124.7   136.8   155.6   160.6 -9999.0 -9999.0 -9999.0 -9999.0 -9999.0 -9999.0 -9999.0 -9999.0 -9999.0 -9999.0
 -9999.0 -9999.0 -9999.0 -9999.0 -9999.0 -9999.0 -9999.0 -9999.0 -9999.0 -9999.0 -9999.0 -9999.0 -9999.0 -9999.0    57.2    72.0    76.7    74.0    80.4    79.6    64.5    30.2    26.4    38.8    27.1    34.9    38.6     6.1     3.6     4.1     6.2    14.2     5.1    12.6     8.1     4.2     3.9     3.0     2.6     1.0     0.6     0.6     0.8     1.0     1.2     1.4     1.4     2.3     2.2     2.1     1.8     1.4     1.6     1.3     1.2     2.1     2.7     3.7     4.1     5.1     6.4     7.7     9.7    13.1    18.1    23.7    22.7    24.5    25.7    32.4    43.9    57.0    64.2    67.4    64.5    55.9    47.0    38.4    31.6    30.1    30.4    32.7    40.9    46.5    56.5    62.7    74.5    77.8    78.6    71.9    70.4    66.6    41.0    42.2    55.8    84.0   105.9   106.2    94.8    89.1    92.4    92.9    78.1    61.5    57.2    66.8    81.2    85.5    78.5    80.3    74.6    96.2   115.0   109.5   111.2   118.2   136.3 -9999.0 -9999.0 -9999.0 -9999.0 -9999.0 -9999.0 -9999.0 -9999.0 -9999.0 -9999.0 -9999.0
 -9999.0 -9999.0 -9999.0 -9999.0 -9999.0 -9999.0 -9999.0 -9999.0 -9999.0 -9999.0 -9999.0 -9999.0    54.0    56.9    62.2    44.2    66.5    41.3    24.7    14.2    10.9     8.2     3.8     2.3     1.7     1.1     0.8     0.8     1.4     1.9     2.7     4.4     9.6     6.5     2.8     3.6     4.9     3.9     1.4     1.4     1.1     1.3     1.5     1.4     1.2     1.5     1.9     2.3     2.9     2.2     1.9     1.4     1.4     1.3     1.1     1.4     2.3     3.3     3.7     3.7     4.3     6.3     8.2    11.2    13.5    17.2    20.4    21.9    27.1    34.2    46.7    60.3    67.2    73.9    73.1    65.5    56.8    50.5    45.7    41.7    44.9    44.9    54.2    55.9    63.4    75.1    84.4    87.1    89.5    73.2    62.5    50.5    62.3    58.9    51.6    68.8    76.8    75.3    73.6    75.8    86.0    82.5    63.3    53.2    60.1    74.3    90.1    94.2    87.8    73.7    76.6    93.1    91.7    93.3    97.2 -9999.0 -9999.0 -9999.0 -9999.0 -9999.0 -9999.0 -9999.0 -9999.0 -9999.0 -9999.0 -9999.0 -9999.0 -9999.0
 -9999.0 -9999.0 -9999.0 -9999.0 -9999.0 -9999.0 -9999.0 -9999.0 -9999.0    48.1    47.2    47.7    48.0    31.2     8.1     7.2     7.3     7.2     4.7     3.1     2.2     1.7     1.1     0.8     0.7     0.6     0.5     0.5     0.6     0.7     1.6     8.0     7.0     3.7     4.0     6.5     2.7     0.8     0.4     0.3     0.6     0.9     0.7     0.9     1.0     1.3     1.8     2.3     2.7     3.2     2.2     1.4     1.0     1.1     2.2     1.5     2.0     2.9     3.5     4.4     5.2     7.3    10.2    12.8    14.2    19.3    21.9    22.4    29.0    40.5    36.0    46.3    58.9    66.8    70.2    66.2    62.4    63.2    59.3    60.2    64.4    66.8    59.7    62.2    72.9    82.4   107.2    96.5    94.1    71.3    62.7    54.0    46.0    50.2    54.9    60.2    63.8    63.3    64.2    72.8    83.0    77.1    61.4    60.2    75.9    96.6   110.8   112.5    99.4    89.8    84.8    81.0    76.5 -9999.0 -9999.0 -9999.0 -9999.0 -9999.0 -9999.0 -9999.0 -9999.0 -9999.0 -9999.0 -9999.0 -9999.0 -9999.0 -9999.0 -9999.0
 -9999.0 -9999.0 -9999.0 -9999.0 -9999.0    71.5    52.2    52.3    47.4    43.8    37.2    36.9    35.2    19.6    10.8     5.6     2.6     2.2     1.3     1.0     0.8     0.7     0.6     0.5     0.4     0.4     0.3     0.4     0.5     0.6     0.9     1.3     1.4     1.3     1.2     0.8     0.5     0.3     0.2     0.3     0.5     0.4     0.6     1.0     1.1     1.5     1.9     2.5     2.8     2.8     2.6     1.8     1.7     1.7     2.1     1.5     2.0     2.9     3.8     6.0     8.8    13.7    16.4    19.1    24.8    26.6    25.0    27.1    30.7    24.1    29.2    39.1    52.1    64.2    74.7    66.5    62.7    67.2    65.3    62.4    64.4    64.7    66.9    72.9    80.0    64.1    85.0    86.1    93.8    87.6    72.9    66.2    61.2    68.6    75.0    74.7    70.2    65.3 -9999.0 -9999.0    78.8    77.5    71.9    83.7   109.8   132.5   146.2   137.2   118.4 -9999.0 -9999.0 -9999.0 -9999.0 -9999.0 -9999.0 -9999.0 -9999.0 -9999.0 -9999.0 -9999.0 -9999.0 -9999.0 -9999.0 -9999.0 -9999.0 -9999.0 -9999.0 -9999.0
 -9999.0 -9999.0 -9999.0    73.2    74.1    57.6    55.7    49.2    42.7    22.2    11.5    10.3    15.6     5.1     1.5     1.2     1.0     0.8     0.6     0.5     0.5     0.4     0.4     0.4     0.4     0.3     0.3     0.3     0.5     0.6     0.8     1.1     1.1     0.9     0.7     0.5     0.3     0.2     0.1     0.1     0.2     0.2     0.4     0.7     1.3     2.0     2.8     3.6     3.7     3.7     2.7     1.5     1.0     0.9     1.0     1.5     3.4     5.2     6.5     8.8    11.6    15.3    21.2    28.5    30.5    30.2    35.2    24.9    22.4    23.4    28.6    35.2    49.1    62.7    68.5    68.8    66.9    67.4    69.8    67.8    65.2    78.7    64.4    69.6    97.3    67.5    79.1    90.9   102.0    98.6    89.6    80.9    82.4    95.7   102.1    98.8    89.5 -9999.0 -9999.0 -9999.0    71.3    72.0    92.8   122.0   160.5   178.7   183.5 -9999.0 -9999.0 -9999.0 -9999.0 -9999.0 -9999.0 -9999.0 -9999.0 -9999.0 -9999.0 -9999.0 -9999.0 -9999.0 -9999.0 -9999.0 -9999.0 -9999.0 -9999.0 -9999.0 -9999.0 -9999.0
 -9999.0 -9999.0    63.0    62.2    61.6    59.6    49.4    30.8    10.6     6.1     3.5     2.3     1.8     1.3     0.9     0.7     0.6     0.5     0.4     0.4     0.4     0.4     0.4     0.5     0.5     0.4     0.4     0.5     0.5     0.7     0.8     0.9     0.9     0.7     0.5     0.3     0.2     0.2     0.2     0.2     0.3     0.5     0.7     1.0     1.6     2.7     3.9     4.7     5.1     5.1     5.6     4.8     2.8     1.7     2.0     5.4     4.8     7.7     8.7    11.3    12.1    21.8    20.9    27.5    31.1    33.0    30.1    25.0    25.3    26.1    34.4    40.5    51.5    65.2    75.3    79.6    80.5    75.1    72.1    67.0    66.0    69.9    57.7    65.7    61.7   107.9    83.2    90.2   107.2   106.4    94.5    92.5   102.5   118.0   124.6 -9999.0 -9999.0 -9999.0 -9999.0    60.3    60.2    72.8    99.0   141.0 -9999.0 -9999.0 -9999.0 -9999.0 -9999.0 -9999.0 -9999.0 -9999.0 -9999.0 -9999.0 -9999.0 -9999.0 -9999.0 -9999.0 -9999.0 -9999.0 -9999.0 -9999.0 -9999.0 -9999.0 -9999.0 -9999.0 -9999.0 -9999.0
 -9999.0 -9999.0    41.5    37.7    26.2    40.2    30.8    13.3     7.2     4.1     2.4     1.4     1.0     0.8     0.7     0.6     0.5     0.4     0.4     0.4     0.4     0.4     0.6     0.6     0.6     0.5     0.5     0.6     0.6     0.7     0.8     0.8     0.7     0.6     0.5     0.5     0.7     0.8     0.7     0.6     0.5     1.2     4.9    21.2     2.8     6.0    14.9     5.1    11.9     9.0     9.3    18.0    18.6    20.6    10.2     8.4     7.0    17.1    13.6    19.7    22.9    20.6    26.0    28.8    32.8    34.0    31.3    30.6    34.4    32.9    40.7    49.8    59.8    68.0    77.1    84.8    85.7    83.0    73.1    65.3    61.6    59.1    67.8    74.4    66.6    66.3    68.7    86.4    99.8    96.1    83.6    84.2    98.9   112.4 -9999.0 -9999.0 -9999.0 -9999.0 -9999.0    52.7 -9999.0 -9999.0 -9999.0 -9999.0 -9999.0 -9999.0 -9999.0 -9999.0 -9999.0 -9999.0 -9999.0 -9999.0 -9999.0 -9999.0 -9999.0 -9999.0 -9999.0 -9999.0 -9999.0 -9999.0 -9999.0 -9999.0 -9999.0 -9999.0 -9999.0 -9999.0 -9999.0 -9999.0
 -9999.0 -9999.0    33.7    24.7    24.2    27.1    28.8    25.6     7.7     3.7     2.2     1.2     0.8     0.7     0.6     0.5     0.5     0.4     0.4     0.4     0.4     0.5     0.6     0.7     0.7     0.7     0.7     0.7     0.7     0.7     0.7     0.8     4.0     7.2     5.8     6.2     2.1     1.6     2.2     1.5     0.6     0.8     0.8     1.7     1.5     2.4     4.0     6.7     7.0     8.5    21.1    13.9    18.1    32.3    37.9    44.3    20.1    16.4    25.5    31.4    19.2    22.2    26.3    30.8    35.9    39.3    38.2    42.8    36.2    41.7    52.3    62.0    69.5    75.5    83.9    94.3    99.7    95.7    85.5    79.0    77.2    65.5    69.9    87.2    51.6    68.2    87.9   101.1   101.5    89.1    73.8 -9999.0 -9999.0 -9999.0 -9999.0 -9999.0 -9999.0 -9999.0 -9999.0 -9999.0 -9999.0 -9999.0 -9999.0 -9999.0 -9999.0 -9999.0 -9999.0 -9999.0 -9999.0 -9999.0 -9999.0 -9999.0 -9999.0 -9999.0 -9999.0 -9999.0 -9999.0 -9999.0 -9999.0 -9999.0 -9999.0 -9999.0 -9999.0 -9999.0 -9999.0 -9999.0 -9999.0 -9999.0
 -9999.0 -9999.0 -9999.0    16.0    20.4    16.0    15.5    16.3    16.7     7.8     3.0     1.6     0.9     0.6     0.5     0.5     0.4     0.4     0.5     0.5     0.5     0.6     0.7     0.7     0.7     0.7     0.7     0.7     0.8     1.2     3.0    11.5     7.5    23.3    24.9     7.4     1.4     0.7     0.8     0.5     0.5     0.5     0.7     0.7     0.9     2.4     7.6    10.3    16.3    14.3    13.6    15.5    20.6    35.1    38.4    52.0    56.7    56.7    54.3    37.1    30.8    28.4    33.6    36.4    40.1    43.6    48.2    51.4    44.9    52.4    63.6    74.1    83.8    90.6    99.1   107.3   115.8   113.8   106.2    90.8    85.3    80.4    83.1    68.7    69.7    93.4   112.5   120.6   115.0    95.5    75.6    57.7 -9999.0 -9999.0 -9999.0 -9999.0 -9999.0 -9999.0 -9999.0 -9999.0 -9999.0 -9999.0 -9999.0 -9999.0 -9999.0 -9999.0 -9999.0 -9999.0 -9999.0 -9999.0 -9999.0 -9999.0 -9999.0 -9999.0 -9999.0 -9999.0 -9999.0 -9999.0 -9999.0 -9999.0 -9999.0 -9999.0 -9999.0 -9999.0 -9999.0 -9999.0 -9999.0 -9999.0
 -9999.0 -9999.0 -9999.0 -9999.0 -9999.0    12.3    12.9    12.2    11.3     9.6     4.8     2.5     1.0     0.6     0.6     0.5     0.5     0.6     0.6     0.7     0.8     0.7     0.7     0.7     0.8     0.9     1.3     1.8     7.2    11.7    10.3    17.6    18.5    13.0    28.3     7.4     6.9     4.7     1.2     0.6     0.5     0.5     0.5     0.6     0.8     1.2     2.2     9.4     8.5    15.8    12.3    22.4    21.3    23.7    34.1    45.2    59.2    73.4    82.5    89.3    84.8    45.4    49.7    45.8    48.1    49.4    56.3    55.9    54.7    60.4    70.2    83.1    96.7   109.7   119.6   125.7   130.0   120.1   120.3   107.6    93.8    80.9    75.7    72.6    74.5    92.8   106.0   111.9   108.2    90.1    72.6    53.1    30.3    24.5 -9999.0 -9999.0 -9999.0    52.0 -9999.0 -9999.0 -9999.0 -9999.0 -9999.0 -9999.0 -9999.0 -9999.0 -9999.0 -9999.0 -9999.0 -9999.0 -9999.0 -9999.0 -9999.0 -9999.0 -9999.0 -9999.0 -9999.0 -9999.0 -9999.0 -9999.0 -9999.0 -9999.0 -9999.0 -9999.0 -9999.0 -9999.0 -9999.0 -9999.0
 -9999.0 -9999.0 -9999.0 -9999.0     8.1     6.0     5.0     7.1     7.9     8.2     8.4     6.4     3.5     1.0     0.7     0.7     0.7     0.7     0.9     1.1     1.0     0.8     0.8     1.3     2.1     4.0     6.0    37.0    18.6    21.7    24.3    19.9    17.1    20.0     9.8     8.4     5.8    19.7    13.6     4.6     0.9     0.6     0.7     0.6     0.6     0.7     0.9     1.9     3.4     3.1     4.6    10.1    16.1    24.7    18.9    26.4    36.6    63.1    81.6    93.6    97.8    95.7    91.3    65.3    44.8    58.9    66.0    59.1    67.7    68.4    75.7    89.2   104.3   118.0   127.8   132.5   130.6   122.0   127.7    94.1    81.8    73.0    61.6    60.4    57.8    64.3    69.5    72.9    73.2    65.7    57.4    48.5    32.9    25.5 -9999.0 -9999.0    51.5    33.2    15.9     6.3     6.1 -9999.0 -9999.0 -9999.0 -9999.0 -9999.0 -9999.0 -9999.0 -9999.0 -9999.0 -9999.0 -9999.0 -9999.0 -9999.0 -9999.0 -9999.0 -9999.0 -9999.0 -9999.0 -9999.0 -9999.0 -9999.0 -9999.0 -9999.0 -9999.0 -9999.0 -9999.0 -9999.0
 -9999.0 -9999.0 -9999.0 -9999.0     3.7     4.2     3.1     4.8     3.7     4.8     6.9     7.5     8.5     9.4     3.8     3.8     4.4     2.4     1.8     1.9     2.7     2.9     3.7    10.3    23.1    31.6    24.1    25.4    24.2    24.1    23.0    26.8    20.5    18.8    19.0    13.6    18.8    23.5    11.4     4.4    10.6     1.5     1.2     0.7     0.7     0.7     0.7     0.7     0.9     1.5     2.3     3.8    14.6    11.4    11.9    18.3    28.5    49.4    73.7    68.2    99.1    86.3    78.7    73.4    54.1    46.0    67.4    66.5    71.4    78.8    83.6    94.0   103.8   111.9   117.4   120.4   111.2   117.9   111.5    84.8    76.7    58.0    54.6    44.6    41.7    39.4    39.9    42.5    46.1    47.6    50.1    54.7    46.0    36.5    39.7    51.4    45.4    25.2     9.9 -9999.0 -9999.0 -9999.0 -9999.0 -9999.0 -9999.0 -9999.0 -9999.0 -9999.0 -9999.0 -9999.0 -9999.0 -9999.0 -9999.0 -9999.0 -9999.0 -9999.0 -9999.0 -9999.0 -9999.0 -9999.0 -9999.0 -9999.0 -9999.0 -9999.0 -9999.0 -9999.0 -9999.0 -9999.0
 -9999.0 -9999.0 -9999.0 -9999.0 -9999.0 -9999.0 -9999.0     2.7     2.8     4.0     4.0     5.2     7.0     8.4     9.8     4.6     9.4     6.6     6.3     9.6    15.4    20.2    22.1    22.2    22.3    22.7    25.5    27.0    27.8    31.5    30.6    29.3    26.9    27.6    30.1    22.7    29.9    24.3    32.6    33.0    11.0    35.1    28.5    14.1     5.1     1.2     2.5     1.8     3.3     1.6     1.5     2.5     6.8    31.7    27.5    15.2    21.1    34.3    66.9    75.6    92.8    80.8    64.0    63.7    72.1    56.6    68.0    76.2    79.9    86.9    92.0    98.8   106.6   112.0   110.8   109.2    91.1    93.2    92.4    64.6    63.6    54.2    48.4    45.8    39.6    33.0    31.8    33.4    38.5    45.4    57.2    69.0    67.4    60.7    66.9    74.8    57.8 -9999.0 -9999.0 -9999.0 -9999.0 -9999.0 -9999.0 -9999.0 -9999.0 -9999.0 -9999.0 -9999.0 -9999.0 -9999.0 -9999.0 -9999.0 -9999.0 -9999.0 -9999.0 -9999.0 -9999.0 -9999.0 -9999.0 -9999.0 -9999.0 -9999.0 -9999.0 -9999.0 -9999.0 -9999.0 -9999.0 -9999.0
 -9999.0 -9999.0 -9999.0 -9999.0 -9999.0 -9999.0 -9999.0     1.0     2.3     2.3     2.9     4.3     5.4     6.6     8.4    10.4    11.8    13.3    16.5    16.1    17.0    20.3    20.2    21.4    21.8    23.1    23.9    28.8    26.1    25.8    31.3    31.7    31.0    36.4    29.6    30.1    26.7    32.2    30.9    27.5    28.7    27.9    29.9    44.9    18.9     7.8    11.2    12.2    25.1    18.4    37.8    32.8    14.8    22.0    34.1    21.5    30.7    48.6    61.4    70.5    87.6    98.5    79.2    82.4    74.0    69.0    70.3    77.1    91.9    95.5   101.1   107.0   113.1   116.9   104.4   106.3    93.2    70.3    55.2    54.4    61.2    57.2    61.9    59.1    51.6    43.0    39.0    39.3    43.1    51.9    70.4    90.0    95.1    97.4   117.1   129.6 -9999.0 -9999.0 -9999.0 -9999.0 -9999.0 -9999.0 -9999.0 -9999.0 -9999.0 -9999.0 -9999.0 -9999.0 -9999.0 -9999.0 -9999.0 -9999.0 -9999.0 -9999.0 -9999.0 -9999.0 -9999.0 -9999.0 -9999.0 -9999.0 -9999.0 -9999.0 -9999.0 -9999.0 -9999.0 -9999.0 -9999.0 -9999.0
 -9999.0 -9999.0 -9999.0 -9999.0 -9999.0 -9999.0 -9999.0 -9999.0 -9999.0     1.5     2.3     3.2     4.0     5.4     7.0     8.6    10.6    13.2    14.5    17.5    18.0    18.0    18.9    20.2    21.2    21.8    24.5    26.2    25.4    32.5    26.3    30.0    31.2    35.5    29.2    29.3    28.4    32.1    28.9    31.9    28.0    31.6    28.9    25.1    30.9    29.8    30.0    28.9    30.7    31.4    38.3    34.7    30.8    27.9    37.6    30.3    38.2    51.8    54.2    62.2    75.2    84.7    95.2    88.3    88.6    75.4    69.8    79.0    99.4   110.0   116.0   118.5   121.3   123.2   119.6    88.9    73.4    61.0    53.0    49.7    53.8    60.7    75.3    75.8    64.1    50.8    43.5    42.6    47.0    59.0    82.5   110.1   120.8   121.8   151.6 -9999.0 -9999.0 -9999.0 -9999.0 -9999.0 -9999.0 -9999.0 -9999.0 -9999.0 -9999.0 -9999.0 -9999.0 -9999.0 -9999.0 -9999.0 -9999.0 -9999.0 -9999.0 -9999.0 -9999.0 -9999.0 -9999.0 -9999.0 -9999.0 -9999.0 -9999.0 -9999.0 -9999.0 -9999.0 -9999.0 -9999.0 -9999.0 -9999.0
 -9999.0 -9999.0 -9999.0 -9999.0 -9999.0 -9999.0 -9999.0 -9999.0 -9999.0 -9999.0 -9999.0     2.0     3.4     4.2     5.8     7.4     9.2    10.9    12.6    14.6    17.0    17.6    19.4    19.7    24.4    24.0    27.1    28.9    29.8    29.8    31.3    38.5    34.0    35.8    33.7    45.4    35.2    35.5    53.7    35.6    40.7    33.5    29.2    27.5    43.6    32.7    49.1    40.1    44.0    41.5    35.7    38.9    40.9    43.0    44.3    40.0    44.1    48.3    52.4    57.4    62.4    77.8    91.2    97.0    93.9    64.6    56.7    79.5   104.2   121.1   129.3   130.5   127.4   118.9   100.5    93.4    82.4    69.5    58.7    52.2    55.2    68.1    80.8    82.8    66.4    48.6    41.0    42.5    50.7    66.4    89.0   117.2   135.6   138.5   137.9 -9999.0 -9999.0 -9999.0 -9999.0 -9999.0 -9999.0 -9999.0 -9999.0 -9999.0 -9999.0 -9999.0 -9999.0 -9999.0 -9999.0 -9999.0 -9999.0 -9999.0 -9999.0 -9999.0 -9999.0 -9999.0 -9999.0 -9999.0 -9999.0 -9999.0 -9999.0 -9999.0 -9999.0 -9999.0 -9999.0 -9999.0 -9999.0 -9999.0
 -9999.0 -9999.0 -9999.0 -9999.0 -9999.0 -9999.0 -9999.0 -9999.0 -9999.0 -9999.0 -9999.0 -9999.0     2.6     3.7     4.7     6.3     7.9     9.8    11.6    14.2    14.5    16.5    18.2    19.1    27.1    23.5    23.9    29.4    30.6    38.1    35.3    36.2    38.2    45.5    47.2    44.1    57.8    43.2    36.5    31.8    30.6    31.0    31.7    38.6    39.2    44.1    51.1    41.6    44.2    44.9    54.3    55.0    51.3    47.4    46.5    45.5    46.4    47.2    60.2    53.8    60.8    63.9    72.4    85.3    85.7    90.5    63.7    85.7   111.6   129.9   138.4   126.3   114.0   104.7   101.6   139.6    97.4    81.9    69.9    74.5    66.2    77.9    88.7    85.1    60.2    41.1    39.4    49.9    63.4    74.9    87.9   111.1   139.0   145.7   120.0    95.8    88.0 -9999.0 -9999.0 -9999.0 -9999.0 -9999.0 -9999.0 -9999.0 -9999.0 -9999.0 -9999.0 -9999.0 -9999.0 -9999.0 -9999.0 -9999.0 -9999.0 -9999.0 -9999.0 -9999.0 -9999.0 -9999.0 -9999.0 -9999.0 -9999.0 -9999.0 -9999.0 -9999.0 -9999.0 -9999.0 -9999.0 -9999.0
 -9999.0 -9999.0 -9999.0 -9999.0 -9999.0 -9999.0 -9999.0 -9999.0 -9999.0 -9999.0 -9999.0 -9999.0     1.6     3.0     4.1     5.3     6.8     8.5    10.5    12.3    14.1    16.4    18.0    18.9    19.3    22.4    24.7    25.0    29.5    30.1    36.7    44.7    43.8    45.1    49.8    47.0    57.8    56.7    48.3    41.9    34.5    33.8    46.2    37.5    47.7    56.5    47.6    45.6    39.0    49.1    52.2    60.3    59.6    60.2    55.4    52.8    55.5    57.2    68.2    68.8    69.8    71.8    72.6    78.4    78.0    83.7    54.7    83.2   119.2   144.5   154.9   167.5   174.1   145.9   132.2   112.5   101.7   103.6    87.6    85.5   104.4   113.2   108.1    84.4    50.8    36.5    43.1    62.6    76.3    78.6    79.1    95.6   128.5   142.6   116.8    92.2    85.6 -9999.0 -9999.0 -9999.0 -9999.0 -9999.0 -9999.0 -9999.0 -9999.0 -9999.0 -9999.0 -9999.0 -9999.0 -9999.0 -9999.0 -9999.0 -9999.0 -9999.0 -9999.0 -9999.0 -9999.0 -9999.0 -9999.0 -9999.0 -9999.0 -9999.0 -9999.0 -9999.0 -9999.0 -9999.0 -9999.0 -9999.0
 -9999.0 -9999.0 -9999.0 -9999.0 -9999.0 -9999.0 -9999.0 -9999.0 -9999.0 -9999.0 -9999.0 -9999.0 -9999.0     2.2     2.9     4.6     5.9     7.5     9.1    10.8    12.8    14.3    17.2    17.8    20.1    25.1    28.0    33.1    33.7    35.9    35.9    38.2    49.1    53.3    46.0    48.9    50.8    54.8    77.3    57.2    50.0    52.7    50.6    61.0    53.2    49.0    56.0    61.2    62.5    62.1    66.0    69.2    74.2    75.9    68.3    63.3    65.3    65.6    63.0    72.3    76.3    81.5    80.9    83.1    61.3    72.4    89.0   108.4   142.9   159.6   142.1   153.4   169.1   163.2   165.2   136.9   120.8   110.3   119.1   140.9   134.2   157.0   140.9    99.7    59.9    53.5    65.2    81.9    88.6    82.5    76.6    85.3   108.2   121.6   110.6    94.1    87.1 -9999.0 -9999.0 -9999.0 -9999.0 -9999.0 -9999.0 -9999.0 -9999.0 -9999.0 -9999.0 -9999.0 -9999.0 -9999.0 -9999.0 -9999.0 -9999.0 -9999.0 -9999.0 -9999.0 -9999.0 -9999.0 -9999.0 -9999.0 -9999.0 -9999.0 -9999.0 -9999.0 -9999.0 -9999.0 -9999.0 -9999.0
 -9999.0 -9999.0 -9999.0 -9999.0 -9999.0 -9999.0 -9999.0 -9999.0 -9999.0 -9999.0 -9999.0 -9999.0     1.0     1.4     2.3     3.8     4.8     6.5     8.2     9.9    11.8    13.8    16.2    18.1    20.0    24.6    26.7    28.4    31.3    35.5    37.8    37.6    51.0    48.7    53.8    50.8    61.6    48.9    47.9    49.9    67.7    78.2    84.7    59.5    65.9    67.1    62.0    57.4    64.0    69.8    82.3    90.8    91.2    89.0    84.5    77.9    70.8    89.9    81.3    91.2    94.6    93.8    94.0    94.4    89.7    91.2    99.7   128.6   174.4   200.4   208.6   194.5   170.5   147.4   148.1   139.8   125.1   116.6   110.7   126.4   154.8   175.1   173.4   137.4   104.7   105.8   113.6   112.5   107.0    93.5    84.0    85.2    92.5    97.7    95.1    85.2    76.7    74.0 -9999.0 -9999.0 -9999.0 -9999.0 -9999.0 -9999.0 -9999.0 -9999.0 -9999.0 -9999.0 -9999.0 -9999.0 -9999.0 -9999.0 -9999.0 -9999.0 -9999.0 -9999.0 -9999.0 -9999.0 -9999.0 -9999.0 -9999.0 -9999.0 -9999.0 -9999.0 -9999.0 -9999.0 -9999.0 -9999.0
 -9999.0 -9999.0 -9999.0 -9999.0 -9999.0 -9999.0 -9999.0 -9999.0 -9999.0 -9999.0 -9999.0 -9999.0     0.7     1.4     2.1     2.6     3.9     5.8     7.5     9.3    11.4    13.8    16.2    18.6    20.7    22.9    25.4    27.9    30.7    32.4    34.7    39.0    48.9    43.7    46.0    50.6    45.8    48.8    47.3    41.2    47.5    50.9    58.7    68.1    74.4    79.5    88.3    84.6    82.7    73.4    84.3    98.4   104.4   109.2   104.2   101.1    86.6    84.9    95.3    97.3   103.2   106.9   102.2    86.3    85.9   118.4   139.4   161.8   166.7   186.4   198.2   191.3   187.3   213.3   211.4   163.8   115.9   106.3    89.3    83.0   112.8   141.8   153.4   135.6   121.4   133.0   135.9   127.8   116.4   100.3    90.2    89.3    88.5    86.2    83.8    75.8    66.3    65.0    73.5 -9999.0 -9999.0 -9999.0 -9999.0 -9999.0 -9999.0 -9999.0 -9999.0 -9999.0 -9999.0 -9999.0 -9999.0 -9999.0 -9999.0 -9999.0 -9999.0 -9999.0 -9999.0 -9999.0 -9999.0 -9999.0 -9999.0 -9999.0 -9999.0 -9999.0 -9999.0 -9999.0 -9999.0 -9999.0
 -9999.0 -9999.0 -9999.0 -9999.0 -9999.0 -9999.0 -9999.0 -9999.0 -9999.0 -9999.0 -9999.0 -9999.0     0.7     0.9     1.7     2.5     3.7     4.7     6.6     8.7    10.9    13.6    16.4    19.3    22.0    25.4    27.7    32.1    31.6    33.8    35.9    44.3    41.1    40.7    43.3    47.5    46.3    45.5    41.0    48.9    48.6    50.0    79.1    66.0    83.8    98.1   101.1    90.8    80.0    83.5    92.0    98.7   107.9   105.8   103.7   116.7   101.5    99.0   104.5   118.8   123.5   121.4   125.4    85.5    87.0   152.0   181.2   203.9   209.8   187.0   187.7   229.0   224.3   228.9   235.4   189.2   184.1   102.5    98.4    83.9    82.6    89.9    79.0    73.1    84.0   106.3   121.5   143.9   106.8    98.3    97.1   101.2    96.6    89.4    85.0    76.6    66.9    66.0    75.3    83.4 -9999.0 -9999.0 -9999.0 -9999.0 -9999.0 -9999.0 -9999.0 -9999.0 -9999.0 -9999.0 -9999.0 -9999.0 -9999.0 -9999.0 -9999.0 -9999.0 -9999.0 -9999.0 -9999.0 -9999.0 -9999.0 -9999.0 -9999.0 -9999.0 -9999.0 -9999.0 -9999.0 -9999.0
 -9999.0 -9999.0 -9999.0 -9999.0 -9999.0 -9999.0 -9999.0 -9999.0 -9999.0 -9999.0 -9999.0 -9999.0 -9999.0     0.6     1.0     2.0     3.0     4.5     5.9     7.9    10.2    13.4    16.4    19.6    22.9    25.8    28.5    30.7    33.6    34.1    39.4    41.0    45.2    43.2    47.3    59.9    57.0    42.9    43.3    42.2    49.6    80.6    96.6    98.1    90.2    92.8    98.3    80.3    91.8    89.1    83.8    99.5   102.7   107.2   106.3   105.0   117.0   119.8   122.2   127.6   136.6   145.7   132.2    67.3   125.1   165.1   212.3   228.5   206.2   204.5   198.1   206.9   227.2   166.8   173.7   137.1   131.4   127.3   127.1   101.0    75.8    60.5    45.0    34.9    47.7    79.0   105.8   180.6   145.0   111.9   114.6   125.4   116.2   104.1   100.6    90.2    74.8    71.2    81.8 -9999.0 -9999.0 -9999.0 -9999.0 -9999.0 -9999.0 -9999.0 -9999.0 -9999.0 -9999.0 -9999.0 -9999.0 -9999.0 -9999.0 -9999.0 -9999.0 -9999.0 -9999.0 -9999.0 -9999.0 -9999.0 -9999.0 -9999.0 -9999.0 -9999.0 -9999.0 -9999.0 -9999.0 -9999.0
 -9999.0 -9999.0 -9999.0 -9999.0 -9999.0 -9999.0 -9999.0 -9999.0 -9999.0 -9999.0 -9999.0 -9999.0 -9999.0     0.8     0.8     1.7     2.3     4.1     5.8     7.8     9.8    12.8    16.1    19.8    24.4    27.0    29.7    32.2    34.1    39.8    41.8    44.4    44.0    47.4    56.0    57.6    48.0    43.7    49.2    72.1    60.8    77.1    92.4   101.3   114.0    99.3    93.6    75.9    76.0    75.3    83.9    73.7    92.4   102.3   106.6   107.1   114.5   125.9   135.0   143.5   153.6   112.6    79.6   111.7   114.1   146.4   198.9   209.4   189.7   175.8   194.6   219.4   211.9   185.9   169.6   180.4   194.8   162.7   127.8   106.2    71.4    53.4    45.9    45.8    62.0    89.8   113.7   128.0   139.1   130.2   139.3   147.2   135.9   127.5   128.7   116.0    90.1    80.7    98.5 -9999.0 -9999.0 -9999.0 -9999.0 -9999.0 -9999.0 -9999.0 -9999.0 -9999.0 -9999.0 -9999.0 -9999.0 -9999.0 -9999.0 -9999.0 -9999.0 -9999.0 -9999.0 -9999.0 -9999.0 -9999.0 -9999.0 -9999.0 -9999.0 -9999.0 -9999.0 -9999.0 -9999.0 -9999.0
 -9999.0 -9999.0 -9999.0 -9999.0 -9999.0 -9999.0 -9999.0 -9999.0 -9999.0 -9999.0 -9999.0 -9999.0 -9999.0 -9999.0 -9999.0     1.4     2.4     3.5     5.5     8.2     9.9    13.8    17.7    21.0    24.2    27.7    29.7    32.6    35.6    37.1    40.5    43.2    52.0    55.6    54.5    66.2    69.4    40.6    46.4    53.9    72.8    85.2    93.9    99.2    98.0    95.0    86.6    72.8    71.8    60.7    64.6    88.8    79.4    89.1    68.8   102.0   112.6   126.1   146.1   163.4   133.8    96.6   126.8   108.3    98.1   118.5   160.5   173.5   164.8   193.2   214.3   213.5   195.6   175.1   187.8   217.1   232.6   221.8   150.6    81.8    57.9    61.4    72.4    84.3   106.5   126.7   140.9   157.7   159.7   157.5   154.6   152.2   136.0   138.9   148.6   149.1   125.0 -9999.0   135.9 -9999.0 -9999.0 -9999.0 -9999.0 -9999.0 -9999.0 -9999.0 -9999.0 -9999.0 -9999.0 -9999.0 -9999.0 -9999.0 -9999.0 -9999.0 -9999.0 -9999.0 -9999.0 -9999.0 -9999.0 -9999.0 -9999.0 -9999.0 -9999.0 -9999.0 -9999.0 -9999.0 -9999.0 -9999.0
 -9999.0 -9999.0 -9999.0 -9999.0 -9999.0 -9999.0 -9999.0 -9999.0 -9999.0 -9999.0 -9999.0 -9999.0 -9999.0 -9999.0 -9999.0 -9999.0 -9999.0     6.7     7.9 -9999.0    13.7    14.1    20.1    24.1    25.2    28.9    29.5    32.7    35.7    37.1    40.0    43.0    52.9    49.1    47.7    56.1    70.1    41.0    51.1    56.7    66.3    81.3    85.7    91.3   136.4   107.5   203.3    84.1    72.5    67.6    74.0    63.0    59.5    86.1    95.8   103.6   106.4   134.0   155.8   179.0   110.9   104.4   116.8   108.9   100.5   122.1   163.6   176.0   181.4   198.0   192.2   178.9   164.1   156.1   197.1   242.6   266.4   223.0   144.7    68.2    58.7    78.1   101.7   114.9   139.3   159.8   171.7   177.7   185.0   174.1   162.5   153.1   134.0   139.0   152.3   149.5   162.3   170.5   167.3   160.8   133.2 -9999.0 -9999.0 -9999.0 -9999.0 -9999.0 -9999.0 -9999.0 -9999.0 -9999.0 -9999.0 -9999.0 -9999.0 -9999.0 -9999.0 -9999.0 -9999.0 -9999.0 -9999.0 -9999.0 -9999.0 -9999.0 -9999.0 -9999.0 -9999.0 -9999.0 -9999.0 -9999.0
 -9999.0 -9999.0 -9999.0 -9999.0 -9999.0 -9999.0 -9999.0 -9999.0 -9999.0 -9999.0 -9999.0 -9999.0 -9999.0 -9999.0 -9999.0 -9999.0 -9999.0 -9999.0 -9999.0 -9999.0 -9999.0    17.4    19.8    20.6    26.8    35.2    36.7    37.3    36.6    39.6    40.5    46.8    48.6    52.9    55.5    61.6    58.5    54.4    53.3    61.1    66.9    72.0    78.3    82.7   153.3    96.5   308.2   111.2    85.6   125.2    76.1    92.5    94.5    74.1    89.0   107.7   119.9   131.7   173.0   191.7   120.4   110.5   110.3   110.2   137.3   181.5   226.0   216.8   204.4   181.7   155.7   134.4   122.5   121.4   174.8   233.7   237.8   160.6   103.9    74.6    70.5    91.4   110.5   119.5   174.0   166.2   178.0   180.7   182.4   168.6   159.1   152.9   166.4   168.0   155.5   153.3   152.2   166.2   164.2   182.1 -9999.0 -9999.0 -9999.0 -9999.0 -9999.0 -9999.0 -9999.0 -9999.0 -9999.0 -9999.0 -9999.0 -9999.0 -9999.0 -9999.0 -9999.0 -9999.0 -9999.0 -9999.0 -9999.0 -9999.0 -9999.0 -9999.0 -9999.0 -9999.0 -9999.0 -9999.0 -9999.0 -9999.0
 -9999.0 -9999.0 -9999.0 -9999.0 -9999.0 -9999.0 -9999.0 -9999.0 -9999.0 -9999.0 -9999.0 -9999.0 -9999.0 -9999.0 -9999.0 -9999.0 -9999.0 -9999.0 -9999.0 -9999.0 -9999.0 -9999.0 -9999.0    38.3    33.0    37.8    40.1    39.1    35.1    39.1    40.0    44.2    51.6    57.8    65.3    69.2    71.1    64.2    65.1    64.0    60.7    66.1    65.7    86.4   170.0   359.7   212.6   179.8   223.3   230.6   128.8    96.9    96.1    91.4    84.9    77.1   115.4   149.0   159.5   204.5   181.5   168.8   137.5   123.5   149.6   234.7   286.1   248.5   165.2   144.2   111.5    97.2    91.0   112.9   130.6   161.3   190.2   153.2    99.9    82.9    80.2    91.1    97.8   111.0   142.5   214.9   167.6   173.8   166.9   163.3   164.9   168.9   162.1   158.7   154.3   154.3   155.7   156.9   192.7 -9999.0 -9999.0 -9999.0 -9999.0 -9999.0 -9999.0 -9999.0 -9999.0 -9999.0 -9999.0 -9999.0 -9999.0 -9999.0 -9999.0 -9999.0 -9999.0 -9999.0 -9999.0 -9999.0 -9999.0 -9999.0 -9999.0 -9999.0 -9999.0 -9999.0 -9999.0 -9999.0 -9999.0 -9999.0
 -9999.0 -9999.0 -9999.0 -9999.0 -9999.0 -9999.0 -9999.0 -9999.0 -9999.0 -9999.0 -9999.0 -9999.0 -9999.0 -9999.0 -9999.0 -9999.0 -9999.0 -9999.0 -9999.0 -9999.0 -9999.0 -9999.0 -9999.0 -9999.0 -9999.0    60.7    52.8    31.5    34.0    35.7    38.9    46.5    52.6    58.3    66.0    70.9    76.1    69.9    69.0    61.4    62.1    55.2   150.3   156.6   312.3   386.7   358.9   431.7   144.2   232.7   116.3   121.7   114.2   108.8    79.8    81.9   114.1   132.6   181.4   214.0   238.8   224.7   239.9   176.0   191.6   243.2   239.7   145.2   117.2   103.7    86.9    78.4    72.7   110.7   134.1   128.2   129.1   138.5   154.7    98.5    90.9   100.1   102.2   108.5   140.6   154.1   170.9   167.9   163.2   158.9   155.6   147.4   143.8   160.0   155.1   166.2   197.2   198.4 -9999.0 -9999.0 -9999.0 -9999.0 -9999.0 -9999.0 -9999.0 -9999.0 -9999.0 -9999.0 -9999.0 -9999.0 -9999.0 -9999.0 -9999.0 -9999.0 -9999.0 -9999.0 -9999.0 -9999.0 -9999.0 -9999.0 -9999.0 -9999.0 -9999.0 -9999.0 -9999.0 -9999.0 -9999.0 -9999.0
 -9999.0 -9999.0 -9999.0 -9999.0 -9999.0 -9999.0 -9999.0 -9999.0 -9999.0 -9999.0 -9999.0 -9999.0 -9999.0 -9999.0 -9999.0 -9999.0 -9999.0 -9999.0 -9999.0 -9999.0 -9999.0 -9999.0 -9999.0 -9999.0 -9999.0 -9999.0 -9999.0    73.9    76.4    57.4    54.8    56.1    49.7    65.9    65.0    84.1    73.0    72.3    79.6    64.4    58.2    74.2   181.6   294.5   343.3   391.4   419.1   430.5   429.1   344.9   361.6   296.5   135.5   107.1    87.2    99.1    95.0   123.2   181.5   214.3   259.0   249.4   181.4   154.8   131.7   157.6   176.6   154.0   114.2    92.2    79.2    89.8    80.5   120.3   120.9   126.2   173.8   164.2   111.8    93.9   102.3   109.8   119.5   125.9   135.6   160.2   178.7   193.3   161.7   146.3   152.0   174.0   127.2   129.4   165.3   191.5   235.2 -9999.0 -9999.0 -9999.0 -9999.0 -9999.0 -9999.0 -9999.0 -9999.0 -9999.0 -9999.0 -9999.0 -9999.0 -9999.0 -9999.0 -9999.0 -9999.0 -9999.0 -9999.0 -9999.0 -9999.0 -9999.0 -9999.0 -9999.0 -9999.0 -9999.0 -9999.0 -9999.0 -9999.0 -9999.0 -9999.0 -9999.0
 -9999.0 -9999.0 -9999.0 -9999.0 -9999.0 -9999.0 -9999.0 -9999.0 -9999.0 -9999.0 -9999.0 -9999.0 -9999.0 -9999.0 -9999.0 -9999.0 -9999.0 -9999.0 -9999.0 -9999.0 -9999.0 -9999.0 -9999.0 -9999.0 -9999.0 -9999.0 -9999.0 -9999.0 -9999.0 -9999.0 -9999.0 -9999.0 -9999.0    81.5    67.1 -9999.0 -9999.0 -9999.0   113.4    81.0   115.9   166.5   168.5   303.4   348.2   377.8 -9999.0 -9999.0 -9999.0 -9999.0 -9999.0 -9999.0   175.2   123.3    87.1    80.5    97.0   123.4   164.7   212.6   242.3   242.3   177.3   142.5   138.5   141.5   133.8   120.5   108.8    90.9    76.2    95.8   125.3   131.7   157.1   146.4   181.7   156.5   118.3    95.7    99.9   114.1   127.0   130.0   143.2   157.4   161.8   157.1   149.3   120.9   135.4   129.4   103.0   113.9   165.5   224.1   263.2 -9999.0 -9999.0 -9999.0 -9999.0 -9999.0 -9999.0 -9999.0 -9999.0 -9999.0 -9999.0 -9999.0 -9999.0 -9999.0 -9999.0 -9999.0 -9999.0 -9999.0 -9999.0 -9999.0 -9999.0 -9999.0 -9999.0 -9999.0 -9999.0 -9999.0 -9999.0 -9999.0 -9999.0 -9999.0 -9999.0 -9999.0
 -9999.0 -9999.0 -9999.0 -9999.0 -9999.0 -9999.0 -9999.0 -9999.0 -9999.0 -9999.0 -9999.0 -9999.0 -9999.0 -9999.0 -9999.0 -9999.0 -9999.0 -9999.0 -9999.0 -9999.0 -9999.0 -9999.0 -9999.0 -9999.0 -9999.0 -9999.0 -9999.0 -9999.0 -9999.0 -9999.0 -9999.0 -9999.0 -9999.0 -9999.0 -9999.0 -9999.0 -9999.0 -9999.0 -9999.0   181.2   203.7   231.7   262.4   293.3 -9999.0 -9999.0 -9999.0 -9999.0 -9999.0 -9999.0 -9999.0 -9999.0   177.5   142.4   107.6    93.1   104.2   125.6   156.6   190.0   206.9   210.7   185.6   137.4   128.0   118.1   115.0   118.4   110.5   102.0    93.9    95.5   105.2   141.5   124.1   143.9   155.1   140.1   121.5    96.6    99.5   108.9   123.3   137.8   143.8   142.3   129.5   113.3    85.7    98.2   113.3   108.1    87.7   118.3   161.7   214.3 -9999.0 -9999.0 -9999.0 -9999.0 -9999.0 -9999.0 -9999.0 -9999.0 -9999.0 -9999.0 -9999.0 -9999.0 -9999.0 -9999.0 -9999.0 -9999.0 -9999.0 -9999.0 -9999.0 -9999.0 -9999.0 -9999.0 -9999.0 -9999.0 -9999.0 -9999.0 -9999.0 -9999.0 -9999.0 -9999.0 -9999.0 -9999.0
 -9999.0 -9999.0 -9999.0 -9999.0 -9999.0 -9999.0 -9999.0 -9999.0 -9999.0 -9999.0 -9999.0 -9999.0 -9999.0 -9999.0 -9999.0 -9999.0 -9999.0 -9999.0 -9999.0 -9999.0 -9999.0 -9999.0 -9999.0 -9999.0 -9999.0 -9999.0 -9999.0 -9999.0 -9999.0 -9999.0 -9999.0 -9999.0 -9999.0 -9999.0 -9999.0 -9999.0 -9999.0 -9999.0 -9999.0 -9999.0 -9999.0 -9999.0 -9999.0 -9999.0 -9999.0 -9999.0 -9999.0 -9999.0 -9999.0 -9999.0 -9999.0 -9999.0   174.2   165.7   131.3   139.4   124.6   130.2   147.6   176.6   178.4   177.9   255.0   141.5   128.6   114.4   119.1   113.5   107.2    98.6    83.2    79.9   115.5   102.8   107.4   112.1   122.4   110.2   100.3    94.2    92.6    96.4   109.4   126.7   134.1   124.8   102.5    77.8    63.2    84.8   117.5   138.1    87.7   126.1   129.0 -9999.0 -9999.0 -9999.0 -9999.0 -9999.0 -9999.0 -9999.0 -9999.0 -9999.0 -9999.0 -9999.0 -9999.0 -9999.0 -9999.0 -9999.0 -9999.0 -9999.0 -9999.0 -9999.0 -9999.0 -9999.0 -9999.0 -9999.0 -9999.0 -9999.0 -9999.0 -9999.0 -9999.0 -9999.0 -9999.0 -9999.0 -9999.0 -9999.0
 -9999.0 -9999.0 -9999.0 -9999.0 -9999.0 -9999.0 -9999.0 -9999.0 -9999.0 -9999.0 -9999.0 -9999.0 -9999.0 -9999.0 -9999.0 -9999.0 -9999.0 -9999.0 -9999.0 -9999.0 -9999.0 -9999.0 -9999.0 -9999.0 -9999.0 -9999.0 -9999.0 -9999.0 -9999.0 -9999.0 -9999.0 -9999.0 -9999.0 -9999.0 -9999.0 -9999.0 -9999.0 -9999.0 -9999.0 -9999.0 -9999.0 -9999.0 -9999.0 -9999.0 -9999.0 -9999.0 -9999.0 -9999.0 -9999.0 -9999.0 -9999.0   192.8   187.6   185.8   123.8   142.9   137.0   158.4   151.5   125.0   217.9   208.9   154.8   148.7   128.6   115.2   112.1    98.7    93.3    79.1    64.0    63.2    59.3    61.5    80.4   101.3   109.7    97.6    84.5    79.5    75.6    77.1   101.7   104.2   116.3   108.1    98.3    78.2    78.6    87.6   144.1   142.4   128.4    80.7    82.4 -9999.0 -9999.0 -9999.0 -9999.0 -9999.0 -9999.0 -9999.0 -9999.0 -9999.0 -9999.0 -9999.0 -9999.0 -9999.0 -9999.0 -9999.0 -9999.0 -9999.0 -9999.0 -9999.0 -9999.0 -9999.0 -9999.0 -9999.0 -9999.0 -9999.0 -9999.0 -9999.0 -9999.0 -9999.0 -9999.0 -9999.0 -9999.0 -9999.0
 -9999.0 -9999.0 -9999.0 -9999.0 -9999.0 -9999.0 -9999.0 -9999.0 -9999.0 -9999.0 -9999.0 -9999.0 -9999.0 -9999.0 -9999.0 -9999.0 -9999.0 -9999.0 -9999.0 -9999.0 -9999.0 -9999.0 -9999.0 -9999.0 -9999.0 -9999.0 -9999.0 -9999.0 -9999.0 -9999.0 -9999.0 -9999.0 -9999.0 -9999.0 -9999.0 -9999.0 -9999.0 -9999.0 -9999.0 -9999.0 -9999.0 -9999.0 -9999.0 -9999.0 -9999.0 -9999.0 -9999.0 -9999.0 -9999.0 -9999.0   149.5   203.8   201.8   196.6   150.1   160.5   119.4    98.0   140.7   194.9   177.5   216.0   165.3   161.0   135.3   120.1   106.0    94.1    91.2    75.8    72.4    68.1    67.9    73.8    90.0   109.6   115.4    94.4    67.8    60.1    60.1    60.5    71.1    90.1    99.2    96.9    94.1    82.7    79.6    97.4   127.3   148.6   109.9    69.0    43.1 -9999.0 -9999.0 -9999.0 -9999.0 -9999.0 -9999.0 -9999.0 -9999.0 -9999.0 -9999.0 -9999.0 -9999.0 -9999.0 -9999.0 -9999.0 -9999.0 -9999.0 -9999.0 -9999.0 -9999.0 -9999.0 -9999.0 -9999.0 -9999.0 -9999.0 -9999.0 -9999.0 -9999.0 -9999.0 -9999.0 -9999.0 -9999.0 -9999.0
 -9999.0 -9999.0 -9999.0 -9999.0 -9999.0 -9999.0 -9999.0 -9999.0 -9999.0 -9999.0 -9999.0 -9999.0 -9999.0 -9999.0 -9999.0 -9999.0 -9999.0 -9999.0 -9999.0 -9999.0 -9999.0 -9999.0 -9999.0 -9999.0 -9999.0 -9999.0 -9999.0 -9999.0 -9999.0 -9999.0 -9999.0 -9999.0 -9999.0 -9999.0 -9999.0 -9999.0 -9999.0 -9999.0 -9999.0 -9999.0 -9999.0 -9999.0 -9999.0 -9999.0 -9999.0 -9999.0 -9999.0 -9999.0 -9999.0 -9999.0   117.6   209.8   118.5   171.9   175.8   144.8    60.3   165.3   181.1   158.2   135.4   151.5   134.6   145.5   140.0   126.7   113.0   102.2    99.5   100.9   106.8   106.0    95.1    83.6    92.8   112.3   109.0    75.4    51.3    50.5    42.3    58.2    63.9    81.5    91.3    90.2    91.5    95.3    88.4    81.5   108.8    80.3    66.1    36.6 -9999.0 -9999.0 -9999.0 -9999.0 -9999.0 -9999.0 -9999.0 -9999.0 -9999.0 -9999.0 -9999.0 -9999.0 -9999.0 -9999.0 -9999.0 -9999.0 -9999.0 -9999.0 -9999.0 -9999.0 -9999.0 -9999.0 -9999.0 -9999.0 -9999.0 -9999.0 -9999.0 -9999.0 -9999.0 -9999.0 -9999.0 -9999.0 -9999.0 -9999.0
 -9999.0 -9999.0 -9999.0 -9999.0 -9999.0 -9999.0 -9999.0 -9999.0 -9999.0 -9999.0 -9999.0 -9999.0 -9999.0 -9999.0 -9999.0 -9999.0 -9999.0 -9999.0 -9999.0 -9999.0 -9999.0 -9999.0 -9999.0 -9999.0 -9999.0 -9999.0 -9999.0 -9999.0 -9999.0 -9999.0 -9999.0 -9999.0 -9999.0 -9999.0 -9999.0 -9999.0 -9999.0 -9999.0 -9999.0 -9999.0 -9999.0 -9999.0 -9999.0 -9999.0 -9999.0 -9999.0 -9999.0 -9999.0 -9999.0 -9999.0    85.3   107.6    76.1   189.5   106.5   106.1   195.0   160.5   186.1   106.0   121.8   134.2   129.3   126.9   135.3   132.8   123.7   111.4   106.6   118.0   136.0   123.5   105.9    85.5    77.6    93.0   101.6    60.8    42.3    27.2    52.8    46.6    62.3    78.0    85.9    79.5    82.2    97.6   100.0    78.4    89.2    54.5 -9999.0 -9999.0 -9999.0 -9999.0 -9999.0 -9999.0 -9999.0 -9999.0 -9999.0 -9999.0 -9999.0 -9999.0 -9999.0 -9999.0 -9999.0 -9999.0 -9999.0 -9999.0 -9999.0 -9999.0 -9999.0 -9999.0 -9999.0 -9999.0 -9999.0 -9999.0 -9999.0 -9999.0 -9999.0 -9999.0 -9999.0 -9999.0 -9999.0 -9999.0 -9999.0 -9999.0
 -9999.0 -9999.0 -9999.0 -9999.0 -9999.0 -9999.0 -9999.0 -9999.0 -9999.0 -9999.0 -9999.0 -9999.0 -9999.0 -9999.0 -9999.0 -9999.0 -9999.0 -9999.0 -9999.0 -9999.0 -9999.0 -9999.0 -9999.0 -9999.0 -9999.0 -9999.0 -9999.0 -9999.0 -9999.0 -9999.0 -9999.0 -9999.0 -9999.0 -9999.0 -9999.0 -9999.0 -9999.0 -9999.0 -9999.0 -9999.0 -9999.0 -9999.0 -9999.0 -9999.0 -9999.0 -9999.0 -9999.0 -9999.0 -9999.0 -9999.0   109.5   137.9   109.8   127.4   130.6   172.6   128.9   180.0   171.3   102.6   106.7    98.5    98.7   122.0   128.4   125.5   117.6   108.5   101.4    98.8   116.5   113.3    89.4    66.0    50.3    66.7    83.9    57.1    54.5    31.7    37.7    68.3    81.2    86.7    74.5    68.8    85.2    92.6   100.0    83.1    47.8 -9999.0 -9999.0 -9999.0 -9999.0 -9999.0 -9999.0 -9999.0 -9999.0 -9999.0 -9999.0 -9999.0 -9999.0 -9999.0 -9999.0 -9999.0 -9999.0 -9999.0 -9999.0 -9999.0 -9999.0 -9999.0 -9999.0 -9999.0 -9999.0 -9999.0 -9999.0 -9999.0 -9999.0 -9999.0 -9999.0 -9999.0 -9999.0 -9999.0 -9999.0 -9999.0 -9999.0 -9999.0
 -9999.0 -9999.0 -9999.0 -9999.0 -9999.0 -9999.0 -9999.0 -9999.0 -9999.0 -9999.0 -9999.0 -9999.0 -9999.0 -9999.0 -9999.0 -9999.0 -9999.0 -9999.0 -9999.0 -9999.0 -9999.0 -9999.0 -9999.0 -9999.0 -9999.0 -9999.0 -9999.0 -9999.0 -9999.0 -9999.0 -9999.0 -9999.0 -9999.0 -9999.0 -9999.0 -9999.0 -9999.0 -9999.0 -9999.0 -9999.0 -9999.0 -9999.0 -9999.0 -9999.0 -9999.0 -9999.0 -9999.0 -9999.0 -9999.0 -9999.0 -9999.0 -9999.0 -9999.0    97.9   111.5   141.1   182.2   210.5   163.6   129.7   163.4    96.4   126.5   142.2   135.8   121.5   105.4    94.4    79.2    73.1    76.0    76.2    61.7    44.4    39.6    48.8    70.8    71.9    65.6    67.8    89.4   113.7   121.2    92.7    65.6    58.4    71.7    98.7    79.7    56.5 -9999.0 -9999.0 -9999.0 -9999.0 -9999.0 -9999.0 -9999.0 -9999.0 -9999.0 -9999.0 -9999.0 -9999.0 -9999.0 -9999.0 -9999.0 -9999.0 -9999.0 -9999.0 -9999.0 -9999.0 -9999.0 -9999.0 -9999.0 -9999.0 -9999.0 -9999.0 -9999.0 -9999.0 -9999.0 -9999.0 -9999.0 -9999.0 -9999.0 -9999.0 -9999.0 -9999.0 -9999.0 -9999.0
 -9999.0 -9999.0 -9999.0 -9999.0 -9999.0 -9999.0 -9999.0 -9999.0 -9999.0 -9999.0 -9999.0 -9999.0 -9999.0 -9999.0 -9999.0 -9999.0 -9999.0 -9999.0 -9999.0 -9999.0 -9999.0 -9999.0 -9999.0 -9999.0 -9999.0 -9999.0 -9999.0 -9999.0 -9999.0 -9999.0 -9999.0 -9999.0 -9999.0 -9999.0 -9999.0 -9999.0 -9999.0 -9999.0 -9999.0 -9999.0 -9999.0 -9999.0 -9999.0 -9999.0 -9999.0 -9999.0 -9999.0 -9999.0 -9999.0 -9999.0 -9999.0 -9999.0 -9999.0    93.5   103.2   188.1   186.2   200.9   213.2   212.9   166.1   162.1   176.5   228.9   201.2   154.8   137.1    82.0    60.9    50.6    54.5    63.7    60.5    50.5    47.0    66.8    86.0   126.2   125.1   131.7   161.3   173.1   139.1 -9999.0    56.4    45.8 -9999.0 -9999.0 -9999.0 -9999.0 -9999.0 -9999.0 -9999.0 -9999.0 -9999.0 -9999.0 -9999.0 -9999.0 -9999.0 -9999.0 -9999.0 -9999.0 -9999.0 -9999.0 -9999.0 -9999.0 -9999.0 -9999.0 -9999.0 -9999.0 -9999.0 -9999.0 -9999.0 -9999.0 -9999.0 -9999.0 -9999.0 -9999.0 -9999.0 -9999.0 -9999.0 -9999.0 -9999.0 -9999.0 -9999.0 -9999.0 -9999.0 -9999.0
 -9999.0 -9999.0 -9999.0 -9999.0 -9999.0 -9999.0 -9999.0 -9999.0 -9999.0 -9999.0 -9999.0 -9999.0 -9999.0 -9999.0 -9999.0 -9999.0 -9999.0 -9999.0 -9999.0 -9999.0 -9999.0 -9999.0 -9999.0 -9999.0 -9999.0 -9999.0 -9999.0 -9999.0 -9999.0 -9999.0 -9999.0 -9999.0 -9999.0 -9999.0 -9999.0 -9999.0 -9999.0 -9999.0 -9999.0 -9999.0 -9999.0 -9999.0 -9999.0 -9999.0 -9999.0 -9999.0 -9999.0 -9999.0 -9999.0 -9999.0 -9999.0 -9999.0 -9999.0    85.2    78.7   149.9   183.1   202.6   226.3   227.0   234.7   240.1   238.9   223.5   293.5 -9999.0 -9999.0 -9999.0    59.1    51.8    64.1    86.0    97.4    89.1    78.7    94.6   108.5   148.7   218.6   165.0   183.0   184.9   147.7 -9999.0 -9999.0 -9999.0 -9999.0 -9999.0 -9999.0 -9999.0 -9999.0 -9999.0 -9999.0 -9999.0 -9999.0 -9999.0 -9999.0 -9999.0 -9999.0 -9999.0 -9999.0 -9999.0 -9999.0 -9999.0 -9999.0 -9999.0 -9999.0 -9999.0 -9999.0 -9999.0 -9999.0 -9999.0 -9999.0 -9999.0 -9999.0 -9999.0 -9999.0 -9999.0 -9999.0 -9999.0 -9999.0 -9999.0 -9999.0 -9999.0 -9999.0 -9999.0 -9999.0 -9999.0
 -9999.0 -9999.0 -9999.0 -9999.0 -9999.0 -9999.0 -9999.0 -9999.0 -9999.0 -9999.0 -9999.0 -9999.0 -9999.0 -9999.0 -9999.0 -9999.0 -9999.0 -9999.0 -9999.0 -9999.0 -9999.0 -9999.0 -9999.0 -9999.0 -9999.0 -9999.0 -9999.0 -9999.0 -9999.0 -9999.0 -9999.0 -9999.0 -9999.0 -9999.0 -9999.0 -9999.0 -9999.0 -9999.0 -9999.0 -9999.0 -9999.0 -9999.0 -9999.0 -9999.0 -9999.0 -9999.0 -9999.0 -9999.0 -9999.0 -9999.0 -9999.0 -9999.0 -9999.0 -9999.0    94.0   124.1   137.7   161.6   217.4   250.4   233.9 -9999.0 -9999.0 -9999.0 -9999.0 -9999.0 -9999.0 -9999.0    79.5    71.8    90.0   135.0   156.6   141.5   115.5   105.2   114.3   126.2   138.3 -9999.0   184.9 -9999.0 -9999.0 -9999.0 -9999.0 -9999.0 -9999.0 -9999.0 -9999.0 -9999.0 -9999.0 -9999.0 -9999.0 -9999.0 -9999.0 -9999.0 -9999.0 -9999.0 -9999.0 -9999.0 -9999.0 -9999.0 -9999.0 -9999.0 -9999.0 -9999.0 -9999.0 -9999.0 -9999.0 -9999.0 -9999.0 -9999.0 -9999.0 -9999.0 -9999.0 -9999.0 -9999.0 -9999.0 -9999.0 -9999.0 -9999.0 -9999.0 -9999.0 -9999.0 -9999.0 -9999.0 -9999.0 -9999.0
 -9999.0 -9999.0 -9999.0 -9999.0 -9999.0 -9999.0 -9999.0 -9999.0 -9999.0 -9999.0 -9999.0 -9999.0 -9999.0 -9999.0 -9999.0 -9999.0 -9999.0 -9999.0 -9999.0 -9999.0 -9999.0 -9999.0 -9999.0 -9999.0 -9999.0 -9999.0 -9999.0 -9999.0 -9999.0 -9999.0 -9999.0 -9999.0 -9999.0 -9999.0 -9999.0 -9999.0 -9999.0 -9999.0 -9999.0 -9999.0 -9999.0 -9999.0 -9999.0 -9999.0 -9999.0 -9999.0 -9999.0 -9999.0 -9999.0 -9999.0 -9999.0 -9999.0 -9999.0 -9999.0 -9999.0    96.0   158.3   156.5   169.0   212.8   238.6 -9999.0 -9999.0 -9999.0 -9999.0 -9999.0 -9999.0 -9999.0 -9999.0 -9999.0   132.2 -9999.0 -9999.0 -9999.0 -9999.0 -9999.0   116.4 -9999.0 -9999.0 -9999.0 -9999.0 -9999.0 -9999.0 -9999.0 -9999.0 -9999.0 -9999.0 -9999.0 -9999.0 -9999.0 -9999.0 -9999.0 -9999.0 -9999.0 -9999.0 -9999.0 -9999.0 -9999.0 -9999.0 -9999.0 -9999.0 -9999.0 -9999.0 -9999.0 -9999.0 -9999.0 -9999.0 -9999.0 -9999.0 -9999.0 -9999.0 -9999.0 -9999.0 -9999.0 -9999.0 -9999.0 -9999.0 -9999.0 -9999.0 -9999.0 -9999.0 -9999.0 -9999.0 -9999.0 -9999.0 -9999.0 -9999.0 -9999.0
 -9999.0 -9999.0 -9999.0 -9999.0 -9999.0 -9999.0 -9999.0 -9999.0 -9999.0 -9999.0 -9999.0 -9999.0 -9999.0 -9999.0 -9999.0 -9999.0 -9999.0 -9999.0 -9999.0 -9999.0 -9999.0 -9999.0 -9999.0 -9999.0 -9999.0 -9999.0 -9999.0 -9999.0 -9999.0 -9999.0 -9999.0 -9999.0 -9999.0 -9999.0 -9999.0 -9999.0 -9999.0 -9999.0 -9999.0 -9999.0 -9999.0 -9999.0 -9999.0 -9999.0 -9999.0 -9999.0 -9999.0 -9999.0 -9999.0 -9999.0 -9999.0 -9999.0 -9999.0 -9999.0 -9999.0 -9999.0 -9999.0 -9999.0   156.0   173.1 -9999.0 -9999.0 -9999.0 -9999.0 -9999.0 -9999.0 -9999.0 -9999.0 -9999.0 -9999.0 -9999.0 -9999.0 -9999.0 -9999.0 -9999.0   128.2   124.2 -9999.0 -9999.0 -9999.0 -9999.0 -9999.0 -9999.0 -9999.0 -9999.0 -9999.0 -9999.0 -9999.0 -9999.0 -9999.0 -9999.0 -9999.0 -9999.0 -9999.0 -9999.0 -9999.0 -9999.0 -9999.0 -9999.0 -9999.0 -9999.0 -9999.0 -9999.0 -9999.0 -9999.0 -9999.0 -9999.0 -9999.0 -9999.0 -9999.0 -9999.0 -9999.0 -9999.0 -9999.0 -9999.0 -9999.0 -9999.0 -9999.0 -9999.0 -9999.0 -9999.0 -9999.0 -9999.0 -9999.0 -9999.0 -9999.0 -9999.0 -9999.0
 -9999.0 -9999.0 -9999.0 -9999.0 -9999.0 -9999.0 -9999.0 -9999.0 -9999.0 -9999.0 -9999.0 -9999.0 -9999.0 -9999.0 -9999.0 -9999.0 -9999.0 -9999.0 -9999.0 -9999.0 -9999.0 -9999.0 -9999.0 -9999.0 -9999.0 -9999.0 -9999.0 -9999.0 -9999.0 -9999.0 -9999.0 -9999.0 -9999.0 -9999.0 -9999.0 -9999.0 -9999.0 -9999.0 -9999.0 -9999.0 -9999.0 -9999.0 -9999.0 -9999.0 -9999.0 -9999.0 -9999.0 -9999.0 -9999.0 -9999.0 -9999.0 -9999.0 -9999.0 -9999.0 -9999.0 -9999.0 -9999.0 -9999.0 -9999.0 -9999.0 -9999.0 -9999.0 -9999.0 -9999.0 -9999.0 -9999.0 -9999.0 -9999.0 -9999.0 -9999.0 -9999.0 -9999.0 -9999.0 -9999.0 -9999.0 -9999.0 -9999.0 -9999.0 -9999.0 -9999.0 -9999.0 -9999.0 -9999.0 -9999.0 -9999.0 -9999.0 -9999.0 -9999.0 -9999.0 -9999.0 -9999.0 -9999.0 -9999.0 -9999.0 -9999.0 -9999.0 -9999.0 -9999.0 -9999.0 -9999.0 -9999.0 -9999.0 -9999.0 -9999.0 -9999.0 -9999.0 -9999.0 -9999.0 -9999.0 -9999.0 -9999.0 -9999.0 -9999.0 -9999.0 -9999.0 -9999.0 -9999.0 -9999.0 -9999.0 -9999.0 -9999.0 -9999.0 -9999.0 -9999.0 -9999.0 -9999.0 -9999.0 -9999.0
 -9999.0 -9999.0 -9999.0 -9999.0 -9999.0 -9999.0 -9999.0 -9999.0 -9999.0 -9999.0 -9999.0 -9999.0 -9999.0 -9999.0 -9999.0 -9999.0 -9999.0 -9999.0 -9999.0 -9999.0 -9999.0 -9999.0 -9999.0 -9999.0 -9999.0 -9999.0 -9999.0 -9999.0 -9999.0 -9999.0 -9999.0 -9999.0 -9999.0 -9999.0 -9999.0 -9999.0 -9999.0 -9999.0 -9999.0 -9999.0 -9999.0 -9999.0 -9999.0 -9999.0 -9999.0 -9999.0 -9999.0 -9999.0 -9999.0 -9999.0 -9999.0 -9999.0 -9999.0 -9999.0 -9999.0 -9999.0 -9999.0 -9999.0 -9999.0 -9999.0 -9999.0 -9999.0 -9999.0 -9999.0 -9999.0 -9999.0 -9999.0 -9999.0 -9999.0 -9999.0 -9999.0 -9999.0 -9999.0 -9999.0 -9999.0   148.9   154.4   159.4 -9999.0 -9999.0 -9999.0 -9999.0 -9999.0 -9999.0 -9999.0 -9999.0 -9999.0 -9999.0 -9999.0 -9999.0 -9999.0 -9999.0 -9999.0 -9999.0 -9999.0 -9999.0 -9999.0 -9999.0 -9999.0 -9999.0 -9999.0 -9999.0 -9999.0 -9999.0 -9999.0 -9999.0 -9999.0 -9999.0 -9999.0 -9999.0 -9999.0 -9999.0 -9999.0 -9999.0 -9999.0 -9999.0 -9999.0 -9999.0 -9999.0 -9999.0 -9999.0 -9999.0 -9999.0 -9999.0 -9999.0 -9999.0 -9999.0 -9999.0
 -9999.0 -9999.0 -9999.0 -9999.0 -9999.0 -9999.0 -9999.0 -9999.0 -9999.0 -9999.0 -9999.0 -9999.0 -9999.0 -9999.0 -9999.0 -9999.0 -9999.0 -9999.0 -9999.0 -9999.0 -9999.0 -9999.0 -9999.0 -9999.0 -9999.0 -9999.0 -9999.0 -9999.0 -9999.0 -9999.0 -9999.0 -9999.0 -9999.0 -9999.0 -9999.0 -9999.0 -9999.0 -9999.0 -9999.0 -9999.0 -9999.0 -9999.0 -9999.0 -9999.0 -9999.0 -9999.0 -9999.0 -9999.0 -9999.0 -9999.0 -9999.0 -9999.0 -9999.0 -9999.0 -9999.0 -9999.0 -9999.0 -9999.0 -9999.0 -9999.0 -9999.0 -9999.0 -9999.0 -9999.0 -9999.0 -9999.0 -9999.0 -9999.0 -9999.0 -9999.0 -9999.0 -9999.0 -9999.0   107.8   145.1   165.7   195.0 -9999.0 -9999.0 -9999.0 -9999.0 -9999.0 -9999.0 -9999.0 -9999.0 -9999.0 -9999.0 -9999.0 -9999.0 -9999.0 -9999.0 -9999.0 -9999.0 -9999.0 -9999.0 -9999.0 -9999.0 -9999.0 -9999.0 -9999.0 -9999.0 -9999.0 -9999.0 -9999.0 -9999.0 -9999.0 -9999.0 -9999.0 -9999.0 -9999.0 -9999.0 -9999.0 -9999.0 -9999.0 -9999.0 -9999.0 -9999.0 -9999.0 -9999.0 -9999.0 -9999.0 -9999.0 -9999.0 -9999.0 -9999.0 -9999.0 -9999.0 -9999.0
 -9999.0 -9999.0 -9999.0 -9999.0 -9999.0 -9999.0 -9999.0 -9999.0 -9999.0 -9999.0 -9999.0 -9999.0 -9999.0 -9999.0 -9999.0 -9999.0 -9999.0 -9999.0 -9999.0 -9999.0 -9999.0 -9999.0 -9999.0 -9999.0 -9999.0 -9999.0 -9999.0 -9999.0 -9999.0 -9999.0 -9999.0 -9999.0 -9999.0 -9999.0 -9999.0 -9999.0 -9999.0 -9999.0 -9999.0 -9999.0 -9999.0 -9999.0 -9999.0 -9999.0 -9999.0 -9999.0 -9999.0 -9999.0 -9999.0 -9999.0 -9999.0 -9999.0 -9999.0 -9999.0 -9999.0 -9999.0 -9999.0 -9999.0 -9999.0 -9999.0 -9999.0 -9999.0 -9999.0 -9999.0 -9999.0 -9999.0 -9999.0 -9999.0 -9999.0 -9999.0 -9999.0 -9999.0 -9999.0 -9999.0   132.3   193.8   208.7 -9999.0 -9999.0 -9999.0 -9999.0 -9999.0 -9999.0 -9999.0 -9999.0 -9999.0 -9999.0 -9999.0 -9999.0 -9999.0 -9999.0 -9999.0 -9999.0 -9999.0 -9999.0 -9999.0 -9999.0 -9999.0 -9999.0 -9999.0 -9999.0 -9999.0 -9999.0 -9999.0 -9999.0 -9999.0 -9999.0 -9999.0 -9999.0 -9999.0 -9999.0 -9999.0 -9999.0 -9999.0 -9999.0 -9999.0 -9999.0 -9999.0 -9999.0 -9999.0 -9999.0 -9999.0 -9999.0 -9999.0 -9999.0 -9999.0 -9999.0 -9999.0
 -9999.0 -9999.0 -9999.0 -9999.0 -9999.0 -9999.0 -9999.0 -9999.0 -9999.0 -9999.0 -9999.0 -9999.0 -9999.0 -9999.0 -9999.0 -9999.0 -9999.0 -9999.0 -9999.0 -9999.0 -9999.0 -9999.0 -9999.0 -9999.0 -9999.0 -9999.0 -9999.0 -9999.0 -9999.0 -9999.0 -9999.0 -9999.0 -9999.0 -9999.0 -9999.0 -9999.0 -9999.0 -9999.0 -9999.0 -9999.0 -9999.0 -9999.0 -9999.0 -9999.0 -9999.0 -9999.0 -9999.0 -9999.0 -9999.0 -9999.0 -9999.0 -9999.0 -9999.0 -9999.0 -9999.0 -9999.0 -9999.0 -9999.0 -9999.0 -9999.0 -9999.0 -9999.0 -9999.0 -9999.0 -9999.0 -9999.0 -9999.0 -9999.0 -9999.0 -9999.0 -9999.0 -9999.0 -9999.0 -9999.0 -9999.0 -9999.0 -9999.0 -9999.0 -9999.0 -9999.0 -9999.0 -9999.0 -9999.0 -9999.0 -9999.0 -9999.0 -9999.0 -9999.0 -9999.0 -9999.0 -9999.0 -9999.0 -9999.0 -9999.0 -9999.0 -9999.0 -9999.0 -9999.0 -9999.0 -9999.0 -9999.0 -9999.0 -9999.0 -9999.0 -9999.0 -9999.0 -9999.0 -9999.0 -9999.0 -9999.0 -9999.0 -9999.0 -9999.0 -9999.0 -9999.0 -9999.0 -9999.0 -9999.0 -9999.0 -9999.0 -9999.0 -9999.0 -9999.0 -9999.0 -9999.0 -9999.0 -9999.0 -9999.0
