NCOLS      128
NROWS       72
XLLCORNER    72.000000000000    
YLLCORNER    18.000000000000    
CELLSIZE    0.50000000000000    
NODATA_VALUE   -9999.000    
 -9999.0 -9999.0 -9999.0 -9999.0 -9999.0 -9999.0 -9999.0 -9999.0 -9999.0 -9999.0 -9999.0 -9999.0 -9999.0 -9999.0 -9999.0 -9999.0 -9999.0 -9999.0 -9999.0 -9999.0 -9999.0 -9999.0 -9999.0 -9999.0 -9999.0 -9999.0 -9999.0 -9999.0 -9999.0 -9999.0 -9999.0 -9999.0 -9999.0 -9999.0 -9999.0 -9999.0 -9999.0 -9999.0 -9999.0 -9999.0 -9999.0 -9999.0 -9999.0 -9999.0 -9999.0 -9999.0 -9999.0 -9999.0 -9999.0 -9999.0 -9999.0 -9999.0 -9999.0 -9999.0 -9999.0 -9999.0 -9999.0 -9999.0 -9999.0 -9999.0 -9999.0 -9999.0 -9999.0 -9999.0 -9999.0 -9999.0 -9999.0 -9999.0 -9999.0 -9999.0 -9999.0 -9999.0 -9999.0 -9999.0 -9999.0 -9999.0 -9999.0 -9999.0 -9999.0 -9999.0 -9999.0 -9999.0 -9999.0 -9999.0 -9999.0 -9999.0 -9999.0 -9999.0 -9999.0 -9999.0 -9999.0 -9999.0 -9999.0 -9999.0 -9999.0 -9999.0     0.2     0.5     1.0     1.7     2.5     3.5     4.5     5.5     6.3     6.6     6.6     6.4 -9999.0 -9999.0 -9999.0 -9999.0 -9999.0 -9999.0 -9999.0 -9999.0 -9999.0 -9999.0 -9999.0 -9999.0 -9999.0 -9999.0 -9999.0 -9999.0 -9999.0 -9999.0 -9999.0 -9999.0
 -9999.0 -9999.0 -9999.0 -9999.0 -9999.0 -9999.0 -9999.0 -9999.0 -9999.0 -9999.0 -9999.0 -9999.0 -9999.0 -9999.0 -9999.0 -9999.0 -9999.0 -9999.0 -9999.0 -9999.0 -9999.0 -9999.0 -9999.0 -9999.0 -9999.0 -9999.0 -9999.0 -9999.0 -9999.0 -9999.0 -9999.0 -9999.0 -9999.0 -9999.0 -9999.0 -9999.0 -9999.0 -9999.0 -9999.0 -9999.0 -9999.0 -9999.0 -9999.0 -9999.0 -9999.0 -9999.0 -9999.0 -9999.0 -9999.0 -9999.0 -9999.0 -9999.0 -9999.0 -9999.0 -9999.0 -9999.0 -9999.0 -9999.0 -9999.0 -9999.0 -9999.0 -9999.0 -9999.0 -9999.0 -9999.0 -9999.0 -9999.0 -9999.0 -9999.0 -9999.0 -9999.0 -9999.0 -9999.0 -9999.0 -9999.0 -9999.0 -9999.0 -9999.0 -9999.0 -9999.0 -9999.0 -9999.0 -9999.0 -9999.0 -9999.0 -9999.0 -9999.0 -9999.0 -9999.0 -9999.0 -9999.0 -9999.0 -9999.0 -9999.0 -9999.0     0.1     0.2     0.6     1.1     1.7     2.4     3.2     3.9     4.6     5.1     5.2     4.8     4.4     4.4 -9999.0 -9999.0 -9999.0 -9999.0 -9999.0 -9999.0 -9999.0 -9999.0 -9999.0 -9999.0 -9999.0 -9999.0 -9999.0 -9999.0 -9999.0 -9999.0 -9999.0 -9999.0 -9999.0
 -9999.0 -9999.0 -9999.0 -9999.0 -9999.0 -9999.0 -9999.0 -9999.0 -9999.0 -9999.0 -9999.0 -9999.0 -9999.0 -9999.0 -9999.0 -9999.0 -9999.0 -9999.0 -9999.0 -9999.0 -9999.0 -9999.0 -9999.0 -9999.0 -9999.0 -9999.0 -9999.0 -9999.0 -9999.0 -9999.0 -9999.0 -9999.0 -9999.0 -9999.0 -9999.0 -9999.0 -9999.0 -9999.0 -9999.0 -9999.0 -9999.0 -9999.0 -9999.0 -9999.0 -9999.0 -9999.0 -9999.0 -9999.0 -9999.0 -9999.0 -9999.0 -9999.0 -9999.0 -9999.0 -9999.0 -9999.0 -9999.0 -9999.0 -9999.0 -9999.0 -9999.0 -9999.0 -9999.0 -9999.0 -9999.0 -9999.0 -9999.0 -9999.0 -9999.0 -9999.0 -9999.0 -9999.0 -9999.0 -9999.0 -9999.0 -9999.0 -9999.0 -9999.0 -9999.0 -9999.0 -9999.0 -9999.0 -9999.0 -9999.0 -9999.0 -9999.0 -9999.0 -9999.0 -9999.0 -9999.0 -9999.0 -9999.0 -9999.0 -9999.0 -9999.0     0.1     0.4     0.8     1.4     1.9     2.5     3.0     3.3     3.6     3.8     3.8     3.3     2.8     2.7     3.4 -9999.0 -9999.0 -9999.0 -9999.0 -9999.0 -9999.0 -9999.0 -9999.0 -9999.0 -9999.0 -9999.0 -9999.0 -9999.0 -9999.0 -9999.0 -9999.0 -9999.0 -9999.0
 -9999.0 -9999.0 -9999.0 -9999.0 -9999.0 -9999.0 -9999.0 -9999.0 -9999.0 -9999.0 -9999.0 -9999.0 -9999.0 -9999.0 -9999.0 -9999.0 -9999.0 -9999.0 -9999.0 -9999.0 -9999.0 -9999.0 -9999.0 -9999.0 -9999.0 -9999.0 -9999.0 -9999.0 -9999.0 -9999.0 -9999.0 -9999.0 -9999.0 -9999.0 -9999.0 -9999.0 -9999.0 -9999.0 -9999.0 -9999.0 -9999.0 -9999.0 -9999.0 -9999.0 -9999.0 -9999.0 -9999.0 -9999.0 -9999.0 -9999.0 -9999.0 -9999.0 -9999.0 -9999.0 -9999.0 -9999.0 -9999.0 -9999.0 -9999.0 -9999.0 -9999.0 -9999.0 -9999.0 -9999.0 -9999.0 -9999.0 -9999.0 -9999.0 -9999.0 -9999.0 -9999.0 -9999.0 -9999.0 -9999.0 -9999.0 -9999.0 -9999.0 -9999.0 -9999.0 -9999.0 -9999.0 -9999.0 -9999.0 -9999.0 -9999.0 -9999.0 -9999.0 -9999.0 -9999.0 -9999.0 -9999.0 -9999.0 -9999.0 -9999.0 -9999.0     0.3     0.7     1.2     1.7     2.3     2.8     3.1     2.8     2.6     2.3     2.3     2.0     1.7     1.7     2.3     4.4 -9999.0 -9999.0 -9999.0 -9999.0 -9999.0 -9999.0 -9999.0 -9999.0 -9999.0 -9999.0 -9999.0 -9999.0 -9999.0 -9999.0 -9999.0 -9999.0 -9999.0
 -9999.0 -9999.0 -9999.0 -9999.0 -9999.0 -9999.0 -9999.0 -9999.0 -9999.0 -9999.0 -9999.0 -9999.0 -9999.0 -9999.0 -9999.0 -9999.0 -9999.0 -9999.0 -9999.0 -9999.0 -9999.0 -9999.0 -9999.0 -9999.0 -9999.0 -9999.0 -9999.0 -9999.0 -9999.0 -9999.0 -9999.0 -9999.0 -9999.0 -9999.0 -9999.0 -9999.0 -9999.0 -9999.0 -9999.0 -9999.0 -9999.0 -9999.0 -9999.0 -9999.0 -9999.0 -9999.0 -9999.0 -9999.0 -9999.0 -9999.0 -9999.0 -9999.0 -9999.0 -9999.0 -9999.0 -9999.0 -9999.0 -9999.0 -9999.0 -9999.0 -9999.0 -9999.0 -9999.0 -9999.0 -9999.0 -9999.0 -9999.0 -9999.0 -9999.0 -9999.0 -9999.0 -9999.0 -9999.0 -9999.0 -9999.0 -9999.0 -9999.0 -9999.0 -9999.0 -9999.0 -9999.0 -9999.0 -9999.0 -9999.0 -9999.0 -9999.0 -9999.0 -9999.0 -9999.0 -9999.0 -9999.0 -9999.0 -9999.0 -9999.0     0.2     0.6     1.1     1.7     2.4     2.9     3.1     3.4     2.9     2.1     1.4     1.4     1.3     1.3     1.4     2.1     4.4 -9999.0 -9999.0 -9999.0 -9999.0 -9999.0 -9999.0 -9999.0 -9999.0 -9999.0 -9999.0 -9999.0 -9999.0 -9999.0 -9999.0 -9999.0 -9999.0 -9999.0
 -9999.0 -9999.0 -9999.0 -9999.0 -9999.0 -9999.0 -9999.0 -9999.0 -9999.0 -9999.0 -9999.0 -9999.0 -9999.0 -9999.0 -9999.0 -9999.0 -9999.0 -9999.0 -9999.0 -9999.0 -9999.0 -9999.0 -9999.0 -9999.0 -9999.0 -9999.0 -9999.0 -9999.0 -9999.0 -9999.0 -9999.0 -9999.0 -9999.0 -9999.0 -9999.0 -9999.0 -9999.0 -9999.0 -9999.0 -9999.0 -9999.0 -9999.0 -9999.0 -9999.0 -9999.0 -9999.0 -9999.0 -9999.0 -9999.0 -9999.0 -9999.0 -9999.0 -9999.0 -9999.0 -9999.0 -9999.0 -9999.0 -9999.0 -9999.0 -9999.0 -9999.0 -9999.0 -9999.0 -9999.0 -9999.0 -9999.0 -9999.0 -9999.0 -9999.0 -9999.0 -9999.0 -9999.0 -9999.0 -9999.0 -9999.0 -9999.0 -9999.0 -9999.0 -9999.0 -9999.0 -9999.0 -9999.0 -9999.0 -9999.0 -9999.0 -9999.0 -9999.0 -9999.0 -9999.0 -9999.0 -9999.0 -9999.0 -9999.0 -9999.0     0.6     1.2     1.7     2.4     3.1     3.8     4.2     3.3     3.0     2.1     1.5     1.4     1.4     1.6     2.0     2.8     5.5    10.0 -9999.0 -9999.0 -9999.0 -9999.0 -9999.0 -9999.0 -9999.0 -9999.0 -9999.0 -9999.0 -9999.0 -9999.0 -9999.0 -9999.0 -9999.0 -9999.0
 -9999.0 -9999.0 -9999.0 -9999.0 -9999.0 -9999.0 -9999.0 -9999.0 -9999.0 -9999.0 -9999.0 -9999.0 -9999.0 -9999.0 -9999.0 -9999.0 -9999.0 -9999.0 -9999.0 -9999.0 -9999.0 -9999.0 -9999.0 -9999.0 -9999.0 -9999.0 -9999.0 -9999.0 -9999.0 -9999.0 -9999.0 -9999.0 -9999.0 -9999.0 -9999.0 -9999.0 -9999.0 -9999.0 -9999.0 -9999.0 -9999.0 -9999.0 -9999.0 -9999.0 -9999.0 -9999.0 -9999.0 -9999.0 -9999.0 -9999.0 -9999.0 -9999.0 -9999.0 -9999.0 -9999.0 -9999.0 -9999.0 -9999.0 -9999.0 -9999.0 -9999.0 -9999.0 -9999.0 -9999.0 -9999.0 -9999.0 -9999.0 -9999.0 -9999.0 -9999.0 -9999.0 -9999.0 -9999.0 -9999.0 -9999.0 -9999.0 -9999.0 -9999.0 -9999.0 -9999.0 -9999.0 -9999.0 -9999.0 -9999.0 -9999.0 -9999.0 -9999.0 -9999.0 -9999.0 -9999.0 -9999.0 -9999.0 -9999.0     0.8     1.4     2.0     2.7     3.4     4.2     4.6     4.8     4.4     3.6     2.7     2.2     2.3     2.5     2.7     3.4     4.7     7.0    11.7 -9999.0 -9999.0 -9999.0 -9999.0 -9999.0 -9999.0 -9999.0 -9999.0 -9999.0 -9999.0 -9999.0 -9999.0 -9999.0 -9999.0 -9999.0 -9999.0
 -9999.0 -9999.0 -9999.0 -9999.0 -9999.0 -9999.0 -9999.0 -9999.0 -9999.0 -9999.0 -9999.0 -9999.0 -9999.0 -9999.0 -9999.0 -9999.0 -9999.0 -9999.0 -9999.0 -9999.0 -9999.0 -9999.0 -9999.0 -9999.0 -9999.0 -9999.0 -9999.0 -9999.0 -9999.0 -9999.0 -9999.0 -9999.0 -9999.0 -9999.0 -9999.0 -9999.0 -9999.0 -9999.0 -9999.0 -9999.0 -9999.0 -9999.0 -9999.0 -9999.0 -9999.0 -9999.0 -9999.0 -9999.0 -9999.0 -9999.0 -9999.0 -9999.0 -9999.0 -9999.0 -9999.0 -9999.0 -9999.0 -9999.0 -9999.0 -9999.0 -9999.0 -9999.0 -9999.0 -9999.0 -9999.0 -9999.0 -9999.0 -9999.0 -9999.0 -9999.0 -9999.0 -9999.0 -9999.0 -9999.0 -9999.0 -9999.0 -9999.0 -9999.0 -9999.0 -9999.0 -9999.0 -9999.0 -9999.0 -9999.0 -9999.0 -9999.0 -9999.0 -9999.0     0.1     0.1     0.2     0.4     0.9     1.7     2.7     3.4     3.8     4.4     5.2     5.8     4.8     4.6     4.0     3.2     3.1     3.5     4.1     5.2     5.7     6.9     8.5    12.9    19.5    27.1 -9999.0 -9999.0 -9999.0 -9999.0 -9999.0 -9999.0 -9999.0 -9999.0 -9999.0 -9999.0 -9999.0 -9999.0 -9999.0 -9999.0
 -9999.0 -9999.0 -9999.0 -9999.0 -9999.0 -9999.0 -9999.0 -9999.0 -9999.0 -9999.0 -9999.0 -9999.0 -9999.0 -9999.0 -9999.0 -9999.0 -9999.0 -9999.0 -9999.0 -9999.0 -9999.0 -9999.0 -9999.0 -9999.0 -9999.0 -9999.0 -9999.0 -9999.0 -9999.0    54.4    27.5    45.2    42.2 -9999.0 -9999.0 -9999.0 -9999.0 -9999.0 -9999.0 -9999.0 -9999.0 -9999.0 -9999.0 -9999.0 -9999.0 -9999.0 -9999.0 -9999.0 -9999.0 -9999.0 -9999.0 -9999.0 -9999.0 -9999.0 -9999.0 -9999.0 -9999.0 -9999.0 -9999.0 -9999.0 -9999.0 -9999.0 -9999.0 -9999.0 -9999.0 -9999.0 -9999.0 -9999.0 -9999.0 -9999.0 -9999.0 -9999.0 -9999.0 -9999.0 -9999.0 -9999.0 -9999.0 -9999.0 -9999.0 -9999.0 -9999.0 -9999.0 -9999.0 -9999.0 -9999.0 -9999.0 -9999.0     0.6     0.7     0.8     0.8     1.2     2.1     3.1     4.4     5.1     5.3     5.7     6.2     6.4     6.4     5.4     4.1     3.6     3.7     4.6     5.8     6.7     7.3     8.2     9.6    12.7    19.3    26.4    32.0    36.2    42.2 -9999.0 -9999.0 -9999.0 -9999.0 -9999.0 -9999.0 -9999.0 -9999.0 -9999.0 -9999.0 -9999.0
 -9999.0 -9999.0 -9999.0 -9999.0 -9999.0 -9999.0 -9999.0 -9999.0 -9999.0 -9999.0 -9999.0 -9999.0 -9999.0 -9999.0 -9999.0 -9999.0 -9999.0 -9999.0 -9999.0 -9999.0 -9999.0 -9999.0 -9999.0 -9999.0 -9999.0 -9999.0 -9999.0 -9999.0    29.0    41.8    42.2    39.2    33.8 -9999.0 -9999.0 -9999.0 -9999.0 -9999.0 -9999.0 -9999.0 -9999.0 -9999.0 -9999.0 -9999.0 -9999.0 -9999.0 -9999.0 -9999.0 -9999.0 -9999.0 -9999.0 -9999.0 -9999.0 -9999.0 -9999.0 -9999.0 -9999.0 -9999.0 -9999.0 -9999.0 -9999.0 -9999.0 -9999.0 -9999.0 -9999.0 -9999.0 -9999.0 -9999.0 -9999.0 -9999.0 -9999.0 -9999.0 -9999.0 -9999.0 -9999.0 -9999.0 -9999.0 -9999.0 -9999.0 -9999.0 -9999.0 -9999.0 -9999.0 -9999.0 -9999.0 -9999.0 -9999.0     1.6     2.0     2.2     2.3     2.7     3.4     4.7     6.0     6.6     6.6     6.6     7.8     7.7     6.6     5.1     4.2     2.9     3.3     4.2     5.7     7.2     9.0     9.6    10.3    13.2    19.5    24.8    29.4    31.2    33.6    37.4    43.9 -9999.0 -9999.0 -9999.0 -9999.0 -9999.0 -9999.0 -9999.0 -9999.0 -9999.0
 -9999.0 -9999.0 -9999.0 -9999.0 -9999.0 -9999.0 -9999.0 -9999.0 -9999.0 -9999.0 -9999.0 -9999.0 -9999.0 -9999.0 -9999.0 -9999.0 -9999.0 -9999.0 -9999.0 -9999.0 -9999.0 -9999.0 -9999.0 -9999.0 -9999.0 -9999.0    44.4    29.3    31.4    24.7    33.9    30.6    30.5    20.2    21.6    13.8 -9999.0 -9999.0 -9999.0 -9999.0 -9999.0 -9999.0 -9999.0 -9999.0 -9999.0 -9999.0 -9999.0 -9999.0 -9999.0 -9999.0 -9999.0 -9999.0 -9999.0 -9999.0 -9999.0 -9999.0 -9999.0 -9999.0 -9999.0 -9999.0 -9999.0 -9999.0 -9999.0 -9999.0 -9999.0 -9999.0 -9999.0 -9999.0 -9999.0 -9999.0 -9999.0 -9999.0 -9999.0 -9999.0 -9999.0 -9999.0 -9999.0 -9999.0 -9999.0 -9999.0 -9999.0 -9999.0 -9999.0 -9999.0 -9999.0 -9999.0     1.8     2.6     3.5     4.4     4.5     4.4     4.8     5.7     6.8     7.3     7.4     7.9     8.1     8.6     7.1     5.5     4.6     3.4     2.5     2.6     4.5     7.3     8.5     9.9    12.8    16.3    21.4    24.1    26.6    29.0    29.4    31.3    31.3 -9999.0 -9999.0    38.2    42.2    48.1    54.2    61.4    68.8    78.6
 -9999.0 -9999.0 -9999.0 -9999.0 -9999.0 -9999.0 -9999.0 -9999.0 -9999.0 -9999.0 -9999.0 -9999.0 -9999.0 -9999.0 -9999.0 -9999.0 -9999.0 -9999.0 -9999.0 -9999.0 -9999.0 -9999.0 -9999.0 -9999.0 -9999.0 -9999.0    20.5    12.5    11.7    11.8    14.1    15.9    28.4    19.7    18.4    15.3    13.5    10.6 -9999.0 -9999.0 -9999.0 -9999.0 -9999.0 -9999.0 -9999.0 -9999.0 -9999.0 -9999.0 -9999.0 -9999.0 -9999.0 -9999.0 -9999.0 -9999.0 -9999.0 -9999.0 -9999.0 -9999.0 -9999.0 -9999.0 -9999.0 -9999.0 -9999.0 -9999.0 -9999.0 -9999.0 -9999.0 -9999.0 -9999.0 -9999.0 -9999.0 -9999.0 -9999.0 -9999.0 -9999.0 -9999.0 -9999.0 -9999.0 -9999.0 -9999.0 -9999.0 -9999.0 -9999.0 -9999.0 -9999.0 -9999.0     2.4     3.6     4.9     5.8     5.9     5.7     5.8     6.4     7.0     7.6     7.8     8.6     9.1     7.4     6.4     5.1     4.4     4.0     3.1     2.7     4.2     6.4     8.2    11.4    15.6    18.8    21.4    21.3    24.8    24.5    21.9    23.5    29.5    24.5    27.0    30.9    34.7    39.7    45.5    56.1    60.9    70.2
 -9999.0 -9999.0 -9999.0 -9999.0 -9999.0 -9999.0 -9999.0 -9999.0 -9999.0 -9999.0 -9999.0 -9999.0 -9999.0 -9999.0 -9999.0 -9999.0 -9999.0 -9999.0 -9999.0 -9999.0 -9999.0    35.3    31.3    26.3    19.5    14.8    11.5     9.8     6.7     4.9     4.9     7.4     6.8    10.9    10.2    12.5    19.1     7.7 -9999.0 -9999.0 -9999.0 -9999.0 -9999.0 -9999.0 -9999.0 -9999.0 -9999.0 -9999.0 -9999.0 -9999.0 -9999.0 -9999.0 -9999.0 -9999.0 -9999.0 -9999.0 -9999.0 -9999.0 -9999.0 -9999.0 -9999.0 -9999.0 -9999.0 -9999.0 -9999.0 -9999.0 -9999.0 -9999.0 -9999.0 -9999.0 -9999.0 -9999.0 -9999.0 -9999.0 -9999.0 -9999.0 -9999.0 -9999.0 -9999.0 -9999.0 -9999.0 -9999.0 -9999.0 -9999.0 -9999.0 -9999.0     2.6     3.9     5.2     6.1     6.5     6.5     6.5     6.9     7.3     7.6     8.7     8.5     7.5     6.9     5.6     4.5     4.3     3.9     4.1     3.8     4.2     5.3     7.5    11.2    15.9    20.4    23.0    18.7    18.3    27.0    19.1    20.2    20.5    21.3    23.4    26.9    30.2    33.7    38.6    45.1    54.0 -9999.0
 -9999.0 -9999.0 -9999.0 -9999.0 -9999.0 -9999.0 -9999.0 -9999.0 -9999.0 -9999.0 -9999.0 -9999.0 -9999.0 -9999.0 -9999.0 -9999.0 -9999.0 -9999.0 -9999.0 -9999.0    35.3    33.1    31.0    24.8    17.6    13.6    12.0    11.4     8.5     5.3     3.7     4.6     4.3     4.1     4.8     4.9     9.9     8.0     8.2 -9999.0 -9999.0 -9999.0 -9999.0 -9999.0 -9999.0 -9999.0 -9999.0 -9999.0 -9999.0 -9999.0 -9999.0 -9999.0 -9999.0 -9999.0 -9999.0 -9999.0 -9999.0 -9999.0 -9999.0 -9999.0 -9999.0 -9999.0 -9999.0 -9999.0 -9999.0 -9999.0 -9999.0 -9999.0 -9999.0 -9999.0 -9999.0 -9999.0 -9999.0 -9999.0 -9999.0 -9999.0 -9999.0 -9999.0 -9999.0 -9999.0 -9999.0 -9999.0 -9999.0 -9999.0 -9999.0 -9999.0     2.3     3.4     4.7     5.7     6.3     6.7     7.0     7.4     7.6     7.9     9.2     8.3     7.0     7.5     5.0     4.7     4.1     3.8     3.9     3.9     4.4     5.7     6.2    10.2    14.5    17.6    20.3    21.4    19.9    21.4    19.2    21.8    23.3    22.3    24.8    26.3    28.9    31.3    35.9    45.8    53.8 -9999.0
 -9999.0 -9999.0 -9999.0 -9999.0 -9999.0 -9999.0 -9999.0 -9999.0 -9999.0 -9999.0 -9999.0 -9999.0 -9999.0 -9999.0 -9999.0 -9999.0 -9999.0 -9999.0 -9999.0 -9999.0    21.1    19.5    17.6    14.4    10.3    12.0     5.5     3.7     3.9     3.7     3.3     4.4     5.3     3.8     3.0     2.7     3.6     8.1     3.4    10.3 -9999.0 -9999.0 -9999.0 -9999.0 -9999.0 -9999.0 -9999.0 -9999.0 -9999.0 -9999.0 -9999.0 -9999.0 -9999.0 -9999.0 -9999.0 -9999.0 -9999.0 -9999.0 -9999.0 -9999.0 -9999.0 -9999.0 -9999.0 -9999.0 -9999.0 -9999.0 -9999.0 -9999.0 -9999.0 -9999.0 -9999.0 -9999.0 -9999.0 -9999.0 -9999.0 -9999.0 -9999.0 -9999.0 -9999.0 -9999.0 -9999.0 -9999.0 -9999.0 -9999.0 -9999.0 -9999.0 -9999.0 -9999.0     4.0     4.9     5.8     6.5     7.4     7.7     8.0     8.5     7.8     7.7     6.9     5.7     4.8     4.6     4.7     4.8     5.1     5.8     7.2     6.9     6.1     8.5    12.5    17.1    21.4    24.1    25.9    20.3    22.5    27.1    28.7    26.2    26.3    29.8    34.4    40.2    37.9    44.8 -9999.0 -9999.0
 -9999.0 -9999.0 -9999.0 -9999.0 -9999.0 -9999.0 -9999.0 -9999.0 -9999.0 -9999.0 -9999.0 -9999.0 -9999.0 -9999.0 -9999.0 -9999.0 -9999.0 -9999.0 -9999.0    15.5    14.4    14.1    11.0     9.2     6.5     3.0     1.2     0.9     0.9     1.6     3.4     4.4     5.8     5.6     4.3     3.2     4.2     2.8     2.0     2.4 -9999.0 -9999.0 -9999.0 -9999.0 -9999.0 -9999.0 -9999.0 -9999.0 -9999.0 -9999.0 -9999.0 -9999.0 -9999.0 -9999.0 -9999.0 -9999.0 -9999.0 -9999.0 -9999.0 -9999.0 -9999.0 -9999.0 -9999.0 -9999.0 -9999.0 -9999.0 -9999.0 -9999.0 -9999.0 -9999.0 -9999.0 -9999.0 -9999.0 -9999.0 -9999.0 -9999.0 -9999.0 -9999.0 -9999.0 -9999.0 -9999.0 -9999.0 -9999.0 -9999.0 -9999.0 -9999.0 -9999.0     2.4     3.4     4.3     5.2     6.0     6.9     7.4     7.7     7.8     7.3     7.8     6.9     5.8     5.4     5.1     5.5     6.1     6.9     8.7    10.6     9.1     7.7     9.0    12.4    16.6    21.7    20.4    19.2    21.4    23.4    28.0    32.1    30.7    30.2    37.6    42.9    45.3    48.3 -9999.0 -9999.0 -9999.0
 -9999.0 -9999.0 -9999.0 -9999.0 -9999.0 -9999.0 -9999.0 -9999.0 -9999.0 -9999.0 -9999.0 -9999.0 -9999.0 -9999.0 -9999.0 -9999.0    16.5    13.2    12.4    12.7    10.6    19.8    13.6    11.7     6.5     3.1     0.8     0.5     0.6     1.7     3.6     6.2     8.1     8.0     7.0     6.0     4.7     2.8     1.6     1.0     0.9     0.7     0.6 -9999.0 -9999.0 -9999.0 -9999.0 -9999.0 -9999.0 -9999.0 -9999.0 -9999.0 -9999.0 -9999.0 -9999.0 -9999.0 -9999.0 -9999.0 -9999.0 -9999.0 -9999.0 -9999.0 -9999.0 -9999.0 -9999.0 -9999.0 -9999.0 -9999.0 -9999.0 -9999.0 -9999.0 -9999.0 -9999.0 -9999.0 -9999.0 -9999.0 -9999.0 -9999.0 -9999.0     0.1     0.1     0.1 -9999.0 -9999.0     0.5     0.9     1.7     2.3     3.0     4.1     4.8     5.4     5.5     5.7     5.9     6.4     5.7     6.0     5.8     5.5     5.3     5.4     5.8     6.5     7.4     8.7     9.6     9.3     8.7    11.1    15.0    19.5    22.2    18.3    20.1    20.6    29.6    23.3    25.7    26.1    33.7    44.3    53.9    58.7    65.7 -9999.0 -9999.0 -9999.0
 -9999.0 -9999.0 -9999.0 -9999.0 -9999.0 -9999.0 -9999.0 -9999.0 -9999.0 -9999.0 -9999.0 -9999.0 -9999.0 -9999.0    15.8    13.1    11.1    14.5    16.8    11.9    13.9     7.0    13.5     6.6     4.2     2.7     2.0     1.5     1.6     3.1     5.8     8.6    10.7    10.8    11.4    10.0     7.2    10.4     4.8     2.2     1.7     1.1     0.5     0.3     0.3 -9999.0 -9999.0 -9999.0 -9999.0 -9999.0 -9999.0 -9999.0 -9999.0 -9999.0 -9999.0 -9999.0 -9999.0 -9999.0 -9999.0 -9999.0 -9999.0 -9999.0 -9999.0 -9999.0 -9999.0 -9999.0 -9999.0 -9999.0 -9999.0 -9999.0 -9999.0 -9999.0 -9999.0 -9999.0 -9999.0 -9999.0 -9999.0 -9999.0     0.1     0.1     0.1     0.2     0.3     0.4     0.7     1.2     1.8     2.5     3.2     4.0     4.2     4.3     3.8     3.4     3.3     4.3     3.9     4.7     5.1     5.0     4.9     5.1     5.7     6.1     6.3     6.7     6.7     7.2     9.2    12.4    18.8    20.6    18.9    17.1    31.3    16.9    16.9    18.2    19.7    23.7    32.7    47.7    61.5    73.0 -9999.0 -9999.0 -9999.0 -9999.0
 -9999.0 -9999.0 -9999.0 -9999.0 -9999.0 -9999.0 -9999.0 -9999.0 -9999.0 -9999.0 -9999.0 -9999.0 -9999.0 -9999.0    11.8    13.9    11.5    13.7    10.4    11.6     6.7     3.4     3.2     5.0     5.9     6.1     5.4     4.6     4.6     6.1     8.5    10.7    12.2    11.1    10.4     9.6     6.7     6.4     2.7     1.6     0.6     0.1     0.1     0.1     0.0     0.0     0.2     0.0 -9999.0 -9999.0 -9999.0 -9999.0 -9999.0 -9999.0 -9999.0 -9999.0 -9999.0 -9999.0 -9999.0 -9999.0 -9999.0 -9999.0 -9999.0 -9999.0 -9999.0 -9999.0 -9999.0 -9999.0 -9999.0 -9999.0 -9999.0 -9999.0 -9999.0 -9999.0 -9999.0 -9999.0 -9999.0 -9999.0     0.2     0.1     0.2     0.4     0.6     0.7     0.9     1.3     1.9     2.9     3.8     4.3     4.5     3.8     2.7     1.5     2.1     1.4     2.4     3.6     4.6     4.7     4.8     5.1     5.5     5.7     6.1     7.1     6.5     6.2     9.8    12.4    15.0    16.9    28.2    24.9    20.1    12.5    19.2    20.8    21.1    25.5    34.6    50.8    70.0    84.6 -9999.0 -9999.0 -9999.0 -9999.0
 -9999.0 -9999.0 -9999.0 -9999.0 -9999.0 -9999.0 -9999.0 -9999.0 -9999.0 -9999.0 -9999.0 -9999.0 -9999.0 -9999.0 -9999.0    14.3    14.6    13.7    11.2    11.1    12.7    16.2    11.5    15.4    13.2    11.4    10.4     9.9     9.6    10.5    11.9    12.1    11.3    10.3    10.3    10.9    10.2     8.0     5.1     3.9     3.1     0.9     0.3     0.1     0.0     0.0     0.0     0.0     0.0 -9999.0 -9999.0 -9999.0 -9999.0 -9999.0 -9999.0 -9999.0 -9999.0 -9999.0 -9999.0 -9999.0 -9999.0 -9999.0 -9999.0 -9999.0 -9999.0 -9999.0 -9999.0 -9999.0 -9999.0 -9999.0 -9999.0 -9999.0 -9999.0 -9999.0 -9999.0 -9999.0 -9999.0     0.3     0.3     0.2     0.3     0.6     0.8     1.0     1.2     1.6     2.8     3.6     4.6     5.1     4.0     2.8     2.1     0.7     0.2     0.6     1.6     3.0     4.0     4.6     4.9     5.2     5.6     6.0     6.8     6.9     7.0     7.3    11.3    14.4    15.7    28.7    35.7    15.0    11.1    17.2    19.1    19.6    25.4    28.2 -9999.0 -9999.0 -9999.0 -9999.0 -9999.0 -9999.0 -9999.0 -9999.0
 -9999.0 -9999.0 -9999.0 -9999.0 -9999.0 -9999.0 -9999.0 -9999.0 -9999.0 -9999.0 -9999.0 -9999.0 -9999.0 -9999.0 -9999.0    13.9    13.7    12.2    10.4     9.9    12.3    16.9    18.6    12.5     4.0     2.2     1.8     5.8     3.9    13.2    15.5    13.5    11.9    12.9    10.8    12.4    15.5    11.4     7.3     6.2     5.3     2.0     1.9     3.4     0.1     0.1     0.1     0.0     0.0 -9999.0 -9999.0 -9999.0 -9999.0 -9999.0 -9999.0 -9999.0 -9999.0 -9999.0 -9999.0 -9999.0 -9999.0 -9999.0 -9999.0 -9999.0 -9999.0 -9999.0 -9999.0 -9999.0 -9999.0 -9999.0 -9999.0 -9999.0 -9999.0 -9999.0 -9999.0 -9999.0 -9999.0     0.4     0.3     0.2     0.3     0.5     1.0     1.7     1.7     2.1     3.0     4.0     4.4     4.3     3.8     1.8     0.5     0.2     0.2     0.4     1.1     2.2     3.5     4.7     5.3     5.5     5.9     6.5     6.5     8.3     9.7     9.3    11.8    15.1    15.4    11.8    10.5     8.8    16.1    17.5    23.0    25.6    34.0    35.6 -9999.0 -9999.0 -9999.0 -9999.0 -9999.0 -9999.0 -9999.0 -9999.0
 -9999.0 -9999.0 -9999.0 -9999.0 -9999.0 -9999.0 -9999.0 -9999.0 -9999.0 -9999.0 -9999.0 -9999.0 -9999.0 -9999.0 -9999.0     7.0     6.8     6.5     6.1     4.6     7.8    12.6     7.2     7.9     4.1     1.3     0.1     0.2     0.4     2.5     6.1     8.7     4.5     2.8     5.9     9.2     9.0     3.5     2.1     0.2     0.5     0.8     1.1     2.5     1.1     0.1     0.1     0.1     0.0     0.0     0.0     0.0     0.0     0.0     0.0     0.0     0.0     0.1     0.1     0.4 -9999.0 -9999.0 -9999.0 -9999.0 -9999.0 -9999.0 -9999.0 -9999.0 -9999.0 -9999.0 -9999.0 -9999.0 -9999.0 -9999.0 -9999.0     1.1     0.8     0.7     0.7     0.4     0.5     0.7     0.9     1.4     1.8     2.5     3.5     4.3     4.4     3.6     2.6     1.0     0.3     0.1     0.1     0.2     0.5     1.2     2.9     4.9     6.1     5.8     5.6     6.4     7.9    11.2    11.3    12.3    17.4    18.5    14.5    26.5    12.1     8.9    11.7    14.0    36.1    41.0    41.7    45.6 -9999.0 -9999.0 -9999.0 -9999.0 -9999.0 -9999.0 -9999.0 -9999.0
 -9999.0 -9999.0 -9999.0 -9999.0 -9999.0 -9999.0 -9999.0 -9999.0 -9999.0 -9999.0 -9999.0 -9999.0 -9999.0 -9999.0 -9999.0     4.7     5.2     4.4     3.8     3.2     2.5     1.5     1.0     1.4     0.4     0.0     0.0     0.0     0.0     0.1     0.4     3.6     0.7     0.1     0.0     0.0     0.1     0.0     0.0     0.0     0.0     0.0     0.1     0.2     0.4     0.4     0.3     0.2     0.1     0.0     0.0     0.0     0.0     0.0     0.0     0.0     0.0     0.0     0.1     0.1     0.2     0.3 -9999.0 -9999.0 -9999.0 -9999.0 -9999.0 -9999.0     1.2     1.0     0.8     0.7     0.8     0.8     0.8     0.7     0.9     0.6     0.6     0.9     0.7     0.6     0.6     1.0     1.6     2.7     3.7     3.9     3.6     2.9     2.2     1.1     0.5     0.1     0.1     0.1     0.2     0.7     2.6     4.9     5.9     5.1     4.7     7.4    11.1    10.6    11.2    10.8    10.6    19.5    18.4    14.0     8.4    11.0     4.7    10.6    22.4    35.4    45.3    56.1 -9999.0 -9999.0 -9999.0 -9999.0 -9999.0 -9999.0 -9999.0 -9999.0
 -9999.0 -9999.0 -9999.0 -9999.0 -9999.0 -9999.0 -9999.0 -9999.0 -9999.0 -9999.0 -9999.0 -9999.0 -9999.0     8.1     3.2     5.0     4.9     2.6     2.1     1.4     0.9     1.7     1.4     0.0     0.0     0.0     0.0     0.2     3.9     7.5     5.1     1.0     0.1     0.0     0.0     0.0     0.0     0.0     0.1     0.0     0.0     0.0     0.1     0.2     0.7     1.2     1.0     0.5     0.2     0.1     0.0     0.0     0.0     0.0     0.0     0.0     0.0     0.0     0.1     0.1     0.1     0.2     0.3     0.4     0.7     1.3     1.0     0.9     0.5     0.4     0.6     0.9     0.7     0.6     0.6     0.5     0.6     0.8     1.1     1.5     1.1     0.6     0.8     0.9     1.8     2.5     3.8     3.4     2.8     2.0     2.3     2.2     0.3     0.1     0.1     0.1     0.2     0.5     1.7     4.2     3.8     4.0     6.2     8.7    12.0    14.3    15.1    14.2    15.1    29.6    17.7    23.3    26.9     7.7     9.3    12.2    21.7    35.3    49.5 -9999.0 -9999.0 -9999.0 -9999.0 -9999.0 -9999.0 -9999.0 -9999.0 -9999.0
 -9999.0 -9999.0 -9999.0 -9999.0 -9999.0 -9999.0 -9999.0 -9999.0 -9999.0     1.6     3.1     3.4     3.7     3.3     3.6     1.4     1.8     1.5     1.4     1.1     1.0     1.0     1.3     1.1     0.6     0.5     0.8     1.8     2.4     4.0     2.9     0.5     0.0     0.0     0.0     0.0     0.0     0.0     0.0     0.0     0.1     0.2     0.5     1.1     1.9     2.4     1.6     0.8     0.2     0.1     0.1     0.0     0.0     0.0     0.0     0.0     0.0     0.1     0.1     0.1     0.1     0.1     0.1     0.1     0.2     0.3     0.4     0.4     0.6     0.7     1.2     1.5     0.7     0.9     1.0     0.8     0.8     1.3     2.2     2.0     1.6     0.6     0.9     0.8     1.3     2.4     3.1     2.7     2.6     1.1     1.2     1.1     2.1     1.2     0.1     0.2     0.1     0.2     1.4     3.5     2.5     4.4     9.0    12.0    15.7    15.0    16.0    17.8    24.3    18.2    28.1    43.2    23.6    17.0    56.6     7.4 -9999.0    33.6 -9999.0 -9999.0 -9999.0 -9999.0 -9999.0 -9999.0 -9999.0 -9999.0 -9999.0 -9999.0
 -9999.0 -9999.0 -9999.0 -9999.0 -9999.0     0.9     0.8     0.4     0.4     1.8     4.2     2.5     1.9     0.3     0.2     1.0     2.1     2.0     1.5     1.1     0.8     0.6     0.5     0.3     0.2     0.2     0.3     0.8     1.9     2.7     1.4     0.0     0.0     0.0     0.0     0.0     0.0     0.0     0.0     0.0     0.0     0.2     0.4     1.2     2.1     2.5     1.8     0.9     0.4     0.1     0.1     0.1     0.1     0.1     0.0     0.0     0.1     0.1     0.1     0.1     0.1     0.1     0.1     0.1     0.1     0.1     0.3     0.3     1.1     2.7     0.2     0.1     0.1     0.1     0.3     0.4     0.6     1.9     2.1     2.9     2.7     1.6     0.3     0.4     1.1     1.6     4.7     1.9     1.3     0.2     0.8     1.3     1.0     0.8     0.5     0.3     0.2     0.4     0.8     1.7     2.8     5.8    10.6    12.9    15.7    22.1    23.3    19.0    17.6    36.7    42.6    35.8    20.3    36.1 -9999.0 -9999.0 -9999.0 -9999.0 -9999.0 -9999.0 -9999.0 -9999.0 -9999.0 -9999.0 -9999.0 -9999.0 -9999.0 -9999.0
 -9999.0 -9999.0 -9999.0     1.6     2.7     1.0     3.2     1.5     1.2     1.2     0.3     0.4     0.3     0.1     0.1     0.3     1.2     1.3     1.0     0.7     0.5     0.4     0.3     0.2     0.1     0.1     0.2     0.4     0.9     1.4     1.2     0.4     0.1     0.0     0.0     0.0     0.0     0.0     0.0     0.0     0.1     0.1     0.4     1.0     1.5     1.7     1.7     1.3     0.8     0.5     0.3     0.4     0.4     0.2     0.1     0.1     0.2     0.3     0.3     0.2     0.1     0.1     0.1     0.1     0.1     0.1     0.2     0.6     1.3     0.1     0.1     0.1     0.1     0.1     0.5     0.1     0.2     0.6     0.2     0.3     0.6     0.3     0.2     0.3     0.6     0.2     0.7     0.2     0.2     0.3     1.2     2.4     2.6     2.8     2.4     1.3     0.6     0.5     1.0     2.2     4.1     6.5    11.2    10.5     7.6     8.7     9.9    17.4    24.7    40.3    31.0    54.1    27.5 -9999.0 -9999.0 -9999.0 -9999.0 -9999.0 -9999.0 -9999.0 -9999.0 -9999.0 -9999.0 -9999.0 -9999.0 -9999.0 -9999.0 -9999.0
 -9999.0 -9999.0     1.7     1.4     0.7     1.3     0.7     0.5     0.3     0.0     0.0     0.0     0.0     0.0     0.1     0.3     0.6     0.7     0.6     0.5     0.4     0.4     0.3     0.2     0.1     0.1     0.2     0.4     0.4     0.9     1.1     0.8     0.4     0.1     0.0     0.0     0.0     0.0     0.0     0.0     0.1     0.1     0.3     0.5     0.8     1.0     1.2     0.9     0.9     0.6     0.9     1.7     1.8     1.4     0.8     0.6     0.8     1.1     0.9     0.5     0.2     0.1     0.0     0.1     0.1     0.1     0.6     0.2     0.1     0.1     0.1     0.1     0.1     0.1     0.1     0.1     0.1     0.1     0.1     0.3     0.4     1.5     0.1     0.1     2.1     0.2     0.2     0.1     0.1     0.6     2.4     4.6     5.5     6.4     5.5     2.9     0.9     0.6     1.1     2.2     3.5     5.5     3.0     2.9     3.1     5.6     7.8    15.4    13.1 -9999.0 -9999.0 -9999.0 -9999.0 -9999.0 -9999.0 -9999.0 -9999.0 -9999.0 -9999.0 -9999.0 -9999.0 -9999.0 -9999.0 -9999.0 -9999.0 -9999.0 -9999.0 -9999.0
 -9999.0 -9999.0     1.4     0.9     0.5     0.2     0.1     0.1     0.2     0.1     0.1     0.1     0.1     0.1     0.1     0.2     0.3     0.4     0.3     0.3     0.4     0.4     0.4     0.2     0.1     0.1     0.1     0.1     0.5     0.8     1.6     1.7     1.5     1.0     0.5     0.3     0.1     0.1     0.1     0.1     0.1     0.2     0.2     0.3     0.3     0.2     0.1     0.1     0.1     0.1     0.1     0.5     2.4     3.1     2.5     2.2     2.7     2.8     2.1     1.0     0.3     0.1     0.0     0.0     0.0     0.1     0.1     0.1     0.1     0.1     0.3     0.1     0.1     0.1     0.1     0.1     0.2     0.2     0.4     0.5     0.6     0.7     0.1     0.3     0.1     2.9     0.2     0.1     0.1     0.8     3.2     6.6     8.8     9.3     7.2     3.8     1.6     0.8     1.0     1.8     1.9     1.0     0.8     0.9     1.4     2.4     3.9 -9999.0 -9999.0 -9999.0 -9999.0 -9999.0 -9999.0 -9999.0 -9999.0 -9999.0 -9999.0 -9999.0 -9999.0 -9999.0 -9999.0 -9999.0 -9999.0 -9999.0 -9999.0 -9999.0 -9999.0 -9999.0
 -9999.0     2.0     1.5     1.3     2.4     0.4     0.6     1.1     0.7     0.3     0.1     0.1     0.1     0.1     0.2     0.2     0.2     0.2     0.2     0.3     0.3     0.4     0.4     0.3     0.2     0.1     0.1     0.1     0.4     0.9     2.0     3.5     3.8     2.8     1.9     0.6     0.1     0.1     0.1     0.1     0.1     0.1     0.1     0.1     0.1     0.1     0.1     0.0     0.0     0.0     0.0     0.1     0.1     0.3     2.5     3.9     5.2     4.8     3.4     1.6     0.5     0.1     0.0     0.0     0.0     0.0     0.1     0.1     0.4     0.1     0.1     0.1     0.1     0.1     0.1     0.1     0.1     0.4     0.4     0.5     0.3     0.2     0.5     0.9     0.3     0.1     0.1     0.1     0.2     0.8     2.1     4.3     6.8     7.5     6.0     3.9 -9999.0     1.2     1.2     1.6     1.3     0.7     0.6     0.9     1.5 -9999.0 -9999.0 -9999.0 -9999.0 -9999.0 -9999.0 -9999.0 -9999.0 -9999.0 -9999.0 -9999.0 -9999.0 -9999.0 -9999.0 -9999.0 -9999.0 -9999.0 -9999.0 -9999.0 -9999.0 -9999.0 -9999.0 -9999.0
 -9999.0 -9999.0     0.8     1.1     0.7     0.3     0.1     0.1     1.0     0.6     0.3     0.2     0.2     0.2     0.2     0.1     0.1     0.1     0.2     0.2     0.3     0.3     0.3     0.3     0.1     0.1     0.1     0.1     0.5     1.6     3.1     4.4     0.0     0.0     0.0     0.0     0.0     0.0     0.0     0.0     0.1     0.1     0.1     0.0     0.1     0.1     0.0     0.0     0.0     0.0     0.1     0.0     0.1     0.9     1.2     1.5     4.8     5.9     3.7     1.5     0.8     0.3     0.1     0.0     0.0     0.1     0.1     0.6     0.1     0.1     0.2     0.1     0.1     0.1     0.1     0.1     0.3     0.5     1.2     1.3     1.0     0.1     0.3     1.7     0.1     0.1     0.1     0.1     0.3     0.4     0.6     1.0     1.6     2.4     3.3 -9999.0 -9999.0     3.0     3.5     4.7     4.5     3.3     2.7     2.6 -9999.0 -9999.0 -9999.0 -9999.0 -9999.0 -9999.0 -9999.0 -9999.0 -9999.0 -9999.0 -9999.0 -9999.0 -9999.0 -9999.0 -9999.0 -9999.0 -9999.0 -9999.0 -9999.0 -9999.0 -9999.0 -9999.0 -9999.0 -9999.0
 -9999.0 -9999.0     0.5     0.8     0.2     0.2     0.1     0.1     0.0     0.3     0.4     0.3     0.4     0.3     0.2     0.1     0.1     0.1     0.1     0.1     0.2     0.2     0.2     0.2     0.1     0.1     0.1     0.1     0.4     0.5     0.1     0.0     0.0     0.0     0.0     0.0     0.1     0.1     0.1     0.1     0.1     0.1     0.1     0.1     0.1     0.0     0.0     0.0     0.0     0.0     0.0     0.0     0.1     1.0     0.9     1.5     0.8     1.2     1.8     1.2     1.2     1.2     0.6     0.2     0.1     0.1     0.2     0.6     0.1     0.2     0.5     0.3     0.1     0.1     0.1     0.1     0.4     0.8     2.1     0.4     0.4     0.1     0.6     0.1     0.1     0.1     0.1     0.1     0.2     0.1     0.1     0.2     0.2     0.6     1.9     3.5     5.1     7.4 -9999.0 -9999.0 -9999.0 -9999.0 -9999.0 -9999.0 -9999.0 -9999.0 -9999.0 -9999.0 -9999.0 -9999.0 -9999.0 -9999.0 -9999.0 -9999.0 -9999.0 -9999.0 -9999.0 -9999.0 -9999.0 -9999.0 -9999.0 -9999.0 -9999.0 -9999.0 -9999.0 -9999.0 -9999.0 -9999.0
 -9999.0 -9999.0 -9999.0 -9999.0     0.1     0.1     0.1     0.1     0.0     0.1     0.3     0.3     0.5     0.4     0.2     0.1     0.1     0.1     0.1     0.1     0.1     0.1     0.1     0.1     0.1     0.1     0.0     0.0     0.0     0.0     0.0     0.0     0.0     0.0     0.0     0.0     0.0     0.0     0.1     0.1     0.1     0.1     0.1     0.1     0.1     0.1     0.1     0.0     0.0     0.0     0.0     0.1     0.1     0.2     0.5     0.7     1.0     1.1     0.8     1.0     1.3     2.7     1.7     0.5     0.3     0.3     0.4     0.3     0.1     0.2     0.4     0.3     0.2     0.2     0.3     0.4     0.7     0.5     1.4     1.4     0.6     0.1     0.2     0.1     0.1     0.1     0.1     0.1     0.1     0.1     0.1     0.2     0.3     0.7     2.0     4.1     6.5    10.8    19.4    28.8    29.6    25.0    19.5 -9999.0 -9999.0 -9999.0 -9999.0 -9999.0 -9999.0 -9999.0 -9999.0 -9999.0 -9999.0 -9999.0 -9999.0 -9999.0 -9999.0 -9999.0 -9999.0 -9999.0 -9999.0 -9999.0 -9999.0 -9999.0 -9999.0 -9999.0 -9999.0 -9999.0
 -9999.0 -9999.0 -9999.0     0.2     0.1     0.1     0.2     0.0     0.0     0.1     0.0     0.0     0.1     0.3     0.2     0.1     0.1     0.1     0.1     0.1     0.1     0.1     0.1     0.0     0.0     0.0     0.0     0.0     0.0     0.0     0.0     0.0     0.0     0.0     0.0     0.0     0.1     0.0     0.0     0.0     0.1     0.1     0.1     0.1     0.1     0.1     0.1     0.1     0.0     0.1     0.1     0.0     0.1     0.3     0.1     0.1     0.1     0.5     0.7     2.3     2.6     2.2     2.2     0.7     0.1     0.7     1.4     0.1     0.7     0.3     0.3     0.5     0.6     0.7     0.9     1.1     1.2     1.1     4.0     0.1     0.1     0.2     0.2     0.5     0.1     0.1     0.1     0.1     0.1     0.1     0.2     0.5     0.9     1.6     2.8     4.3     5.6     7.3    13.4    24.2    31.1    29.9    25.9 -9999.0 -9999.0 -9999.0 -9999.0 -9999.0 -9999.0 -9999.0 -9999.0 -9999.0 -9999.0 -9999.0 -9999.0 -9999.0 -9999.0 -9999.0 -9999.0 -9999.0 -9999.0 -9999.0 -9999.0 -9999.0 -9999.0 -9999.0 -9999.0 -9999.0
 -9999.0 -9999.0 -9999.0 -9999.0     0.1     0.1     0.1     0.0     0.1     0.1     0.0     0.0     0.0     0.0     0.0     0.0     0.0     0.0     0.1     0.1     0.0     0.0     0.0     0.0     0.0     0.0     0.0     0.0     0.0     0.0     0.0     0.0     0.0     0.0     0.0     0.1     0.0     0.0     0.0     0.1     0.0     0.1     0.0     0.1     0.1     0.1     0.1     0.1     0.1     0.1     0.1     0.1     0.1     0.1     0.1     0.1     0.1     0.3     0.7     0.2     1.5     0.6     0.4     0.4     0.2     0.1     1.3     0.5     0.2     0.6     0.2     0.4     0.6     0.8     0.9     1.2     1.0     2.7     2.6     0.2     0.4     0.1     0.4     0.1     0.1     0.1     0.1     0.1     0.1     0.3     0.5     1.4     1.7     2.3     3.1     3.6     3.1     2.1     3.0    10.1    19.0    24.2    24.9 -9999.0 -9999.0 -9999.0 -9999.0 -9999.0 -9999.0 -9999.0 -9999.0 -9999.0 -9999.0 -9999.0 -9999.0 -9999.0 -9999.0 -9999.0 -9999.0 -9999.0 -9999.0 -9999.0 -9999.0 -9999.0 -9999.0 -9999.0 -9999.0 -9999.0
 -9999.0 -9999.0 -9999.0 -9999.0 -9999.0     0.8     0.2     0.0     0.0     0.0     0.1     0.0     0.0     0.0     0.0     0.0     0.0     0.0     0.0     0.0     0.0     0.0     0.0     0.0     0.0     0.0     0.0     0.0     0.0     0.0     0.0     0.0     0.0     0.0     0.1     0.1     0.1     0.1     0.0     0.0     0.0     0.0     0.0     0.0     0.0     0.0     0.0     0.0     0.0     0.1     0.1     0.1     0.1     1.3     0.9     0.1     0.1     0.1     0.9     0.3     2.1     0.3     0.2     0.2     0.5     0.3     0.9     1.3     0.4     0.3     0.1     0.4     1.2     1.7     1.5     1.8     1.0     1.7     2.0     0.1     0.2     0.2     0.2     0.1     0.1     0.1     0.1     0.2     0.5     1.1     1.5     1.9     2.3     2.4     2.3     2.3     1.6     0.7     0.7     3.2     9.3    15.7 -9999.0 -9999.0 -9999.0 -9999.0 -9999.0 -9999.0 -9999.0 -9999.0 -9999.0 -9999.0 -9999.0 -9999.0 -9999.0 -9999.0 -9999.0 -9999.0 -9999.0 -9999.0 -9999.0 -9999.0 -9999.0 -9999.0 -9999.0 -9999.0 -9999.0 -9999.0
 -9999.0 -9999.0 -9999.0 -9999.0 -9999.0 -9999.0 -9999.0     0.1     0.0     0.0     0.0     0.0     0.0     0.0     0.0     0.0     0.0     0.0     0.0     0.0     0.0     0.0     0.0     0.0     0.0     0.0     0.0     0.0     0.0     0.0     0.0     0.0     0.1     0.1     0.3     0.4     0.5     0.3     0.2     0.1     0.0     0.0     0.0     0.0     0.0     0.0     0.0     0.0     0.0     0.1     1.0     1.1     0.3     0.7     2.5     0.3     0.2     0.3     1.1     2.1     1.3     1.0     0.6     0.9     0.6     0.5     0.8     1.3     1.2     0.2     0.4     1.1     2.3     2.7     1.6     2.4     2.3     1.0     0.1     0.1     0.7     0.4     1.0     0.1     0.1     0.1     0.2     0.4     1.0     1.8     2.3     2.2     1.9     1.7     1.6     1.2     0.8     0.4     0.4     1.4 -9999.0 -9999.0 -9999.0 -9999.0 -9999.0 -9999.0 -9999.0 -9999.0 -9999.0 -9999.0 -9999.0 -9999.0 -9999.0 -9999.0 -9999.0 -9999.0 -9999.0 -9999.0 -9999.0 -9999.0 -9999.0 -9999.0 -9999.0 -9999.0 -9999.0 -9999.0 -9999.0 -9999.0
 -9999.0 -9999.0 -9999.0 -9999.0 -9999.0 -9999.0 -9999.0     0.0     0.3     0.0     0.0     0.0     0.0     0.0     0.0     0.0     0.0     0.0     0.0     0.0     0.0     0.0     0.0     0.0     0.0     0.0     0.0     0.0     0.0     0.0     0.1     0.2     0.5     0.7     1.4     1.6     1.6     1.2     1.1     0.7     0.5     0.1     0.1     0.0     0.0     0.0     0.0     0.0     0.2     0.6     1.8     1.9     1.7     1.6     4.2     0.9     0.3     0.4     1.9     2.2     2.3     3.4     3.3     1.6     1.4     1.0     1.5     2.5     2.3     1.0     1.3     1.8     2.7     3.0     2.8     1.4     1.1     0.8     0.3     0.1     0.4     0.6     0.1     0.1     0.2     0.3     0.4     0.8     1.5     2.2     2.7     2.3     1.6     1.3     1.1     0.9     0.7 -9999.0 -9999.0 -9999.0 -9999.0 -9999.0 -9999.0 -9999.0 -9999.0 -9999.0 -9999.0 -9999.0 -9999.0 -9999.0 -9999.0 -9999.0 -9999.0 -9999.0 -9999.0 -9999.0 -9999.0 -9999.0 -9999.0 -9999.0 -9999.0 -9999.0 -9999.0 -9999.0 -9999.0 -9999.0 -9999.0 -9999.0
 -9999.0 -9999.0 -9999.0 -9999.0 -9999.0 -9999.0 -9999.0 -9999.0 -9999.0 -9999.0     0.0     0.0     0.0     0.0     0.0     0.0     0.0     0.0     0.0     0.0     0.0     0.0     0.0     0.0     0.0     0.0     0.0     0.0     0.0     0.0     0.2     0.4     1.5     2.1     2.9     2.1     3.0     2.8     1.7     2.2     1.5     1.2     0.8     0.4     0.2     0.1     0.3     0.3     1.2     2.5     2.9     3.8     4.3     6.0     8.4     5.0     1.7     2.6     2.8     3.2     5.1     3.5     2.5     2.5     3.3     1.6     3.2     4.5     3.6     2.5     2.1     2.5     2.1     1.6     1.5     1.2     1.0     1.4     0.6     0.3     0.1     0.1     0.1     0.2     0.4     0.6     0.7     1.1     1.7     2.3     2.5     2.2     1.6     1.1     1.0     1.2     1.0     0.8 -9999.0 -9999.0 -9999.0 -9999.0 -9999.0 -9999.0 -9999.0 -9999.0 -9999.0 -9999.0 -9999.0 -9999.0 -9999.0 -9999.0 -9999.0 -9999.0 -9999.0 -9999.0 -9999.0 -9999.0 -9999.0 -9999.0 -9999.0 -9999.0 -9999.0 -9999.0 -9999.0 -9999.0 -9999.0 -9999.0
 -9999.0 -9999.0 -9999.0 -9999.0 -9999.0 -9999.0 -9999.0 -9999.0 -9999.0 -9999.0 -9999.0     0.1     0.1     0.1     0.0     0.0     0.0     0.0     0.0     0.0     0.0     0.0     0.0     0.0     0.0     0.0     0.0     0.0     0.0     0.0     0.6     1.6     2.7     2.9     3.5     4.3     3.2     4.2     4.8     5.1     4.9     4.1     3.1     2.0     1.4     1.1     1.3     1.3     2.8     5.3     9.5    10.5     9.0     8.1     9.5     9.5     7.7     9.4     3.4     8.8     7.2    10.2     9.7     5.9     3.7     5.5     3.8     5.1     4.6     3.8     1.4     0.8     0.6     0.6     0.7     3.5     1.9     1.7     0.7     2.5     0.3     0.1     0.2     0.5     0.7     0.8     0.8     1.0     1.3     1.7     2.0     1.8     1.2     0.6     0.8     1.3     1.3     1.3 -9999.0 -9999.0 -9999.0 -9999.0 -9999.0 -9999.0 -9999.0 -9999.0 -9999.0 -9999.0 -9999.0 -9999.0 -9999.0 -9999.0 -9999.0 -9999.0 -9999.0 -9999.0 -9999.0 -9999.0 -9999.0 -9999.0 -9999.0 -9999.0 -9999.0 -9999.0 -9999.0 -9999.0 -9999.0 -9999.0
 -9999.0 -9999.0 -9999.0 -9999.0 -9999.0 -9999.0 -9999.0 -9999.0 -9999.0 -9999.0 -9999.0 -9999.0     0.0     0.1     0.1     0.0     0.0     0.0     0.0     0.0     0.0     0.0     0.0     0.0     0.0     0.0     0.0     0.0     0.1     0.8     1.2     1.8     3.7     5.2     5.5     6.3     5.0     4.9     5.7     6.5     7.6     7.4     5.5     5.3     4.1     3.8     3.6     4.1     4.8     8.6    10.6    12.8    10.7    12.8     9.9    11.2     7.4     8.1     6.0     6.5     6.7     8.2    11.7    12.6     3.7     5.1     2.3     3.2     2.5     2.5     4.1     6.5     6.2     1.2     0.9     0.7     0.7     2.0     1.2     0.9     3.7     0.2     0.5     0.9     0.8     0.6     0.5     0.7     0.9     1.2     1.6     1.5     0.9     0.4     0.5     0.9     1.4     1.9     2.6 -9999.0 -9999.0 -9999.0 -9999.0 -9999.0 -9999.0 -9999.0 -9999.0 -9999.0 -9999.0 -9999.0 -9999.0 -9999.0 -9999.0 -9999.0 -9999.0 -9999.0 -9999.0 -9999.0 -9999.0 -9999.0 -9999.0 -9999.0 -9999.0 -9999.0 -9999.0 -9999.0 -9999.0 -9999.0
 -9999.0 -9999.0 -9999.0 -9999.0 -9999.0 -9999.0 -9999.0 -9999.0 -9999.0 -9999.0 -9999.0 -9999.0     0.1     0.1     0.0     0.1     0.0     0.0     0.0     0.0     0.0     0.0     0.0     0.0     0.0     0.0     0.0     0.0     0.1     0.6     2.4     4.4     4.4     5.8     8.6     8.2     7.5     6.5     5.0     6.6     7.9     8.1     8.4     7.4     7.4     7.2     7.4     8.8    10.9    12.6    13.3    10.9    10.1    17.5    14.0    10.4     6.3     7.0    11.8     9.9     9.3     8.0    10.4     4.4     1.3     2.8     4.8     4.7     4.0     2.3     0.9     0.7     1.1     1.2     2.2     1.0     0.7     0.3     0.1     0.1     0.9     0.7     0.9     1.0     0.8     0.4     0.4     0.6     1.1     1.4     1.6     1.4     0.9     0.6     0.6     1.0     1.8     3.0     4.1 -9999.0 -9999.0 -9999.0 -9999.0 -9999.0 -9999.0 -9999.0 -9999.0 -9999.0 -9999.0 -9999.0 -9999.0 -9999.0 -9999.0 -9999.0 -9999.0 -9999.0 -9999.0 -9999.0 -9999.0 -9999.0 -9999.0 -9999.0 -9999.0 -9999.0 -9999.0 -9999.0 -9999.0 -9999.0
 -9999.0 -9999.0 -9999.0 -9999.0 -9999.0 -9999.0 -9999.0 -9999.0 -9999.0 -9999.0 -9999.0     0.1     0.1     0.0     0.0     0.0     0.0     0.0     0.0     0.0     0.0     0.0     0.0     0.0     0.0     0.0     0.0     0.1     0.3     0.9     2.5     5.9     5.1     8.4     8.8     9.6     7.3     8.0     7.7     7.9     7.4     7.7     7.9     9.7     9.0     8.8     9.5    10.6    11.9    12.5    13.8    15.0     9.7    11.1     8.0     5.9     5.8     2.0     4.6     4.0     5.4     8.6     7.6    10.3     4.8     3.8     2.8     3.7     5.5     7.3     5.7     2.5     1.2     1.0     1.1     0.7     0.2     0.1     0.1     0.3     0.7     1.0     0.9     0.8     0.7     0.6     0.7     1.1     1.8     1.9     1.6     1.3     1.0     1.0     1.3     2.1     3.6     5.1     6.3     7.0 -9999.0 -9999.0 -9999.0 -9999.0 -9999.0 -9999.0 -9999.0 -9999.0 -9999.0 -9999.0 -9999.0 -9999.0 -9999.0 -9999.0 -9999.0 -9999.0 -9999.0 -9999.0 -9999.0 -9999.0 -9999.0 -9999.0 -9999.0 -9999.0 -9999.0 -9999.0 -9999.0 -9999.0
 -9999.0 -9999.0 -9999.0 -9999.0 -9999.0 -9999.0 -9999.0 -9999.0 -9999.0 -9999.0 -9999.0     0.1     0.0     0.3     0.1     0.0     0.0     0.0     0.0     0.0     0.0     0.0     0.0     0.0     0.0     0.1     0.1     0.4     0.7     2.1     4.0     5.6     5.8    10.6    11.5    10.4    10.1     8.1     7.6     8.9     9.1    10.0    10.0     9.2     8.3     7.6     8.0     9.0    10.2     9.2     7.2     8.5     4.8     3.6     3.9     3.2     2.4     2.7     2.6     5.4     8.0    11.5     5.3     3.5     3.2     3.1     4.3     3.3     3.3     4.1     4.3     3.2     2.6     4.6     5.5     1.9     0.3     0.4     0.4     0.4     0.7     1.0     0.8     0.6     0.7     0.9     1.1     1.8     2.5     2.2     1.7     1.5     1.5     2.0     3.1     4.7     6.6     7.8     8.0     8.1     8.6 -9999.0 -9999.0 -9999.0 -9999.0 -9999.0 -9999.0 -9999.0 -9999.0 -9999.0 -9999.0 -9999.0 -9999.0 -9999.0 -9999.0 -9999.0 -9999.0 -9999.0 -9999.0 -9999.0 -9999.0 -9999.0 -9999.0 -9999.0 -9999.0 -9999.0 -9999.0 -9999.0
 -9999.0 -9999.0 -9999.0 -9999.0 -9999.0 -9999.0 -9999.0 -9999.0 -9999.0 -9999.0 -9999.0 -9999.0     1.1     0.0     0.2     0.0     0.0     0.0     0.0     0.0     0.0     0.0     0.0     0.0     0.0     0.0     0.0     0.0     0.7     1.5     2.9     2.6     7.4    10.6    11.2    10.2     9.2     7.8     7.5     6.8     7.6     8.7     6.6     8.1     5.5     4.9     5.1     4.8     5.1     4.9     4.0     1.7     7.6     7.7     3.9     3.2     2.3     2.4     3.3     3.1     4.5     6.4    16.0     3.8     2.0     2.5     2.2     2.5     3.3     4.6     5.8     7.5     6.7     9.0    21.4     7.2    11.3     0.7     1.0     0.6     0.4     0.6     0.5     0.6     0.8     1.0     1.6     4.9     2.5     2.2     2.3     3.1     3.9     4.9     6.2     7.8     9.0     8.8     7.8     7.8     8.8 -9999.0 -9999.0 -9999.0 -9999.0 -9999.0 -9999.0 -9999.0 -9999.0 -9999.0 -9999.0 -9999.0 -9999.0 -9999.0 -9999.0 -9999.0 -9999.0 -9999.0 -9999.0 -9999.0 -9999.0 -9999.0 -9999.0 -9999.0 -9999.0 -9999.0 -9999.0 -9999.0
 -9999.0 -9999.0 -9999.0 -9999.0 -9999.0 -9999.0 -9999.0 -9999.0 -9999.0 -9999.0 -9999.0 -9999.0     0.2     0.0     0.0     0.0     0.0     0.0     0.0     0.0     0.0     0.0     0.0     0.0     0.0     0.0     0.1     0.3     0.1     1.4     0.5     2.0     3.4     6.7     7.2     5.7     5.9     6.1     5.4     5.3     5.0     4.2     3.9     3.2     2.5     1.7     1.8     1.0     2.3     2.1     0.7     2.2     1.1     0.3     2.4     2.6     1.9     1.6     2.8     7.9     8.1    25.1    12.7     1.6     2.6     1.7     1.5     1.8     3.0     6.3     8.4     7.6     9.6     2.6     5.9     2.8     2.2     2.1     2.7     1.1     0.6     0.6     0.6     0.7     0.9     1.2     2.2    10.9     8.5     4.4     4.1     6.1     7.9     8.6     8.8     8.8     9.1     7.6     6.5     7.4     9.7    13.7    19.7 -9999.0 -9999.0 -9999.0 -9999.0 -9999.0 -9999.0 -9999.0 -9999.0 -9999.0 -9999.0 -9999.0 -9999.0 -9999.0 -9999.0 -9999.0 -9999.0 -9999.0 -9999.0 -9999.0 -9999.0 -9999.0 -9999.0 -9999.0 -9999.0 -9999.0
 -9999.0 -9999.0 -9999.0 -9999.0 -9999.0 -9999.0 -9999.0 -9999.0 -9999.0 -9999.0 -9999.0 -9999.0 -9999.0     3.1     0.0     0.0     0.0     0.0     0.0     0.0     0.0     0.0     0.0     0.0     0.7     0.2     0.1     0.6     0.2     0.0     0.0     0.1     1.2     2.2     2.3     3.0     3.6     3.4     3.0     3.0     2.2     1.8     1.5     1.1     1.8     0.5     0.4     0.1     0.3     0.4     0.8     0.0     0.4     1.4     2.5     1.7     0.9     1.2     3.5     1.7     9.3     3.4     2.8     6.6     3.1     1.5     1.3     1.8     3.7     7.2    11.0    12.1     9.0     7.5     7.3     9.8    13.1     4.2     2.3     1.8     1.1     0.8     0.8     1.0     1.3     1.7     3.3     6.3     9.3     7.1     7.3     8.8    10.2     9.9     9.0     8.6     8.2     7.1     7.0     9.6    14.1    20.3    28.0 -9999.0 -9999.0 -9999.0 -9999.0 -9999.0 -9999.0 -9999.0 -9999.0 -9999.0 -9999.0 -9999.0 -9999.0 -9999.0 -9999.0 -9999.0 -9999.0 -9999.0 -9999.0 -9999.0 -9999.0 -9999.0 -9999.0 -9999.0 -9999.0 -9999.0
 -9999.0 -9999.0 -9999.0 -9999.0 -9999.0 -9999.0 -9999.0 -9999.0 -9999.0 -9999.0 -9999.0 -9999.0 -9999.0 -9999.0    78.8     0.1     0.1     0.0     0.0     0.1     0.0     0.1     0.3     0.3     0.1     0.2     0.0     0.0     0.0     0.0     0.0     0.0     0.0     0.1     0.4     0.7     1.2     1.1     1.1     0.9     1.2     1.0     0.5     0.3     0.1     0.1     0.1     0.1     0.1     0.1     0.1     1.5     0.1     0.2     0.0     0.7     1.2     0.1     5.6    10.7     1.4     2.2    14.9     9.7     4.7     2.3     2.1     2.9     5.4    12.1    17.1    17.5    18.4    13.2     9.7    16.7    15.5    15.6     5.1     2.4     1.5     1.1     1.3     2.0     2.8     3.6     5.2     8.7    10.3     9.7     9.5    11.1    10.6     9.7     8.3     8.5     7.9     7.8     9.5    15.4    24.4    32.8    40.5 -9999.0 -9999.0 -9999.0 -9999.0 -9999.0 -9999.0 -9999.0 -9999.0 -9999.0 -9999.0 -9999.0 -9999.0 -9999.0 -9999.0 -9999.0 -9999.0 -9999.0 -9999.0 -9999.0 -9999.0 -9999.0 -9999.0 -9999.0 -9999.0 -9999.0
 -9999.0 -9999.0 -9999.0 -9999.0 -9999.0 -9999.0 -9999.0 -9999.0 -9999.0 -9999.0 -9999.0 -9999.0 -9999.0 -9999.0 -9999.0 -9999.0 -9999.0    83.6    17.1    19.6    10.8     0.8     6.8     7.8     1.4     1.7     0.0     0.0     0.0     0.0     0.0     0.0     0.0     0.0     0.1     0.1     0.4     0.1     0.3     0.3     0.3     0.6     0.2     0.1     0.7     0.1     3.1     0.4     0.1     0.2     0.1     0.1     0.1     0.5     1.1     1.7     0.7     4.8     6.7    11.4     0.0     4.1    14.3    12.9     7.9     5.6     6.0     8.3    12.6    19.9    19.3    26.0    20.5    11.8    12.9    18.2    16.5    12.0     7.5     3.0     1.7     1.6     2.6     4.4     6.3     7.1     7.8     9.0    10.0     9.7    10.7    11.2     9.9     9.8     9.2     7.8     9.4     8.8    10.8    18.8    32.4    44.9    53.3 -9999.0 -9999.0 -9999.0 -9999.0 -9999.0 -9999.0 -9999.0 -9999.0 -9999.0 -9999.0 -9999.0 -9999.0 -9999.0 -9999.0 -9999.0 -9999.0 -9999.0 -9999.0 -9999.0 -9999.0 -9999.0 -9999.0 -9999.0 -9999.0 -9999.0
 -9999.0 -9999.0 -9999.0 -9999.0 -9999.0 -9999.0 -9999.0 -9999.0 -9999.0 -9999.0 -9999.0 -9999.0 -9999.0 -9999.0 -9999.0 -9999.0 -9999.0 -9999.0 -9999.0 -9999.0    89.6    16.0     9.8     2.0     7.3    22.9    13.8     5.3     0.3     0.1     0.0     0.0     0.0     0.0     0.0     0.0     0.1     0.1     0.1     0.1     0.0     0.5     0.4     0.1     0.4     0.1     6.0     0.1     1.4    15.4     0.9     4.3     4.0     1.3     1.9     4.1     5.2     3.5    16.2    10.3     0.0     0.7     9.9    12.9    12.7    12.8    15.5    20.2    23.9    28.2    28.5    21.7    13.8     8.8    10.4    13.6    13.0     9.0     7.9     5.6     3.6     3.9     5.9     9.2    12.6    11.0    10.0     9.6     9.0     8.7    10.8    11.3    12.9    11.3    11.8    11.8    11.4    13.0    16.2    30.0    39.9    51.6 -9999.0 -9999.0 -9999.0 -9999.0 -9999.0 -9999.0 -9999.0 -9999.0 -9999.0 -9999.0 -9999.0 -9999.0 -9999.0 -9999.0 -9999.0 -9999.0 -9999.0 -9999.0 -9999.0 -9999.0 -9999.0 -9999.0 -9999.0 -9999.0 -9999.0 -9999.0
 -9999.0 -9999.0 -9999.0 -9999.0 -9999.0 -9999.0 -9999.0 -9999.0 -9999.0 -9999.0 -9999.0 -9999.0 -9999.0 -9999.0 -9999.0 -9999.0 -9999.0 -9999.0 -9999.0 -9999.0 -9999.0 -9999.0    14.3   127.5    42.2    43.1    32.6    13.4     0.2     0.2     0.0     0.0     0.0     0.0     0.0     0.0     0.3     0.4     1.1     1.6     1.0     1.4     0.1     0.0     0.5    11.8     0.7     0.4     0.5     0.5     1.0     5.5     4.4     6.2     4.2     0.5     4.9    10.4     0.3    11.5     0.2     1.9     4.9    10.1    15.7    21.0    27.0    32.9    32.5    30.2    22.7    13.2     7.1     7.2     9.1    10.7    13.2    12.1    11.4    12.1    11.0    10.6    12.5    15.4    16.6    18.9    13.0    12.3    10.7    11.2    14.8    17.6    18.3    14.5    13.6    13.5    15.3    18.7    34.9    40.2    46.4 -9999.0 -9999.0 -9999.0 -9999.0 -9999.0 -9999.0 -9999.0 -9999.0 -9999.0 -9999.0 -9999.0 -9999.0 -9999.0 -9999.0 -9999.0 -9999.0 -9999.0 -9999.0 -9999.0 -9999.0 -9999.0 -9999.0 -9999.0 -9999.0 -9999.0 -9999.0 -9999.0
 -9999.0 -9999.0 -9999.0 -9999.0 -9999.0 -9999.0 -9999.0 -9999.0 -9999.0 -9999.0 -9999.0 -9999.0 -9999.0 -9999.0 -9999.0 -9999.0 -9999.0 -9999.0 -9999.0 -9999.0 -9999.0 -9999.0 -9999.0 -9999.0   391.1   298.6   123.2     2.2     0.8     0.0     0.0     0.0     0.0     0.0     0.2     0.4     2.1     2.4     4.4     3.4     4.7     1.2     1.7     0.8     7.6    13.9     3.8    13.1     1.6     1.0     7.4     7.9    12.1    12.5     5.7     2.1     4.6     2.4    10.7    10.7     9.8     9.8    32.3     9.2    15.9    24.6    32.1    31.6    28.7    24.7    15.9     8.1     4.1     6.0     8.9     8.8     9.7    15.1    23.7    20.3    19.3    18.7    19.5    20.0    19.9    18.3    16.8    15.2    14.7    15.9    18.8    22.8    21.6    14.7    15.7    15.4    21.0    28.9    42.6    48.1    54.2 -9999.0 -9999.0 -9999.0 -9999.0 -9999.0 -9999.0 -9999.0 -9999.0 -9999.0 -9999.0 -9999.0 -9999.0 -9999.0 -9999.0 -9999.0 -9999.0 -9999.0 -9999.0 -9999.0 -9999.0 -9999.0 -9999.0 -9999.0 -9999.0 -9999.0 -9999.0 -9999.0
 -9999.0 -9999.0 -9999.0 -9999.0 -9999.0 -9999.0 -9999.0 -9999.0 -9999.0 -9999.0 -9999.0 -9999.0 -9999.0 -9999.0 -9999.0 -9999.0 -9999.0 -9999.0 -9999.0 -9999.0 -9999.0 -9999.0 -9999.0 -9999.0 -9999.0   488.0   373.5   369.6   310.3    71.6    34.0    18.8     0.1    14.5     2.6    34.7     6.8     7.9     8.7     7.2     7.4     2.3     5.6    14.6    13.8    16.0    18.4    16.5    14.0     2.8     8.0    10.6    12.7    12.0     8.3     6.4     1.3     0.6     7.1     3.9     2.7    15.8     1.7     4.7    12.2    19.8    28.4    31.6    27.7    21.5    14.9    11.1     4.6     6.1     7.3     9.1    21.1    25.2    21.8    22.6    22.4    21.2    22.4    21.2    20.5    20.6    20.0    20.5    18.4    18.7    19.1    19.2    18.4    18.9    16.1    19.4    25.7    36.3    46.0    54.0 -9999.0 -9999.0 -9999.0 -9999.0 -9999.0 -9999.0 -9999.0 -9999.0 -9999.0 -9999.0 -9999.0 -9999.0 -9999.0 -9999.0 -9999.0 -9999.0 -9999.0 -9999.0 -9999.0 -9999.0 -9999.0 -9999.0 -9999.0 -9999.0 -9999.0 -9999.0 -9999.0 -9999.0
 -9999.0 -9999.0 -9999.0 -9999.0 -9999.0 -9999.0 -9999.0 -9999.0 -9999.0 -9999.0 -9999.0 -9999.0 -9999.0 -9999.0 -9999.0 -9999.0 -9999.0 -9999.0 -9999.0 -9999.0 -9999.0 -9999.0 -9999.0 -9999.0 -9999.0 -9999.0 -9999.0   575.3   498.8   296.0   350.8   246.6   194.7    93.3    18.7    20.2 -9999.0    33.9    32.6    14.9    13.9    14.7     8.3    23.9    26.9    21.7    17.9 -9999.0 -9999.0     6.6    10.9    12.5    11.0    15.4     7.5     3.7     2.2     1.0     1.4     2.4     6.6    14.5     4.5     4.0     6.5    13.6    19.8    22.5    23.2    18.8    12.6    11.9     9.6     6.9    14.4    18.2    31.7    28.3    25.7    24.0    21.3    21.1    21.9    20.4    20.5    21.7    22.1    22.0    24.5    22.0    21.4    18.9    18.8    20.6    18.9    24.6    29.9    38.8    49.0    59.1 -9999.0 -9999.0 -9999.0 -9999.0 -9999.0 -9999.0 -9999.0 -9999.0 -9999.0 -9999.0 -9999.0 -9999.0 -9999.0 -9999.0 -9999.0 -9999.0 -9999.0 -9999.0 -9999.0 -9999.0 -9999.0 -9999.0 -9999.0 -9999.0 -9999.0 -9999.0 -9999.0 -9999.0
 -9999.0 -9999.0 -9999.0 -9999.0 -9999.0 -9999.0 -9999.0 -9999.0 -9999.0 -9999.0 -9999.0 -9999.0 -9999.0 -9999.0 -9999.0 -9999.0 -9999.0 -9999.0 -9999.0 -9999.0 -9999.0 -9999.0 -9999.0 -9999.0 -9999.0 -9999.0 -9999.0 -9999.0 -9999.0 -9999.0 -9999.0 -9999.0 -9999.0   303.9   240.4 -9999.0 -9999.0 -9999.0 -9999.0    94.4    73.1    59.4    48.2    38.1    29.0 -9999.0 -9999.0 -9999.0 -9999.0 -9999.0 -9999.0 -9999.0     9.2    17.1     9.0     4.2     3.1     2.4     2.3     3.6     5.9    10.1     9.3     3.9     5.2     7.9    13.0    16.7    16.2    16.3    14.2    10.8     7.5    13.4    18.2    28.8    33.9    29.6    31.5    22.9    23.9    25.2    26.4    26.2    24.3    24.8    26.2    28.0    26.6    29.9    27.6    23.6    22.9    19.9    22.1    32.0    36.0    43.8    54.1 -9999.0 -9999.0 -9999.0 -9999.0 -9999.0 -9999.0 -9999.0 -9999.0 -9999.0 -9999.0 -9999.0 -9999.0 -9999.0 -9999.0 -9999.0 -9999.0 -9999.0 -9999.0 -9999.0 -9999.0 -9999.0 -9999.0 -9999.0 -9999.0 -9999.0 -9999.0 -9999.0 -9999.0 -9999.0
 -9999.0 -9999.0 -9999.0 -9999.0 -9999.0 -9999.0 -9999.0 -9999.0 -9999.0 -9999.0 -9999.0 -9999.0 -9999.0 -9999.0 -9999.0 -9999.0 -9999.0 -9999.0 -9999.0 -9999.0 -9999.0 -9999.0 -9999.0 -9999.0 -9999.0 -9999.0 -9999.0 -9999.0 -9999.0 -9999.0 -9999.0 -9999.0 -9999.0 -9999.0 -9999.0 -9999.0 -9999.0 -9999.0 -9999.0   114.1    91.7    68.3    48.3    42.6 -9999.0 -9999.0 -9999.0 -9999.0 -9999.0 -9999.0 -9999.0 -9999.0     6.3    18.6    10.1    12.4     8.5     7.2     6.6     8.5     8.7     9.0    17.0     5.7     6.3    10.1    16.0    14.5    11.0     8.8     7.9     8.4    17.8    17.7    26.4    27.8    34.3    29.8    26.9    29.7    35.1    39.1    40.2    39.7    37.3    36.3    36.7    36.7    37.0    39.3    37.3    32.4    27.8    25.7    32.4    44.2    47.0    52.7 -9999.0 -9999.0 -9999.0 -9999.0 -9999.0 -9999.0 -9999.0 -9999.0 -9999.0 -9999.0 -9999.0 -9999.0 -9999.0 -9999.0 -9999.0 -9999.0 -9999.0 -9999.0 -9999.0 -9999.0 -9999.0 -9999.0 -9999.0 -9999.0 -9999.0 -9999.0 -9999.0 -9999.0 -9999.0 -9999.0
 -9999.0 -9999.0 -9999.0 -9999.0 -9999.0 -9999.0 -9999.0 -9999.0 -9999.0 -9999.0 -9999.0 -9999.0 -9999.0 -9999.0 -9999.0 -9999.0 -9999.0 -9999.0 -9999.0 -9999.0 -9999.0 -9999.0 -9999.0 -9999.0 -9999.0 -9999.0 -9999.0 -9999.0 -9999.0 -9999.0 -9999.0 -9999.0 -9999.0 -9999.0 -9999.0 -9999.0 -9999.0 -9999.0 -9999.0 -9999.0 -9999.0 -9999.0 -9999.0 -9999.0 -9999.0 -9999.0 -9999.0 -9999.0 -9999.0 -9999.0 -9999.0     6.4     8.0    18.4     6.9    15.5    17.8    17.5    13.8     8.2    13.2    10.9     7.0     6.4     8.5    14.2    16.6     8.6     7.5     3.9     4.0     6.8     9.6    14.5    22.9    26.6    38.2    34.8    46.0    49.4    49.6    55.1    62.3    57.2    53.2    49.9    54.6    52.3    51.2    45.9    47.6    38.2    33.0    30.6    37.5    48.2    54.8    61.5 -9999.0 -9999.0 -9999.0 -9999.0 -9999.0 -9999.0 -9999.0 -9999.0 -9999.0 -9999.0 -9999.0 -9999.0 -9999.0 -9999.0 -9999.0 -9999.0 -9999.0 -9999.0 -9999.0 -9999.0 -9999.0 -9999.0 -9999.0 -9999.0 -9999.0 -9999.0 -9999.0 -9999.0 -9999.0 -9999.0
 -9999.0 -9999.0 -9999.0 -9999.0 -9999.0 -9999.0 -9999.0 -9999.0 -9999.0 -9999.0 -9999.0 -9999.0 -9999.0 -9999.0 -9999.0 -9999.0 -9999.0 -9999.0 -9999.0 -9999.0 -9999.0 -9999.0 -9999.0 -9999.0 -9999.0 -9999.0 -9999.0 -9999.0 -9999.0 -9999.0 -9999.0 -9999.0 -9999.0 -9999.0 -9999.0 -9999.0 -9999.0 -9999.0 -9999.0 -9999.0 -9999.0 -9999.0 -9999.0 -9999.0 -9999.0 -9999.0 -9999.0 -9999.0 -9999.0 -9999.0    10.4    12.7    18.2    23.4    22.7    29.0    28.9    22.1    17.1    13.4    10.0     8.0     5.7     6.2     9.9    13.7    12.2     8.0     6.5     2.9     4.5     6.9    12.0    19.9    28.7    38.4    38.3    56.3    57.1    64.0    67.4    66.4    69.2    64.8    63.3    55.9    59.6    54.2    52.0    49.0    46.6    48.8    32.6    30.8    36.1    46.8    57.5 -9999.0 -9999.0 -9999.0 -9999.0 -9999.0 -9999.0 -9999.0 -9999.0 -9999.0 -9999.0 -9999.0 -9999.0 -9999.0 -9999.0 -9999.0 -9999.0 -9999.0 -9999.0 -9999.0 -9999.0 -9999.0 -9999.0 -9999.0 -9999.0 -9999.0 -9999.0 -9999.0 -9999.0 -9999.0 -9999.0 -9999.0
 -9999.0 -9999.0 -9999.0 -9999.0 -9999.0 -9999.0 -9999.0 -9999.0 -9999.0 -9999.0 -9999.0 -9999.0 -9999.0 -9999.0 -9999.0 -9999.0 -9999.0 -9999.0 -9999.0 -9999.0 -9999.0 -9999.0 -9999.0 -9999.0 -9999.0 -9999.0 -9999.0 -9999.0 -9999.0 -9999.0 -9999.0 -9999.0 -9999.0 -9999.0 -9999.0 -9999.0 -9999.0 -9999.0 -9999.0 -9999.0 -9999.0 -9999.0 -9999.0 -9999.0 -9999.0 -9999.0 -9999.0 -9999.0 -9999.0 -9999.0    14.3    25.2    21.7    32.9    37.4    39.0    23.4    25.7    15.4     7.3     3.6     3.0     2.7     4.8     8.0     7.3     6.4     4.6     4.4     4.0     7.4    13.4    19.9    25.3    33.9    44.9    55.5    60.9    67.6    74.3    69.5    73.3    66.7    59.4    60.3    52.8    51.6    50.2    45.3    40.6    46.8    34.9    34.1    32.6    37.0    47.5    60.4 -9999.0 -9999.0 -9999.0 -9999.0 -9999.0 -9999.0 -9999.0 -9999.0 -9999.0 -9999.0 -9999.0 -9999.0 -9999.0 -9999.0 -9999.0 -9999.0 -9999.0 -9999.0 -9999.0 -9999.0 -9999.0 -9999.0 -9999.0 -9999.0 -9999.0 -9999.0 -9999.0 -9999.0 -9999.0 -9999.0 -9999.0
 -9999.0 -9999.0 -9999.0 -9999.0 -9999.0 -9999.0 -9999.0 -9999.0 -9999.0 -9999.0 -9999.0 -9999.0 -9999.0 -9999.0 -9999.0 -9999.0 -9999.0 -9999.0 -9999.0 -9999.0 -9999.0 -9999.0 -9999.0 -9999.0 -9999.0 -9999.0 -9999.0 -9999.0 -9999.0 -9999.0 -9999.0 -9999.0 -9999.0 -9999.0 -9999.0 -9999.0 -9999.0 -9999.0 -9999.0 -9999.0 -9999.0 -9999.0 -9999.0 -9999.0 -9999.0 -9999.0 -9999.0 -9999.0 -9999.0 -9999.0    21.0    24.2    25.1    39.8    32.4    28.5    28.3    17.0     9.3     2.2     0.7     0.8     1.1     2.1     4.6     4.4     2.9     2.5     3.1     7.9    12.2    24.2    29.7    38.0    45.9    57.4    64.7    67.5    70.9    67.4    74.9    61.4    52.5    49.5    55.0    43.9    39.9    38.5    40.6    38.8    51.3    42.3    41.3    40.8    44.6    54.2 -9999.0 -9999.0 -9999.0 -9999.0 -9999.0 -9999.0 -9999.0 -9999.0 -9999.0 -9999.0 -9999.0 -9999.0 -9999.0 -9999.0 -9999.0 -9999.0 -9999.0 -9999.0 -9999.0 -9999.0 -9999.0 -9999.0 -9999.0 -9999.0 -9999.0 -9999.0 -9999.0 -9999.0 -9999.0 -9999.0 -9999.0 -9999.0
 -9999.0 -9999.0 -9999.0 -9999.0 -9999.0 -9999.0 -9999.0 -9999.0 -9999.0 -9999.0 -9999.0 -9999.0 -9999.0 -9999.0 -9999.0 -9999.0 -9999.0 -9999.0 -9999.0 -9999.0 -9999.0 -9999.0 -9999.0 -9999.0 -9999.0 -9999.0 -9999.0 -9999.0 -9999.0 -9999.0 -9999.0 -9999.0 -9999.0 -9999.0 -9999.0 -9999.0 -9999.0 -9999.0 -9999.0 -9999.0 -9999.0 -9999.0 -9999.0 -9999.0 -9999.0 -9999.0 -9999.0 -9999.0 -9999.0 -9999.0    31.6    35.3    31.1    30.8    26.2    23.7     9.1     8.6     4.5     1.5     0.2     0.1     0.1     1.4     3.3     3.5     3.6     3.3     7.0     6.6    17.2    28.2    39.3    47.9    54.1    62.4    66.3    65.4    68.1    63.3    61.6    61.2    47.7    47.4    41.3    41.1    47.0    37.3    46.8    51.9    48.0    50.7    52.2    53.5 -9999.0 -9999.0 -9999.0 -9999.0 -9999.0 -9999.0 -9999.0 -9999.0 -9999.0 -9999.0 -9999.0 -9999.0 -9999.0 -9999.0 -9999.0 -9999.0 -9999.0 -9999.0 -9999.0 -9999.0 -9999.0 -9999.0 -9999.0 -9999.0 -9999.0 -9999.0 -9999.0 -9999.0 -9999.0 -9999.0 -9999.0 -9999.0 -9999.0 -9999.0
 -9999.0 -9999.0 -9999.0 -9999.0 -9999.0 -9999.0 -9999.0 -9999.0 -9999.0 -9999.0 -9999.0 -9999.0 -9999.0 -9999.0 -9999.0 -9999.0 -9999.0 -9999.0 -9999.0 -9999.0 -9999.0 -9999.0 -9999.0 -9999.0 -9999.0 -9999.0 -9999.0 -9999.0 -9999.0 -9999.0 -9999.0 -9999.0 -9999.0 -9999.0 -9999.0 -9999.0 -9999.0 -9999.0 -9999.0 -9999.0 -9999.0 -9999.0 -9999.0 -9999.0 -9999.0 -9999.0 -9999.0 -9999.0 -9999.0 -9999.0    40.9    27.1    29.3    19.9    14.6     9.5     6.2     4.3     2.1     1.2     0.4     0.7     1.9     3.9     4.6     4.1     5.6     4.9    10.1    15.9    22.1    30.4    40.1    50.1    59.5    64.4    64.4    61.6    62.2    64.2    62.8    53.6    48.4    46.5    45.4    45.2    43.3    56.0    44.1    50.3    57.2    62.7    66.4 -9999.0 -9999.0 -9999.0 -9999.0 -9999.0 -9999.0 -9999.0 -9999.0 -9999.0 -9999.0 -9999.0 -9999.0 -9999.0 -9999.0 -9999.0 -9999.0 -9999.0 -9999.0 -9999.0 -9999.0 -9999.0 -9999.0 -9999.0 -9999.0 -9999.0 -9999.0 -9999.0 -9999.0 -9999.0 -9999.0 -9999.0 -9999.0 -9999.0 -9999.0 -9999.0
 -9999.0 -9999.0 -9999.0 -9999.0 -9999.0 -9999.0 -9999.0 -9999.0 -9999.0 -9999.0 -9999.0 -9999.0 -9999.0 -9999.0 -9999.0 -9999.0 -9999.0 -9999.0 -9999.0 -9999.0 -9999.0 -9999.0 -9999.0 -9999.0 -9999.0 -9999.0 -9999.0 -9999.0 -9999.0 -9999.0 -9999.0 -9999.0 -9999.0 -9999.0 -9999.0 -9999.0 -9999.0 -9999.0 -9999.0 -9999.0 -9999.0 -9999.0 -9999.0 -9999.0 -9999.0 -9999.0 -9999.0 -9999.0 -9999.0 -9999.0 -9999.0 -9999.0 -9999.0    14.3     7.9     8.7     2.8     1.5     1.0     0.5     0.9     3.3     7.8    13.2    12.9    10.3     9.7    12.7    14.3    19.6    23.9    30.8    41.3    54.1    66.2    72.8    67.8    63.3    66.4    72.3    64.0    54.2    49.7    51.0    50.9    47.2    45.6    47.7    53.3    61.4    70.1    77.9 -9999.0 -9999.0 -9999.0 -9999.0 -9999.0 -9999.0 -9999.0 -9999.0 -9999.0 -9999.0 -9999.0 -9999.0 -9999.0 -9999.0 -9999.0 -9999.0 -9999.0 -9999.0 -9999.0 -9999.0 -9999.0 -9999.0 -9999.0 -9999.0 -9999.0 -9999.0 -9999.0 -9999.0 -9999.0 -9999.0 -9999.0 -9999.0 -9999.0 -9999.0 -9999.0 -9999.0
 -9999.0 -9999.0 -9999.0 -9999.0 -9999.0 -9999.0 -9999.0 -9999.0 -9999.0 -9999.0 -9999.0 -9999.0 -9999.0 -9999.0 -9999.0 -9999.0 -9999.0 -9999.0 -9999.0 -9999.0 -9999.0 -9999.0 -9999.0 -9999.0 -9999.0 -9999.0 -9999.0 -9999.0 -9999.0 -9999.0 -9999.0 -9999.0 -9999.0 -9999.0 -9999.0 -9999.0 -9999.0 -9999.0 -9999.0 -9999.0 -9999.0 -9999.0 -9999.0 -9999.0 -9999.0 -9999.0 -9999.0 -9999.0 -9999.0 -9999.0 -9999.0 -9999.0 -9999.0     9.2     3.1     2.7     1.2     0.6     0.3     0.3     1.4     7.0    14.4    20.1    25.7    22.5 -9999.0    19.9    23.2    23.9    28.3    36.8    48.5    63.0    77.2    84.7    78.5    69.0    88.8    76.4    62.0    48.2    52.3    51.4    55.4    55.7    56.6    60.4    67.5    77.1 -9999.0 -9999.0 -9999.0 -9999.0 -9999.0 -9999.0 -9999.0 -9999.0 -9999.0 -9999.0 -9999.0 -9999.0 -9999.0 -9999.0 -9999.0 -9999.0 -9999.0 -9999.0 -9999.0 -9999.0 -9999.0 -9999.0 -9999.0 -9999.0 -9999.0 -9999.0 -9999.0 -9999.0 -9999.0 -9999.0 -9999.0 -9999.0 -9999.0 -9999.0 -9999.0 -9999.0 -9999.0 -9999.0
 -9999.0 -9999.0 -9999.0 -9999.0 -9999.0 -9999.0 -9999.0 -9999.0 -9999.0 -9999.0 -9999.0 -9999.0 -9999.0 -9999.0 -9999.0 -9999.0 -9999.0 -9999.0 -9999.0 -9999.0 -9999.0 -9999.0 -9999.0 -9999.0 -9999.0 -9999.0 -9999.0 -9999.0 -9999.0 -9999.0 -9999.0 -9999.0 -9999.0 -9999.0 -9999.0 -9999.0 -9999.0 -9999.0 -9999.0 -9999.0 -9999.0 -9999.0 -9999.0 -9999.0 -9999.0 -9999.0 -9999.0 -9999.0 -9999.0 -9999.0 -9999.0 -9999.0 -9999.0     6.4     2.2     0.8     0.2     0.1     0.1     0.3     2.3     8.4    19.5 -9999.0 -9999.0 -9999.0 -9999.0 -9999.0    26.1    30.6    39.7    42.8    56.2    74.4    84.2    84.5    84.2    76.7    75.2    72.4    59.2    40.4    40.5    49.3    58.4    65.0 -9999.0 -9999.0 -9999.0 -9999.0 -9999.0 -9999.0 -9999.0 -9999.0 -9999.0 -9999.0 -9999.0 -9999.0 -9999.0 -9999.0 -9999.0 -9999.0 -9999.0 -9999.0 -9999.0 -9999.0 -9999.0 -9999.0 -9999.0 -9999.0 -9999.0 -9999.0 -9999.0 -9999.0 -9999.0 -9999.0 -9999.0 -9999.0 -9999.0 -9999.0 -9999.0 -9999.0 -9999.0 -9999.0 -9999.0 -9999.0 -9999.0 -9999.0
 -9999.0 -9999.0 -9999.0 -9999.0 -9999.0 -9999.0 -9999.0 -9999.0 -9999.0 -9999.0 -9999.0 -9999.0 -9999.0 -9999.0 -9999.0 -9999.0 -9999.0 -9999.0 -9999.0 -9999.0 -9999.0 -9999.0 -9999.0 -9999.0 -9999.0 -9999.0 -9999.0 -9999.0 -9999.0 -9999.0 -9999.0 -9999.0 -9999.0 -9999.0 -9999.0 -9999.0 -9999.0 -9999.0 -9999.0 -9999.0 -9999.0 -9999.0 -9999.0 -9999.0 -9999.0 -9999.0 -9999.0 -9999.0 -9999.0 -9999.0 -9999.0 -9999.0 -9999.0 -9999.0 -9999.0     0.1     0.1     0.0     0.0     0.1     1.7 -9999.0 -9999.0 -9999.0 -9999.0 -9999.0 -9999.0 -9999.0 -9999.0    30.3    37.3    45.2    63.2    81.4    82.7    67.3    62.7    67.9    73.1    71.4    58.6    46.0    45.7    54.9    67.2 -9999.0 -9999.0 -9999.0 -9999.0 -9999.0 -9999.0 -9999.0 -9999.0 -9999.0 -9999.0 -9999.0 -9999.0 -9999.0 -9999.0 -9999.0 -9999.0 -9999.0 -9999.0 -9999.0 -9999.0 -9999.0 -9999.0 -9999.0 -9999.0 -9999.0 -9999.0 -9999.0 -9999.0 -9999.0 -9999.0 -9999.0 -9999.0 -9999.0 -9999.0 -9999.0 -9999.0 -9999.0 -9999.0 -9999.0 -9999.0 -9999.0 -9999.0 -9999.0
 -9999.0 -9999.0 -9999.0 -9999.0 -9999.0 -9999.0 -9999.0 -9999.0 -9999.0 -9999.0 -9999.0 -9999.0 -9999.0 -9999.0 -9999.0 -9999.0 -9999.0 -9999.0 -9999.0 -9999.0 -9999.0 -9999.0 -9999.0 -9999.0 -9999.0 -9999.0 -9999.0 -9999.0 -9999.0 -9999.0 -9999.0 -9999.0 -9999.0 -9999.0 -9999.0 -9999.0 -9999.0 -9999.0 -9999.0 -9999.0 -9999.0 -9999.0 -9999.0 -9999.0 -9999.0 -9999.0 -9999.0 -9999.0 -9999.0 -9999.0 -9999.0 -9999.0 -9999.0 -9999.0 -9999.0 -9999.0     0.0     0.0     0.0     0.0     0.8 -9999.0 -9999.0 -9999.0 -9999.0 -9999.0 -9999.0 -9999.0 -9999.0 -9999.0 -9999.0 -9999.0    60.7    76.0    73.9    56.0    51.3    63.0    76.6 -9999.0 -9999.0 -9999.0 -9999.0 -9999.0 -9999.0 -9999.0 -9999.0 -9999.0 -9999.0 -9999.0 -9999.0 -9999.0 -9999.0 -9999.0 -9999.0 -9999.0 -9999.0 -9999.0 -9999.0 -9999.0 -9999.0 -9999.0 -9999.0 -9999.0 -9999.0 -9999.0 -9999.0 -9999.0 -9999.0 -9999.0 -9999.0 -9999.0 -9999.0 -9999.0 -9999.0 -9999.0 -9999.0 -9999.0 -9999.0 -9999.0 -9999.0 -9999.0 -9999.0 -9999.0 -9999.0 -9999.0 -9999.0 -9999.0
 -9999.0 -9999.0 -9999.0 -9999.0 -9999.0 -9999.0 -9999.0 -9999.0 -9999.0 -9999.0 -9999.0 -9999.0 -9999.0 -9999.0 -9999.0 -9999.0 -9999.0 -9999.0 -9999.0 -9999.0 -9999.0 -9999.0 -9999.0 -9999.0 -9999.0 -9999.0 -9999.0 -9999.0 -9999.0 -9999.0 -9999.0 -9999.0 -9999.0 -9999.0 -9999.0 -9999.0 -9999.0 -9999.0 -9999.0 -9999.0 -9999.0 -9999.0 -9999.0 -9999.0 -9999.0 -9999.0 -9999.0 -9999.0 -9999.0 -9999.0 -9999.0 -9999.0 -9999.0 -9999.0 -9999.0 -9999.0 -9999.0 -9999.0 -9999.0 -9999.0 -9999.0 -9999.0 -9999.0 -9999.0 -9999.0 -9999.0 -9999.0 -9999.0 -9999.0 -9999.0 -9999.0 -9999.0 -9999.0    58.1    63.9    62.5    66.4    82.1    99.6   108.3 -9999.0 -9999.0 -9999.0 -9999.0 -9999.0 -9999.0 -9999.0 -9999.0 -9999.0 -9999.0 -9999.0 -9999.0 -9999.0 -9999.0 -9999.0 -9999.0 -9999.0 -9999.0 -9999.0 -9999.0 -9999.0 -9999.0 -9999.0 -9999.0 -9999.0 -9999.0 -9999.0 -9999.0 -9999.0 -9999.0 -9999.0 -9999.0 -9999.0 -9999.0 -9999.0 -9999.0 -9999.0 -9999.0 -9999.0 -9999.0 -9999.0 -9999.0 -9999.0 -9999.0 -9999.0 -9999.0 -9999.0 -9999.0
 -9999.0 -9999.0 -9999.0 -9999.0 -9999.0 -9999.0 -9999.0 -9999.0 -9999.0 -9999.0 -9999.0 -9999.0 -9999.0 -9999.0 -9999.0 -9999.0 -9999.0 -9999.0 -9999.0 -9999.0 -9999.0 -9999.0 -9999.0 -9999.0 -9999.0 -9999.0 -9999.0 -9999.0 -9999.0 -9999.0 -9999.0 -9999.0 -9999.0 -9999.0 -9999.0 -9999.0 -9999.0 -9999.0 -9999.0 -9999.0 -9999.0 -9999.0 -9999.0 -9999.0 -9999.0 -9999.0 -9999.0 -9999.0 -9999.0 -9999.0 -9999.0 -9999.0 -9999.0 -9999.0 -9999.0 -9999.0 -9999.0 -9999.0 -9999.0 -9999.0 -9999.0 -9999.0 -9999.0 -9999.0 -9999.0 -9999.0 -9999.0 -9999.0 -9999.0 -9999.0 -9999.0 -9999.0    22.0    33.0    48.7    73.8    96.4   122.5   144.8   157.8 -9999.0 -9999.0 -9999.0 -9999.0 -9999.0 -9999.0 -9999.0 -9999.0 -9999.0 -9999.0 -9999.0 -9999.0 -9999.0 -9999.0 -9999.0 -9999.0 -9999.0 -9999.0 -9999.0 -9999.0 -9999.0 -9999.0 -9999.0 -9999.0 -9999.0 -9999.0 -9999.0 -9999.0 -9999.0 -9999.0 -9999.0 -9999.0 -9999.0 -9999.0 -9999.0 -9999.0 -9999.0 -9999.0 -9999.0 -9999.0 -9999.0 -9999.0 -9999.0 -9999.0 -9999.0 -9999.0 -9999.0 -9999.0
 -9999.0 -9999.0 -9999.0 -9999.0 -9999.0 -9999.0 -9999.0 -9999.0 -9999.0 -9999.0 -9999.0 -9999.0 -9999.0 -9999.0 -9999.0 -9999.0 -9999.0 -9999.0 -9999.0 -9999.0 -9999.0 -9999.0 -9999.0 -9999.0 -9999.0 -9999.0 -9999.0 -9999.0 -9999.0 -9999.0 -9999.0 -9999.0 -9999.0 -9999.0 -9999.0 -9999.0 -9999.0 -9999.0 -9999.0 -9999.0 -9999.0 -9999.0 -9999.0 -9999.0 -9999.0 -9999.0 -9999.0 -9999.0 -9999.0 -9999.0 -9999.0 -9999.0 -9999.0 -9999.0 -9999.0 -9999.0 -9999.0 -9999.0 -9999.0 -9999.0 -9999.0 -9999.0 -9999.0 -9999.0 -9999.0 -9999.0 -9999.0 -9999.0 -9999.0 -9999.0 -9999.0 -9999.0     3.9     9.0    32.6    69.1   129.8   166.2   202.4 -9999.0 -9999.0 -9999.0 -9999.0 -9999.0 -9999.0 -9999.0 -9999.0 -9999.0 -9999.0 -9999.0 -9999.0 -9999.0 -9999.0 -9999.0 -9999.0 -9999.0 -9999.0 -9999.0 -9999.0 -9999.0 -9999.0 -9999.0 -9999.0 -9999.0 -9999.0 -9999.0 -9999.0 -9999.0 -9999.0 -9999.0 -9999.0 -9999.0 -9999.0 -9999.0 -9999.0 -9999.0 -9999.0 -9999.0 -9999.0 -9999.0 -9999.0 -9999.0 -9999.0 -9999.0 -9999.0 -9999.0 -9999.0 -9999.0
 -9999.0 -9999.0 -9999.0 -9999.0 -9999.0 -9999.0 -9999.0 -9999.0 -9999.0 -9999.0 -9999.0 -9999.0 -9999.0 -9999.0 -9999.0 -9999.0 -9999.0 -9999.0 -9999.0 -9999.0 -9999.0 -9999.0 -9999.0 -9999.0 -9999.0 -9999.0 -9999.0 -9999.0 -9999.0 -9999.0 -9999.0 -9999.0 -9999.0 -9999.0 -9999.0 -9999.0 -9999.0 -9999.0 -9999.0 -9999.0 -9999.0 -9999.0 -9999.0 -9999.0 -9999.0 -9999.0 -9999.0 -9999.0 -9999.0 -9999.0 -9999.0 -9999.0 -9999.0 -9999.0 -9999.0 -9999.0 -9999.0 -9999.0 -9999.0 -9999.0 -9999.0 -9999.0 -9999.0 -9999.0 -9999.0 -9999.0 -9999.0 -9999.0 -9999.0 -9999.0 -9999.0 -9999.0     0.0     0.3     7.4    66.2   126.5   200.0   256.1 -9999.0 -9999.0 -9999.0 -9999.0 -9999.0 -9999.0 -9999.0 -9999.0 -9999.0 -9999.0 -9999.0 -9999.0 -9999.0 -9999.0 -9999.0 -9999.0 -9999.0 -9999.0 -9999.0 -9999.0 -9999.0 -9999.0 -9999.0 -9999.0 -9999.0 -9999.0 -9999.0 -9999.0 -9999.0 -9999.0 -9999.0 -9999.0 -9999.0 -9999.0 -9999.0 -9999.0 -9999.0 -9999.0 -9999.0 -9999.0 -9999.0 -9999.0 -9999.0 -9999.0 -9999.0 -9999.0 -9999.0 -9999.0 -9999.0
 -9999.0 -9999.0 -9999.0 -9999.0 -9999.0 -9999.0 -9999.0 -9999.0 -9999.0 -9999.0 -9999.0 -9999.0 -9999.0 -9999.0 -9999.0 -9999.0 -9999.0 -9999.0 -9999.0 -9999.0 -9999.0 -9999.0 -9999.0 -9999.0 -9999.0 -9999.0 -9999.0 -9999.0 -9999.0 -9999.0 -9999.0 -9999.0 -9999.0 -9999.0 -9999.0 -9999.0 -9999.0 -9999.0 -9999.0 -9999.0 -9999.0 -9999.0 -9999.0 -9999.0 -9999.0 -9999.0 -9999.0 -9999.0 -9999.0 -9999.0 -9999.0 -9999.0 -9999.0 -9999.0 -9999.0 -9999.0 -9999.0 -9999.0 -9999.0 -9999.0 -9999.0 -9999.0 -9999.0 -9999.0 -9999.0 -9999.0 -9999.0 -9999.0 -9999.0 -9999.0 -9999.0 -9999.0     0.0     0.0     2.5    39.5   122.1   216.8 -9999.0 -9999.0 -9999.0 -9999.0 -9999.0 -9999.0 -9999.0 -9999.0 -9999.0 -9999.0 -9999.0 -9999.0 -9999.0 -9999.0 -9999.0 -9999.0 -9999.0 -9999.0 -9999.0 -9999.0 -9999.0 -9999.0 -9999.0 -9999.0 -9999.0 -9999.0 -9999.0 -9999.0 -9999.0 -9999.0 -9999.0 -9999.0 -9999.0 -9999.0 -9999.0 -9999.0 -9999.0 -9999.0 -9999.0 -9999.0 -9999.0 -9999.0 -9999.0 -9999.0 -9999.0 -9999.0 -9999.0 -9999.0 -9999.0 -9999.0
