NCOLS      128
NROWS       72
XLLCORNER    72.000000000000    
YLLCORNER    18.000000000000    
CELLSIZE    0.50000000000000    
NODATA_VALUE   -9999.000    
 -9999.0 -9999.0 -9999.0 -9999.0 -9999.0 -9999.0 -9999.0 -9999.0 -9999.0 -9999.0 -9999.0 -9999.0 -9999.0 -9999.0 -9999.0 -9999.0 -9999.0 -9999.0 -9999.0 -9999.0 -9999.0 -9999.0 -9999.0 -9999.0 -9999.0 -9999.0 -9999.0 -9999.0 -9999.0 -9999.0 -9999.0 -9999.0 -9999.0 -9999.0 -9999.0 -9999.0 -9999.0 -9999.0 -9999.0 -9999.0 -9999.0 -9999.0 -9999.0 -9999.0 -9999.0 -9999.0 -9999.0 -9999.0 -9999.0 -9999.0 -9999.0 -9999.0 -9999.0 -9999.0 -9999.0 -9999.0 -9999.0 -9999.0 -9999.0 -9999.0 -9999.0 -9999.0 -9999.0 -9999.0 -9999.0 -9999.0 -9999.0 -9999.0 -9999.0 -9999.0 -9999.0 -9999.0 -9999.0 -9999.0 -9999.0 -9999.0 -9999.0 -9999.0 -9999.0 -9999.0 -9999.0 -9999.0 -9999.0 -9999.0 -9999.0 -9999.0 -9999.0 -9999.0 -9999.0 -9999.0 -9999.0 -9999.0 -9999.0 -9999.0 -9999.0 -9999.0 -9999.0    15.9    16.1    15.8    16.7    15.6    15.5    15.5    17.1 -9999.0 -9999.0 -9999.0 -9999.0 -9999.0 -9999.0 -9999.0 -9999.0 -9999.0 -9999.0 -9999.0 -9999.0 -9999.0 -9999.0 -9999.0 -9999.0 -9999.0 -9999.0 -9999.0 -9999.0 -9999.0 -9999.0 -9999.0
 -9999.0 -9999.0 -9999.0 -9999.0 -9999.0 -9999.0 -9999.0 -9999.0 -9999.0 -9999.0 -9999.0 -9999.0 -9999.0 -9999.0 -9999.0 -9999.0 -9999.0 -9999.0 -9999.0 -9999.0 -9999.0 -9999.0 -9999.0 -9999.0 -9999.0 -9999.0 -9999.0 -9999.0 -9999.0 -9999.0 -9999.0 -9999.0 -9999.0 -9999.0 -9999.0 -9999.0 -9999.0 -9999.0 -9999.0 -9999.0 -9999.0 -9999.0 -9999.0 -9999.0 -9999.0 -9999.0 -9999.0 -9999.0 -9999.0 -9999.0 -9999.0 -9999.0 -9999.0 -9999.0 -9999.0 -9999.0 -9999.0 -9999.0 -9999.0 -9999.0 -9999.0 -9999.0 -9999.0 -9999.0 -9999.0 -9999.0 -9999.0 -9999.0 -9999.0 -9999.0 -9999.0 -9999.0 -9999.0 -9999.0 -9999.0 -9999.0 -9999.0 -9999.0 -9999.0 -9999.0 -9999.0 -9999.0 -9999.0 -9999.0 -9999.0 -9999.0 -9999.0 -9999.0 -9999.0 -9999.0 -9999.0 -9999.0 -9999.0 -9999.0 -9999.0 -9999.0    10.8    12.1    15.4    14.8    16.6    15.7    14.1    13.3    13.7    13.9    15.4    18.2    21.2 -9999.0 -9999.0 -9999.0 -9999.0 -9999.0 -9999.0 -9999.0 -9999.0 -9999.0 -9999.0 -9999.0 -9999.0 -9999.0 -9999.0 -9999.0 -9999.0 -9999.0 -9999.0 -9999.0
 -9999.0 -9999.0 -9999.0 -9999.0 -9999.0 -9999.0 -9999.0 -9999.0 -9999.0 -9999.0 -9999.0 -9999.0 -9999.0 -9999.0 -9999.0 -9999.0 -9999.0 -9999.0 -9999.0 -9999.0 -9999.0 -9999.0 -9999.0 -9999.0 -9999.0 -9999.0 -9999.0 -9999.0 -9999.0 -9999.0 -9999.0 -9999.0 -9999.0 -9999.0 -9999.0 -9999.0 -9999.0 -9999.0 -9999.0 -9999.0 -9999.0 -9999.0 -9999.0 -9999.0 -9999.0 -9999.0 -9999.0 -9999.0 -9999.0 -9999.0 -9999.0 -9999.0 -9999.0 -9999.0 -9999.0 -9999.0 -9999.0 -9999.0 -9999.0 -9999.0 -9999.0 -9999.0 -9999.0 -9999.0 -9999.0 -9999.0 -9999.0 -9999.0 -9999.0 -9999.0 -9999.0 -9999.0 -9999.0 -9999.0 -9999.0 -9999.0 -9999.0 -9999.0 -9999.0 -9999.0 -9999.0 -9999.0 -9999.0 -9999.0 -9999.0 -9999.0 -9999.0 -9999.0 -9999.0 -9999.0 -9999.0 -9999.0 -9999.0 -9999.0 -9999.0     8.7     9.2    10.9    14.1    13.5    14.5    14.8    14.0    13.4    12.9    15.1    14.6    16.9    19.0 -9999.0 -9999.0 -9999.0 -9999.0 -9999.0 -9999.0 -9999.0 -9999.0 -9999.0 -9999.0 -9999.0 -9999.0 -9999.0 -9999.0 -9999.0 -9999.0 -9999.0 -9999.0 -9999.0
 -9999.0 -9999.0 -9999.0 -9999.0 -9999.0 -9999.0 -9999.0 -9999.0 -9999.0 -9999.0 -9999.0 -9999.0 -9999.0 -9999.0 -9999.0 -9999.0 -9999.0 -9999.0 -9999.0 -9999.0 -9999.0 -9999.0 -9999.0 -9999.0 -9999.0 -9999.0 -9999.0 -9999.0 -9999.0 -9999.0 -9999.0 -9999.0 -9999.0 -9999.0 -9999.0 -9999.0 -9999.0 -9999.0 -9999.0 -9999.0 -9999.0 -9999.0 -9999.0 -9999.0 -9999.0 -9999.0 -9999.0 -9999.0 -9999.0 -9999.0 -9999.0 -9999.0 -9999.0 -9999.0 -9999.0 -9999.0 -9999.0 -9999.0 -9999.0 -9999.0 -9999.0 -9999.0 -9999.0 -9999.0 -9999.0 -9999.0 -9999.0 -9999.0 -9999.0 -9999.0 -9999.0 -9999.0 -9999.0 -9999.0 -9999.0 -9999.0 -9999.0 -9999.0 -9999.0 -9999.0 -9999.0 -9999.0 -9999.0 -9999.0 -9999.0 -9999.0 -9999.0 -9999.0 -9999.0 -9999.0 -9999.0 -9999.0 -9999.0 -9999.0 -9999.0     5.3     8.5     6.9    10.7    14.2    16.9    18.0    14.5    13.7    13.7    14.1    14.3    16.2    17.6    19.7 -9999.0 -9999.0 -9999.0 -9999.0 -9999.0 -9999.0 -9999.0 -9999.0 -9999.0 -9999.0 -9999.0 -9999.0 -9999.0 -9999.0 -9999.0 -9999.0 -9999.0 -9999.0
 -9999.0 -9999.0 -9999.0 -9999.0 -9999.0 -9999.0 -9999.0 -9999.0 -9999.0 -9999.0 -9999.0 -9999.0 -9999.0 -9999.0 -9999.0 -9999.0 -9999.0 -9999.0 -9999.0 -9999.0 -9999.0 -9999.0 -9999.0 -9999.0 -9999.0 -9999.0 -9999.0 -9999.0 -9999.0 -9999.0 -9999.0 -9999.0 -9999.0 -9999.0 -9999.0 -9999.0 -9999.0 -9999.0 -9999.0 -9999.0 -9999.0 -9999.0 -9999.0 -9999.0 -9999.0 -9999.0 -9999.0 -9999.0 -9999.0 -9999.0 -9999.0 -9999.0 -9999.0 -9999.0 -9999.0 -9999.0 -9999.0 -9999.0 -9999.0 -9999.0 -9999.0 -9999.0 -9999.0 -9999.0 -9999.0 -9999.0 -9999.0 -9999.0 -9999.0 -9999.0 -9999.0 -9999.0 -9999.0 -9999.0 -9999.0 -9999.0 -9999.0 -9999.0 -9999.0 -9999.0 -9999.0 -9999.0 -9999.0 -9999.0 -9999.0 -9999.0 -9999.0 -9999.0 -9999.0 -9999.0 -9999.0 -9999.0 -9999.0 -9999.0 -9999.0     4.0     4.1     9.4    12.8    14.2    14.9    19.2    17.6    16.2    15.6    16.4    15.2    16.0    17.0    17.8    20.0 -9999.0 -9999.0 -9999.0 -9999.0 -9999.0 -9999.0 -9999.0 -9999.0 -9999.0 -9999.0 -9999.0 -9999.0 -9999.0 -9999.0 -9999.0 -9999.0 -9999.0
 -9999.0 -9999.0 -9999.0 -9999.0 -9999.0 -9999.0 -9999.0 -9999.0 -9999.0 -9999.0 -9999.0 -9999.0 -9999.0 -9999.0 -9999.0 -9999.0 -9999.0 -9999.0 -9999.0 -9999.0 -9999.0 -9999.0 -9999.0 -9999.0 -9999.0 -9999.0 -9999.0 -9999.0 -9999.0 -9999.0 -9999.0 -9999.0 -9999.0 -9999.0 -9999.0 -9999.0 -9999.0 -9999.0 -9999.0 -9999.0 -9999.0 -9999.0 -9999.0 -9999.0 -9999.0 -9999.0 -9999.0 -9999.0 -9999.0 -9999.0 -9999.0 -9999.0 -9999.0 -9999.0 -9999.0 -9999.0 -9999.0 -9999.0 -9999.0 -9999.0 -9999.0 -9999.0 -9999.0 -9999.0 -9999.0 -9999.0 -9999.0 -9999.0 -9999.0 -9999.0 -9999.0 -9999.0 -9999.0 -9999.0 -9999.0 -9999.0 -9999.0 -9999.0 -9999.0 -9999.0 -9999.0 -9999.0 -9999.0 -9999.0 -9999.0 -9999.0 -9999.0 -9999.0 -9999.0 -9999.0 -9999.0 -9999.0 -9999.0 -9999.0     1.8     2.1     4.1     6.5    10.3    15.0    18.3    14.7    17.0    16.8    16.3    16.5    16.0    16.0    16.3    16.0    17.6 -9999.0 -9999.0 -9999.0 -9999.0 -9999.0 -9999.0 -9999.0 -9999.0 -9999.0 -9999.0 -9999.0 -9999.0 -9999.0 -9999.0 -9999.0 -9999.0 -9999.0
 -9999.0 -9999.0 -9999.0 -9999.0 -9999.0 -9999.0 -9999.0 -9999.0 -9999.0 -9999.0 -9999.0 -9999.0 -9999.0 -9999.0 -9999.0 -9999.0 -9999.0 -9999.0 -9999.0 -9999.0 -9999.0 -9999.0 -9999.0 -9999.0 -9999.0 -9999.0 -9999.0 -9999.0 -9999.0 -9999.0 -9999.0 -9999.0 -9999.0 -9999.0 -9999.0 -9999.0 -9999.0 -9999.0 -9999.0 -9999.0 -9999.0 -9999.0 -9999.0 -9999.0 -9999.0 -9999.0 -9999.0 -9999.0 -9999.0 -9999.0 -9999.0 -9999.0 -9999.0 -9999.0 -9999.0 -9999.0 -9999.0 -9999.0 -9999.0 -9999.0 -9999.0 -9999.0 -9999.0 -9999.0 -9999.0 -9999.0 -9999.0 -9999.0 -9999.0 -9999.0 -9999.0 -9999.0 -9999.0 -9999.0 -9999.0 -9999.0 -9999.0 -9999.0 -9999.0 -9999.0 -9999.0 -9999.0 -9999.0 -9999.0 -9999.0 -9999.0 -9999.0 -9999.0 -9999.0 -9999.0 -9999.0 -9999.0 -9999.0 -9999.0     1.5     2.4     3.3     5.8     9.9    11.6    14.4    15.3    15.2    15.3    15.3    16.3    16.0    15.4    15.6    15.4    15.4    18.1 -9999.0 -9999.0 -9999.0 -9999.0 -9999.0 -9999.0 -9999.0 -9999.0 -9999.0 -9999.0 -9999.0 -9999.0 -9999.0 -9999.0 -9999.0 -9999.0
 -9999.0 -9999.0 -9999.0 -9999.0 -9999.0 -9999.0 -9999.0 -9999.0 -9999.0 -9999.0 -9999.0 -9999.0 -9999.0 -9999.0 -9999.0 -9999.0 -9999.0 -9999.0 -9999.0 -9999.0 -9999.0 -9999.0 -9999.0 -9999.0 -9999.0 -9999.0 -9999.0 -9999.0 -9999.0 -9999.0 -9999.0 -9999.0 -9999.0 -9999.0 -9999.0 -9999.0 -9999.0 -9999.0 -9999.0 -9999.0 -9999.0 -9999.0 -9999.0 -9999.0 -9999.0 -9999.0 -9999.0 -9999.0 -9999.0 -9999.0 -9999.0 -9999.0 -9999.0 -9999.0 -9999.0 -9999.0 -9999.0 -9999.0 -9999.0 -9999.0 -9999.0 -9999.0 -9999.0 -9999.0 -9999.0 -9999.0 -9999.0 -9999.0 -9999.0 -9999.0 -9999.0 -9999.0 -9999.0 -9999.0 -9999.0 -9999.0 -9999.0 -9999.0 -9999.0 -9999.0 -9999.0 -9999.0 -9999.0 -9999.0 -9999.0 -9999.0 -9999.0 -9999.0 -9999.0     1.7 -9999.0 -9999.0     1.0     1.4     1.0     1.3     2.2     4.2     7.4    10.1     7.9     9.6    10.9    10.9    12.5    13.8    14.2    15.6    15.1    15.2    14.8    17.7 -9999.0 -9999.0 -9999.0 -9999.0 -9999.0 -9999.0 -9999.0 -9999.0 -9999.0 -9999.0 -9999.0 -9999.0 -9999.0 -9999.0 -9999.0 -9999.0
 -9999.0 -9999.0 -9999.0 -9999.0 -9999.0 -9999.0 -9999.0 -9999.0 -9999.0 -9999.0 -9999.0 -9999.0 -9999.0 -9999.0 -9999.0 -9999.0 -9999.0 -9999.0 -9999.0 -9999.0 -9999.0 -9999.0 -9999.0 -9999.0 -9999.0 -9999.0 -9999.0 -9999.0 -9999.0 -9999.0 -9999.0 -9999.0 -9999.0 -9999.0 -9999.0 -9999.0 -9999.0 -9999.0 -9999.0 -9999.0 -9999.0 -9999.0 -9999.0 -9999.0 -9999.0 -9999.0 -9999.0 -9999.0 -9999.0 -9999.0 -9999.0 -9999.0 -9999.0 -9999.0 -9999.0 -9999.0 -9999.0 -9999.0 -9999.0 -9999.0 -9999.0 -9999.0 -9999.0 -9999.0 -9999.0 -9999.0 -9999.0 -9999.0 -9999.0 -9999.0 -9999.0 -9999.0 -9999.0 -9999.0 -9999.0 -9999.0 -9999.0 -9999.0 -9999.0 -9999.0 -9999.0 -9999.0 -9999.0 -9999.0 -9999.0 -9999.0 -9999.0 -9999.0     1.0     1.0     1.3     1.1     1.0     1.8     1.4     2.5     2.8     4.4     5.5     6.3     7.1     6.6     5.9     7.0     8.8    11.0    12.3    13.2    13.9    14.7    16.0    18.5    22.9    25.8    26.3    26.3 -9999.0 -9999.0 -9999.0 -9999.0 -9999.0 -9999.0 -9999.0 -9999.0 -9999.0 -9999.0 -9999.0 -9999.0
 -9999.0 -9999.0 -9999.0 -9999.0 -9999.0 -9999.0 -9999.0 -9999.0 -9999.0 -9999.0 -9999.0 -9999.0 -9999.0 -9999.0 -9999.0 -9999.0 -9999.0 -9999.0 -9999.0 -9999.0 -9999.0 -9999.0 -9999.0 -9999.0 -9999.0 -9999.0 -9999.0 -9999.0 -9999.0   138.6   130.7   129.6   132.0 -9999.0 -9999.0 -9999.0 -9999.0 -9999.0 -9999.0 -9999.0 -9999.0 -9999.0 -9999.0 -9999.0 -9999.0 -9999.0 -9999.0 -9999.0 -9999.0 -9999.0 -9999.0 -9999.0 -9999.0 -9999.0 -9999.0 -9999.0 -9999.0 -9999.0 -9999.0 -9999.0 -9999.0 -9999.0 -9999.0 -9999.0 -9999.0 -9999.0 -9999.0 -9999.0 -9999.0 -9999.0 -9999.0 -9999.0 -9999.0 -9999.0 -9999.0 -9999.0 -9999.0 -9999.0 -9999.0 -9999.0 -9999.0 -9999.0 -9999.0 -9999.0 -9999.0 -9999.0 -9999.0     1.0     1.0     1.2     1.4     1.1     1.6     1.9     2.3     2.3     3.3     3.7     6.0     5.1     3.7     2.8     3.0     3.0     5.3     7.8     9.6    11.3    13.0    14.2    16.3    19.5    23.4    24.7    23.6    21.6    21.3    23.7 -9999.0 -9999.0 -9999.0 -9999.0 -9999.0 -9999.0 -9999.0 -9999.0 -9999.0 -9999.0
 -9999.0 -9999.0 -9999.0 -9999.0 -9999.0 -9999.0 -9999.0 -9999.0 -9999.0 -9999.0 -9999.0 -9999.0 -9999.0 -9999.0 -9999.0 -9999.0 -9999.0 -9999.0 -9999.0 -9999.0 -9999.0 -9999.0 -9999.0 -9999.0 -9999.0 -9999.0 -9999.0   129.0   106.2   101.5    89.5    90.9    91.5   100.5 -9999.0 -9999.0 -9999.0 -9999.0 -9999.0 -9999.0 -9999.0 -9999.0 -9999.0 -9999.0 -9999.0 -9999.0 -9999.0 -9999.0 -9999.0 -9999.0 -9999.0 -9999.0 -9999.0 -9999.0 -9999.0 -9999.0 -9999.0 -9999.0 -9999.0 -9999.0 -9999.0 -9999.0 -9999.0 -9999.0 -9999.0 -9999.0 -9999.0 -9999.0 -9999.0 -9999.0 -9999.0 -9999.0 -9999.0 -9999.0 -9999.0 -9999.0 -9999.0 -9999.0 -9999.0 -9999.0 -9999.0 -9999.0 -9999.0 -9999.0 -9999.0 -9999.0 -9999.0     1.7     1.6     1.1     1.2     1.6     2.1     2.9     3.2     3.6     3.7     4.9     4.5     4.4     2.7     1.9     1.8     2.0     3.1     5.4     8.0    10.0    10.7    12.2    15.4    19.3    22.7    23.2    20.9    18.1    16.5    17.7 -9999.0 -9999.0 -9999.0 -9999.0 -9999.0    54.6    59.2    63.1    65.9 -9999.0
 -9999.0 -9999.0 -9999.0 -9999.0 -9999.0 -9999.0 -9999.0 -9999.0 -9999.0 -9999.0 -9999.0 -9999.0 -9999.0 -9999.0 -9999.0 -9999.0 -9999.0 -9999.0 -9999.0 -9999.0 -9999.0 -9999.0 -9999.0 -9999.0 -9999.0 -9999.0   115.5   100.4    79.3    67.4    63.0    64.1    60.0    67.1    69.7    72.9    74.2 -9999.0 -9999.0 -9999.0 -9999.0 -9999.0 -9999.0 -9999.0 -9999.0 -9999.0 -9999.0 -9999.0 -9999.0 -9999.0 -9999.0 -9999.0 -9999.0 -9999.0 -9999.0 -9999.0 -9999.0 -9999.0 -9999.0 -9999.0 -9999.0 -9999.0 -9999.0 -9999.0 -9999.0 -9999.0 -9999.0 -9999.0 -9999.0 -9999.0 -9999.0 -9999.0 -9999.0 -9999.0 -9999.0 -9999.0 -9999.0 -9999.0 -9999.0 -9999.0 -9999.0 -9999.0 -9999.0 -9999.0 -9999.0 -9999.0     1.7     1.7     1.5     1.4     1.9     2.3     3.1     3.8     4.0     4.8     4.8     5.4     5.0     2.9     2.1     1.6     1.5     1.9     2.6     4.4     6.8     8.2     8.7    10.2    13.3    17.1    20.4    21.1    18.8    15.0    11.8    12.0    16.3 -9999.0 -9999.0    31.9    36.7    40.6    43.9    48.7    49.6 -9999.0
 -9999.0 -9999.0 -9999.0 -9999.0 -9999.0 -9999.0 -9999.0 -9999.0 -9999.0 -9999.0 -9999.0 -9999.0 -9999.0 -9999.0 -9999.0 -9999.0 -9999.0 -9999.0 -9999.0 -9999.0 -9999.0 -9999.0 -9999.0 -9999.0 -9999.0 -9999.0    80.7    62.2    48.6    40.2    37.6    39.6    45.2    46.8    50.1    50.9    48.9    54.8 -9999.0 -9999.0 -9999.0 -9999.0 -9999.0 -9999.0 -9999.0 -9999.0 -9999.0 -9999.0 -9999.0 -9999.0 -9999.0 -9999.0 -9999.0 -9999.0 -9999.0 -9999.0 -9999.0 -9999.0 -9999.0 -9999.0 -9999.0 -9999.0 -9999.0 -9999.0 -9999.0 -9999.0 -9999.0 -9999.0 -9999.0 -9999.0 -9999.0 -9999.0 -9999.0 -9999.0 -9999.0 -9999.0 -9999.0 -9999.0 -9999.0 -9999.0 -9999.0 -9999.0 -9999.0 -9999.0 -9999.0 -9999.0     1.8     1.6     1.8     2.2     2.6     3.3     4.6     5.1     5.7     5.6     6.5     5.2     3.6     2.9     2.1     1.9     2.3     2.6     3.2     4.2     5.4     6.0     6.5     7.7     9.9    13.3    16.7    17.6    15.2    13.0     8.5     7.9     9.6    13.6    18.9    23.6    26.6    28.4    30.1    32.2    35.1 -9999.0
 -9999.0 -9999.0 -9999.0 -9999.0 -9999.0 -9999.0 -9999.0 -9999.0 -9999.0 -9999.0 -9999.0 -9999.0 -9999.0 -9999.0 -9999.0 -9999.0 -9999.0 -9999.0 -9999.0 -9999.0 -9999.0    74.2    64.6    66.7    63.1    46.7    31.4    22.8    20.9    18.9    18.7    20.9    25.8    30.4    33.9    37.2    36.0    37.1    36.6 -9999.0 -9999.0 -9999.0 -9999.0 -9999.0 -9999.0 -9999.0 -9999.0 -9999.0 -9999.0 -9999.0 -9999.0 -9999.0 -9999.0 -9999.0 -9999.0 -9999.0 -9999.0 -9999.0 -9999.0 -9999.0 -9999.0 -9999.0 -9999.0 -9999.0 -9999.0 -9999.0 -9999.0 -9999.0 -9999.0 -9999.0 -9999.0 -9999.0 -9999.0 -9999.0 -9999.0 -9999.0 -9999.0 -9999.0 -9999.0 -9999.0 -9999.0 -9999.0 -9999.0 -9999.0 -9999.0 -9999.0 -9999.0     2.7 -9999.0 -9999.0     3.6 -9999.0 -9999.0     7.1     6.6     6.4     6.7     4.7     3.4     3.3     2.2     2.4     3.2     3.9     4.1     4.2     4.0     4.0     4.2     5.1     6.4     8.3    11.2    13.1    11.3     8.6     5.8     5.5     6.8     9.6    14.1    17.0    18.8    19.3    20.3    23.7 -9999.0 -9999.0
 -9999.0 -9999.0 -9999.0 -9999.0 -9999.0 -9999.0 -9999.0 -9999.0 -9999.0 -9999.0 -9999.0 -9999.0 -9999.0 -9999.0 -9999.0 -9999.0 -9999.0 -9999.0 -9999.0 -9999.0 -9999.0    81.8    71.3    53.8    38.6    15.9    15.4    12.0     9.5     8.7     9.3    11.1    14.7    18.9    22.4    25.5    27.2    24.6    26.1 -9999.0 -9999.0 -9999.0 -9999.0 -9999.0 -9999.0 -9999.0 -9999.0 -9999.0 -9999.0 -9999.0 -9999.0 -9999.0 -9999.0 -9999.0 -9999.0 -9999.0 -9999.0 -9999.0 -9999.0 -9999.0 -9999.0 -9999.0 -9999.0 -9999.0 -9999.0 -9999.0 -9999.0 -9999.0 -9999.0 -9999.0 -9999.0 -9999.0 -9999.0 -9999.0 -9999.0 -9999.0 -9999.0 -9999.0 -9999.0 -9999.0 -9999.0 -9999.0 -9999.0 -9999.0 -9999.0 -9999.0 -9999.0 -9999.0 -9999.0     3.7     5.0     6.8     9.1     8.3     7.5     6.7     4.3     3.5     2.9     2.2     1.9     2.1     3.2     4.4     4.5     3.7     2.7     2.6     2.8     3.2     4.0     5.4     7.6     9.4     8.8     5.4     4.2     4.4     5.1     6.8     9.6    12.8    15.1    16.8    14.5 -9999.0 -9999.0 -9999.0
 -9999.0 -9999.0 -9999.0 -9999.0 -9999.0 -9999.0 -9999.0 -9999.0 -9999.0 -9999.0 -9999.0 -9999.0 -9999.0 -9999.0 -9999.0 -9999.0 -9999.0 -9999.0 -9999.0 -9999.0    48.3    46.9    42.5    29.2    19.5    16.8    13.7     9.0     7.4     6.0     5.9     7.5    10.2    13.4    16.1    18.1    18.0    18.1    17.4 -9999.0 -9999.0 -9999.0 -9999.0 -9999.0 -9999.0 -9999.0 -9999.0 -9999.0 -9999.0 -9999.0 -9999.0 -9999.0 -9999.0 -9999.0 -9999.0 -9999.0 -9999.0 -9999.0 -9999.0 -9999.0 -9999.0 -9999.0 -9999.0 -9999.0 -9999.0 -9999.0 -9999.0 -9999.0 -9999.0 -9999.0 -9999.0 -9999.0 -9999.0 -9999.0 -9999.0 -9999.0 -9999.0 -9999.0 -9999.0 -9999.0 -9999.0 -9999.0 -9999.0 -9999.0 -9999.0 -9999.0 -9999.0 -9999.0     4.0     4.6     5.9     7.3     9.4     8.9     7.0     4.9     2.9     2.5     1.8     1.5     1.7     2.2     3.7     5.0     5.0     4.0     2.9     2.8     3.0     3.2     3.5     4.4     6.3     7.3     6.1     4.5     3.5     3.6     4.5     5.7     7.6    11.5    13.6    13.5    13.2 -9999.0 -9999.0 -9999.0
 -9999.0 -9999.0 -9999.0 -9999.0 -9999.0 -9999.0 -9999.0 -9999.0 -9999.0 -9999.0 -9999.0 -9999.0 -9999.0 -9999.0 -9999.0 -9999.0 -9999.0 -9999.0    20.0    22.7    24.6    12.5    15.3    10.9     9.2     8.7    10.1     8.3     6.6     5.5     5.7     7.1     9.4    11.9    13.6    13.9    13.0    12.3    11.3 -9999.0 -9999.0 -9999.0 -9999.0 -9999.0 -9999.0 -9999.0 -9999.0 -9999.0 -9999.0 -9999.0 -9999.0 -9999.0 -9999.0 -9999.0 -9999.0 -9999.0 -9999.0 -9999.0 -9999.0 -9999.0 -9999.0 -9999.0 -9999.0 -9999.0 -9999.0 -9999.0 -9999.0 -9999.0 -9999.0 -9999.0 -9999.0 -9999.0 -9999.0 -9999.0 -9999.0 -9999.0 -9999.0 -9999.0 -9999.0 -9999.0 -9999.0 -9999.0 -9999.0 -9999.0     5.6     5.9     6.1     4.2     3.4     5.5     6.3     7.7     7.6     7.3     5.0     3.2     1.3     0.9     0.7     0.8     1.2     2.3     4.2     5.8     6.3     5.8     5.2     4.9     4.9     4.9     5.0     5.6     6.9     7.3     6.5     4.6     4.8     2.9     3.3     4.1     7.1    11.0    13.7    14.0 -9999.0 -9999.0 -9999.0 -9999.0
 -9999.0 -9999.0 -9999.0 -9999.0 -9999.0 -9999.0 -9999.0 -9999.0 -9999.0 -9999.0 -9999.0 -9999.0 -9999.0 -9999.0 -9999.0    42.2    24.2    15.7    12.8    17.7    18.0    14.6    14.6    10.8     9.5     9.3     9.0     8.2     7.1     6.5     6.9     8.4    10.6    12.4    13.3    12.4    10.7     8.7     7.6     6.7     6.2     5.7     5.0     4.5 -9999.0 -9999.0 -9999.0 -9999.0 -9999.0 -9999.0 -9999.0 -9999.0 -9999.0 -9999.0 -9999.0 -9999.0 -9999.0 -9999.0 -9999.0 -9999.0 -9999.0 -9999.0 -9999.0 -9999.0 -9999.0 -9999.0 -9999.0 -9999.0 -9999.0 -9999.0 -9999.0 -9999.0 -9999.0 -9999.0 -9999.0 -9999.0 -9999.0 -9999.0 -9999.0     1.7     1.8     2.4     3.4     4.7     6.1     6.4     5.7     4.1     3.0     4.1     4.3     5.6     5.5     4.9     2.9     1.8     0.5     0.3     0.2     0.3     0.7     1.9     3.9     6.3     7.8     8.0     7.9     7.7     7.8     7.9     8.1     8.4     8.8     8.7     9.0     5.3     3.5     3.2     3.3     4.3     6.7    10.6    13.5    15.2 -9999.0 -9999.0 -9999.0 -9999.0
 -9999.0 -9999.0 -9999.0 -9999.0 -9999.0 -9999.0 -9999.0 -9999.0 -9999.0 -9999.0 -9999.0 -9999.0 -9999.0 -9999.0 -9999.0    20.8    21.4    15.1    21.9    27.0    18.4    13.3    11.6    11.4    10.4    10.1    10.5    10.3     9.1     8.1     8.5     9.9    11.9    12.8    13.1    12.0     9.3     7.5     5.1     4.0     3.2     2.4     2.1     1.8     1.5     1.6     5.0 -9999.0 -9999.0 -9999.0 -9999.0 -9999.0 -9999.0 -9999.0 -9999.0 -9999.0 -9999.0 -9999.0 -9999.0 -9999.0 -9999.0 -9999.0 -9999.0 -9999.0 -9999.0 -9999.0 -9999.0 -9999.0 -9999.0 -9999.0 -9999.0 -9999.0 -9999.0 -9999.0 -9999.0 -9999.0 -9999.0 -9999.0     1.5     1.1     1.2     1.8     2.9     3.9     4.7     4.4     3.6     3.0     2.8     3.1     4.2     4.4     4.2     2.4     2.3     0.4     0.2     0.2     0.1     0.2     0.4     1.2     3.2     6.3     8.9     9.8     9.9    10.1    10.6    11.4    11.7    11.6    11.8    11.3    10.1     7.2     6.7     6.2     5.9     6.3     7.6    10.7    14.2 -9999.0 -9999.0 -9999.0 -9999.0 -9999.0
 -9999.0 -9999.0 -9999.0 -9999.0 -9999.0 -9999.0 -9999.0 -9999.0 -9999.0 -9999.0 -9999.0 -9999.0 -9999.0 -9999.0 -9999.0 -9999.0    65.6    60.7    49.3    36.3    26.3    41.6    13.8    25.4    19.3    15.4    14.1    13.1    11.0     9.4     9.6    10.5    11.7    12.3    12.1    10.8     8.4     5.9     4.0     3.2     3.0     2.0     1.5     0.8     0.6     0.4     0.5     1.0 -9999.0 -9999.0 -9999.0 -9999.0 -9999.0 -9999.0 -9999.0 -9999.0 -9999.0 -9999.0 -9999.0 -9999.0 -9999.0 -9999.0 -9999.0 -9999.0 -9999.0 -9999.0 -9999.0 -9999.0 -9999.0 -9999.0 -9999.0 -9999.0 -9999.0 -9999.0 -9999.0 -9999.0 -9999.0 -9999.0     1.2     0.8     0.8     1.2     1.8     2.3     2.6     2.5     3.1     2.3     2.4     3.4     2.5     2.6     3.2     1.3     0.3     0.2     0.2     0.2     0.1     0.1     0.2     0.9     2.8     6.3     9.7    11.1    11.1    11.7    13.3    15.0    15.4    14.5    13.6    12.5    10.9    10.4     9.1     7.9     8.7     7.7 -9999.0 -9999.0 -9999.0 -9999.0 -9999.0 -9999.0 -9999.0 -9999.0
 -9999.0 -9999.0 -9999.0 -9999.0 -9999.0 -9999.0 -9999.0 -9999.0 -9999.0 -9999.0 -9999.0 -9999.0 -9999.0 -9999.0 -9999.0 -9999.0    69.6    66.5    62.9    57.8    53.7    55.0    45.8    26.1     8.9     6.8     8.7    13.3     9.5    11.6    10.8    11.1     8.5     8.7    10.4     9.3     8.0     5.2     3.3     2.9     2.7     1.7     1.6     2.9     0.3     0.2     0.2     0.3 -9999.0 -9999.0 -9999.0 -9999.0 -9999.0 -9999.0 -9999.0 -9999.0 -9999.0 -9999.0 -9999.0 -9999.0 -9999.0 -9999.0 -9999.0 -9999.0 -9999.0 -9999.0 -9999.0 -9999.0 -9999.0 -9999.0 -9999.0 -9999.0 -9999.0 -9999.0 -9999.0 -9999.0 -9999.0     2.8     1.3     0.8     0.7     1.0     1.2     1.4     1.3     1.3     1.4     1.4     1.3     1.6     2.3     1.1     0.3     0.2     0.2     0.2     0.2     0.2     0.1     0.1     0.2     0.9     3.1     7.2    11.1    11.7    11.4    13.2    16.9    19.9    19.8    17.8    15.1    12.7    12.1    11.0    10.3     9.1    10.3 -9999.0 -9999.0 -9999.0 -9999.0 -9999.0 -9999.0 -9999.0 -9999.0 -9999.0
 -9999.0 -9999.0 -9999.0 -9999.0 -9999.0 -9999.0 -9999.0 -9999.0 -9999.0 -9999.0 -9999.0 -9999.0 -9999.0 -9999.0 -9999.0 -9999.0    25.7    23.5    22.0    37.4    43.5    45.8    19.9    21.4    14.8    10.9     4.4     5.1     8.3     9.0     8.8     7.7     6.4     5.8     6.3     6.1     4.6     1.7     1.0     0.4     0.6     0.8     0.8     1.4     1.0     0.2     0.2     0.2     0.8     2.0     2.6 -9999.0 -9999.0 -9999.0 -9999.0 -9999.0 -9999.0 -9999.0 -9999.0 -9999.0 -9999.0 -9999.0 -9999.0 -9999.0 -9999.0 -9999.0 -9999.0 -9999.0 -9999.0 -9999.0 -9999.0 -9999.0 -9999.0 -9999.0 -9999.0 -9999.0     5.4     3.1     1.5     1.0     0.9     0.9     0.9     0.7     0.6     0.6     0.8     1.1     1.2     1.1     1.1     0.3     0.2     0.2     0.2     0.2     0.2     0.2     0.1     0.2     0.5     1.7     4.5     8.7    12.1    12.3    12.1    15.2    21.3    26.4    26.0    20.4    16.3    12.8    11.1     9.4    12.1    11.2     9.5     8.3 -9999.0 -9999.0 -9999.0 -9999.0 -9999.0 -9999.0 -9999.0 -9999.0
 -9999.0 -9999.0 -9999.0 -9999.0 -9999.0 -9999.0 -9999.0 -9999.0 -9999.0 -9999.0 -9999.0 -9999.0 -9999.0 -9999.0 -9999.0    20.2    23.9    21.3    10.9     6.5     5.1     3.1     4.5     8.0     6.8     3.7     3.9     6.1     6.8     6.4     6.6     3.7     0.9     0.3     0.2     0.1     0.2     0.1     0.0     0.1     0.0     0.1     0.2     0.2     0.1     0.2     0.2     0.4     0.9     1.5     2.1     2.4     2.6     3.3     2.3     2.0     1.5     1.4     1.4     1.5     1.6 -9999.0 -9999.0 -9999.0 -9999.0 -9999.0 -9999.0 -9999.0 -9999.0    11.5    11.9    11.6    10.5     9.3     8.1     7.1     5.3     3.7     2.4     1.3     1.1     1.0     0.8     0.4     0.3     0.4     0.6     0.8     1.0     1.0     1.1     0.7     0.7     0.3     0.2     0.2     0.2     0.2     0.2     0.6     1.5     3.6     6.6    10.2    13.3    14.6    14.9    18.8    27.2    33.0    32.0    25.2    17.9    13.7     9.9     8.1     7.1     7.2 -9999.0 -9999.0 -9999.0 -9999.0 -9999.0 -9999.0 -9999.0 -9999.0 -9999.0 -9999.0
 -9999.0 -9999.0 -9999.0 -9999.0 -9999.0 -9999.0 -9999.0 -9999.0 -9999.0 -9999.0 -9999.0 -9999.0 -9999.0 -9999.0     5.5     2.5     1.8     3.9     2.2     1.5     2.6     5.1     4.7     1.9     2.1     1.8     2.2     3.9     3.5     2.3     1.5     1.5     0.3     0.5     0.2     0.1     0.1     0.1     0.1     0.1     0.0     0.1     0.1     0.1     0.1     0.1     0.2     0.5     1.2     2.0     2.7     2.6     2.6     1.9     1.2     1.1     0.8     0.6     0.5     0.6     0.7     0.9     1.1     1.5     2.2     3.2     4.0     5.4     6.8     8.2     8.9     8.6     7.5     6.3     5.5     5.1     4.3     3.3     2.5     1.5     1.2     1.0     0.5     0.3     0.3     0.3     0.7     0.9     1.1     1.0     1.8     2.2     0.3     0.2     0.2     0.2     0.2     0.3     0.7     1.9     4.2     6.6     9.0    11.5    14.9    18.3    20.1    24.3    32.6    37.9    38.3    30.7    22.9    16.3    12.7     9.7     7.7 -9999.0 -9999.0 -9999.0 -9999.0 -9999.0 -9999.0 -9999.0 -9999.0 -9999.0 -9999.0 -9999.0
 -9999.0 -9999.0 -9999.0 -9999.0 -9999.0 -9999.0 -9999.0 -9999.0 -9999.0 -9999.0 -9999.0 -9999.0     1.8     1.3     1.0     2.1     0.7     1.0     0.5     0.4     0.4     0.6     0.7     0.4     0.3     0.5     1.1     2.0     2.3     1.6     0.8     0.3     0.3     0.1     0.0     0.0     0.1     0.1     0.0     0.0     0.1     0.1     0.1     0.1     0.1     0.2     0.3     0.6     1.3     1.8     2.2     2.1     1.9     1.5     0.9     0.6     0.5     0.3     0.3     0.2     0.3     0.4     0.4     0.6     0.8     1.2     1.9     2.9     4.3     5.5     6.2     6.0     4.9     4.1     3.7     3.3     2.9     2.6     2.2     1.9     1.0     0.8     0.3     0.3     0.3     0.5     1.0     1.4     2.1     1.0     0.9     0.6     2.0     1.0     0.2     0.3     0.4     1.1     2.4     4.8     8.2    10.1    11.9    14.5    19.6    23.9    26.6    32.0    40.7    46.8    45.5    36.9    29.9    22.9    21.1 -9999.0 -9999.0 -9999.0 -9999.0 -9999.0 -9999.0 -9999.0 -9999.0 -9999.0 -9999.0 -9999.0 -9999.0 -9999.0
 -9999.0 -9999.0 -9999.0 -9999.0 -9999.0 -9999.0 -9999.0 -9999.0 -9999.0     2.4     2.0     0.8     0.4     0.5     2.5     1.2     0.4     0.2     0.1     0.1     0.1     0.1     0.0     0.0     0.0     0.1     0.4     1.1     1.7     1.3     0.6     0.5     0.2     0.0     0.0     0.1     0.0     0.0     0.0     0.0     0.0     0.1     0.1     0.1     0.1     0.2     0.3     0.5     0.8     1.4     1.4     1.2     1.0     0.9     1.0     0.5     0.3     0.2     0.2     0.2     0.2     0.2     0.3     0.3     0.3     0.5     0.8     1.3     2.2     3.4     3.4     3.3     2.8     2.3     2.6     3.3     3.8     3.7     3.4     2.1     1.0     0.6     0.6     0.4     0.5     0.7     2.6     2.1     2.4     0.6     1.0     1.3     0.8     0.5     0.5     0.7     1.4     3.0     6.5    10.3    12.5    13.2    15.9    21.5    30.1    36.6    39.7    44.1    53.5    56.4    53.1    46.7    38.7 -9999.0 -9999.0 -9999.0 -9999.0 -9999.0 -9999.0 -9999.0 -9999.0 -9999.0 -9999.0 -9999.0 -9999.0 -9999.0 -9999.0 -9999.0
 -9999.0 -9999.0 -9999.0 -9999.0 -9999.0     6.0     7.6     3.7     2.0     1.0     0.2     0.1     0.1     0.1     0.2     0.2     0.2     0.1     0.1     0.1     0.0     0.0     0.0     0.0     0.0     0.0     0.2     0.6     1.1     1.0     0.5     0.2     0.1     0.0     0.0     0.0     0.0     0.0     0.0     0.0     0.0     0.0     0.1     0.1     0.2     0.2     0.2     0.2     0.3     0.4     0.6     0.6     0.7     0.7     0.6     0.3     0.2     0.2     0.2     0.2     0.2     0.3     0.2     0.2     0.2     0.2     0.3     0.4     0.9     1.2     1.6     1.6     1.7     2.0     4.2     4.6     6.1     6.6     7.1     6.2     3.2     1.8     1.1     0.8     0.7     1.0     1.5     1.6     2.0     1.9     2.0     2.9     2.3     1.8     1.8     2.6     4.5     7.9 -9999.0 -9999.0    16.3    17.5    24.1    32.1    40.9    50.9    54.1    61.0    67.7 -9999.0 -9999.0 -9999.0 -9999.0 -9999.0 -9999.0 -9999.0 -9999.0 -9999.0 -9999.0 -9999.0 -9999.0 -9999.0 -9999.0 -9999.0 -9999.0 -9999.0 -9999.0 -9999.0
 -9999.0 -9999.0 -9999.0     8.1     4.1     5.4     2.7     1.4     0.6     0.2     0.2     0.1     0.0     0.1     0.2     0.1     0.1     0.1     0.1     0.1     0.0     0.0     0.0     0.0     0.0     0.0     0.1     0.4     0.7     0.8     0.5     0.2     0.1     0.0     0.0     0.0     0.0     0.0     0.0     0.0     0.0     0.0     0.0     0.1     0.1     0.2     0.2     0.2     0.2     0.2     0.2     0.2     0.2     0.2     0.2     0.2     0.2     0.2     0.2     0.2     0.2     0.2     0.2     0.3     0.2     0.2     0.2     0.2     0.3     0.5     0.8     0.9     1.7     3.1     4.6     6.3     7.4     7.1     6.5     5.2     3.6     2.7     2.2     1.8     2.4     2.5     4.0     5.1     5.8     5.3     5.0     4.6     4.1     4.0     4.4     6.2    10.2 -9999.0 -9999.0 -9999.0    21.3    25.4    29.6    37.1    46.8    60.6    68.2 -9999.0 -9999.0 -9999.0 -9999.0 -9999.0 -9999.0 -9999.0 -9999.0 -9999.0 -9999.0 -9999.0 -9999.0 -9999.0 -9999.0 -9999.0 -9999.0 -9999.0 -9999.0 -9999.0 -9999.0 -9999.0
 -9999.0 -9999.0     8.1     5.5     3.2     1.0     0.4     0.2     0.3     0.2     0.2     0.2     0.2     0.2     0.1     0.1     0.1     0.2     0.1     0.1     0.0     0.0     0.0     0.0     0.0     0.0     0.1     0.3     0.5     0.6     0.4     0.2     0.1     0.0     0.0     0.0     0.0     0.0     0.0     0.0     0.0     0.1     0.1     0.1     0.2     0.3     0.5     0.5     0.3     0.2     0.2     0.2     0.2     0.2     0.2     0.3     0.2     0.2     0.2     0.2     0.1     0.3     0.2     0.3     0.3     0.3     0.2     0.2     0.3     0.5     1.0     1.7     3.0     5.2     7.7     9.3     9.3     6.3     5.8     4.9     4.1     4.1     4.7     5.1     5.4     7.7    10.8    16.9    17.5    14.1    10.4     7.6     6.3     6.4     7.6 -9999.0 -9999.0 -9999.0 -9999.0    24.4    27.4    31.1    35.5    41.4 -9999.0 -9999.0 -9999.0 -9999.0 -9999.0 -9999.0 -9999.0 -9999.0 -9999.0 -9999.0 -9999.0 -9999.0 -9999.0 -9999.0 -9999.0 -9999.0 -9999.0 -9999.0 -9999.0 -9999.0 -9999.0 -9999.0 -9999.0 -9999.0
 -9999.0 -9999.0     9.0     7.3     9.0     1.9     0.2     0.2     0.2     0.2     0.2     0.2     0.2     0.1     0.1     0.1     0.1     0.2     0.2     0.1     0.1     0.0     0.0     0.0     0.0     0.1     0.1     0.2     0.4     0.5     0.4     0.2     0.1     0.1     0.0     0.0     0.1     0.1     0.1     0.1     0.1     0.2     0.9     3.7     0.6     1.2     2.3     0.6     1.2     0.6     0.4     1.1     1.0     1.1     0.3     0.2     0.2     0.5     0.2     0.2     0.2     0.2     0.3     0.3     0.5     0.7     0.8     0.8     0.6     1.1     1.7     3.2     4.9     6.1     7.6     8.7     7.1     7.0     6.0     6.6     5.6     6.6    11.0    13.0    13.9    17.6    26.6    28.4    26.8    22.7    17.0    11.8     9.2     9.3 -9999.0 -9999.0 -9999.0 -9999.0 -9999.0    28.3 -9999.0 -9999.0 -9999.0 -9999.0 -9999.0 -9999.0 -9999.0 -9999.0 -9999.0 -9999.0 -9999.0 -9999.0 -9999.0 -9999.0 -9999.0 -9999.0 -9999.0 -9999.0 -9999.0 -9999.0 -9999.0 -9999.0 -9999.0 -9999.0 -9999.0 -9999.0 -9999.0 -9999.0
 -9999.0 -9999.0     5.9     7.2     4.7     1.8     0.4     0.2     0.1     0.2     0.2     0.2     0.2     0.2     0.1     0.1     0.1     0.2     0.2     0.2     0.1     0.1     0.1     0.1     0.1     0.1     0.1     0.2     0.3     0.4     0.4     0.3     0.3     0.6     0.5     0.6     0.2     0.2     0.3     0.3     0.1     0.2     0.2     0.4     0.4     0.6     0.8     0.9     0.6     0.4     1.3     0.4     0.5     1.9     2.8     3.6     0.6     0.3     0.6     0.6     0.1     0.1     0.2     0.4     0.8     1.3     1.8     1.7     2.2     2.0     2.2     3.3     4.2     5.1     6.6     9.0     9.9    10.1    15.6    18.0    17.8    14.3    21.1    23.4    26.5    26.1    25.0    25.8    27.4    26.7    22.9 -9999.0 -9999.0 -9999.0 -9999.0 -9999.0 -9999.0 -9999.0 -9999.0 -9999.0 -9999.0 -9999.0 -9999.0 -9999.0 -9999.0 -9999.0 -9999.0 -9999.0 -9999.0 -9999.0 -9999.0 -9999.0 -9999.0 -9999.0 -9999.0 -9999.0 -9999.0 -9999.0 -9999.0 -9999.0 -9999.0 -9999.0 -9999.0 -9999.0 -9999.0 -9999.0 -9999.0 -9999.0
 -9999.0 -9999.0 -9999.0     6.5     2.1     2.3     1.3     0.4     0.1     0.1     0.2     0.2     0.2     0.2     0.2     0.2     0.2     0.2     0.2     0.2     0.2     0.1     0.1     0.1     0.1     0.2     0.2     0.2     0.3     0.3     0.3     0.6     0.5     2.0     2.6     0.9     0.2     0.2     0.2     0.1     0.1     0.1     0.2     0.2     0.3     0.7     1.4     1.3     1.4     0.8     0.4     0.3     0.5     1.5     1.9     3.9     5.0     5.6     4.8     1.0     0.2     0.1     0.2     0.4     0.8     1.4     2.1     2.0     2.2     1.6     1.6     2.0     2.6     3.5     6.2    10.1    14.2    16.6    26.2    23.2    27.1    25.8    30.6    28.0    29.1    26.7    21.8    21.1    25.2    27.7    27.1    24.0 -9999.0 -9999.0 -9999.0 -9999.0 -9999.0 -9999.0 -9999.0 -9999.0 -9999.0 -9999.0 -9999.0 -9999.0 -9999.0 -9999.0 -9999.0 -9999.0 -9999.0 -9999.0 -9999.0 -9999.0 -9999.0 -9999.0 -9999.0 -9999.0 -9999.0 -9999.0 -9999.0 -9999.0 -9999.0 -9999.0 -9999.0 -9999.0 -9999.0 -9999.0 -9999.0 -9999.0
 -9999.0 -9999.0 -9999.0 -9999.0 -9999.0     0.9     0.2     0.1     0.2     0.1     0.2     0.2     0.2     0.2     0.2     0.2     0.2     0.2     0.2     0.2     0.2     0.2     0.2     0.2     0.2     0.2     0.2     0.2     0.2     0.3     0.4     0.8     1.2     1.0     3.0     0.9     1.0     0.8     0.3     0.2     0.1     0.1     0.2     0.2     0.3     0.5     0.6     1.2     0.8     0.9     0.4     0.6     0.4     0.4     0.9     1.9     3.9     7.0    10.4    10.2     5.3     0.2     0.3     0.3     0.6     1.0     1.4     1.3     0.9     0.8     1.1     1.6     2.3     3.7     7.8    14.9    21.5    22.7    28.0    34.4    35.6    30.3    34.5    32.8    34.5    32.3    28.1    25.5    26.7    28.0    28.9    29.9    31.2    32.5 -9999.0 -9999.0 -9999.0    40.2 -9999.0 -9999.0 -9999.0 -9999.0 -9999.0 -9999.0 -9999.0 -9999.0 -9999.0 -9999.0 -9999.0 -9999.0 -9999.0 -9999.0 -9999.0 -9999.0 -9999.0 -9999.0 -9999.0 -9999.0 -9999.0 -9999.0 -9999.0 -9999.0 -9999.0 -9999.0 -9999.0 -9999.0 -9999.0 -9999.0
 -9999.0 -9999.0 -9999.0 -9999.0     1.4     2.1     2.5     0.4     0.2     0.1     0.1     0.1     0.1     0.2     0.2     0.2     0.2     0.2     0.2     0.2     0.2     0.2     0.2     0.2     0.1     0.1     0.1     0.6     0.2     0.5     0.8     0.9     1.0     1.5     0.9     0.9     0.7     2.9     2.2     0.8     0.2     0.1     0.2     0.2     0.2     0.3     0.3     0.4     0.4     0.3     0.4     0.3     0.3     0.3     0.2     0.5     1.7     5.4    10.4    10.1     7.9     3.2     1.0     0.3     0.3     0.6     0.8     0.7     0.6     0.7     1.6     3.1     4.9     7.5    12.8    21.1    29.5    33.0    38.3    26.9    31.0    39.8    39.2    39.0    42.0    38.1    33.9    30.2    28.4    27.8    29.6    34.3    38.6    40.0 -9999.0 -9999.0    42.8    46.0    45.0    39.4    29.2 -9999.0 -9999.0 -9999.0 -9999.0 -9999.0 -9999.0 -9999.0 -9999.0 -9999.0 -9999.0 -9999.0 -9999.0 -9999.0 -9999.0 -9999.0 -9999.0 -9999.0 -9999.0 -9999.0 -9999.0 -9999.0 -9999.0 -9999.0 -9999.0 -9999.0 -9999.0 -9999.0
 -9999.0 -9999.0 -9999.0 -9999.0     2.6     1.1     2.3     0.4     1.7     0.9     0.1     0.2     0.1     0.0     0.1     0.1     0.0     0.1     0.2     0.2     0.1     0.1     0.1     0.0     0.1     0.2     0.1     0.2     0.3     0.5     0.7     1.2     1.1     1.2     1.6     1.3     2.2     3.2     1.6     0.6     1.6     0.2     0.2     0.2     0.2     0.2     0.2     0.2     0.2     0.3     0.5     0.5     0.3     0.2     0.2     0.3     1.2     4.4     9.2     5.9     7.3     0.8     0.3     0.2     0.2     0.4     1.0     1.0     1.2     2.8     4.1     7.2    11.1    15.9    21.9    27.8    34.9    35.7    37.2    38.5    43.1    43.3    41.5    41.4    42.7    37.3    31.7    27.8    27.3    28.8    31.8    39.9    41.7    40.7    38.5    39.1    43.3    48.0    48.8 -9999.0 -9999.0 -9999.0 -9999.0 -9999.0 -9999.0 -9999.0 -9999.0 -9999.0 -9999.0 -9999.0 -9999.0 -9999.0 -9999.0 -9999.0 -9999.0 -9999.0 -9999.0 -9999.0 -9999.0 -9999.0 -9999.0 -9999.0 -9999.0 -9999.0 -9999.0 -9999.0 -9999.0 -9999.0
 -9999.0 -9999.0 -9999.0 -9999.0 -9999.0 -9999.0 -9999.0     0.7     1.0     0.3     1.0     0.6     0.1     0.1     0.1     0.1     0.0     0.0     0.1     0.0     0.0     0.0     0.0     0.1     0.1     0.1     0.2     0.3     0.5     0.9     1.1     1.3     1.4     1.8     2.5     2.0     3.3     2.9     4.6     5.0     1.3     5.6     4.3     2.0     0.8     0.3     0.5     0.4     0.5     0.4     0.6     0.8     0.6     0.7     0.5     0.5     1.1     3.3     6.3     8.7     7.0     1.0     0.2     0.2     0.5     0.8     2.1     3.9     4.5     6.5     8.8    13.3    18.2    23.8    29.5    30.4    36.0    33.0    35.6    54.4    49.3    44.5    38.9    37.3    37.8    34.4    29.4    26.3    28.2    32.2    35.6    40.0    42.0    38.2    34.9    37.0    41.7 -9999.0 -9999.0 -9999.0 -9999.0 -9999.0 -9999.0 -9999.0 -9999.0 -9999.0 -9999.0 -9999.0 -9999.0 -9999.0 -9999.0 -9999.0 -9999.0 -9999.0 -9999.0 -9999.0 -9999.0 -9999.0 -9999.0 -9999.0 -9999.0 -9999.0 -9999.0 -9999.0 -9999.0 -9999.0 -9999.0 -9999.0
 -9999.0 -9999.0 -9999.0 -9999.0 -9999.0 -9999.0 -9999.0     3.5     0.4     0.9     1.0     0.3     0.3     0.5     0.1     0.3     0.1     0.1     0.1     0.0     0.0     0.1     0.1     0.1     0.1     0.1     0.2     0.4     0.4     0.5     1.0     1.3     1.5     2.4     2.0     2.4     2.3     3.5     3.6     3.3     3.5     3.4     3.7     6.5     2.1     0.9     1.3     1.3     2.2     1.4     2.0     1.3     0.9     0.8     1.1     0.8     1.1     2.2     4.4     6.6     6.9     4.2     1.3     1.0     1.0     2.0     4.6     7.6    11.6    10.4    14.2    18.8    22.9    29.3    37.5    30.8    27.8    35.2    58.4    56.7    43.1    39.3    33.2    30.5    33.2    34.2    30.4    27.6    29.3    32.0    34.6    35.7    33.2    29.8    32.0    35.9 -9999.0 -9999.0 -9999.0 -9999.0 -9999.0 -9999.0 -9999.0 -9999.0 -9999.0 -9999.0 -9999.0 -9999.0 -9999.0 -9999.0 -9999.0 -9999.0 -9999.0 -9999.0 -9999.0 -9999.0 -9999.0 -9999.0 -9999.0 -9999.0 -9999.0 -9999.0 -9999.0 -9999.0 -9999.0 -9999.0 -9999.0 -9999.0
 -9999.0 -9999.0 -9999.0 -9999.0 -9999.0 -9999.0 -9999.0 -9999.0 -9999.0     1.0     0.7     0.4     0.7     0.4     0.2     0.1     0.1     0.4     0.1     0.2     0.1     0.1     0.1     0.1     0.1     0.1     0.2     0.3     0.4     0.8     0.6     1.0     1.2     1.8     1.4     1.7     1.9     2.8     2.6     3.3     2.7     3.2     2.7     2.1     3.1     3.0     3.2     3.0     2.9     2.5     2.4     1.8     1.6     1.8     2.4     1.8     1.6     2.2     4.4     6.9     8.2     7.8     6.4     2.3     2.6     4.0     7.2    10.7    17.2    15.3    19.0    23.6    27.8    34.3    37.7    47.0    44.9    44.6    49.5    49.4    39.6    34.2    35.2    30.7    33.2    35.1    30.6    27.2    26.7    27.6    29.9    29.1    24.4    23.5    30.5 -9999.0 -9999.0 -9999.0 -9999.0 -9999.0 -9999.0 -9999.0 -9999.0 -9999.0 -9999.0 -9999.0 -9999.0 -9999.0 -9999.0 -9999.0 -9999.0 -9999.0 -9999.0 -9999.0 -9999.0 -9999.0 -9999.0 -9999.0 -9999.0 -9999.0 -9999.0 -9999.0 -9999.0 -9999.0 -9999.0 -9999.0 -9999.0 -9999.0
 -9999.0 -9999.0 -9999.0 -9999.0 -9999.0 -9999.0 -9999.0 -9999.0 -9999.0 -9999.0 -9999.0     1.3     0.2     0.8     0.3     0.3     0.2     0.1     0.1     0.1     0.1     0.1     0.1     0.1     0.2     0.2     0.3     0.4     0.5     0.6     0.8     1.4     1.2     1.4     1.4     3.1     2.1     2.6     6.6     3.3     4.4     2.8     1.9     1.6     4.2     2.7     5.5     4.3     4.5     3.8     2.9     2.9     3.2     3.9     5.1     5.0     4.2     4.7     6.2     8.8    11.0    11.0     8.6     5.3     5.4     4.8     5.2    10.5    16.8    18.9    22.9    32.1    38.9    46.8    62.0    58.0    52.3    35.8    37.3    37.3    41.3    41.8    38.1    37.8    36.2    32.4    28.9    27.0    26.5    27.4    28.0    24.4    20.9    23.3    34.2 -9999.0 -9999.0 -9999.0 -9999.0 -9999.0 -9999.0 -9999.0 -9999.0 -9999.0 -9999.0 -9999.0 -9999.0 -9999.0 -9999.0 -9999.0 -9999.0 -9999.0 -9999.0 -9999.0 -9999.0 -9999.0 -9999.0 -9999.0 -9999.0 -9999.0 -9999.0 -9999.0 -9999.0 -9999.0 -9999.0 -9999.0 -9999.0 -9999.0
 -9999.0 -9999.0 -9999.0 -9999.0 -9999.0 -9999.0 -9999.0 -9999.0 -9999.0 -9999.0 -9999.0 -9999.0     0.4     0.3     0.6     0.3     0.6     0.2     0.2     0.3     0.1     0.1     0.1     0.1     0.5     0.2     0.2     0.5     0.6     1.2     1.0     1.1     1.2     2.0     2.3     2.2     5.0     3.1     2.6     2.1     1.9     1.7     1.6     2.4     2.5     3.7     5.5     4.4     5.0     4.8     5.5     5.5     5.7     6.8     8.5     9.4     9.1     9.0     8.7    11.1    13.8    14.9    14.1    10.2     6.1     9.3     7.7    12.2    17.6    22.3    34.3    49.2    57.0    66.1    59.6    34.2    24.3    21.9    29.7    20.6    31.6    38.7    44.1    48.5    43.4    35.0    31.3    30.7    31.3    32.0    30.0    24.1    21.8    26.2    36.6    41.4    38.5 -9999.0 -9999.0 -9999.0 -9999.0 -9999.0 -9999.0 -9999.0 -9999.0 -9999.0 -9999.0 -9999.0 -9999.0 -9999.0 -9999.0 -9999.0 -9999.0 -9999.0 -9999.0 -9999.0 -9999.0 -9999.0 -9999.0 -9999.0 -9999.0 -9999.0 -9999.0 -9999.0 -9999.0 -9999.0 -9999.0 -9999.0
 -9999.0 -9999.0 -9999.0 -9999.0 -9999.0 -9999.0 -9999.0 -9999.0 -9999.0 -9999.0 -9999.0 -9999.0     1.8     0.3     0.2     0.4     0.2     0.2     0.2     0.2     0.1     0.2     0.1     0.1     0.1     0.2     0.2     0.3     0.5     0.6     1.0     1.7     1.5     1.5     2.0     1.9     4.1     5.0     4.3     3.5     2.1     1.6     3.5     1.5     3.2     5.5     4.3     4.9     4.5     6.1     6.3     7.5     8.1    10.3    11.9    13.2    12.2    11.1    10.3    11.6    13.7    15.1    15.3    14.6     8.0     9.8     9.1    15.6    26.8    39.9    52.1    62.3    70.6    79.5    55.1    31.9    21.7    16.4    18.9    23.7    21.9    41.3    50.5    56.7    52.4    44.6    40.6    39.4    38.1    34.5    28.8    24.2    23.6    28.4    34.9    34.4    30.0 -9999.0 -9999.0 -9999.0 -9999.0 -9999.0 -9999.0 -9999.0 -9999.0 -9999.0 -9999.0 -9999.0 -9999.0 -9999.0 -9999.0 -9999.0 -9999.0 -9999.0 -9999.0 -9999.0 -9999.0 -9999.0 -9999.0 -9999.0 -9999.0 -9999.0 -9999.0 -9999.0 -9999.0 -9999.0 -9999.0 -9999.0
 -9999.0 -9999.0 -9999.0 -9999.0 -9999.0 -9999.0 -9999.0 -9999.0 -9999.0 -9999.0 -9999.0 -9999.0 -9999.0     0.6     1.1     0.2     0.3     0.2     0.1     0.1     0.1     0.1     0.2     0.1     0.1     0.3     0.4     0.8     0.8     1.0     0.9     1.1     1.9     2.1     1.3     1.6     2.4     4.2    12.5     7.6     5.7     5.9     4.1     6.4     3.7     3.2     5.9     8.4     9.4     9.2     9.2     8.8     9.6    14.1    14.2    14.2    13.0    11.7    11.5    10.1    10.6    11.6    13.1    10.1     7.9    10.8    15.4    27.7    51.3    89.7   126.4   129.7   120.3    85.8    56.1    29.0    18.6    20.8    34.8    38.7    27.5    39.1    50.4    59.4    59.4    55.8    52.9    49.8    44.4    34.2    24.8    22.1    23.2    26.2    28.0    26.2    23.6 -9999.0 -9999.0 -9999.0 -9999.0 -9999.0 -9999.0 -9999.0 -9999.0 -9999.0 -9999.0 -9999.0 -9999.0 -9999.0 -9999.0 -9999.0 -9999.0 -9999.0 -9999.0 -9999.0 -9999.0 -9999.0 -9999.0 -9999.0 -9999.0 -9999.0 -9999.0 -9999.0 -9999.0 -9999.0 -9999.0 -9999.0
 -9999.0 -9999.0 -9999.0 -9999.0 -9999.0 -9999.0 -9999.0 -9999.0 -9999.0 -9999.0 -9999.0 -9999.0     0.9     1.7     1.0     0.3     0.7     0.3     0.2     0.1     0.1     0.1     0.1     0.1     0.2     0.3     0.4     0.4     0.6     1.0     1.2     1.1     2.2     1.5     1.8     1.5     3.8     3.0     4.4     6.3    13.8    18.3    19.9     5.3     7.1     8.0     7.5     7.5    10.1    11.0    13.0    14.4    11.0    13.0    12.4    12.5    12.5    10.5     9.7     8.0     7.9     9.8    10.6    14.4    13.4    15.8    27.7    51.0    78.1    95.1   127.8   145.1    92.2    42.6    27.3    21.4    25.5    33.3    37.4    40.3    38.1    39.8    51.4    64.7    69.4    67.5    62.7    56.3    47.3    33.9    23.8    22.2    24.7    25.3    24.9    24.4    24.8    27.7 -9999.0 -9999.0 -9999.0 -9999.0 -9999.0 -9999.0 -9999.0 -9999.0 -9999.0 -9999.0 -9999.0 -9999.0 -9999.0 -9999.0 -9999.0 -9999.0 -9999.0 -9999.0 -9999.0 -9999.0 -9999.0 -9999.0 -9999.0 -9999.0 -9999.0 -9999.0 -9999.0 -9999.0 -9999.0 -9999.0
 -9999.0 -9999.0 -9999.0 -9999.0 -9999.0 -9999.0 -9999.0 -9999.0 -9999.0 -9999.0 -9999.0 -9999.0     1.8     0.3     0.4     1.9     1.0     0.2     0.1     0.2     0.1     0.2     0.2     0.2     0.2     0.2     0.3     0.4     0.6     0.7     1.0     1.4     2.3     1.3     1.1     1.3     1.4     3.4     5.4     5.0     7.2     6.4     6.6     8.3    10.2    13.3    19.6    18.3    16.7    10.4    10.1    13.0     9.0     8.0     9.4     9.9    10.4    10.6     9.5    10.1    11.0    13.4    10.2    13.0    17.4    21.1    31.8    61.5   112.4   162.3   162.5   118.8    68.0    53.3    44.0    22.1    24.2    21.4    26.9    40.0    40.9    44.2    58.9    74.2    79.0    74.4    64.3    55.5    46.7    35.7    27.3    26.0    28.7    28.5    28.7    29.1    29.9    32.1    36.8 -9999.0 -9999.0 -9999.0 -9999.0 -9999.0 -9999.0 -9999.0 -9999.0 -9999.0 -9999.0 -9999.0 -9999.0 -9999.0 -9999.0 -9999.0 -9999.0 -9999.0 -9999.0 -9999.0 -9999.0 -9999.0 -9999.0 -9999.0 -9999.0 -9999.0 -9999.0 -9999.0 -9999.0 -9999.0
 -9999.0 -9999.0 -9999.0 -9999.0 -9999.0 -9999.0 -9999.0 -9999.0 -9999.0 -9999.0 -9999.0 -9999.0     0.2     1.1     0.2     0.3     0.2     0.8     0.2     0.2     0.5     0.5     0.2     0.3     0.3     0.5     0.5     0.9     0.6     0.8     1.2     2.4     1.9     1.5     1.2     1.2     1.8     3.9     5.6    11.3    10.6     6.2    21.5     4.6    14.8    27.1    30.1    22.1    13.9    12.1    11.3     7.2    18.2    17.7    11.5     8.8    10.5    11.5    12.1    10.3    10.2    11.9    22.7    18.7    24.5    31.1    38.9    59.3   101.3   134.7   120.5    94.4    61.3    57.0    75.8    41.4    42.5    24.0    26.2    40.8    56.9    62.3    75.1    80.0    76.5    67.1    57.9    59.0    41.7    35.7    30.7    29.7    31.0    31.8    32.0    31.4    30.1    29.6    33.0    36.2 -9999.0 -9999.0 -9999.0 -9999.0 -9999.0 -9999.0 -9999.0 -9999.0 -9999.0 -9999.0 -9999.0 -9999.0 -9999.0 -9999.0 -9999.0 -9999.0 -9999.0 -9999.0 -9999.0 -9999.0 -9999.0 -9999.0 -9999.0 -9999.0 -9999.0 -9999.0 -9999.0 -9999.0
 -9999.0 -9999.0 -9999.0 -9999.0 -9999.0 -9999.0 -9999.0 -9999.0 -9999.0 -9999.0 -9999.0 -9999.0 -9999.0     3.6     2.0     0.3     0.3     0.2     0.5     0.6     1.8     0.5     0.8     1.0     0.5     0.6     0.5     0.5     0.8     0.7     1.7     2.2     3.1     2.5     2.4     4.6     5.6     5.5     9.8    11.3    13.8    36.1    44.4    34.6    17.7    21.8    30.4    14.6    22.6    16.3     7.5    14.1     9.6     5.0    11.6    12.1     9.4    11.1    13.6    18.8    17.7    34.6    25.6    26.3    30.4    35.2    41.0    60.5    97.1   111.1    89.3    56.8    51.3    27.7    47.1    43.4    39.9    38.0    40.2    60.7    77.4    81.5    80.2    72.6    61.1    51.4    48.3    57.2    49.5    36.6    30.6    30.8    31.3    30.6    30.5    31.1    27.4    24.5    25.2 -9999.0 -9999.0 -9999.0 -9999.0 -9999.0 -9999.0 -9999.0 -9999.0 -9999.0 -9999.0 -9999.0 -9999.0 -9999.0 -9999.0 -9999.0 -9999.0 -9999.0 -9999.0 -9999.0 -9999.0 -9999.0 -9999.0 -9999.0 -9999.0 -9999.0 -9999.0 -9999.0 -9999.0 -9999.0
 -9999.0 -9999.0 -9999.0 -9999.0 -9999.0 -9999.0 -9999.0 -9999.0 -9999.0 -9999.0 -9999.0 -9999.0 -9999.0     0.1     2.1     0.4     1.7     0.3     0.3     0.6     2.3     2.1     2.2     1.6     0.8     0.9     0.9     0.6     0.6     2.4     2.2     2.9     3.2     4.0     5.6     6.4     5.8     8.8    17.0    39.1    26.6    34.8    40.1    40.6    61.4    33.7    30.0    13.5    13.6    10.7    14.1     4.3     9.5    13.0    15.0    11.7     9.0    11.1    15.7     9.7    21.6    14.2    25.4    36.0    37.8    39.4    45.2    66.8    92.3    94.8    70.1    49.1    39.9    48.2    64.3    77.6    75.6    62.8    74.4    82.0    85.0    79.5    69.8    58.8    47.2    40.0    40.0    41.0    37.2    28.3    27.5    28.1    30.0    29.8    31.0    33.7    33.1    31.1    31.7 -9999.0 -9999.0 -9999.0 -9999.0 -9999.0 -9999.0 -9999.0 -9999.0 -9999.0 -9999.0 -9999.0 -9999.0 -9999.0 -9999.0 -9999.0 -9999.0 -9999.0 -9999.0 -9999.0 -9999.0 -9999.0 -9999.0 -9999.0 -9999.0 -9999.0 -9999.0 -9999.0 -9999.0 -9999.0
 -9999.0 -9999.0 -9999.0 -9999.0 -9999.0 -9999.0 -9999.0 -9999.0 -9999.0 -9999.0 -9999.0 -9999.0 -9999.0 -9999.0 -9999.0     0.7     0.5     0.9     0.6     0.6     2.4     1.7     1.8     2.2     2.4     2.0     3.4     1.5     2.6     0.8     1.6     2.2     5.7     6.7     6.2    13.1    19.6     8.4    16.2    24.2    44.5    53.9    51.4    42.4    17.8    11.1    24.1     6.4    13.8     1.8     6.9    20.4     8.6     8.6     5.4     9.0    10.4     5.4    18.4    25.0     6.7    16.9    46.5    48.5    44.9    44.5    53.8    76.8    90.2    76.2    61.6    52.5    65.7    75.9    83.8   103.5    97.7    89.4    82.2    85.3    78.8    67.7    57.3    47.9    39.3    33.3    30.7    30.1    25.1    22.3    23.2    30.8    31.0    35.5    35.6    38.8    42.5 -9999.0    55.1 -9999.0 -9999.0 -9999.0 -9999.0 -9999.0 -9999.0 -9999.0 -9999.0 -9999.0 -9999.0 -9999.0 -9999.0 -9999.0 -9999.0 -9999.0 -9999.0 -9999.0 -9999.0 -9999.0 -9999.0 -9999.0 -9999.0 -9999.0 -9999.0 -9999.0 -9999.0 -9999.0 -9999.0 -9999.0
 -9999.0 -9999.0 -9999.0 -9999.0 -9999.0 -9999.0 -9999.0 -9999.0 -9999.0 -9999.0 -9999.0 -9999.0 -9999.0 -9999.0 -9999.0 -9999.0 -9999.0     0.2     0.3 -9999.0     1.0     3.5     2.7     3.1     4.3     3.5     5.3     2.7     1.0     1.7     1.0     1.1     6.6     3.6     3.1     6.8    22.5     4.1    16.2    23.6    34.8    55.5    45.5    32.7     3.1     7.8     8.2    29.8     5.7    10.6     3.0     8.1     7.6    10.1    10.7    11.1     6.8    15.8    17.8    24.4     5.7    24.9    49.6    51.5    43.7    40.9    51.0    67.3    76.3    64.9    64.3    65.0    81.3    94.2   105.4   114.7   104.9    91.6    84.8    79.9    72.4    62.8    51.6    41.5    35.4    30.3    26.1    23.3    21.4    19.4    22.9    27.3    21.9    23.5    28.3    31.6    33.4    38.8    43.0    43.5    38.3 -9999.0 -9999.0 -9999.0 -9999.0 -9999.0 -9999.0 -9999.0 -9999.0 -9999.0 -9999.0 -9999.0 -9999.0 -9999.0 -9999.0 -9999.0 -9999.0 -9999.0 -9999.0 -9999.0 -9999.0 -9999.0 -9999.0 -9999.0 -9999.0 -9999.0 -9999.0 -9999.0
 -9999.0 -9999.0 -9999.0 -9999.0 -9999.0 -9999.0 -9999.0 -9999.0 -9999.0 -9999.0 -9999.0 -9999.0 -9999.0 -9999.0 -9999.0 -9999.0 -9999.0 -9999.0 -9999.0 -9999.0 -9999.0     4.1     6.2    10.0     7.2     5.0     4.0     2.7     1.6     0.5     0.5     0.5     1.6     3.0     2.5     5.7     6.4     7.2     5.7     2.8     4.1    45.2    47.7    34.5     2.0    14.6    13.3     7.3    31.3    98.4    12.7    31.3    25.0     9.6     9.7    14.3    14.9     9.9    32.2    21.1    10.0    22.1    42.1    41.6    34.2    31.2    40.9    55.0    67.5    59.5    56.4    67.1    87.5    98.8    96.6    97.2    91.0    79.4    79.4    76.6    70.6    62.7    49.7    37.5    35.7    27.4    24.0    21.8    19.2    16.1    17.6    15.2    26.7    28.1    14.3    13.5    13.3    14.8    19.9    26.6 -9999.0 -9999.0 -9999.0 -9999.0 -9999.0 -9999.0 -9999.0 -9999.0 -9999.0 -9999.0 -9999.0 -9999.0 -9999.0 -9999.0 -9999.0 -9999.0 -9999.0 -9999.0 -9999.0 -9999.0 -9999.0 -9999.0 -9999.0 -9999.0 -9999.0 -9999.0 -9999.0 -9999.0
 -9999.0 -9999.0 -9999.0 -9999.0 -9999.0 -9999.0 -9999.0 -9999.0 -9999.0 -9999.0 -9999.0 -9999.0 -9999.0 -9999.0 -9999.0 -9999.0 -9999.0 -9999.0 -9999.0 -9999.0 -9999.0 -9999.0 -9999.0     7.8     9.9     9.1     7.5     5.5     4.9     1.5     1.2     1.9     8.7     6.0    10.5    10.6    17.5     8.9    21.1    29.0    27.6    41.5    20.1     7.1     1.7    12.8     6.9     9.0    13.2    17.4    14.8    28.4    17.7    17.0    11.1     4.3    12.4    22.4     5.7    23.6    15.6    24.1    29.1    27.2    22.1    21.5    33.1    49.2    46.6    54.2    53.7    69.1    86.3   101.4    93.8    92.9    94.5    84.4    77.2    72.5    66.8    58.7    44.7    33.8    29.0    31.8    18.9    17.4    14.2    13.4    15.5    19.7    12.1    15.3     7.9     5.2     4.6     5.8     6.7 -9999.0 -9999.0 -9999.0 -9999.0 -9999.0 -9999.0 -9999.0 -9999.0 -9999.0 -9999.0 -9999.0 -9999.0 -9999.0 -9999.0 -9999.0 -9999.0 -9999.0 -9999.0 -9999.0 -9999.0 -9999.0 -9999.0 -9999.0 -9999.0 -9999.0 -9999.0 -9999.0 -9999.0 -9999.0
 -9999.0 -9999.0 -9999.0 -9999.0 -9999.0 -9999.0 -9999.0 -9999.0 -9999.0 -9999.0 -9999.0 -9999.0 -9999.0 -9999.0 -9999.0 -9999.0 -9999.0 -9999.0 -9999.0 -9999.0 -9999.0 -9999.0 -9999.0 -9999.0 -9999.0    11.8    12.6    18.6    12.6    17.1     6.0     2.5     3.1     6.5     4.7    15.5    36.6    11.7    26.3    14.6    33.9    14.8     0.5     0.9     5.6    15.1    14.9    32.5    18.7    21.8    36.1    30.5    35.8    30.2    14.7    10.0    14.7    11.1    25.3    25.7    26.5    29.8    60.3    18.9    15.5    17.7    27.5    34.4    42.7    50.5    59.8    73.0    80.2   100.0   104.8    94.5    88.4    82.5    73.2    57.8    49.7    42.2    32.7    26.5    25.8    18.4    14.3    10.3    11.1    13.5    13.7    11.9    15.2    18.2     7.2     6.7     3.6     3.0 -9999.0 -9999.0 -9999.0 -9999.0 -9999.0 -9999.0 -9999.0 -9999.0 -9999.0 -9999.0 -9999.0 -9999.0 -9999.0 -9999.0 -9999.0 -9999.0 -9999.0 -9999.0 -9999.0 -9999.0 -9999.0 -9999.0 -9999.0 -9999.0 -9999.0 -9999.0 -9999.0 -9999.0 -9999.0 -9999.0
 -9999.0 -9999.0 -9999.0 -9999.0 -9999.0 -9999.0 -9999.0 -9999.0 -9999.0 -9999.0 -9999.0 -9999.0 -9999.0 -9999.0 -9999.0 -9999.0 -9999.0 -9999.0 -9999.0 -9999.0 -9999.0 -9999.0 -9999.0 -9999.0 -9999.0 -9999.0 -9999.0    12.1    10.4     7.7     5.2     4.1    14.8     3.1     9.1     0.9     5.3     4.9     0.8     5.4    14.0     1.7     0.7     4.2     8.7    16.6    26.2    34.8    43.0    36.8    51.3    52.3    37.1    31.6    25.3    24.1    13.3    11.2    25.1    20.6    25.6    35.0    20.6    16.6    24.3    20.1    28.1    42.7    50.6    59.1    68.3    79.1    82.7    96.3    88.9    80.4    81.5    67.1    48.7    36.6    32.3    30.6    28.4    28.4    25.6    21.7    18.4    21.1    14.9    17.2    23.4    22.8    16.5    11.0    10.5     7.1     4.9 -9999.0 -9999.0 -9999.0 -9999.0 -9999.0 -9999.0 -9999.0 -9999.0 -9999.0 -9999.0 -9999.0 -9999.0 -9999.0 -9999.0 -9999.0 -9999.0 -9999.0 -9999.0 -9999.0 -9999.0 -9999.0 -9999.0 -9999.0 -9999.0 -9999.0 -9999.0 -9999.0 -9999.0 -9999.0 -9999.0 -9999.0
 -9999.0 -9999.0 -9999.0 -9999.0 -9999.0 -9999.0 -9999.0 -9999.0 -9999.0 -9999.0 -9999.0 -9999.0 -9999.0 -9999.0 -9999.0 -9999.0 -9999.0 -9999.0 -9999.0 -9999.0 -9999.0 -9999.0 -9999.0 -9999.0 -9999.0 -9999.0 -9999.0 -9999.0 -9999.0 -9999.0 -9999.0 -9999.0 -9999.0     3.2     7.1 -9999.0 -9999.0 -9999.0     0.4     1.6     0.5     0.7     1.2     6.0    11.8    18.0 -9999.0 -9999.0 -9999.0 -9999.0 -9999.0 -9999.0    45.2    44.6    30.3    23.1    20.0    15.9    18.9    23.7    30.3    37.5    24.0    20.3    21.5    28.2    40.2    53.8    64.6    72.4    76.4    81.1    87.6    82.8    81.0    60.4    56.9    42.0    30.7    24.1    27.0    34.5    38.9    40.3    40.2    31.8    25.7    22.8    24.0    18.8    19.0    14.5     8.3     6.1     7.5     6.3     4.7 -9999.0 -9999.0 -9999.0 -9999.0 -9999.0 -9999.0 -9999.0 -9999.0 -9999.0 -9999.0 -9999.0 -9999.0 -9999.0 -9999.0 -9999.0 -9999.0 -9999.0 -9999.0 -9999.0 -9999.0 -9999.0 -9999.0 -9999.0 -9999.0 -9999.0 -9999.0 -9999.0 -9999.0 -9999.0 -9999.0 -9999.0
 -9999.0 -9999.0 -9999.0 -9999.0 -9999.0 -9999.0 -9999.0 -9999.0 -9999.0 -9999.0 -9999.0 -9999.0 -9999.0 -9999.0 -9999.0 -9999.0 -9999.0 -9999.0 -9999.0 -9999.0 -9999.0 -9999.0 -9999.0 -9999.0 -9999.0 -9999.0 -9999.0 -9999.0 -9999.0 -9999.0 -9999.0 -9999.0 -9999.0 -9999.0 -9999.0 -9999.0 -9999.0 -9999.0 -9999.0     1.1     1.5     2.5     4.3     7.2 -9999.0 -9999.0 -9999.0 -9999.0 -9999.0 -9999.0 -9999.0 -9999.0    46.9    53.1    38.6    28.1    24.1    22.3    25.1    31.3    35.4    38.2    38.2    27.1    39.3    49.0    60.4    69.9    81.4    87.2    84.0    79.2    70.5    66.1    47.7    36.7    28.9    24.3    21.7    25.2    30.2    40.9    47.0    45.0    44.4    31.7    22.3    19.9    16.0    13.9     9.4     5.0     2.2     3.9     5.3     4.8 -9999.0 -9999.0 -9999.0 -9999.0 -9999.0 -9999.0 -9999.0 -9999.0 -9999.0 -9999.0 -9999.0 -9999.0 -9999.0 -9999.0 -9999.0 -9999.0 -9999.0 -9999.0 -9999.0 -9999.0 -9999.0 -9999.0 -9999.0 -9999.0 -9999.0 -9999.0 -9999.0 -9999.0 -9999.0 -9999.0 -9999.0 -9999.0
 -9999.0 -9999.0 -9999.0 -9999.0 -9999.0 -9999.0 -9999.0 -9999.0 -9999.0 -9999.0 -9999.0 -9999.0 -9999.0 -9999.0 -9999.0 -9999.0 -9999.0 -9999.0 -9999.0 -9999.0 -9999.0 -9999.0 -9999.0 -9999.0 -9999.0 -9999.0 -9999.0 -9999.0 -9999.0 -9999.0 -9999.0 -9999.0 -9999.0 -9999.0 -9999.0 -9999.0 -9999.0 -9999.0 -9999.0 -9999.0 -9999.0 -9999.0 -9999.0 -9999.0 -9999.0 -9999.0 -9999.0 -9999.0 -9999.0 -9999.0 -9999.0 -9999.0    39.1    58.6    42.8    44.5    32.8    30.7    34.0    41.1    43.8    42.5    77.0    39.1    46.4    49.7    63.6    78.5    84.3    84.4    78.9    67.9    63.9    40.4    26.5    16.8    14.5    15.7    24.1    29.0    28.9    32.7    38.8    31.5    29.7    20.8    12.3     9.7     8.6     5.4     2.8     2.1     0.3     1.8     2.3 -9999.0 -9999.0 -9999.0 -9999.0 -9999.0 -9999.0 -9999.0 -9999.0 -9999.0 -9999.0 -9999.0 -9999.0 -9999.0 -9999.0 -9999.0 -9999.0 -9999.0 -9999.0 -9999.0 -9999.0 -9999.0 -9999.0 -9999.0 -9999.0 -9999.0 -9999.0 -9999.0 -9999.0 -9999.0 -9999.0 -9999.0 -9999.0 -9999.0
 -9999.0 -9999.0 -9999.0 -9999.0 -9999.0 -9999.0 -9999.0 -9999.0 -9999.0 -9999.0 -9999.0 -9999.0 -9999.0 -9999.0 -9999.0 -9999.0 -9999.0 -9999.0 -9999.0 -9999.0 -9999.0 -9999.0 -9999.0 -9999.0 -9999.0 -9999.0 -9999.0 -9999.0 -9999.0 -9999.0 -9999.0 -9999.0 -9999.0 -9999.0 -9999.0 -9999.0 -9999.0 -9999.0 -9999.0 -9999.0 -9999.0 -9999.0 -9999.0 -9999.0 -9999.0 -9999.0 -9999.0 -9999.0 -9999.0 -9999.0 -9999.0    45.7    47.9    58.5    41.1    45.5    43.8    45.9    45.3    44.8    56.6    56.2    45.8    47.5    48.0    49.4    64.7    80.0    73.7    70.2    61.2    46.5    27.7    17.2    12.5    10.2    11.9    18.0    20.1    21.9    24.0    21.1    11.8    16.3    16.9    11.8     9.0     5.8     3.8     1.2     1.5     0.4     0.3     0.3     0.7 -9999.0 -9999.0 -9999.0 -9999.0 -9999.0 -9999.0 -9999.0 -9999.0 -9999.0 -9999.0 -9999.0 -9999.0 -9999.0 -9999.0 -9999.0 -9999.0 -9999.0 -9999.0 -9999.0 -9999.0 -9999.0 -9999.0 -9999.0 -9999.0 -9999.0 -9999.0 -9999.0 -9999.0 -9999.0 -9999.0 -9999.0 -9999.0 -9999.0
 -9999.0 -9999.0 -9999.0 -9999.0 -9999.0 -9999.0 -9999.0 -9999.0 -9999.0 -9999.0 -9999.0 -9999.0 -9999.0 -9999.0 -9999.0 -9999.0 -9999.0 -9999.0 -9999.0 -9999.0 -9999.0 -9999.0 -9999.0 -9999.0 -9999.0 -9999.0 -9999.0 -9999.0 -9999.0 -9999.0 -9999.0 -9999.0 -9999.0 -9999.0 -9999.0 -9999.0 -9999.0 -9999.0 -9999.0 -9999.0 -9999.0 -9999.0 -9999.0 -9999.0 -9999.0 -9999.0 -9999.0 -9999.0 -9999.0 -9999.0    40.6    58.4    61.3    63.5    57.7    59.7    57.9    55.1    54.3    57.8    55.0    61.0    52.4    55.6    52.5    53.6    54.4    62.7    56.2    51.9    42.0    23.4    14.3    13.8    13.2    14.6    17.3    19.4    27.0    19.4    11.3    10.9     8.9    12.5     7.9     7.6     6.5     4.8     2.2     0.8     0.5     0.6     0.2     0.2     0.3 -9999.0 -9999.0 -9999.0 -9999.0 -9999.0 -9999.0 -9999.0 -9999.0 -9999.0 -9999.0 -9999.0 -9999.0 -9999.0 -9999.0 -9999.0 -9999.0 -9999.0 -9999.0 -9999.0 -9999.0 -9999.0 -9999.0 -9999.0 -9999.0 -9999.0 -9999.0 -9999.0 -9999.0 -9999.0 -9999.0 -9999.0 -9999.0 -9999.0
 -9999.0 -9999.0 -9999.0 -9999.0 -9999.0 -9999.0 -9999.0 -9999.0 -9999.0 -9999.0 -9999.0 -9999.0 -9999.0 -9999.0 -9999.0 -9999.0 -9999.0 -9999.0 -9999.0 -9999.0 -9999.0 -9999.0 -9999.0 -9999.0 -9999.0 -9999.0 -9999.0 -9999.0 -9999.0 -9999.0 -9999.0 -9999.0 -9999.0 -9999.0 -9999.0 -9999.0 -9999.0 -9999.0 -9999.0 -9999.0 -9999.0 -9999.0 -9999.0 -9999.0 -9999.0 -9999.0 -9999.0 -9999.0 -9999.0 -9999.0    41.9    72.1    64.0    73.3    73.2    70.4    61.6    67.4    63.4    54.6    47.3    48.8    47.2    54.3    56.4    60.7    54.3    48.5    40.8    34.9    28.8    20.0    14.7    13.7    14.3    17.4    25.0    29.4    27.2    15.4    10.9     4.9     6.0     8.7     5.2     5.1     4.6     3.5     1.3     0.4     0.5     0.3     0.2     0.2 -9999.0 -9999.0 -9999.0 -9999.0 -9999.0 -9999.0 -9999.0 -9999.0 -9999.0 -9999.0 -9999.0 -9999.0 -9999.0 -9999.0 -9999.0 -9999.0 -9999.0 -9999.0 -9999.0 -9999.0 -9999.0 -9999.0 -9999.0 -9999.0 -9999.0 -9999.0 -9999.0 -9999.0 -9999.0 -9999.0 -9999.0 -9999.0 -9999.0 -9999.0
 -9999.0 -9999.0 -9999.0 -9999.0 -9999.0 -9999.0 -9999.0 -9999.0 -9999.0 -9999.0 -9999.0 -9999.0 -9999.0 -9999.0 -9999.0 -9999.0 -9999.0 -9999.0 -9999.0 -9999.0 -9999.0 -9999.0 -9999.0 -9999.0 -9999.0 -9999.0 -9999.0 -9999.0 -9999.0 -9999.0 -9999.0 -9999.0 -9999.0 -9999.0 -9999.0 -9999.0 -9999.0 -9999.0 -9999.0 -9999.0 -9999.0 -9999.0 -9999.0 -9999.0 -9999.0 -9999.0 -9999.0 -9999.0 -9999.0 -9999.0    36.8    62.7    63.7    86.1    77.3    70.6    75.9    67.0    68.5    49.7    50.1    53.3    53.3    52.3    54.2    49.9    42.2    31.4    26.1    29.5    24.4    33.8    24.0    27.4    22.0    26.0    35.4    30.6    24.0    16.7     8.2     6.9     6.8     5.3     3.1     2.9     1.8     0.8     0.4     0.2     0.5     0.2 -9999.0 -9999.0 -9999.0 -9999.0 -9999.0 -9999.0 -9999.0 -9999.0 -9999.0 -9999.0 -9999.0 -9999.0 -9999.0 -9999.0 -9999.0 -9999.0 -9999.0 -9999.0 -9999.0 -9999.0 -9999.0 -9999.0 -9999.0 -9999.0 -9999.0 -9999.0 -9999.0 -9999.0 -9999.0 -9999.0 -9999.0 -9999.0 -9999.0 -9999.0 -9999.0 -9999.0
 -9999.0 -9999.0 -9999.0 -9999.0 -9999.0 -9999.0 -9999.0 -9999.0 -9999.0 -9999.0 -9999.0 -9999.0 -9999.0 -9999.0 -9999.0 -9999.0 -9999.0 -9999.0 -9999.0 -9999.0 -9999.0 -9999.0 -9999.0 -9999.0 -9999.0 -9999.0 -9999.0 -9999.0 -9999.0 -9999.0 -9999.0 -9999.0 -9999.0 -9999.0 -9999.0 -9999.0 -9999.0 -9999.0 -9999.0 -9999.0 -9999.0 -9999.0 -9999.0 -9999.0 -9999.0 -9999.0 -9999.0 -9999.0 -9999.0 -9999.0    54.6    77.3    80.3    88.2    83.4    77.9    59.8    68.2    71.8    59.1    64.6    62.1    50.8    56.2    51.0    40.3    33.7    24.8    28.7    15.8    25.8    33.6    41.3    40.3    29.2    33.3    36.3    24.9    19.1    11.1     7.8     4.8     3.7     2.3     1.8     1.4     1.3     0.3     0.5     0.5     0.2 -9999.0 -9999.0 -9999.0 -9999.0 -9999.0 -9999.0 -9999.0 -9999.0 -9999.0 -9999.0 -9999.0 -9999.0 -9999.0 -9999.0 -9999.0 -9999.0 -9999.0 -9999.0 -9999.0 -9999.0 -9999.0 -9999.0 -9999.0 -9999.0 -9999.0 -9999.0 -9999.0 -9999.0 -9999.0 -9999.0 -9999.0 -9999.0 -9999.0 -9999.0 -9999.0 -9999.0 -9999.0
 -9999.0 -9999.0 -9999.0 -9999.0 -9999.0 -9999.0 -9999.0 -9999.0 -9999.0 -9999.0 -9999.0 -9999.0 -9999.0 -9999.0 -9999.0 -9999.0 -9999.0 -9999.0 -9999.0 -9999.0 -9999.0 -9999.0 -9999.0 -9999.0 -9999.0 -9999.0 -9999.0 -9999.0 -9999.0 -9999.0 -9999.0 -9999.0 -9999.0 -9999.0 -9999.0 -9999.0 -9999.0 -9999.0 -9999.0 -9999.0 -9999.0 -9999.0 -9999.0 -9999.0 -9999.0 -9999.0 -9999.0 -9999.0 -9999.0 -9999.0 -9999.0 -9999.0 -9999.0    79.1    78.9    70.8    68.4    77.1    66.8    74.0   120.1    64.3   100.9    66.7    45.9    30.6    30.5    17.7    26.0    27.8    26.5    30.6    34.3    32.1    28.5    24.2    23.4    14.7     8.9     6.1     4.7     2.7     1.3     0.7     0.7     0.8     0.6     1.3     0.3     0.3 -9999.0 -9999.0 -9999.0 -9999.0 -9999.0 -9999.0 -9999.0 -9999.0 -9999.0 -9999.0 -9999.0 -9999.0 -9999.0 -9999.0 -9999.0 -9999.0 -9999.0 -9999.0 -9999.0 -9999.0 -9999.0 -9999.0 -9999.0 -9999.0 -9999.0 -9999.0 -9999.0 -9999.0 -9999.0 -9999.0 -9999.0 -9999.0 -9999.0 -9999.0 -9999.0 -9999.0 -9999.0 -9999.0
 -9999.0 -9999.0 -9999.0 -9999.0 -9999.0 -9999.0 -9999.0 -9999.0 -9999.0 -9999.0 -9999.0 -9999.0 -9999.0 -9999.0 -9999.0 -9999.0 -9999.0 -9999.0 -9999.0 -9999.0 -9999.0 -9999.0 -9999.0 -9999.0 -9999.0 -9999.0 -9999.0 -9999.0 -9999.0 -9999.0 -9999.0 -9999.0 -9999.0 -9999.0 -9999.0 -9999.0 -9999.0 -9999.0 -9999.0 -9999.0 -9999.0 -9999.0 -9999.0 -9999.0 -9999.0 -9999.0 -9999.0 -9999.0 -9999.0 -9999.0 -9999.0 -9999.0 -9999.0    66.3    62.4    82.7    69.0    67.8    86.7   128.9   102.9    80.4   128.4    66.6    45.0    27.7    14.1    26.6    17.1    20.0    19.2    22.0    24.6    22.8    19.4    20.9    11.3    10.4     5.2     3.5     2.3     1.1     0.3 -9999.0     0.3     0.4 -9999.0 -9999.0 -9999.0 -9999.0 -9999.0 -9999.0 -9999.0 -9999.0 -9999.0 -9999.0 -9999.0 -9999.0 -9999.0 -9999.0 -9999.0 -9999.0 -9999.0 -9999.0 -9999.0 -9999.0 -9999.0 -9999.0 -9999.0 -9999.0 -9999.0 -9999.0 -9999.0 -9999.0 -9999.0 -9999.0 -9999.0 -9999.0 -9999.0 -9999.0 -9999.0 -9999.0 -9999.0 -9999.0 -9999.0 -9999.0 -9999.0 -9999.0
 -9999.0 -9999.0 -9999.0 -9999.0 -9999.0 -9999.0 -9999.0 -9999.0 -9999.0 -9999.0 -9999.0 -9999.0 -9999.0 -9999.0 -9999.0 -9999.0 -9999.0 -9999.0 -9999.0 -9999.0 -9999.0 -9999.0 -9999.0 -9999.0 -9999.0 -9999.0 -9999.0 -9999.0 -9999.0 -9999.0 -9999.0 -9999.0 -9999.0 -9999.0 -9999.0 -9999.0 -9999.0 -9999.0 -9999.0 -9999.0 -9999.0 -9999.0 -9999.0 -9999.0 -9999.0 -9999.0 -9999.0 -9999.0 -9999.0 -9999.0 -9999.0 -9999.0 -9999.0    52.7    38.9    68.8    76.5    77.2    93.6   101.0   133.8   124.4   148.8   118.5    38.6 -9999.0 -9999.0 -9999.0    22.4    16.0    20.1    26.3    24.2    17.2    14.2    16.3     5.6     4.0    23.4     2.9     1.4     0.7     0.6 -9999.0 -9999.0 -9999.0 -9999.0 -9999.0 -9999.0 -9999.0 -9999.0 -9999.0 -9999.0 -9999.0 -9999.0 -9999.0 -9999.0 -9999.0 -9999.0 -9999.0 -9999.0 -9999.0 -9999.0 -9999.0 -9999.0 -9999.0 -9999.0 -9999.0 -9999.0 -9999.0 -9999.0 -9999.0 -9999.0 -9999.0 -9999.0 -9999.0 -9999.0 -9999.0 -9999.0 -9999.0 -9999.0 -9999.0 -9999.0 -9999.0 -9999.0 -9999.0 -9999.0 -9999.0
 -9999.0 -9999.0 -9999.0 -9999.0 -9999.0 -9999.0 -9999.0 -9999.0 -9999.0 -9999.0 -9999.0 -9999.0 -9999.0 -9999.0 -9999.0 -9999.0 -9999.0 -9999.0 -9999.0 -9999.0 -9999.0 -9999.0 -9999.0 -9999.0 -9999.0 -9999.0 -9999.0 -9999.0 -9999.0 -9999.0 -9999.0 -9999.0 -9999.0 -9999.0 -9999.0 -9999.0 -9999.0 -9999.0 -9999.0 -9999.0 -9999.0 -9999.0 -9999.0 -9999.0 -9999.0 -9999.0 -9999.0 -9999.0 -9999.0 -9999.0 -9999.0 -9999.0 -9999.0 -9999.0    49.0    60.0    55.7    57.9    97.9   133.7    75.9 -9999.0 -9999.0 -9999.0 -9999.0 -9999.0 -9999.0 -9999.0    13.7    22.2    40.3    29.8    23.1    17.0    11.0     6.3     3.2     0.9     0.7 -9999.0     1.6 -9999.0 -9999.0 -9999.0 -9999.0 -9999.0 -9999.0 -9999.0 -9999.0 -9999.0 -9999.0 -9999.0 -9999.0 -9999.0 -9999.0 -9999.0 -9999.0 -9999.0 -9999.0 -9999.0 -9999.0 -9999.0 -9999.0 -9999.0 -9999.0 -9999.0 -9999.0 -9999.0 -9999.0 -9999.0 -9999.0 -9999.0 -9999.0 -9999.0 -9999.0 -9999.0 -9999.0 -9999.0 -9999.0 -9999.0 -9999.0 -9999.0 -9999.0 -9999.0 -9999.0 -9999.0 -9999.0 -9999.0
 -9999.0 -9999.0 -9999.0 -9999.0 -9999.0 -9999.0 -9999.0 -9999.0 -9999.0 -9999.0 -9999.0 -9999.0 -9999.0 -9999.0 -9999.0 -9999.0 -9999.0 -9999.0 -9999.0 -9999.0 -9999.0 -9999.0 -9999.0 -9999.0 -9999.0 -9999.0 -9999.0 -9999.0 -9999.0 -9999.0 -9999.0 -9999.0 -9999.0 -9999.0 -9999.0 -9999.0 -9999.0 -9999.0 -9999.0 -9999.0 -9999.0 -9999.0 -9999.0 -9999.0 -9999.0 -9999.0 -9999.0 -9999.0 -9999.0 -9999.0 -9999.0 -9999.0 -9999.0 -9999.0 -9999.0    46.6    93.1    71.3    62.3    89.2    80.1 -9999.0 -9999.0 -9999.0 -9999.0 -9999.0 -9999.0 -9999.0 -9999.0 -9999.0    26.7 -9999.0 -9999.0 -9999.0 -9999.0 -9999.0     2.5 -9999.0 -9999.0 -9999.0 -9999.0 -9999.0 -9999.0 -9999.0 -9999.0 -9999.0 -9999.0 -9999.0 -9999.0 -9999.0 -9999.0 -9999.0 -9999.0 -9999.0 -9999.0 -9999.0 -9999.0 -9999.0 -9999.0 -9999.0 -9999.0 -9999.0 -9999.0 -9999.0 -9999.0 -9999.0 -9999.0 -9999.0 -9999.0 -9999.0 -9999.0 -9999.0 -9999.0 -9999.0 -9999.0 -9999.0 -9999.0 -9999.0 -9999.0 -9999.0 -9999.0 -9999.0 -9999.0 -9999.0 -9999.0 -9999.0 -9999.0 -9999.0
 -9999.0 -9999.0 -9999.0 -9999.0 -9999.0 -9999.0 -9999.0 -9999.0 -9999.0 -9999.0 -9999.0 -9999.0 -9999.0 -9999.0 -9999.0 -9999.0 -9999.0 -9999.0 -9999.0 -9999.0 -9999.0 -9999.0 -9999.0 -9999.0 -9999.0 -9999.0 -9999.0 -9999.0 -9999.0 -9999.0 -9999.0 -9999.0 -9999.0 -9999.0 -9999.0 -9999.0 -9999.0 -9999.0 -9999.0 -9999.0 -9999.0 -9999.0 -9999.0 -9999.0 -9999.0 -9999.0 -9999.0 -9999.0 -9999.0 -9999.0 -9999.0 -9999.0 -9999.0 -9999.0 -9999.0 -9999.0 -9999.0 -9999.0    66.1    50.8 -9999.0 -9999.0 -9999.0 -9999.0 -9999.0 -9999.0 -9999.0 -9999.0 -9999.0 -9999.0 -9999.0 -9999.0 -9999.0 -9999.0 -9999.0     7.5     3.6 -9999.0 -9999.0 -9999.0 -9999.0 -9999.0 -9999.0 -9999.0 -9999.0 -9999.0 -9999.0 -9999.0 -9999.0 -9999.0 -9999.0 -9999.0 -9999.0 -9999.0 -9999.0 -9999.0 -9999.0 -9999.0 -9999.0 -9999.0 -9999.0 -9999.0 -9999.0 -9999.0 -9999.0 -9999.0 -9999.0 -9999.0 -9999.0 -9999.0 -9999.0 -9999.0 -9999.0 -9999.0 -9999.0 -9999.0 -9999.0 -9999.0 -9999.0 -9999.0 -9999.0 -9999.0 -9999.0 -9999.0 -9999.0 -9999.0 -9999.0 -9999.0
 -9999.0 -9999.0 -9999.0 -9999.0 -9999.0 -9999.0 -9999.0 -9999.0 -9999.0 -9999.0 -9999.0 -9999.0 -9999.0 -9999.0 -9999.0 -9999.0 -9999.0 -9999.0 -9999.0 -9999.0 -9999.0 -9999.0 -9999.0 -9999.0 -9999.0 -9999.0 -9999.0 -9999.0 -9999.0 -9999.0 -9999.0 -9999.0 -9999.0 -9999.0 -9999.0 -9999.0 -9999.0 -9999.0 -9999.0 -9999.0 -9999.0 -9999.0 -9999.0 -9999.0 -9999.0 -9999.0 -9999.0 -9999.0 -9999.0 -9999.0 -9999.0 -9999.0 -9999.0 -9999.0 -9999.0 -9999.0 -9999.0 -9999.0 -9999.0 -9999.0 -9999.0 -9999.0 -9999.0 -9999.0 -9999.0 -9999.0 -9999.0 -9999.0 -9999.0 -9999.0 -9999.0 -9999.0 -9999.0 -9999.0 -9999.0 -9999.0 -9999.0 -9999.0 -9999.0 -9999.0 -9999.0 -9999.0 -9999.0 -9999.0 -9999.0 -9999.0 -9999.0 -9999.0 -9999.0 -9999.0 -9999.0 -9999.0 -9999.0 -9999.0 -9999.0 -9999.0 -9999.0 -9999.0 -9999.0 -9999.0 -9999.0 -9999.0 -9999.0 -9999.0 -9999.0 -9999.0 -9999.0 -9999.0 -9999.0 -9999.0 -9999.0 -9999.0 -9999.0 -9999.0 -9999.0 -9999.0 -9999.0 -9999.0 -9999.0 -9999.0 -9999.0 -9999.0 -9999.0 -9999.0 -9999.0 -9999.0 -9999.0 -9999.0
 -9999.0 -9999.0 -9999.0 -9999.0 -9999.0 -9999.0 -9999.0 -9999.0 -9999.0 -9999.0 -9999.0 -9999.0 -9999.0 -9999.0 -9999.0 -9999.0 -9999.0 -9999.0 -9999.0 -9999.0 -9999.0 -9999.0 -9999.0 -9999.0 -9999.0 -9999.0 -9999.0 -9999.0 -9999.0 -9999.0 -9999.0 -9999.0 -9999.0 -9999.0 -9999.0 -9999.0 -9999.0 -9999.0 -9999.0 -9999.0 -9999.0 -9999.0 -9999.0 -9999.0 -9999.0 -9999.0 -9999.0 -9999.0 -9999.0 -9999.0 -9999.0 -9999.0 -9999.0 -9999.0 -9999.0 -9999.0 -9999.0 -9999.0 -9999.0 -9999.0 -9999.0 -9999.0 -9999.0 -9999.0 -9999.0 -9999.0 -9999.0 -9999.0 -9999.0 -9999.0 -9999.0 -9999.0 -9999.0 -9999.0 -9999.0    31.5    24.2    22.3 -9999.0 -9999.0 -9999.0 -9999.0 -9999.0 -9999.0 -9999.0 -9999.0 -9999.0 -9999.0 -9999.0 -9999.0 -9999.0 -9999.0 -9999.0 -9999.0 -9999.0 -9999.0 -9999.0 -9999.0 -9999.0 -9999.0 -9999.0 -9999.0 -9999.0 -9999.0 -9999.0 -9999.0 -9999.0 -9999.0 -9999.0 -9999.0 -9999.0 -9999.0 -9999.0 -9999.0 -9999.0 -9999.0 -9999.0 -9999.0 -9999.0 -9999.0 -9999.0 -9999.0 -9999.0 -9999.0 -9999.0 -9999.0 -9999.0 -9999.0
 -9999.0 -9999.0 -9999.0 -9999.0 -9999.0 -9999.0 -9999.0 -9999.0 -9999.0 -9999.0 -9999.0 -9999.0 -9999.0 -9999.0 -9999.0 -9999.0 -9999.0 -9999.0 -9999.0 -9999.0 -9999.0 -9999.0 -9999.0 -9999.0 -9999.0 -9999.0 -9999.0 -9999.0 -9999.0 -9999.0 -9999.0 -9999.0 -9999.0 -9999.0 -9999.0 -9999.0 -9999.0 -9999.0 -9999.0 -9999.0 -9999.0 -9999.0 -9999.0 -9999.0 -9999.0 -9999.0 -9999.0 -9999.0 -9999.0 -9999.0 -9999.0 -9999.0 -9999.0 -9999.0 -9999.0 -9999.0 -9999.0 -9999.0 -9999.0 -9999.0 -9999.0 -9999.0 -9999.0 -9999.0 -9999.0 -9999.0 -9999.0 -9999.0 -9999.0 -9999.0 -9999.0 -9999.0 -9999.0     7.8    56.1    60.3    78.8 -9999.0 -9999.0 -9999.0 -9999.0 -9999.0 -9999.0 -9999.0 -9999.0 -9999.0 -9999.0 -9999.0 -9999.0 -9999.0 -9999.0 -9999.0 -9999.0 -9999.0 -9999.0 -9999.0 -9999.0 -9999.0 -9999.0 -9999.0 -9999.0 -9999.0 -9999.0 -9999.0 -9999.0 -9999.0 -9999.0 -9999.0 -9999.0 -9999.0 -9999.0 -9999.0 -9999.0 -9999.0 -9999.0 -9999.0 -9999.0 -9999.0 -9999.0 -9999.0 -9999.0 -9999.0 -9999.0 -9999.0 -9999.0 -9999.0 -9999.0 -9999.0
 -9999.0 -9999.0 -9999.0 -9999.0 -9999.0 -9999.0 -9999.0 -9999.0 -9999.0 -9999.0 -9999.0 -9999.0 -9999.0 -9999.0 -9999.0 -9999.0 -9999.0 -9999.0 -9999.0 -9999.0 -9999.0 -9999.0 -9999.0 -9999.0 -9999.0 -9999.0 -9999.0 -9999.0 -9999.0 -9999.0 -9999.0 -9999.0 -9999.0 -9999.0 -9999.0 -9999.0 -9999.0 -9999.0 -9999.0 -9999.0 -9999.0 -9999.0 -9999.0 -9999.0 -9999.0 -9999.0 -9999.0 -9999.0 -9999.0 -9999.0 -9999.0 -9999.0 -9999.0 -9999.0 -9999.0 -9999.0 -9999.0 -9999.0 -9999.0 -9999.0 -9999.0 -9999.0 -9999.0 -9999.0 -9999.0 -9999.0 -9999.0 -9999.0 -9999.0 -9999.0 -9999.0 -9999.0 -9999.0 -9999.0    29.8   100.2    84.7 -9999.0 -9999.0 -9999.0 -9999.0 -9999.0 -9999.0 -9999.0 -9999.0 -9999.0 -9999.0 -9999.0 -9999.0 -9999.0 -9999.0 -9999.0 -9999.0 -9999.0 -9999.0 -9999.0 -9999.0 -9999.0 -9999.0 -9999.0 -9999.0 -9999.0 -9999.0 -9999.0 -9999.0 -9999.0 -9999.0 -9999.0 -9999.0 -9999.0 -9999.0 -9999.0 -9999.0 -9999.0 -9999.0 -9999.0 -9999.0 -9999.0 -9999.0 -9999.0 -9999.0 -9999.0 -9999.0 -9999.0 -9999.0 -9999.0 -9999.0 -9999.0
 -9999.0 -9999.0 -9999.0 -9999.0 -9999.0 -9999.0 -9999.0 -9999.0 -9999.0 -9999.0 -9999.0 -9999.0 -9999.0 -9999.0 -9999.0 -9999.0 -9999.0 -9999.0 -9999.0 -9999.0 -9999.0 -9999.0 -9999.0 -9999.0 -9999.0 -9999.0 -9999.0 -9999.0 -9999.0 -9999.0 -9999.0 -9999.0 -9999.0 -9999.0 -9999.0 -9999.0 -9999.0 -9999.0 -9999.0 -9999.0 -9999.0 -9999.0 -9999.0 -9999.0 -9999.0 -9999.0 -9999.0 -9999.0 -9999.0 -9999.0 -9999.0 -9999.0 -9999.0 -9999.0 -9999.0 -9999.0 -9999.0 -9999.0 -9999.0 -9999.0 -9999.0 -9999.0 -9999.0 -9999.0 -9999.0 -9999.0 -9999.0 -9999.0 -9999.0 -9999.0 -9999.0 -9999.0 -9999.0 -9999.0 -9999.0 -9999.0 -9999.0 -9999.0 -9999.0 -9999.0 -9999.0 -9999.0 -9999.0 -9999.0 -9999.0 -9999.0 -9999.0 -9999.0 -9999.0 -9999.0 -9999.0 -9999.0 -9999.0 -9999.0 -9999.0 -9999.0 -9999.0 -9999.0 -9999.0 -9999.0 -9999.0 -9999.0 -9999.0 -9999.0 -9999.0 -9999.0 -9999.0 -9999.0 -9999.0 -9999.0 -9999.0 -9999.0 -9999.0 -9999.0 -9999.0 -9999.0 -9999.0 -9999.0 -9999.0 -9999.0 -9999.0 -9999.0 -9999.0 -9999.0 -9999.0 -9999.0 -9999.0 -9999.0
