NCOLS      128
NROWS       72
XLLCORNER    72.000000000000    
YLLCORNER    18.000000000000    
CELLSIZE    0.50000000000000    
NODATA_VALUE   -9999.000    
 -9999.0 -9999.0 -9999.0 -9999.0 -9999.0 -9999.0 -9999.0 -9999.0 -9999.0 -9999.0 -9999.0 -9999.0 -9999.0 -9999.0 -9999.0 -9999.0 -9999.0 -9999.0 -9999.0 -9999.0 -9999.0 -9999.0 -9999.0 -9999.0 -9999.0 -9999.0 -9999.0 -9999.0 -9999.0 -9999.0 -9999.0 -9999.0 -9999.0 -9999.0 -9999.0 -9999.0 -9999.0 -9999.0 -9999.0 -9999.0 -9999.0 -9999.0 -9999.0 -9999.0 -9999.0 -9999.0 -9999.0 -9999.0 -9999.0 -9999.0 -9999.0 -9999.0 -9999.0 -9999.0 -9999.0 -9999.0 -9999.0 -9999.0 -9999.0 -9999.0 -9999.0 -9999.0 -9999.0 -9999.0 -9999.0 -9999.0 -9999.0 -9999.0 -9999.0 -9999.0 -9999.0 -9999.0 -9999.0 -9999.0 -9999.0 -9999.0 -9999.0 -9999.0 -9999.0 -9999.0 -9999.0 -9999.0 -9999.0 -9999.0 -9999.0 -9999.0 -9999.0 -9999.0 -9999.0 -9999.0 -9999.0 -9999.0 -9999.0 -9999.0 -9999.0 -9999.0 -9999.0    60.9    65.2    70.9    66.0    68.1    61.7    54.7    41.4 -9999.0 -9999.0 -9999.0 -9999.0 -9999.0 -9999.0 -9999.0 -9999.0 -9999.0 -9999.0 -9999.0 -9999.0 -9999.0 -9999.0 -9999.0 -9999.0 -9999.0 -9999.0 -9999.0 -9999.0 -9999.0 -9999.0 -9999.0
 -9999.0 -9999.0 -9999.0 -9999.0 -9999.0 -9999.0 -9999.0 -9999.0 -9999.0 -9999.0 -9999.0 -9999.0 -9999.0 -9999.0 -9999.0 -9999.0 -9999.0 -9999.0 -9999.0 -9999.0 -9999.0 -9999.0 -9999.0 -9999.0 -9999.0 -9999.0 -9999.0 -9999.0 -9999.0 -9999.0 -9999.0 -9999.0 -9999.0 -9999.0 -9999.0 -9999.0 -9999.0 -9999.0 -9999.0 -9999.0 -9999.0 -9999.0 -9999.0 -9999.0 -9999.0 -9999.0 -9999.0 -9999.0 -9999.0 -9999.0 -9999.0 -9999.0 -9999.0 -9999.0 -9999.0 -9999.0 -9999.0 -9999.0 -9999.0 -9999.0 -9999.0 -9999.0 -9999.0 -9999.0 -9999.0 -9999.0 -9999.0 -9999.0 -9999.0 -9999.0 -9999.0 -9999.0 -9999.0 -9999.0 -9999.0 -9999.0 -9999.0 -9999.0 -9999.0 -9999.0 -9999.0 -9999.0 -9999.0 -9999.0 -9999.0 -9999.0 -9999.0 -9999.0 -9999.0 -9999.0 -9999.0 -9999.0 -9999.0 -9999.0 -9999.0 -9999.0    53.6    53.2    44.3    51.4    45.2    46.8    50.3    51.2    47.3    47.4    41.3    31.5    23.9 -9999.0 -9999.0 -9999.0 -9999.0 -9999.0 -9999.0 -9999.0 -9999.0 -9999.0 -9999.0 -9999.0 -9999.0 -9999.0 -9999.0 -9999.0 -9999.0 -9999.0 -9999.0 -9999.0
 -9999.0 -9999.0 -9999.0 -9999.0 -9999.0 -9999.0 -9999.0 -9999.0 -9999.0 -9999.0 -9999.0 -9999.0 -9999.0 -9999.0 -9999.0 -9999.0 -9999.0 -9999.0 -9999.0 -9999.0 -9999.0 -9999.0 -9999.0 -9999.0 -9999.0 -9999.0 -9999.0 -9999.0 -9999.0 -9999.0 -9999.0 -9999.0 -9999.0 -9999.0 -9999.0 -9999.0 -9999.0 -9999.0 -9999.0 -9999.0 -9999.0 -9999.0 -9999.0 -9999.0 -9999.0 -9999.0 -9999.0 -9999.0 -9999.0 -9999.0 -9999.0 -9999.0 -9999.0 -9999.0 -9999.0 -9999.0 -9999.0 -9999.0 -9999.0 -9999.0 -9999.0 -9999.0 -9999.0 -9999.0 -9999.0 -9999.0 -9999.0 -9999.0 -9999.0 -9999.0 -9999.0 -9999.0 -9999.0 -9999.0 -9999.0 -9999.0 -9999.0 -9999.0 -9999.0 -9999.0 -9999.0 -9999.0 -9999.0 -9999.0 -9999.0 -9999.0 -9999.0 -9999.0 -9999.0 -9999.0 -9999.0 -9999.0 -9999.0 -9999.0 -9999.0    37.3    38.3    37.0    31.6    38.6    37.9    37.0    39.2    42.0    46.4    38.6    43.9    35.9    30.3 -9999.0 -9999.0 -9999.0 -9999.0 -9999.0 -9999.0 -9999.0 -9999.0 -9999.0 -9999.0 -9999.0 -9999.0 -9999.0 -9999.0 -9999.0 -9999.0 -9999.0 -9999.0 -9999.0
 -9999.0 -9999.0 -9999.0 -9999.0 -9999.0 -9999.0 -9999.0 -9999.0 -9999.0 -9999.0 -9999.0 -9999.0 -9999.0 -9999.0 -9999.0 -9999.0 -9999.0 -9999.0 -9999.0 -9999.0 -9999.0 -9999.0 -9999.0 -9999.0 -9999.0 -9999.0 -9999.0 -9999.0 -9999.0 -9999.0 -9999.0 -9999.0 -9999.0 -9999.0 -9999.0 -9999.0 -9999.0 -9999.0 -9999.0 -9999.0 -9999.0 -9999.0 -9999.0 -9999.0 -9999.0 -9999.0 -9999.0 -9999.0 -9999.0 -9999.0 -9999.0 -9999.0 -9999.0 -9999.0 -9999.0 -9999.0 -9999.0 -9999.0 -9999.0 -9999.0 -9999.0 -9999.0 -9999.0 -9999.0 -9999.0 -9999.0 -9999.0 -9999.0 -9999.0 -9999.0 -9999.0 -9999.0 -9999.0 -9999.0 -9999.0 -9999.0 -9999.0 -9999.0 -9999.0 -9999.0 -9999.0 -9999.0 -9999.0 -9999.0 -9999.0 -9999.0 -9999.0 -9999.0 -9999.0 -9999.0 -9999.0 -9999.0 -9999.0 -9999.0 -9999.0    34.2    25.2    36.0    29.0    24.8    21.8    21.4    32.8    39.6    46.3    49.7    51.1    43.5    38.7    33.1 -9999.0 -9999.0 -9999.0 -9999.0 -9999.0 -9999.0 -9999.0 -9999.0 -9999.0 -9999.0 -9999.0 -9999.0 -9999.0 -9999.0 -9999.0 -9999.0 -9999.0 -9999.0
 -9999.0 -9999.0 -9999.0 -9999.0 -9999.0 -9999.0 -9999.0 -9999.0 -9999.0 -9999.0 -9999.0 -9999.0 -9999.0 -9999.0 -9999.0 -9999.0 -9999.0 -9999.0 -9999.0 -9999.0 -9999.0 -9999.0 -9999.0 -9999.0 -9999.0 -9999.0 -9999.0 -9999.0 -9999.0 -9999.0 -9999.0 -9999.0 -9999.0 -9999.0 -9999.0 -9999.0 -9999.0 -9999.0 -9999.0 -9999.0 -9999.0 -9999.0 -9999.0 -9999.0 -9999.0 -9999.0 -9999.0 -9999.0 -9999.0 -9999.0 -9999.0 -9999.0 -9999.0 -9999.0 -9999.0 -9999.0 -9999.0 -9999.0 -9999.0 -9999.0 -9999.0 -9999.0 -9999.0 -9999.0 -9999.0 -9999.0 -9999.0 -9999.0 -9999.0 -9999.0 -9999.0 -9999.0 -9999.0 -9999.0 -9999.0 -9999.0 -9999.0 -9999.0 -9999.0 -9999.0 -9999.0 -9999.0 -9999.0 -9999.0 -9999.0 -9999.0 -9999.0 -9999.0 -9999.0 -9999.0 -9999.0 -9999.0 -9999.0 -9999.0 -9999.0    27.0    29.3    17.8    16.2    18.8    22.5    18.1    26.0    37.3    49.0    51.3    58.3    52.9    47.2    45.1    39.9 -9999.0 -9999.0 -9999.0 -9999.0 -9999.0 -9999.0 -9999.0 -9999.0 -9999.0 -9999.0 -9999.0 -9999.0 -9999.0 -9999.0 -9999.0 -9999.0 -9999.0
 -9999.0 -9999.0 -9999.0 -9999.0 -9999.0 -9999.0 -9999.0 -9999.0 -9999.0 -9999.0 -9999.0 -9999.0 -9999.0 -9999.0 -9999.0 -9999.0 -9999.0 -9999.0 -9999.0 -9999.0 -9999.0 -9999.0 -9999.0 -9999.0 -9999.0 -9999.0 -9999.0 -9999.0 -9999.0 -9999.0 -9999.0 -9999.0 -9999.0 -9999.0 -9999.0 -9999.0 -9999.0 -9999.0 -9999.0 -9999.0 -9999.0 -9999.0 -9999.0 -9999.0 -9999.0 -9999.0 -9999.0 -9999.0 -9999.0 -9999.0 -9999.0 -9999.0 -9999.0 -9999.0 -9999.0 -9999.0 -9999.0 -9999.0 -9999.0 -9999.0 -9999.0 -9999.0 -9999.0 -9999.0 -9999.0 -9999.0 -9999.0 -9999.0 -9999.0 -9999.0 -9999.0 -9999.0 -9999.0 -9999.0 -9999.0 -9999.0 -9999.0 -9999.0 -9999.0 -9999.0 -9999.0 -9999.0 -9999.0 -9999.0 -9999.0 -9999.0 -9999.0 -9999.0 -9999.0 -9999.0 -9999.0 -9999.0 -9999.0 -9999.0    29.9    27.0    21.2    19.1    17.2    15.1    15.2    29.0    31.6    43.6    57.9    63.6    66.0    63.0    59.1    60.7    56.4 -9999.0 -9999.0 -9999.0 -9999.0 -9999.0 -9999.0 -9999.0 -9999.0 -9999.0 -9999.0 -9999.0 -9999.0 -9999.0 -9999.0 -9999.0 -9999.0 -9999.0
 -9999.0 -9999.0 -9999.0 -9999.0 -9999.0 -9999.0 -9999.0 -9999.0 -9999.0 -9999.0 -9999.0 -9999.0 -9999.0 -9999.0 -9999.0 -9999.0 -9999.0 -9999.0 -9999.0 -9999.0 -9999.0 -9999.0 -9999.0 -9999.0 -9999.0 -9999.0 -9999.0 -9999.0 -9999.0 -9999.0 -9999.0 -9999.0 -9999.0 -9999.0 -9999.0 -9999.0 -9999.0 -9999.0 -9999.0 -9999.0 -9999.0 -9999.0 -9999.0 -9999.0 -9999.0 -9999.0 -9999.0 -9999.0 -9999.0 -9999.0 -9999.0 -9999.0 -9999.0 -9999.0 -9999.0 -9999.0 -9999.0 -9999.0 -9999.0 -9999.0 -9999.0 -9999.0 -9999.0 -9999.0 -9999.0 -9999.0 -9999.0 -9999.0 -9999.0 -9999.0 -9999.0 -9999.0 -9999.0 -9999.0 -9999.0 -9999.0 -9999.0 -9999.0 -9999.0 -9999.0 -9999.0 -9999.0 -9999.0 -9999.0 -9999.0 -9999.0 -9999.0 -9999.0 -9999.0 -9999.0 -9999.0 -9999.0 -9999.0 -9999.0    27.3    21.8    20.6    19.1    17.1    20.7    22.4    28.6    40.0    54.3    68.3    70.6    72.3    72.4    69.8    71.3    75.6    68.4 -9999.0 -9999.0 -9999.0 -9999.0 -9999.0 -9999.0 -9999.0 -9999.0 -9999.0 -9999.0 -9999.0 -9999.0 -9999.0 -9999.0 -9999.0 -9999.0
 -9999.0 -9999.0 -9999.0 -9999.0 -9999.0 -9999.0 -9999.0 -9999.0 -9999.0 -9999.0 -9999.0 -9999.0 -9999.0 -9999.0 -9999.0 -9999.0 -9999.0 -9999.0 -9999.0 -9999.0 -9999.0 -9999.0 -9999.0 -9999.0 -9999.0 -9999.0 -9999.0 -9999.0 -9999.0 -9999.0 -9999.0 -9999.0 -9999.0 -9999.0 -9999.0 -9999.0 -9999.0 -9999.0 -9999.0 -9999.0 -9999.0 -9999.0 -9999.0 -9999.0 -9999.0 -9999.0 -9999.0 -9999.0 -9999.0 -9999.0 -9999.0 -9999.0 -9999.0 -9999.0 -9999.0 -9999.0 -9999.0 -9999.0 -9999.0 -9999.0 -9999.0 -9999.0 -9999.0 -9999.0 -9999.0 -9999.0 -9999.0 -9999.0 -9999.0 -9999.0 -9999.0 -9999.0 -9999.0 -9999.0 -9999.0 -9999.0 -9999.0 -9999.0 -9999.0 -9999.0 -9999.0 -9999.0 -9999.0 -9999.0 -9999.0 -9999.0 -9999.0 -9999.0 -9999.0    59.3 -9999.0 -9999.0    40.4    31.5    30.0    28.1    26.7    26.2    25.0    25.7    40.2    45.0    53.5    69.6    75.9    76.8    76.9    71.4    74.1    76.3    84.2    77.1 -9999.0 -9999.0 -9999.0 -9999.0 -9999.0 -9999.0 -9999.0 -9999.0 -9999.0 -9999.0 -9999.0 -9999.0 -9999.0 -9999.0 -9999.0 -9999.0
 -9999.0 -9999.0 -9999.0 -9999.0 -9999.0 -9999.0 -9999.0 -9999.0 -9999.0 -9999.0 -9999.0 -9999.0 -9999.0 -9999.0 -9999.0 -9999.0 -9999.0 -9999.0 -9999.0 -9999.0 -9999.0 -9999.0 -9999.0 -9999.0 -9999.0 -9999.0 -9999.0 -9999.0 -9999.0 -9999.0 -9999.0 -9999.0 -9999.0 -9999.0 -9999.0 -9999.0 -9999.0 -9999.0 -9999.0 -9999.0 -9999.0 -9999.0 -9999.0 -9999.0 -9999.0 -9999.0 -9999.0 -9999.0 -9999.0 -9999.0 -9999.0 -9999.0 -9999.0 -9999.0 -9999.0 -9999.0 -9999.0 -9999.0 -9999.0 -9999.0 -9999.0 -9999.0 -9999.0 -9999.0 -9999.0 -9999.0 -9999.0 -9999.0 -9999.0 -9999.0 -9999.0 -9999.0 -9999.0 -9999.0 -9999.0 -9999.0 -9999.0 -9999.0 -9999.0 -9999.0 -9999.0 -9999.0 -9999.0 -9999.0 -9999.0 -9999.0 -9999.0 -9999.0    63.5    58.8    50.8    45.2    39.3    30.8    31.0    27.9    32.3    33.7    36.7    40.5    44.0    54.8    69.8    76.6    78.1    75.6    74.1    73.8    74.8    76.5    78.0    75.5    63.3    52.1    44.2    38.2 -9999.0 -9999.0 -9999.0 -9999.0 -9999.0 -9999.0 -9999.0 -9999.0 -9999.0 -9999.0 -9999.0 -9999.0
 -9999.0 -9999.0 -9999.0 -9999.0 -9999.0 -9999.0 -9999.0 -9999.0 -9999.0 -9999.0 -9999.0 -9999.0 -9999.0 -9999.0 -9999.0 -9999.0 -9999.0 -9999.0 -9999.0 -9999.0 -9999.0 -9999.0 -9999.0 -9999.0 -9999.0 -9999.0 -9999.0 -9999.0 -9999.0    13.2    17.7    19.6    19.6 -9999.0 -9999.0 -9999.0 -9999.0 -9999.0 -9999.0 -9999.0 -9999.0 -9999.0 -9999.0 -9999.0 -9999.0 -9999.0 -9999.0 -9999.0 -9999.0 -9999.0 -9999.0 -9999.0 -9999.0 -9999.0 -9999.0 -9999.0 -9999.0 -9999.0 -9999.0 -9999.0 -9999.0 -9999.0 -9999.0 -9999.0 -9999.0 -9999.0 -9999.0 -9999.0 -9999.0 -9999.0 -9999.0 -9999.0 -9999.0 -9999.0 -9999.0 -9999.0 -9999.0 -9999.0 -9999.0 -9999.0 -9999.0 -9999.0 -9999.0 -9999.0 -9999.0 -9999.0 -9999.0    59.1    56.5    52.2    47.1    43.0    36.7    32.9    32.3    36.6    40.4    47.9    43.3    50.7    62.8    74.7    79.6    87.0    78.7    72.5    69.6    68.7    68.0    70.1    71.0    68.1    60.0    54.1    49.6    47.8    44.8    40.0 -9999.0 -9999.0 -9999.0 -9999.0 -9999.0 -9999.0 -9999.0 -9999.0 -9999.0 -9999.0
 -9999.0 -9999.0 -9999.0 -9999.0 -9999.0 -9999.0 -9999.0 -9999.0 -9999.0 -9999.0 -9999.0 -9999.0 -9999.0 -9999.0 -9999.0 -9999.0 -9999.0 -9999.0 -9999.0 -9999.0 -9999.0 -9999.0 -9999.0 -9999.0 -9999.0 -9999.0 -9999.0     5.0     9.7     7.2    20.4    20.9    26.5    17.6 -9999.0 -9999.0 -9999.0 -9999.0 -9999.0 -9999.0 -9999.0 -9999.0 -9999.0 -9999.0 -9999.0 -9999.0 -9999.0 -9999.0 -9999.0 -9999.0 -9999.0 -9999.0 -9999.0 -9999.0 -9999.0 -9999.0 -9999.0 -9999.0 -9999.0 -9999.0 -9999.0 -9999.0 -9999.0 -9999.0 -9999.0 -9999.0 -9999.0 -9999.0 -9999.0 -9999.0 -9999.0 -9999.0 -9999.0 -9999.0 -9999.0 -9999.0 -9999.0 -9999.0 -9999.0 -9999.0 -9999.0 -9999.0 -9999.0 -9999.0 -9999.0 -9999.0 -9999.0    50.4    48.6    47.0    43.6    39.1    35.1    32.5    34.4    39.2    48.5    51.9    60.2    63.0    75.9    84.7    84.2    81.8    74.9    67.0    61.5    59.7    62.9    65.1    64.0    61.3    56.8    55.5    55.8    56.0    57.4    55.8 -9999.0 -9999.0 -9999.0 -9999.0 -9999.0    36.7    35.0    33.2    32.8 -9999.0
 -9999.0 -9999.0 -9999.0 -9999.0 -9999.0 -9999.0 -9999.0 -9999.0 -9999.0 -9999.0 -9999.0 -9999.0 -9999.0 -9999.0 -9999.0 -9999.0 -9999.0 -9999.0 -9999.0 -9999.0 -9999.0 -9999.0 -9999.0 -9999.0 -9999.0 -9999.0     2.3     0.7     1.4     2.5     5.2     8.8    37.2    26.5    30.9    31.2    33.7 -9999.0 -9999.0 -9999.0 -9999.0 -9999.0 -9999.0 -9999.0 -9999.0 -9999.0 -9999.0 -9999.0 -9999.0 -9999.0 -9999.0 -9999.0 -9999.0 -9999.0 -9999.0 -9999.0 -9999.0 -9999.0 -9999.0 -9999.0 -9999.0 -9999.0 -9999.0 -9999.0 -9999.0 -9999.0 -9999.0 -9999.0 -9999.0 -9999.0 -9999.0 -9999.0 -9999.0 -9999.0 -9999.0 -9999.0 -9999.0 -9999.0 -9999.0 -9999.0 -9999.0 -9999.0 -9999.0 -9999.0 -9999.0 -9999.0    43.7    43.9    43.1    41.4    38.6    35.8    33.6    33.2    36.6    41.1    51.4    58.4    67.7    87.2    94.5    96.4    88.1    75.5    65.3    57.6    53.4    53.1    56.0    58.5    59.3    59.3    58.2    59.5    61.4    68.2    78.7    80.4    67.4 -9999.0 -9999.0    57.7    54.5    51.5    49.7    42.5    46.9 -9999.0
 -9999.0 -9999.0 -9999.0 -9999.0 -9999.0 -9999.0 -9999.0 -9999.0 -9999.0 -9999.0 -9999.0 -9999.0 -9999.0 -9999.0 -9999.0 -9999.0 -9999.0 -9999.0 -9999.0 -9999.0 -9999.0 -9999.0 -9999.0 -9999.0 -9999.0 -9999.0     1.2     1.2     1.0     0.9     1.0     2.7     3.2    15.9    20.7    32.8    55.1    30.2 -9999.0 -9999.0 -9999.0 -9999.0 -9999.0 -9999.0 -9999.0 -9999.0 -9999.0 -9999.0 -9999.0 -9999.0 -9999.0 -9999.0 -9999.0 -9999.0 -9999.0 -9999.0 -9999.0 -9999.0 -9999.0 -9999.0 -9999.0 -9999.0 -9999.0 -9999.0 -9999.0 -9999.0 -9999.0 -9999.0 -9999.0 -9999.0 -9999.0 -9999.0 -9999.0 -9999.0 -9999.0 -9999.0 -9999.0 -9999.0 -9999.0 -9999.0 -9999.0 -9999.0 -9999.0 -9999.0 -9999.0 -9999.0    36.6    37.2    37.4    36.7    35.3    34.0    33.0    34.2    37.0    43.8    49.7    67.7    89.8   101.2   107.7   104.0    89.2    71.4    57.3    49.8    47.9    48.9    51.4    54.6    58.2    61.1    61.8    65.4    72.4    73.6    95.5   102.0    96.8    84.5    75.6    70.4    67.8    67.0    66.7    66.9    66.0 -9999.0
 -9999.0 -9999.0 -9999.0 -9999.0 -9999.0 -9999.0 -9999.0 -9999.0 -9999.0 -9999.0 -9999.0 -9999.0 -9999.0 -9999.0 -9999.0 -9999.0 -9999.0 -9999.0 -9999.0 -9999.0 -9999.0    20.2    23.3    18.4    11.3    10.4    14.0    17.5     9.5     3.9     1.8     2.4     2.7     4.9    11.5    15.1    36.4    34.7    42.4 -9999.0 -9999.0 -9999.0 -9999.0 -9999.0 -9999.0 -9999.0 -9999.0 -9999.0 -9999.0 -9999.0 -9999.0 -9999.0 -9999.0 -9999.0 -9999.0 -9999.0 -9999.0 -9999.0 -9999.0 -9999.0 -9999.0 -9999.0 -9999.0 -9999.0 -9999.0 -9999.0 -9999.0 -9999.0 -9999.0 -9999.0 -9999.0 -9999.0 -9999.0 -9999.0 -9999.0 -9999.0 -9999.0 -9999.0 -9999.0 -9999.0 -9999.0 -9999.0 -9999.0 -9999.0 -9999.0 -9999.0 -9999.0    32.9 -9999.0 -9999.0    33.4 -9999.0 -9999.0    35.7    39.8    45.5    52.9    75.5    98.7   103.6   111.0   102.9    87.4    69.0    55.6    49.3    48.9    50.4    52.4    55.5    60.7    67.0    70.3    72.0    79.8    89.9   106.2   110.3   101.2    89.0    78.7    79.8    81.2    83.5    84.0    78.8 -9999.0 -9999.0
 -9999.0 -9999.0 -9999.0 -9999.0 -9999.0 -9999.0 -9999.0 -9999.0 -9999.0 -9999.0 -9999.0 -9999.0 -9999.0 -9999.0 -9999.0 -9999.0 -9999.0 -9999.0 -9999.0 -9999.0 -9999.0     8.5    11.1    11.9    10.0    28.6    14.2    11.4    11.0     7.1     3.7     4.7     6.8     5.6     6.5     7.9    11.7    37.8    19.5 -9999.0 -9999.0 -9999.0 -9999.0 -9999.0 -9999.0 -9999.0 -9999.0 -9999.0 -9999.0 -9999.0 -9999.0 -9999.0 -9999.0 -9999.0 -9999.0 -9999.0 -9999.0 -9999.0 -9999.0 -9999.0 -9999.0 -9999.0 -9999.0 -9999.0 -9999.0 -9999.0 -9999.0 -9999.0 -9999.0 -9999.0 -9999.0 -9999.0 -9999.0 -9999.0 -9999.0 -9999.0 -9999.0 -9999.0 -9999.0 -9999.0 -9999.0 -9999.0 -9999.0 -9999.0 -9999.0 -9999.0 -9999.0 -9999.0 -9999.0    31.5    33.1    34.8    36.6    39.2    43.2    48.7    63.2    80.6    97.9   104.9   101.2    91.2    77.9    65.9    58.6    56.7    58.4    58.9    58.9    61.3    65.9    71.5    75.5    78.7    84.7   100.8   109.8   108.3    99.3    90.4    86.5    88.7    91.5    89.4   105.0 -9999.0 -9999.0 -9999.0
 -9999.0 -9999.0 -9999.0 -9999.0 -9999.0 -9999.0 -9999.0 -9999.0 -9999.0 -9999.0 -9999.0 -9999.0 -9999.0 -9999.0 -9999.0 -9999.0 -9999.0 -9999.0 -9999.0 -9999.0     7.2    11.2    10.4    11.9    10.6     4.8     2.4     4.0     3.2     4.2     6.8     5.8     8.2     8.7     7.1     5.5    11.0     8.3     8.9 -9999.0 -9999.0 -9999.0 -9999.0 -9999.0 -9999.0 -9999.0 -9999.0 -9999.0 -9999.0 -9999.0 -9999.0 -9999.0 -9999.0 -9999.0 -9999.0 -9999.0 -9999.0 -9999.0 -9999.0 -9999.0 -9999.0 -9999.0 -9999.0 -9999.0 -9999.0 -9999.0 -9999.0 -9999.0 -9999.0 -9999.0 -9999.0 -9999.0 -9999.0 -9999.0 -9999.0 -9999.0 -9999.0 -9999.0 -9999.0 -9999.0 -9999.0 -9999.0 -9999.0 -9999.0 -9999.0 -9999.0 -9999.0 -9999.0    28.5    31.1    33.9    36.6    40.3    43.4    47.2    52.6    62.0    73.2    85.4    87.8    82.3    71.7    63.4    60.3    61.4    65.4    69.1    68.1    66.6    68.1    71.5    74.8    79.1    85.8    96.5   106.5   113.6   110.3    97.8    90.9    93.7    98.7   108.4   116.9   122.6 -9999.0 -9999.0 -9999.0
 -9999.0 -9999.0 -9999.0 -9999.0 -9999.0 -9999.0 -9999.0 -9999.0 -9999.0 -9999.0 -9999.0 -9999.0 -9999.0 -9999.0 -9999.0 -9999.0 -9999.0 -9999.0    15.5    12.0    10.5    45.5    28.1    29.2    17.9     9.8     2.2     2.4     3.0     5.5     6.8     8.9    10.9     9.7     8.3     7.9     7.0     4.3     3.6 -9999.0 -9999.0 -9999.0 -9999.0 -9999.0 -9999.0 -9999.0 -9999.0 -9999.0 -9999.0 -9999.0 -9999.0 -9999.0 -9999.0 -9999.0 -9999.0 -9999.0 -9999.0 -9999.0 -9999.0 -9999.0 -9999.0 -9999.0 -9999.0 -9999.0 -9999.0 -9999.0 -9999.0 -9999.0 -9999.0 -9999.0 -9999.0 -9999.0 -9999.0 -9999.0 -9999.0 -9999.0 -9999.0 -9999.0 -9999.0 -9999.0 -9999.0 -9999.0 -9999.0 -9999.0    18.3    21.5    24.5    24.4    25.4    31.6    35.1    39.5    42.6    46.9    49.9    52.9    54.7    60.6    64.7    64.2    59.3    52.8    49.9    53.6    61.1    68.8    72.4    71.7    71.3    75.2    80.4    84.4    88.6    95.9   104.5   112.6   105.9   117.9   109.8   106.0   104.6   115.1   126.0   134.9 -9999.0 -9999.0 -9999.0 -9999.0
 -9999.0 -9999.0 -9999.0 -9999.0 -9999.0 -9999.0 -9999.0 -9999.0 -9999.0 -9999.0 -9999.0 -9999.0 -9999.0 -9999.0 -9999.0    13.7    27.4    45.0    50.4    28.9    34.4    17.1    33.9    18.1    10.9     6.6     6.3     6.9     7.2     8.9     9.9     9.9    10.7     9.5    13.4    12.1     7.4    42.0    13.9     8.6    14.9    20.9    24.9    31.7 -9999.0 -9999.0 -9999.0 -9999.0 -9999.0 -9999.0 -9999.0 -9999.0 -9999.0 -9999.0 -9999.0 -9999.0 -9999.0 -9999.0 -9999.0 -9999.0 -9999.0 -9999.0 -9999.0 -9999.0 -9999.0 -9999.0 -9999.0 -9999.0 -9999.0 -9999.0 -9999.0 -9999.0 -9999.0 -9999.0 -9999.0 -9999.0 -9999.0 -9999.0 -9999.0     4.6     5.7     7.3     9.4    13.2    18.1    21.1    22.8    22.5    23.1    28.6    32.5    38.9    43.9    49.8    52.1    53.1    46.6    45.1    43.6    41.7    39.5    38.9    41.5    47.7    56.4    65.3    68.5    70.3    76.1    85.5    95.8   101.4   105.2   110.2   103.5   120.2   124.3   123.9   121.4   119.1   123.7   131.8   142.8   147.6 -9999.0 -9999.0 -9999.0 -9999.0
 -9999.0 -9999.0 -9999.0 -9999.0 -9999.0 -9999.0 -9999.0 -9999.0 -9999.0 -9999.0 -9999.0 -9999.0 -9999.0 -9999.0 -9999.0    49.0    49.1    56.8    45.6    31.4    13.8    13.1    13.9    16.0    15.4    15.3    15.2    14.8    14.7    13.9    11.6     8.9     8.4     5.7     4.9     4.5     2.6     4.5     2.3     3.6     4.3     2.5     5.2    10.3    13.0    23.3    49.3 -9999.0 -9999.0 -9999.0 -9999.0 -9999.0 -9999.0 -9999.0 -9999.0 -9999.0 -9999.0 -9999.0 -9999.0 -9999.0 -9999.0 -9999.0 -9999.0 -9999.0 -9999.0 -9999.0 -9999.0 -9999.0 -9999.0 -9999.0 -9999.0 -9999.0 -9999.0 -9999.0 -9999.0 -9999.0 -9999.0 -9999.0     3.7     3.8     4.5     6.7     9.6    12.2    15.7    18.0    18.5    19.4    21.2    25.4    32.5    38.3    44.9    48.3    54.8    45.8    39.8    30.9    28.5    26.4    27.3    31.0    36.7    42.6    50.1    59.1    63.5    69.5    84.7   100.0   111.1   116.8   115.7   114.5   116.0   126.5   117.2   116.6   120.7   126.3   138.0   147.0   152.4 -9999.0 -9999.0 -9999.0 -9999.0 -9999.0
 -9999.0 -9999.0 -9999.0 -9999.0 -9999.0 -9999.0 -9999.0 -9999.0 -9999.0 -9999.0 -9999.0 -9999.0 -9999.0 -9999.0 -9999.0 -9999.0    14.6    15.9    28.6    50.3    56.9    40.9    47.5    38.3    31.1    30.5    30.1    27.7    26.1    22.1    15.6     9.2     6.9     5.9     6.4     7.3     7.2     6.7     6.6    11.6    20.3    13.7    12.2     6.9     6.7     7.7    10.3    14.0 -9999.0 -9999.0 -9999.0 -9999.0 -9999.0 -9999.0 -9999.0 -9999.0 -9999.0 -9999.0 -9999.0 -9999.0 -9999.0 -9999.0 -9999.0 -9999.0 -9999.0 -9999.0 -9999.0 -9999.0 -9999.0 -9999.0 -9999.0 -9999.0 -9999.0 -9999.0 -9999.0 -9999.0 -9999.0 -9999.0     3.9     2.9     3.6     5.6     6.8     8.9    12.8    15.4    19.3    17.7    19.7    25.6    27.9    33.6    42.1    42.6    36.0    34.1    28.6    24.8    21.2    20.0    22.3    28.5    35.9    41.0    47.1    53.4    62.1    75.1    97.1   115.5   123.1   121.9   113.5   120.2   123.2   115.6   117.4   123.6   122.2   139.0 -9999.0 -9999.0 -9999.0 -9999.0 -9999.0 -9999.0 -9999.0 -9999.0
 -9999.0 -9999.0 -9999.0 -9999.0 -9999.0 -9999.0 -9999.0 -9999.0 -9999.0 -9999.0 -9999.0 -9999.0 -9999.0 -9999.0 -9999.0 -9999.0    13.5    17.4    21.4    24.1    43.5    41.2    40.0    34.7    31.8    34.0    35.2    35.9    58.1    52.6    28.6    30.7   141.4   118.1    29.5    21.7    31.3    20.6    17.4    25.7    35.7    22.7    33.2    61.5     9.8     3.1     2.4     4.2 -9999.0 -9999.0 -9999.0 -9999.0 -9999.0 -9999.0 -9999.0 -9999.0 -9999.0 -9999.0 -9999.0 -9999.0 -9999.0 -9999.0 -9999.0 -9999.0 -9999.0 -9999.0 -9999.0 -9999.0 -9999.0 -9999.0 -9999.0 -9999.0 -9999.0 -9999.0 -9999.0 -9999.0 -9999.0     3.4     3.2     2.6     2.8     3.5     5.7    10.2    11.4    14.8    16.1    15.9    16.3    20.2    26.7    27.4    21.8    24.4    28.1    24.7    25.4    24.7    22.6    22.8    26.5    33.3    40.0    45.3    50.2    61.5    74.0    88.4   108.1   121.9   122.6   119.8   117.4   115.6   107.4   112.5   118.2   129.7   128.6 -9999.0 -9999.0 -9999.0 -9999.0 -9999.0 -9999.0 -9999.0 -9999.0 -9999.0
 -9999.0 -9999.0 -9999.0 -9999.0 -9999.0 -9999.0 -9999.0 -9999.0 -9999.0 -9999.0 -9999.0 -9999.0 -9999.0 -9999.0 -9999.0 -9999.0    65.5    70.0    68.9    43.7    33.2    35.4    32.5    25.7    20.9    19.6    33.0    44.0    45.4    59.3    74.1    62.6    28.4    19.3    42.1    53.0    31.9    11.1     7.8     2.0     5.3    10.9    17.4    42.9    33.2    11.5     3.4     1.8     5.2     6.6     5.4 -9999.0 -9999.0 -9999.0 -9999.0 -9999.0 -9999.0 -9999.0 -9999.0 -9999.0 -9999.0 -9999.0 -9999.0 -9999.0 -9999.0 -9999.0 -9999.0 -9999.0 -9999.0 -9999.0 -9999.0 -9999.0 -9999.0 -9999.0 -9999.0 -9999.0     4.7     4.6     4.9     3.3     3.5     4.6     5.5     8.5    11.6    13.8    15.6    15.8    15.9    17.5    21.4    21.0    20.2    16.6    18.0    21.8    25.6    28.8    31.2    34.8    41.6    48.6    53.4    60.3    71.2    87.6    97.1   107.7   118.5   119.1   113.2   107.4   102.6   100.2   101.1   118.1   103.8   121.8   147.2   169.6 -9999.0 -9999.0 -9999.0 -9999.0 -9999.0 -9999.0 -9999.0 -9999.0
 -9999.0 -9999.0 -9999.0 -9999.0 -9999.0 -9999.0 -9999.0 -9999.0 -9999.0 -9999.0 -9999.0 -9999.0 -9999.0 -9999.0 -9999.0    50.3    44.2    48.3    60.0    51.0    40.9    31.3    22.9    15.4    11.9    13.3    18.0    18.6    27.1    54.1    74.8    36.4     9.2     5.6     4.3     4.4     8.6     3.4     0.7     0.4     0.1     0.2     0.9     1.3     3.1     6.1     4.5     3.2     3.2     2.8     2.7     2.5     2.8     4.1     2.8     2.4     1.7     1.5     1.5     1.8     1.8 -9999.0 -9999.0 -9999.0 -9999.0 -9999.0 -9999.0 -9999.0 -9999.0     0.6     0.6     0.7     1.2     1.7     2.8     3.4     5.5     4.5     4.3     5.4     5.0     5.1     5.9     8.8    11.6    14.5    15.5    14.3    14.0    15.4    19.3    23.0    28.2    24.2    22.1    23.6    28.5    36.8    45.0    52.5    62.5    69.4    71.4    82.8    99.9   105.4   115.2   115.7   111.8   112.0   102.9    93.7    87.6    84.9   102.0   122.5   145.6   159.0 -9999.0 -9999.0 -9999.0 -9999.0 -9999.0 -9999.0 -9999.0 -9999.0 -9999.0 -9999.0
 -9999.0 -9999.0 -9999.0 -9999.0 -9999.0 -9999.0 -9999.0 -9999.0 -9999.0 -9999.0 -9999.0 -9999.0 -9999.0 -9999.0    49.4    52.2    49.7    51.6    46.3    38.5    28.9    15.5    11.5     8.7     6.0     6.8     9.9    14.9    25.5    32.5    31.5    31.9    17.2    22.7    16.1    11.7    11.3     8.8     6.4     2.3     0.6     0.4     0.4     0.4     0.6     1.1     1.5     3.0     2.9     2.8     2.7     2.5     2.8     2.2     1.5     1.6     1.1     0.9     0.7     0.8     1.1     1.2     1.1     1.2     1.4     1.9     0.8     0.6     0.4     0.5     0.8     1.3     1.3     1.7     2.5     3.4     5.0     6.3     6.8     8.0     7.2     6.5     9.1    10.9    13.9    14.2    15.0    13.3    13.1    14.3    20.0    28.1    26.2    27.0    23.2    28.5    36.9    43.9    51.3    65.6    74.0    83.4    87.1    87.5   101.5   117.3   124.3   119.0   111.3   109.4    93.0    84.4    77.6    77.4    86.1   109.4   139.5 -9999.0 -9999.0 -9999.0 -9999.0 -9999.0 -9999.0 -9999.0 -9999.0 -9999.0 -9999.0 -9999.0
 -9999.0 -9999.0 -9999.0 -9999.0 -9999.0 -9999.0 -9999.0 -9999.0 -9999.0 -9999.0 -9999.0 -9999.0    43.4    44.4    45.3    36.3    43.4    27.5    14.9     8.4     6.4     5.2     3.8     3.3     3.4     4.5     7.0    11.2    16.2    21.1    21.3    19.3    21.8    16.7    10.8    12.3    14.2    11.6     5.6     3.9     2.0     1.5     1.2     1.0     1.1     2.0     2.4     2.4     2.8     2.0     2.0     1.9     2.3     2.4     1.7     1.4     1.1     0.8     0.7     0.6     0.7     0.9     0.8     0.7     0.5     0.6     0.6     0.5     0.9     1.4     2.5     3.2     1.9     2.7     3.9     5.0     6.8     9.3    11.1    10.3    10.5     8.3    10.9    11.3    12.5    13.9    14.0    13.4    15.3    16.4    21.0    26.7    40.8    46.1    33.1    38.5    41.9    47.2    59.9    73.9    74.3    84.9    86.2    87.9   108.7   112.2   115.7   112.6   109.6    94.7    89.0    83.1    72.9    71.6    71.3 -9999.0 -9999.0 -9999.0 -9999.0 -9999.0 -9999.0 -9999.0 -9999.0 -9999.0 -9999.0 -9999.0 -9999.0 -9999.0
 -9999.0 -9999.0 -9999.0 -9999.0 -9999.0 -9999.0 -9999.0 -9999.0 -9999.0    38.3    41.5    40.4    39.3    27.1    11.3     8.4     6.4     5.3     3.5     2.4     1.9     1.7     1.4     1.3     1.4     1.9     3.0     5.0     7.4     9.1     9.4    13.5    13.1     9.7    11.2    16.3    10.8     5.4     2.4     1.2     1.4     1.4     0.7     0.7     0.8     1.3     1.7     1.7     1.6     1.9     1.4     1.4     1.5     2.0     3.1     1.8     1.2     0.9     0.7     0.7     0.8     0.9     0.9     0.7     0.4     0.6     0.8     0.8     2.9     6.5     1.9     1.2     1.0     1.1     2.4     4.0     6.8    11.4    12.6    14.3    14.2    12.9    10.3    11.1    13.1    13.8    18.1    16.6    19.6    24.4    29.8    35.9    39.8    44.3    38.7    42.2    51.9    61.7    58.4    59.4    65.4    74.3    81.2    95.4   114.9   127.2   119.1   100.8    90.1    96.2    88.1    77.8    69.6 -9999.0 -9999.0 -9999.0 -9999.0 -9999.0 -9999.0 -9999.0 -9999.0 -9999.0 -9999.0 -9999.0 -9999.0 -9999.0 -9999.0 -9999.0
 -9999.0 -9999.0 -9999.0 -9999.0 -9999.0    27.3    38.9    37.6    38.9    39.9    34.0    33.8    31.0    18.7    11.7     6.4     3.0     2.3     1.6     1.2     1.0     0.9     0.8     0.7     0.8     0.9     1.2     1.8     2.3     2.6     2.4     2.2     2.5     3.2     4.4     4.6     3.5     2.5     1.4     1.4     1.4     0.6     0.6     0.9     0.7     0.7     0.7     0.7     0.8     0.8     1.0     1.1     1.8     2.5     2.9     1.9     1.2     0.8     0.6     0.8     1.2     2.1     2.0     1.6     2.1     1.9     1.4     3.1     6.3     2.5     2.7     2.2     1.7     1.9     4.5     3.8     5.6     9.6     6.9     7.3    11.0    11.2    12.2    14.5    16.5    13.4    19.2    24.2    32.1    39.8    42.2    46.8    47.4    48.0    46.4    49.6    61.5    65.4 -9999.0 -9999.0    53.3    68.1   109.9   110.7    91.9    88.4    81.6    87.9    87.8 -9999.0 -9999.0 -9999.0 -9999.0 -9999.0 -9999.0 -9999.0 -9999.0 -9999.0 -9999.0 -9999.0 -9999.0 -9999.0 -9999.0 -9999.0 -9999.0 -9999.0 -9999.0 -9999.0
 -9999.0 -9999.0 -9999.0    25.9    20.6    37.4    36.5    37.5    38.1    23.4    17.6    16.6    18.9     8.7     3.6     2.7     2.0     1.5     1.2     1.0     0.9     0.8     0.8     0.7     0.6     0.6     0.6     0.7     0.7     0.7     0.6     0.7     0.9     1.4     1.9     2.3     2.1     1.6     1.0     0.6     0.6     0.4     0.3     0.4     0.5     0.5     0.6     0.8     0.7     0.8     0.7     0.7     0.9     1.3     1.5     1.4     1.5     1.1     0.8     0.9     1.1     1.6     2.5     4.1     3.4     2.5     6.5     2.2     2.4     3.8     5.8     4.5     4.2     3.8     3.6     4.5     6.1     7.0     7.9    10.3    12.4    18.7    14.6    18.5    25.5    25.0    33.3    45.1    49.0    46.4    47.8    47.6    45.9    47.5    48.3    50.2    55.0 -9999.0 -9999.0 -9999.0    52.0    83.1    83.3    85.0    74.3    75.3    69.9 -9999.0 -9999.0 -9999.0 -9999.0 -9999.0 -9999.0 -9999.0 -9999.0 -9999.0 -9999.0 -9999.0 -9999.0 -9999.0 -9999.0 -9999.0 -9999.0 -9999.0 -9999.0 -9999.0 -9999.0 -9999.0
 -9999.0 -9999.0    27.2    29.6    30.1    22.4    20.8    15.9     8.8    10.8    10.4     9.2     7.5     5.3     3.6     2.6     2.1     1.7     1.5     1.3     1.2     1.1     1.1     0.9     0.7     0.6     0.5     0.4     0.4     0.4     0.3     0.4     0.6     0.8     1.2     1.4     1.5     1.7     1.8     1.5     1.0     1.0     0.9     0.9     1.0     1.4     3.2     3.3     2.7     2.1     2.4     2.0     1.5     1.3     1.4     2.2     1.1     1.0     0.7     0.8     0.7     2.6     1.6     2.8     3.0     3.4     2.8     1.6     3.2     4.2     8.6     7.6     6.7     6.9     7.7     9.0    12.1    11.6    13.8    16.6    19.5    21.9    18.5    26.2    30.9    40.7    50.7    57.2    45.1    40.3    36.6    40.4    41.4    37.8    35.7 -9999.0 -9999.0 -9999.0 -9999.0    56.7    54.0    56.4    66.7    68.2 -9999.0 -9999.0 -9999.0 -9999.0 -9999.0 -9999.0 -9999.0 -9999.0 -9999.0 -9999.0 -9999.0 -9999.0 -9999.0 -9999.0 -9999.0 -9999.0 -9999.0 -9999.0 -9999.0 -9999.0 -9999.0 -9999.0 -9999.0 -9999.0
 -9999.0 -9999.0    39.5    44.3    50.9    42.9    10.9     5.2     6.6     8.8     9.3     8.2     7.0     5.6     4.3     3.5     2.8     2.5     2.4     2.2     2.1     2.0     1.8     1.4     1.0     0.6     0.5     0.4     0.3     0.3     0.3     0.4     0.5     0.8     1.3     3.5     7.1     9.5     7.4     5.4     2.7     3.6     5.5     7.5     3.6     5.2     5.5     4.9     5.1     4.7     4.6     5.8     7.6     9.6     3.5     2.1     1.0     2.5     1.1     2.1     3.0     1.8     3.0     2.9     3.2     3.2     2.5     3.4     7.0     3.9     6.4     7.7     8.7     8.8     9.7    12.1    14.2    19.1    18.2    23.6    23.5    21.4    30.1    37.4    42.2    48.6    44.7    41.1    36.8    31.5    32.6    38.8    38.8    36.1 -9999.0 -9999.0 -9999.0 -9999.0 -9999.0    57.3 -9999.0 -9999.0 -9999.0 -9999.0 -9999.0 -9999.0 -9999.0 -9999.0 -9999.0 -9999.0 -9999.0 -9999.0 -9999.0 -9999.0 -9999.0 -9999.0 -9999.0 -9999.0 -9999.0 -9999.0 -9999.0 -9999.0 -9999.0 -9999.0 -9999.0 -9999.0 -9999.0 -9999.0
 -9999.0 -9999.0    39.9    50.7    52.4    49.3    40.6    40.8     8.0     7.5     8.1     7.8     7.1     6.3     5.6     4.7     4.6     4.1     4.0     3.8     3.6     3.3     2.9     2.2     1.4     0.8     0.6     0.4     0.3     0.3     0.4     0.5     4.7    11.8    14.6    18.3    15.1    14.4    13.4     9.5     4.3     3.2     2.2     3.2     3.3     4.9     6.4     6.9     6.6     6.2     5.7     7.2     9.6    13.8    20.4    22.6     4.7     2.2     4.6     7.3     1.8     2.4     3.2     3.4     3.7     3.9     3.3     7.3     2.0     2.7     4.8     6.3     8.0     9.5    10.4    14.0    20.2    25.1    38.3    42.2    40.0    20.6    33.0    47.1    30.0    34.3    39.2    40.9    38.8    34.7    38.9 -9999.0 -9999.0 -9999.0 -9999.0 -9999.0 -9999.0 -9999.0 -9999.0 -9999.0 -9999.0 -9999.0 -9999.0 -9999.0 -9999.0 -9999.0 -9999.0 -9999.0 -9999.0 -9999.0 -9999.0 -9999.0 -9999.0 -9999.0 -9999.0 -9999.0 -9999.0 -9999.0 -9999.0 -9999.0 -9999.0 -9999.0 -9999.0 -9999.0 -9999.0 -9999.0 -9999.0 -9999.0
 -9999.0 -9999.0 -9999.0    55.0    49.1    56.5    56.8    53.2    43.1    14.8     8.7     8.5     8.0     7.4     6.6     6.4     6.4     6.6     6.8     6.6     5.8     4.9     4.0     2.9     1.9     1.2     0.7     0.6     0.5     0.6     1.8     8.4     9.5    17.3    19.5    19.0    15.1    13.0    11.9     7.3     4.8     3.4     3.0     3.1     4.1     6.9     8.2     8.3     7.1     7.7     8.3     9.6    12.8    16.0    25.9    33.9    37.9    32.7    26.0    12.3     7.2     4.8     6.2     5.6     4.5     3.2     3.0     4.3     1.4     2.5     4.0     4.9     7.1     8.2     9.4    10.9    18.6    25.0    46.4    35.3    39.3    29.3    43.3    31.7    29.7    39.0    47.4    51.8    51.7    49.8    53.4    52.2 -9999.0 -9999.0 -9999.0 -9999.0 -9999.0 -9999.0 -9999.0 -9999.0 -9999.0 -9999.0 -9999.0 -9999.0 -9999.0 -9999.0 -9999.0 -9999.0 -9999.0 -9999.0 -9999.0 -9999.0 -9999.0 -9999.0 -9999.0 -9999.0 -9999.0 -9999.0 -9999.0 -9999.0 -9999.0 -9999.0 -9999.0 -9999.0 -9999.0 -9999.0 -9999.0 -9999.0
 -9999.0 -9999.0 -9999.0 -9999.0 -9999.0    51.6    37.6    38.8    53.9    23.6    12.7    11.5     9.7     8.8     8.4     8.7     9.2    10.1    11.0    10.5     9.5     7.2     5.2     3.9     2.7     1.9     1.4     1.3     3.3     5.7     7.0    11.5    14.4    16.3    18.5    19.3    19.6    18.1    13.9     9.4     6.7     5.0     4.2     4.6     5.9     8.4    11.3    10.8    11.6     9.5    10.9    10.7    15.4    22.3    29.7    37.2    43.6    49.6    53.3    53.4    46.5    14.0    14.8    10.4     7.6     3.9     2.8     1.8     1.5     2.3     3.7     5.1     6.9     8.6    10.7    12.2    15.6    13.8    31.1    41.0    37.7    21.8    38.5    39.8    40.6    49.3    63.8    70.3    69.2    62.2    60.6    62.4    60.5    57.8 -9999.0 -9999.0 -9999.0    81.2 -9999.0 -9999.0 -9999.0 -9999.0 -9999.0 -9999.0 -9999.0 -9999.0 -9999.0 -9999.0 -9999.0 -9999.0 -9999.0 -9999.0 -9999.0 -9999.0 -9999.0 -9999.0 -9999.0 -9999.0 -9999.0 -9999.0 -9999.0 -9999.0 -9999.0 -9999.0 -9999.0 -9999.0 -9999.0 -9999.0
 -9999.0 -9999.0 -9999.0 -9999.0    51.5    61.3    63.2    57.1    54.1    28.1    34.8    28.4    21.3    12.6    10.6    11.3    12.5    14.3    15.9    15.8    12.8     9.3     7.0     5.8     4.9     4.6     4.6     7.5     8.0     9.6    11.5    13.4    15.5    17.8    19.2    20.3    20.2    18.8    17.4    14.5    10.0     7.4     6.8     6.8     7.8     9.9    13.2    16.3    16.9    15.5    13.4    14.5    17.5    22.0    28.5    33.6    37.8    49.9    57.3    54.3    52.0    47.9    39.3    21.5     8.5     7.4     4.7     1.9     3.2     3.8     5.2     7.7    10.0    11.8    13.4    14.5    15.0    16.3    39.4    13.8    15.6    32.2    38.2    50.6    48.2    60.7    79.8    80.6    72.7    64.5    66.6    78.9    82.6    80.3 -9999.0 -9999.0    89.9    96.0    96.8   108.4    78.6 -9999.0 -9999.0 -9999.0 -9999.0 -9999.0 -9999.0 -9999.0 -9999.0 -9999.0 -9999.0 -9999.0 -9999.0 -9999.0 -9999.0 -9999.0 -9999.0 -9999.0 -9999.0 -9999.0 -9999.0 -9999.0 -9999.0 -9999.0 -9999.0 -9999.0 -9999.0 -9999.0
 -9999.0 -9999.0 -9999.0 -9999.0    60.1    56.5    63.5    55.1    58.9    56.0    44.5    48.9    44.1    40.8    25.9    26.0    27.2    23.6    22.1    21.1    19.2    15.4    12.6    12.0    10.3     8.8     9.5     9.9    10.7    12.0    13.7    15.4    17.6    19.5    20.8    21.9    21.2    19.7    19.2    16.7    15.0    11.7    10.6     9.8    10.5    12.4    15.6    19.3    21.1    20.0    16.9    15.4    16.9    21.6    24.3    29.2    34.2    44.4    55.2    42.5    57.3    44.3    36.1    29.1    15.6     6.9     5.4     3.3     3.7     5.8     7.9    10.2    11.4    12.5    13.0    14.5    13.8    24.8    32.1    22.9    31.2    29.1    41.2    44.4    51.4    66.7    76.8    66.8    57.8    60.6    77.2   105.0   106.2   101.7    95.1    90.6    88.7    93.4    99.8 -9999.0 -9999.0 -9999.0 -9999.0 -9999.0 -9999.0 -9999.0 -9999.0 -9999.0 -9999.0 -9999.0 -9999.0 -9999.0 -9999.0 -9999.0 -9999.0 -9999.0 -9999.0 -9999.0 -9999.0 -9999.0 -9999.0 -9999.0 -9999.0 -9999.0 -9999.0 -9999.0 -9999.0 -9999.0
 -9999.0 -9999.0 -9999.0 -9999.0 -9999.0 -9999.0 -9999.0    57.7    58.6    54.3    50.4    46.5    44.8    41.2    37.9    29.7    34.5    32.2    31.1    28.9    22.9    17.4    14.9    13.7    12.8    12.2    12.0    12.4    13.3    14.3    16.0    17.8    19.8    21.1    21.5    23.0    21.6    21.7    19.4    18.2    18.4    15.8    15.5    15.8    16.0    16.5    20.0    23.5    24.1    23.9    20.0    17.2    17.0    15.5    22.9    26.6    27.8    32.3    50.2    50.0    49.3    44.6    36.2    32.4    25.5    12.8     7.3     4.8     5.7     8.3    10.4    10.7    12.3    13.4    13.7    16.1    15.9    26.7    39.1    34.4    41.2    38.8    39.7    45.5    53.2    61.1    58.3    45.3    40.0    52.4    76.8   100.8   108.0   103.1    97.7    94.6    87.3 -9999.0 -9999.0 -9999.0 -9999.0 -9999.0 -9999.0 -9999.0 -9999.0 -9999.0 -9999.0 -9999.0 -9999.0 -9999.0 -9999.0 -9999.0 -9999.0 -9999.0 -9999.0 -9999.0 -9999.0 -9999.0 -9999.0 -9999.0 -9999.0 -9999.0 -9999.0 -9999.0 -9999.0 -9999.0 -9999.0 -9999.0
 -9999.0 -9999.0 -9999.0 -9999.0 -9999.0 -9999.0 -9999.0    59.4    52.3    54.1    50.0    47.1    42.9    36.6    36.2    27.7    31.2    29.3    22.7    24.6    22.5    18.2    17.4    16.0    15.4    14.9    15.1    15.1    16.8    18.3    19.2    20.9    22.5    22.6    24.6    24.6    24.9    23.3    22.8    22.4    21.5    20.9    20.4    19.2    21.3    22.5    23.9    24.7    20.8    19.8    13.5    12.3    15.6    17.8    21.3    31.4    36.5    43.8    46.6    43.1    44.9    49.2    47.6    44.8    32.2    20.6    12.4     9.1    10.0    12.8    13.2    12.0    12.6    14.0    12.7    18.3    23.8    31.0    41.1    57.7    62.5    52.4    51.8    48.2    50.6    51.8    46.5    35.7    32.5    44.1    67.8    88.2    93.2    92.5   101.7   103.0 -9999.0 -9999.0 -9999.0 -9999.0 -9999.0 -9999.0 -9999.0 -9999.0 -9999.0 -9999.0 -9999.0 -9999.0 -9999.0 -9999.0 -9999.0 -9999.0 -9999.0 -9999.0 -9999.0 -9999.0 -9999.0 -9999.0 -9999.0 -9999.0 -9999.0 -9999.0 -9999.0 -9999.0 -9999.0 -9999.0 -9999.0 -9999.0
 -9999.0 -9999.0 -9999.0 -9999.0 -9999.0 -9999.0 -9999.0 -9999.0 -9999.0    51.8    48.4    45.0    40.3    37.2    35.3    33.5    29.2    21.2    23.9    19.0    20.5    20.9    19.7    18.7    18.2    18.3    18.3    19.1    20.9    21.2    24.4    25.5    26.7    26.7    28.5    28.3    28.0    26.8    26.9    26.2    26.8    26.5    27.0    27.8    28.2    29.1    29.6    29.4    27.4    23.9    18.8    15.6    15.4    20.2    25.1    39.4    46.0    49.8    44.5    39.0    34.8    30.1    31.3    49.0    41.6    29.4    20.6    18.1    19.5    21.3    20.2    14.4    13.8    16.0    19.1    18.2    23.3    34.4    55.5    77.0    79.2    67.1    46.8    45.7    46.4    47.0    47.2    42.6    40.6    49.3    66.6    82.4    91.6   103.3   117.8 -9999.0 -9999.0 -9999.0 -9999.0 -9999.0 -9999.0 -9999.0 -9999.0 -9999.0 -9999.0 -9999.0 -9999.0 -9999.0 -9999.0 -9999.0 -9999.0 -9999.0 -9999.0 -9999.0 -9999.0 -9999.0 -9999.0 -9999.0 -9999.0 -9999.0 -9999.0 -9999.0 -9999.0 -9999.0 -9999.0 -9999.0 -9999.0 -9999.0
 -9999.0 -9999.0 -9999.0 -9999.0 -9999.0 -9999.0 -9999.0 -9999.0 -9999.0 -9999.0 -9999.0    41.7    39.0    34.3    32.9    29.6    28.1    26.9    25.6    23.3    20.5    21.3    20.3    20.8    18.9    20.5    20.8    22.2    24.2    26.5    28.4    28.4    31.2    31.5    32.1    28.9    30.6    30.0    26.5    30.5    30.8    33.3    35.3    37.0    37.6    39.7    39.4    39.7    37.7    34.0    28.5    22.9    21.4    25.5    32.0    45.7    57.2    53.6    45.9    36.6    27.3    25.9    30.5    43.1    38.5    34.3    24.4    26.7    31.7    35.8    31.4    24.7    18.2    17.7    19.7    24.4    30.4    45.8    65.8    85.7    79.8    60.8    52.7    47.0    46.3    48.7    58.6    65.0    66.1    71.4    78.8    87.6   101.9   121.3   137.0 -9999.0 -9999.0 -9999.0 -9999.0 -9999.0 -9999.0 -9999.0 -9999.0 -9999.0 -9999.0 -9999.0 -9999.0 -9999.0 -9999.0 -9999.0 -9999.0 -9999.0 -9999.0 -9999.0 -9999.0 -9999.0 -9999.0 -9999.0 -9999.0 -9999.0 -9999.0 -9999.0 -9999.0 -9999.0 -9999.0 -9999.0 -9999.0 -9999.0
 -9999.0 -9999.0 -9999.0 -9999.0 -9999.0 -9999.0 -9999.0 -9999.0 -9999.0 -9999.0 -9999.0 -9999.0    36.2    33.9    30.1    29.1    23.7    24.7    23.6    19.7    23.7    22.4    22.1    22.9    18.5    23.6    25.6    25.9    28.4    28.6    32.7    34.9    35.9    34.4    33.8    33.8    29.7    32.3    33.8    36.0    38.5    41.4    44.5    47.4    50.9    53.4    54.8    54.9    53.9    50.2    43.5    36.2    33.2    38.5    47.6    55.3    58.8    50.8    49.4    34.0    27.0    19.6    18.3    27.2    47.5    35.2    30.6    34.3    43.2    52.1    36.6    18.6    16.7    19.1    25.4    42.3    46.3    58.3    70.9    86.1    85.0    64.7    55.7    53.4    57.0    63.8    76.6    88.7    95.3    98.5    99.1   100.3   111.7   128.8   137.3   120.4    90.9 -9999.0 -9999.0 -9999.0 -9999.0 -9999.0 -9999.0 -9999.0 -9999.0 -9999.0 -9999.0 -9999.0 -9999.0 -9999.0 -9999.0 -9999.0 -9999.0 -9999.0 -9999.0 -9999.0 -9999.0 -9999.0 -9999.0 -9999.0 -9999.0 -9999.0 -9999.0 -9999.0 -9999.0 -9999.0 -9999.0 -9999.0
 -9999.0 -9999.0 -9999.0 -9999.0 -9999.0 -9999.0 -9999.0 -9999.0 -9999.0 -9999.0 -9999.0 -9999.0    33.1    30.5    28.6    26.5    26.4    24.8    21.9    22.1    22.2    21.5    22.4    24.3    26.3    26.9    28.7    31.8    33.5    37.0    38.0    37.8    40.4    40.8    38.8    38.2    33.9    33.2    35.1    38.2    43.3    48.3    52.3    59.7    65.1    69.8    73.7    74.3    70.7    69.1    60.6    52.1    47.2    51.1    61.9    66.4    68.6    59.3    51.4    41.3    33.4    27.2    22.3    21.8    47.0    42.9    29.5    32.6    42.8    57.8    71.4    72.9    66.2    45.9    42.8    42.4    50.4    64.9    73.6    79.5    89.2    59.5    57.4    66.2    81.2    93.2   100.4   105.6   109.0   110.0   107.6   106.5   112.0   122.1   123.5   105.2    81.1 -9999.0 -9999.0 -9999.0 -9999.0 -9999.0 -9999.0 -9999.0 -9999.0 -9999.0 -9999.0 -9999.0 -9999.0 -9999.0 -9999.0 -9999.0 -9999.0 -9999.0 -9999.0 -9999.0 -9999.0 -9999.0 -9999.0 -9999.0 -9999.0 -9999.0 -9999.0 -9999.0 -9999.0 -9999.0 -9999.0 -9999.0
 -9999.0 -9999.0 -9999.0 -9999.0 -9999.0 -9999.0 -9999.0 -9999.0 -9999.0 -9999.0 -9999.0 -9999.0 -9999.0    28.2    25.8    24.5    23.3    23.2    23.1    23.0    22.7    24.1    23.5    26.3    27.6    27.2    29.5    30.7    35.5    39.4    44.2    47.1    45.0    44.6    46.6    43.5    40.3    37.5    33.3    39.0    45.0    51.6    60.9    69.0    79.7    87.8    93.7    96.4    95.1    88.5    77.5    63.8    58.7    63.1    67.3    71.7    71.3    62.7    51.0    46.2    41.4    39.5    34.3    44.9    45.1    44.0    44.4    44.3    55.9    61.1    41.6    48.4    64.2    62.1    63.7    57.4    62.2    71.3    75.7    72.2    74.7    63.0    67.6    84.9   109.2   121.0   113.5   104.6   102.8   101.4   100.2   101.2   101.9   104.6   104.5    95.7    86.0 -9999.0 -9999.0 -9999.0 -9999.0 -9999.0 -9999.0 -9999.0 -9999.0 -9999.0 -9999.0 -9999.0 -9999.0 -9999.0 -9999.0 -9999.0 -9999.0 -9999.0 -9999.0 -9999.0 -9999.0 -9999.0 -9999.0 -9999.0 -9999.0 -9999.0 -9999.0 -9999.0 -9999.0 -9999.0 -9999.0 -9999.0
 -9999.0 -9999.0 -9999.0 -9999.0 -9999.0 -9999.0 -9999.0 -9999.0 -9999.0 -9999.0 -9999.0 -9999.0    28.2    26.5    24.2    22.3    21.0    20.9    20.9    22.2    23.0    24.1    25.0    26.9    29.1    29.4    32.7    36.6    40.4    43.8    48.4    53.6    50.6    53.7    50.8    49.2    42.7    43.0    42.3    43.9    46.6    53.6    63.3    80.4    91.5   101.8   109.2   110.7   109.9   102.4    93.7    84.5    72.0    74.6    76.6    78.1    74.1    70.9    64.0    62.4    61.0    55.8    55.2    48.6    52.7    51.8    50.6    59.8    78.5    99.8   108.7    97.8    79.9    66.0    69.3    73.2    79.1    85.5    85.9    76.9    66.7    64.9    76.4    97.5   116.8   120.0   104.9    90.9    86.5    84.6    84.3    85.5    87.1    87.3    92.1    97.6   104.3    99.0 -9999.0 -9999.0 -9999.0 -9999.0 -9999.0 -9999.0 -9999.0 -9999.0 -9999.0 -9999.0 -9999.0 -9999.0 -9999.0 -9999.0 -9999.0 -9999.0 -9999.0 -9999.0 -9999.0 -9999.0 -9999.0 -9999.0 -9999.0 -9999.0 -9999.0 -9999.0 -9999.0 -9999.0 -9999.0 -9999.0
 -9999.0 -9999.0 -9999.0 -9999.0 -9999.0 -9999.0 -9999.0 -9999.0 -9999.0 -9999.0 -9999.0 -9999.0    27.6    21.5    21.4    21.3    20.2    19.7    20.1    20.6    22.2    23.3    25.0    27.1    29.8    32.5    35.4    38.9    42.9    48.3    53.7    58.0    57.7    62.9    61.1    56.1    53.2    48.3    47.0    50.3    55.1    64.9    76.4    88.3    99.8   109.9   118.0   122.5   121.5   105.3    94.2    92.4    78.9    76.9    82.4    83.4    82.9    79.6    77.1    76.2    75.6    72.8    83.0    72.7    62.7    60.5    68.7    89.3   104.6   116.7   122.9   118.7   111.4   118.3   110.8    99.1    96.9    96.4    96.5    83.9    69.1    65.3    80.2   105.4   114.3   104.5    90.7    83.6    80.4    77.9    73.9    74.8    78.5    79.7    89.8   106.6   124.1   121.7    95.5 -9999.0 -9999.0 -9999.0 -9999.0 -9999.0 -9999.0 -9999.0 -9999.0 -9999.0 -9999.0 -9999.0 -9999.0 -9999.0 -9999.0 -9999.0 -9999.0 -9999.0 -9999.0 -9999.0 -9999.0 -9999.0 -9999.0 -9999.0 -9999.0 -9999.0 -9999.0 -9999.0 -9999.0 -9999.0
 -9999.0 -9999.0 -9999.0 -9999.0 -9999.0 -9999.0 -9999.0 -9999.0 -9999.0 -9999.0 -9999.0 -9999.0    18.9    23.3    18.5    18.9    18.4    19.5    19.5    20.4    21.1    22.4    25.2    26.8    29.6    31.1    34.6    36.6    43.1    48.5    54.7    57.6    66.2    69.9    68.6    63.8    59.6    55.7    55.0    54.7    61.5    72.6    81.2    91.0   103.0   112.7   119.8   121.5   112.5   106.6    99.0    81.6   103.2   102.7    99.0    89.2    95.3    94.5    93.7    94.7   102.5   107.3    92.8    89.4    58.9    64.2    82.6   111.3   135.2   138.4   139.7   155.8   147.2   143.6   120.1   114.9   100.2    97.4    93.6    86.4    68.9    67.5    86.3   129.2   144.7   118.1   102.8   154.3    95.6    92.8    85.5    82.4    82.2    84.6    95.3   114.4   132.1   131.8   111.7    89.2 -9999.0 -9999.0 -9999.0 -9999.0 -9999.0 -9999.0 -9999.0 -9999.0 -9999.0 -9999.0 -9999.0 -9999.0 -9999.0 -9999.0 -9999.0 -9999.0 -9999.0 -9999.0 -9999.0 -9999.0 -9999.0 -9999.0 -9999.0 -9999.0 -9999.0 -9999.0 -9999.0 -9999.0
 -9999.0 -9999.0 -9999.0 -9999.0 -9999.0 -9999.0 -9999.0 -9999.0 -9999.0 -9999.0 -9999.0 -9999.0 -9999.0    25.6    22.8    18.4    18.7    18.3    19.9    20.9    21.5    23.8    25.3    27.0    30.2    32.2    34.8    37.8    41.0    46.7    51.6    59.2    65.0    71.6    70.9    63.5    61.7    63.5    62.4    65.3    70.5    75.4    85.0    96.4    99.9   105.0   113.4    98.2   114.2   106.5    81.6    99.6    92.0    78.6   108.9   114.6   100.1   101.4   110.4   117.1   122.8   108.1   126.6    86.8    56.0    58.8    75.9   103.7   124.8   152.9   156.2   145.5   153.8   117.5   135.5   116.0   100.5    93.5    90.8    84.5    74.8    84.1   122.8   184.3   195.9   145.6   129.1   222.8   201.8   142.3   116.8   107.3   100.1    98.1   105.7   124.4   136.9   139.3   129.3 -9999.0 -9999.0 -9999.0 -9999.0 -9999.0 -9999.0 -9999.0 -9999.0 -9999.0 -9999.0 -9999.0 -9999.0 -9999.0 -9999.0 -9999.0 -9999.0 -9999.0 -9999.0 -9999.0 -9999.0 -9999.0 -9999.0 -9999.0 -9999.0 -9999.0 -9999.0 -9999.0 -9999.0 -9999.0
 -9999.0 -9999.0 -9999.0 -9999.0 -9999.0 -9999.0 -9999.0 -9999.0 -9999.0 -9999.0 -9999.0 -9999.0 -9999.0    13.7    23.2    18.7    21.5    18.6    19.9    21.8    23.6    25.0    26.6    28.7    31.1    32.7    34.3    36.1    38.6    40.8    46.5    53.4    62.5    67.6    66.2    65.9    68.1    68.5    68.0    65.7    76.7    83.1    90.2    96.1   101.8   101.5   101.9    85.6    88.6    83.0    89.8    56.1    85.7   104.1   117.2   121.5   113.3   117.7   131.4   126.5   147.5   156.0   118.3    74.2    56.5    57.8    72.8    88.2   108.8   130.9   147.8   144.0   131.2   135.9   142.6   141.2   125.8   102.6    98.2    92.9    93.0   115.4   163.3   216.4   217.8   168.5   150.2   166.8   177.8   149.7   146.8   129.2   120.0   115.9   119.8   133.5   144.6   148.3   145.6 -9999.0 -9999.0 -9999.0 -9999.0 -9999.0 -9999.0 -9999.0 -9999.0 -9999.0 -9999.0 -9999.0 -9999.0 -9999.0 -9999.0 -9999.0 -9999.0 -9999.0 -9999.0 -9999.0 -9999.0 -9999.0 -9999.0 -9999.0 -9999.0 -9999.0 -9999.0 -9999.0 -9999.0 -9999.0
 -9999.0 -9999.0 -9999.0 -9999.0 -9999.0 -9999.0 -9999.0 -9999.0 -9999.0 -9999.0 -9999.0 -9999.0 -9999.0 -9999.0 -9999.0    20.3    19.2    21.5    21.5    22.4    26.3    27.6    29.4    31.2    32.6    33.7    33.8    34.9    35.9    37.5    41.5    47.1    51.6    57.1    62.1    59.9    60.5    69.2    71.8    75.0    76.1    81.3    87.6    90.7    81.2    70.2    85.2    56.1    74.4    34.9    55.6    89.4    67.3    80.3    55.3   110.7   125.9   102.0   147.8   156.3   171.5   155.7   109.1    84.6    66.7    68.1    79.0    80.7    87.7   127.5   144.8   133.5   139.8   142.4   152.2   162.9   153.3   133.6   123.8   114.5   111.9   132.2   166.4   197.3   196.8   157.6   129.5   130.0   117.6   129.0   153.1   161.6   149.3   144.9   141.5   146.3   153.1 -9999.0   151.3 -9999.0 -9999.0 -9999.0 -9999.0 -9999.0 -9999.0 -9999.0 -9999.0 -9999.0 -9999.0 -9999.0 -9999.0 -9999.0 -9999.0 -9999.0 -9999.0 -9999.0 -9999.0 -9999.0 -9999.0 -9999.0 -9999.0 -9999.0 -9999.0 -9999.0 -9999.0 -9999.0 -9999.0 -9999.0
 -9999.0 -9999.0 -9999.0 -9999.0 -9999.0 -9999.0 -9999.0 -9999.0 -9999.0 -9999.0 -9999.0 -9999.0 -9999.0 -9999.0 -9999.0 -9999.0 -9999.0     3.6    15.5 -9999.0    24.2    31.2    31.9    33.8    35.6    35.9    35.7    35.1    33.1    34.6    35.0    37.7    44.6    49.8    51.7    54.4    56.3    55.7    65.1    69.1    72.4    75.7    79.7    79.4    48.3    55.4    25.0    78.7    40.8    51.4    15.5    35.7    17.8    65.8    84.9   102.8   100.5   136.5   148.2   163.4   165.8   151.4   112.5    85.7    81.4    90.1    97.8    96.4    93.1   123.6   128.2   139.3   132.7   130.6   157.0   174.8   184.0   171.2   161.4   141.0   123.0   119.2   130.6   148.5   157.5   135.7   105.7    85.3    84.1   107.6   158.1   183.0   176.7   166.0   162.0   164.3   158.0   150.1   141.9   133.0   130.0 -9999.0 -9999.0 -9999.0 -9999.0 -9999.0 -9999.0 -9999.0 -9999.0 -9999.0 -9999.0 -9999.0 -9999.0 -9999.0 -9999.0 -9999.0 -9999.0 -9999.0 -9999.0 -9999.0 -9999.0 -9999.0 -9999.0 -9999.0 -9999.0 -9999.0 -9999.0 -9999.0
 -9999.0 -9999.0 -9999.0 -9999.0 -9999.0 -9999.0 -9999.0 -9999.0 -9999.0 -9999.0 -9999.0 -9999.0 -9999.0 -9999.0 -9999.0 -9999.0 -9999.0 -9999.0 -9999.0 -9999.0 -9999.0    33.2    37.3    39.7    39.8    38.1    37.0    34.7    32.2    27.8    28.1    27.0    33.2    37.4    35.8    40.3    42.4    44.2    43.7    40.8    45.7    65.0    69.3    69.6    39.4    58.1    19.9    33.7    68.8   106.4    34.6    71.9    68.4    28.7    53.0    88.5   105.0   107.6   144.6   157.9   158.4   160.0   118.2    96.3    87.3   101.0   110.6   107.0    92.8   117.6   144.9   132.0   124.9   125.1   142.4   168.5   183.4   186.4   183.4   156.2   123.2   100.7   100.4   119.5   166.9   130.2   102.8    81.4    83.3   115.0   169.0   200.7   197.1   179.8   176.0   170.3   158.0   141.5   130.4   104.2 -9999.0 -9999.0 -9999.0 -9999.0 -9999.0 -9999.0 -9999.0 -9999.0 -9999.0 -9999.0 -9999.0 -9999.0 -9999.0 -9999.0 -9999.0 -9999.0 -9999.0 -9999.0 -9999.0 -9999.0 -9999.0 -9999.0 -9999.0 -9999.0 -9999.0 -9999.0 -9999.0 -9999.0
 -9999.0 -9999.0 -9999.0 -9999.0 -9999.0 -9999.0 -9999.0 -9999.0 -9999.0 -9999.0 -9999.0 -9999.0 -9999.0 -9999.0 -9999.0 -9999.0 -9999.0 -9999.0 -9999.0 -9999.0 -9999.0 -9999.0 -9999.0    33.3    43.8    42.8    40.8    37.8    36.0    28.4    26.8    27.9    34.8    31.9    34.3    33.2    37.0    31.2    38.6    42.6    45.0    52.8    51.0    45.9    32.6    19.1    26.8    25.5    18.9    17.0    18.8    48.9    19.4    30.4    29.4    26.1    76.4   110.8   105.3   145.3   166.9   176.2   162.8   117.6   108.1   102.6   104.4   102.3   108.9   119.8   124.0   125.6   125.6   124.1   125.8   135.8   161.8   179.8   176.1   152.8   119.2    96.3    98.0   127.9   159.7   201.2   128.4   110.4   110.6   144.7   190.8   206.3   208.8   183.5   170.1   161.7   150.0   142.2   110.3 -9999.0 -9999.0 -9999.0 -9999.0 -9999.0 -9999.0 -9999.0 -9999.0 -9999.0 -9999.0 -9999.0 -9999.0 -9999.0 -9999.0 -9999.0 -9999.0 -9999.0 -9999.0 -9999.0 -9999.0 -9999.0 -9999.0 -9999.0 -9999.0 -9999.0 -9999.0 -9999.0 -9999.0 -9999.0
 -9999.0 -9999.0 -9999.0 -9999.0 -9999.0 -9999.0 -9999.0 -9999.0 -9999.0 -9999.0 -9999.0 -9999.0 -9999.0 -9999.0 -9999.0 -9999.0 -9999.0 -9999.0 -9999.0 -9999.0 -9999.0 -9999.0 -9999.0 -9999.0 -9999.0    24.4    41.8    48.0    42.9    42.3    33.0    25.0    24.0    26.8    21.3    28.8    36.3    22.4    29.7    24.5    36.2    33.6    19.9    25.9    20.4    20.2    25.9    27.5    37.0    24.9    51.7    36.2    49.7    45.8    25.1    32.8    65.3    77.0   114.9   133.9   158.5   167.8   153.6   104.1   104.6   103.5   106.0   102.6    96.9   100.2   118.2   122.4   130.8   115.8   114.1   117.7   143.1   167.3   176.2   157.4   133.4   119.7   117.7   142.1   188.0   184.5   171.7   147.2   150.8   173.1   197.3   199.4   178.7   173.2   155.7   165.1   137.0   132.3 -9999.0 -9999.0 -9999.0 -9999.0 -9999.0 -9999.0 -9999.0 -9999.0 -9999.0 -9999.0 -9999.0 -9999.0 -9999.0 -9999.0 -9999.0 -9999.0 -9999.0 -9999.0 -9999.0 -9999.0 -9999.0 -9999.0 -9999.0 -9999.0 -9999.0 -9999.0 -9999.0 -9999.0 -9999.0 -9999.0
 -9999.0 -9999.0 -9999.0 -9999.0 -9999.0 -9999.0 -9999.0 -9999.0 -9999.0 -9999.0 -9999.0 -9999.0 -9999.0 -9999.0 -9999.0 -9999.0 -9999.0 -9999.0 -9999.0 -9999.0 -9999.0 -9999.0 -9999.0 -9999.0 -9999.0 -9999.0 -9999.0    16.1    15.4    29.5    25.4    22.0    34.3    15.1    22.0     5.6    12.2    10.6     6.5    12.3    20.8    17.6    16.3    16.3    20.1    23.0    26.1    32.6    41.1    42.8    56.4    59.2    40.1    38.2    41.6    57.9    59.2    76.1   109.6   128.2   145.2   151.5   124.0   108.6    95.8   109.6   122.0   118.6   119.1   123.0   128.7   117.3   127.8   110.9   112.0   123.2   144.2   162.8   163.9   160.3   164.8   151.9   152.2   179.3   184.3   198.7   197.9   199.4   177.7   183.1   182.2   192.0   159.4   152.8   184.5   182.2   147.9 -9999.0 -9999.0 -9999.0 -9999.0 -9999.0 -9999.0 -9999.0 -9999.0 -9999.0 -9999.0 -9999.0 -9999.0 -9999.0 -9999.0 -9999.0 -9999.0 -9999.0 -9999.0 -9999.0 -9999.0 -9999.0 -9999.0 -9999.0 -9999.0 -9999.0 -9999.0 -9999.0 -9999.0 -9999.0 -9999.0 -9999.0
 -9999.0 -9999.0 -9999.0 -9999.0 -9999.0 -9999.0 -9999.0 -9999.0 -9999.0 -9999.0 -9999.0 -9999.0 -9999.0 -9999.0 -9999.0 -9999.0 -9999.0 -9999.0 -9999.0 -9999.0 -9999.0 -9999.0 -9999.0 -9999.0 -9999.0 -9999.0 -9999.0 -9999.0 -9999.0 -9999.0 -9999.0 -9999.0 -9999.0     8.3    16.5 -9999.0 -9999.0 -9999.0     4.3     7.9     9.1    11.9    18.2    16.6    18.8    25.1 -9999.0 -9999.0 -9999.0 -9999.0 -9999.0 -9999.0    65.4    69.1    64.1    70.7    81.7    90.1   109.3   126.6   140.9   137.1   117.2   102.6   105.0   118.9   131.3   135.9   146.9   158.2   162.0   142.7   130.0   119.4   122.1   147.2   158.0   168.7   166.8   168.5   177.6   177.4   185.5   193.7   216.4   203.0   204.2   202.2   211.5   189.9   197.6   192.2   174.5   177.9   204.6   193.1   151.7 -9999.0 -9999.0 -9999.0 -9999.0 -9999.0 -9999.0 -9999.0 -9999.0 -9999.0 -9999.0 -9999.0 -9999.0 -9999.0 -9999.0 -9999.0 -9999.0 -9999.0 -9999.0 -9999.0 -9999.0 -9999.0 -9999.0 -9999.0 -9999.0 -9999.0 -9999.0 -9999.0 -9999.0 -9999.0 -9999.0 -9999.0
 -9999.0 -9999.0 -9999.0 -9999.0 -9999.0 -9999.0 -9999.0 -9999.0 -9999.0 -9999.0 -9999.0 -9999.0 -9999.0 -9999.0 -9999.0 -9999.0 -9999.0 -9999.0 -9999.0 -9999.0 -9999.0 -9999.0 -9999.0 -9999.0 -9999.0 -9999.0 -9999.0 -9999.0 -9999.0 -9999.0 -9999.0 -9999.0 -9999.0 -9999.0 -9999.0 -9999.0 -9999.0 -9999.0 -9999.0     2.8     4.9     7.7    11.5    16.8 -9999.0 -9999.0 -9999.0 -9999.0 -9999.0 -9999.0 -9999.0 -9999.0    93.0   102.2    98.1   100.2   105.2   106.8   111.0   120.1   128.6   127.6   114.1   114.9   112.1   123.7   143.9   206.0   217.6   188.2   182.7   197.8   183.5   153.2   159.1   181.6   191.4   187.3   181.5   163.1   174.4   172.4   176.4   230.6   211.5   199.0   225.7   233.9   198.7   212.0   221.4   226.1   227.2   246.7   260.2   219.1 -9999.0 -9999.0 -9999.0 -9999.0 -9999.0 -9999.0 -9999.0 -9999.0 -9999.0 -9999.0 -9999.0 -9999.0 -9999.0 -9999.0 -9999.0 -9999.0 -9999.0 -9999.0 -9999.0 -9999.0 -9999.0 -9999.0 -9999.0 -9999.0 -9999.0 -9999.0 -9999.0 -9999.0 -9999.0 -9999.0 -9999.0 -9999.0
 -9999.0 -9999.0 -9999.0 -9999.0 -9999.0 -9999.0 -9999.0 -9999.0 -9999.0 -9999.0 -9999.0 -9999.0 -9999.0 -9999.0 -9999.0 -9999.0 -9999.0 -9999.0 -9999.0 -9999.0 -9999.0 -9999.0 -9999.0 -9999.0 -9999.0 -9999.0 -9999.0 -9999.0 -9999.0 -9999.0 -9999.0 -9999.0 -9999.0 -9999.0 -9999.0 -9999.0 -9999.0 -9999.0 -9999.0 -9999.0 -9999.0 -9999.0 -9999.0 -9999.0 -9999.0 -9999.0 -9999.0 -9999.0 -9999.0 -9999.0 -9999.0 -9999.0   109.7   139.4   132.1   140.8   127.9   121.4   118.0   122.7   117.5   119.3   106.0   130.3   147.2   203.6   280.7   312.4   305.0   267.5   255.0   264.7   217.2   205.2   199.0   228.9   232.2   215.4   177.2   156.4   164.0   168.4   159.2   210.6   205.5   205.7   211.5   210.9   209.9   230.0   250.5   282.9   275.5   299.0   285.5 -9999.0 -9999.0 -9999.0 -9999.0 -9999.0 -9999.0 -9999.0 -9999.0 -9999.0 -9999.0 -9999.0 -9999.0 -9999.0 -9999.0 -9999.0 -9999.0 -9999.0 -9999.0 -9999.0 -9999.0 -9999.0 -9999.0 -9999.0 -9999.0 -9999.0 -9999.0 -9999.0 -9999.0 -9999.0 -9999.0 -9999.0 -9999.0 -9999.0
 -9999.0 -9999.0 -9999.0 -9999.0 -9999.0 -9999.0 -9999.0 -9999.0 -9999.0 -9999.0 -9999.0 -9999.0 -9999.0 -9999.0 -9999.0 -9999.0 -9999.0 -9999.0 -9999.0 -9999.0 -9999.0 -9999.0 -9999.0 -9999.0 -9999.0 -9999.0 -9999.0 -9999.0 -9999.0 -9999.0 -9999.0 -9999.0 -9999.0 -9999.0 -9999.0 -9999.0 -9999.0 -9999.0 -9999.0 -9999.0 -9999.0 -9999.0 -9999.0 -9999.0 -9999.0 -9999.0 -9999.0 -9999.0 -9999.0 -9999.0 -9999.0   119.1   143.0   172.5   126.8   147.1   138.0   141.1   122.9    85.7   120.0   113.2   121.8   144.2   194.7   274.5   352.1   372.9   367.4   342.1   315.5   291.6   257.9   232.5   248.0   281.2   275.5   247.2   206.6   176.7   145.8   144.2   274.8   170.4   153.1   150.1   220.8   192.7   234.5   242.4   306.2   289.8   298.6   268.0   241.7 -9999.0 -9999.0 -9999.0 -9999.0 -9999.0 -9999.0 -9999.0 -9999.0 -9999.0 -9999.0 -9999.0 -9999.0 -9999.0 -9999.0 -9999.0 -9999.0 -9999.0 -9999.0 -9999.0 -9999.0 -9999.0 -9999.0 -9999.0 -9999.0 -9999.0 -9999.0 -9999.0 -9999.0 -9999.0 -9999.0 -9999.0 -9999.0 -9999.0
 -9999.0 -9999.0 -9999.0 -9999.0 -9999.0 -9999.0 -9999.0 -9999.0 -9999.0 -9999.0 -9999.0 -9999.0 -9999.0 -9999.0 -9999.0 -9999.0 -9999.0 -9999.0 -9999.0 -9999.0 -9999.0 -9999.0 -9999.0 -9999.0 -9999.0 -9999.0 -9999.0 -9999.0 -9999.0 -9999.0 -9999.0 -9999.0 -9999.0 -9999.0 -9999.0 -9999.0 -9999.0 -9999.0 -9999.0 -9999.0 -9999.0 -9999.0 -9999.0 -9999.0 -9999.0 -9999.0 -9999.0 -9999.0 -9999.0 -9999.0    92.9   163.7   183.2   195.3   159.8   165.2   129.9   104.8   112.7   115.1    99.3   101.9   115.2   146.0   224.5   300.2   312.7   363.0   348.4   339.3   299.0   263.7   245.0   251.8   278.8   303.7   312.4   270.6   204.3   182.4   180.8   145.9   152.1   131.2   166.1   130.2   173.6   160.7   211.8   253.7   278.6   304.7   238.2   212.7   166.8 -9999.0 -9999.0 -9999.0 -9999.0 -9999.0 -9999.0 -9999.0 -9999.0 -9999.0 -9999.0 -9999.0 -9999.0 -9999.0 -9999.0 -9999.0 -9999.0 -9999.0 -9999.0 -9999.0 -9999.0 -9999.0 -9999.0 -9999.0 -9999.0 -9999.0 -9999.0 -9999.0 -9999.0 -9999.0 -9999.0 -9999.0 -9999.0 -9999.0
 -9999.0 -9999.0 -9999.0 -9999.0 -9999.0 -9999.0 -9999.0 -9999.0 -9999.0 -9999.0 -9999.0 -9999.0 -9999.0 -9999.0 -9999.0 -9999.0 -9999.0 -9999.0 -9999.0 -9999.0 -9999.0 -9999.0 -9999.0 -9999.0 -9999.0 -9999.0 -9999.0 -9999.0 -9999.0 -9999.0 -9999.0 -9999.0 -9999.0 -9999.0 -9999.0 -9999.0 -9999.0 -9999.0 -9999.0 -9999.0 -9999.0 -9999.0 -9999.0 -9999.0 -9999.0 -9999.0 -9999.0 -9999.0 -9999.0 -9999.0   108.5   221.4   145.1   197.7   197.0   161.8    86.3   141.2   126.9    99.6    80.5    80.7   102.5   148.2   209.7   250.2   262.4   296.8   305.3   296.2   264.8   236.1   231.6   254.8   301.3   331.8   310.5   250.1   207.8   213.9   178.3   223.7   186.0   163.5   193.2   157.9   155.1   173.1   196.2   208.7   241.8   179.4   161.9   136.3 -9999.0 -9999.0 -9999.0 -9999.0 -9999.0 -9999.0 -9999.0 -9999.0 -9999.0 -9999.0 -9999.0 -9999.0 -9999.0 -9999.0 -9999.0 -9999.0 -9999.0 -9999.0 -9999.0 -9999.0 -9999.0 -9999.0 -9999.0 -9999.0 -9999.0 -9999.0 -9999.0 -9999.0 -9999.0 -9999.0 -9999.0 -9999.0 -9999.0 -9999.0
 -9999.0 -9999.0 -9999.0 -9999.0 -9999.0 -9999.0 -9999.0 -9999.0 -9999.0 -9999.0 -9999.0 -9999.0 -9999.0 -9999.0 -9999.0 -9999.0 -9999.0 -9999.0 -9999.0 -9999.0 -9999.0 -9999.0 -9999.0 -9999.0 -9999.0 -9999.0 -9999.0 -9999.0 -9999.0 -9999.0 -9999.0 -9999.0 -9999.0 -9999.0 -9999.0 -9999.0 -9999.0 -9999.0 -9999.0 -9999.0 -9999.0 -9999.0 -9999.0 -9999.0 -9999.0 -9999.0 -9999.0 -9999.0 -9999.0 -9999.0   118.1   169.0   131.2   249.3   147.9   127.7   182.7   140.4   140.0    98.6    80.6    69.3    81.7   122.0   162.9   175.1   182.1   204.8   222.6   223.7   228.8   207.9   221.4   249.4   293.2   320.0   313.2   263.7   224.5   184.4   258.7   228.9   224.4   234.8   258.8   200.3   171.4   174.8   195.8   179.5   194.0   122.3 -9999.0 -9999.0 -9999.0 -9999.0 -9999.0 -9999.0 -9999.0 -9999.0 -9999.0 -9999.0 -9999.0 -9999.0 -9999.0 -9999.0 -9999.0 -9999.0 -9999.0 -9999.0 -9999.0 -9999.0 -9999.0 -9999.0 -9999.0 -9999.0 -9999.0 -9999.0 -9999.0 -9999.0 -9999.0 -9999.0 -9999.0 -9999.0 -9999.0 -9999.0 -9999.0 -9999.0
 -9999.0 -9999.0 -9999.0 -9999.0 -9999.0 -9999.0 -9999.0 -9999.0 -9999.0 -9999.0 -9999.0 -9999.0 -9999.0 -9999.0 -9999.0 -9999.0 -9999.0 -9999.0 -9999.0 -9999.0 -9999.0 -9999.0 -9999.0 -9999.0 -9999.0 -9999.0 -9999.0 -9999.0 -9999.0 -9999.0 -9999.0 -9999.0 -9999.0 -9999.0 -9999.0 -9999.0 -9999.0 -9999.0 -9999.0 -9999.0 -9999.0 -9999.0 -9999.0 -9999.0 -9999.0 -9999.0 -9999.0 -9999.0 -9999.0 -9999.0   230.2   271.5   215.7   213.2   180.7   192.9   102.0   153.8   156.8   119.1   102.2    76.2    72.2   100.3   125.0   125.6   120.7   128.4   140.1   154.4   168.5   179.2   199.2   234.7   265.3   286.5   291.2   245.8   240.3   205.2   246.9   310.9   292.2   308.7   276.2   249.2   243.5   202.7   214.0   185.5   108.3 -9999.0 -9999.0 -9999.0 -9999.0 -9999.0 -9999.0 -9999.0 -9999.0 -9999.0 -9999.0 -9999.0 -9999.0 -9999.0 -9999.0 -9999.0 -9999.0 -9999.0 -9999.0 -9999.0 -9999.0 -9999.0 -9999.0 -9999.0 -9999.0 -9999.0 -9999.0 -9999.0 -9999.0 -9999.0 -9999.0 -9999.0 -9999.0 -9999.0 -9999.0 -9999.0 -9999.0 -9999.0
 -9999.0 -9999.0 -9999.0 -9999.0 -9999.0 -9999.0 -9999.0 -9999.0 -9999.0 -9999.0 -9999.0 -9999.0 -9999.0 -9999.0 -9999.0 -9999.0 -9999.0 -9999.0 -9999.0 -9999.0 -9999.0 -9999.0 -9999.0 -9999.0 -9999.0 -9999.0 -9999.0 -9999.0 -9999.0 -9999.0 -9999.0 -9999.0 -9999.0 -9999.0 -9999.0 -9999.0 -9999.0 -9999.0 -9999.0 -9999.0 -9999.0 -9999.0 -9999.0 -9999.0 -9999.0 -9999.0 -9999.0 -9999.0 -9999.0 -9999.0 -9999.0 -9999.0 -9999.0   194.7   156.1   137.2   151.4   182.5   144.6   149.5   169.1   103.5   113.9   108.5   111.3   103.4    99.8    93.2    97.8   102.3   111.6   134.5   168.9   211.8   248.8   254.9   256.0   232.9   217.8   236.4   294.8   322.7   317.2   288.2   270.4   256.8   238.5   249.7   180.5   131.2 -9999.0 -9999.0 -9999.0 -9999.0 -9999.0 -9999.0 -9999.0 -9999.0 -9999.0 -9999.0 -9999.0 -9999.0 -9999.0 -9999.0 -9999.0 -9999.0 -9999.0 -9999.0 -9999.0 -9999.0 -9999.0 -9999.0 -9999.0 -9999.0 -9999.0 -9999.0 -9999.0 -9999.0 -9999.0 -9999.0 -9999.0 -9999.0 -9999.0 -9999.0 -9999.0 -9999.0 -9999.0 -9999.0
 -9999.0 -9999.0 -9999.0 -9999.0 -9999.0 -9999.0 -9999.0 -9999.0 -9999.0 -9999.0 -9999.0 -9999.0 -9999.0 -9999.0 -9999.0 -9999.0 -9999.0 -9999.0 -9999.0 -9999.0 -9999.0 -9999.0 -9999.0 -9999.0 -9999.0 -9999.0 -9999.0 -9999.0 -9999.0 -9999.0 -9999.0 -9999.0 -9999.0 -9999.0 -9999.0 -9999.0 -9999.0 -9999.0 -9999.0 -9999.0 -9999.0 -9999.0 -9999.0 -9999.0 -9999.0 -9999.0 -9999.0 -9999.0 -9999.0 -9999.0 -9999.0 -9999.0 -9999.0   232.2   175.9   252.3   167.2   161.0   198.4   247.2   192.8   147.0   176.9   122.8   111.9    98.3    78.1    87.0    76.7    77.8    85.2   112.4   151.8   199.4   244.9   283.4   277.3   297.4   285.2   295.3   308.5   313.9   277.1 -9999.0   209.6   194.5 -9999.0 -9999.0 -9999.0 -9999.0 -9999.0 -9999.0 -9999.0 -9999.0 -9999.0 -9999.0 -9999.0 -9999.0 -9999.0 -9999.0 -9999.0 -9999.0 -9999.0 -9999.0 -9999.0 -9999.0 -9999.0 -9999.0 -9999.0 -9999.0 -9999.0 -9999.0 -9999.0 -9999.0 -9999.0 -9999.0 -9999.0 -9999.0 -9999.0 -9999.0 -9999.0 -9999.0 -9999.0 -9999.0 -9999.0 -9999.0 -9999.0 -9999.0
 -9999.0 -9999.0 -9999.0 -9999.0 -9999.0 -9999.0 -9999.0 -9999.0 -9999.0 -9999.0 -9999.0 -9999.0 -9999.0 -9999.0 -9999.0 -9999.0 -9999.0 -9999.0 -9999.0 -9999.0 -9999.0 -9999.0 -9999.0 -9999.0 -9999.0 -9999.0 -9999.0 -9999.0 -9999.0 -9999.0 -9999.0 -9999.0 -9999.0 -9999.0 -9999.0 -9999.0 -9999.0 -9999.0 -9999.0 -9999.0 -9999.0 -9999.0 -9999.0 -9999.0 -9999.0 -9999.0 -9999.0 -9999.0 -9999.0 -9999.0 -9999.0 -9999.0 -9999.0   278.4   182.4   235.3   210.1   195.4   228.1   236.9   269.0   239.8   246.2   210.0   105.0 -9999.0 -9999.0 -9999.0    85.7    83.4    95.6   122.3   153.1   185.0   231.8   302.4   325.8   357.6   451.3   363.0   304.9   254.7   236.3 -9999.0 -9999.0 -9999.0 -9999.0 -9999.0 -9999.0 -9999.0 -9999.0 -9999.0 -9999.0 -9999.0 -9999.0 -9999.0 -9999.0 -9999.0 -9999.0 -9999.0 -9999.0 -9999.0 -9999.0 -9999.0 -9999.0 -9999.0 -9999.0 -9999.0 -9999.0 -9999.0 -9999.0 -9999.0 -9999.0 -9999.0 -9999.0 -9999.0 -9999.0 -9999.0 -9999.0 -9999.0 -9999.0 -9999.0 -9999.0 -9999.0 -9999.0 -9999.0 -9999.0 -9999.0
 -9999.0 -9999.0 -9999.0 -9999.0 -9999.0 -9999.0 -9999.0 -9999.0 -9999.0 -9999.0 -9999.0 -9999.0 -9999.0 -9999.0 -9999.0 -9999.0 -9999.0 -9999.0 -9999.0 -9999.0 -9999.0 -9999.0 -9999.0 -9999.0 -9999.0 -9999.0 -9999.0 -9999.0 -9999.0 -9999.0 -9999.0 -9999.0 -9999.0 -9999.0 -9999.0 -9999.0 -9999.0 -9999.0 -9999.0 -9999.0 -9999.0 -9999.0 -9999.0 -9999.0 -9999.0 -9999.0 -9999.0 -9999.0 -9999.0 -9999.0 -9999.0 -9999.0 -9999.0 -9999.0   287.1   257.9   198.2   193.2   273.6   330.2   239.7 -9999.0 -9999.0 -9999.0 -9999.0 -9999.0 -9999.0 -9999.0    90.9   104.6   127.0   135.8   143.4   153.7   181.8   244.0   330.5   373.6   386.4 -9999.0   281.6 -9999.0 -9999.0 -9999.0 -9999.0 -9999.0 -9999.0 -9999.0 -9999.0 -9999.0 -9999.0 -9999.0 -9999.0 -9999.0 -9999.0 -9999.0 -9999.0 -9999.0 -9999.0 -9999.0 -9999.0 -9999.0 -9999.0 -9999.0 -9999.0 -9999.0 -9999.0 -9999.0 -9999.0 -9999.0 -9999.0 -9999.0 -9999.0 -9999.0 -9999.0 -9999.0 -9999.0 -9999.0 -9999.0 -9999.0 -9999.0 -9999.0 -9999.0 -9999.0 -9999.0 -9999.0 -9999.0 -9999.0
 -9999.0 -9999.0 -9999.0 -9999.0 -9999.0 -9999.0 -9999.0 -9999.0 -9999.0 -9999.0 -9999.0 -9999.0 -9999.0 -9999.0 -9999.0 -9999.0 -9999.0 -9999.0 -9999.0 -9999.0 -9999.0 -9999.0 -9999.0 -9999.0 -9999.0 -9999.0 -9999.0 -9999.0 -9999.0 -9999.0 -9999.0 -9999.0 -9999.0 -9999.0 -9999.0 -9999.0 -9999.0 -9999.0 -9999.0 -9999.0 -9999.0 -9999.0 -9999.0 -9999.0 -9999.0 -9999.0 -9999.0 -9999.0 -9999.0 -9999.0 -9999.0 -9999.0 -9999.0 -9999.0 -9999.0   280.2   349.2   277.4   271.0   326.1   304.3 -9999.0 -9999.0 -9999.0 -9999.0 -9999.0 -9999.0 -9999.0 -9999.0 -9999.0   121.2 -9999.0 -9999.0 -9999.0 -9999.0 -9999.0   250.2 -9999.0 -9999.0 -9999.0 -9999.0 -9999.0 -9999.0 -9999.0 -9999.0 -9999.0 -9999.0 -9999.0 -9999.0 -9999.0 -9999.0 -9999.0 -9999.0 -9999.0 -9999.0 -9999.0 -9999.0 -9999.0 -9999.0 -9999.0 -9999.0 -9999.0 -9999.0 -9999.0 -9999.0 -9999.0 -9999.0 -9999.0 -9999.0 -9999.0 -9999.0 -9999.0 -9999.0 -9999.0 -9999.0 -9999.0 -9999.0 -9999.0 -9999.0 -9999.0 -9999.0 -9999.0 -9999.0 -9999.0 -9999.0 -9999.0 -9999.0 -9999.0
 -9999.0 -9999.0 -9999.0 -9999.0 -9999.0 -9999.0 -9999.0 -9999.0 -9999.0 -9999.0 -9999.0 -9999.0 -9999.0 -9999.0 -9999.0 -9999.0 -9999.0 -9999.0 -9999.0 -9999.0 -9999.0 -9999.0 -9999.0 -9999.0 -9999.0 -9999.0 -9999.0 -9999.0 -9999.0 -9999.0 -9999.0 -9999.0 -9999.0 -9999.0 -9999.0 -9999.0 -9999.0 -9999.0 -9999.0 -9999.0 -9999.0 -9999.0 -9999.0 -9999.0 -9999.0 -9999.0 -9999.0 -9999.0 -9999.0 -9999.0 -9999.0 -9999.0 -9999.0 -9999.0 -9999.0 -9999.0 -9999.0 -9999.0   339.2   310.9 -9999.0 -9999.0 -9999.0 -9999.0 -9999.0 -9999.0 -9999.0 -9999.0 -9999.0 -9999.0 -9999.0 -9999.0 -9999.0 -9999.0 -9999.0   119.8   174.7 -9999.0 -9999.0 -9999.0 -9999.0 -9999.0 -9999.0 -9999.0 -9999.0 -9999.0 -9999.0 -9999.0 -9999.0 -9999.0 -9999.0 -9999.0 -9999.0 -9999.0 -9999.0 -9999.0 -9999.0 -9999.0 -9999.0 -9999.0 -9999.0 -9999.0 -9999.0 -9999.0 -9999.0 -9999.0 -9999.0 -9999.0 -9999.0 -9999.0 -9999.0 -9999.0 -9999.0 -9999.0 -9999.0 -9999.0 -9999.0 -9999.0 -9999.0 -9999.0 -9999.0 -9999.0 -9999.0 -9999.0 -9999.0 -9999.0 -9999.0 -9999.0
 -9999.0 -9999.0 -9999.0 -9999.0 -9999.0 -9999.0 -9999.0 -9999.0 -9999.0 -9999.0 -9999.0 -9999.0 -9999.0 -9999.0 -9999.0 -9999.0 -9999.0 -9999.0 -9999.0 -9999.0 -9999.0 -9999.0 -9999.0 -9999.0 -9999.0 -9999.0 -9999.0 -9999.0 -9999.0 -9999.0 -9999.0 -9999.0 -9999.0 -9999.0 -9999.0 -9999.0 -9999.0 -9999.0 -9999.0 -9999.0 -9999.0 -9999.0 -9999.0 -9999.0 -9999.0 -9999.0 -9999.0 -9999.0 -9999.0 -9999.0 -9999.0 -9999.0 -9999.0 -9999.0 -9999.0 -9999.0 -9999.0 -9999.0 -9999.0 -9999.0 -9999.0 -9999.0 -9999.0 -9999.0 -9999.0 -9999.0 -9999.0 -9999.0 -9999.0 -9999.0 -9999.0 -9999.0 -9999.0 -9999.0 -9999.0 -9999.0 -9999.0 -9999.0 -9999.0 -9999.0 -9999.0 -9999.0 -9999.0 -9999.0 -9999.0 -9999.0 -9999.0 -9999.0 -9999.0 -9999.0 -9999.0 -9999.0 -9999.0 -9999.0 -9999.0 -9999.0 -9999.0 -9999.0 -9999.0 -9999.0 -9999.0 -9999.0 -9999.0 -9999.0 -9999.0 -9999.0 -9999.0 -9999.0 -9999.0 -9999.0 -9999.0 -9999.0 -9999.0 -9999.0 -9999.0 -9999.0 -9999.0 -9999.0 -9999.0 -9999.0 -9999.0 -9999.0 -9999.0 -9999.0 -9999.0 -9999.0 -9999.0 -9999.0
 -9999.0 -9999.0 -9999.0 -9999.0 -9999.0 -9999.0 -9999.0 -9999.0 -9999.0 -9999.0 -9999.0 -9999.0 -9999.0 -9999.0 -9999.0 -9999.0 -9999.0 -9999.0 -9999.0 -9999.0 -9999.0 -9999.0 -9999.0 -9999.0 -9999.0 -9999.0 -9999.0 -9999.0 -9999.0 -9999.0 -9999.0 -9999.0 -9999.0 -9999.0 -9999.0 -9999.0 -9999.0 -9999.0 -9999.0 -9999.0 -9999.0 -9999.0 -9999.0 -9999.0 -9999.0 -9999.0 -9999.0 -9999.0 -9999.0 -9999.0 -9999.0 -9999.0 -9999.0 -9999.0 -9999.0 -9999.0 -9999.0 -9999.0 -9999.0 -9999.0 -9999.0 -9999.0 -9999.0 -9999.0 -9999.0 -9999.0 -9999.0 -9999.0 -9999.0 -9999.0 -9999.0 -9999.0 -9999.0 -9999.0 -9999.0   158.0   164.9   159.0 -9999.0 -9999.0 -9999.0 -9999.0 -9999.0 -9999.0 -9999.0 -9999.0 -9999.0 -9999.0 -9999.0 -9999.0 -9999.0 -9999.0 -9999.0 -9999.0 -9999.0 -9999.0 -9999.0 -9999.0 -9999.0 -9999.0 -9999.0 -9999.0 -9999.0 -9999.0 -9999.0 -9999.0 -9999.0 -9999.0 -9999.0 -9999.0 -9999.0 -9999.0 -9999.0 -9999.0 -9999.0 -9999.0 -9999.0 -9999.0 -9999.0 -9999.0 -9999.0 -9999.0 -9999.0 -9999.0 -9999.0 -9999.0 -9999.0 -9999.0
 -9999.0 -9999.0 -9999.0 -9999.0 -9999.0 -9999.0 -9999.0 -9999.0 -9999.0 -9999.0 -9999.0 -9999.0 -9999.0 -9999.0 -9999.0 -9999.0 -9999.0 -9999.0 -9999.0 -9999.0 -9999.0 -9999.0 -9999.0 -9999.0 -9999.0 -9999.0 -9999.0 -9999.0 -9999.0 -9999.0 -9999.0 -9999.0 -9999.0 -9999.0 -9999.0 -9999.0 -9999.0 -9999.0 -9999.0 -9999.0 -9999.0 -9999.0 -9999.0 -9999.0 -9999.0 -9999.0 -9999.0 -9999.0 -9999.0 -9999.0 -9999.0 -9999.0 -9999.0 -9999.0 -9999.0 -9999.0 -9999.0 -9999.0 -9999.0 -9999.0 -9999.0 -9999.0 -9999.0 -9999.0 -9999.0 -9999.0 -9999.0 -9999.0 -9999.0 -9999.0 -9999.0 -9999.0 -9999.0    58.1   167.5   192.4   226.4 -9999.0 -9999.0 -9999.0 -9999.0 -9999.0 -9999.0 -9999.0 -9999.0 -9999.0 -9999.0 -9999.0 -9999.0 -9999.0 -9999.0 -9999.0 -9999.0 -9999.0 -9999.0 -9999.0 -9999.0 -9999.0 -9999.0 -9999.0 -9999.0 -9999.0 -9999.0 -9999.0 -9999.0 -9999.0 -9999.0 -9999.0 -9999.0 -9999.0 -9999.0 -9999.0 -9999.0 -9999.0 -9999.0 -9999.0 -9999.0 -9999.0 -9999.0 -9999.0 -9999.0 -9999.0 -9999.0 -9999.0 -9999.0 -9999.0 -9999.0 -9999.0
 -9999.0 -9999.0 -9999.0 -9999.0 -9999.0 -9999.0 -9999.0 -9999.0 -9999.0 -9999.0 -9999.0 -9999.0 -9999.0 -9999.0 -9999.0 -9999.0 -9999.0 -9999.0 -9999.0 -9999.0 -9999.0 -9999.0 -9999.0 -9999.0 -9999.0 -9999.0 -9999.0 -9999.0 -9999.0 -9999.0 -9999.0 -9999.0 -9999.0 -9999.0 -9999.0 -9999.0 -9999.0 -9999.0 -9999.0 -9999.0 -9999.0 -9999.0 -9999.0 -9999.0 -9999.0 -9999.0 -9999.0 -9999.0 -9999.0 -9999.0 -9999.0 -9999.0 -9999.0 -9999.0 -9999.0 -9999.0 -9999.0 -9999.0 -9999.0 -9999.0 -9999.0 -9999.0 -9999.0 -9999.0 -9999.0 -9999.0 -9999.0 -9999.0 -9999.0 -9999.0 -9999.0 -9999.0 -9999.0 -9999.0   102.4   216.8   178.4 -9999.0 -9999.0 -9999.0 -9999.0 -9999.0 -9999.0 -9999.0 -9999.0 -9999.0 -9999.0 -9999.0 -9999.0 -9999.0 -9999.0 -9999.0 -9999.0 -9999.0 -9999.0 -9999.0 -9999.0 -9999.0 -9999.0 -9999.0 -9999.0 -9999.0 -9999.0 -9999.0 -9999.0 -9999.0 -9999.0 -9999.0 -9999.0 -9999.0 -9999.0 -9999.0 -9999.0 -9999.0 -9999.0 -9999.0 -9999.0 -9999.0 -9999.0 -9999.0 -9999.0 -9999.0 -9999.0 -9999.0 -9999.0 -9999.0 -9999.0 -9999.0
 -9999.0 -9999.0 -9999.0 -9999.0 -9999.0 -9999.0 -9999.0 -9999.0 -9999.0 -9999.0 -9999.0 -9999.0 -9999.0 -9999.0 -9999.0 -9999.0 -9999.0 -9999.0 -9999.0 -9999.0 -9999.0 -9999.0 -9999.0 -9999.0 -9999.0 -9999.0 -9999.0 -9999.0 -9999.0 -9999.0 -9999.0 -9999.0 -9999.0 -9999.0 -9999.0 -9999.0 -9999.0 -9999.0 -9999.0 -9999.0 -9999.0 -9999.0 -9999.0 -9999.0 -9999.0 -9999.0 -9999.0 -9999.0 -9999.0 -9999.0 -9999.0 -9999.0 -9999.0 -9999.0 -9999.0 -9999.0 -9999.0 -9999.0 -9999.0 -9999.0 -9999.0 -9999.0 -9999.0 -9999.0 -9999.0 -9999.0 -9999.0 -9999.0 -9999.0 -9999.0 -9999.0 -9999.0 -9999.0 -9999.0 -9999.0 -9999.0 -9999.0 -9999.0 -9999.0 -9999.0 -9999.0 -9999.0 -9999.0 -9999.0 -9999.0 -9999.0 -9999.0 -9999.0 -9999.0 -9999.0 -9999.0 -9999.0 -9999.0 -9999.0 -9999.0 -9999.0 -9999.0 -9999.0 -9999.0 -9999.0 -9999.0 -9999.0 -9999.0 -9999.0 -9999.0 -9999.0 -9999.0 -9999.0 -9999.0 -9999.0 -9999.0 -9999.0 -9999.0 -9999.0 -9999.0 -9999.0 -9999.0 -9999.0 -9999.0 -9999.0 -9999.0 -9999.0 -9999.0 -9999.0 -9999.0 -9999.0 -9999.0 -9999.0
