NCOLS      128
NROWS       72
XLLCORNER    72.000000000000    
YLLCORNER    18.000000000000    
CELLSIZE    0.50000000000000    
NODATA_VALUE   -9999.000    
 -9999.0 -9999.0 -9999.0 -9999.0 -9999.0 -9999.0 -9999.0 -9999.0 -9999.0 -9999.0 -9999.0 -9999.0 -9999.0 -9999.0 -9999.0 -9999.0 -9999.0 -9999.0 -9999.0 -9999.0 -9999.0 -9999.0 -9999.0 -9999.0 -9999.0 -9999.0 -9999.0 -9999.0 -9999.0 -9999.0 -9999.0 -9999.0 -9999.0 -9999.0 -9999.0 -9999.0 -9999.0 -9999.0 -9999.0 -9999.0 -9999.0 -9999.0 -9999.0 -9999.0 -9999.0 -9999.0 -9999.0 -9999.0 -9999.0 -9999.0 -9999.0 -9999.0 -9999.0 -9999.0 -9999.0 -9999.0 -9999.0 -9999.0 -9999.0 -9999.0 -9999.0 -9999.0 -9999.0 -9999.0 -9999.0 -9999.0 -9999.0 -9999.0 -9999.0 -9999.0 -9999.0 -9999.0 -9999.0 -9999.0 -9999.0 -9999.0 -9999.0 -9999.0 -9999.0 -9999.0 -9999.0 -9999.0 -9999.0 -9999.0 -9999.0 -9999.0 -9999.0 -9999.0 -9999.0 -9999.0 -9999.0 -9999.0 -9999.0 -9999.0 -9999.0 -9999.0 -9999.0    23.2    31.0    39.0    43.8    48.8    50.3    51.3    52.5 -9999.0 -9999.0 -9999.0 -9999.0 -9999.0 -9999.0 -9999.0 -9999.0 -9999.0 -9999.0 -9999.0 -9999.0 -9999.0 -9999.0 -9999.0 -9999.0 -9999.0 -9999.0 -9999.0 -9999.0 -9999.0 -9999.0 -9999.0
 -9999.0 -9999.0 -9999.0 -9999.0 -9999.0 -9999.0 -9999.0 -9999.0 -9999.0 -9999.0 -9999.0 -9999.0 -9999.0 -9999.0 -9999.0 -9999.0 -9999.0 -9999.0 -9999.0 -9999.0 -9999.0 -9999.0 -9999.0 -9999.0 -9999.0 -9999.0 -9999.0 -9999.0 -9999.0 -9999.0 -9999.0 -9999.0 -9999.0 -9999.0 -9999.0 -9999.0 -9999.0 -9999.0 -9999.0 -9999.0 -9999.0 -9999.0 -9999.0 -9999.0 -9999.0 -9999.0 -9999.0 -9999.0 -9999.0 -9999.0 -9999.0 -9999.0 -9999.0 -9999.0 -9999.0 -9999.0 -9999.0 -9999.0 -9999.0 -9999.0 -9999.0 -9999.0 -9999.0 -9999.0 -9999.0 -9999.0 -9999.0 -9999.0 -9999.0 -9999.0 -9999.0 -9999.0 -9999.0 -9999.0 -9999.0 -9999.0 -9999.0 -9999.0 -9999.0 -9999.0 -9999.0 -9999.0 -9999.0 -9999.0 -9999.0 -9999.0 -9999.0 -9999.0 -9999.0 -9999.0 -9999.0 -9999.0 -9999.0 -9999.0 -9999.0 -9999.0    18.5    24.7    29.1    37.8    41.8    46.1    48.6    49.2    50.4    57.3    69.1    86.0   107.0 -9999.0 -9999.0 -9999.0 -9999.0 -9999.0 -9999.0 -9999.0 -9999.0 -9999.0 -9999.0 -9999.0 -9999.0 -9999.0 -9999.0 -9999.0 -9999.0 -9999.0 -9999.0 -9999.0
 -9999.0 -9999.0 -9999.0 -9999.0 -9999.0 -9999.0 -9999.0 -9999.0 -9999.0 -9999.0 -9999.0 -9999.0 -9999.0 -9999.0 -9999.0 -9999.0 -9999.0 -9999.0 -9999.0 -9999.0 -9999.0 -9999.0 -9999.0 -9999.0 -9999.0 -9999.0 -9999.0 -9999.0 -9999.0 -9999.0 -9999.0 -9999.0 -9999.0 -9999.0 -9999.0 -9999.0 -9999.0 -9999.0 -9999.0 -9999.0 -9999.0 -9999.0 -9999.0 -9999.0 -9999.0 -9999.0 -9999.0 -9999.0 -9999.0 -9999.0 -9999.0 -9999.0 -9999.0 -9999.0 -9999.0 -9999.0 -9999.0 -9999.0 -9999.0 -9999.0 -9999.0 -9999.0 -9999.0 -9999.0 -9999.0 -9999.0 -9999.0 -9999.0 -9999.0 -9999.0 -9999.0 -9999.0 -9999.0 -9999.0 -9999.0 -9999.0 -9999.0 -9999.0 -9999.0 -9999.0 -9999.0 -9999.0 -9999.0 -9999.0 -9999.0 -9999.0 -9999.0 -9999.0 -9999.0 -9999.0 -9999.0 -9999.0 -9999.0 -9999.0 -9999.0    12.6    18.1    23.7    28.6    37.5    43.1    46.4    47.6    46.9    47.9    52.6    67.2    86.6   109.5 -9999.0 -9999.0 -9999.0 -9999.0 -9999.0 -9999.0 -9999.0 -9999.0 -9999.0 -9999.0 -9999.0 -9999.0 -9999.0 -9999.0 -9999.0 -9999.0 -9999.0 -9999.0 -9999.0
 -9999.0 -9999.0 -9999.0 -9999.0 -9999.0 -9999.0 -9999.0 -9999.0 -9999.0 -9999.0 -9999.0 -9999.0 -9999.0 -9999.0 -9999.0 -9999.0 -9999.0 -9999.0 -9999.0 -9999.0 -9999.0 -9999.0 -9999.0 -9999.0 -9999.0 -9999.0 -9999.0 -9999.0 -9999.0 -9999.0 -9999.0 -9999.0 -9999.0 -9999.0 -9999.0 -9999.0 -9999.0 -9999.0 -9999.0 -9999.0 -9999.0 -9999.0 -9999.0 -9999.0 -9999.0 -9999.0 -9999.0 -9999.0 -9999.0 -9999.0 -9999.0 -9999.0 -9999.0 -9999.0 -9999.0 -9999.0 -9999.0 -9999.0 -9999.0 -9999.0 -9999.0 -9999.0 -9999.0 -9999.0 -9999.0 -9999.0 -9999.0 -9999.0 -9999.0 -9999.0 -9999.0 -9999.0 -9999.0 -9999.0 -9999.0 -9999.0 -9999.0 -9999.0 -9999.0 -9999.0 -9999.0 -9999.0 -9999.0 -9999.0 -9999.0 -9999.0 -9999.0 -9999.0 -9999.0 -9999.0 -9999.0 -9999.0 -9999.0 -9999.0 -9999.0    15.2    17.6    26.7    30.6    35.5    40.0    43.7    48.8    48.2    48.0    54.3    69.8    91.0   114.8   134.6 -9999.0 -9999.0 -9999.0 -9999.0 -9999.0 -9999.0 -9999.0 -9999.0 -9999.0 -9999.0 -9999.0 -9999.0 -9999.0 -9999.0 -9999.0 -9999.0 -9999.0 -9999.0
 -9999.0 -9999.0 -9999.0 -9999.0 -9999.0 -9999.0 -9999.0 -9999.0 -9999.0 -9999.0 -9999.0 -9999.0 -9999.0 -9999.0 -9999.0 -9999.0 -9999.0 -9999.0 -9999.0 -9999.0 -9999.0 -9999.0 -9999.0 -9999.0 -9999.0 -9999.0 -9999.0 -9999.0 -9999.0 -9999.0 -9999.0 -9999.0 -9999.0 -9999.0 -9999.0 -9999.0 -9999.0 -9999.0 -9999.0 -9999.0 -9999.0 -9999.0 -9999.0 -9999.0 -9999.0 -9999.0 -9999.0 -9999.0 -9999.0 -9999.0 -9999.0 -9999.0 -9999.0 -9999.0 -9999.0 -9999.0 -9999.0 -9999.0 -9999.0 -9999.0 -9999.0 -9999.0 -9999.0 -9999.0 -9999.0 -9999.0 -9999.0 -9999.0 -9999.0 -9999.0 -9999.0 -9999.0 -9999.0 -9999.0 -9999.0 -9999.0 -9999.0 -9999.0 -9999.0 -9999.0 -9999.0 -9999.0 -9999.0 -9999.0 -9999.0 -9999.0 -9999.0 -9999.0 -9999.0 -9999.0 -9999.0 -9999.0 -9999.0 -9999.0 -9999.0    17.2    22.4    23.1    27.9    35.2    42.9    45.6    50.8    52.8    53.7    61.1    77.5    99.0   121.6   137.6   145.3 -9999.0 -9999.0 -9999.0 -9999.0 -9999.0 -9999.0 -9999.0 -9999.0 -9999.0 -9999.0 -9999.0 -9999.0 -9999.0 -9999.0 -9999.0 -9999.0 -9999.0
 -9999.0 -9999.0 -9999.0 -9999.0 -9999.0 -9999.0 -9999.0 -9999.0 -9999.0 -9999.0 -9999.0 -9999.0 -9999.0 -9999.0 -9999.0 -9999.0 -9999.0 -9999.0 -9999.0 -9999.0 -9999.0 -9999.0 -9999.0 -9999.0 -9999.0 -9999.0 -9999.0 -9999.0 -9999.0 -9999.0 -9999.0 -9999.0 -9999.0 -9999.0 -9999.0 -9999.0 -9999.0 -9999.0 -9999.0 -9999.0 -9999.0 -9999.0 -9999.0 -9999.0 -9999.0 -9999.0 -9999.0 -9999.0 -9999.0 -9999.0 -9999.0 -9999.0 -9999.0 -9999.0 -9999.0 -9999.0 -9999.0 -9999.0 -9999.0 -9999.0 -9999.0 -9999.0 -9999.0 -9999.0 -9999.0 -9999.0 -9999.0 -9999.0 -9999.0 -9999.0 -9999.0 -9999.0 -9999.0 -9999.0 -9999.0 -9999.0 -9999.0 -9999.0 -9999.0 -9999.0 -9999.0 -9999.0 -9999.0 -9999.0 -9999.0 -9999.0 -9999.0 -9999.0 -9999.0 -9999.0 -9999.0 -9999.0 -9999.0 -9999.0    19.2    22.2    23.4    26.3    30.2    35.4    42.2    53.9    59.1    63.9    68.0    76.0    90.6   109.2   127.6   137.1   139.4 -9999.0 -9999.0 -9999.0 -9999.0 -9999.0 -9999.0 -9999.0 -9999.0 -9999.0 -9999.0 -9999.0 -9999.0 -9999.0 -9999.0 -9999.0 -9999.0 -9999.0
 -9999.0 -9999.0 -9999.0 -9999.0 -9999.0 -9999.0 -9999.0 -9999.0 -9999.0 -9999.0 -9999.0 -9999.0 -9999.0 -9999.0 -9999.0 -9999.0 -9999.0 -9999.0 -9999.0 -9999.0 -9999.0 -9999.0 -9999.0 -9999.0 -9999.0 -9999.0 -9999.0 -9999.0 -9999.0 -9999.0 -9999.0 -9999.0 -9999.0 -9999.0 -9999.0 -9999.0 -9999.0 -9999.0 -9999.0 -9999.0 -9999.0 -9999.0 -9999.0 -9999.0 -9999.0 -9999.0 -9999.0 -9999.0 -9999.0 -9999.0 -9999.0 -9999.0 -9999.0 -9999.0 -9999.0 -9999.0 -9999.0 -9999.0 -9999.0 -9999.0 -9999.0 -9999.0 -9999.0 -9999.0 -9999.0 -9999.0 -9999.0 -9999.0 -9999.0 -9999.0 -9999.0 -9999.0 -9999.0 -9999.0 -9999.0 -9999.0 -9999.0 -9999.0 -9999.0 -9999.0 -9999.0 -9999.0 -9999.0 -9999.0 -9999.0 -9999.0 -9999.0 -9999.0 -9999.0 -9999.0 -9999.0 -9999.0 -9999.0 -9999.0    26.2    26.9    27.8    29.2    32.3    39.5    48.0    58.7    70.0    79.8    87.3    94.3   104.9   118.0   131.4   137.3   128.4   116.7 -9999.0 -9999.0 -9999.0 -9999.0 -9999.0 -9999.0 -9999.0 -9999.0 -9999.0 -9999.0 -9999.0 -9999.0 -9999.0 -9999.0 -9999.0 -9999.0
 -9999.0 -9999.0 -9999.0 -9999.0 -9999.0 -9999.0 -9999.0 -9999.0 -9999.0 -9999.0 -9999.0 -9999.0 -9999.0 -9999.0 -9999.0 -9999.0 -9999.0 -9999.0 -9999.0 -9999.0 -9999.0 -9999.0 -9999.0 -9999.0 -9999.0 -9999.0 -9999.0 -9999.0 -9999.0 -9999.0 -9999.0 -9999.0 -9999.0 -9999.0 -9999.0 -9999.0 -9999.0 -9999.0 -9999.0 -9999.0 -9999.0 -9999.0 -9999.0 -9999.0 -9999.0 -9999.0 -9999.0 -9999.0 -9999.0 -9999.0 -9999.0 -9999.0 -9999.0 -9999.0 -9999.0 -9999.0 -9999.0 -9999.0 -9999.0 -9999.0 -9999.0 -9999.0 -9999.0 -9999.0 -9999.0 -9999.0 -9999.0 -9999.0 -9999.0 -9999.0 -9999.0 -9999.0 -9999.0 -9999.0 -9999.0 -9999.0 -9999.0 -9999.0 -9999.0 -9999.0 -9999.0 -9999.0 -9999.0 -9999.0 -9999.0 -9999.0 -9999.0 -9999.0 -9999.0    10.7 -9999.0 -9999.0    27.2    33.0    38.4    38.6    36.4    35.6    37.8    44.0    56.2    68.3    81.2    93.5   101.3   106.7   113.1   124.5   132.1   135.3   120.8   104.0 -9999.0 -9999.0 -9999.0 -9999.0 -9999.0 -9999.0 -9999.0 -9999.0 -9999.0 -9999.0 -9999.0 -9999.0 -9999.0 -9999.0 -9999.0 -9999.0
 -9999.0 -9999.0 -9999.0 -9999.0 -9999.0 -9999.0 -9999.0 -9999.0 -9999.0 -9999.0 -9999.0 -9999.0 -9999.0 -9999.0 -9999.0 -9999.0 -9999.0 -9999.0 -9999.0 -9999.0 -9999.0 -9999.0 -9999.0 -9999.0 -9999.0 -9999.0 -9999.0 -9999.0 -9999.0 -9999.0 -9999.0 -9999.0 -9999.0 -9999.0 -9999.0 -9999.0 -9999.0 -9999.0 -9999.0 -9999.0 -9999.0 -9999.0 -9999.0 -9999.0 -9999.0 -9999.0 -9999.0 -9999.0 -9999.0 -9999.0 -9999.0 -9999.0 -9999.0 -9999.0 -9999.0 -9999.0 -9999.0 -9999.0 -9999.0 -9999.0 -9999.0 -9999.0 -9999.0 -9999.0 -9999.0 -9999.0 -9999.0 -9999.0 -9999.0 -9999.0 -9999.0 -9999.0 -9999.0 -9999.0 -9999.0 -9999.0 -9999.0 -9999.0 -9999.0 -9999.0 -9999.0 -9999.0 -9999.0 -9999.0 -9999.0 -9999.0 -9999.0 -9999.0    14.6    17.7    21.2    28.6    38.5    46.3    53.2    51.1    47.2    43.8    45.1    51.2    61.6    75.2    88.6    98.8   105.2   109.4   113.1   118.4   124.4   126.9   118.2    93.6    78.2    74.3    81.6    97.2 -9999.0 -9999.0 -9999.0 -9999.0 -9999.0 -9999.0 -9999.0 -9999.0 -9999.0 -9999.0 -9999.0 -9999.0
 -9999.0 -9999.0 -9999.0 -9999.0 -9999.0 -9999.0 -9999.0 -9999.0 -9999.0 -9999.0 -9999.0 -9999.0 -9999.0 -9999.0 -9999.0 -9999.0 -9999.0 -9999.0 -9999.0 -9999.0 -9999.0 -9999.0 -9999.0 -9999.0 -9999.0 -9999.0 -9999.0 -9999.0 -9999.0    46.4    45.5    42.6    38.9 -9999.0 -9999.0 -9999.0 -9999.0 -9999.0 -9999.0 -9999.0 -9999.0 -9999.0 -9999.0 -9999.0 -9999.0 -9999.0 -9999.0 -9999.0 -9999.0 -9999.0 -9999.0 -9999.0 -9999.0 -9999.0 -9999.0 -9999.0 -9999.0 -9999.0 -9999.0 -9999.0 -9999.0 -9999.0 -9999.0 -9999.0 -9999.0 -9999.0 -9999.0 -9999.0 -9999.0 -9999.0 -9999.0 -9999.0 -9999.0 -9999.0 -9999.0 -9999.0 -9999.0 -9999.0 -9999.0 -9999.0 -9999.0 -9999.0 -9999.0 -9999.0 -9999.0 -9999.0 -9999.0    17.6    21.1    25.1    30.4    39.3    49.8    60.8    67.9    67.2    60.3    54.9    54.8    59.2    68.8    81.1    91.6    95.3   100.2   102.0   102.7   106.3   114.0   114.7   107.1    89.3    78.1    73.4    83.3    95.3   116.5   147.0 -9999.0 -9999.0 -9999.0 -9999.0 -9999.0 -9999.0 -9999.0 -9999.0 -9999.0 -9999.0
 -9999.0 -9999.0 -9999.0 -9999.0 -9999.0 -9999.0 -9999.0 -9999.0 -9999.0 -9999.0 -9999.0 -9999.0 -9999.0 -9999.0 -9999.0 -9999.0 -9999.0 -9999.0 -9999.0 -9999.0 -9999.0 -9999.0 -9999.0 -9999.0 -9999.0 -9999.0 -9999.0    37.5    40.3    33.4    39.6    35.7    36.8    27.9 -9999.0 -9999.0 -9999.0 -9999.0 -9999.0 -9999.0 -9999.0 -9999.0 -9999.0 -9999.0 -9999.0 -9999.0 -9999.0 -9999.0 -9999.0 -9999.0 -9999.0 -9999.0 -9999.0 -9999.0 -9999.0 -9999.0 -9999.0 -9999.0 -9999.0 -9999.0 -9999.0 -9999.0 -9999.0 -9999.0 -9999.0 -9999.0 -9999.0 -9999.0 -9999.0 -9999.0 -9999.0 -9999.0 -9999.0 -9999.0 -9999.0 -9999.0 -9999.0 -9999.0 -9999.0 -9999.0 -9999.0 -9999.0 -9999.0 -9999.0 -9999.0 -9999.0 -9999.0    22.3    27.0    33.5    39.9    48.1    58.7    69.6    77.4    78.1    73.0    68.3    65.9    69.1    75.5    84.4    90.7    90.4    88.1    88.6    93.3    99.7    97.1    95.8    96.7    91.7    89.7    86.0    94.6   112.6   126.7   147.3 -9999.0 -9999.0 -9999.0 -9999.0 -9999.0   158.9   145.5   133.2   118.5 -9999.0
 -9999.0 -9999.0 -9999.0 -9999.0 -9999.0 -9999.0 -9999.0 -9999.0 -9999.0 -9999.0 -9999.0 -9999.0 -9999.0 -9999.0 -9999.0 -9999.0 -9999.0 -9999.0 -9999.0 -9999.0 -9999.0 -9999.0 -9999.0 -9999.0 -9999.0 -9999.0    24.5    21.6    23.6    21.5    19.9    19.3    37.3    28.9    32.2    33.7    37.4 -9999.0 -9999.0 -9999.0 -9999.0 -9999.0 -9999.0 -9999.0 -9999.0 -9999.0 -9999.0 -9999.0 -9999.0 -9999.0 -9999.0 -9999.0 -9999.0 -9999.0 -9999.0 -9999.0 -9999.0 -9999.0 -9999.0 -9999.0 -9999.0 -9999.0 -9999.0 -9999.0 -9999.0 -9999.0 -9999.0 -9999.0 -9999.0 -9999.0 -9999.0 -9999.0 -9999.0 -9999.0 -9999.0 -9999.0 -9999.0 -9999.0 -9999.0 -9999.0 -9999.0 -9999.0 -9999.0 -9999.0 -9999.0 -9999.0    22.8    27.3    32.6    38.3    43.9    51.4    60.9    71.4    80.1    85.0    84.1    82.2    79.8    74.9    77.9    80.3    79.0    77.4    76.1    81.2    90.9    98.1    94.5    92.2    95.3    96.7    98.1    95.0   112.6   121.2   119.4   132.1   159.4 -9999.0 -9999.0   152.3   145.4   136.3   124.4   125.6   102.3 -9999.0
 -9999.0 -9999.0 -9999.0 -9999.0 -9999.0 -9999.0 -9999.0 -9999.0 -9999.0 -9999.0 -9999.0 -9999.0 -9999.0 -9999.0 -9999.0 -9999.0 -9999.0 -9999.0 -9999.0 -9999.0 -9999.0 -9999.0 -9999.0 -9999.0 -9999.0 -9999.0    15.9    18.8    17.0    12.7     9.1     8.9     8.1    17.8    22.1    32.1    49.4    35.9 -9999.0 -9999.0 -9999.0 -9999.0 -9999.0 -9999.0 -9999.0 -9999.0 -9999.0 -9999.0 -9999.0 -9999.0 -9999.0 -9999.0 -9999.0 -9999.0 -9999.0 -9999.0 -9999.0 -9999.0 -9999.0 -9999.0 -9999.0 -9999.0 -9999.0 -9999.0 -9999.0 -9999.0 -9999.0 -9999.0 -9999.0 -9999.0 -9999.0 -9999.0 -9999.0 -9999.0 -9999.0 -9999.0 -9999.0 -9999.0 -9999.0 -9999.0 -9999.0 -9999.0 -9999.0 -9999.0 -9999.0 -9999.0    26.0    30.4    34.6    38.7    42.9    48.3    55.9    65.8    77.7    87.8    96.0    92.5    82.6    77.7    72.1    65.5    59.8    55.9    65.0    79.5    95.0   108.6   109.1   101.0   101.6   112.0   120.8   109.0   111.8   145.8   119.4   117.6   114.8   120.0   127.3   131.3   126.8   116.3   104.8    93.5    84.8 -9999.0
 -9999.0 -9999.0 -9999.0 -9999.0 -9999.0 -9999.0 -9999.0 -9999.0 -9999.0 -9999.0 -9999.0 -9999.0 -9999.0 -9999.0 -9999.0 -9999.0 -9999.0 -9999.0 -9999.0 -9999.0 -9999.0    39.5    39.1    26.2    17.9    19.9    24.9    27.4    21.5    13.7     7.6     6.3     6.0     8.3    14.8    19.8    36.5    38.7    46.5 -9999.0 -9999.0 -9999.0 -9999.0 -9999.0 -9999.0 -9999.0 -9999.0 -9999.0 -9999.0 -9999.0 -9999.0 -9999.0 -9999.0 -9999.0 -9999.0 -9999.0 -9999.0 -9999.0 -9999.0 -9999.0 -9999.0 -9999.0 -9999.0 -9999.0 -9999.0 -9999.0 -9999.0 -9999.0 -9999.0 -9999.0 -9999.0 -9999.0 -9999.0 -9999.0 -9999.0 -9999.0 -9999.0 -9999.0 -9999.0 -9999.0 -9999.0 -9999.0 -9999.0 -9999.0 -9999.0 -9999.0 -9999.0    31.5 -9999.0 -9999.0    38.8 -9999.0 -9999.0    56.9    70.7    88.4   104.2    98.1    83.8    82.6    61.7    53.8    44.6    44.3    57.7    81.6   105.6   129.6   126.7   120.8   121.1   130.5   142.0   146.8   139.1   137.3   113.8   102.9    98.6   100.0   113.7   112.7   109.6   100.3    92.2    92.8 -9999.0 -9999.0
 -9999.0 -9999.0 -9999.0 -9999.0 -9999.0 -9999.0 -9999.0 -9999.0 -9999.0 -9999.0 -9999.0 -9999.0 -9999.0 -9999.0 -9999.0 -9999.0 -9999.0 -9999.0 -9999.0 -9999.0 -9999.0    12.9    13.8    14.0    14.2    34.6    21.1    19.4    18.9    14.4     8.8     7.9     9.2     9.1    11.4    14.9    21.0    41.5    31.8 -9999.0 -9999.0 -9999.0 -9999.0 -9999.0 -9999.0 -9999.0 -9999.0 -9999.0 -9999.0 -9999.0 -9999.0 -9999.0 -9999.0 -9999.0 -9999.0 -9999.0 -9999.0 -9999.0 -9999.0 -9999.0 -9999.0 -9999.0 -9999.0 -9999.0 -9999.0 -9999.0 -9999.0 -9999.0 -9999.0 -9999.0 -9999.0 -9999.0 -9999.0 -9999.0 -9999.0 -9999.0 -9999.0 -9999.0 -9999.0 -9999.0 -9999.0 -9999.0 -9999.0 -9999.0 -9999.0 -9999.0 -9999.0 -9999.0 -9999.0    35.3    35.3    35.8    40.0    47.4    64.0    88.4    95.0    95.9    83.8    68.2    54.7    47.2    44.7    50.9    67.0    90.0   114.1   132.5   133.6   134.1   143.4   162.8   180.7   184.2   175.2   133.0   109.7    94.9    86.7    86.1    92.9   101.3   107.4   112.6    83.6 -9999.0 -9999.0 -9999.0
 -9999.0 -9999.0 -9999.0 -9999.0 -9999.0 -9999.0 -9999.0 -9999.0 -9999.0 -9999.0 -9999.0 -9999.0 -9999.0 -9999.0 -9999.0 -9999.0 -9999.0 -9999.0 -9999.0 -9999.0    12.3    18.9    14.4    15.7    16.2    12.4    11.6    14.5    13.3    12.5    12.6    10.5    12.1    13.4    13.7    14.1    22.2    21.7    23.6 -9999.0 -9999.0 -9999.0 -9999.0 -9999.0 -9999.0 -9999.0 -9999.0 -9999.0 -9999.0 -9999.0 -9999.0 -9999.0 -9999.0 -9999.0 -9999.0 -9999.0 -9999.0 -9999.0 -9999.0 -9999.0 -9999.0 -9999.0 -9999.0 -9999.0 -9999.0 -9999.0 -9999.0 -9999.0 -9999.0 -9999.0 -9999.0 -9999.0 -9999.0 -9999.0 -9999.0 -9999.0 -9999.0 -9999.0 -9999.0 -9999.0 -9999.0 -9999.0 -9999.0 -9999.0 -9999.0 -9999.0 -9999.0 -9999.0    36.1    36.5    35.4    33.6    36.1    43.5    61.3    85.9    95.7   105.1    86.7    68.0    60.5    54.9    59.9    73.6    91.2   107.8   120.1   124.9   125.9   132.8   152.6   180.7   204.8   192.3   163.8   138.2   107.3    91.1    92.5    90.9    89.8   103.9   106.6    99.4    89.4 -9999.0 -9999.0 -9999.0
 -9999.0 -9999.0 -9999.0 -9999.0 -9999.0 -9999.0 -9999.0 -9999.0 -9999.0 -9999.0 -9999.0 -9999.0 -9999.0 -9999.0 -9999.0 -9999.0 -9999.0 -9999.0    34.4    22.4    17.1   101.9    50.3    47.7    28.6    20.1    11.9    12.8    13.2    15.0    14.9    16.3    18.1    17.8    17.7    19.2    20.3    18.1    17.3 -9999.0 -9999.0 -9999.0 -9999.0 -9999.0 -9999.0 -9999.0 -9999.0 -9999.0 -9999.0 -9999.0 -9999.0 -9999.0 -9999.0 -9999.0 -9999.0 -9999.0 -9999.0 -9999.0 -9999.0 -9999.0 -9999.0 -9999.0 -9999.0 -9999.0 -9999.0 -9999.0 -9999.0 -9999.0 -9999.0 -9999.0 -9999.0 -9999.0 -9999.0 -9999.0 -9999.0 -9999.0 -9999.0 -9999.0 -9999.0 -9999.0 -9999.0 -9999.0 -9999.0 -9999.0    29.3    33.6    37.6    37.9    38.3    42.1    41.1    40.0    39.9    49.2    70.1    99.1   100.8    98.9    78.7    67.5    66.7    72.9    88.6   111.3   127.0   128.7   122.0   112.0   106.5   121.0   148.3   179.0   197.3   180.3   166.1   140.3   141.4    91.5    86.5    83.9    98.2   108.2   113.5   108.3 -9999.0 -9999.0 -9999.0 -9999.0
 -9999.0 -9999.0 -9999.0 -9999.0 -9999.0 -9999.0 -9999.0 -9999.0 -9999.0 -9999.0 -9999.0 -9999.0 -9999.0 -9999.0 -9999.0    15.6    50.3   105.2   127.0    59.8    71.3    27.0    63.0    29.6    19.5    15.0    15.6    16.3    16.1    17.7    19.6    21.1    23.2    22.2    26.4    26.5    22.8    51.4    32.0    25.2    31.1    34.9    36.3    40.4 -9999.0 -9999.0 -9999.0 -9999.0 -9999.0 -9999.0 -9999.0 -9999.0 -9999.0 -9999.0 -9999.0 -9999.0 -9999.0 -9999.0 -9999.0 -9999.0 -9999.0 -9999.0 -9999.0 -9999.0 -9999.0 -9999.0 -9999.0 -9999.0 -9999.0 -9999.0 -9999.0 -9999.0 -9999.0 -9999.0 -9999.0 -9999.0 -9999.0 -9999.0 -9999.0    16.5    18.6    21.1    24.3    28.9    35.3    40.9    43.9    43.2    43.0    47.6    48.5    52.7    59.5    77.5   101.3   131.3   118.1    99.9    75.5    68.1    75.9    95.7   126.1   155.4   160.1   139.7   113.7    97.1    94.9   111.2   143.3   158.6   161.8   157.7   189.7   130.6   112.2    97.3    87.5    89.2    97.4   112.1   118.9   123.0 -9999.0 -9999.0 -9999.0 -9999.0
 -9999.0 -9999.0 -9999.0 -9999.0 -9999.0 -9999.0 -9999.0 -9999.0 -9999.0 -9999.0 -9999.0 -9999.0 -9999.0 -9999.0 -9999.0    94.4    90.4   126.0    89.0    54.5    14.5    14.6    16.5    20.1    19.1    18.3    16.4    14.6    15.3    17.1    19.9    22.2    25.1    20.4    18.2    17.3    13.5    19.2    14.3    16.9    16.7    11.5    14.3    18.9    20.3    30.4    73.2 -9999.0 -9999.0 -9999.0 -9999.0 -9999.0 -9999.0 -9999.0 -9999.0 -9999.0 -9999.0 -9999.0 -9999.0 -9999.0 -9999.0 -9999.0 -9999.0 -9999.0 -9999.0 -9999.0 -9999.0 -9999.0 -9999.0 -9999.0 -9999.0 -9999.0 -9999.0 -9999.0 -9999.0 -9999.0 -9999.0 -9999.0    17.4    19.6    21.7    24.6    28.6    33.8    41.0    47.4    49.5    49.8    52.0    58.5    69.6    80.4   100.6   118.7   155.4   136.0   121.9    82.8    70.9    71.1    88.7   118.5   155.5   183.2   178.1   145.0   109.8    95.0    99.7   111.9   131.4   144.0   181.2   174.2   153.3   113.7   126.8   119.2   106.6   103.3   103.7   116.0   131.4 -9999.0 -9999.0 -9999.0 -9999.0 -9999.0
 -9999.0 -9999.0 -9999.0 -9999.0 -9999.0 -9999.0 -9999.0 -9999.0 -9999.0 -9999.0 -9999.0 -9999.0 -9999.0 -9999.0 -9999.0 -9999.0     6.9    10.8    36.3    90.5   122.9    68.0   129.1    73.0    39.9    32.7    22.8    14.0    14.5    16.9    21.3    23.5    25.6    22.9    20.9    20.7    20.4    20.9    21.7    28.5    36.7    27.2    23.4    15.3    13.6    13.7    16.1    20.9 -9999.0 -9999.0 -9999.0 -9999.0 -9999.0 -9999.0 -9999.0 -9999.0 -9999.0 -9999.0 -9999.0 -9999.0 -9999.0 -9999.0 -9999.0 -9999.0 -9999.0 -9999.0 -9999.0 -9999.0 -9999.0 -9999.0 -9999.0 -9999.0 -9999.0 -9999.0 -9999.0 -9999.0 -9999.0 -9999.0    21.0    23.3    25.4    28.1    31.6    37.5    46.9    56.2    65.3    62.7    69.2    88.9    98.4   118.6   151.2   157.4   134.0   114.9    85.8    69.2    62.4    73.5    99.2   134.7   170.8   192.0   181.3   141.3   113.2   108.0   114.8   125.1   140.8   183.8   208.2   152.1   126.3   134.3   124.8   113.6   120.9   107.7 -9999.0 -9999.0 -9999.0 -9999.0 -9999.0 -9999.0 -9999.0 -9999.0
 -9999.0 -9999.0 -9999.0 -9999.0 -9999.0 -9999.0 -9999.0 -9999.0 -9999.0 -9999.0 -9999.0 -9999.0 -9999.0 -9999.0 -9999.0 -9999.0     4.4    10.5    20.3    28.3    71.9    65.7    69.9    84.1   120.0   129.6   115.5    51.8   129.4    82.1    42.7    58.9   137.5   105.3    49.0    37.8    47.0    36.5    33.9    43.0    51.9    37.3    47.3    89.4    19.7     8.4     5.9     8.1 -9999.0 -9999.0 -9999.0 -9999.0 -9999.0 -9999.0 -9999.0 -9999.0 -9999.0 -9999.0 -9999.0 -9999.0 -9999.0 -9999.0 -9999.0 -9999.0 -9999.0 -9999.0 -9999.0 -9999.0 -9999.0 -9999.0 -9999.0 -9999.0 -9999.0 -9999.0 -9999.0 -9999.0 -9999.0    22.0    25.3    27.8    29.2    30.7    34.8    43.8    53.2    66.5    75.9    81.6    92.4   118.2   152.3   159.1   142.8   143.4   131.6    88.9    69.9    59.7    59.4    77.3   109.2   147.2   179.0   188.9   169.8   147.4   134.7   129.9   130.9   137.7   149.6   152.2   155.3   146.7   162.7   143.2   133.4   121.9   134.7 -9999.0 -9999.0 -9999.0 -9999.0 -9999.0 -9999.0 -9999.0 -9999.0 -9999.0
 -9999.0 -9999.0 -9999.0 -9999.0 -9999.0 -9999.0 -9999.0 -9999.0 -9999.0 -9999.0 -9999.0 -9999.0 -9999.0 -9999.0 -9999.0 -9999.0    83.2   104.8   120.4    72.9    52.6    59.6   100.9    78.4    77.3    83.2   157.5   167.7   142.6   135.3   125.2    88.4    53.5    41.4    57.5    63.8    43.4    19.0    17.7     9.6    16.8    24.7    33.0    71.5    63.5    28.0    10.2     5.1    12.4    16.0    11.9 -9999.0 -9999.0 -9999.0 -9999.0 -9999.0 -9999.0 -9999.0 -9999.0 -9999.0 -9999.0 -9999.0 -9999.0 -9999.0 -9999.0 -9999.0 -9999.0 -9999.0 -9999.0 -9999.0 -9999.0 -9999.0 -9999.0 -9999.0 -9999.0 -9999.0    22.6    26.7    31.2    33.4    33.8    34.4    37.8    46.6    59.4    74.1    91.5   110.9   134.9   161.9   188.8   182.5   165.0   125.4    97.5    77.5    63.6    60.1    68.0    88.8   119.8   153.4   174.3   166.3   146.9   145.6   146.7   153.0   159.1   153.4   148.5   187.7   168.8   164.2   167.4   143.3   187.0   164.3   136.7   119.0 -9999.0 -9999.0 -9999.0 -9999.0 -9999.0 -9999.0 -9999.0 -9999.0
 -9999.0 -9999.0 -9999.0 -9999.0 -9999.0 -9999.0 -9999.0 -9999.0 -9999.0 -9999.0 -9999.0 -9999.0 -9999.0 -9999.0 -9999.0    50.2    42.5    58.2   113.7   131.1   133.4   138.4   119.2    84.5    79.9   120.3   140.4   118.6   118.6   162.4   164.4    52.3     5.4     1.9     1.5     1.8     7.5     3.8     1.7     2.1     1.2     2.5     7.0     8.9    14.7    23.7    18.7    12.6    11.4     8.3     7.1     5.9     6.8    12.2     8.9    10.3    10.6    13.2    16.3    20.1    22.0 -9999.0 -9999.0 -9999.0 -9999.0 -9999.0 -9999.0 -9999.0 -9999.0    24.2    25.6    27.1    27.5    26.2    24.5    24.4    26.9    33.0    38.7    41.6    39.8    38.0    41.0    50.8    64.7    83.1   105.9   133.0   167.6   198.1   219.1   214.2   199.0   140.5    99.3    77.2    68.8    74.9    90.3   106.6   123.0   139.2   146.7   133.9   119.7   117.0   135.9   147.4   145.9   158.9   153.9   153.1   154.3   179.6   150.3   143.5   133.5   132.1 -9999.0 -9999.0 -9999.0 -9999.0 -9999.0 -9999.0 -9999.0 -9999.0 -9999.0 -9999.0
 -9999.0 -9999.0 -9999.0 -9999.0 -9999.0 -9999.0 -9999.0 -9999.0 -9999.0 -9999.0 -9999.0 -9999.0 -9999.0 -9999.0    64.6    99.4   113.9    94.9   114.9   122.0    94.7    46.3    47.4    83.0    73.4   106.0   127.6    34.8    17.4    13.8    18.5    40.8    13.6    29.3    16.7     8.6     9.4     9.5    10.1     6.5     3.8     3.6     4.0     4.6     6.8    10.2    11.7    18.6    16.4    13.7    11.4     8.4     8.7     6.3     4.8     6.9     7.1     8.7     9.7    12.9    16.7    19.0    20.8    23.5    27.0    30.2    24.9    23.4    22.2    25.1    29.4    32.6    33.5    32.1    29.4    28.9    32.5    40.9    49.6    53.2    48.9    43.9    47.3    57.3    73.5    90.1   116.3   145.4   184.7   208.6   231.9   236.3   160.6   121.5    90.3    86.5    91.2    99.6   111.5   120.4   109.6   106.6   110.7   100.7    98.1   113.5   139.5   154.7   161.6   185.4   156.8   171.8   208.5   172.6   183.8   168.1   147.9 -9999.0 -9999.0 -9999.0 -9999.0 -9999.0 -9999.0 -9999.0 -9999.0 -9999.0 -9999.0 -9999.0
 -9999.0 -9999.0 -9999.0 -9999.0 -9999.0 -9999.0 -9999.0 -9999.0 -9999.0 -9999.0 -9999.0 -9999.0    60.3    66.3    78.6    47.4    83.5    44.5    27.6    18.8    16.9    15.7    12.0    13.3    16.6    16.7    15.4    12.9    14.3    12.0    11.7    15.7    30.2    18.7     7.6    10.1    13.9    12.9     7.8     8.4     7.2     8.3     9.7    10.8    13.0    20.5    23.5    22.7    24.5    15.1    12.0     8.9     9.1     7.9     5.3     5.3     6.5     7.7     8.4     9.0    11.1    14.7    16.3    18.6    18.9    21.3    22.9    22.6    25.9    29.5    34.2    36.9    38.9    36.3    32.0    30.8    35.9    47.7    61.0    66.2    60.3    52.5    55.5    63.5    78.7    98.8   122.0   148.8   190.3   192.4   194.1   178.3   203.8   169.0   107.5   111.8   118.5   135.9   146.0   137.3   101.4    89.5    91.9    95.3   114.9   126.3   152.5   171.3   189.8   176.1   190.3   235.8   213.7   215.3   326.2 -9999.0 -9999.0 -9999.0 -9999.0 -9999.0 -9999.0 -9999.0 -9999.0 -9999.0 -9999.0 -9999.0 -9999.0 -9999.0
 -9999.0 -9999.0 -9999.0 -9999.0 -9999.0 -9999.0 -9999.0 -9999.0 -9999.0    37.9    51.1    49.1    50.6    30.6    10.3     8.1     7.4     8.9     8.3     7.3     6.7     6.6     7.2     9.2    11.8    13.4    13.5    12.0     9.9     7.6     9.5    33.3    25.4    12.6    13.5    20.7    11.1     4.9     2.7     2.4     4.7     7.2     5.7     8.1    11.9    18.7    22.0    21.4    19.4    21.9    12.6     8.7     7.0     8.0    12.2     6.8     6.2     6.8     7.0     8.8    10.4    13.4    16.2    17.5    17.0    22.3    24.8    24.9    31.7    38.5    33.9    39.1    44.5    44.6    37.1    32.4    36.4    49.7    65.8    73.5    70.8    66.2    62.7    70.3    86.9   105.4   147.3   156.1   181.1   157.3   171.2   170.9   150.4   139.3   134.8   145.2   166.5   190.6   186.8   149.7   111.5    96.4   101.1   118.4   147.4   183.7   198.4   187.9   178.2   227.3   244.7   244.2   222.8 -9999.0 -9999.0 -9999.0 -9999.0 -9999.0 -9999.0 -9999.0 -9999.0 -9999.0 -9999.0 -9999.0 -9999.0 -9999.0 -9999.0 -9999.0
 -9999.0 -9999.0 -9999.0 -9999.0 -9999.0    28.4    38.4    34.9    35.2    37.1    28.7    32.8    33.9    21.3    15.3     9.6     5.7     6.5     6.5     6.0     5.2     5.0     5.6     7.0     9.0    10.7    11.2    10.6     9.3     7.6     6.4     5.9     5.3     5.0     5.5     4.3     2.5     1.9     1.4     2.2     3.8     2.7     4.5     9.5     9.5    10.2     8.0     8.7     9.2     9.3    12.3    11.1    13.9    14.6    13.9     8.1     6.7     6.4     6.4     8.8    12.2    18.4    20.5    22.0    28.6    30.3    28.3    33.3    38.9    30.4    33.5    38.4    44.2    45.6    37.5    36.1    40.0    52.3    68.2    76.4    78.8    76.3    76.4    83.1    95.7    98.5   125.2   140.2   163.6   170.4   181.3   187.6   178.3   168.4   169.7   187.6   216.8   246.1 -9999.0 -9999.0   127.7   114.8   141.9   152.8   151.2   164.0   174.6   198.4   213.6 -9999.0 -9999.0 -9999.0 -9999.0 -9999.0 -9999.0 -9999.0 -9999.0 -9999.0 -9999.0 -9999.0 -9999.0 -9999.0 -9999.0 -9999.0 -9999.0 -9999.0 -9999.0 -9999.0
 -9999.0 -9999.0 -9999.0    28.0    24.1    33.4    31.6    30.6    29.7    13.3     8.7    10.1    16.8     9.4     5.3     5.3     5.5     6.0     6.3     5.9     5.2     4.8     5.3     6.5     8.3     8.7     9.0     8.2    10.0     7.8     6.6     6.0     5.2     4.3     3.4     2.5     1.8     1.3     1.0     0.9     1.1     1.1     1.3     2.2     3.9     4.4     4.9     8.2     7.9    11.3     9.7     8.3    10.0    10.7     9.8     9.2    11.2    10.6     9.2     9.7    11.6    14.7    21.2    30.6    31.9    31.8    45.3    30.7    30.7    33.4    36.1    37.4    42.3    45.4    44.5    43.7    49.2    61.9    75.5    86.3    92.8   103.6    95.9    96.8   123.7   103.0   122.7   142.5   142.5   161.9   192.1   211.5   208.5   190.7   189.4   207.7   235.8 -9999.0 -9999.0 -9999.0   119.4   123.3   122.9   141.6   156.4   176.7   184.6 -9999.0 -9999.0 -9999.0 -9999.0 -9999.0 -9999.0 -9999.0 -9999.0 -9999.0 -9999.0 -9999.0 -9999.0 -9999.0 -9999.0 -9999.0 -9999.0 -9999.0 -9999.0 -9999.0 -9999.0 -9999.0
 -9999.0 -9999.0    25.4    27.0    27.3    22.7    19.7    13.8     6.0     5.0     4.3     4.5     5.0     5.1     5.0     4.9     5.4     5.6     6.0     5.8     5.4     5.3     5.8     6.8     7.9     8.1     9.0     9.6     8.3     8.6     6.8     6.4     5.2     4.2     3.1     2.0     1.5     1.4     1.5     1.5     1.4     2.2     3.8     5.9     7.7    13.5    32.2    35.2    32.5    28.6    36.9    31.2    22.9    17.3    16.6    23.0    15.6    15.3    11.4    10.9     9.1    19.4    15.6    22.5    26.8    32.0    32.8    30.3    37.0    38.4    41.9    40.6    44.0    47.7    48.2    50.0    57.2    72.6    87.1   100.4   112.9   125.4   122.8   123.4   111.5   159.9   130.1   129.0   130.2   147.6   166.7   186.1   185.5   175.0   176.4 -9999.0 -9999.0 -9999.0 -9999.0   116.5    89.1    84.2   101.2   127.3 -9999.0 -9999.0 -9999.0 -9999.0 -9999.0 -9999.0 -9999.0 -9999.0 -9999.0 -9999.0 -9999.0 -9999.0 -9999.0 -9999.0 -9999.0 -9999.0 -9999.0 -9999.0 -9999.0 -9999.0 -9999.0 -9999.0 -9999.0 -9999.0
 -9999.0 -9999.0    24.0    26.0    26.4    28.0    13.9     7.7     6.0     5.0     4.4     4.2     4.5     4.7     4.5     4.5     4.6     4.9     5.4     5.6     5.5     5.8     6.6     6.9     7.4     7.6     8.0     8.3     8.5     8.8     8.1     6.4     5.5     5.2     4.2     6.3     8.9     9.7     6.4     4.7     2.5     5.9    14.4    33.4    16.5    26.3    39.8    31.3    45.7    44.9    48.1    63.4    66.0    66.7    37.9    30.3    22.1    34.4    20.1    24.0    24.7    16.5    20.3    20.2    23.5    27.4    30.8    40.2    51.9    43.6    42.9    43.0    46.7    51.0    55.3    61.1    72.6    86.9   102.2   115.3   127.7   139.3   158.1   158.0   133.9   115.2    96.2   103.1   125.3   146.3   154.0   153.6   142.9   134.7 -9999.0 -9999.0 -9999.0 -9999.0 -9999.0    83.6 -9999.0 -9999.0 -9999.0 -9999.0 -9999.0 -9999.0 -9999.0 -9999.0 -9999.0 -9999.0 -9999.0 -9999.0 -9999.0 -9999.0 -9999.0 -9999.0 -9999.0 -9999.0 -9999.0 -9999.0 -9999.0 -9999.0 -9999.0 -9999.0 -9999.0 -9999.0 -9999.0 -9999.0
 -9999.0 -9999.0    20.7    21.6    23.4    24.9    23.8    23.6     8.2     5.7     4.9     4.6     4.5     4.3     4.0     3.6     3.9     4.0     4.5     5.1     5.5     6.3     6.9     7.3     7.7     7.8     8.1     8.4     8.3     8.1     8.2     8.5    30.3    40.6    35.1    33.1    19.1    14.3    12.6     7.9     2.7     2.7     2.5     5.7     7.2    11.8    17.9    25.3    29.0    34.7    52.7    48.1    54.8    72.1    76.6    81.0    48.6    37.5    47.7    52.9    22.6    21.4    20.8    20.0    21.7    26.5    33.0    53.5    46.6    45.6    41.5    40.9    46.3    53.9    62.9    73.3    86.8   103.1   115.8   128.1   142.7   134.8   156.4   171.8    92.1    72.2    73.2    95.4   139.1   180.3   174.3 -9999.0 -9999.0 -9999.0 -9999.0 -9999.0 -9999.0 -9999.0 -9999.0 -9999.0 -9999.0 -9999.0 -9999.0 -9999.0 -9999.0 -9999.0 -9999.0 -9999.0 -9999.0 -9999.0 -9999.0 -9999.0 -9999.0 -9999.0 -9999.0 -9999.0 -9999.0 -9999.0 -9999.0 -9999.0 -9999.0 -9999.0 -9999.0 -9999.0 -9999.0 -9999.0 -9999.0 -9999.0
 -9999.0 -9999.0 -9999.0    17.2    20.0    20.7    21.7    22.5    21.3    10.9     6.6     5.8     5.1     4.1     3.0     2.6     2.7     3.2     4.0     4.9     5.5     6.5     7.2     7.4     7.6     7.7     7.8     8.2     9.1    12.8    23.9    48.1    40.4    56.8    54.0    33.2    16.3     9.8     7.6     3.0     1.7     1.4     1.5     1.8     2.9     6.9    15.4    21.3    30.7    32.7    35.2    39.4    46.2    64.3    67.1    85.5    95.4   100.2    97.3    68.1    48.5    33.5    30.9    24.7    21.9    23.3    33.3    50.6    48.3    46.6    39.3    38.3    46.6    58.2    71.5    86.6   101.7   116.0   121.4   126.6   131.7   125.4   142.5    86.6    51.6    46.3    59.0    96.5   157.8   214.7   192.5   134.7 -9999.0 -9999.0 -9999.0 -9999.0 -9999.0 -9999.0 -9999.0 -9999.0 -9999.0 -9999.0 -9999.0 -9999.0 -9999.0 -9999.0 -9999.0 -9999.0 -9999.0 -9999.0 -9999.0 -9999.0 -9999.0 -9999.0 -9999.0 -9999.0 -9999.0 -9999.0 -9999.0 -9999.0 -9999.0 -9999.0 -9999.0 -9999.0 -9999.0 -9999.0 -9999.0 -9999.0
 -9999.0 -9999.0 -9999.0 -9999.0 -9999.0    17.4    17.3    17.9    19.6    14.8     9.7     8.2     6.0     3.9     2.5     1.9     2.0     2.7     3.8     4.9     6.6     7.3     7.5     8.0     8.3     9.0    11.1    14.2    32.6    42.9    42.0    50.8    50.5    43.8    51.1    31.3    26.6    19.0     8.6     3.5     1.8     1.3     1.1     1.2     1.6     2.8     5.3    14.8    16.7    26.8    25.9    38.2    37.5    39.8    54.2    72.3    94.5   114.0   122.8   131.9   129.1    60.9    53.4    36.1    30.5    28.1    37.7    47.9    52.6    48.8    41.7    43.1    53.4    66.4    80.2    95.3   109.9   118.1   121.3   117.6   113.2    90.6    97.0    68.5    38.3    31.6    52.4   112.6   183.0   209.0   179.1   130.8    97.4    82.4 -9999.0 -9999.0 -9999.0   100.5 -9999.0 -9999.0 -9999.0 -9999.0 -9999.0 -9999.0 -9999.0 -9999.0 -9999.0 -9999.0 -9999.0 -9999.0 -9999.0 -9999.0 -9999.0 -9999.0 -9999.0 -9999.0 -9999.0 -9999.0 -9999.0 -9999.0 -9999.0 -9999.0 -9999.0 -9999.0 -9999.0 -9999.0 -9999.0 -9999.0
 -9999.0 -9999.0 -9999.0 -9999.0    13.1    12.7    12.2    15.5    16.4    15.0    15.8    13.5     9.7     4.3     2.1     1.6     1.8     2.5     3.7     5.3     6.5     7.5     8.5    11.1    14.2    19.8    25.5    51.1    45.1    48.3    50.2    47.7    45.2    45.5    35.7    31.2    24.5    31.9    23.1    10.8     3.2     1.5     1.3     1.2     1.3     1.6     2.4     4.7     7.9     9.1    12.6    19.7    26.1    37.0    33.5    50.2    68.7    96.9   113.1   135.2   142.0   136.7   119.8    65.0    35.7    49.9    60.2    55.9    64.6    55.8    49.2    54.5    67.3    78.9    88.6    98.3   107.5   112.4   106.1   104.7    88.2    84.1    75.6    79.3    35.3    29.7    57.3   131.6   193.6   192.1   169.0   154.9   134.3   112.9 -9999.0 -9999.0   102.5   128.1   143.9   184.6   149.3 -9999.0 -9999.0 -9999.0 -9999.0 -9999.0 -9999.0 -9999.0 -9999.0 -9999.0 -9999.0 -9999.0 -9999.0 -9999.0 -9999.0 -9999.0 -9999.0 -9999.0 -9999.0 -9999.0 -9999.0 -9999.0 -9999.0 -9999.0 -9999.0 -9999.0 -9999.0 -9999.0
 -9999.0 -9999.0 -9999.0 -9999.0     8.8    10.7     9.3    12.8     9.5    10.8    14.2    12.6    13.1    12.6     5.9     5.1     5.6     4.3     4.6     6.0     9.5    12.3    15.9    26.3    37.1    40.9    41.5    43.4    44.2    45.1    45.2    46.6    43.9    42.2    40.9    35.4    35.7    34.8    22.8    12.1    14.2     3.6     2.3     1.5     1.5     1.7     2.0     2.5     3.5     5.7     8.0    11.0    23.4    21.0    25.7    40.0    57.3    77.7    97.9    87.8   122.5   106.1    92.3    83.7    63.9    55.5    79.8    75.2    72.2    65.3    59.6    66.6    80.3    89.7    93.8    98.2   100.9   100.7    98.4    97.2    85.0    74.1    70.9    55.9    34.5    35.1    66.6   130.8   179.6   180.3   178.0   221.0   192.8   159.8   134.3   124.7   138.7   167.7   193.7 -9999.0 -9999.0 -9999.0 -9999.0 -9999.0 -9999.0 -9999.0 -9999.0 -9999.0 -9999.0 -9999.0 -9999.0 -9999.0 -9999.0 -9999.0 -9999.0 -9999.0 -9999.0 -9999.0 -9999.0 -9999.0 -9999.0 -9999.0 -9999.0 -9999.0 -9999.0 -9999.0 -9999.0 -9999.0
 -9999.0 -9999.0 -9999.0 -9999.0 -9999.0 -9999.0 -9999.0     9.2     8.4    10.1     7.6     8.3    10.4    10.3    10.8     5.6    10.0     8.1     9.1    14.4    21.4    26.0    29.3    32.1    34.6    36.8    39.0    40.6    41.8    43.0    43.6    43.9    43.7    43.9    44.4    41.0    42.5    37.8    38.9    35.7    18.0    29.6    23.1    13.0     6.7     3.5     5.1     4.9     7.3     6.0     6.7     9.3    15.7    47.3    45.9    33.8    44.0    54.8    86.7    80.6   104.4    94.6    87.6    88.8    99.0    89.6    99.8    97.2    86.2    79.9    76.4    77.5    88.6   100.5   104.1   106.2   101.8    99.7    94.8    96.7    85.8    77.2    68.6    56.7    40.7    46.6    79.0   131.3   169.0   181.1   188.4   215.4   223.4   199.8   184.4   195.5   211.5 -9999.0 -9999.0 -9999.0 -9999.0 -9999.0 -9999.0 -9999.0 -9999.0 -9999.0 -9999.0 -9999.0 -9999.0 -9999.0 -9999.0 -9999.0 -9999.0 -9999.0 -9999.0 -9999.0 -9999.0 -9999.0 -9999.0 -9999.0 -9999.0 -9999.0 -9999.0 -9999.0 -9999.0 -9999.0 -9999.0 -9999.0
 -9999.0 -9999.0 -9999.0 -9999.0 -9999.0 -9999.0 -9999.0     3.4     7.9     6.1     5.8     7.3     7.2     6.8     8.5     8.3    11.0    12.9    14.8    18.1    21.3    24.4    27.8    30.8    33.5    35.6    37.3    38.4    39.5    40.2    41.1    41.9    42.7    44.5    44.4    45.3    44.3    45.8    43.7    39.3    36.3    32.0    30.0    36.1    20.1    12.2    14.9    16.2    26.8    23.7    42.7    42.1    26.2    37.0    59.1    37.8    45.2    60.1    76.6    85.0    80.8    87.3    94.2   104.9   110.2   115.0   117.2   113.6   109.2   110.5   102.3    91.8    97.5   115.0   116.6   125.2   116.4   110.2   106.9   102.5    92.9    88.2    79.3    59.1    45.1    57.1    91.0   130.3   157.7   165.5   178.1   197.7   208.0   221.1   271.0   302.0 -9999.0 -9999.0 -9999.0 -9999.0 -9999.0 -9999.0 -9999.0 -9999.0 -9999.0 -9999.0 -9999.0 -9999.0 -9999.0 -9999.0 -9999.0 -9999.0 -9999.0 -9999.0 -9999.0 -9999.0 -9999.0 -9999.0 -9999.0 -9999.0 -9999.0 -9999.0 -9999.0 -9999.0 -9999.0 -9999.0 -9999.0 -9999.0
 -9999.0 -9999.0 -9999.0 -9999.0 -9999.0 -9999.0 -9999.0 -9999.0 -9999.0     4.3     4.9     5.7     4.8     5.6     6.9     8.2     9.3     9.4    13.5    15.1    19.8    24.0    27.6    30.8    33.5    35.8    37.0    38.0    39.0    38.8    40.0    40.7    41.9    44.0    45.6    47.8    49.6    52.2    51.1    51.0    46.1    44.3    39.1    34.0    35.9    34.5    34.5    34.2    36.7    39.1    47.9    47.8    46.9    46.6    69.0    49.8    46.9    56.5    74.9    74.5    75.4    85.9    97.5   105.8   121.2   123.8   124.2   132.6   138.5   145.7   130.5   108.0   108.0   128.6   143.5   127.5   127.3   117.5   111.0   112.4   115.0   112.1    81.4    53.5    44.3    54.8    81.4   111.5   132.0   140.0   161.2   190.2   219.1   288.1   381.1 -9999.0 -9999.0 -9999.0 -9999.0 -9999.0 -9999.0 -9999.0 -9999.0 -9999.0 -9999.0 -9999.0 -9999.0 -9999.0 -9999.0 -9999.0 -9999.0 -9999.0 -9999.0 -9999.0 -9999.0 -9999.0 -9999.0 -9999.0 -9999.0 -9999.0 -9999.0 -9999.0 -9999.0 -9999.0 -9999.0 -9999.0 -9999.0 -9999.0
 -9999.0 -9999.0 -9999.0 -9999.0 -9999.0 -9999.0 -9999.0 -9999.0 -9999.0 -9999.0 -9999.0     2.8     5.1     3.8     5.3     6.2     8.1    10.4    13.3    16.2    18.8    23.8    27.4    31.7    32.3    36.0    36.8    37.7    38.5    39.3    39.6    39.5    41.9    44.5    48.0    53.2    57.1    61.3    68.2    64.7    65.4    59.0    52.7    48.4    55.9    48.5    58.5    53.0    56.7    56.2    52.3    57.5    63.0    73.2    87.8    79.8    70.3    78.1    75.3    74.2    82.7    82.7    93.0   112.4   131.1   112.9   118.7   146.8   168.0   172.2   157.3   133.9   122.0   123.2   103.8   110.1   110.4   116.8   114.6   124.2   141.4   144.3   117.2    71.6    50.7    47.7    57.3    77.5    98.4   116.8   140.4   179.7   258.8   382.0   512.9 -9999.0 -9999.0 -9999.0 -9999.0 -9999.0 -9999.0 -9999.0 -9999.0 -9999.0 -9999.0 -9999.0 -9999.0 -9999.0 -9999.0 -9999.0 -9999.0 -9999.0 -9999.0 -9999.0 -9999.0 -9999.0 -9999.0 -9999.0 -9999.0 -9999.0 -9999.0 -9999.0 -9999.0 -9999.0 -9999.0 -9999.0 -9999.0 -9999.0
 -9999.0 -9999.0 -9999.0 -9999.0 -9999.0 -9999.0 -9999.0 -9999.0 -9999.0 -9999.0 -9999.0 -9999.0     3.7     4.4     3.9     5.9     5.7     9.3    12.3    13.3    21.3    24.9    29.0    33.9    29.4    38.5    41.2    39.1    39.8    37.2    39.4    40.3    41.9    44.2    49.3    56.4    64.0    71.5    76.0    77.2    76.2    73.4    70.0    70.7    69.4    71.8    76.4    70.5    72.1    72.3    82.2    85.0    82.6    80.8    90.9   100.3   103.3   111.0    77.0    96.8    92.6   107.9   116.9   123.1   126.6   147.4   129.1   155.7   179.0   186.5   175.3   134.1   113.5   108.1   126.3   144.0   137.8   130.7   131.1   153.1   175.4   194.6   159.2   100.1    66.5    50.2    45.7    58.0    78.5    98.0   122.0   171.9   284.6   436.1   547.4   564.6   485.0 -9999.0 -9999.0 -9999.0 -9999.0 -9999.0 -9999.0 -9999.0 -9999.0 -9999.0 -9999.0 -9999.0 -9999.0 -9999.0 -9999.0 -9999.0 -9999.0 -9999.0 -9999.0 -9999.0 -9999.0 -9999.0 -9999.0 -9999.0 -9999.0 -9999.0 -9999.0 -9999.0 -9999.0 -9999.0 -9999.0 -9999.0
 -9999.0 -9999.0 -9999.0 -9999.0 -9999.0 -9999.0 -9999.0 -9999.0 -9999.0 -9999.0 -9999.0 -9999.0     1.5     4.0     5.3     4.9     8.3    10.3    11.3    15.9    20.8    24.3    30.0    36.9    43.0    43.6    44.7    47.2    44.1    44.5    40.7    38.4    41.1    44.7    50.0    59.1    68.3    79.5    89.1    93.9    93.2    90.6    92.4    86.4    90.9    96.8    94.9    95.1    88.7    94.2    93.1   100.7    96.7   107.2    98.4   116.6   113.3   120.1    99.9   101.5   106.8   114.1   135.7   153.6   120.0   136.9   131.9   159.9   186.6   196.5   189.4   181.9   178.1   177.4   174.3   163.0   147.4   153.1   168.6   196.8   214.3   214.7   168.4   115.0    81.9    64.3    58.4    64.5    77.8    91.3   106.7   155.1   257.7   373.9   418.7   382.8   308.0 -9999.0 -9999.0 -9999.0 -9999.0 -9999.0 -9999.0 -9999.0 -9999.0 -9999.0 -9999.0 -9999.0 -9999.0 -9999.0 -9999.0 -9999.0 -9999.0 -9999.0 -9999.0 -9999.0 -9999.0 -9999.0 -9999.0 -9999.0 -9999.0 -9999.0 -9999.0 -9999.0 -9999.0 -9999.0 -9999.0 -9999.0
 -9999.0 -9999.0 -9999.0 -9999.0 -9999.0 -9999.0 -9999.0 -9999.0 -9999.0 -9999.0 -9999.0 -9999.0 -9999.0     2.5     2.3     6.3     6.8    10.9    15.2    19.8    23.7    31.6    33.0    43.5    46.9    42.8    44.3    41.3    44.4    44.0    44.9    43.8    39.9    42.6    51.6    60.5    72.9    86.1    93.1   105.6   109.1   109.2   107.2   109.6   109.1   111.9   120.8   128.2   131.0   128.5   126.0   119.0   118.1   152.0   145.5   142.6   138.2   150.6   173.4   159.1   161.3   147.9   159.5   121.5   104.9   120.0   135.1   155.7   175.7   189.5   190.2   187.2   191.3   190.8   184.9   172.3   160.9   161.5   189.6   238.9   271.8   231.5   172.8   124.5    99.8    89.9    85.4    82.9    92.0    97.5   103.9   139.0   205.2   258.6   245.8   183.1   143.5 -9999.0 -9999.0 -9999.0 -9999.0 -9999.0 -9999.0 -9999.0 -9999.0 -9999.0 -9999.0 -9999.0 -9999.0 -9999.0 -9999.0 -9999.0 -9999.0 -9999.0 -9999.0 -9999.0 -9999.0 -9999.0 -9999.0 -9999.0 -9999.0 -9999.0 -9999.0 -9999.0 -9999.0 -9999.0 -9999.0 -9999.0
 -9999.0 -9999.0 -9999.0 -9999.0 -9999.0 -9999.0 -9999.0 -9999.0 -9999.0 -9999.0 -9999.0 -9999.0     1.4     1.3     2.1     5.1     4.7     9.2    13.5    23.0    29.1    35.4    40.0    47.7    54.5    48.9    53.5    56.9    55.3    50.5    48.6    49.3    40.2    44.9    48.9    60.2    70.7    91.2   105.9   114.4   115.9   118.2   120.8   119.9   125.4   133.5   142.0   149.1   156.4   157.9   163.4   170.6   154.0   164.3   153.7   155.9   178.5   149.5   185.8   183.5   193.5   205.0   178.2   190.4   137.0   120.8   171.1   168.2   165.3   178.4   189.8   197.7   190.2   158.4   147.7   137.4   126.9   146.7   199.9   251.6   258.4   221.7   171.3   135.5   123.1   128.1   127.3   109.8   104.7   104.7   111.8   138.1   184.0   187.7   151.5    99.5    86.1   118.2 -9999.0 -9999.0 -9999.0 -9999.0 -9999.0 -9999.0 -9999.0 -9999.0 -9999.0 -9999.0 -9999.0 -9999.0 -9999.0 -9999.0 -9999.0 -9999.0 -9999.0 -9999.0 -9999.0 -9999.0 -9999.0 -9999.0 -9999.0 -9999.0 -9999.0 -9999.0 -9999.0 -9999.0 -9999.0 -9999.0
 -9999.0 -9999.0 -9999.0 -9999.0 -9999.0 -9999.0 -9999.0 -9999.0 -9999.0 -9999.0 -9999.0 -9999.0     0.8     2.7     3.2     1.7     3.8    11.8    17.1    19.4    31.6    34.2    42.0    50.0    60.6    68.1    70.3    71.3    68.9    68.5    63.8    55.4    44.3    50.8    53.5    59.2    74.9    90.3   107.0   120.3   124.9   127.5   127.6   129.4   135.6   146.1   160.0   172.0   181.0   175.5   175.0   189.2   173.4   161.4   158.5   146.6   176.8   201.1   202.8   237.8   252.8   260.4   158.2   112.8   107.9   144.6   139.0   188.1   185.5   173.0   180.3   189.6   184.3   187.3   182.2   146.0   121.1   166.0   214.2   237.2   232.8   200.2   168.6   153.9   147.0   164.0   160.2   136.8   120.5   118.5   121.9   145.3   181.0   166.3   131.1    97.3    95.7   132.1   210.7 -9999.0 -9999.0 -9999.0 -9999.0 -9999.0 -9999.0 -9999.0 -9999.0 -9999.0 -9999.0 -9999.0 -9999.0 -9999.0 -9999.0 -9999.0 -9999.0 -9999.0 -9999.0 -9999.0 -9999.0 -9999.0 -9999.0 -9999.0 -9999.0 -9999.0 -9999.0 -9999.0 -9999.0 -9999.0
 -9999.0 -9999.0 -9999.0 -9999.0 -9999.0 -9999.0 -9999.0 -9999.0 -9999.0 -9999.0 -9999.0 -9999.0     1.8     1.2     3.8     5.0     8.0     6.2    14.4    19.9    19.3    24.9    41.9    45.3    58.4    56.4    68.0    61.6    82.9    81.4    77.1    56.3    61.5    61.3    59.5    61.1    71.9    86.6   105.4   115.2   128.5   140.1   131.8   142.3   142.6   152.1   165.1   176.3   179.2   184.7   192.5   184.0   234.4   239.9   210.0   143.3   181.1   212.6   237.2   222.1   224.7   216.8   281.1   110.1    87.4   206.5   207.8   204.5   198.1   196.4   188.3   189.9   187.8   194.4   228.7   184.7   219.0   180.3   237.5   246.0   193.8   171.7   140.3   153.1   176.1   173.0   170.0   264.5   132.9   139.1   143.5   156.9   171.8   168.3   143.0   119.8   124.6   154.1   209.6   269.1 -9999.0 -9999.0 -9999.0 -9999.0 -9999.0 -9999.0 -9999.0 -9999.0 -9999.0 -9999.0 -9999.0 -9999.0 -9999.0 -9999.0 -9999.0 -9999.0 -9999.0 -9999.0 -9999.0 -9999.0 -9999.0 -9999.0 -9999.0 -9999.0 -9999.0 -9999.0 -9999.0 -9999.0
 -9999.0 -9999.0 -9999.0 -9999.0 -9999.0 -9999.0 -9999.0 -9999.0 -9999.0 -9999.0 -9999.0 -9999.0 -9999.0     0.3     0.9     4.2     6.1    11.1    11.2    14.4    11.6    28.5    31.3    36.7    59.2    66.0    78.2    91.4    87.9   107.5    82.8    80.0    67.3    69.7    62.8    55.2    64.2    84.6    98.9   119.6   134.7   124.6   128.2   138.2   149.0   151.4   159.9   158.1   182.5   191.4   180.0   226.4   223.2   186.9   231.9   227.7   169.0   191.4   235.8   291.8   276.1   351.4   250.0    76.1   163.0   192.6   202.9   200.1   210.4   197.0   189.5   175.2   183.5   139.4   174.8   155.8   167.4   212.2   268.2   246.6   181.1   156.1   147.8   144.5   151.0   142.4   147.9   384.5   293.2   192.8   169.0   176.6   181.9   172.3   150.4   145.8   126.5   144.7   180.8 -9999.0 -9999.0 -9999.0 -9999.0 -9999.0 -9999.0 -9999.0 -9999.0 -9999.0 -9999.0 -9999.0 -9999.0 -9999.0 -9999.0 -9999.0 -9999.0 -9999.0 -9999.0 -9999.0 -9999.0 -9999.0 -9999.0 -9999.0 -9999.0 -9999.0 -9999.0 -9999.0 -9999.0 -9999.0
 -9999.0 -9999.0 -9999.0 -9999.0 -9999.0 -9999.0 -9999.0 -9999.0 -9999.0 -9999.0 -9999.0 -9999.0 -9999.0     2.1     0.7     3.1     2.0     9.9    13.3    15.2    10.4    16.1    21.5    33.6    60.9    66.5    77.2   103.0   111.4    75.8    88.4    88.9    94.6    81.6    65.6    65.0    76.9    86.6    93.4    92.0   126.5   134.0   138.4   140.4   133.6   145.0   149.3   143.2   156.7   171.2   207.8   181.4   234.9   255.7   262.5   237.5   196.2   209.5   252.2   195.8   278.5   162.2   111.1   190.4   187.4   182.1   174.6   178.1   182.7   185.2   173.0   162.7   157.9   173.4   186.2   208.5   244.2   237.8   256.5   236.2   185.2   165.6   162.4   157.1   149.4   139.1   140.2   161.7   211.7   181.7   194.9   187.4   191.4   183.3   154.9   130.4   116.4   130.5   162.6 -9999.0 -9999.0 -9999.0 -9999.0 -9999.0 -9999.0 -9999.0 -9999.0 -9999.0 -9999.0 -9999.0 -9999.0 -9999.0 -9999.0 -9999.0 -9999.0 -9999.0 -9999.0 -9999.0 -9999.0 -9999.0 -9999.0 -9999.0 -9999.0 -9999.0 -9999.0 -9999.0 -9999.0 -9999.0
 -9999.0 -9999.0 -9999.0 -9999.0 -9999.0 -9999.0 -9999.0 -9999.0 -9999.0 -9999.0 -9999.0 -9999.0 -9999.0 -9999.0 -9999.0     1.8     4.4     5.0    10.1    16.5    10.8    20.8    28.6    34.3    41.1    55.5    48.2    81.1    73.6   128.1   119.6   126.4    88.8    85.9    90.3    69.2    67.8   106.8   105.6   113.3   107.0   113.7   126.9   137.8   158.6   153.2   137.4   125.3   148.7   123.8   179.6   245.1   232.7   239.9   169.4   225.5   226.5   185.9   269.9   296.9   178.2   163.9   284.5   259.0   233.1   205.2   182.2   176.3   168.4   152.4   149.5   147.6   201.8   221.3   197.4   246.5   246.6   277.8   252.4   190.4   163.8   169.5   178.7   179.7   173.1   160.0   147.7   169.1   170.3   186.4   204.3   231.8   206.4   234.3   189.9   129.5   131.4 -9999.0   184.5 -9999.0 -9999.0 -9999.0 -9999.0 -9999.0 -9999.0 -9999.0 -9999.0 -9999.0 -9999.0 -9999.0 -9999.0 -9999.0 -9999.0 -9999.0 -9999.0 -9999.0 -9999.0 -9999.0 -9999.0 -9999.0 -9999.0 -9999.0 -9999.0 -9999.0 -9999.0 -9999.0 -9999.0 -9999.0
 -9999.0 -9999.0 -9999.0 -9999.0 -9999.0 -9999.0 -9999.0 -9999.0 -9999.0 -9999.0 -9999.0 -9999.0 -9999.0 -9999.0 -9999.0 -9999.0 -9999.0    13.5    16.5 -9999.0    23.1    13.5    27.3    34.8    32.9    47.9    41.8    73.4   120.5   112.2   152.0   188.6   101.5   161.2   165.9   114.6    77.4   149.5   115.1   115.0   112.4   101.1   119.8   136.2   218.0   157.8   182.9   136.9   124.2   155.6   119.2   191.3   138.1   237.2   238.8   235.5   207.7   253.3   262.9   283.2   180.7   219.8   298.1   311.7   254.0   205.8   190.8   173.3   160.2   137.9   133.0   189.3   234.8   232.6   235.0   243.8   212.7   199.2   181.4   122.9   117.2   132.9   156.9   177.6   193.7   182.3   163.5   156.0   174.7   191.4   232.6   234.9   161.6   165.9   194.9   227.7   173.5   233.0   291.6   263.6   194.4 -9999.0 -9999.0 -9999.0 -9999.0 -9999.0 -9999.0 -9999.0 -9999.0 -9999.0 -9999.0 -9999.0 -9999.0 -9999.0 -9999.0 -9999.0 -9999.0 -9999.0 -9999.0 -9999.0 -9999.0 -9999.0 -9999.0 -9999.0 -9999.0 -9999.0 -9999.0 -9999.0
 -9999.0 -9999.0 -9999.0 -9999.0 -9999.0 -9999.0 -9999.0 -9999.0 -9999.0 -9999.0 -9999.0 -9999.0 -9999.0 -9999.0 -9999.0 -9999.0 -9999.0 -9999.0 -9999.0 -9999.0 -9999.0    14.4    13.8    10.2    24.7    51.8    69.3    93.4   118.3   177.1   191.8   261.8   234.7   195.9   190.8   137.7   138.2   140.0   153.5   195.7   198.4    91.4    95.2   111.4   217.0   129.0   201.4   121.6   142.5   181.5   164.0   224.6   238.8   182.2   203.8   227.9   232.0   220.5   281.9   258.5   204.7   193.2   239.1   258.0   258.6   213.7   208.8   194.7   183.3   143.1   134.5   193.3   232.1   222.2   187.9   163.9   139.6   102.1    94.4    87.5    86.9   107.6   139.4   174.2   256.3   181.2   156.9   152.0   159.5   171.8   209.9   168.7   269.1   340.4   180.7   209.4   270.0   336.8   371.2   261.9 -9999.0 -9999.0 -9999.0 -9999.0 -9999.0 -9999.0 -9999.0 -9999.0 -9999.0 -9999.0 -9999.0 -9999.0 -9999.0 -9999.0 -9999.0 -9999.0 -9999.0 -9999.0 -9999.0 -9999.0 -9999.0 -9999.0 -9999.0 -9999.0 -9999.0 -9999.0 -9999.0 -9999.0
 -9999.0 -9999.0 -9999.0 -9999.0 -9999.0 -9999.0 -9999.0 -9999.0 -9999.0 -9999.0 -9999.0 -9999.0 -9999.0 -9999.0 -9999.0 -9999.0 -9999.0 -9999.0 -9999.0 -9999.0 -9999.0 -9999.0 -9999.0    31.1    22.8    36.1    53.5    73.8    81.5   151.3   173.6   177.2   112.5   147.1   117.3   118.3   100.7   128.5    94.2    80.5    82.2    71.5   100.2   140.0   203.4   248.4   152.2   121.9   111.5   101.7   118.4   188.9   150.4   177.1   166.7   159.8   198.6   231.1   213.7   240.1   217.7   191.7   158.6   158.3   163.6   196.9   218.4   215.3   156.8   149.9   171.1   201.9   232.1   249.6   182.8   144.1   138.8   111.7    88.4    88.5    93.4   118.0   151.1   194.8   219.1   322.2   150.9   167.9   151.8   167.2   215.1   248.0   160.8   236.9   225.4   261.9   328.6   397.6   307.7 -9999.0 -9999.0 -9999.0 -9999.0 -9999.0 -9999.0 -9999.0 -9999.0 -9999.0 -9999.0 -9999.0 -9999.0 -9999.0 -9999.0 -9999.0 -9999.0 -9999.0 -9999.0 -9999.0 -9999.0 -9999.0 -9999.0 -9999.0 -9999.0 -9999.0 -9999.0 -9999.0 -9999.0 -9999.0
 -9999.0 -9999.0 -9999.0 -9999.0 -9999.0 -9999.0 -9999.0 -9999.0 -9999.0 -9999.0 -9999.0 -9999.0 -9999.0 -9999.0 -9999.0 -9999.0 -9999.0 -9999.0 -9999.0 -9999.0 -9999.0 -9999.0 -9999.0 -9999.0 -9999.0    58.8    48.4    21.1    44.5    41.3   105.9   179.0   187.4   143.9   152.5    96.9    60.0   102.8    69.6    80.8    54.6    75.8   231.8   198.5   250.9   243.6   178.2   192.4   105.3    99.2   147.2   148.9   178.4   178.0   157.7   162.0   180.4   187.5   216.6   217.4   209.5   188.5   211.1   169.8   160.6   184.6   179.3   144.7   155.9   174.2   177.9   208.8   218.4   249.8   223.7   167.5   136.5   142.2   185.7   141.5   138.1   158.3   167.0   185.9   221.7   169.7   161.5   149.7   155.6   179.5   199.0   178.8   197.1   361.8   292.1   388.3   333.9   345.6 -9999.0 -9999.0 -9999.0 -9999.0 -9999.0 -9999.0 -9999.0 -9999.0 -9999.0 -9999.0 -9999.0 -9999.0 -9999.0 -9999.0 -9999.0 -9999.0 -9999.0 -9999.0 -9999.0 -9999.0 -9999.0 -9999.0 -9999.0 -9999.0 -9999.0 -9999.0 -9999.0 -9999.0 -9999.0 -9999.0
 -9999.0 -9999.0 -9999.0 -9999.0 -9999.0 -9999.0 -9999.0 -9999.0 -9999.0 -9999.0 -9999.0 -9999.0 -9999.0 -9999.0 -9999.0 -9999.0 -9999.0 -9999.0 -9999.0 -9999.0 -9999.0 -9999.0 -9999.0 -9999.0 -9999.0 -9999.0 -9999.0    94.3   124.7   118.3   149.8   174.3    84.4   192.8   114.2   235.9   115.3   108.4   155.1    85.9    56.3   112.9   219.1   263.2   246.8   235.2   223.0   201.0   178.0   105.8   124.9   128.5   141.2   155.3   166.8   173.5   192.7   204.9   201.6   202.2   241.4   179.7   156.5   129.3   117.8   136.5   157.3   154.0   144.5   158.4   176.4   221.3   210.6   234.2   215.7   193.0   193.1   190.2   175.5   172.1   189.5   176.4   177.4   200.0   176.9   172.2   182.8   270.5   192.1   213.4   313.7   406.8   246.1   238.8   409.9   425.3   363.2 -9999.0 -9999.0 -9999.0 -9999.0 -9999.0 -9999.0 -9999.0 -9999.0 -9999.0 -9999.0 -9999.0 -9999.0 -9999.0 -9999.0 -9999.0 -9999.0 -9999.0 -9999.0 -9999.0 -9999.0 -9999.0 -9999.0 -9999.0 -9999.0 -9999.0 -9999.0 -9999.0 -9999.0 -9999.0 -9999.0 -9999.0
 -9999.0 -9999.0 -9999.0 -9999.0 -9999.0 -9999.0 -9999.0 -9999.0 -9999.0 -9999.0 -9999.0 -9999.0 -9999.0 -9999.0 -9999.0 -9999.0 -9999.0 -9999.0 -9999.0 -9999.0 -9999.0 -9999.0 -9999.0 -9999.0 -9999.0 -9999.0 -9999.0 -9999.0 -9999.0 -9999.0 -9999.0 -9999.0 -9999.0   197.7   114.0 -9999.0 -9999.0 -9999.0   203.2   108.2   161.3   200.4   168.0   252.1   252.8   233.3 -9999.0 -9999.0 -9999.0 -9999.0 -9999.0 -9999.0   143.3   167.8   201.7   230.8   234.5   250.7   225.2   236.1   216.8   180.8   160.0   136.8   137.6   160.6   188.9   207.4   189.8   165.0   164.8   205.2   218.6   203.6   204.8   200.0   180.9   176.8   173.4   171.2   170.5   165.1   178.5   184.8   196.8   176.4   192.5   245.3   348.2   263.4   339.1   308.4   208.5   229.3   392.0   393.6   334.6 -9999.0 -9999.0 -9999.0 -9999.0 -9999.0 -9999.0 -9999.0 -9999.0 -9999.0 -9999.0 -9999.0 -9999.0 -9999.0 -9999.0 -9999.0 -9999.0 -9999.0 -9999.0 -9999.0 -9999.0 -9999.0 -9999.0 -9999.0 -9999.0 -9999.0 -9999.0 -9999.0 -9999.0 -9999.0 -9999.0 -9999.0
 -9999.0 -9999.0 -9999.0 -9999.0 -9999.0 -9999.0 -9999.0 -9999.0 -9999.0 -9999.0 -9999.0 -9999.0 -9999.0 -9999.0 -9999.0 -9999.0 -9999.0 -9999.0 -9999.0 -9999.0 -9999.0 -9999.0 -9999.0 -9999.0 -9999.0 -9999.0 -9999.0 -9999.0 -9999.0 -9999.0 -9999.0 -9999.0 -9999.0 -9999.0 -9999.0 -9999.0 -9999.0 -9999.0 -9999.0   263.1   261.0   259.8   255.5   246.3 -9999.0 -9999.0 -9999.0 -9999.0 -9999.0 -9999.0 -9999.0 -9999.0   152.1   182.1   220.8   265.2   281.1   273.5   261.6   246.6   226.0   197.4   170.6   156.1   151.0   183.5   233.4   252.9   230.7   234.3   218.7   203.7   177.4   175.1   165.6   158.5   145.9   140.5   133.7   128.3   140.5   152.0   170.3   208.6   183.9   173.3   232.0   317.5   282.5   327.7   308.4   249.1   196.0   334.6   440.9   381.6 -9999.0 -9999.0 -9999.0 -9999.0 -9999.0 -9999.0 -9999.0 -9999.0 -9999.0 -9999.0 -9999.0 -9999.0 -9999.0 -9999.0 -9999.0 -9999.0 -9999.0 -9999.0 -9999.0 -9999.0 -9999.0 -9999.0 -9999.0 -9999.0 -9999.0 -9999.0 -9999.0 -9999.0 -9999.0 -9999.0 -9999.0 -9999.0
 -9999.0 -9999.0 -9999.0 -9999.0 -9999.0 -9999.0 -9999.0 -9999.0 -9999.0 -9999.0 -9999.0 -9999.0 -9999.0 -9999.0 -9999.0 -9999.0 -9999.0 -9999.0 -9999.0 -9999.0 -9999.0 -9999.0 -9999.0 -9999.0 -9999.0 -9999.0 -9999.0 -9999.0 -9999.0 -9999.0 -9999.0 -9999.0 -9999.0 -9999.0 -9999.0 -9999.0 -9999.0 -9999.0 -9999.0 -9999.0 -9999.0 -9999.0 -9999.0 -9999.0 -9999.0 -9999.0 -9999.0 -9999.0 -9999.0 -9999.0 -9999.0 -9999.0   186.5   198.7   244.9   270.1   282.9   264.4   245.3   234.7   209.5   203.6   199.8   182.6   188.3   227.0   261.3   272.0   264.1   246.0   218.5   203.8   211.4   142.6   113.2   123.6   112.7   109.9    97.8    92.7   116.0   158.6   186.9   209.8   197.1   208.2   246.3   291.5   322.6   335.3   318.9   339.2   231.8   407.2   433.1 -9999.0 -9999.0 -9999.0 -9999.0 -9999.0 -9999.0 -9999.0 -9999.0 -9999.0 -9999.0 -9999.0 -9999.0 -9999.0 -9999.0 -9999.0 -9999.0 -9999.0 -9999.0 -9999.0 -9999.0 -9999.0 -9999.0 -9999.0 -9999.0 -9999.0 -9999.0 -9999.0 -9999.0 -9999.0 -9999.0 -9999.0 -9999.0 -9999.0
 -9999.0 -9999.0 -9999.0 -9999.0 -9999.0 -9999.0 -9999.0 -9999.0 -9999.0 -9999.0 -9999.0 -9999.0 -9999.0 -9999.0 -9999.0 -9999.0 -9999.0 -9999.0 -9999.0 -9999.0 -9999.0 -9999.0 -9999.0 -9999.0 -9999.0 -9999.0 -9999.0 -9999.0 -9999.0 -9999.0 -9999.0 -9999.0 -9999.0 -9999.0 -9999.0 -9999.0 -9999.0 -9999.0 -9999.0 -9999.0 -9999.0 -9999.0 -9999.0 -9999.0 -9999.0 -9999.0 -9999.0 -9999.0 -9999.0 -9999.0 -9999.0   185.4   180.3   215.7   228.3   268.4   263.2   273.4   238.2   137.9   241.0   223.3   200.9   211.4   228.4   253.0   253.1   197.5   245.5   217.0   198.8   195.5   163.0   124.5   105.9   120.0   104.5   116.2    77.7    74.3    92.0   136.7   206.6   199.8   184.7   202.7   337.5   336.1   397.3   355.1   404.3   369.6   400.6   397.9   435.5 -9999.0 -9999.0 -9999.0 -9999.0 -9999.0 -9999.0 -9999.0 -9999.0 -9999.0 -9999.0 -9999.0 -9999.0 -9999.0 -9999.0 -9999.0 -9999.0 -9999.0 -9999.0 -9999.0 -9999.0 -9999.0 -9999.0 -9999.0 -9999.0 -9999.0 -9999.0 -9999.0 -9999.0 -9999.0 -9999.0 -9999.0 -9999.0 -9999.0
 -9999.0 -9999.0 -9999.0 -9999.0 -9999.0 -9999.0 -9999.0 -9999.0 -9999.0 -9999.0 -9999.0 -9999.0 -9999.0 -9999.0 -9999.0 -9999.0 -9999.0 -9999.0 -9999.0 -9999.0 -9999.0 -9999.0 -9999.0 -9999.0 -9999.0 -9999.0 -9999.0 -9999.0 -9999.0 -9999.0 -9999.0 -9999.0 -9999.0 -9999.0 -9999.0 -9999.0 -9999.0 -9999.0 -9999.0 -9999.0 -9999.0 -9999.0 -9999.0 -9999.0 -9999.0 -9999.0 -9999.0 -9999.0 -9999.0 -9999.0   220.3   184.2   198.2   226.3   241.7   262.3   228.2   190.1   218.0   251.1   213.1   233.2   212.3   230.3   256.0   256.0   238.2   195.8   219.0   192.1   205.0   194.4   171.4   140.6   118.0   109.4   145.4    84.8    83.7    70.6    84.7   116.4   160.9   163.3   199.6   215.7   350.7   385.3   434.8   428.4   426.8   439.3   479.2   472.7   422.5 -9999.0 -9999.0 -9999.0 -9999.0 -9999.0 -9999.0 -9999.0 -9999.0 -9999.0 -9999.0 -9999.0 -9999.0 -9999.0 -9999.0 -9999.0 -9999.0 -9999.0 -9999.0 -9999.0 -9999.0 -9999.0 -9999.0 -9999.0 -9999.0 -9999.0 -9999.0 -9999.0 -9999.0 -9999.0 -9999.0 -9999.0 -9999.0 -9999.0
 -9999.0 -9999.0 -9999.0 -9999.0 -9999.0 -9999.0 -9999.0 -9999.0 -9999.0 -9999.0 -9999.0 -9999.0 -9999.0 -9999.0 -9999.0 -9999.0 -9999.0 -9999.0 -9999.0 -9999.0 -9999.0 -9999.0 -9999.0 -9999.0 -9999.0 -9999.0 -9999.0 -9999.0 -9999.0 -9999.0 -9999.0 -9999.0 -9999.0 -9999.0 -9999.0 -9999.0 -9999.0 -9999.0 -9999.0 -9999.0 -9999.0 -9999.0 -9999.0 -9999.0 -9999.0 -9999.0 -9999.0 -9999.0 -9999.0 -9999.0   236.7   196.4   250.4   246.5   260.9   255.7   191.4   270.0   270.7   220.4   177.0   198.7   196.0   230.6   251.1   205.3   191.4   154.3   172.2   179.1   206.5   207.3   184.7   156.9   139.1   129.0   100.7    94.2    85.8    78.5    90.5   121.2   148.5   153.0   200.4   241.5   344.4   430.7   445.0   414.7   430.9   400.6   436.5   424.5 -9999.0 -9999.0 -9999.0 -9999.0 -9999.0 -9999.0 -9999.0 -9999.0 -9999.0 -9999.0 -9999.0 -9999.0 -9999.0 -9999.0 -9999.0 -9999.0 -9999.0 -9999.0 -9999.0 -9999.0 -9999.0 -9999.0 -9999.0 -9999.0 -9999.0 -9999.0 -9999.0 -9999.0 -9999.0 -9999.0 -9999.0 -9999.0 -9999.0 -9999.0
 -9999.0 -9999.0 -9999.0 -9999.0 -9999.0 -9999.0 -9999.0 -9999.0 -9999.0 -9999.0 -9999.0 -9999.0 -9999.0 -9999.0 -9999.0 -9999.0 -9999.0 -9999.0 -9999.0 -9999.0 -9999.0 -9999.0 -9999.0 -9999.0 -9999.0 -9999.0 -9999.0 -9999.0 -9999.0 -9999.0 -9999.0 -9999.0 -9999.0 -9999.0 -9999.0 -9999.0 -9999.0 -9999.0 -9999.0 -9999.0 -9999.0 -9999.0 -9999.0 -9999.0 -9999.0 -9999.0 -9999.0 -9999.0 -9999.0 -9999.0   260.2   264.0   294.2   264.7   280.3   261.2   301.9   275.5   286.4   156.2   186.4   205.9   204.4   198.1   213.9   191.2   162.2   145.6   147.1   197.6   195.4   220.8   180.7   162.0   136.7   110.9    85.3    87.2    93.3   106.5   108.8   131.1   153.0   174.3   229.4   253.9   312.0   369.1   395.6   352.2   371.3   323.3 -9999.0 -9999.0 -9999.0 -9999.0 -9999.0 -9999.0 -9999.0 -9999.0 -9999.0 -9999.0 -9999.0 -9999.0 -9999.0 -9999.0 -9999.0 -9999.0 -9999.0 -9999.0 -9999.0 -9999.0 -9999.0 -9999.0 -9999.0 -9999.0 -9999.0 -9999.0 -9999.0 -9999.0 -9999.0 -9999.0 -9999.0 -9999.0 -9999.0 -9999.0 -9999.0 -9999.0
 -9999.0 -9999.0 -9999.0 -9999.0 -9999.0 -9999.0 -9999.0 -9999.0 -9999.0 -9999.0 -9999.0 -9999.0 -9999.0 -9999.0 -9999.0 -9999.0 -9999.0 -9999.0 -9999.0 -9999.0 -9999.0 -9999.0 -9999.0 -9999.0 -9999.0 -9999.0 -9999.0 -9999.0 -9999.0 -9999.0 -9999.0 -9999.0 -9999.0 -9999.0 -9999.0 -9999.0 -9999.0 -9999.0 -9999.0 -9999.0 -9999.0 -9999.0 -9999.0 -9999.0 -9999.0 -9999.0 -9999.0 -9999.0 -9999.0 -9999.0   254.8   263.3   304.1   305.4   302.1   302.5   258.8   285.5   258.3   140.3   191.1   183.7   123.3   177.1   187.1   174.6   178.2   177.4   202.8   119.8   164.6   165.4   159.6   141.9   116.1    91.0    78.1    87.6   103.7   126.3   134.5   149.5   178.9   222.4   251.9   290.0   347.1   333.3   352.5   317.4   238.7 -9999.0 -9999.0 -9999.0 -9999.0 -9999.0 -9999.0 -9999.0 -9999.0 -9999.0 -9999.0 -9999.0 -9999.0 -9999.0 -9999.0 -9999.0 -9999.0 -9999.0 -9999.0 -9999.0 -9999.0 -9999.0 -9999.0 -9999.0 -9999.0 -9999.0 -9999.0 -9999.0 -9999.0 -9999.0 -9999.0 -9999.0 -9999.0 -9999.0 -9999.0 -9999.0 -9999.0 -9999.0
 -9999.0 -9999.0 -9999.0 -9999.0 -9999.0 -9999.0 -9999.0 -9999.0 -9999.0 -9999.0 -9999.0 -9999.0 -9999.0 -9999.0 -9999.0 -9999.0 -9999.0 -9999.0 -9999.0 -9999.0 -9999.0 -9999.0 -9999.0 -9999.0 -9999.0 -9999.0 -9999.0 -9999.0 -9999.0 -9999.0 -9999.0 -9999.0 -9999.0 -9999.0 -9999.0 -9999.0 -9999.0 -9999.0 -9999.0 -9999.0 -9999.0 -9999.0 -9999.0 -9999.0 -9999.0 -9999.0 -9999.0 -9999.0 -9999.0 -9999.0 -9999.0 -9999.0 -9999.0   328.4   316.6   299.8   295.5   299.9   184.6   161.2   327.5   145.3   263.3   204.3   183.7   169.9   188.3   173.5   197.5   170.5   130.1   115.8   110.4   104.6    95.3    78.6    72.8    88.7   116.9   131.7   135.9   151.4   198.0   267.7   312.8   335.8   341.9   355.9   281.6   229.4 -9999.0 -9999.0 -9999.0 -9999.0 -9999.0 -9999.0 -9999.0 -9999.0 -9999.0 -9999.0 -9999.0 -9999.0 -9999.0 -9999.0 -9999.0 -9999.0 -9999.0 -9999.0 -9999.0 -9999.0 -9999.0 -9999.0 -9999.0 -9999.0 -9999.0 -9999.0 -9999.0 -9999.0 -9999.0 -9999.0 -9999.0 -9999.0 -9999.0 -9999.0 -9999.0 -9999.0 -9999.0 -9999.0
 -9999.0 -9999.0 -9999.0 -9999.0 -9999.0 -9999.0 -9999.0 -9999.0 -9999.0 -9999.0 -9999.0 -9999.0 -9999.0 -9999.0 -9999.0 -9999.0 -9999.0 -9999.0 -9999.0 -9999.0 -9999.0 -9999.0 -9999.0 -9999.0 -9999.0 -9999.0 -9999.0 -9999.0 -9999.0 -9999.0 -9999.0 -9999.0 -9999.0 -9999.0 -9999.0 -9999.0 -9999.0 -9999.0 -9999.0 -9999.0 -9999.0 -9999.0 -9999.0 -9999.0 -9999.0 -9999.0 -9999.0 -9999.0 -9999.0 -9999.0 -9999.0 -9999.0 -9999.0   323.2   312.9   320.1   283.5   248.2   259.5   342.7   269.0   238.7   360.3   289.5   256.3   218.4   178.5   211.4   146.5   123.3   100.3   106.8   114.9   117.7   111.9    96.9    87.7   100.2   124.1   141.8   142.1   154.5   207.0 -9999.0   351.5   362.3 -9999.0 -9999.0 -9999.0 -9999.0 -9999.0 -9999.0 -9999.0 -9999.0 -9999.0 -9999.0 -9999.0 -9999.0 -9999.0 -9999.0 -9999.0 -9999.0 -9999.0 -9999.0 -9999.0 -9999.0 -9999.0 -9999.0 -9999.0 -9999.0 -9999.0 -9999.0 -9999.0 -9999.0 -9999.0 -9999.0 -9999.0 -9999.0 -9999.0 -9999.0 -9999.0 -9999.0 -9999.0 -9999.0 -9999.0 -9999.0 -9999.0 -9999.0
 -9999.0 -9999.0 -9999.0 -9999.0 -9999.0 -9999.0 -9999.0 -9999.0 -9999.0 -9999.0 -9999.0 -9999.0 -9999.0 -9999.0 -9999.0 -9999.0 -9999.0 -9999.0 -9999.0 -9999.0 -9999.0 -9999.0 -9999.0 -9999.0 -9999.0 -9999.0 -9999.0 -9999.0 -9999.0 -9999.0 -9999.0 -9999.0 -9999.0 -9999.0 -9999.0 -9999.0 -9999.0 -9999.0 -9999.0 -9999.0 -9999.0 -9999.0 -9999.0 -9999.0 -9999.0 -9999.0 -9999.0 -9999.0 -9999.0 -9999.0 -9999.0 -9999.0 -9999.0   306.2   288.2   292.2   274.8   258.1   294.6   324.7   417.2   441.5   495.7   443.2   364.8 -9999.0 -9999.0 -9999.0   169.1   119.3   135.2   180.4   217.3   225.0   196.7   161.3   139.3   141.1   175.6   191.8   200.3   211.6   260.3 -9999.0 -9999.0 -9999.0 -9999.0 -9999.0 -9999.0 -9999.0 -9999.0 -9999.0 -9999.0 -9999.0 -9999.0 -9999.0 -9999.0 -9999.0 -9999.0 -9999.0 -9999.0 -9999.0 -9999.0 -9999.0 -9999.0 -9999.0 -9999.0 -9999.0 -9999.0 -9999.0 -9999.0 -9999.0 -9999.0 -9999.0 -9999.0 -9999.0 -9999.0 -9999.0 -9999.0 -9999.0 -9999.0 -9999.0 -9999.0 -9999.0 -9999.0 -9999.0 -9999.0 -9999.0
 -9999.0 -9999.0 -9999.0 -9999.0 -9999.0 -9999.0 -9999.0 -9999.0 -9999.0 -9999.0 -9999.0 -9999.0 -9999.0 -9999.0 -9999.0 -9999.0 -9999.0 -9999.0 -9999.0 -9999.0 -9999.0 -9999.0 -9999.0 -9999.0 -9999.0 -9999.0 -9999.0 -9999.0 -9999.0 -9999.0 -9999.0 -9999.0 -9999.0 -9999.0 -9999.0 -9999.0 -9999.0 -9999.0 -9999.0 -9999.0 -9999.0 -9999.0 -9999.0 -9999.0 -9999.0 -9999.0 -9999.0 -9999.0 -9999.0 -9999.0 -9999.0 -9999.0 -9999.0 -9999.0   277.5   266.4   234.5   239.4   340.8   453.4   429.8 -9999.0 -9999.0 -9999.0 -9999.0 -9999.0 -9999.0 -9999.0   174.7   181.2   241.7   303.7   375.0   382.3   321.4   259.9   227.5   215.1   231.4 -9999.0   295.6 -9999.0 -9999.0 -9999.0 -9999.0 -9999.0 -9999.0 -9999.0 -9999.0 -9999.0 -9999.0 -9999.0 -9999.0 -9999.0 -9999.0 -9999.0 -9999.0 -9999.0 -9999.0 -9999.0 -9999.0 -9999.0 -9999.0 -9999.0 -9999.0 -9999.0 -9999.0 -9999.0 -9999.0 -9999.0 -9999.0 -9999.0 -9999.0 -9999.0 -9999.0 -9999.0 -9999.0 -9999.0 -9999.0 -9999.0 -9999.0 -9999.0 -9999.0 -9999.0 -9999.0 -9999.0 -9999.0 -9999.0
 -9999.0 -9999.0 -9999.0 -9999.0 -9999.0 -9999.0 -9999.0 -9999.0 -9999.0 -9999.0 -9999.0 -9999.0 -9999.0 -9999.0 -9999.0 -9999.0 -9999.0 -9999.0 -9999.0 -9999.0 -9999.0 -9999.0 -9999.0 -9999.0 -9999.0 -9999.0 -9999.0 -9999.0 -9999.0 -9999.0 -9999.0 -9999.0 -9999.0 -9999.0 -9999.0 -9999.0 -9999.0 -9999.0 -9999.0 -9999.0 -9999.0 -9999.0 -9999.0 -9999.0 -9999.0 -9999.0 -9999.0 -9999.0 -9999.0 -9999.0 -9999.0 -9999.0 -9999.0 -9999.0 -9999.0   249.1   296.4   296.1   349.2   468.9   541.7 -9999.0 -9999.0 -9999.0 -9999.0 -9999.0 -9999.0 -9999.0 -9999.0 -9999.0   311.6 -9999.0 -9999.0 -9999.0 -9999.0 -9999.0   280.7 -9999.0 -9999.0 -9999.0 -9999.0 -9999.0 -9999.0 -9999.0 -9999.0 -9999.0 -9999.0 -9999.0 -9999.0 -9999.0 -9999.0 -9999.0 -9999.0 -9999.0 -9999.0 -9999.0 -9999.0 -9999.0 -9999.0 -9999.0 -9999.0 -9999.0 -9999.0 -9999.0 -9999.0 -9999.0 -9999.0 -9999.0 -9999.0 -9999.0 -9999.0 -9999.0 -9999.0 -9999.0 -9999.0 -9999.0 -9999.0 -9999.0 -9999.0 -9999.0 -9999.0 -9999.0 -9999.0 -9999.0 -9999.0 -9999.0 -9999.0 -9999.0
 -9999.0 -9999.0 -9999.0 -9999.0 -9999.0 -9999.0 -9999.0 -9999.0 -9999.0 -9999.0 -9999.0 -9999.0 -9999.0 -9999.0 -9999.0 -9999.0 -9999.0 -9999.0 -9999.0 -9999.0 -9999.0 -9999.0 -9999.0 -9999.0 -9999.0 -9999.0 -9999.0 -9999.0 -9999.0 -9999.0 -9999.0 -9999.0 -9999.0 -9999.0 -9999.0 -9999.0 -9999.0 -9999.0 -9999.0 -9999.0 -9999.0 -9999.0 -9999.0 -9999.0 -9999.0 -9999.0 -9999.0 -9999.0 -9999.0 -9999.0 -9999.0 -9999.0 -9999.0 -9999.0 -9999.0 -9999.0 -9999.0 -9999.0   404.8   478.8 -9999.0 -9999.0 -9999.0 -9999.0 -9999.0 -9999.0 -9999.0 -9999.0 -9999.0 -9999.0 -9999.0 -9999.0 -9999.0 -9999.0 -9999.0   323.3   274.7 -9999.0 -9999.0 -9999.0 -9999.0 -9999.0 -9999.0 -9999.0 -9999.0 -9999.0 -9999.0 -9999.0 -9999.0 -9999.0 -9999.0 -9999.0 -9999.0 -9999.0 -9999.0 -9999.0 -9999.0 -9999.0 -9999.0 -9999.0 -9999.0 -9999.0 -9999.0 -9999.0 -9999.0 -9999.0 -9999.0 -9999.0 -9999.0 -9999.0 -9999.0 -9999.0 -9999.0 -9999.0 -9999.0 -9999.0 -9999.0 -9999.0 -9999.0 -9999.0 -9999.0 -9999.0 -9999.0 -9999.0 -9999.0 -9999.0 -9999.0 -9999.0
 -9999.0 -9999.0 -9999.0 -9999.0 -9999.0 -9999.0 -9999.0 -9999.0 -9999.0 -9999.0 -9999.0 -9999.0 -9999.0 -9999.0 -9999.0 -9999.0 -9999.0 -9999.0 -9999.0 -9999.0 -9999.0 -9999.0 -9999.0 -9999.0 -9999.0 -9999.0 -9999.0 -9999.0 -9999.0 -9999.0 -9999.0 -9999.0 -9999.0 -9999.0 -9999.0 -9999.0 -9999.0 -9999.0 -9999.0 -9999.0 -9999.0 -9999.0 -9999.0 -9999.0 -9999.0 -9999.0 -9999.0 -9999.0 -9999.0 -9999.0 -9999.0 -9999.0 -9999.0 -9999.0 -9999.0 -9999.0 -9999.0 -9999.0 -9999.0 -9999.0 -9999.0 -9999.0 -9999.0 -9999.0 -9999.0 -9999.0 -9999.0 -9999.0 -9999.0 -9999.0 -9999.0 -9999.0 -9999.0 -9999.0 -9999.0 -9999.0 -9999.0 -9999.0 -9999.0 -9999.0 -9999.0 -9999.0 -9999.0 -9999.0 -9999.0 -9999.0 -9999.0 -9999.0 -9999.0 -9999.0 -9999.0 -9999.0 -9999.0 -9999.0 -9999.0 -9999.0 -9999.0 -9999.0 -9999.0 -9999.0 -9999.0 -9999.0 -9999.0 -9999.0 -9999.0 -9999.0 -9999.0 -9999.0 -9999.0 -9999.0 -9999.0 -9999.0 -9999.0 -9999.0 -9999.0 -9999.0 -9999.0 -9999.0 -9999.0 -9999.0 -9999.0 -9999.0 -9999.0 -9999.0 -9999.0 -9999.0 -9999.0 -9999.0
 -9999.0 -9999.0 -9999.0 -9999.0 -9999.0 -9999.0 -9999.0 -9999.0 -9999.0 -9999.0 -9999.0 -9999.0 -9999.0 -9999.0 -9999.0 -9999.0 -9999.0 -9999.0 -9999.0 -9999.0 -9999.0 -9999.0 -9999.0 -9999.0 -9999.0 -9999.0 -9999.0 -9999.0 -9999.0 -9999.0 -9999.0 -9999.0 -9999.0 -9999.0 -9999.0 -9999.0 -9999.0 -9999.0 -9999.0 -9999.0 -9999.0 -9999.0 -9999.0 -9999.0 -9999.0 -9999.0 -9999.0 -9999.0 -9999.0 -9999.0 -9999.0 -9999.0 -9999.0 -9999.0 -9999.0 -9999.0 -9999.0 -9999.0 -9999.0 -9999.0 -9999.0 -9999.0 -9999.0 -9999.0 -9999.0 -9999.0 -9999.0 -9999.0 -9999.0 -9999.0 -9999.0 -9999.0 -9999.0 -9999.0 -9999.0   264.8   224.9   219.3 -9999.0 -9999.0 -9999.0 -9999.0 -9999.0 -9999.0 -9999.0 -9999.0 -9999.0 -9999.0 -9999.0 -9999.0 -9999.0 -9999.0 -9999.0 -9999.0 -9999.0 -9999.0 -9999.0 -9999.0 -9999.0 -9999.0 -9999.0 -9999.0 -9999.0 -9999.0 -9999.0 -9999.0 -9999.0 -9999.0 -9999.0 -9999.0 -9999.0 -9999.0 -9999.0 -9999.0 -9999.0 -9999.0 -9999.0 -9999.0 -9999.0 -9999.0 -9999.0 -9999.0 -9999.0 -9999.0 -9999.0 -9999.0 -9999.0 -9999.0
 -9999.0 -9999.0 -9999.0 -9999.0 -9999.0 -9999.0 -9999.0 -9999.0 -9999.0 -9999.0 -9999.0 -9999.0 -9999.0 -9999.0 -9999.0 -9999.0 -9999.0 -9999.0 -9999.0 -9999.0 -9999.0 -9999.0 -9999.0 -9999.0 -9999.0 -9999.0 -9999.0 -9999.0 -9999.0 -9999.0 -9999.0 -9999.0 -9999.0 -9999.0 -9999.0 -9999.0 -9999.0 -9999.0 -9999.0 -9999.0 -9999.0 -9999.0 -9999.0 -9999.0 -9999.0 -9999.0 -9999.0 -9999.0 -9999.0 -9999.0 -9999.0 -9999.0 -9999.0 -9999.0 -9999.0 -9999.0 -9999.0 -9999.0 -9999.0 -9999.0 -9999.0 -9999.0 -9999.0 -9999.0 -9999.0 -9999.0 -9999.0 -9999.0 -9999.0 -9999.0 -9999.0 -9999.0 -9999.0   229.9   265.5   243.4   228.4 -9999.0 -9999.0 -9999.0 -9999.0 -9999.0 -9999.0 -9999.0 -9999.0 -9999.0 -9999.0 -9999.0 -9999.0 -9999.0 -9999.0 -9999.0 -9999.0 -9999.0 -9999.0 -9999.0 -9999.0 -9999.0 -9999.0 -9999.0 -9999.0 -9999.0 -9999.0 -9999.0 -9999.0 -9999.0 -9999.0 -9999.0 -9999.0 -9999.0 -9999.0 -9999.0 -9999.0 -9999.0 -9999.0 -9999.0 -9999.0 -9999.0 -9999.0 -9999.0 -9999.0 -9999.0 -9999.0 -9999.0 -9999.0 -9999.0 -9999.0 -9999.0
 -9999.0 -9999.0 -9999.0 -9999.0 -9999.0 -9999.0 -9999.0 -9999.0 -9999.0 -9999.0 -9999.0 -9999.0 -9999.0 -9999.0 -9999.0 -9999.0 -9999.0 -9999.0 -9999.0 -9999.0 -9999.0 -9999.0 -9999.0 -9999.0 -9999.0 -9999.0 -9999.0 -9999.0 -9999.0 -9999.0 -9999.0 -9999.0 -9999.0 -9999.0 -9999.0 -9999.0 -9999.0 -9999.0 -9999.0 -9999.0 -9999.0 -9999.0 -9999.0 -9999.0 -9999.0 -9999.0 -9999.0 -9999.0 -9999.0 -9999.0 -9999.0 -9999.0 -9999.0 -9999.0 -9999.0 -9999.0 -9999.0 -9999.0 -9999.0 -9999.0 -9999.0 -9999.0 -9999.0 -9999.0 -9999.0 -9999.0 -9999.0 -9999.0 -9999.0 -9999.0 -9999.0 -9999.0 -9999.0 -9999.0   203.8   230.6   200.6 -9999.0 -9999.0 -9999.0 -9999.0 -9999.0 -9999.0 -9999.0 -9999.0 -9999.0 -9999.0 -9999.0 -9999.0 -9999.0 -9999.0 -9999.0 -9999.0 -9999.0 -9999.0 -9999.0 -9999.0 -9999.0 -9999.0 -9999.0 -9999.0 -9999.0 -9999.0 -9999.0 -9999.0 -9999.0 -9999.0 -9999.0 -9999.0 -9999.0 -9999.0 -9999.0 -9999.0 -9999.0 -9999.0 -9999.0 -9999.0 -9999.0 -9999.0 -9999.0 -9999.0 -9999.0 -9999.0 -9999.0 -9999.0 -9999.0 -9999.0 -9999.0
 -9999.0 -9999.0 -9999.0 -9999.0 -9999.0 -9999.0 -9999.0 -9999.0 -9999.0 -9999.0 -9999.0 -9999.0 -9999.0 -9999.0 -9999.0 -9999.0 -9999.0 -9999.0 -9999.0 -9999.0 -9999.0 -9999.0 -9999.0 -9999.0 -9999.0 -9999.0 -9999.0 -9999.0 -9999.0 -9999.0 -9999.0 -9999.0 -9999.0 -9999.0 -9999.0 -9999.0 -9999.0 -9999.0 -9999.0 -9999.0 -9999.0 -9999.0 -9999.0 -9999.0 -9999.0 -9999.0 -9999.0 -9999.0 -9999.0 -9999.0 -9999.0 -9999.0 -9999.0 -9999.0 -9999.0 -9999.0 -9999.0 -9999.0 -9999.0 -9999.0 -9999.0 -9999.0 -9999.0 -9999.0 -9999.0 -9999.0 -9999.0 -9999.0 -9999.0 -9999.0 -9999.0 -9999.0 -9999.0 -9999.0 -9999.0 -9999.0 -9999.0 -9999.0 -9999.0 -9999.0 -9999.0 -9999.0 -9999.0 -9999.0 -9999.0 -9999.0 -9999.0 -9999.0 -9999.0 -9999.0 -9999.0 -9999.0 -9999.0 -9999.0 -9999.0 -9999.0 -9999.0 -9999.0 -9999.0 -9999.0 -9999.0 -9999.0 -9999.0 -9999.0 -9999.0 -9999.0 -9999.0 -9999.0 -9999.0 -9999.0 -9999.0 -9999.0 -9999.0 -9999.0 -9999.0 -9999.0 -9999.0 -9999.0 -9999.0 -9999.0 -9999.0 -9999.0 -9999.0 -9999.0 -9999.0 -9999.0 -9999.0 -9999.0
