NCOLS      128
NROWS       72
XLLCORNER    72.000000000000    
YLLCORNER    18.000000000000    
CELLSIZE    0.50000000000000    
NODATA_VALUE   -9999.000    
 -9999.0 -9999.0 -9999.0 -9999.0 -9999.0 -9999.0 -9999.0 -9999.0 -9999.0 -9999.0 -9999.0 -9999.0 -9999.0 -9999.0 -9999.0 -9999.0 -9999.0 -9999.0 -9999.0 -9999.0 -9999.0 -9999.0 -9999.0 -9999.0 -9999.0 -9999.0 -9999.0 -9999.0 -9999.0 -9999.0 -9999.0 -9999.0 -9999.0 -9999.0 -9999.0 -9999.0 -9999.0 -9999.0 -9999.0 -9999.0 -9999.0 -9999.0 -9999.0 -9999.0 -9999.0 -9999.0 -9999.0 -9999.0 -9999.0 -9999.0 -9999.0 -9999.0 -9999.0 -9999.0 -9999.0 -9999.0 -9999.0 -9999.0 -9999.0 -9999.0 -9999.0 -9999.0 -9999.0 -9999.0 -9999.0 -9999.0 -9999.0 -9999.0 -9999.0 -9999.0 -9999.0 -9999.0 -9999.0 -9999.0 -9999.0 -9999.0 -9999.0 -9999.0 -9999.0 -9999.0 -9999.0 -9999.0 -9999.0 -9999.0 -9999.0 -9999.0 -9999.0 -9999.0 -9999.0 -9999.0 -9999.0 -9999.0 -9999.0 -9999.0 -9999.0 -9999.0 -9999.0     8.3     8.4     8.5     9.1     9.4    10.3    11.7    14.0 -9999.0 -9999.0 -9999.0 -9999.0 -9999.0 -9999.0 -9999.0 -9999.0 -9999.0 -9999.0 -9999.0 -9999.0 -9999.0 -9999.0 -9999.0 -9999.0 -9999.0 -9999.0 -9999.0 -9999.0 -9999.0 -9999.0 -9999.0
 -9999.0 -9999.0 -9999.0 -9999.0 -9999.0 -9999.0 -9999.0 -9999.0 -9999.0 -9999.0 -9999.0 -9999.0 -9999.0 -9999.0 -9999.0 -9999.0 -9999.0 -9999.0 -9999.0 -9999.0 -9999.0 -9999.0 -9999.0 -9999.0 -9999.0 -9999.0 -9999.0 -9999.0 -9999.0 -9999.0 -9999.0 -9999.0 -9999.0 -9999.0 -9999.0 -9999.0 -9999.0 -9999.0 -9999.0 -9999.0 -9999.0 -9999.0 -9999.0 -9999.0 -9999.0 -9999.0 -9999.0 -9999.0 -9999.0 -9999.0 -9999.0 -9999.0 -9999.0 -9999.0 -9999.0 -9999.0 -9999.0 -9999.0 -9999.0 -9999.0 -9999.0 -9999.0 -9999.0 -9999.0 -9999.0 -9999.0 -9999.0 -9999.0 -9999.0 -9999.0 -9999.0 -9999.0 -9999.0 -9999.0 -9999.0 -9999.0 -9999.0 -9999.0 -9999.0 -9999.0 -9999.0 -9999.0 -9999.0 -9999.0 -9999.0 -9999.0 -9999.0 -9999.0 -9999.0 -9999.0 -9999.0 -9999.0 -9999.0 -9999.0 -9999.0 -9999.0     5.1     5.5     6.4     6.1     6.5     6.5     6.8     7.7     9.6    12.3    15.8    19.8    24.2 -9999.0 -9999.0 -9999.0 -9999.0 -9999.0 -9999.0 -9999.0 -9999.0 -9999.0 -9999.0 -9999.0 -9999.0 -9999.0 -9999.0 -9999.0 -9999.0 -9999.0 -9999.0 -9999.0
 -9999.0 -9999.0 -9999.0 -9999.0 -9999.0 -9999.0 -9999.0 -9999.0 -9999.0 -9999.0 -9999.0 -9999.0 -9999.0 -9999.0 -9999.0 -9999.0 -9999.0 -9999.0 -9999.0 -9999.0 -9999.0 -9999.0 -9999.0 -9999.0 -9999.0 -9999.0 -9999.0 -9999.0 -9999.0 -9999.0 -9999.0 -9999.0 -9999.0 -9999.0 -9999.0 -9999.0 -9999.0 -9999.0 -9999.0 -9999.0 -9999.0 -9999.0 -9999.0 -9999.0 -9999.0 -9999.0 -9999.0 -9999.0 -9999.0 -9999.0 -9999.0 -9999.0 -9999.0 -9999.0 -9999.0 -9999.0 -9999.0 -9999.0 -9999.0 -9999.0 -9999.0 -9999.0 -9999.0 -9999.0 -9999.0 -9999.0 -9999.0 -9999.0 -9999.0 -9999.0 -9999.0 -9999.0 -9999.0 -9999.0 -9999.0 -9999.0 -9999.0 -9999.0 -9999.0 -9999.0 -9999.0 -9999.0 -9999.0 -9999.0 -9999.0 -9999.0 -9999.0 -9999.0 -9999.0 -9999.0 -9999.0 -9999.0 -9999.0 -9999.0 -9999.0     3.7     3.8     4.1     4.8     4.3     4.3     4.2     4.3     5.0     6.5     8.7    11.8    15.3    19.3 -9999.0 -9999.0 -9999.0 -9999.0 -9999.0 -9999.0 -9999.0 -9999.0 -9999.0 -9999.0 -9999.0 -9999.0 -9999.0 -9999.0 -9999.0 -9999.0 -9999.0 -9999.0 -9999.0
 -9999.0 -9999.0 -9999.0 -9999.0 -9999.0 -9999.0 -9999.0 -9999.0 -9999.0 -9999.0 -9999.0 -9999.0 -9999.0 -9999.0 -9999.0 -9999.0 -9999.0 -9999.0 -9999.0 -9999.0 -9999.0 -9999.0 -9999.0 -9999.0 -9999.0 -9999.0 -9999.0 -9999.0 -9999.0 -9999.0 -9999.0 -9999.0 -9999.0 -9999.0 -9999.0 -9999.0 -9999.0 -9999.0 -9999.0 -9999.0 -9999.0 -9999.0 -9999.0 -9999.0 -9999.0 -9999.0 -9999.0 -9999.0 -9999.0 -9999.0 -9999.0 -9999.0 -9999.0 -9999.0 -9999.0 -9999.0 -9999.0 -9999.0 -9999.0 -9999.0 -9999.0 -9999.0 -9999.0 -9999.0 -9999.0 -9999.0 -9999.0 -9999.0 -9999.0 -9999.0 -9999.0 -9999.0 -9999.0 -9999.0 -9999.0 -9999.0 -9999.0 -9999.0 -9999.0 -9999.0 -9999.0 -9999.0 -9999.0 -9999.0 -9999.0 -9999.0 -9999.0 -9999.0 -9999.0 -9999.0 -9999.0 -9999.0 -9999.0 -9999.0 -9999.0     2.1     3.1     2.4     3.1     3.5     3.5     3.3     2.8     3.2     4.4     6.3     8.9    11.9    15.2    18.3 -9999.0 -9999.0 -9999.0 -9999.0 -9999.0 -9999.0 -9999.0 -9999.0 -9999.0 -9999.0 -9999.0 -9999.0 -9999.0 -9999.0 -9999.0 -9999.0 -9999.0 -9999.0
 -9999.0 -9999.0 -9999.0 -9999.0 -9999.0 -9999.0 -9999.0 -9999.0 -9999.0 -9999.0 -9999.0 -9999.0 -9999.0 -9999.0 -9999.0 -9999.0 -9999.0 -9999.0 -9999.0 -9999.0 -9999.0 -9999.0 -9999.0 -9999.0 -9999.0 -9999.0 -9999.0 -9999.0 -9999.0 -9999.0 -9999.0 -9999.0 -9999.0 -9999.0 -9999.0 -9999.0 -9999.0 -9999.0 -9999.0 -9999.0 -9999.0 -9999.0 -9999.0 -9999.0 -9999.0 -9999.0 -9999.0 -9999.0 -9999.0 -9999.0 -9999.0 -9999.0 -9999.0 -9999.0 -9999.0 -9999.0 -9999.0 -9999.0 -9999.0 -9999.0 -9999.0 -9999.0 -9999.0 -9999.0 -9999.0 -9999.0 -9999.0 -9999.0 -9999.0 -9999.0 -9999.0 -9999.0 -9999.0 -9999.0 -9999.0 -9999.0 -9999.0 -9999.0 -9999.0 -9999.0 -9999.0 -9999.0 -9999.0 -9999.0 -9999.0 -9999.0 -9999.0 -9999.0 -9999.0 -9999.0 -9999.0 -9999.0 -9999.0 -9999.0 -9999.0     1.5     1.4     2.9     3.3     2.9     2.5     2.6     2.2     2.3     3.1     4.6     6.8     9.2    11.6    14.1    15.8 -9999.0 -9999.0 -9999.0 -9999.0 -9999.0 -9999.0 -9999.0 -9999.0 -9999.0 -9999.0 -9999.0 -9999.0 -9999.0 -9999.0 -9999.0 -9999.0 -9999.0
 -9999.0 -9999.0 -9999.0 -9999.0 -9999.0 -9999.0 -9999.0 -9999.0 -9999.0 -9999.0 -9999.0 -9999.0 -9999.0 -9999.0 -9999.0 -9999.0 -9999.0 -9999.0 -9999.0 -9999.0 -9999.0 -9999.0 -9999.0 -9999.0 -9999.0 -9999.0 -9999.0 -9999.0 -9999.0 -9999.0 -9999.0 -9999.0 -9999.0 -9999.0 -9999.0 -9999.0 -9999.0 -9999.0 -9999.0 -9999.0 -9999.0 -9999.0 -9999.0 -9999.0 -9999.0 -9999.0 -9999.0 -9999.0 -9999.0 -9999.0 -9999.0 -9999.0 -9999.0 -9999.0 -9999.0 -9999.0 -9999.0 -9999.0 -9999.0 -9999.0 -9999.0 -9999.0 -9999.0 -9999.0 -9999.0 -9999.0 -9999.0 -9999.0 -9999.0 -9999.0 -9999.0 -9999.0 -9999.0 -9999.0 -9999.0 -9999.0 -9999.0 -9999.0 -9999.0 -9999.0 -9999.0 -9999.0 -9999.0 -9999.0 -9999.0 -9999.0 -9999.0 -9999.0 -9999.0 -9999.0 -9999.0 -9999.0 -9999.0 -9999.0     0.5     0.7     1.5     2.1     2.6     2.9     2.7     1.7     1.7     1.7     2.3     3.5     5.3     7.1     8.6    10.2    11.2 -9999.0 -9999.0 -9999.0 -9999.0 -9999.0 -9999.0 -9999.0 -9999.0 -9999.0 -9999.0 -9999.0 -9999.0 -9999.0 -9999.0 -9999.0 -9999.0 -9999.0
 -9999.0 -9999.0 -9999.0 -9999.0 -9999.0 -9999.0 -9999.0 -9999.0 -9999.0 -9999.0 -9999.0 -9999.0 -9999.0 -9999.0 -9999.0 -9999.0 -9999.0 -9999.0 -9999.0 -9999.0 -9999.0 -9999.0 -9999.0 -9999.0 -9999.0 -9999.0 -9999.0 -9999.0 -9999.0 -9999.0 -9999.0 -9999.0 -9999.0 -9999.0 -9999.0 -9999.0 -9999.0 -9999.0 -9999.0 -9999.0 -9999.0 -9999.0 -9999.0 -9999.0 -9999.0 -9999.0 -9999.0 -9999.0 -9999.0 -9999.0 -9999.0 -9999.0 -9999.0 -9999.0 -9999.0 -9999.0 -9999.0 -9999.0 -9999.0 -9999.0 -9999.0 -9999.0 -9999.0 -9999.0 -9999.0 -9999.0 -9999.0 -9999.0 -9999.0 -9999.0 -9999.0 -9999.0 -9999.0 -9999.0 -9999.0 -9999.0 -9999.0 -9999.0 -9999.0 -9999.0 -9999.0 -9999.0 -9999.0 -9999.0 -9999.0 -9999.0 -9999.0 -9999.0 -9999.0 -9999.0 -9999.0 -9999.0 -9999.0 -9999.0     0.4     0.9     1.4     2.0     2.6     2.3     2.1     1.8     1.6     1.5     2.0     3.0     4.4     5.6     6.2     6.6     7.5     8.4 -9999.0 -9999.0 -9999.0 -9999.0 -9999.0 -9999.0 -9999.0 -9999.0 -9999.0 -9999.0 -9999.0 -9999.0 -9999.0 -9999.0 -9999.0 -9999.0
 -9999.0 -9999.0 -9999.0 -9999.0 -9999.0 -9999.0 -9999.0 -9999.0 -9999.0 -9999.0 -9999.0 -9999.0 -9999.0 -9999.0 -9999.0 -9999.0 -9999.0 -9999.0 -9999.0 -9999.0 -9999.0 -9999.0 -9999.0 -9999.0 -9999.0 -9999.0 -9999.0 -9999.0 -9999.0 -9999.0 -9999.0 -9999.0 -9999.0 -9999.0 -9999.0 -9999.0 -9999.0 -9999.0 -9999.0 -9999.0 -9999.0 -9999.0 -9999.0 -9999.0 -9999.0 -9999.0 -9999.0 -9999.0 -9999.0 -9999.0 -9999.0 -9999.0 -9999.0 -9999.0 -9999.0 -9999.0 -9999.0 -9999.0 -9999.0 -9999.0 -9999.0 -9999.0 -9999.0 -9999.0 -9999.0 -9999.0 -9999.0 -9999.0 -9999.0 -9999.0 -9999.0 -9999.0 -9999.0 -9999.0 -9999.0 -9999.0 -9999.0 -9999.0 -9999.0 -9999.0 -9999.0 -9999.0 -9999.0 -9999.0 -9999.0 -9999.0 -9999.0 -9999.0 -9999.0     0.7 -9999.0 -9999.0     0.1     0.2     0.2     0.5     1.1     1.8     2.2     2.1     1.4     1.5     1.7     1.9     2.3     3.2     4.1     4.2     4.2     3.9     4.4     4.9 -9999.0 -9999.0 -9999.0 -9999.0 -9999.0 -9999.0 -9999.0 -9999.0 -9999.0 -9999.0 -9999.0 -9999.0 -9999.0 -9999.0 -9999.0 -9999.0
 -9999.0 -9999.0 -9999.0 -9999.0 -9999.0 -9999.0 -9999.0 -9999.0 -9999.0 -9999.0 -9999.0 -9999.0 -9999.0 -9999.0 -9999.0 -9999.0 -9999.0 -9999.0 -9999.0 -9999.0 -9999.0 -9999.0 -9999.0 -9999.0 -9999.0 -9999.0 -9999.0 -9999.0 -9999.0 -9999.0 -9999.0 -9999.0 -9999.0 -9999.0 -9999.0 -9999.0 -9999.0 -9999.0 -9999.0 -9999.0 -9999.0 -9999.0 -9999.0 -9999.0 -9999.0 -9999.0 -9999.0 -9999.0 -9999.0 -9999.0 -9999.0 -9999.0 -9999.0 -9999.0 -9999.0 -9999.0 -9999.0 -9999.0 -9999.0 -9999.0 -9999.0 -9999.0 -9999.0 -9999.0 -9999.0 -9999.0 -9999.0 -9999.0 -9999.0 -9999.0 -9999.0 -9999.0 -9999.0 -9999.0 -9999.0 -9999.0 -9999.0 -9999.0 -9999.0 -9999.0 -9999.0 -9999.0 -9999.0 -9999.0 -9999.0 -9999.0 -9999.0 -9999.0     0.6     0.4     0.3     0.2     0.1     0.2     0.3     1.0     1.5     2.1     1.8     1.3     1.2     1.4     2.0     2.7     3.0     3.4     3.7     3.4     2.7     2.2     2.1     2.7     3.5     5.1     7.8    10.8 -9999.0 -9999.0 -9999.0 -9999.0 -9999.0 -9999.0 -9999.0 -9999.0 -9999.0 -9999.0 -9999.0 -9999.0
 -9999.0 -9999.0 -9999.0 -9999.0 -9999.0 -9999.0 -9999.0 -9999.0 -9999.0 -9999.0 -9999.0 -9999.0 -9999.0 -9999.0 -9999.0 -9999.0 -9999.0 -9999.0 -9999.0 -9999.0 -9999.0 -9999.0 -9999.0 -9999.0 -9999.0 -9999.0 -9999.0 -9999.0 -9999.0    45.6    45.3    45.6    46.3 -9999.0 -9999.0 -9999.0 -9999.0 -9999.0 -9999.0 -9999.0 -9999.0 -9999.0 -9999.0 -9999.0 -9999.0 -9999.0 -9999.0 -9999.0 -9999.0 -9999.0 -9999.0 -9999.0 -9999.0 -9999.0 -9999.0 -9999.0 -9999.0 -9999.0 -9999.0 -9999.0 -9999.0 -9999.0 -9999.0 -9999.0 -9999.0 -9999.0 -9999.0 -9999.0 -9999.0 -9999.0 -9999.0 -9999.0 -9999.0 -9999.0 -9999.0 -9999.0 -9999.0 -9999.0 -9999.0 -9999.0 -9999.0 -9999.0 -9999.0 -9999.0 -9999.0 -9999.0 -9999.0     0.9     0.8     0.6     0.4     0.2     0.2     0.3     0.5     1.0     2.2     2.1     2.1     1.0     0.6     1.0     1.9     3.0     2.8     2.7     2.8     2.2     1.4     1.0     1.1     1.4     2.1     3.5     5.5     8.1    10.0    10.1 -9999.0 -9999.0 -9999.0 -9999.0 -9999.0 -9999.0 -9999.0 -9999.0 -9999.0 -9999.0
 -9999.0 -9999.0 -9999.0 -9999.0 -9999.0 -9999.0 -9999.0 -9999.0 -9999.0 -9999.0 -9999.0 -9999.0 -9999.0 -9999.0 -9999.0 -9999.0 -9999.0 -9999.0 -9999.0 -9999.0 -9999.0 -9999.0 -9999.0 -9999.0 -9999.0 -9999.0 -9999.0    40.2    37.3    33.8    38.6    40.3    41.3    44.4 -9999.0 -9999.0 -9999.0 -9999.0 -9999.0 -9999.0 -9999.0 -9999.0 -9999.0 -9999.0 -9999.0 -9999.0 -9999.0 -9999.0 -9999.0 -9999.0 -9999.0 -9999.0 -9999.0 -9999.0 -9999.0 -9999.0 -9999.0 -9999.0 -9999.0 -9999.0 -9999.0 -9999.0 -9999.0 -9999.0 -9999.0 -9999.0 -9999.0 -9999.0 -9999.0 -9999.0 -9999.0 -9999.0 -9999.0 -9999.0 -9999.0 -9999.0 -9999.0 -9999.0 -9999.0 -9999.0 -9999.0 -9999.0 -9999.0 -9999.0 -9999.0 -9999.0 -9999.0     1.5     1.4     0.7     0.3     0.2     0.3     0.7     1.3     2.6     3.2     3.7     1.8     0.8     0.3     0.5     1.1     1.7     1.5     1.2     1.2     1.0     0.7     0.6     0.7     1.0     1.5     2.6     3.9     5.2     6.3     6.4 -9999.0 -9999.0 -9999.0 -9999.0 -9999.0     6.5     7.0     7.7     8.6 -9999.0
 -9999.0 -9999.0 -9999.0 -9999.0 -9999.0 -9999.0 -9999.0 -9999.0 -9999.0 -9999.0 -9999.0 -9999.0 -9999.0 -9999.0 -9999.0 -9999.0 -9999.0 -9999.0 -9999.0 -9999.0 -9999.0 -9999.0 -9999.0 -9999.0 -9999.0 -9999.0    37.4    24.9    20.8    20.8    26.0    33.6    37.4    40.0    37.1    33.0    27.2 -9999.0 -9999.0 -9999.0 -9999.0 -9999.0 -9999.0 -9999.0 -9999.0 -9999.0 -9999.0 -9999.0 -9999.0 -9999.0 -9999.0 -9999.0 -9999.0 -9999.0 -9999.0 -9999.0 -9999.0 -9999.0 -9999.0 -9999.0 -9999.0 -9999.0 -9999.0 -9999.0 -9999.0 -9999.0 -9999.0 -9999.0 -9999.0 -9999.0 -9999.0 -9999.0 -9999.0 -9999.0 -9999.0 -9999.0 -9999.0 -9999.0 -9999.0 -9999.0 -9999.0 -9999.0 -9999.0 -9999.0 -9999.0 -9999.0     1.2     1.4     1.2     0.8     0.7     0.5     0.7     1.6     3.0     6.0     6.4     5.9     3.2     0.6     0.3     0.3     0.5     0.8     0.6     0.5     0.5     0.5     0.5     0.5     0.8     1.2     1.7     2.6     3.1     3.5     3.9     3.8     4.1 -9999.0 -9999.0     5.1     5.4     5.8     6.4     7.0     8.0 -9999.0
 -9999.0 -9999.0 -9999.0 -9999.0 -9999.0 -9999.0 -9999.0 -9999.0 -9999.0 -9999.0 -9999.0 -9999.0 -9999.0 -9999.0 -9999.0 -9999.0 -9999.0 -9999.0 -9999.0 -9999.0 -9999.0 -9999.0 -9999.0 -9999.0 -9999.0 -9999.0    27.5    19.4    13.5    11.7    14.7    24.3    33.8    40.9    38.8    30.5    21.5    19.3 -9999.0 -9999.0 -9999.0 -9999.0 -9999.0 -9999.0 -9999.0 -9999.0 -9999.0 -9999.0 -9999.0 -9999.0 -9999.0 -9999.0 -9999.0 -9999.0 -9999.0 -9999.0 -9999.0 -9999.0 -9999.0 -9999.0 -9999.0 -9999.0 -9999.0 -9999.0 -9999.0 -9999.0 -9999.0 -9999.0 -9999.0 -9999.0 -9999.0 -9999.0 -9999.0 -9999.0 -9999.0 -9999.0 -9999.0 -9999.0 -9999.0 -9999.0 -9999.0 -9999.0 -9999.0 -9999.0 -9999.0 -9999.0     1.1     1.1     1.2     1.1     1.0     1.0     1.8     3.3     7.0    10.3    13.3     8.4     3.0     1.0     0.4     0.3     0.4     0.7     0.6     0.6     0.6     0.6     0.7     1.2     1.8     2.1     2.5     3.4     3.6     2.8     2.8     2.8     3.9     5.0     5.1     4.9     5.1     5.7     6.5     7.2     7.8 -9999.0
 -9999.0 -9999.0 -9999.0 -9999.0 -9999.0 -9999.0 -9999.0 -9999.0 -9999.0 -9999.0 -9999.0 -9999.0 -9999.0 -9999.0 -9999.0 -9999.0 -9999.0 -9999.0 -9999.0 -9999.0 -9999.0    53.4    53.9    54.1    47.1    37.9    30.7    24.9    16.0    10.8    11.2    18.4    27.9    37.4    39.3    32.2    21.5    16.3    12.9 -9999.0 -9999.0 -9999.0 -9999.0 -9999.0 -9999.0 -9999.0 -9999.0 -9999.0 -9999.0 -9999.0 -9999.0 -9999.0 -9999.0 -9999.0 -9999.0 -9999.0 -9999.0 -9999.0 -9999.0 -9999.0 -9999.0 -9999.0 -9999.0 -9999.0 -9999.0 -9999.0 -9999.0 -9999.0 -9999.0 -9999.0 -9999.0 -9999.0 -9999.0 -9999.0 -9999.0 -9999.0 -9999.0 -9999.0 -9999.0 -9999.0 -9999.0 -9999.0 -9999.0 -9999.0 -9999.0 -9999.0 -9999.0     1.6 -9999.0 -9999.0     1.5 -9999.0 -9999.0     6.2    10.0    15.3    18.0    10.5     4.1     2.5     0.8     0.8     0.9     1.4     1.7     1.7     1.7     1.4     2.0     3.3     4.5     4.9     4.6     4.4     4.2     3.6     3.5     4.1     5.7     6.6     5.8     5.1     5.1     5.8     6.6     7.1 -9999.0 -9999.0
 -9999.0 -9999.0 -9999.0 -9999.0 -9999.0 -9999.0 -9999.0 -9999.0 -9999.0 -9999.0 -9999.0 -9999.0 -9999.0 -9999.0 -9999.0 -9999.0 -9999.0 -9999.0 -9999.0 -9999.0 -9999.0    38.8    42.4    41.2    35.6    33.7    25.8    19.1    14.7    11.3    11.3    18.3    28.9    34.8    36.4    30.4    20.7    14.8    10.3 -9999.0 -9999.0 -9999.0 -9999.0 -9999.0 -9999.0 -9999.0 -9999.0 -9999.0 -9999.0 -9999.0 -9999.0 -9999.0 -9999.0 -9999.0 -9999.0 -9999.0 -9999.0 -9999.0 -9999.0 -9999.0 -9999.0 -9999.0 -9999.0 -9999.0 -9999.0 -9999.0 -9999.0 -9999.0 -9999.0 -9999.0 -9999.0 -9999.0 -9999.0 -9999.0 -9999.0 -9999.0 -9999.0 -9999.0 -9999.0 -9999.0 -9999.0 -9999.0 -9999.0 -9999.0 -9999.0 -9999.0 -9999.0 -9999.0 -9999.0     2.0     2.5     3.4     5.8     7.5    11.7    17.2    13.7     9.8     5.0     2.3     1.6     2.0     2.5     3.2     4.1     4.9     5.3     5.4     6.4     8.3     9.8     9.6     8.0     6.4     5.3     5.3     5.2     6.5     8.4     7.8     6.0     4.8     4.7     5.3     6.3 -9999.0 -9999.0 -9999.0
 -9999.0 -9999.0 -9999.0 -9999.0 -9999.0 -9999.0 -9999.0 -9999.0 -9999.0 -9999.0 -9999.0 -9999.0 -9999.0 -9999.0 -9999.0 -9999.0 -9999.0 -9999.0 -9999.0 -9999.0    20.2    25.3    25.8    26.4    24.7    19.1    13.4    12.1     8.9     9.5    14.4    19.6    29.8    35.7    34.5    27.7    18.9    12.4     8.8 -9999.0 -9999.0 -9999.0 -9999.0 -9999.0 -9999.0 -9999.0 -9999.0 -9999.0 -9999.0 -9999.0 -9999.0 -9999.0 -9999.0 -9999.0 -9999.0 -9999.0 -9999.0 -9999.0 -9999.0 -9999.0 -9999.0 -9999.0 -9999.0 -9999.0 -9999.0 -9999.0 -9999.0 -9999.0 -9999.0 -9999.0 -9999.0 -9999.0 -9999.0 -9999.0 -9999.0 -9999.0 -9999.0 -9999.0 -9999.0 -9999.0 -9999.0 -9999.0 -9999.0 -9999.0 -9999.0 -9999.0 -9999.0 -9999.0     2.6     3.2     3.9     4.5     6.4     8.0    10.6    13.4    11.4    10.5     5.5     2.8     2.5     2.9     3.8     5.3     7.4     9.8    11.7    12.7    13.7    15.3    16.6    16.4    13.2    10.0     7.9     6.8     6.4     7.0     7.7     6.8     5.0     3.8     3.7     4.3     5.2 -9999.0 -9999.0 -9999.0
 -9999.0 -9999.0 -9999.0 -9999.0 -9999.0 -9999.0 -9999.0 -9999.0 -9999.0 -9999.0 -9999.0 -9999.0 -9999.0 -9999.0 -9999.0 -9999.0 -9999.0 -9999.0    16.1    14.6    12.6    19.7    21.2    22.0    19.3    16.6     8.8     7.5     7.4    11.0    15.9    24.8    33.8    36.8    34.5    27.8    19.1    12.2     8.1 -9999.0 -9999.0 -9999.0 -9999.0 -9999.0 -9999.0 -9999.0 -9999.0 -9999.0 -9999.0 -9999.0 -9999.0 -9999.0 -9999.0 -9999.0 -9999.0 -9999.0 -9999.0 -9999.0 -9999.0 -9999.0 -9999.0 -9999.0 -9999.0 -9999.0 -9999.0 -9999.0 -9999.0 -9999.0 -9999.0 -9999.0 -9999.0 -9999.0 -9999.0 -9999.0 -9999.0 -9999.0 -9999.0 -9999.0 -9999.0 -9999.0 -9999.0 -9999.0 -9999.0 -9999.0     2.3     2.6     3.1     3.0     3.2     5.2     6.0     6.8     6.5     7.5     8.9    11.4     8.9     7.3     4.2     3.0     3.0     3.7     5.0     7.7    11.0    14.5    17.4    19.0    19.7    19.6    20.2    20.7    17.6    13.1     9.7     8.4     7.2     7.0     6.5     5.4     3.9     2.9     2.7     3.2 -9999.0 -9999.0 -9999.0 -9999.0
 -9999.0 -9999.0 -9999.0 -9999.0 -9999.0 -9999.0 -9999.0 -9999.0 -9999.0 -9999.0 -9999.0 -9999.0 -9999.0 -9999.0 -9999.0    13.8    13.0    10.0     8.9    17.3    18.4    10.0    18.8    11.8     9.4     7.8     8.3     8.9     9.4    13.3    20.1    28.2    35.7    37.0    36.8    29.7    20.7    18.1    11.3     7.8     8.3     9.5    11.0    13.5 -9999.0 -9999.0 -9999.0 -9999.0 -9999.0 -9999.0 -9999.0 -9999.0 -9999.0 -9999.0 -9999.0 -9999.0 -9999.0 -9999.0 -9999.0 -9999.0 -9999.0 -9999.0 -9999.0 -9999.0 -9999.0 -9999.0 -9999.0 -9999.0 -9999.0 -9999.0 -9999.0 -9999.0 -9999.0 -9999.0 -9999.0 -9999.0 -9999.0 -9999.0 -9999.0     0.5     0.8     1.3     1.9     2.6     3.3     3.5     3.7     4.0     4.6     6.6     7.6     8.7     8.2     8.5     8.8    11.2     8.5     6.5     4.2     3.5     4.1     5.6     7.9    11.3    15.2    18.7    21.1    21.4    20.0    18.1    17.6    19.6    18.5    13.9     9.1     9.1     8.5     7.0     5.7     4.5     3.3     2.5     2.2     2.6 -9999.0 -9999.0 -9999.0 -9999.0
 -9999.0 -9999.0 -9999.0 -9999.0 -9999.0 -9999.0 -9999.0 -9999.0 -9999.0 -9999.0 -9999.0 -9999.0 -9999.0 -9999.0 -9999.0     8.2    10.0     6.8    14.6    20.4    10.3     6.8     6.0     7.0     7.0     7.8     9.2    10.4    11.6    14.5    20.5    27.0    32.4    29.4    27.3    23.8    16.8    13.9     7.8     6.1     5.3     4.2     6.2     9.5    12.2    16.7    17.3 -9999.0 -9999.0 -9999.0 -9999.0 -9999.0 -9999.0 -9999.0 -9999.0 -9999.0 -9999.0 -9999.0 -9999.0 -9999.0 -9999.0 -9999.0 -9999.0 -9999.0 -9999.0 -9999.0 -9999.0 -9999.0 -9999.0 -9999.0 -9999.0 -9999.0 -9999.0 -9999.0 -9999.0 -9999.0 -9999.0 -9999.0     0.6     0.7     1.0     1.9     3.0     3.7     3.9     3.7     3.9     4.9     6.6     8.8    11.3    12.1    11.5     9.5    11.5     8.1     8.1     5.8     5.2     5.3     6.8     9.3    12.7    16.3    19.8    22.7    23.0    20.1    16.4    13.8    13.4    14.9    12.8    10.7     8.8     8.0     7.7     6.9     5.7     4.4     3.2     2.5     2.2 -9999.0 -9999.0 -9999.0 -9999.0 -9999.0
 -9999.0 -9999.0 -9999.0 -9999.0 -9999.0 -9999.0 -9999.0 -9999.0 -9999.0 -9999.0 -9999.0 -9999.0 -9999.0 -9999.0 -9999.0 -9999.0    20.3    24.1    27.0    19.8    14.5    25.3    11.0    21.7    16.5    15.5    15.7    14.4    14.2    15.7    21.3    24.5    24.7    22.3    21.5    20.9    18.1    13.8     9.7     9.3    11.1     9.1     9.7     8.9    10.8    13.2    15.8    17.2 -9999.0 -9999.0 -9999.0 -9999.0 -9999.0 -9999.0 -9999.0 -9999.0 -9999.0 -9999.0 -9999.0 -9999.0 -9999.0 -9999.0 -9999.0 -9999.0 -9999.0 -9999.0 -9999.0 -9999.0 -9999.0 -9999.0 -9999.0 -9999.0 -9999.0 -9999.0 -9999.0 -9999.0 -9999.0 -9999.0     1.1     0.8     1.2     2.4     3.7     4.6     4.9     4.5     5.3     6.4     8.4    10.9    12.4    13.2    13.3    11.0     7.9     7.8     7.6     7.3     7.5     8.7    10.9    14.4    18.4    21.5    23.7    24.9    23.2    18.2    14.1    11.8    11.2    10.9     9.9     9.3     7.8     7.1     7.0     6.8     6.1     4.7 -9999.0 -9999.0 -9999.0 -9999.0 -9999.0 -9999.0 -9999.0 -9999.0
 -9999.0 -9999.0 -9999.0 -9999.0 -9999.0 -9999.0 -9999.0 -9999.0 -9999.0 -9999.0 -9999.0 -9999.0 -9999.0 -9999.0 -9999.0 -9999.0    25.6    28.7    33.0    33.1    26.7    29.1    26.7    18.2     8.5     8.5    13.3    18.1    21.3    28.7    27.6    28.9    25.2    26.9    19.9    20.0    22.3    16.7    12.4    13.2    15.7    12.8    18.0    24.1    13.9    11.3    12.0    14.5 -9999.0 -9999.0 -9999.0 -9999.0 -9999.0 -9999.0 -9999.0 -9999.0 -9999.0 -9999.0 -9999.0 -9999.0 -9999.0 -9999.0 -9999.0 -9999.0 -9999.0 -9999.0 -9999.0 -9999.0 -9999.0 -9999.0 -9999.0 -9999.0 -9999.0 -9999.0 -9999.0 -9999.0 -9999.0     1.9     1.5     1.2     1.5     2.5     4.5     6.5     6.6     6.5     6.7     7.7     9.0    10.5    12.0    12.6    11.8    11.2    10.7    10.0    10.1    10.4    11.6    13.8    16.5    19.9    23.2    25.0    25.4    25.1    22.7    18.8    15.9    14.3    13.0    11.9    10.6     9.2     8.0     7.3     7.2     7.0     6.5 -9999.0 -9999.0 -9999.0 -9999.0 -9999.0 -9999.0 -9999.0 -9999.0 -9999.0
 -9999.0 -9999.0 -9999.0 -9999.0 -9999.0 -9999.0 -9999.0 -9999.0 -9999.0 -9999.0 -9999.0 -9999.0 -9999.0 -9999.0 -9999.0 -9999.0    12.0     8.6     6.6    16.1    22.3    23.7     9.1    12.5    10.0     8.4     3.3     4.6    10.8    14.6    17.3    16.1     8.7     6.2    12.2    16.6    15.2     7.9     5.9     2.6     4.9     8.7    13.6    24.0    23.5    18.4    14.2    13.1    15.8    15.6    14.8 -9999.0 -9999.0 -9999.0 -9999.0 -9999.0 -9999.0 -9999.0 -9999.0 -9999.0 -9999.0 -9999.0 -9999.0 -9999.0 -9999.0 -9999.0 -9999.0 -9999.0 -9999.0 -9999.0 -9999.0 -9999.0 -9999.0 -9999.0 -9999.0 -9999.0     3.9     3.3     2.8     2.1     2.3     3.3     5.0     7.1     8.6     9.3     9.3     8.9     8.9     9.7    11.1    12.5    13.5    13.9    14.0    14.1    13.9    14.7    17.5    21.0    23.9    25.8    26.8    27.1    26.7    25.9    23.8    22.0    21.4    20.8    19.0    16.2    14.0    11.9    10.1     8.9     8.8     8.2     7.3     5.8 -9999.0 -9999.0 -9999.0 -9999.0 -9999.0 -9999.0 -9999.0 -9999.0
 -9999.0 -9999.0 -9999.0 -9999.0 -9999.0 -9999.0 -9999.0 -9999.0 -9999.0 -9999.0 -9999.0 -9999.0 -9999.0 -9999.0 -9999.0    19.3    19.6    13.8     3.2     0.8     0.4     0.2     0.7     3.3     3.3     1.3     1.4     3.1     4.2     5.3     6.8     4.6     0.5     0.2     0.2     0.3     2.3     1.4     0.5     0.6     0.3     1.2     3.9     6.5    11.3    16.2    15.9    14.9    15.1    15.0    15.5    16.1    16.2    15.0    12.9     9.4     5.5     2.5     0.9     0.3     0.1 -9999.0 -9999.0 -9999.0 -9999.0 -9999.0 -9999.0 -9999.0 -9999.0     0.0     0.1     0.2     0.7     1.8     3.3     4.4     5.3     4.4     3.8     3.7     3.6     4.0     5.2     7.2     9.9    12.2    11.9     9.7     8.7     9.7    11.7    14.1    15.7    17.8    19.4    19.9    19.6    20.8    25.0    29.6    32.1    32.3    30.8    30.2    29.8    28.3    26.3    25.5    26.8    27.5    26.2    23.8    21.0    17.5    13.7    11.6    10.4     9.4 -9999.0 -9999.0 -9999.0 -9999.0 -9999.0 -9999.0 -9999.0 -9999.0 -9999.0 -9999.0
 -9999.0 -9999.0 -9999.0 -9999.0 -9999.0 -9999.0 -9999.0 -9999.0 -9999.0 -9999.0 -9999.0 -9999.0 -9999.0 -9999.0    10.8     0.9     0.1     2.3     0.3     0.1     0.5     3.3     2.7     0.4     0.6     0.3     0.3     2.1     2.2     1.5     1.3     1.5     0.6     1.1     0.9     0.8     1.6     2.2     2.6     1.9     1.4     1.9     3.0     4.7     7.7    10.9    12.7    14.9    14.8    15.1    16.2    18.1    19.8    20.5    18.6    14.8     9.6     5.1     2.2     0.9     0.4     0.2     0.2     0.2     0.1     0.1     0.1     0.0     0.0     0.1     0.2     0.5     1.2     2.5     3.9     4.8     5.3     5.5     5.8     6.1     5.2     4.7     5.0     6.7     9.8    13.2    13.2    10.4     9.5    11.3    14.1    16.6    20.3    22.2    24.1    24.8    25.8    27.7    31.3    35.6    37.4    37.6    36.0    34.1    33.4    32.2    29.8    28.5    29.2    30.0    30.5    29.0    25.5    23.3    19.2    15.6    13.0 -9999.0 -9999.0 -9999.0 -9999.0 -9999.0 -9999.0 -9999.0 -9999.0 -9999.0 -9999.0 -9999.0
 -9999.0 -9999.0 -9999.0 -9999.0 -9999.0 -9999.0 -9999.0 -9999.0 -9999.0 -9999.0 -9999.0 -9999.0     5.8     4.1     1.3    12.0     1.1     6.5     5.8     4.2     2.7     1.8     1.7     1.3     1.0     1.3     2.2     3.0     2.5     1.5     0.8     0.6     0.7     0.5     0.3     0.7     1.8     2.4     1.9     2.5     2.9     4.2     6.0     8.0    10.3    13.5    14.6    14.5    15.0    14.9    16.8    20.0    23.4    26.0    25.8    21.9    15.8     9.7     5.2     2.6     1.5     1.1     0.8     0.7     0.5     0.3     0.2     0.2     0.2     0.2     0.5     1.4     2.2     4.0     5.5     5.9     6.0     7.2     9.1     9.2     7.7     6.0     5.5     6.6     9.1    12.0    12.8    12.1    12.8    15.4    19.2    21.9    20.7    21.1    23.6    25.1    27.8    30.4    33.4    36.3    36.8    37.9    37.1    36.2    36.0    33.6    31.0    28.9    28.8    29.6    30.8    29.1    28.9    26.5    20.1 -9999.0 -9999.0 -9999.0 -9999.0 -9999.0 -9999.0 -9999.0 -9999.0 -9999.0 -9999.0 -9999.0 -9999.0 -9999.0
 -9999.0 -9999.0 -9999.0 -9999.0 -9999.0 -9999.0 -9999.0 -9999.0 -9999.0    17.2     4.1     6.4     5.9    17.8    28.9    24.0    17.6    10.7     6.1     3.2     1.6     0.8     0.5     0.4     0.4     0.9     2.0     3.5     4.0     2.6     1.1     0.6     0.5     0.4     0.6     1.5     1.3     1.0     0.9     1.1     2.5     4.3     5.2     7.7    10.4    13.0    13.8    13.8    14.1    15.4    17.4    21.5    26.7    30.9    31.5    29.7    22.8    15.4     9.6     6.2     4.3     3.5     3.1     2.7     1.9     1.5     1.0     0.6     0.8     1.6     1.2     2.0     3.5     5.6     7.5     8.0     8.8    11.8    13.1    14.5    12.9    10.2     9.0     9.0    10.2    12.3    15.5    15.9    18.4    21.8    23.7    23.3    21.6    21.1    21.8    23.2    26.0    28.4    29.0    30.1    31.3    32.0    32.2    33.7    33.6    31.5    28.9    26.3    25.2    27.7    28.9    29.6    29.8 -9999.0 -9999.0 -9999.0 -9999.0 -9999.0 -9999.0 -9999.0 -9999.0 -9999.0 -9999.0 -9999.0 -9999.0 -9999.0 -9999.0 -9999.0
 -9999.0 -9999.0 -9999.0 -9999.0 -9999.0    30.7     9.4    17.6    16.0    11.9    19.6    13.1    10.4    16.8    16.8    15.0    11.9     7.1     3.7     1.7     0.8     0.4     0.3     0.3     0.4     0.9     2.1     3.6     4.2     3.0     1.5     0.6     0.4     0.3     0.4     0.5     0.5     0.6     0.7     1.4     2.5     3.1     5.2     8.7    10.4    11.4    10.3    10.4    11.8    14.3    17.6    21.6    26.2    31.2    34.8    34.6    27.9    20.3    14.3    11.0     9.1     8.5     7.8     7.0     6.5     4.9     3.1     2.7     3.2     2.4     3.2     4.7     6.9    10.2    14.1    13.8    14.4    16.8    15.7    17.0    20.3    20.1    18.6    16.7    16.1    19.6    18.9    21.7    25.9    29.2    29.1    26.3    23.7    22.4    21.4    21.5    23.3    24.3 -9999.0 -9999.0    24.8    24.7    27.4    27.5    25.3    23.6    22.0    22.3    23.1 -9999.0 -9999.0 -9999.0 -9999.0 -9999.0 -9999.0 -9999.0 -9999.0 -9999.0 -9999.0 -9999.0 -9999.0 -9999.0 -9999.0 -9999.0 -9999.0 -9999.0 -9999.0 -9999.0
 -9999.0 -9999.0 -9999.0    17.0    31.2    11.7    17.8    18.6    17.7    36.8    36.8    29.2    17.5    18.7    15.3    10.6     6.8     3.9     2.0     1.0     0.5     0.3     0.3     0.3     0.5     1.1     2.1     3.5     3.5     3.1     2.0     1.2     0.8     0.7     0.7     0.7     0.7     0.7     0.7     0.9     1.5     2.2     3.6     6.1     8.8     9.9     9.6    10.5    11.4    14.4    16.6    19.9    24.6    29.9    34.0    33.1    27.9    22.4    18.0    15.4    13.9    13.2    13.1    12.9    11.2     8.6     8.2     5.2     5.4     6.6     8.3     9.9    13.4    17.8    21.6    24.3    26.0    26.7    27.0    29.2    32.9    36.1    35.2    32.5    29.8    28.5    30.8    34.0    36.8    37.0    34.4    30.0    27.7    25.1    21.3    19.1    19.4 -9999.0 -9999.0 -9999.0    20.2    20.9    17.1    17.3    17.4    17.9    17.6 -9999.0 -9999.0 -9999.0 -9999.0 -9999.0 -9999.0 -9999.0 -9999.0 -9999.0 -9999.0 -9999.0 -9999.0 -9999.0 -9999.0 -9999.0 -9999.0 -9999.0 -9999.0 -9999.0 -9999.0 -9999.0
 -9999.0 -9999.0     8.0    10.6    15.2    28.7    33.7    39.6    46.8    42.5    36.2    29.7    24.1    17.8    11.2     6.5     3.5     2.0     1.1     0.7     0.5     0.4     0.5     0.5     0.7     1.3     1.9     2.6     3.3     3.1     2.8     2.2     1.9     1.6     1.4     1.2     1.1     1.1     1.3     1.5     1.8     2.7     4.2     6.6     9.4    12.4    17.8    19.1    18.1    16.6    15.7    15.7    18.6    22.5    25.1    24.2    22.0    19.8    18.3    17.9    16.8    18.5    17.0    16.8    15.2    13.3    11.0     9.5    11.6    13.5    16.3    17.4    20.8    27.2    34.1    39.5    43.3    43.0    43.0    43.7    46.4    49.6    51.0    50.0    43.8    45.2    47.3    49.9    46.1    40.6    33.2    28.7    26.5    23.7    18.5 -9999.0 -9999.0 -9999.0 -9999.0    16.1    17.1    15.8    14.1    13.5 -9999.0 -9999.0 -9999.0 -9999.0 -9999.0 -9999.0 -9999.0 -9999.0 -9999.0 -9999.0 -9999.0 -9999.0 -9999.0 -9999.0 -9999.0 -9999.0 -9999.0 -9999.0 -9999.0 -9999.0 -9999.0 -9999.0 -9999.0 -9999.0
 -9999.0 -9999.0     0.4     0.3     0.0     4.5    34.8    41.8    40.7    36.8    30.1    24.3    19.5    13.7     7.8     3.7     1.8     1.0     0.7     0.7     0.8     0.9     1.0     1.3     1.4     1.7     2.0     2.5     2.9     3.2     3.5     3.7     3.5     3.1     2.8     2.8     3.0     3.1     2.7     2.3     1.9     2.8     6.8    15.7    10.8    17.6    23.0    20.9    22.7    19.8    16.2    13.4    10.1     8.8    15.2    15.6    14.6    16.6    17.1    19.6    21.0    20.8    21.7    20.5    19.1    17.5    16.2    17.9    22.2    21.9    23.4    24.3    28.5    35.7    45.1    53.5    56.9    57.8    54.6    53.8    52.5    53.8    60.2    61.6    58.0    57.3    52.7    47.5    45.5    38.6    30.2    24.7    21.1    18.0 -9999.0 -9999.0 -9999.0 -9999.0 -9999.0    12.4 -9999.0 -9999.0 -9999.0 -9999.0 -9999.0 -9999.0 -9999.0 -9999.0 -9999.0 -9999.0 -9999.0 -9999.0 -9999.0 -9999.0 -9999.0 -9999.0 -9999.0 -9999.0 -9999.0 -9999.0 -9999.0 -9999.0 -9999.0 -9999.0 -9999.0 -9999.0 -9999.0 -9999.0
 -9999.0 -9999.0     0.3     0.0     0.0     0.7     5.9     6.9    33.5    33.4    28.1    22.4    17.3    11.1     5.2     2.0     0.8     0.5     0.6     0.9     1.4     1.9     2.3     2.6     2.5     2.2     2.1     2.3     2.9     3.7     4.4     4.8     2.4     2.0     2.8     3.2     3.8     3.7     3.6     3.0     1.7     1.8     2.2     5.1     7.4    12.5    18.4    22.7    22.5    21.2    20.7    15.3    12.0    10.6     8.6     9.1    11.5    12.8    17.2    19.6    19.8    22.3    23.4    22.7    21.7    21.2    21.5    27.0    26.8    29.2    31.3    32.6    37.3    45.5    56.3    65.5    67.6    64.7    63.4    62.0    60.5    54.2    59.7    65.0    57.1    45.9    39.8    40.1    41.0    35.9    28.0 -9999.0 -9999.0 -9999.0 -9999.0 -9999.0 -9999.0 -9999.0 -9999.0 -9999.0 -9999.0 -9999.0 -9999.0 -9999.0 -9999.0 -9999.0 -9999.0 -9999.0 -9999.0 -9999.0 -9999.0 -9999.0 -9999.0 -9999.0 -9999.0 -9999.0 -9999.0 -9999.0 -9999.0 -9999.0 -9999.0 -9999.0 -9999.0 -9999.0 -9999.0 -9999.0 -9999.0 -9999.0
 -9999.0 -9999.0 -9999.0     0.0     0.2     0.0     0.1     0.4     4.7    26.8    30.4    25.5    18.7    10.4     4.1     1.1     0.4     0.4     0.8     1.6     2.8     3.8     4.6     4.9     4.3     3.3     2.7     2.6     2.9     3.0     2.0     0.4     1.4     0.6     1.1     2.9     3.8     3.5     3.0     2.0     1.4     1.2     1.6     2.6     4.8    11.2    19.9    23.5    26.1    24.7    22.0    19.0    16.3    14.7    11.0     8.7     7.9    11.2    16.7    19.4    21.9    24.0    25.6    23.6    21.5    20.5    22.1    27.4    27.3    34.2    41.0    43.5    50.6    57.7    66.3    70.1    67.1    60.0    57.9    52.2    52.4    50.6    55.1    57.7    52.2    46.4    40.9    39.1    39.1    33.3    25.1    17.2 -9999.0 -9999.0 -9999.0 -9999.0 -9999.0 -9999.0 -9999.0 -9999.0 -9999.0 -9999.0 -9999.0 -9999.0 -9999.0 -9999.0 -9999.0 -9999.0 -9999.0 -9999.0 -9999.0 -9999.0 -9999.0 -9999.0 -9999.0 -9999.0 -9999.0 -9999.0 -9999.0 -9999.0 -9999.0 -9999.0 -9999.0 -9999.0 -9999.0 -9999.0 -9999.0 -9999.0
 -9999.0 -9999.0 -9999.0 -9999.0 -9999.0     0.2     4.2     5.3     0.3    20.4    31.6    28.6    21.5    11.0     3.5     0.7     0.3     0.5     1.5     3.2     4.5     6.1     7.4     7.4     6.3     4.5     2.8     1.9     0.3     0.1     0.3     0.2     0.3     1.0     0.8     2.5     2.9     3.2     2.8     1.9     1.3     1.1     1.1     1.7     3.0     5.9    10.5    20.2    20.7    25.3    22.5    24.7    21.1    17.5    14.8    11.1     8.7     8.2    12.1    16.4    21.1    27.5    28.0    22.9    20.1    17.9    18.7    19.6    23.2    34.3    48.6    55.6    61.6    67.5    69.0    64.4    56.1    47.5    40.3    41.9    43.3    44.5    46.4    51.8    54.3    54.3    53.7    46.9    39.2    29.3    20.6    14.3    10.7     9.3 -9999.0 -9999.0 -9999.0    16.0 -9999.0 -9999.0 -9999.0 -9999.0 -9999.0 -9999.0 -9999.0 -9999.0 -9999.0 -9999.0 -9999.0 -9999.0 -9999.0 -9999.0 -9999.0 -9999.0 -9999.0 -9999.0 -9999.0 -9999.0 -9999.0 -9999.0 -9999.0 -9999.0 -9999.0 -9999.0 -9999.0 -9999.0 -9999.0 -9999.0
 -9999.0 -9999.0 -9999.0 -9999.0     0.0     0.0     0.0     0.1     0.2    17.2    10.6    13.7    13.9    10.6     3.7     0.8     0.5     1.1     3.2     6.0     8.2     9.5    10.0     7.9     4.9     1.8     0.6     0.0     0.0     0.0     0.0     0.1     0.3     0.5     1.6     2.1     2.5     2.7     3.2     2.7     1.5     1.0     1.0     1.0     1.3     1.8     3.1     6.3     9.7     8.6    10.9    19.0    22.5    23.3    15.2    11.9     9.8    10.5    12.8    11.0    11.9    15.8    21.3    22.5    14.9    17.9    20.2    14.9    30.0    40.7    55.8    68.2    69.2    65.3    58.6    50.4    42.0    34.5    31.8    31.7    38.3    42.8    44.6    47.4    53.5    55.0    57.1    48.7    35.7    24.1    17.1    14.0    12.7    12.7 -9999.0 -9999.0    14.0    16.6    18.2    25.8    26.8 -9999.0 -9999.0 -9999.0 -9999.0 -9999.0 -9999.0 -9999.0 -9999.0 -9999.0 -9999.0 -9999.0 -9999.0 -9999.0 -9999.0 -9999.0 -9999.0 -9999.0 -9999.0 -9999.0 -9999.0 -9999.0 -9999.0 -9999.0 -9999.0 -9999.0 -9999.0 -9999.0
 -9999.0 -9999.0 -9999.0 -9999.0     0.0     0.0     0.0     0.1     0.0     0.0     2.9     0.0     0.1     0.1     2.0     0.7     0.4     1.7     5.6     9.8     9.1     8.3     6.0     0.4     0.0     0.0     0.0     0.0     0.0     0.0     0.1     0.1     0.2     0.5     0.8     1.4     1.6     2.1     2.3     1.9     3.2     1.2     1.0     0.6     0.5     0.5     0.6     0.8     1.4     3.3     5.5     9.3    23.5    19.5    16.3    15.7    14.3    14.3    15.2    17.8    16.6    21.7    21.8    21.3    15.9    13.0    20.3    18.3    25.2    52.5    57.0    63.2    56.7    48.2    41.7    38.0    35.5    26.5    26.1    37.1    44.0    53.3    53.6    54.2    49.6    48.3    48.7    43.2    32.4    22.2    17.6    19.8    19.1    20.4    20.4    17.5    16.4    18.5    23.3 -9999.0 -9999.0 -9999.0 -9999.0 -9999.0 -9999.0 -9999.0 -9999.0 -9999.0 -9999.0 -9999.0 -9999.0 -9999.0 -9999.0 -9999.0 -9999.0 -9999.0 -9999.0 -9999.0 -9999.0 -9999.0 -9999.0 -9999.0 -9999.0 -9999.0 -9999.0 -9999.0 -9999.0 -9999.0
 -9999.0 -9999.0 -9999.0 -9999.0 -9999.0 -9999.0 -9999.0     0.0     0.0     0.0     0.0     0.0     0.0     0.0     0.0     1.7     0.2     1.5     3.4     1.5     0.0     0.0     0.0     0.0     0.0     0.0     0.0     0.0     0.0     0.0     0.0     0.1     0.2     0.2     0.4     0.8     1.0     1.4     2.2     3.3     2.2     6.8     7.5     4.8     1.8     0.3     0.9     0.8     2.5     1.8     2.6     6.1    14.9    30.5    27.4    19.1    17.0    16.0    18.7    16.2    17.6    15.0    15.6    20.0    24.5    18.4    20.6    25.7    29.0    42.9    47.5    48.3    46.0    39.2    34.7    33.6    36.5    31.3    33.2    63.3    62.9    68.0    68.1    61.5    53.0    51.3    50.0    45.4    36.3    28.3    24.8    26.4    28.2    28.2    27.3    25.2    22.9 -9999.0 -9999.0 -9999.0 -9999.0 -9999.0 -9999.0 -9999.0 -9999.0 -9999.0 -9999.0 -9999.0 -9999.0 -9999.0 -9999.0 -9999.0 -9999.0 -9999.0 -9999.0 -9999.0 -9999.0 -9999.0 -9999.0 -9999.0 -9999.0 -9999.0 -9999.0 -9999.0 -9999.0 -9999.0 -9999.0 -9999.0
 -9999.0 -9999.0 -9999.0 -9999.0 -9999.0 -9999.0 -9999.0     0.0     0.1     0.0     0.0     0.0     0.0     0.0     0.0     0.0     0.0     0.0     0.0     0.0     0.0     0.0     0.0     0.0     0.0     0.0     0.0     0.0     0.0     0.0     0.0     0.1     0.1     0.2     0.4     0.5     0.7     1.0     1.4     1.8     2.8     4.1     5.9    10.7     4.7     1.4     2.6     3.6    11.3    10.7    24.8    25.8    18.2    24.5    28.5    22.0    21.2    21.8    22.4    21.9    20.9    22.8    22.9    33.7    31.2    24.5    20.6    21.6    32.3    32.4    38.8    40.5    37.8    34.7    35.4    34.4    33.8    42.9    69.6    75.4    70.9    77.5    82.1    68.6    65.7    66.8    63.3    56.6    47.1    36.9    33.1    33.1    30.4    27.5    30.5    32.0 -9999.0 -9999.0 -9999.0 -9999.0 -9999.0 -9999.0 -9999.0 -9999.0 -9999.0 -9999.0 -9999.0 -9999.0 -9999.0 -9999.0 -9999.0 -9999.0 -9999.0 -9999.0 -9999.0 -9999.0 -9999.0 -9999.0 -9999.0 -9999.0 -9999.0 -9999.0 -9999.0 -9999.0 -9999.0 -9999.0 -9999.0 -9999.0
 -9999.0 -9999.0 -9999.0 -9999.0 -9999.0 -9999.0 -9999.0 -9999.0 -9999.0     0.0     0.0     0.0     0.0     0.0     0.0     0.0     0.0     0.0     0.0     0.0     0.0     0.0     0.0     0.0     0.0     0.0     0.0     0.0     0.0     0.0     0.1     0.1     0.2     0.2     0.4     0.5     0.5     0.6     0.7     1.1     1.5     3.0     4.1     4.3     6.4     6.4     6.9     7.4    10.1    13.4    20.3    21.2    21.4    21.2    25.6    18.7    17.4    19.7    23.5    24.7    24.6    25.2    28.0    36.2    34.0    24.9    19.9    20.3    26.5    28.4    33.4    34.9    33.9    33.0    33.4    40.1    42.1    46.8    57.8    67.3    72.0    78.5    60.0    64.5    72.0    74.9    68.4    62.1    53.9    41.8    35.3    32.1    27.2    26.4    32.8 -9999.0 -9999.0 -9999.0 -9999.0 -9999.0 -9999.0 -9999.0 -9999.0 -9999.0 -9999.0 -9999.0 -9999.0 -9999.0 -9999.0 -9999.0 -9999.0 -9999.0 -9999.0 -9999.0 -9999.0 -9999.0 -9999.0 -9999.0 -9999.0 -9999.0 -9999.0 -9999.0 -9999.0 -9999.0 -9999.0 -9999.0 -9999.0 -9999.0
 -9999.0 -9999.0 -9999.0 -9999.0 -9999.0 -9999.0 -9999.0 -9999.0 -9999.0 -9999.0 -9999.0     0.0     0.2     0.0     0.0     0.0     0.0     0.0     0.0     0.0     0.0     0.0     0.0     0.0     0.0     0.0     0.0     0.0     0.0     0.0     0.0     0.0     0.2     0.2     0.3     0.3     0.5     0.5     0.9     0.7     1.4     1.9     2.9     4.0     8.9     6.6    12.4     9.8    13.4    15.1    14.5    17.6    19.6    21.9    22.7    16.4    12.9    16.4    20.9    23.6    23.3    21.9    22.7    25.2    23.6    22.3    21.4    21.6    22.1    24.7    28.3    32.5    33.7    32.8    34.6    35.2    35.3    34.3    39.5    47.8    54.1    59.5    66.2    63.5    62.1    57.4    55.0    53.7    50.5    43.4    34.4    28.0    28.7    34.9    43.2 -9999.0 -9999.0 -9999.0 -9999.0 -9999.0 -9999.0 -9999.0 -9999.0 -9999.0 -9999.0 -9999.0 -9999.0 -9999.0 -9999.0 -9999.0 -9999.0 -9999.0 -9999.0 -9999.0 -9999.0 -9999.0 -9999.0 -9999.0 -9999.0 -9999.0 -9999.0 -9999.0 -9999.0 -9999.0 -9999.0 -9999.0 -9999.0 -9999.0
 -9999.0 -9999.0 -9999.0 -9999.0 -9999.0 -9999.0 -9999.0 -9999.0 -9999.0 -9999.0 -9999.0 -9999.0     0.2     0.2     0.0     0.0     0.0     0.0     0.0     0.0     0.0     0.0     0.0     0.0     0.0     0.0     0.0     0.0     0.0     0.0     0.0     0.1     0.2     0.2     0.3     0.4     0.5     0.5     0.5     0.4     0.5     1.2     2.9     6.2     8.6    11.2    14.0    10.6    12.9    15.1    20.9    21.0    17.9    15.0    14.7    13.2    12.1    15.2    17.2    21.2    19.8    17.4    15.8    16.1    17.2    20.2    22.0    24.1    24.5    25.3    26.4    32.0    31.2    28.7    28.7    28.9    24.4    26.9    31.4    49.6    49.1    64.4    70.3    62.0    54.5    46.4    42.9    43.9    46.9    46.0    39.0    32.3    37.2    46.4    51.9    56.8    59.8 -9999.0 -9999.0 -9999.0 -9999.0 -9999.0 -9999.0 -9999.0 -9999.0 -9999.0 -9999.0 -9999.0 -9999.0 -9999.0 -9999.0 -9999.0 -9999.0 -9999.0 -9999.0 -9999.0 -9999.0 -9999.0 -9999.0 -9999.0 -9999.0 -9999.0 -9999.0 -9999.0 -9999.0 -9999.0 -9999.0 -9999.0
 -9999.0 -9999.0 -9999.0 -9999.0 -9999.0 -9999.0 -9999.0 -9999.0 -9999.0 -9999.0 -9999.0 -9999.0     0.0     1.1     2.1     0.0     0.6     0.1     0.0     0.0     0.0     0.0     0.0     0.0     0.0     0.0     0.0     0.0     0.0     0.1     0.0     0.0     0.1     0.2     0.3     0.6     0.7     1.0     0.9     0.8     0.9     1.8     5.4     7.5    13.1    18.2    16.5    15.4    12.3    16.2    15.7    16.8    12.8    13.3     8.6    10.0     9.0    12.7    16.4    18.8    16.2    12.3    13.2    17.0    15.3    19.9    21.1    27.6    29.1    29.3    34.8    43.3    44.6    36.5    30.8    24.0    21.9    28.8    36.6    46.3    69.3    55.5    63.2    65.2    64.2    56.0    47.9    46.2    51.3    54.3    49.2    47.4    55.4    60.7    60.8    64.0    65.7 -9999.0 -9999.0 -9999.0 -9999.0 -9999.0 -9999.0 -9999.0 -9999.0 -9999.0 -9999.0 -9999.0 -9999.0 -9999.0 -9999.0 -9999.0 -9999.0 -9999.0 -9999.0 -9999.0 -9999.0 -9999.0 -9999.0 -9999.0 -9999.0 -9999.0 -9999.0 -9999.0 -9999.0 -9999.0 -9999.0 -9999.0
 -9999.0 -9999.0 -9999.0 -9999.0 -9999.0 -9999.0 -9999.0 -9999.0 -9999.0 -9999.0 -9999.0 -9999.0 -9999.0     0.2     0.0     2.4     0.1     0.4     0.4     0.2     0.0     0.1     0.0     0.1     0.0     0.0     0.0     0.0     0.0     0.0     0.1     0.1     0.1     0.2     0.6     0.9     1.2     1.5     2.7     2.3     2.7     4.8     7.9    14.3    17.8    20.5    24.0    24.7    23.0    19.7    16.6    11.7     9.4    16.1    11.6     9.4     9.1    13.4    19.4    21.3    19.6    14.4    15.8    15.5    16.1    20.8    28.3    35.4    39.2    39.0    37.2    39.0    43.3    40.4    35.6    26.9    24.5    29.8    41.2    48.5    58.4    55.1    64.7    78.5    88.4    78.2    64.4    59.7    66.8    70.3    65.3    64.0    71.6    76.3    77.7    76.1    71.9 -9999.0 -9999.0 -9999.0 -9999.0 -9999.0 -9999.0 -9999.0 -9999.0 -9999.0 -9999.0 -9999.0 -9999.0 -9999.0 -9999.0 -9999.0 -9999.0 -9999.0 -9999.0 -9999.0 -9999.0 -9999.0 -9999.0 -9999.0 -9999.0 -9999.0 -9999.0 -9999.0 -9999.0 -9999.0 -9999.0 -9999.0
 -9999.0 -9999.0 -9999.0 -9999.0 -9999.0 -9999.0 -9999.0 -9999.0 -9999.0 -9999.0 -9999.0 -9999.0     0.2     0.0     0.0     1.0     0.0     0.1     0.1     1.1     0.6     0.3     0.1     0.1     0.1     0.0     0.0     0.0     0.0     0.0     0.0     0.2     0.1     0.4     0.7     1.3     1.8     2.4     2.8     3.3     6.1    10.4    15.9    16.7    22.9    26.8    26.6    23.0    20.8    17.3    16.7    16.4     9.1    10.3     7.5     7.6    11.4    12.6    19.5    22.6    22.6    23.5    22.6    29.5    27.7    26.8    27.4    36.3    47.4    52.6    54.0    51.2    44.5    43.2    38.5    29.7    30.0    36.7    45.9    52.6    52.6    56.3    71.0    90.7   101.2    92.7    82.1    77.8    82.8    84.0    78.6    73.3    78.2    81.5    85.4    81.7    73.8    67.0 -9999.0 -9999.0 -9999.0 -9999.0 -9999.0 -9999.0 -9999.0 -9999.0 -9999.0 -9999.0 -9999.0 -9999.0 -9999.0 -9999.0 -9999.0 -9999.0 -9999.0 -9999.0 -9999.0 -9999.0 -9999.0 -9999.0 -9999.0 -9999.0 -9999.0 -9999.0 -9999.0 -9999.0 -9999.0 -9999.0
 -9999.0 -9999.0 -9999.0 -9999.0 -9999.0 -9999.0 -9999.0 -9999.0 -9999.0 -9999.0 -9999.0 -9999.0     0.0     5.6     2.3     0.0     0.0     1.5     1.2     0.1     1.0     0.1     0.1     0.1     0.1     0.1     0.1     0.0     0.0     0.1     0.2     0.2     0.2     0.8     1.2     1.6     2.5     3.4     4.1     4.2     5.9     9.0    14.0    20.0    24.4    26.7    28.0    23.9    19.0    10.4     8.0    10.2     5.9     4.7     5.1     5.0     9.0    14.3    19.1    26.5    31.4    36.1    25.8    24.3    26.6    28.8    33.3    40.0    47.3    54.5    56.4    51.9    45.5    42.3    38.2    28.1    28.1    32.2    40.6    46.9    50.2    57.9    78.8    98.4    98.7    92.9    89.9    92.6    95.2    92.0    82.4    77.7    80.3    77.4    76.0    72.6    69.8    67.9    66.0 -9999.0 -9999.0 -9999.0 -9999.0 -9999.0 -9999.0 -9999.0 -9999.0 -9999.0 -9999.0 -9999.0 -9999.0 -9999.0 -9999.0 -9999.0 -9999.0 -9999.0 -9999.0 -9999.0 -9999.0 -9999.0 -9999.0 -9999.0 -9999.0 -9999.0 -9999.0 -9999.0 -9999.0 -9999.0
 -9999.0 -9999.0 -9999.0 -9999.0 -9999.0 -9999.0 -9999.0 -9999.0 -9999.0 -9999.0 -9999.0 -9999.0    12.4     0.4     7.7     3.4     3.1     0.0     0.3     0.2     0.0     0.0     0.1     0.0     0.0     0.0     0.0     0.0     0.0     0.1     0.1     0.1     0.5     1.3     1.7     2.0     2.8     4.0     4.9     6.5     8.1    11.3    19.7    18.6    23.0    25.7    23.9    15.8     8.1     5.9     5.3     3.2    14.8    16.2     9.4     3.5     7.5    13.3    20.3    22.6    28.3    33.2    52.8    26.8    20.8    36.1    35.9    38.9    44.6    49.3    51.4    49.7    41.6    40.0    58.9    36.8    49.0    30.1    38.0    43.6    49.6    63.8    82.9   101.1   105.0    96.7    98.5   144.4   101.3    95.4    85.1    81.7    80.8    76.8    68.4    64.7    69.7    74.6    74.7    70.4 -9999.0 -9999.0 -9999.0 -9999.0 -9999.0 -9999.0 -9999.0 -9999.0 -9999.0 -9999.0 -9999.0 -9999.0 -9999.0 -9999.0 -9999.0 -9999.0 -9999.0 -9999.0 -9999.0 -9999.0 -9999.0 -9999.0 -9999.0 -9999.0 -9999.0 -9999.0 -9999.0 -9999.0
 -9999.0 -9999.0 -9999.0 -9999.0 -9999.0 -9999.0 -9999.0 -9999.0 -9999.0 -9999.0 -9999.0 -9999.0 -9999.0     0.0     0.0     3.9     1.7     2.5     0.1     0.0     0.0     0.0     0.0     0.0     0.1     0.0     0.0     0.0     0.0     0.1     0.0     0.1     0.2     1.1     1.5     1.7     3.0     4.8     6.7     8.4    11.3    19.7    25.7    25.7    18.8    15.5    14.9     4.3     7.5     4.9     1.7     7.5     6.6     3.8    11.4    11.5     3.9     7.3    17.8    36.1    40.4    69.6    54.1    21.0    25.9    24.0    27.1    31.3    35.6    41.9    44.4    38.6    34.3    23.0    28.6    27.6    31.2    35.6    44.6    46.0    55.1    69.7    86.2    97.4    99.9    93.4    97.9   163.5   161.3   112.3    89.2    91.8    94.8    89.1    76.0    74.2    76.3    82.4    81.6 -9999.0 -9999.0 -9999.0 -9999.0 -9999.0 -9999.0 -9999.0 -9999.0 -9999.0 -9999.0 -9999.0 -9999.0 -9999.0 -9999.0 -9999.0 -9999.0 -9999.0 -9999.0 -9999.0 -9999.0 -9999.0 -9999.0 -9999.0 -9999.0 -9999.0 -9999.0 -9999.0 -9999.0 -9999.0
 -9999.0 -9999.0 -9999.0 -9999.0 -9999.0 -9999.0 -9999.0 -9999.0 -9999.0 -9999.0 -9999.0 -9999.0 -9999.0    26.8     0.2     5.0     0.1     4.0     2.0     0.4     0.0     0.0     0.0     0.0     0.3     0.1     0.0     0.1     0.0     0.0     0.0     0.0     0.3     0.7     1.0     2.0     3.7     5.9     9.3    15.4    17.2    22.2    25.6    25.0    28.6    14.8     9.6     2.2     2.2     2.0     4.8     1.8     8.0    15.1    19.1    12.8     4.8     7.7    20.8    17.3    46.3    31.6    29.0    33.7    23.5    18.7    21.3    25.8    30.6    35.0    36.5    32.9    26.9    27.4    33.3    45.9    61.3    53.4    53.2    58.8    66.8    75.2    86.1    94.4    95.1    90.1    92.8   110.0   135.5   109.6   104.8   105.9   112.3   111.7    95.8    80.1    75.8    77.6    76.4 -9999.0 -9999.0 -9999.0 -9999.0 -9999.0 -9999.0 -9999.0 -9999.0 -9999.0 -9999.0 -9999.0 -9999.0 -9999.0 -9999.0 -9999.0 -9999.0 -9999.0 -9999.0 -9999.0 -9999.0 -9999.0 -9999.0 -9999.0 -9999.0 -9999.0 -9999.0 -9999.0 -9999.0 -9999.0
 -9999.0 -9999.0 -9999.0 -9999.0 -9999.0 -9999.0 -9999.0 -9999.0 -9999.0 -9999.0 -9999.0 -9999.0 -9999.0 -9999.0 -9999.0     5.8     7.6     2.1     3.5     4.9     0.1     0.5     0.5     0.2     0.0     0.0     0.0     0.0     0.0     0.0     0.0     0.0     0.0     0.2     1.2     2.1     4.6     6.2    10.6    15.9    22.9    27.5    27.7    23.2    12.0     6.7     6.7     2.0     3.0     2.6     3.0    14.9     9.8    14.1     3.2    10.7     9.9     3.2    29.1    47.6    28.5    28.7    45.2    36.1    26.8    22.7    23.1    26.1    31.9    35.7    36.2    35.5    42.3    45.7    54.4    77.1    88.5    92.6    88.6    85.9    89.8    95.5   102.4   101.5    95.7    91.2    92.0   105.3   113.7   121.5   126.0   132.2   122.2   119.6   102.0    75.5    65.0 -9999.0    63.5 -9999.0 -9999.0 -9999.0 -9999.0 -9999.0 -9999.0 -9999.0 -9999.0 -9999.0 -9999.0 -9999.0 -9999.0 -9999.0 -9999.0 -9999.0 -9999.0 -9999.0 -9999.0 -9999.0 -9999.0 -9999.0 -9999.0 -9999.0 -9999.0 -9999.0 -9999.0 -9999.0 -9999.0 -9999.0
 -9999.0 -9999.0 -9999.0 -9999.0 -9999.0 -9999.0 -9999.0 -9999.0 -9999.0 -9999.0 -9999.0 -9999.0 -9999.0 -9999.0 -9999.0 -9999.0 -9999.0   137.8    50.9 -9999.0    24.4     1.3     6.8     4.9     0.2     0.2     0.0     0.0     0.0     0.0     0.0     0.1     0.0     1.2     2.9     2.7     5.5     3.9    10.5    16.4    22.1    28.7    25.3    18.8    11.1     7.8    30.7    10.2     4.7     5.8     7.1     6.5     5.0    21.4    22.3    18.9     6.6    25.1    34.1    53.5    19.7    31.1    40.9    35.5    27.6    25.2    26.5    30.4    37.0    39.7    41.7    50.9    59.0    66.2    85.1   106.8   126.1   129.8   126.6   113.6   114.1   128.3   137.8   127.0   113.2   106.1   106.2   106.9   113.8   128.7   146.7   143.9   114.6    97.4    88.9    79.8    58.7    57.5    60.4    55.2    44.4 -9999.0 -9999.0 -9999.0 -9999.0 -9999.0 -9999.0 -9999.0 -9999.0 -9999.0 -9999.0 -9999.0 -9999.0 -9999.0 -9999.0 -9999.0 -9999.0 -9999.0 -9999.0 -9999.0 -9999.0 -9999.0 -9999.0 -9999.0 -9999.0 -9999.0 -9999.0 -9999.0
 -9999.0 -9999.0 -9999.0 -9999.0 -9999.0 -9999.0 -9999.0 -9999.0 -9999.0 -9999.0 -9999.0 -9999.0 -9999.0 -9999.0 -9999.0 -9999.0 -9999.0 -9999.0 -9999.0 -9999.0 -9999.0    17.8     6.6     0.2     1.9     9.4     4.4     1.3     0.1     0.2     0.0     1.3     1.3     1.9     3.4     3.0     3.7     4.3     4.9     4.9     7.3    26.3    26.4    19.8    11.4    10.2    60.5    11.6    17.5    64.4    12.6    34.7    38.5    14.7    20.3    28.6    27.3    19.4    62.2    57.6    20.8    25.4    32.0    28.1    22.2    20.9    26.7    34.3    41.2    43.7    47.2    58.9    69.0    78.8    93.1   116.7   136.3   143.8   140.7   121.3   116.9   140.3   161.3   155.8   143.8   128.6   128.7   121.2   112.5   125.4   145.9   138.0   122.9   107.0    79.1    71.5    65.0    60.4    58.1    46.3 -9999.0 -9999.0 -9999.0 -9999.0 -9999.0 -9999.0 -9999.0 -9999.0 -9999.0 -9999.0 -9999.0 -9999.0 -9999.0 -9999.0 -9999.0 -9999.0 -9999.0 -9999.0 -9999.0 -9999.0 -9999.0 -9999.0 -9999.0 -9999.0 -9999.0 -9999.0 -9999.0 -9999.0
 -9999.0 -9999.0 -9999.0 -9999.0 -9999.0 -9999.0 -9999.0 -9999.0 -9999.0 -9999.0 -9999.0 -9999.0 -9999.0 -9999.0 -9999.0 -9999.0 -9999.0 -9999.0 -9999.0 -9999.0 -9999.0 -9999.0 -9999.0    87.2    20.7    19.3    13.2     4.8     0.2     0.5     0.1     0.2     0.2     1.5     3.0     4.9     7.7     5.9    13.1    19.1    20.2    26.6    16.1     9.6    13.7    83.2    27.8    25.2    34.7    34.6    20.4    39.2    21.6    30.8    15.7     1.4    23.4    45.7    24.7    64.9    33.9    34.6    27.5    18.7    16.0    17.8    28.6    39.5    49.3    50.4    59.1    64.6    72.7    83.1    83.2    95.6   121.7   136.8   131.0   109.0   100.1   120.4   143.4   153.4   148.3   141.6   132.9   122.4   109.5   122.3   137.4   129.9   102.2    92.5    82.2    77.0    69.7    61.7    48.9 -9999.0 -9999.0 -9999.0 -9999.0 -9999.0 -9999.0 -9999.0 -9999.0 -9999.0 -9999.0 -9999.0 -9999.0 -9999.0 -9999.0 -9999.0 -9999.0 -9999.0 -9999.0 -9999.0 -9999.0 -9999.0 -9999.0 -9999.0 -9999.0 -9999.0 -9999.0 -9999.0 -9999.0 -9999.0
 -9999.0 -9999.0 -9999.0 -9999.0 -9999.0 -9999.0 -9999.0 -9999.0 -9999.0 -9999.0 -9999.0 -9999.0 -9999.0 -9999.0 -9999.0 -9999.0 -9999.0 -9999.0 -9999.0 -9999.0 -9999.0 -9999.0 -9999.0 -9999.0 -9999.0   173.6    62.2     0.4     0.4     0.1     0.3     2.8     4.9     4.9     7.6     9.1    15.4    10.3    19.0    14.8    26.6    15.8    10.1    12.4    56.1   106.3    77.3   158.4    31.8    43.6    49.8    48.6    64.0    58.7    16.2     9.5    25.3    23.6    57.1    66.3    64.3    47.8    82.6    18.1    15.8    21.6    34.3    49.7    64.0    69.7    66.2    68.5    70.9    83.9    88.9    88.4   106.9   125.7   124.2   105.0    94.3   103.7   116.1   133.6   143.2   126.9   114.4    97.1   103.9   122.1   123.7   104.7    94.1    84.8    81.5    72.3    70.3    56.3 -9999.0 -9999.0 -9999.0 -9999.0 -9999.0 -9999.0 -9999.0 -9999.0 -9999.0 -9999.0 -9999.0 -9999.0 -9999.0 -9999.0 -9999.0 -9999.0 -9999.0 -9999.0 -9999.0 -9999.0 -9999.0 -9999.0 -9999.0 -9999.0 -9999.0 -9999.0 -9999.0 -9999.0 -9999.0 -9999.0
 -9999.0 -9999.0 -9999.0 -9999.0 -9999.0 -9999.0 -9999.0 -9999.0 -9999.0 -9999.0 -9999.0 -9999.0 -9999.0 -9999.0 -9999.0 -9999.0 -9999.0 -9999.0 -9999.0 -9999.0 -9999.0 -9999.0 -9999.0 -9999.0 -9999.0 -9999.0 -9999.0   201.7   169.9    46.2    29.5    23.8     5.9    23.4    14.6    22.9    12.6    11.0     6.3    11.6    19.7     8.3    19.4    60.9    86.2   126.6   169.5   195.6   212.9   106.8   174.3   160.4    67.6    54.9    36.8    33.8    15.1    18.4    51.8    49.4    38.1    56.6    24.3    18.0    19.3    21.2    38.4    56.9    70.2    74.2    73.2    78.9    78.9    89.8    94.1   102.0   112.7   119.0   117.8   108.3   109.3   110.5   116.7   140.6   139.5   128.6   121.2   133.6   124.2   135.1   137.3   108.3    88.6    77.7    62.8    59.5    60.0 -9999.0 -9999.0 -9999.0 -9999.0 -9999.0 -9999.0 -9999.0 -9999.0 -9999.0 -9999.0 -9999.0 -9999.0 -9999.0 -9999.0 -9999.0 -9999.0 -9999.0 -9999.0 -9999.0 -9999.0 -9999.0 -9999.0 -9999.0 -9999.0 -9999.0 -9999.0 -9999.0 -9999.0 -9999.0 -9999.0 -9999.0
 -9999.0 -9999.0 -9999.0 -9999.0 -9999.0 -9999.0 -9999.0 -9999.0 -9999.0 -9999.0 -9999.0 -9999.0 -9999.0 -9999.0 -9999.0 -9999.0 -9999.0 -9999.0 -9999.0 -9999.0 -9999.0 -9999.0 -9999.0 -9999.0 -9999.0 -9999.0 -9999.0 -9999.0 -9999.0 -9999.0 -9999.0 -9999.0 -9999.0    61.2    28.5 -9999.0 -9999.0 -9999.0    18.9    12.4    14.0    23.6    23.9    85.4   126.1   151.4 -9999.0 -9999.0 -9999.0 -9999.0 -9999.0 -9999.0   120.8    79.4    57.7    29.5    18.5    17.6    29.0    35.9    47.3    58.5    36.6    27.3    23.0    27.4    42.2    61.1    72.2    76.0    78.7    86.5    93.7    98.8   106.1   117.3   111.7   124.3   121.6   120.7   129.1   139.2   154.7   169.2   168.5   147.6   144.4   151.0   161.4   148.0   136.4   106.1    80.4    70.6    55.9    55.9    49.9 -9999.0 -9999.0 -9999.0 -9999.0 -9999.0 -9999.0 -9999.0 -9999.0 -9999.0 -9999.0 -9999.0 -9999.0 -9999.0 -9999.0 -9999.0 -9999.0 -9999.0 -9999.0 -9999.0 -9999.0 -9999.0 -9999.0 -9999.0 -9999.0 -9999.0 -9999.0 -9999.0 -9999.0 -9999.0 -9999.0 -9999.0
 -9999.0 -9999.0 -9999.0 -9999.0 -9999.0 -9999.0 -9999.0 -9999.0 -9999.0 -9999.0 -9999.0 -9999.0 -9999.0 -9999.0 -9999.0 -9999.0 -9999.0 -9999.0 -9999.0 -9999.0 -9999.0 -9999.0 -9999.0 -9999.0 -9999.0 -9999.0 -9999.0 -9999.0 -9999.0 -9999.0 -9999.0 -9999.0 -9999.0 -9999.0 -9999.0 -9999.0 -9999.0 -9999.0 -9999.0    71.6    72.0    80.5    94.0   110.9 -9999.0 -9999.0 -9999.0 -9999.0 -9999.0 -9999.0 -9999.0 -9999.0   133.9    92.3    57.8    32.5    18.4    16.0    19.5    28.1    40.3    55.8    56.3    43.0    40.3    42.4    52.8    62.6    68.8    75.8    85.0    93.6    96.9   102.0   110.3   115.3   119.2   139.0   137.9   150.4   161.6   175.4   191.9   205.7   182.7   153.0   159.2   168.3   152.5   152.0   130.1    97.4    73.1    57.3    44.6    52.0 -9999.0 -9999.0 -9999.0 -9999.0 -9999.0 -9999.0 -9999.0 -9999.0 -9999.0 -9999.0 -9999.0 -9999.0 -9999.0 -9999.0 -9999.0 -9999.0 -9999.0 -9999.0 -9999.0 -9999.0 -9999.0 -9999.0 -9999.0 -9999.0 -9999.0 -9999.0 -9999.0 -9999.0 -9999.0 -9999.0 -9999.0 -9999.0
 -9999.0 -9999.0 -9999.0 -9999.0 -9999.0 -9999.0 -9999.0 -9999.0 -9999.0 -9999.0 -9999.0 -9999.0 -9999.0 -9999.0 -9999.0 -9999.0 -9999.0 -9999.0 -9999.0 -9999.0 -9999.0 -9999.0 -9999.0 -9999.0 -9999.0 -9999.0 -9999.0 -9999.0 -9999.0 -9999.0 -9999.0 -9999.0 -9999.0 -9999.0 -9999.0 -9999.0 -9999.0 -9999.0 -9999.0 -9999.0 -9999.0 -9999.0 -9999.0 -9999.0 -9999.0 -9999.0 -9999.0 -9999.0 -9999.0 -9999.0 -9999.0 -9999.0   168.7   100.7    62.0    46.7    22.8    18.3    20.1    29.4    35.8    50.5    92.8    59.6    60.2    61.9    64.4    67.2    72.5    80.7    91.3   100.3   112.7   104.4   107.8   130.2   142.9   184.0   204.2   203.6   202.4   200.5   203.6   202.9   176.9   152.1   149.3   151.9   150.2   147.8   125.3    92.4    65.5    49.2    47.2 -9999.0 -9999.0 -9999.0 -9999.0 -9999.0 -9999.0 -9999.0 -9999.0 -9999.0 -9999.0 -9999.0 -9999.0 -9999.0 -9999.0 -9999.0 -9999.0 -9999.0 -9999.0 -9999.0 -9999.0 -9999.0 -9999.0 -9999.0 -9999.0 -9999.0 -9999.0 -9999.0 -9999.0 -9999.0 -9999.0 -9999.0 -9999.0 -9999.0
 -9999.0 -9999.0 -9999.0 -9999.0 -9999.0 -9999.0 -9999.0 -9999.0 -9999.0 -9999.0 -9999.0 -9999.0 -9999.0 -9999.0 -9999.0 -9999.0 -9999.0 -9999.0 -9999.0 -9999.0 -9999.0 -9999.0 -9999.0 -9999.0 -9999.0 -9999.0 -9999.0 -9999.0 -9999.0 -9999.0 -9999.0 -9999.0 -9999.0 -9999.0 -9999.0 -9999.0 -9999.0 -9999.0 -9999.0 -9999.0 -9999.0 -9999.0 -9999.0 -9999.0 -9999.0 -9999.0 -9999.0 -9999.0 -9999.0 -9999.0 -9999.0   165.5   134.1   105.0    64.0    47.0    33.5    32.5    27.1    16.2    50.2    56.4    53.4    63.7    73.7    83.3    82.9    87.7    88.2    96.3   105.7   112.8   112.6   115.8   132.8   174.8   201.4   268.0   240.9   226.5   216.6   189.3   167.4   171.2   147.6   130.0   153.3   144.3   155.1   142.5   116.4    87.1    62.1    53.0    45.2 -9999.0 -9999.0 -9999.0 -9999.0 -9999.0 -9999.0 -9999.0 -9999.0 -9999.0 -9999.0 -9999.0 -9999.0 -9999.0 -9999.0 -9999.0 -9999.0 -9999.0 -9999.0 -9999.0 -9999.0 -9999.0 -9999.0 -9999.0 -9999.0 -9999.0 -9999.0 -9999.0 -9999.0 -9999.0 -9999.0 -9999.0 -9999.0 -9999.0
 -9999.0 -9999.0 -9999.0 -9999.0 -9999.0 -9999.0 -9999.0 -9999.0 -9999.0 -9999.0 -9999.0 -9999.0 -9999.0 -9999.0 -9999.0 -9999.0 -9999.0 -9999.0 -9999.0 -9999.0 -9999.0 -9999.0 -9999.0 -9999.0 -9999.0 -9999.0 -9999.0 -9999.0 -9999.0 -9999.0 -9999.0 -9999.0 -9999.0 -9999.0 -9999.0 -9999.0 -9999.0 -9999.0 -9999.0 -9999.0 -9999.0 -9999.0 -9999.0 -9999.0 -9999.0 -9999.0 -9999.0 -9999.0 -9999.0 -9999.0   151.7   149.7   131.5   113.5    80.0    67.9    46.8    30.8    29.9    38.3    33.7    55.3    48.3    62.1    76.1    92.3   104.6   106.8   113.0   120.8   132.8   141.7   151.1   163.3   182.6   215.9   284.3   253.3   269.1   221.3   180.2   162.4   152.7   140.6   136.3   123.2   135.5   125.2   130.4   124.9   105.3    76.9    55.8    47.1    40.6 -9999.0 -9999.0 -9999.0 -9999.0 -9999.0 -9999.0 -9999.0 -9999.0 -9999.0 -9999.0 -9999.0 -9999.0 -9999.0 -9999.0 -9999.0 -9999.0 -9999.0 -9999.0 -9999.0 -9999.0 -9999.0 -9999.0 -9999.0 -9999.0 -9999.0 -9999.0 -9999.0 -9999.0 -9999.0 -9999.0 -9999.0 -9999.0 -9999.0
 -9999.0 -9999.0 -9999.0 -9999.0 -9999.0 -9999.0 -9999.0 -9999.0 -9999.0 -9999.0 -9999.0 -9999.0 -9999.0 -9999.0 -9999.0 -9999.0 -9999.0 -9999.0 -9999.0 -9999.0 -9999.0 -9999.0 -9999.0 -9999.0 -9999.0 -9999.0 -9999.0 -9999.0 -9999.0 -9999.0 -9999.0 -9999.0 -9999.0 -9999.0 -9999.0 -9999.0 -9999.0 -9999.0 -9999.0 -9999.0 -9999.0 -9999.0 -9999.0 -9999.0 -9999.0 -9999.0 -9999.0 -9999.0 -9999.0 -9999.0   118.8   142.7    98.3   116.0   107.5    85.2    40.1    56.1    43.7    29.3    26.5    37.2    41.4    56.3    72.6    84.9   104.1   112.3   126.2   138.0   162.2   189.8   210.6   213.8   213.2   227.5   255.0   239.2   213.5   184.2   168.9   146.1   142.8   129.7   128.1   126.8   117.6   104.3    94.0    84.5    80.5    55.3    44.4    40.2 -9999.0 -9999.0 -9999.0 -9999.0 -9999.0 -9999.0 -9999.0 -9999.0 -9999.0 -9999.0 -9999.0 -9999.0 -9999.0 -9999.0 -9999.0 -9999.0 -9999.0 -9999.0 -9999.0 -9999.0 -9999.0 -9999.0 -9999.0 -9999.0 -9999.0 -9999.0 -9999.0 -9999.0 -9999.0 -9999.0 -9999.0 -9999.0 -9999.0 -9999.0
 -9999.0 -9999.0 -9999.0 -9999.0 -9999.0 -9999.0 -9999.0 -9999.0 -9999.0 -9999.0 -9999.0 -9999.0 -9999.0 -9999.0 -9999.0 -9999.0 -9999.0 -9999.0 -9999.0 -9999.0 -9999.0 -9999.0 -9999.0 -9999.0 -9999.0 -9999.0 -9999.0 -9999.0 -9999.0 -9999.0 -9999.0 -9999.0 -9999.0 -9999.0 -9999.0 -9999.0 -9999.0 -9999.0 -9999.0 -9999.0 -9999.0 -9999.0 -9999.0 -9999.0 -9999.0 -9999.0 -9999.0 -9999.0 -9999.0 -9999.0    84.1    87.3    68.6   129.5    92.9    80.5    89.6    56.1    48.5    24.8    34.1    46.9    52.9    56.9    72.8    84.7    93.7   105.6   124.3   163.0   178.2   235.9   240.4   245.6   202.9   200.3   221.0   163.6   150.3   137.4   136.8   138.3   128.5   116.9   114.2   107.5    85.9    66.1    59.3    51.9    57.2    42.7 -9999.0 -9999.0 -9999.0 -9999.0 -9999.0 -9999.0 -9999.0 -9999.0 -9999.0 -9999.0 -9999.0 -9999.0 -9999.0 -9999.0 -9999.0 -9999.0 -9999.0 -9999.0 -9999.0 -9999.0 -9999.0 -9999.0 -9999.0 -9999.0 -9999.0 -9999.0 -9999.0 -9999.0 -9999.0 -9999.0 -9999.0 -9999.0 -9999.0 -9999.0 -9999.0 -9999.0
 -9999.0 -9999.0 -9999.0 -9999.0 -9999.0 -9999.0 -9999.0 -9999.0 -9999.0 -9999.0 -9999.0 -9999.0 -9999.0 -9999.0 -9999.0 -9999.0 -9999.0 -9999.0 -9999.0 -9999.0 -9999.0 -9999.0 -9999.0 -9999.0 -9999.0 -9999.0 -9999.0 -9999.0 -9999.0 -9999.0 -9999.0 -9999.0 -9999.0 -9999.0 -9999.0 -9999.0 -9999.0 -9999.0 -9999.0 -9999.0 -9999.0 -9999.0 -9999.0 -9999.0 -9999.0 -9999.0 -9999.0 -9999.0 -9999.0 -9999.0    70.1    85.6    74.8    91.8    91.6    94.0    47.0    53.0    43.9    34.5    50.8    62.8    65.7    75.8    87.0    96.5   116.0   126.4   169.1   142.3   191.6   222.5   242.1   230.7   175.1   176.9   174.2   119.0   116.3    90.9    91.0    92.0    85.1    88.1    84.6    75.5    63.6    44.7    44.3    42.5    36.0 -9999.0 -9999.0 -9999.0 -9999.0 -9999.0 -9999.0 -9999.0 -9999.0 -9999.0 -9999.0 -9999.0 -9999.0 -9999.0 -9999.0 -9999.0 -9999.0 -9999.0 -9999.0 -9999.0 -9999.0 -9999.0 -9999.0 -9999.0 -9999.0 -9999.0 -9999.0 -9999.0 -9999.0 -9999.0 -9999.0 -9999.0 -9999.0 -9999.0 -9999.0 -9999.0 -9999.0 -9999.0
 -9999.0 -9999.0 -9999.0 -9999.0 -9999.0 -9999.0 -9999.0 -9999.0 -9999.0 -9999.0 -9999.0 -9999.0 -9999.0 -9999.0 -9999.0 -9999.0 -9999.0 -9999.0 -9999.0 -9999.0 -9999.0 -9999.0 -9999.0 -9999.0 -9999.0 -9999.0 -9999.0 -9999.0 -9999.0 -9999.0 -9999.0 -9999.0 -9999.0 -9999.0 -9999.0 -9999.0 -9999.0 -9999.0 -9999.0 -9999.0 -9999.0 -9999.0 -9999.0 -9999.0 -9999.0 -9999.0 -9999.0 -9999.0 -9999.0 -9999.0 -9999.0 -9999.0 -9999.0    51.9    49.2    46.2    48.1    50.4    43.5    53.6    99.7    96.6   124.8   118.4   113.6   114.8   143.6   139.1   191.5   209.8   200.2   191.8   181.1   165.1   151.5   132.1   120.5    85.7    66.6    56.1    52.3    43.0    44.2    50.7    59.3    62.5    53.2    51.5    38.1    34.1 -9999.0 -9999.0 -9999.0 -9999.0 -9999.0 -9999.0 -9999.0 -9999.0 -9999.0 -9999.0 -9999.0 -9999.0 -9999.0 -9999.0 -9999.0 -9999.0 -9999.0 -9999.0 -9999.0 -9999.0 -9999.0 -9999.0 -9999.0 -9999.0 -9999.0 -9999.0 -9999.0 -9999.0 -9999.0 -9999.0 -9999.0 -9999.0 -9999.0 -9999.0 -9999.0 -9999.0 -9999.0 -9999.0
 -9999.0 -9999.0 -9999.0 -9999.0 -9999.0 -9999.0 -9999.0 -9999.0 -9999.0 -9999.0 -9999.0 -9999.0 -9999.0 -9999.0 -9999.0 -9999.0 -9999.0 -9999.0 -9999.0 -9999.0 -9999.0 -9999.0 -9999.0 -9999.0 -9999.0 -9999.0 -9999.0 -9999.0 -9999.0 -9999.0 -9999.0 -9999.0 -9999.0 -9999.0 -9999.0 -9999.0 -9999.0 -9999.0 -9999.0 -9999.0 -9999.0 -9999.0 -9999.0 -9999.0 -9999.0 -9999.0 -9999.0 -9999.0 -9999.0 -9999.0 -9999.0 -9999.0 -9999.0    36.7    34.4    50.1    39.7    44.5    56.3    88.9   113.3   141.0   186.9   174.2   161.5   151.3   138.4   197.5   183.5   194.9   174.3   151.8   133.5   120.9   117.2   124.3    85.3    74.5    49.8    40.3    34.8    30.9    27.8 -9999.0    39.9    56.5 -9999.0 -9999.0 -9999.0 -9999.0 -9999.0 -9999.0 -9999.0 -9999.0 -9999.0 -9999.0 -9999.0 -9999.0 -9999.0 -9999.0 -9999.0 -9999.0 -9999.0 -9999.0 -9999.0 -9999.0 -9999.0 -9999.0 -9999.0 -9999.0 -9999.0 -9999.0 -9999.0 -9999.0 -9999.0 -9999.0 -9999.0 -9999.0 -9999.0 -9999.0 -9999.0 -9999.0 -9999.0 -9999.0 -9999.0 -9999.0 -9999.0 -9999.0
 -9999.0 -9999.0 -9999.0 -9999.0 -9999.0 -9999.0 -9999.0 -9999.0 -9999.0 -9999.0 -9999.0 -9999.0 -9999.0 -9999.0 -9999.0 -9999.0 -9999.0 -9999.0 -9999.0 -9999.0 -9999.0 -9999.0 -9999.0 -9999.0 -9999.0 -9999.0 -9999.0 -9999.0 -9999.0 -9999.0 -9999.0 -9999.0 -9999.0 -9999.0 -9999.0 -9999.0 -9999.0 -9999.0 -9999.0 -9999.0 -9999.0 -9999.0 -9999.0 -9999.0 -9999.0 -9999.0 -9999.0 -9999.0 -9999.0 -9999.0 -9999.0 -9999.0 -9999.0    26.5    26.9    33.3    39.0    48.3    63.9    89.9   139.5   184.8   232.6   239.6   198.1 -9999.0 -9999.0 -9999.0   213.0   178.8   168.6   151.9   114.3    85.5    86.1   100.5    62.0    48.9   103.3    40.6    37.9    38.6    39.2 -9999.0 -9999.0 -9999.0 -9999.0 -9999.0 -9999.0 -9999.0 -9999.0 -9999.0 -9999.0 -9999.0 -9999.0 -9999.0 -9999.0 -9999.0 -9999.0 -9999.0 -9999.0 -9999.0 -9999.0 -9999.0 -9999.0 -9999.0 -9999.0 -9999.0 -9999.0 -9999.0 -9999.0 -9999.0 -9999.0 -9999.0 -9999.0 -9999.0 -9999.0 -9999.0 -9999.0 -9999.0 -9999.0 -9999.0 -9999.0 -9999.0 -9999.0 -9999.0 -9999.0 -9999.0
 -9999.0 -9999.0 -9999.0 -9999.0 -9999.0 -9999.0 -9999.0 -9999.0 -9999.0 -9999.0 -9999.0 -9999.0 -9999.0 -9999.0 -9999.0 -9999.0 -9999.0 -9999.0 -9999.0 -9999.0 -9999.0 -9999.0 -9999.0 -9999.0 -9999.0 -9999.0 -9999.0 -9999.0 -9999.0 -9999.0 -9999.0 -9999.0 -9999.0 -9999.0 -9999.0 -9999.0 -9999.0 -9999.0 -9999.0 -9999.0 -9999.0 -9999.0 -9999.0 -9999.0 -9999.0 -9999.0 -9999.0 -9999.0 -9999.0 -9999.0 -9999.0 -9999.0 -9999.0 -9999.0    22.4    27.8    35.5    46.0    62.8    97.1   118.5 -9999.0 -9999.0 -9999.0 -9999.0 -9999.0 -9999.0 -9999.0   185.1   195.4   213.4   147.8    96.8    68.2    59.7    55.4    45.0    32.5    32.3 -9999.0    52.6 -9999.0 -9999.0 -9999.0 -9999.0 -9999.0 -9999.0 -9999.0 -9999.0 -9999.0 -9999.0 -9999.0 -9999.0 -9999.0 -9999.0 -9999.0 -9999.0 -9999.0 -9999.0 -9999.0 -9999.0 -9999.0 -9999.0 -9999.0 -9999.0 -9999.0 -9999.0 -9999.0 -9999.0 -9999.0 -9999.0 -9999.0 -9999.0 -9999.0 -9999.0 -9999.0 -9999.0 -9999.0 -9999.0 -9999.0 -9999.0 -9999.0 -9999.0 -9999.0 -9999.0 -9999.0 -9999.0 -9999.0
 -9999.0 -9999.0 -9999.0 -9999.0 -9999.0 -9999.0 -9999.0 -9999.0 -9999.0 -9999.0 -9999.0 -9999.0 -9999.0 -9999.0 -9999.0 -9999.0 -9999.0 -9999.0 -9999.0 -9999.0 -9999.0 -9999.0 -9999.0 -9999.0 -9999.0 -9999.0 -9999.0 -9999.0 -9999.0 -9999.0 -9999.0 -9999.0 -9999.0 -9999.0 -9999.0 -9999.0 -9999.0 -9999.0 -9999.0 -9999.0 -9999.0 -9999.0 -9999.0 -9999.0 -9999.0 -9999.0 -9999.0 -9999.0 -9999.0 -9999.0 -9999.0 -9999.0 -9999.0 -9999.0 -9999.0    21.3    32.8    38.8    49.5    76.7   109.9 -9999.0 -9999.0 -9999.0 -9999.0 -9999.0 -9999.0 -9999.0 -9999.0 -9999.0   168.6 -9999.0 -9999.0 -9999.0 -9999.0 -9999.0    43.0 -9999.0 -9999.0 -9999.0 -9999.0 -9999.0 -9999.0 -9999.0 -9999.0 -9999.0 -9999.0 -9999.0 -9999.0 -9999.0 -9999.0 -9999.0 -9999.0 -9999.0 -9999.0 -9999.0 -9999.0 -9999.0 -9999.0 -9999.0 -9999.0 -9999.0 -9999.0 -9999.0 -9999.0 -9999.0 -9999.0 -9999.0 -9999.0 -9999.0 -9999.0 -9999.0 -9999.0 -9999.0 -9999.0 -9999.0 -9999.0 -9999.0 -9999.0 -9999.0 -9999.0 -9999.0 -9999.0 -9999.0 -9999.0 -9999.0 -9999.0 -9999.0
 -9999.0 -9999.0 -9999.0 -9999.0 -9999.0 -9999.0 -9999.0 -9999.0 -9999.0 -9999.0 -9999.0 -9999.0 -9999.0 -9999.0 -9999.0 -9999.0 -9999.0 -9999.0 -9999.0 -9999.0 -9999.0 -9999.0 -9999.0 -9999.0 -9999.0 -9999.0 -9999.0 -9999.0 -9999.0 -9999.0 -9999.0 -9999.0 -9999.0 -9999.0 -9999.0 -9999.0 -9999.0 -9999.0 -9999.0 -9999.0 -9999.0 -9999.0 -9999.0 -9999.0 -9999.0 -9999.0 -9999.0 -9999.0 -9999.0 -9999.0 -9999.0 -9999.0 -9999.0 -9999.0 -9999.0 -9999.0 -9999.0 -9999.0    43.1    58.4 -9999.0 -9999.0 -9999.0 -9999.0 -9999.0 -9999.0 -9999.0 -9999.0 -9999.0 -9999.0 -9999.0 -9999.0 -9999.0 -9999.0 -9999.0    42.0    39.8 -9999.0 -9999.0 -9999.0 -9999.0 -9999.0 -9999.0 -9999.0 -9999.0 -9999.0 -9999.0 -9999.0 -9999.0 -9999.0 -9999.0 -9999.0 -9999.0 -9999.0 -9999.0 -9999.0 -9999.0 -9999.0 -9999.0 -9999.0 -9999.0 -9999.0 -9999.0 -9999.0 -9999.0 -9999.0 -9999.0 -9999.0 -9999.0 -9999.0 -9999.0 -9999.0 -9999.0 -9999.0 -9999.0 -9999.0 -9999.0 -9999.0 -9999.0 -9999.0 -9999.0 -9999.0 -9999.0 -9999.0 -9999.0 -9999.0 -9999.0 -9999.0
 -9999.0 -9999.0 -9999.0 -9999.0 -9999.0 -9999.0 -9999.0 -9999.0 -9999.0 -9999.0 -9999.0 -9999.0 -9999.0 -9999.0 -9999.0 -9999.0 -9999.0 -9999.0 -9999.0 -9999.0 -9999.0 -9999.0 -9999.0 -9999.0 -9999.0 -9999.0 -9999.0 -9999.0 -9999.0 -9999.0 -9999.0 -9999.0 -9999.0 -9999.0 -9999.0 -9999.0 -9999.0 -9999.0 -9999.0 -9999.0 -9999.0 -9999.0 -9999.0 -9999.0 -9999.0 -9999.0 -9999.0 -9999.0 -9999.0 -9999.0 -9999.0 -9999.0 -9999.0 -9999.0 -9999.0 -9999.0 -9999.0 -9999.0 -9999.0 -9999.0 -9999.0 -9999.0 -9999.0 -9999.0 -9999.0 -9999.0 -9999.0 -9999.0 -9999.0 -9999.0 -9999.0 -9999.0 -9999.0 -9999.0 -9999.0 -9999.0 -9999.0 -9999.0 -9999.0 -9999.0 -9999.0 -9999.0 -9999.0 -9999.0 -9999.0 -9999.0 -9999.0 -9999.0 -9999.0 -9999.0 -9999.0 -9999.0 -9999.0 -9999.0 -9999.0 -9999.0 -9999.0 -9999.0 -9999.0 -9999.0 -9999.0 -9999.0 -9999.0 -9999.0 -9999.0 -9999.0 -9999.0 -9999.0 -9999.0 -9999.0 -9999.0 -9999.0 -9999.0 -9999.0 -9999.0 -9999.0 -9999.0 -9999.0 -9999.0 -9999.0 -9999.0 -9999.0 -9999.0 -9999.0 -9999.0 -9999.0 -9999.0 -9999.0
 -9999.0 -9999.0 -9999.0 -9999.0 -9999.0 -9999.0 -9999.0 -9999.0 -9999.0 -9999.0 -9999.0 -9999.0 -9999.0 -9999.0 -9999.0 -9999.0 -9999.0 -9999.0 -9999.0 -9999.0 -9999.0 -9999.0 -9999.0 -9999.0 -9999.0 -9999.0 -9999.0 -9999.0 -9999.0 -9999.0 -9999.0 -9999.0 -9999.0 -9999.0 -9999.0 -9999.0 -9999.0 -9999.0 -9999.0 -9999.0 -9999.0 -9999.0 -9999.0 -9999.0 -9999.0 -9999.0 -9999.0 -9999.0 -9999.0 -9999.0 -9999.0 -9999.0 -9999.0 -9999.0 -9999.0 -9999.0 -9999.0 -9999.0 -9999.0 -9999.0 -9999.0 -9999.0 -9999.0 -9999.0 -9999.0 -9999.0 -9999.0 -9999.0 -9999.0 -9999.0 -9999.0 -9999.0 -9999.0 -9999.0 -9999.0    23.7    16.8    16.9 -9999.0 -9999.0 -9999.0 -9999.0 -9999.0 -9999.0 -9999.0 -9999.0 -9999.0 -9999.0 -9999.0 -9999.0 -9999.0 -9999.0 -9999.0 -9999.0 -9999.0 -9999.0 -9999.0 -9999.0 -9999.0 -9999.0 -9999.0 -9999.0 -9999.0 -9999.0 -9999.0 -9999.0 -9999.0 -9999.0 -9999.0 -9999.0 -9999.0 -9999.0 -9999.0 -9999.0 -9999.0 -9999.0 -9999.0 -9999.0 -9999.0 -9999.0 -9999.0 -9999.0 -9999.0 -9999.0 -9999.0 -9999.0 -9999.0 -9999.0
 -9999.0 -9999.0 -9999.0 -9999.0 -9999.0 -9999.0 -9999.0 -9999.0 -9999.0 -9999.0 -9999.0 -9999.0 -9999.0 -9999.0 -9999.0 -9999.0 -9999.0 -9999.0 -9999.0 -9999.0 -9999.0 -9999.0 -9999.0 -9999.0 -9999.0 -9999.0 -9999.0 -9999.0 -9999.0 -9999.0 -9999.0 -9999.0 -9999.0 -9999.0 -9999.0 -9999.0 -9999.0 -9999.0 -9999.0 -9999.0 -9999.0 -9999.0 -9999.0 -9999.0 -9999.0 -9999.0 -9999.0 -9999.0 -9999.0 -9999.0 -9999.0 -9999.0 -9999.0 -9999.0 -9999.0 -9999.0 -9999.0 -9999.0 -9999.0 -9999.0 -9999.0 -9999.0 -9999.0 -9999.0 -9999.0 -9999.0 -9999.0 -9999.0 -9999.0 -9999.0 -9999.0 -9999.0 -9999.0    19.1    38.5    25.3    25.7 -9999.0 -9999.0 -9999.0 -9999.0 -9999.0 -9999.0 -9999.0 -9999.0 -9999.0 -9999.0 -9999.0 -9999.0 -9999.0 -9999.0 -9999.0 -9999.0 -9999.0 -9999.0 -9999.0 -9999.0 -9999.0 -9999.0 -9999.0 -9999.0 -9999.0 -9999.0 -9999.0 -9999.0 -9999.0 -9999.0 -9999.0 -9999.0 -9999.0 -9999.0 -9999.0 -9999.0 -9999.0 -9999.0 -9999.0 -9999.0 -9999.0 -9999.0 -9999.0 -9999.0 -9999.0 -9999.0 -9999.0 -9999.0 -9999.0 -9999.0 -9999.0
 -9999.0 -9999.0 -9999.0 -9999.0 -9999.0 -9999.0 -9999.0 -9999.0 -9999.0 -9999.0 -9999.0 -9999.0 -9999.0 -9999.0 -9999.0 -9999.0 -9999.0 -9999.0 -9999.0 -9999.0 -9999.0 -9999.0 -9999.0 -9999.0 -9999.0 -9999.0 -9999.0 -9999.0 -9999.0 -9999.0 -9999.0 -9999.0 -9999.0 -9999.0 -9999.0 -9999.0 -9999.0 -9999.0 -9999.0 -9999.0 -9999.0 -9999.0 -9999.0 -9999.0 -9999.0 -9999.0 -9999.0 -9999.0 -9999.0 -9999.0 -9999.0 -9999.0 -9999.0 -9999.0 -9999.0 -9999.0 -9999.0 -9999.0 -9999.0 -9999.0 -9999.0 -9999.0 -9999.0 -9999.0 -9999.0 -9999.0 -9999.0 -9999.0 -9999.0 -9999.0 -9999.0 -9999.0 -9999.0 -9999.0    22.1    40.0    19.2 -9999.0 -9999.0 -9999.0 -9999.0 -9999.0 -9999.0 -9999.0 -9999.0 -9999.0 -9999.0 -9999.0 -9999.0 -9999.0 -9999.0 -9999.0 -9999.0 -9999.0 -9999.0 -9999.0 -9999.0 -9999.0 -9999.0 -9999.0 -9999.0 -9999.0 -9999.0 -9999.0 -9999.0 -9999.0 -9999.0 -9999.0 -9999.0 -9999.0 -9999.0 -9999.0 -9999.0 -9999.0 -9999.0 -9999.0 -9999.0 -9999.0 -9999.0 -9999.0 -9999.0 -9999.0 -9999.0 -9999.0 -9999.0 -9999.0 -9999.0 -9999.0
 -9999.0 -9999.0 -9999.0 -9999.0 -9999.0 -9999.0 -9999.0 -9999.0 -9999.0 -9999.0 -9999.0 -9999.0 -9999.0 -9999.0 -9999.0 -9999.0 -9999.0 -9999.0 -9999.0 -9999.0 -9999.0 -9999.0 -9999.0 -9999.0 -9999.0 -9999.0 -9999.0 -9999.0 -9999.0 -9999.0 -9999.0 -9999.0 -9999.0 -9999.0 -9999.0 -9999.0 -9999.0 -9999.0 -9999.0 -9999.0 -9999.0 -9999.0 -9999.0 -9999.0 -9999.0 -9999.0 -9999.0 -9999.0 -9999.0 -9999.0 -9999.0 -9999.0 -9999.0 -9999.0 -9999.0 -9999.0 -9999.0 -9999.0 -9999.0 -9999.0 -9999.0 -9999.0 -9999.0 -9999.0 -9999.0 -9999.0 -9999.0 -9999.0 -9999.0 -9999.0 -9999.0 -9999.0 -9999.0 -9999.0 -9999.0 -9999.0 -9999.0 -9999.0 -9999.0 -9999.0 -9999.0 -9999.0 -9999.0 -9999.0 -9999.0 -9999.0 -9999.0 -9999.0 -9999.0 -9999.0 -9999.0 -9999.0 -9999.0 -9999.0 -9999.0 -9999.0 -9999.0 -9999.0 -9999.0 -9999.0 -9999.0 -9999.0 -9999.0 -9999.0 -9999.0 -9999.0 -9999.0 -9999.0 -9999.0 -9999.0 -9999.0 -9999.0 -9999.0 -9999.0 -9999.0 -9999.0 -9999.0 -9999.0 -9999.0 -9999.0 -9999.0 -9999.0 -9999.0 -9999.0 -9999.0 -9999.0 -9999.0 -9999.0
