NCOLS      128
NROWS       72
XLLCORNER    72.000000000000    
YLLCORNER    18.000000000000    
CELLSIZE    0.50000000000000    
NODATA_VALUE   -9999.000    
 -9999.0 -9999.0 -9999.0 -9999.0 -9999.0 -9999.0 -9999.0 -9999.0 -9999.0 -9999.0 -9999.0 -9999.0 -9999.0 -9999.0 -9999.0 -9999.0 -9999.0 -9999.0 -9999.0 -9999.0 -9999.0 -9999.0 -9999.0 -9999.0 -9999.0 -9999.0 -9999.0 -9999.0 -9999.0 -9999.0 -9999.0 -9999.0 -9999.0 -9999.0 -9999.0 -9999.0 -9999.0 -9999.0 -9999.0 -9999.0 -9999.0 -9999.0 -9999.0 -9999.0 -9999.0 -9999.0 -9999.0 -9999.0 -9999.0 -9999.0 -9999.0 -9999.0 -9999.0 -9999.0 -9999.0 -9999.0 -9999.0 -9999.0 -9999.0 -9999.0 -9999.0 -9999.0 -9999.0 -9999.0 -9999.0 -9999.0 -9999.0 -9999.0 -9999.0 -9999.0 -9999.0 -9999.0 -9999.0 -9999.0 -9999.0 -9999.0 -9999.0 -9999.0 -9999.0 -9999.0 -9999.0 -9999.0 -9999.0 -9999.0 -9999.0 -9999.0 -9999.0 -9999.0 -9999.0 -9999.0 -9999.0 -9999.0 -9999.0 -9999.0 -9999.0 -9999.0 -9999.0    18.3    23.5    28.5    33.8    37.5    40.9    43.7    47.7 -9999.0 -9999.0 -9999.0 -9999.0 -9999.0 -9999.0 -9999.0 -9999.0 -9999.0 -9999.0 -9999.0 -9999.0 -9999.0 -9999.0 -9999.0 -9999.0 -9999.0 -9999.0 -9999.0 -9999.0 -9999.0 -9999.0 -9999.0
 -9999.0 -9999.0 -9999.0 -9999.0 -9999.0 -9999.0 -9999.0 -9999.0 -9999.0 -9999.0 -9999.0 -9999.0 -9999.0 -9999.0 -9999.0 -9999.0 -9999.0 -9999.0 -9999.0 -9999.0 -9999.0 -9999.0 -9999.0 -9999.0 -9999.0 -9999.0 -9999.0 -9999.0 -9999.0 -9999.0 -9999.0 -9999.0 -9999.0 -9999.0 -9999.0 -9999.0 -9999.0 -9999.0 -9999.0 -9999.0 -9999.0 -9999.0 -9999.0 -9999.0 -9999.0 -9999.0 -9999.0 -9999.0 -9999.0 -9999.0 -9999.0 -9999.0 -9999.0 -9999.0 -9999.0 -9999.0 -9999.0 -9999.0 -9999.0 -9999.0 -9999.0 -9999.0 -9999.0 -9999.0 -9999.0 -9999.0 -9999.0 -9999.0 -9999.0 -9999.0 -9999.0 -9999.0 -9999.0 -9999.0 -9999.0 -9999.0 -9999.0 -9999.0 -9999.0 -9999.0 -9999.0 -9999.0 -9999.0 -9999.0 -9999.0 -9999.0 -9999.0 -9999.0 -9999.0 -9999.0 -9999.0 -9999.0 -9999.0 -9999.0 -9999.0 -9999.0    13.1    18.7    25.7    31.0    37.1    41.1    43.6    45.7    48.3    51.2    55.9    62.4    69.4 -9999.0 -9999.0 -9999.0 -9999.0 -9999.0 -9999.0 -9999.0 -9999.0 -9999.0 -9999.0 -9999.0 -9999.0 -9999.0 -9999.0 -9999.0 -9999.0 -9999.0 -9999.0 -9999.0
 -9999.0 -9999.0 -9999.0 -9999.0 -9999.0 -9999.0 -9999.0 -9999.0 -9999.0 -9999.0 -9999.0 -9999.0 -9999.0 -9999.0 -9999.0 -9999.0 -9999.0 -9999.0 -9999.0 -9999.0 -9999.0 -9999.0 -9999.0 -9999.0 -9999.0 -9999.0 -9999.0 -9999.0 -9999.0 -9999.0 -9999.0 -9999.0 -9999.0 -9999.0 -9999.0 -9999.0 -9999.0 -9999.0 -9999.0 -9999.0 -9999.0 -9999.0 -9999.0 -9999.0 -9999.0 -9999.0 -9999.0 -9999.0 -9999.0 -9999.0 -9999.0 -9999.0 -9999.0 -9999.0 -9999.0 -9999.0 -9999.0 -9999.0 -9999.0 -9999.0 -9999.0 -9999.0 -9999.0 -9999.0 -9999.0 -9999.0 -9999.0 -9999.0 -9999.0 -9999.0 -9999.0 -9999.0 -9999.0 -9999.0 -9999.0 -9999.0 -9999.0 -9999.0 -9999.0 -9999.0 -9999.0 -9999.0 -9999.0 -9999.0 -9999.0 -9999.0 -9999.0 -9999.0 -9999.0 -9999.0 -9999.0 -9999.0 -9999.0 -9999.0 -9999.0     8.9    13.6    19.7    27.0    32.8    38.7    43.4    46.3    48.3    50.0    54.8    59.0    66.6    74.4 -9999.0 -9999.0 -9999.0 -9999.0 -9999.0 -9999.0 -9999.0 -9999.0 -9999.0 -9999.0 -9999.0 -9999.0 -9999.0 -9999.0 -9999.0 -9999.0 -9999.0 -9999.0 -9999.0
 -9999.0 -9999.0 -9999.0 -9999.0 -9999.0 -9999.0 -9999.0 -9999.0 -9999.0 -9999.0 -9999.0 -9999.0 -9999.0 -9999.0 -9999.0 -9999.0 -9999.0 -9999.0 -9999.0 -9999.0 -9999.0 -9999.0 -9999.0 -9999.0 -9999.0 -9999.0 -9999.0 -9999.0 -9999.0 -9999.0 -9999.0 -9999.0 -9999.0 -9999.0 -9999.0 -9999.0 -9999.0 -9999.0 -9999.0 -9999.0 -9999.0 -9999.0 -9999.0 -9999.0 -9999.0 -9999.0 -9999.0 -9999.0 -9999.0 -9999.0 -9999.0 -9999.0 -9999.0 -9999.0 -9999.0 -9999.0 -9999.0 -9999.0 -9999.0 -9999.0 -9999.0 -9999.0 -9999.0 -9999.0 -9999.0 -9999.0 -9999.0 -9999.0 -9999.0 -9999.0 -9999.0 -9999.0 -9999.0 -9999.0 -9999.0 -9999.0 -9999.0 -9999.0 -9999.0 -9999.0 -9999.0 -9999.0 -9999.0 -9999.0 -9999.0 -9999.0 -9999.0 -9999.0 -9999.0 -9999.0 -9999.0 -9999.0 -9999.0 -9999.0 -9999.0     8.2    13.9    19.4    26.9    34.5    41.4    46.8    48.5    50.2    51.8    55.7    62.3    71.4    80.8    89.4 -9999.0 -9999.0 -9999.0 -9999.0 -9999.0 -9999.0 -9999.0 -9999.0 -9999.0 -9999.0 -9999.0 -9999.0 -9999.0 -9999.0 -9999.0 -9999.0 -9999.0 -9999.0
 -9999.0 -9999.0 -9999.0 -9999.0 -9999.0 -9999.0 -9999.0 -9999.0 -9999.0 -9999.0 -9999.0 -9999.0 -9999.0 -9999.0 -9999.0 -9999.0 -9999.0 -9999.0 -9999.0 -9999.0 -9999.0 -9999.0 -9999.0 -9999.0 -9999.0 -9999.0 -9999.0 -9999.0 -9999.0 -9999.0 -9999.0 -9999.0 -9999.0 -9999.0 -9999.0 -9999.0 -9999.0 -9999.0 -9999.0 -9999.0 -9999.0 -9999.0 -9999.0 -9999.0 -9999.0 -9999.0 -9999.0 -9999.0 -9999.0 -9999.0 -9999.0 -9999.0 -9999.0 -9999.0 -9999.0 -9999.0 -9999.0 -9999.0 -9999.0 -9999.0 -9999.0 -9999.0 -9999.0 -9999.0 -9999.0 -9999.0 -9999.0 -9999.0 -9999.0 -9999.0 -9999.0 -9999.0 -9999.0 -9999.0 -9999.0 -9999.0 -9999.0 -9999.0 -9999.0 -9999.0 -9999.0 -9999.0 -9999.0 -9999.0 -9999.0 -9999.0 -9999.0 -9999.0 -9999.0 -9999.0 -9999.0 -9999.0 -9999.0 -9999.0 -9999.0     7.8    12.7    20.2    27.9    35.0    41.2    47.9    50.9    52.6    54.3    59.5    67.0    77.5    88.9    98.2   104.9 -9999.0 -9999.0 -9999.0 -9999.0 -9999.0 -9999.0 -9999.0 -9999.0 -9999.0 -9999.0 -9999.0 -9999.0 -9999.0 -9999.0 -9999.0 -9999.0 -9999.0
 -9999.0 -9999.0 -9999.0 -9999.0 -9999.0 -9999.0 -9999.0 -9999.0 -9999.0 -9999.0 -9999.0 -9999.0 -9999.0 -9999.0 -9999.0 -9999.0 -9999.0 -9999.0 -9999.0 -9999.0 -9999.0 -9999.0 -9999.0 -9999.0 -9999.0 -9999.0 -9999.0 -9999.0 -9999.0 -9999.0 -9999.0 -9999.0 -9999.0 -9999.0 -9999.0 -9999.0 -9999.0 -9999.0 -9999.0 -9999.0 -9999.0 -9999.0 -9999.0 -9999.0 -9999.0 -9999.0 -9999.0 -9999.0 -9999.0 -9999.0 -9999.0 -9999.0 -9999.0 -9999.0 -9999.0 -9999.0 -9999.0 -9999.0 -9999.0 -9999.0 -9999.0 -9999.0 -9999.0 -9999.0 -9999.0 -9999.0 -9999.0 -9999.0 -9999.0 -9999.0 -9999.0 -9999.0 -9999.0 -9999.0 -9999.0 -9999.0 -9999.0 -9999.0 -9999.0 -9999.0 -9999.0 -9999.0 -9999.0 -9999.0 -9999.0 -9999.0 -9999.0 -9999.0 -9999.0 -9999.0 -9999.0 -9999.0 -9999.0 -9999.0     3.9     7.2    12.3    18.9    26.6    34.4    41.4    46.1    51.3    54.9    58.2    64.0    72.9    84.5    97.2   107.4   113.6 -9999.0 -9999.0 -9999.0 -9999.0 -9999.0 -9999.0 -9999.0 -9999.0 -9999.0 -9999.0 -9999.0 -9999.0 -9999.0 -9999.0 -9999.0 -9999.0 -9999.0
 -9999.0 -9999.0 -9999.0 -9999.0 -9999.0 -9999.0 -9999.0 -9999.0 -9999.0 -9999.0 -9999.0 -9999.0 -9999.0 -9999.0 -9999.0 -9999.0 -9999.0 -9999.0 -9999.0 -9999.0 -9999.0 -9999.0 -9999.0 -9999.0 -9999.0 -9999.0 -9999.0 -9999.0 -9999.0 -9999.0 -9999.0 -9999.0 -9999.0 -9999.0 -9999.0 -9999.0 -9999.0 -9999.0 -9999.0 -9999.0 -9999.0 -9999.0 -9999.0 -9999.0 -9999.0 -9999.0 -9999.0 -9999.0 -9999.0 -9999.0 -9999.0 -9999.0 -9999.0 -9999.0 -9999.0 -9999.0 -9999.0 -9999.0 -9999.0 -9999.0 -9999.0 -9999.0 -9999.0 -9999.0 -9999.0 -9999.0 -9999.0 -9999.0 -9999.0 -9999.0 -9999.0 -9999.0 -9999.0 -9999.0 -9999.0 -9999.0 -9999.0 -9999.0 -9999.0 -9999.0 -9999.0 -9999.0 -9999.0 -9999.0 -9999.0 -9999.0 -9999.0 -9999.0 -9999.0 -9999.0 -9999.0 -9999.0 -9999.0 -9999.0     3.8     6.8    11.4    17.7    24.7    31.2    37.7    44.4    51.2    57.8    64.1    70.2    78.9    90.5   103.8   115.3   119.0   113.9 -9999.0 -9999.0 -9999.0 -9999.0 -9999.0 -9999.0 -9999.0 -9999.0 -9999.0 -9999.0 -9999.0 -9999.0 -9999.0 -9999.0 -9999.0 -9999.0
 -9999.0 -9999.0 -9999.0 -9999.0 -9999.0 -9999.0 -9999.0 -9999.0 -9999.0 -9999.0 -9999.0 -9999.0 -9999.0 -9999.0 -9999.0 -9999.0 -9999.0 -9999.0 -9999.0 -9999.0 -9999.0 -9999.0 -9999.0 -9999.0 -9999.0 -9999.0 -9999.0 -9999.0 -9999.0 -9999.0 -9999.0 -9999.0 -9999.0 -9999.0 -9999.0 -9999.0 -9999.0 -9999.0 -9999.0 -9999.0 -9999.0 -9999.0 -9999.0 -9999.0 -9999.0 -9999.0 -9999.0 -9999.0 -9999.0 -9999.0 -9999.0 -9999.0 -9999.0 -9999.0 -9999.0 -9999.0 -9999.0 -9999.0 -9999.0 -9999.0 -9999.0 -9999.0 -9999.0 -9999.0 -9999.0 -9999.0 -9999.0 -9999.0 -9999.0 -9999.0 -9999.0 -9999.0 -9999.0 -9999.0 -9999.0 -9999.0 -9999.0 -9999.0 -9999.0 -9999.0 -9999.0 -9999.0 -9999.0 -9999.0 -9999.0 -9999.0 -9999.0 -9999.0 -9999.0     0.2 -9999.0 -9999.0     1.4     2.3     3.9     6.6    10.7    16.1    21.3    26.4    32.5    40.2    49.9    61.0    69.3    75.6    83.2    93.8   106.5   117.5   119.7   111.3 -9999.0 -9999.0 -9999.0 -9999.0 -9999.0 -9999.0 -9999.0 -9999.0 -9999.0 -9999.0 -9999.0 -9999.0 -9999.0 -9999.0 -9999.0 -9999.0
 -9999.0 -9999.0 -9999.0 -9999.0 -9999.0 -9999.0 -9999.0 -9999.0 -9999.0 -9999.0 -9999.0 -9999.0 -9999.0 -9999.0 -9999.0 -9999.0 -9999.0 -9999.0 -9999.0 -9999.0 -9999.0 -9999.0 -9999.0 -9999.0 -9999.0 -9999.0 -9999.0 -9999.0 -9999.0 -9999.0 -9999.0 -9999.0 -9999.0 -9999.0 -9999.0 -9999.0 -9999.0 -9999.0 -9999.0 -9999.0 -9999.0 -9999.0 -9999.0 -9999.0 -9999.0 -9999.0 -9999.0 -9999.0 -9999.0 -9999.0 -9999.0 -9999.0 -9999.0 -9999.0 -9999.0 -9999.0 -9999.0 -9999.0 -9999.0 -9999.0 -9999.0 -9999.0 -9999.0 -9999.0 -9999.0 -9999.0 -9999.0 -9999.0 -9999.0 -9999.0 -9999.0 -9999.0 -9999.0 -9999.0 -9999.0 -9999.0 -9999.0 -9999.0 -9999.0 -9999.0 -9999.0 -9999.0 -9999.0 -9999.0 -9999.0 -9999.0 -9999.0 -9999.0     0.1     0.3     0.6     1.3     2.2     3.1     4.4     6.7    10.5    14.6    17.6    20.4    25.2    33.8    47.2    61.0    71.4    77.9    84.4    93.5   104.3   112.6   113.2   101.8    87.8    76.7    70.4    68.8 -9999.0 -9999.0 -9999.0 -9999.0 -9999.0 -9999.0 -9999.0 -9999.0 -9999.0 -9999.0 -9999.0 -9999.0
 -9999.0 -9999.0 -9999.0 -9999.0 -9999.0 -9999.0 -9999.0 -9999.0 -9999.0 -9999.0 -9999.0 -9999.0 -9999.0 -9999.0 -9999.0 -9999.0 -9999.0 -9999.0 -9999.0 -9999.0 -9999.0 -9999.0 -9999.0 -9999.0 -9999.0 -9999.0 -9999.0 -9999.0 -9999.0    35.4    44.2    47.1    45.5 -9999.0 -9999.0 -9999.0 -9999.0 -9999.0 -9999.0 -9999.0 -9999.0 -9999.0 -9999.0 -9999.0 -9999.0 -9999.0 -9999.0 -9999.0 -9999.0 -9999.0 -9999.0 -9999.0 -9999.0 -9999.0 -9999.0 -9999.0 -9999.0 -9999.0 -9999.0 -9999.0 -9999.0 -9999.0 -9999.0 -9999.0 -9999.0 -9999.0 -9999.0 -9999.0 -9999.0 -9999.0 -9999.0 -9999.0 -9999.0 -9999.0 -9999.0 -9999.0 -9999.0 -9999.0 -9999.0 -9999.0 -9999.0 -9999.0 -9999.0 -9999.0 -9999.0 -9999.0 -9999.0     0.1     0.2     0.4     1.2     2.4     3.6     4.5     5.4     7.4    10.4    13.2    13.7    14.7    18.5    27.6    41.6    60.6    71.7    79.1    85.1    92.1    99.8   104.3   101.7    91.6    81.2    72.3    69.6    68.8    75.1    91.4 -9999.0 -9999.0 -9999.0 -9999.0 -9999.0 -9999.0 -9999.0 -9999.0 -9999.0 -9999.0
 -9999.0 -9999.0 -9999.0 -9999.0 -9999.0 -9999.0 -9999.0 -9999.0 -9999.0 -9999.0 -9999.0 -9999.0 -9999.0 -9999.0 -9999.0 -9999.0 -9999.0 -9999.0 -9999.0 -9999.0 -9999.0 -9999.0 -9999.0 -9999.0 -9999.0 -9999.0 -9999.0    12.7    21.0    18.1    37.2    38.0    45.7    31.8 -9999.0 -9999.0 -9999.0 -9999.0 -9999.0 -9999.0 -9999.0 -9999.0 -9999.0 -9999.0 -9999.0 -9999.0 -9999.0 -9999.0 -9999.0 -9999.0 -9999.0 -9999.0 -9999.0 -9999.0 -9999.0 -9999.0 -9999.0 -9999.0 -9999.0 -9999.0 -9999.0 -9999.0 -9999.0 -9999.0 -9999.0 -9999.0 -9999.0 -9999.0 -9999.0 -9999.0 -9999.0 -9999.0 -9999.0 -9999.0 -9999.0 -9999.0 -9999.0 -9999.0 -9999.0 -9999.0 -9999.0 -9999.0 -9999.0 -9999.0 -9999.0 -9999.0 -9999.0     0.1     0.3     0.8     2.1     4.1     5.8     6.5     7.1     8.1    10.0    10.8    10.9    11.0    13.8    22.0    35.7    55.1    72.4    82.5    87.6    91.4    94.4    94.1    90.6    84.0    78.5    72.7    72.7    78.2    85.8   103.4 -9999.0 -9999.0 -9999.0 -9999.0 -9999.0   128.7   117.6   106.1    94.2 -9999.0
 -9999.0 -9999.0 -9999.0 -9999.0 -9999.0 -9999.0 -9999.0 -9999.0 -9999.0 -9999.0 -9999.0 -9999.0 -9999.0 -9999.0 -9999.0 -9999.0 -9999.0 -9999.0 -9999.0 -9999.0 -9999.0 -9999.0 -9999.0 -9999.0 -9999.0 -9999.0     3.8     2.8     5.1     6.9    10.5    15.3    48.1    35.5    38.9    35.9    33.7 -9999.0 -9999.0 -9999.0 -9999.0 -9999.0 -9999.0 -9999.0 -9999.0 -9999.0 -9999.0 -9999.0 -9999.0 -9999.0 -9999.0 -9999.0 -9999.0 -9999.0 -9999.0 -9999.0 -9999.0 -9999.0 -9999.0 -9999.0 -9999.0 -9999.0 -9999.0 -9999.0 -9999.0 -9999.0 -9999.0 -9999.0 -9999.0 -9999.0 -9999.0 -9999.0 -9999.0 -9999.0 -9999.0 -9999.0 -9999.0 -9999.0 -9999.0 -9999.0 -9999.0 -9999.0 -9999.0 -9999.0 -9999.0 -9999.0     0.1     0.2     0.4     1.2     3.0     5.6     7.9     8.6     8.7     8.7     9.6     9.9    10.2    11.1    14.0    21.7    35.6    54.9    75.5    87.3    91.2    91.0    88.8    84.9    80.7    76.5    73.2    69.6    76.6    83.5    92.5   112.3   135.8 -9999.0 -9999.0   143.0   132.6   120.6   108.1    99.3    85.0 -9999.0
 -9999.0 -9999.0 -9999.0 -9999.0 -9999.0 -9999.0 -9999.0 -9999.0 -9999.0 -9999.0 -9999.0 -9999.0 -9999.0 -9999.0 -9999.0 -9999.0 -9999.0 -9999.0 -9999.0 -9999.0 -9999.0 -9999.0 -9999.0 -9999.0 -9999.0 -9999.0     1.1     2.3     2.3     2.0     2.2     4.8     6.8    20.4    24.4    31.5    52.3    19.7 -9999.0 -9999.0 -9999.0 -9999.0 -9999.0 -9999.0 -9999.0 -9999.0 -9999.0 -9999.0 -9999.0 -9999.0 -9999.0 -9999.0 -9999.0 -9999.0 -9999.0 -9999.0 -9999.0 -9999.0 -9999.0 -9999.0 -9999.0 -9999.0 -9999.0 -9999.0 -9999.0 -9999.0 -9999.0 -9999.0 -9999.0 -9999.0 -9999.0 -9999.0 -9999.0 -9999.0 -9999.0 -9999.0 -9999.0 -9999.0 -9999.0 -9999.0 -9999.0 -9999.0 -9999.0 -9999.0 -9999.0 -9999.0     0.1     0.2     0.6     1.5     3.5     6.2     8.3     9.4     9.3     9.4     9.7    11.1    13.2    15.0    19.6    29.0    43.9    64.9    82.7    92.2    93.4    88.7    82.2    75.7    71.3    70.7    71.0    66.6    70.5    89.9    95.7   114.6   130.8   142.4   143.5   135.4   122.6   108.4    95.2    83.5    73.8 -9999.0
 -9999.0 -9999.0 -9999.0 -9999.0 -9999.0 -9999.0 -9999.0 -9999.0 -9999.0 -9999.0 -9999.0 -9999.0 -9999.0 -9999.0 -9999.0 -9999.0 -9999.0 -9999.0 -9999.0 -9999.0 -9999.0     4.9     7.3     4.3     1.8     2.3     4.2     6.3     4.6     2.5     1.5     2.7     4.7     9.2    15.8    16.3    25.5    19.4    20.3 -9999.0 -9999.0 -9999.0 -9999.0 -9999.0 -9999.0 -9999.0 -9999.0 -9999.0 -9999.0 -9999.0 -9999.0 -9999.0 -9999.0 -9999.0 -9999.0 -9999.0 -9999.0 -9999.0 -9999.0 -9999.0 -9999.0 -9999.0 -9999.0 -9999.0 -9999.0 -9999.0 -9999.0 -9999.0 -9999.0 -9999.0 -9999.0 -9999.0 -9999.0 -9999.0 -9999.0 -9999.0 -9999.0 -9999.0 -9999.0 -9999.0 -9999.0 -9999.0 -9999.0 -9999.0 -9999.0 -9999.0 -9999.0     0.3 -9999.0 -9999.0     3.5 -9999.0 -9999.0     9.2    10.2    10.5    11.7    14.6    18.9    21.0    30.2    41.0    59.1    78.6    92.3    96.1    93.6    85.7    77.1    69.3    65.0    64.8    66.6    68.6    70.8    78.5    86.2    99.4   112.9   125.5   129.3   121.1   108.5    94.4    82.3    74.6 -9999.0 -9999.0
 -9999.0 -9999.0 -9999.0 -9999.0 -9999.0 -9999.0 -9999.0 -9999.0 -9999.0 -9999.0 -9999.0 -9999.0 -9999.0 -9999.0 -9999.0 -9999.0 -9999.0 -9999.0 -9999.0 -9999.0 -9999.0     0.5     0.8     1.0     0.9     7.5     1.7     1.3     1.9     1.9     1.5     3.1     6.6     8.5    10.9    10.5     8.8    18.2     4.8 -9999.0 -9999.0 -9999.0 -9999.0 -9999.0 -9999.0 -9999.0 -9999.0 -9999.0 -9999.0 -9999.0 -9999.0 -9999.0 -9999.0 -9999.0 -9999.0 -9999.0 -9999.0 -9999.0 -9999.0 -9999.0 -9999.0 -9999.0 -9999.0 -9999.0 -9999.0 -9999.0 -9999.0 -9999.0 -9999.0 -9999.0 -9999.0 -9999.0 -9999.0 -9999.0 -9999.0 -9999.0 -9999.0 -9999.0 -9999.0 -9999.0 -9999.0 -9999.0 -9999.0 -9999.0 -9999.0 -9999.0 -9999.0 -9999.0 -9999.0     1.9     3.3     5.2     7.1     9.6    11.6    13.3    17.2    20.9    25.8    32.1    41.8    54.9    72.6    90.3   102.3   104.0    97.6    87.1    75.3    65.2    59.6    59.4    63.7    68.4    70.9    67.5    71.0    76.7    85.4    98.6   105.9   104.3    96.3    86.8    71.8 -9999.0 -9999.0 -9999.0
 -9999.0 -9999.0 -9999.0 -9999.0 -9999.0 -9999.0 -9999.0 -9999.0 -9999.0 -9999.0 -9999.0 -9999.0 -9999.0 -9999.0 -9999.0 -9999.0 -9999.0 -9999.0 -9999.0 -9999.0     0.3     1.4     1.0     1.5     1.3     0.4     0.2     0.3     0.3     0.6     1.9     3.1     6.5     9.5     9.7     7.6     7.2     3.2     1.3 -9999.0 -9999.0 -9999.0 -9999.0 -9999.0 -9999.0 -9999.0 -9999.0 -9999.0 -9999.0 -9999.0 -9999.0 -9999.0 -9999.0 -9999.0 -9999.0 -9999.0 -9999.0 -9999.0 -9999.0 -9999.0 -9999.0 -9999.0 -9999.0 -9999.0 -9999.0 -9999.0 -9999.0 -9999.0 -9999.0 -9999.0 -9999.0 -9999.0 -9999.0 -9999.0 -9999.0 -9999.0 -9999.0 -9999.0 -9999.0 -9999.0 -9999.0 -9999.0 -9999.0 -9999.0 -9999.0 -9999.0 -9999.0 -9999.0     1.4     2.3     3.6     5.4     7.6    10.7    14.7    18.8    24.2    26.4    30.9    37.2    46.5    62.2    80.6    99.6   113.4   115.3   105.3    90.3    73.2    59.4    52.1    51.0    57.5    63.3    62.0    58.2    56.5    58.8    67.6    80.3    89.3    92.4    87.0    77.0    66.9 -9999.0 -9999.0 -9999.0
 -9999.0 -9999.0 -9999.0 -9999.0 -9999.0 -9999.0 -9999.0 -9999.0 -9999.0 -9999.0 -9999.0 -9999.0 -9999.0 -9999.0 -9999.0 -9999.0 -9999.0 -9999.0     0.5     0.5     0.6    22.3    10.6    11.1     4.4     1.3     0.3     0.2     0.3     0.7     1.8     4.1     7.4     9.1     9.1     7.8     4.9     1.7     0.4 -9999.0 -9999.0 -9999.0 -9999.0 -9999.0 -9999.0 -9999.0 -9999.0 -9999.0 -9999.0 -9999.0 -9999.0 -9999.0 -9999.0 -9999.0 -9999.0 -9999.0 -9999.0 -9999.0 -9999.0 -9999.0 -9999.0 -9999.0 -9999.0 -9999.0 -9999.0 -9999.0 -9999.0 -9999.0 -9999.0 -9999.0 -9999.0 -9999.0 -9999.0 -9999.0 -9999.0 -9999.0 -9999.0 -9999.0 -9999.0 -9999.0 -9999.0 -9999.0 -9999.0 -9999.0     1.1     1.3     1.7     1.8     2.3     3.5     4.8     6.6     9.3    13.4    19.4    25.4    33.5    35.5    36.9    40.7    50.4    66.2    85.7   106.6   123.1   126.3   111.4    87.6    65.3    51.5    46.1    46.6    52.7    57.5    55.0    47.8    47.6    43.9    53.5    69.3    81.9    85.9    82.4    74.2 -9999.0 -9999.0 -9999.0 -9999.0
 -9999.0 -9999.0 -9999.0 -9999.0 -9999.0 -9999.0 -9999.0 -9999.0 -9999.0 -9999.0 -9999.0 -9999.0 -9999.0 -9999.0 -9999.0     2.2     4.3    16.2    24.6     4.2     8.5     2.5    13.2     4.2     1.6     0.8     0.7     0.6     0.6     1.3     2.6     4.6     7.1     8.2    11.0     9.5     5.1    15.1     2.2     0.4     0.3     0.3     0.3     0.9 -9999.0 -9999.0 -9999.0 -9999.0 -9999.0 -9999.0 -9999.0 -9999.0 -9999.0 -9999.0 -9999.0 -9999.0 -9999.0 -9999.0 -9999.0 -9999.0 -9999.0 -9999.0 -9999.0 -9999.0 -9999.0 -9999.0 -9999.0 -9999.0 -9999.0 -9999.0 -9999.0 -9999.0 -9999.0 -9999.0 -9999.0 -9999.0 -9999.0 -9999.0 -9999.0     1.9     2.3     2.5     2.5     2.6     3.1     3.5     3.7     3.6     4.1     5.5     7.2     9.5    12.5    17.1    24.2    31.3    42.1    44.7    44.2    47.0    56.7    72.0    90.7   110.7   127.1   129.6   108.3    78.1    55.3    45.4    45.1    47.6    50.8    51.9    53.9    39.2    33.5    34.6    44.7    61.7    75.3    80.9    79.1    73.1 -9999.0 -9999.0 -9999.0 -9999.0
 -9999.0 -9999.0 -9999.0 -9999.0 -9999.0 -9999.0 -9999.0 -9999.0 -9999.0 -9999.0 -9999.0 -9999.0 -9999.0 -9999.0 -9999.0    29.7    20.0    30.3    12.0     7.2     2.2     1.6     1.7     2.4     2.0     1.9     1.9     1.6     1.6     2.2     3.2     4.2     5.6     5.0     4.9     4.5     2.4     2.2     0.4     0.2     0.1     0.0     0.1     0.2     0.3     2.2    31.7 -9999.0 -9999.0 -9999.0 -9999.0 -9999.0 -9999.0 -9999.0 -9999.0 -9999.0 -9999.0 -9999.0 -9999.0 -9999.0 -9999.0 -9999.0 -9999.0 -9999.0 -9999.0 -9999.0 -9999.0 -9999.0 -9999.0 -9999.0 -9999.0 -9999.0 -9999.0 -9999.0 -9999.0 -9999.0 -9999.0 -9999.0     3.2     4.0     4.7     5.5     5.9     5.7     5.8     6.1     6.2     6.4     7.3     9.3    12.2    14.6    17.5    21.5    27.8    39.9    49.1    55.9    54.6    57.1    65.2    79.2    96.0   111.7   121.1   116.3    93.6    65.5    48.7    43.9    46.7    51.0    57.2    53.4    45.7    35.9    34.6    35.7    42.8    56.4    69.3    75.8    76.0 -9999.0 -9999.0 -9999.0 -9999.0 -9999.0
 -9999.0 -9999.0 -9999.0 -9999.0 -9999.0 -9999.0 -9999.0 -9999.0 -9999.0 -9999.0 -9999.0 -9999.0 -9999.0 -9999.0 -9999.0 -9999.0    13.1    12.9    13.9    18.3    24.8    16.6    29.8    17.7     8.5     5.5     3.7     2.8     2.8     3.2     3.9     3.9     4.0     3.9     4.2     4.9     4.5     3.1     1.5     0.9     0.9     0.3     0.4     0.3     0.4     0.6     1.2     3.2 -9999.0 -9999.0 -9999.0 -9999.0 -9999.0 -9999.0 -9999.0 -9999.0 -9999.0 -9999.0 -9999.0 -9999.0 -9999.0 -9999.0 -9999.0 -9999.0 -9999.0 -9999.0 -9999.0 -9999.0 -9999.0 -9999.0 -9999.0 -9999.0 -9999.0 -9999.0 -9999.0 -9999.0 -9999.0 -9999.0     5.4     6.4     7.9     9.2     9.5     9.3     9.4     9.9    11.4    10.8    12.6    17.1    18.9    21.4    24.4    25.6    34.5    46.3    57.6    61.7    63.8    66.5    74.4    86.7    99.2   107.7   107.5    96.6    75.4    53.8    44.6    46.6    53.8    62.0    62.4    49.4    42.1    39.7    38.1    39.2    45.7    55.5 -9999.0 -9999.0 -9999.0 -9999.0 -9999.0 -9999.0 -9999.0 -9999.0
 -9999.0 -9999.0 -9999.0 -9999.0 -9999.0 -9999.0 -9999.0 -9999.0 -9999.0 -9999.0 -9999.0 -9999.0 -9999.0 -9999.0 -9999.0 -9999.0    17.9    19.7    20.3    18.6    21.4    21.1    22.0    19.1    20.4    20.0    12.3     4.1    13.6     7.6     5.3     7.9    56.6    42.2    12.6    10.4    14.8     8.2     4.3     3.6     3.7     1.3     3.5    28.1     2.7     0.7     0.4     0.8 -9999.0 -9999.0 -9999.0 -9999.0 -9999.0 -9999.0 -9999.0 -9999.0 -9999.0 -9999.0 -9999.0 -9999.0 -9999.0 -9999.0 -9999.0 -9999.0 -9999.0 -9999.0 -9999.0 -9999.0 -9999.0 -9999.0 -9999.0 -9999.0 -9999.0 -9999.0 -9999.0 -9999.0 -9999.0     5.4     7.3     9.1    11.0    12.4    13.3    13.6    12.7    13.2    14.3    15.8    18.6    24.1    30.0    28.5    26.5    28.8    34.8    48.8    57.1    61.7    66.9    72.0    81.0    92.2    99.2    98.2    90.1    77.0    61.7    47.8    43.4    49.4    58.5    58.5    52.3    45.0    42.8    41.2    43.1    45.5    50.3 -9999.0 -9999.0 -9999.0 -9999.0 -9999.0 -9999.0 -9999.0 -9999.0 -9999.0
 -9999.0 -9999.0 -9999.0 -9999.0 -9999.0 -9999.0 -9999.0 -9999.0 -9999.0 -9999.0 -9999.0 -9999.0 -9999.0 -9999.0 -9999.0 -9999.0    40.4    37.8    34.0    22.4    19.4    20.8    19.5    15.5    10.6     7.0    23.3    27.5    10.5    11.0    14.0    11.0     5.5     4.6    13.4    19.1    11.5     3.0     1.8     0.4     0.7     1.5     3.2    16.4    17.8     9.2     2.3     0.8     2.9     4.2     3.0 -9999.0 -9999.0 -9999.0 -9999.0 -9999.0 -9999.0 -9999.0 -9999.0 -9999.0 -9999.0 -9999.0 -9999.0 -9999.0 -9999.0 -9999.0 -9999.0 -9999.0 -9999.0 -9999.0 -9999.0 -9999.0 -9999.0 -9999.0 -9999.0 -9999.0     5.3     7.3     9.8    11.8    13.9    15.4    15.6    14.9    13.9    14.0    16.9    22.2    28.3    33.5    37.1    33.2    30.5    32.5    39.6    48.1    54.6    59.3    65.7    73.8    84.9    96.0    99.1    89.6    74.3    62.0    52.1    45.5    45.9    50.1    54.1    55.5    45.2    38.3    36.4    38.2    44.9    48.5    52.4    57.6 -9999.0 -9999.0 -9999.0 -9999.0 -9999.0 -9999.0 -9999.0 -9999.0
 -9999.0 -9999.0 -9999.0 -9999.0 -9999.0 -9999.0 -9999.0 -9999.0 -9999.0 -9999.0 -9999.0 -9999.0 -9999.0 -9999.0 -9999.0    38.2    25.8    23.4    32.0    32.9    29.0    29.2    17.6     9.6     6.3     7.8     9.4     3.0     2.8    18.0    28.7     2.9     0.6     0.4     0.3     0.3     0.8     0.4     0.2     0.3     0.3     0.6     1.8     2.8     4.3     6.9     5.3     3.1     2.6     1.8     1.7     1.8     2.5     4.6     4.0     4.5     4.1     4.0     3.7     3.5     3.0 -9999.0 -9999.0 -9999.0 -9999.0 -9999.0 -9999.0 -9999.0 -9999.0     1.2     0.9     0.9     1.3     1.9     3.0     4.2     6.6     8.5    11.1    13.9    15.7    16.8    16.4    15.1    13.8    14.4    19.0    27.1    35.7    40.6    42.8    39.5    37.4    36.5    43.4    51.8    57.2    60.7    68.3    79.7    92.3   100.6    98.6    81.8    63.7    51.0    44.4    41.6    42.1    47.9    48.1    42.5    33.9    30.1    27.7    32.3    39.7    45.9 -9999.0 -9999.0 -9999.0 -9999.0 -9999.0 -9999.0 -9999.0 -9999.0 -9999.0 -9999.0
 -9999.0 -9999.0 -9999.0 -9999.0 -9999.0 -9999.0 -9999.0 -9999.0 -9999.0 -9999.0 -9999.0 -9999.0 -9999.0 -9999.0    64.5    77.9    75.2    36.4    37.7    33.0    13.3     5.4     5.1     5.2     2.7     3.2     4.3     0.3     0.4     0.4     0.6     1.6     1.0     2.4     1.5     0.9     1.0     1.1     1.2     0.8     0.7     1.1     1.7     2.1     2.3     2.3     2.2     3.3     3.0     2.7     2.6     2.3     3.0     3.0     3.0     3.9     3.6     3.2     2.5     2.3     2.2     2.0     1.9     2.0     2.7     3.6     2.3     1.8     1.0     0.9     1.2     1.7     1.7     2.5     3.9     5.4     7.6    10.1    12.7    15.0    16.1    16.7    16.3    15.7    16.0    16.6    23.0    31.8    40.1    41.6    46.7    48.6    41.0    47.7    59.1    61.3    63.0    72.9    91.9   102.2   110.3   102.7    89.3    72.5    57.2    48.5    44.4    43.3    45.4    50.7    43.6    36.9    32.0    21.4    21.2    24.7    32.3 -9999.0 -9999.0 -9999.0 -9999.0 -9999.0 -9999.0 -9999.0 -9999.0 -9999.0 -9999.0 -9999.0
 -9999.0 -9999.0 -9999.0 -9999.0 -9999.0 -9999.0 -9999.0 -9999.0 -9999.0 -9999.0 -9999.0 -9999.0    82.0    81.2    79.9    34.6    49.1    11.0     2.7     0.9     0.7     0.9     1.1     1.1     0.8     0.5     0.4     0.4     0.3     0.3     0.5     0.8     1.7     1.5     0.8     1.1     1.6     1.6     1.0     1.1     1.1     1.5     1.8     1.9     1.7     1.9     2.2     2.5     3.4     2.3     2.2     2.2     2.8     3.2     3.1     3.5     3.5     3.1     2.4     1.8     1.5     1.5     1.4     1.5     1.3     1.6     1.8     1.6     2.1     2.4     3.4     4.2     2.7     4.5     6.7     8.3     9.9    12.2    14.4    15.6    15.8    15.9    16.9    18.1    20.6    25.0    30.6    36.1    43.6    37.6    39.9    44.1    54.6    55.6    68.1    67.6    77.4    96.9   110.4   118.2   118.3    93.3    77.9    68.0    62.8    54.8    50.4    50.5    54.2    49.9    43.9    38.7    25.0    19.3    36.3 -9999.0 -9999.0 -9999.0 -9999.0 -9999.0 -9999.0 -9999.0 -9999.0 -9999.0 -9999.0 -9999.0 -9999.0 -9999.0
 -9999.0 -9999.0 -9999.0 -9999.0 -9999.0 -9999.0 -9999.0 -9999.0 -9999.0    47.5    63.0    68.5    71.4    44.9     6.3     2.5     1.2     0.7     0.3     0.2     0.2     0.2     0.3     0.3     0.3     0.3     0.3     0.3     0.4     0.4     0.5     0.9     1.2     1.1     1.2     2.0     1.2     0.7     0.5     0.6     0.8     1.1     1.0     1.0     0.8     0.9     1.1     1.4     1.7     2.8     2.0     1.9     2.1     2.8     4.0     3.4     3.3     2.9     2.3     1.9     1.6     1.6     1.7     1.6     1.4     1.9     2.3     2.1     4.2     8.1     1.9     1.5     1.8     3.4     6.6     9.0    11.3    14.3    15.7    17.3    17.8    18.1    18.8    22.0    28.4    34.7    47.9    42.0    41.9    33.0    43.4    55.4    68.3    73.8    83.5    83.1    90.5   103.8   130.3   132.8   104.6    74.5    69.6    75.6    80.5    80.3    71.7    62.0    59.1    58.2    47.9    34.3    21.0 -9999.0 -9999.0 -9999.0 -9999.0 -9999.0 -9999.0 -9999.0 -9999.0 -9999.0 -9999.0 -9999.0 -9999.0 -9999.0 -9999.0 -9999.0
 -9999.0 -9999.0 -9999.0 -9999.0 -9999.0    25.4    23.2    27.0    31.9    39.2    39.1    47.8    49.7    26.1     8.8     1.7     0.4     0.3     0.2     0.1     0.1     0.1     0.1     0.1     0.1     0.2     0.2     0.3     0.4     0.5     0.6     0.8     0.9     0.9     0.8     0.7     0.5     0.5     0.4     0.5     0.6     0.6     0.6     0.6     0.5     0.4     0.4     0.5     0.7     1.2     1.9     2.0     2.6     3.1     3.6     3.3     3.2     2.8     2.3     2.1     2.1     2.7     2.8     2.8     3.6     3.7     3.2     4.2     6.0     1.8     1.9     2.4     3.2     5.4     9.3     9.3    11.1    14.1    16.2    18.3    19.7    21.3    24.2    28.9    34.8    35.8    41.7    39.7    40.2    44.7    60.5    72.8    87.9    92.6    93.6    94.1    98.3   115.5 -9999.0 -9999.0    80.3    61.4    77.8    90.5    89.2    85.3    75.6    73.8    69.4 -9999.0 -9999.0 -9999.0 -9999.0 -9999.0 -9999.0 -9999.0 -9999.0 -9999.0 -9999.0 -9999.0 -9999.0 -9999.0 -9999.0 -9999.0 -9999.0 -9999.0 -9999.0 -9999.0
 -9999.0 -9999.0 -9999.0    21.2    27.2    17.9    20.2    21.4    23.2    11.8     6.3     7.8    17.2     3.3     0.4     0.3     0.3     0.3     0.2     0.1     0.1     0.1     0.1     0.1     0.1     0.1     0.2     0.3     0.3     0.5     0.7     0.8     0.9     0.9     0.7     0.6     0.5     0.4     0.4     0.4     0.4     0.4     0.4     0.4     0.4     0.4     0.4     0.5     0.7     1.4     1.6     1.7     1.9     2.3     2.8     3.3     3.8     3.5     2.8     2.4     2.3     2.7     3.8     5.5     5.6     5.1     8.0     3.6     2.3     2.0     3.3     4.5     6.5     8.0     8.7     9.6    11.8    15.7    20.0    23.3    24.8    29.4    30.8    34.7    44.9    39.6    44.3    47.9    59.4    70.0    77.3    92.6   108.1   106.7    99.7   100.9   111.7 -9999.0 -9999.0 -9999.0    62.2    62.3    76.6    87.0    85.9    87.6    82.3 -9999.0 -9999.0 -9999.0 -9999.0 -9999.0 -9999.0 -9999.0 -9999.0 -9999.0 -9999.0 -9999.0 -9999.0 -9999.0 -9999.0 -9999.0 -9999.0 -9999.0 -9999.0 -9999.0 -9999.0 -9999.0
 -9999.0 -9999.0    16.7    17.3    19.0    24.7    23.0    17.3     6.9     2.5     1.2     0.9     0.6     0.4     0.3     0.3     0.3     0.3     0.3     0.2     0.1     0.1     0.1     0.1     0.1     0.1     0.2     0.2     0.4     0.4     0.7     0.8     0.9     0.9     0.7     0.6     0.5     0.4     0.4     0.4     0.4     0.4     0.4     0.4     0.4     0.4     1.3     2.1     2.4     2.7     4.4     3.5     2.7     2.7     3.5     4.9     4.6     4.2     3.2     2.7     2.3     4.1     4.4     6.2     7.1     7.6     6.7     4.5     3.6     2.7     5.6     7.2     9.0    10.5    10.9    11.2    13.7    18.7    24.0    27.7    29.2    32.1    34.0    38.6    37.9    52.4    46.1    60.9    76.9    83.2    89.1    92.8    98.6   105.0   104.0 -9999.0 -9999.0 -9999.0 -9999.0    57.2    47.5    51.7    66.1    75.7 -9999.0 -9999.0 -9999.0 -9999.0 -9999.0 -9999.0 -9999.0 -9999.0 -9999.0 -9999.0 -9999.0 -9999.0 -9999.0 -9999.0 -9999.0 -9999.0 -9999.0 -9999.0 -9999.0 -9999.0 -9999.0 -9999.0 -9999.0 -9999.0
 -9999.0 -9999.0     7.9     7.0     5.5     9.9    23.3    16.4     7.5     2.6     1.3     0.8     0.5     0.3     0.3     0.3     0.4     0.4     0.4     0.3     0.2     0.2     0.1     0.1     0.1     0.2     0.2     0.3     0.3     0.4     0.6     0.9     0.9     0.8     0.7     0.4     0.4     0.4     0.4     0.4     0.3     0.7     3.4    24.7     1.3     4.3    18.8     2.7    15.1     9.8     9.9    21.3    15.8    10.0     5.1     5.9     5.6     6.4     4.2     4.1     4.4     4.6     7.0     8.7    10.1    10.3     9.2     8.5     9.2     5.4     6.7     8.6    10.7    11.8    12.7    14.1    17.9    22.7    27.5    29.7    29.8    29.8    34.3    38.0    36.6    40.2    64.7    83.1    85.5    84.8    82.1    76.4    73.2    73.8 -9999.0 -9999.0 -9999.0 -9999.0 -9999.0    44.9 -9999.0 -9999.0 -9999.0 -9999.0 -9999.0 -9999.0 -9999.0 -9999.0 -9999.0 -9999.0 -9999.0 -9999.0 -9999.0 -9999.0 -9999.0 -9999.0 -9999.0 -9999.0 -9999.0 -9999.0 -9999.0 -9999.0 -9999.0 -9999.0 -9999.0 -9999.0 -9999.0 -9999.0
 -9999.0 -9999.0     6.3     3.5     3.5     4.8     7.5     7.0     8.5     3.7     1.8     1.0     0.5     0.4     0.4     0.5     0.6     0.6     0.6     0.5     0.4     0.3     0.3     0.2     0.2     0.2     0.2     0.3     0.4     0.5     0.7     0.7     0.3     0.6     0.6     1.1     0.5     0.5     0.9     0.8     0.3     0.4     0.4     0.7     0.4     0.6     1.5     4.4     5.0     7.3    26.9    12.5    12.6    19.9    11.9     9.3     8.2     7.0     7.3     7.2     4.3     6.1     9.2    11.9    13.8    14.5    13.7    15.1    11.2    10.1    10.4    10.9    12.0    13.3    14.9    17.2    20.5    25.2    29.2    32.9    35.2    29.4    30.4    39.0    32.9    51.9    74.0    84.2    80.4    72.4    65.2 -9999.0 -9999.0 -9999.0 -9999.0 -9999.0 -9999.0 -9999.0 -9999.0 -9999.0 -9999.0 -9999.0 -9999.0 -9999.0 -9999.0 -9999.0 -9999.0 -9999.0 -9999.0 -9999.0 -9999.0 -9999.0 -9999.0 -9999.0 -9999.0 -9999.0 -9999.0 -9999.0 -9999.0 -9999.0 -9999.0 -9999.0 -9999.0 -9999.0 -9999.0 -9999.0 -9999.0 -9999.0
 -9999.0 -9999.0 -9999.0     1.6     2.7     1.6     1.7     2.2     3.1     3.9     2.0     0.9     0.5     0.4     0.5     0.7     1.0     1.0     0.9     0.8     0.7     0.6     0.5     0.4     0.4     0.3     0.3     0.4     0.4     0.4     0.2     0.5     0.4     6.5     9.4     1.4     0.3     0.3     0.4     0.3     0.3     0.3     0.3     0.3     0.3     0.6     4.6     8.0    16.8    13.8    11.9    12.0    13.0    21.7    12.1    13.1    11.8    14.0    14.9    10.2     7.7     8.3    12.5    15.5    17.3    17.8    17.9    18.1    16.6    15.9    15.2    14.1    14.5    15.4    17.3    18.9    20.3    23.4    29.4    30.6    34.7    32.9    36.0    22.1    27.2    45.2    63.1    70.2    66.3    59.2    56.4    57.0 -9999.0 -9999.0 -9999.0 -9999.0 -9999.0 -9999.0 -9999.0 -9999.0 -9999.0 -9999.0 -9999.0 -9999.0 -9999.0 -9999.0 -9999.0 -9999.0 -9999.0 -9999.0 -9999.0 -9999.0 -9999.0 -9999.0 -9999.0 -9999.0 -9999.0 -9999.0 -9999.0 -9999.0 -9999.0 -9999.0 -9999.0 -9999.0 -9999.0 -9999.0 -9999.0 -9999.0
 -9999.0 -9999.0 -9999.0 -9999.0 -9999.0     1.0     2.5     1.9     0.8     2.1     1.6     0.7     0.4     0.4     0.7     1.2     1.6     1.6     1.4     1.2     1.2     1.2     1.1     0.9     0.7     0.5     0.4     0.3     0.2     0.3     0.3     1.6     2.6     1.6    10.9     1.2     1.5     1.2     0.4     0.3     0.3     0.2     0.2     0.2     0.2     0.3     0.5     6.1     5.4    13.6     8.6    18.1    12.4     9.2    11.0    11.8    14.2    16.7    19.3    23.3    24.0    14.0    17.8    19.3    20.5    20.3    20.4    20.6    21.4    21.2    20.2    18.9    18.4    19.4    21.4    21.9    21.0    22.7    26.4    32.4    35.5    30.5    32.7    22.7    21.4    39.2    52.8    56.6    56.5    59.0    64.8    68.5    63.8    52.3 -9999.0 -9999.0 -9999.0    25.0 -9999.0 -9999.0 -9999.0 -9999.0 -9999.0 -9999.0 -9999.0 -9999.0 -9999.0 -9999.0 -9999.0 -9999.0 -9999.0 -9999.0 -9999.0 -9999.0 -9999.0 -9999.0 -9999.0 -9999.0 -9999.0 -9999.0 -9999.0 -9999.0 -9999.0 -9999.0 -9999.0 -9999.0 -9999.0 -9999.0
 -9999.0 -9999.0 -9999.0 -9999.0     0.5     0.2     0.2     0.2     0.3     0.9     0.4     0.4     0.4     0.5     1.0     1.7     2.2     2.2     1.8     1.5     1.7     2.1     1.9     1.2     0.6     0.3     0.2    10.5     0.9     1.8     3.1     2.1     1.9     3.7     1.2     1.2     1.0     7.7     4.9     1.3     0.3     0.3     0.3     0.3     0.3     0.3     0.3     0.6     1.5     1.3     2.0     4.7     7.4    11.2     5.0     6.6     8.8    14.5    20.0    26.4    28.4    27.3    26.6    23.7    21.7    22.1    21.5    23.5    24.2    26.8    27.3    26.9    26.7    27.3    28.7    28.4    26.1    26.1    33.7    30.3    30.2    33.4    31.2    34.1    23.1    41.1    52.7    56.9    62.2    73.0    83.1    84.8    72.6    54.3 -9999.0 -9999.0    25.2    29.5    40.1    36.5    44.1 -9999.0 -9999.0 -9999.0 -9999.0 -9999.0 -9999.0 -9999.0 -9999.0 -9999.0 -9999.0 -9999.0 -9999.0 -9999.0 -9999.0 -9999.0 -9999.0 -9999.0 -9999.0 -9999.0 -9999.0 -9999.0 -9999.0 -9999.0 -9999.0 -9999.0 -9999.0 -9999.0
 -9999.0 -9999.0 -9999.0 -9999.0     0.1     0.1     0.1     0.1     0.2     0.3     0.2     0.4     0.3     0.5     0.6     0.9     1.1     1.7     1.8     1.7     1.4     1.4     1.0     0.5     2.0     6.6     2.0     2.5     2.2     2.4     2.4     4.4     2.7     2.8     3.6     2.4     5.2     8.5     3.1     1.0     3.2     0.5     0.4     0.4     0.4     0.4     0.4     0.4     0.4     0.6     0.8     1.1     6.2     3.5     3.4     5.6     8.6    13.9    21.7    29.4    31.8    25.5    25.0    27.6    26.0    24.8    24.0    25.5    29.2    32.7    37.2    37.2    35.7    35.8    35.8    36.3    34.5    36.1    37.6    35.2    35.0    28.5    32.8    25.7    33.5    51.5    65.2    72.1    77.9    87.0    91.8    84.2    67.2    46.2    30.9    25.5    27.5    32.0    35.4 -9999.0 -9999.0 -9999.0 -9999.0 -9999.0 -9999.0 -9999.0 -9999.0 -9999.0 -9999.0 -9999.0 -9999.0 -9999.0 -9999.0 -9999.0 -9999.0 -9999.0 -9999.0 -9999.0 -9999.0 -9999.0 -9999.0 -9999.0 -9999.0 -9999.0 -9999.0 -9999.0 -9999.0 -9999.0
 -9999.0 -9999.0 -9999.0 -9999.0 -9999.0 -9999.0 -9999.0     0.0     0.1     0.1     0.3     0.4     0.2     0.4     0.5     0.6     0.5     0.7     0.8     0.6     0.8     1.8     2.2     1.9     1.7     1.6     2.4     2.9     3.3     5.2     5.0     4.9     4.5     5.7     7.8     5.2     9.7     7.5    13.0    13.9     2.9    16.4    12.7     5.4     2.1     0.8     1.4     1.0     1.6     0.6     0.4     0.6     1.8    17.6    13.1     5.9     9.4    15.7    26.7    31.0    35.5    24.4    28.1    35.3    37.7    33.3    30.8    30.5    35.1    42.3    49.0    48.5    50.1    50.7    47.4    47.9    44.5    47.5    46.8    39.2    34.7    30.5    30.6    37.7    52.0    66.9    79.8    83.7    83.2    82.1    77.5    66.7    50.4    32.7    21.3    18.4    22.6 -9999.0 -9999.0 -9999.0 -9999.0 -9999.0 -9999.0 -9999.0 -9999.0 -9999.0 -9999.0 -9999.0 -9999.0 -9999.0 -9999.0 -9999.0 -9999.0 -9999.0 -9999.0 -9999.0 -9999.0 -9999.0 -9999.0 -9999.0 -9999.0 -9999.0 -9999.0 -9999.0 -9999.0 -9999.0 -9999.0 -9999.0
 -9999.0 -9999.0 -9999.0 -9999.0 -9999.0 -9999.0 -9999.0     0.1     0.0     0.0     0.1     0.1     0.2     0.7     0.4     2.5     0.7     0.8     2.3     0.9     0.9     1.9     1.4     1.6     1.5     1.7     1.7     3.4     2.4     2.4     4.7     5.3     5.5     9.0     6.5     7.5     6.9    10.3    10.3     9.1    10.0     9.9    11.8    24.5     8.6     3.9     6.3     6.9    15.8     9.1    23.7    16.4     3.9     8.0    19.3     9.7    15.0    24.4    33.3    38.1    38.5    38.7    41.0    53.7    53.0    47.0    42.7    43.6    46.1    56.4    59.8    61.4    64.9    65.7    51.9    59.6    55.7    50.0    42.0    35.6    37.5    35.7    44.7    60.4    70.1    71.4    74.8    74.7    69.1    60.1    51.5    42.8    31.7    20.6    13.8    12.4 -9999.0 -9999.0 -9999.0 -9999.0 -9999.0 -9999.0 -9999.0 -9999.0 -9999.0 -9999.0 -9999.0 -9999.0 -9999.0 -9999.0 -9999.0 -9999.0 -9999.0 -9999.0 -9999.0 -9999.0 -9999.0 -9999.0 -9999.0 -9999.0 -9999.0 -9999.0 -9999.0 -9999.0 -9999.0 -9999.0 -9999.0 -9999.0
 -9999.0 -9999.0 -9999.0 -9999.0 -9999.0 -9999.0 -9999.0 -9999.0 -9999.0     0.0     0.0     0.0     0.2     0.3     0.3     0.3     0.6     3.5     1.3     3.2     1.6     1.0     1.0     1.1     1.2     1.2     1.7     2.1     1.9     4.4     2.5     4.0     4.9     7.3     5.5     6.3     6.7     9.1     8.4    10.4     8.9    10.9    10.2     9.6    14.7    16.2    18.1    17.9    18.5    16.9    19.8    13.4     9.7     9.3    21.4    14.4    19.3    29.3    37.6    40.9    42.5    46.0    52.2    65.8    66.1    59.4    57.4    61.9    61.0    66.5    67.3    63.9    66.4    69.6    69.2    44.6    42.9    37.9    30.1    26.8    34.1    43.3    51.5    71.1    66.8    55.7    52.4    53.1    48.6    38.0    29.7    24.1    17.4    11.8     9.7 -9999.0 -9999.0 -9999.0 -9999.0 -9999.0 -9999.0 -9999.0 -9999.0 -9999.0 -9999.0 -9999.0 -9999.0 -9999.0 -9999.0 -9999.0 -9999.0 -9999.0 -9999.0 -9999.0 -9999.0 -9999.0 -9999.0 -9999.0 -9999.0 -9999.0 -9999.0 -9999.0 -9999.0 -9999.0 -9999.0 -9999.0 -9999.0 -9999.0
 -9999.0 -9999.0 -9999.0 -9999.0 -9999.0 -9999.0 -9999.0 -9999.0 -9999.0 -9999.0 -9999.0     0.1     0.1     0.3     0.3     0.4     0.5     0.5     0.6     0.9     1.5     1.0     1.2     1.0     2.3     1.6     2.4     2.7     2.9     2.9     3.5     6.7     5.2     6.5     6.4    12.4     8.7     9.8    20.9    11.6    14.9    11.5     9.8    10.1    21.5    16.6    31.5    24.9    27.9    23.1    14.1    13.0    13.2    18.4    27.2    22.6    22.4    30.3    36.1    39.7    42.4    45.2    53.4    64.2    63.2    66.1    69.8    71.7    71.1    71.2    68.0    65.3    58.8    53.1    40.0    39.3    37.7    34.7    27.8    30.4    33.5    40.9    57.9    61.7    48.8    36.1    32.3    34.0    32.1    23.5    15.9    12.1     9.0     6.8     9.2 -9999.0 -9999.0 -9999.0 -9999.0 -9999.0 -9999.0 -9999.0 -9999.0 -9999.0 -9999.0 -9999.0 -9999.0 -9999.0 -9999.0 -9999.0 -9999.0 -9999.0 -9999.0 -9999.0 -9999.0 -9999.0 -9999.0 -9999.0 -9999.0 -9999.0 -9999.0 -9999.0 -9999.0 -9999.0 -9999.0 -9999.0 -9999.0 -9999.0
 -9999.0 -9999.0 -9999.0 -9999.0 -9999.0 -9999.0 -9999.0 -9999.0 -9999.0 -9999.0 -9999.0 -9999.0     0.1     0.1     0.3     0.3     1.2     0.6     0.7     2.2     0.6     0.8     1.0     0.8     4.7     1.3     1.2     2.6     2.7     5.7     4.3     4.9     6.0     9.7    11.1    10.5    18.7    12.3    10.5     9.6     9.7    10.0    10.4    14.5    16.4    21.8    29.9    23.3    25.0    23.4    29.5    25.5    19.0    17.0    21.9    25.5    26.7    32.3    30.8    37.2    38.9    41.6    44.4    50.5    59.6    57.4    62.6    66.5    69.7    72.6    62.6    50.5    47.0    46.8    49.3    86.9    51.6    48.0    42.2    73.3    57.9    57.5    61.1    52.3    37.1    25.4    21.2    22.4    22.0    16.2    10.3     8.1     7.2     8.1    15.1    26.8    34.9 -9999.0 -9999.0 -9999.0 -9999.0 -9999.0 -9999.0 -9999.0 -9999.0 -9999.0 -9999.0 -9999.0 -9999.0 -9999.0 -9999.0 -9999.0 -9999.0 -9999.0 -9999.0 -9999.0 -9999.0 -9999.0 -9999.0 -9999.0 -9999.0 -9999.0 -9999.0 -9999.0 -9999.0 -9999.0 -9999.0 -9999.0
 -9999.0 -9999.0 -9999.0 -9999.0 -9999.0 -9999.0 -9999.0 -9999.0 -9999.0 -9999.0 -9999.0 -9999.0     0.3     0.1     0.2     0.4     0.3     0.4     1.1     1.0     1.0     1.4     1.2     0.9     0.7     1.0     1.3     1.1     2.0     2.2     4.2     7.8     7.5     8.5    11.1    10.6    16.8    17.7    15.0    13.4    10.8    10.5    16.4    11.9    18.7    27.3    23.0    22.8    16.7    23.0    21.1    24.6    19.1    23.7    18.2    24.0    21.6    25.6    26.8    31.8    35.1    36.5    39.3    44.4    49.3    51.2    52.0    53.8    58.2    67.5    81.5   101.8   109.9    85.6    81.1    67.4    59.5    76.0    75.3    79.6   104.7    58.6    52.3    43.6    32.0    22.2    18.4    19.2    19.1    15.6    11.9    11.1    12.6    17.6    29.4    44.6    51.9 -9999.0 -9999.0 -9999.0 -9999.0 -9999.0 -9999.0 -9999.0 -9999.0 -9999.0 -9999.0 -9999.0 -9999.0 -9999.0 -9999.0 -9999.0 -9999.0 -9999.0 -9999.0 -9999.0 -9999.0 -9999.0 -9999.0 -9999.0 -9999.0 -9999.0 -9999.0 -9999.0 -9999.0 -9999.0 -9999.0 -9999.0
 -9999.0 -9999.0 -9999.0 -9999.0 -9999.0 -9999.0 -9999.0 -9999.0 -9999.0 -9999.0 -9999.0 -9999.0 -9999.0     0.3     0.7     0.4     0.6     0.6     0.6     0.7     1.0     0.9     1.4     0.9     1.0     2.1     2.4     4.0     3.1     3.5     3.4     4.4     9.0    11.2     8.7    10.5    12.3    15.4    31.6    20.4    17.5    18.8    16.6    22.8    18.2    17.4    24.7    31.4    33.2    29.9    27.9    21.6    20.7    41.2    31.3    25.2    20.6    24.3    33.9    32.9    36.4    36.1    37.9    37.5    45.3    44.9    50.4    51.5    59.8    69.0    71.0    85.1    96.9    98.5   101.4    86.0    80.1    78.5    73.6    67.2    81.4    56.0    46.5    39.3    31.3    23.2    20.3    21.3    22.1    19.7    17.9    19.7    24.9    34.2    48.6    63.1    66.3 -9999.0 -9999.0 -9999.0 -9999.0 -9999.0 -9999.0 -9999.0 -9999.0 -9999.0 -9999.0 -9999.0 -9999.0 -9999.0 -9999.0 -9999.0 -9999.0 -9999.0 -9999.0 -9999.0 -9999.0 -9999.0 -9999.0 -9999.0 -9999.0 -9999.0 -9999.0 -9999.0 -9999.0 -9999.0 -9999.0 -9999.0
 -9999.0 -9999.0 -9999.0 -9999.0 -9999.0 -9999.0 -9999.0 -9999.0 -9999.0 -9999.0 -9999.0 -9999.0     0.5     1.1     1.1     0.8     1.8     1.4     1.5     1.2     1.3     1.4     1.5     1.4     1.3     2.2     1.9     1.7     2.0     2.9     3.5     3.6     9.0     8.3    10.8    10.5    16.2    12.4    13.8    16.4    27.6    35.1    39.1    17.5    21.7    24.5    23.7    22.3    27.8    29.7    38.3    45.2    28.7    33.2    24.5    21.7    26.1    17.9    26.4    30.2    36.8    42.4    40.0    45.0    38.6    42.0    39.8    41.3    67.2    95.7   111.4   117.7   112.2    93.3    88.9    87.4    86.2    85.8    77.5    62.3    50.5    43.5    39.6    36.1    31.3    26.7    26.7    29.4    30.5    28.6    29.4    34.9    44.5    56.2    68.7    77.4    75.0    67.7 -9999.0 -9999.0 -9999.0 -9999.0 -9999.0 -9999.0 -9999.0 -9999.0 -9999.0 -9999.0 -9999.0 -9999.0 -9999.0 -9999.0 -9999.0 -9999.0 -9999.0 -9999.0 -9999.0 -9999.0 -9999.0 -9999.0 -9999.0 -9999.0 -9999.0 -9999.0 -9999.0 -9999.0 -9999.0 -9999.0
 -9999.0 -9999.0 -9999.0 -9999.0 -9999.0 -9999.0 -9999.0 -9999.0 -9999.0 -9999.0 -9999.0 -9999.0     1.8     1.6     1.7     4.3     3.6     2.2     2.4     2.9     2.6     2.9     2.8     2.6     2.2     1.8     1.6     1.5     1.6     1.6     2.0     3.3     7.2     5.9     7.4     9.8     9.8    12.4    14.1    13.6    16.3    15.6    16.0    18.6    22.0    27.8    40.3    40.5    39.9    25.5    26.4    38.0    26.2    21.8    20.6    16.8    20.1    24.3    24.9    36.3    45.4    54.0    40.7    37.5    37.8    46.5    47.0    37.9    51.1    84.6   111.5   119.9   114.6   114.0   111.2    95.5    88.5    85.7    77.2    56.8    43.4    37.1    38.7    40.8    38.7    39.0    42.7    50.0    52.0    50.8    53.1    63.1    75.9    86.6    91.2    88.5    81.4    76.7    73.1 -9999.0 -9999.0 -9999.0 -9999.0 -9999.0 -9999.0 -9999.0 -9999.0 -9999.0 -9999.0 -9999.0 -9999.0 -9999.0 -9999.0 -9999.0 -9999.0 -9999.0 -9999.0 -9999.0 -9999.0 -9999.0 -9999.0 -9999.0 -9999.0 -9999.0 -9999.0 -9999.0 -9999.0 -9999.0
 -9999.0 -9999.0 -9999.0 -9999.0 -9999.0 -9999.0 -9999.0 -9999.0 -9999.0 -9999.0 -9999.0 -9999.0     4.5     3.9     4.2     4.1     4.4     6.5     5.2     5.5     7.8     8.1     5.6     5.9     4.5     5.0     3.4     4.2     1.6     1.5     1.7     4.3     3.5     4.2     5.9     8.1     9.6    11.7    12.9    18.0    17.8    15.1    26.9    14.6    23.6    39.8    49.0    41.2    31.4    30.7    31.0    22.9    56.5    55.9    32.6    17.2    20.5    25.4    31.0    29.8    37.6    45.9    70.7    43.3    41.3    37.4    30.5    37.1    58.3    74.6    90.9   118.5   114.2   117.1   153.4   108.3   123.7    80.0    76.6    60.0    43.0    41.1    45.0    57.1    70.0    78.6    90.2   125.7    94.2    92.4    95.8   109.8   122.8   126.3   118.5   105.5    97.3    96.9    96.9    95.9 -9999.0 -9999.0 -9999.0 -9999.0 -9999.0 -9999.0 -9999.0 -9999.0 -9999.0 -9999.0 -9999.0 -9999.0 -9999.0 -9999.0 -9999.0 -9999.0 -9999.0 -9999.0 -9999.0 -9999.0 -9999.0 -9999.0 -9999.0 -9999.0 -9999.0 -9999.0 -9999.0 -9999.0
 -9999.0 -9999.0 -9999.0 -9999.0 -9999.0 -9999.0 -9999.0 -9999.0 -9999.0 -9999.0 -9999.0 -9999.0 -9999.0    11.4    10.2     8.5     8.9     9.1    10.8    12.1    18.1    12.0    13.0    12.9     8.5     7.1     5.0     3.1     2.5     1.1     2.1     2.1     3.6     3.6     5.6    11.4    12.4    10.6    13.7    15.5    18.3    32.9    40.4    34.2    25.0    30.3    43.2    30.1    45.2    38.8    22.3    38.9    29.8    18.8    34.6    32.8    19.1    20.7    29.7    51.0    51.7    96.3    69.6    47.5    50.4    26.0    21.1    32.3    51.2    79.6    85.9    87.9   104.6    89.8   100.5    93.3    87.4    82.7    84.3    66.8    55.2    56.6    69.4    87.8   110.9   134.8   156.4   203.7   186.6   152.5   151.4   170.0   177.6   168.7   149.6   128.4   127.8   131.8   131.8 -9999.0 -9999.0 -9999.0 -9999.0 -9999.0 -9999.0 -9999.0 -9999.0 -9999.0 -9999.0 -9999.0 -9999.0 -9999.0 -9999.0 -9999.0 -9999.0 -9999.0 -9999.0 -9999.0 -9999.0 -9999.0 -9999.0 -9999.0 -9999.0 -9999.0 -9999.0 -9999.0 -9999.0 -9999.0
 -9999.0 -9999.0 -9999.0 -9999.0 -9999.0 -9999.0 -9999.0 -9999.0 -9999.0 -9999.0 -9999.0 -9999.0 -9999.0    20.3    17.3    15.9    19.4    17.0    17.8    19.6    26.9    26.2    25.8    21.5    15.4    12.7     9.3     5.0     2.7     5.8     3.0     2.4     1.8     3.1     6.7     8.7     7.6     9.4    14.7    31.4    21.9    27.5    32.0    35.1    58.2    38.9    40.7    29.2    30.8    26.9    32.7    12.3    25.9    37.7    44.0    31.9    20.8    22.4    34.1    26.7    56.9    50.6    70.2    91.9    49.2    22.7    18.9    30.1    54.9    74.6    85.2    87.9    88.7    95.9   102.3   108.9   118.5    91.6    85.7    83.4    81.4    86.4   103.9   129.0   153.7   177.2   199.7   212.1   217.4   197.3   212.0   231.3   232.0   211.2   188.0   171.6   169.6   170.5   161.8 -9999.0 -9999.0 -9999.0 -9999.0 -9999.0 -9999.0 -9999.0 -9999.0 -9999.0 -9999.0 -9999.0 -9999.0 -9999.0 -9999.0 -9999.0 -9999.0 -9999.0 -9999.0 -9999.0 -9999.0 -9999.0 -9999.0 -9999.0 -9999.0 -9999.0 -9999.0 -9999.0 -9999.0 -9999.0
 -9999.0 -9999.0 -9999.0 -9999.0 -9999.0 -9999.0 -9999.0 -9999.0 -9999.0 -9999.0 -9999.0 -9999.0 -9999.0 -9999.0 -9999.0    27.9    28.8    30.3    31.2    32.7    38.0    35.8    34.8    33.2    29.9    23.7    24.1    11.9    11.5     2.2     1.8     1.0     4.2     4.5     3.9    11.6    16.8     6.4    10.9    16.2    29.2    36.3    36.6    35.3    30.3    32.1    35.8    25.4    29.0    11.7    15.1    43.4    18.9    22.5    13.4    23.6    24.5    14.3    41.1    58.2    46.8    64.7   107.0    89.7    54.1    27.6    23.0    34.8    60.9    90.8    96.9    89.5   106.2   110.9   113.3   133.4   130.3   137.2   106.3   104.6   113.7   124.0   143.6   170.1   191.3   205.1   219.3   235.5   230.8   240.8   273.3   297.4   290.1   255.2   233.1   226.3   213.1 -9999.0   178.1 -9999.0 -9999.0 -9999.0 -9999.0 -9999.0 -9999.0 -9999.0 -9999.0 -9999.0 -9999.0 -9999.0 -9999.0 -9999.0 -9999.0 -9999.0 -9999.0 -9999.0 -9999.0 -9999.0 -9999.0 -9999.0 -9999.0 -9999.0 -9999.0 -9999.0 -9999.0 -9999.0 -9999.0 -9999.0
 -9999.0 -9999.0 -9999.0 -9999.0 -9999.0 -9999.0 -9999.0 -9999.0 -9999.0 -9999.0 -9999.0 -9999.0 -9999.0 -9999.0 -9999.0 -9999.0 -9999.0   128.2    68.4 -9999.0    61.0    58.2    56.6    53.4    48.8    39.6    37.5    21.3     8.8     6.3     1.5     0.3     4.8     0.6     1.0     3.6    15.9     5.3    10.0    15.1    22.5    37.5    33.4    31.4    57.9    37.8   123.7    45.6    21.0    22.0    13.4    11.6    18.2    23.5    27.5    27.7    15.1    34.9    40.2    57.6    52.8    69.6    86.5    87.0    64.3    41.9    39.2    57.4    84.9   105.0   100.1   117.9   125.5   122.4   140.7   156.4   149.7   138.2   127.3   122.2   134.9   153.6   177.5   204.7   228.7   240.6   249.9   258.8   268.5   290.4   338.3   364.0   362.9   333.7   292.2   254.3   245.2   215.7   186.7   165.3   156.2 -9999.0 -9999.0 -9999.0 -9999.0 -9999.0 -9999.0 -9999.0 -9999.0 -9999.0 -9999.0 -9999.0 -9999.0 -9999.0 -9999.0 -9999.0 -9999.0 -9999.0 -9999.0 -9999.0 -9999.0 -9999.0 -9999.0 -9999.0 -9999.0 -9999.0 -9999.0 -9999.0
 -9999.0 -9999.0 -9999.0 -9999.0 -9999.0 -9999.0 -9999.0 -9999.0 -9999.0 -9999.0 -9999.0 -9999.0 -9999.0 -9999.0 -9999.0 -9999.0 -9999.0 -9999.0 -9999.0 -9999.0 -9999.0    89.7    87.3    88.1    75.6    64.8    48.5    31.4    16.7     5.6     1.6     0.3     0.3     0.6     1.4     3.6     4.6     6.4     9.0    14.9    17.9    34.2    38.6    34.4    65.1    35.3   246.0    38.5    53.3   177.9    23.1    59.7    51.3    17.7    21.9    33.6    32.6    21.3    66.9    54.4    55.0    60.0    61.5    76.5    75.9    62.2    65.5    88.5   111.6   120.0   113.5   120.9   126.3   137.8   158.4   172.9   173.3   158.5   152.3   154.8   165.4   190.0   217.4   245.4   289.0   285.9   295.2   312.4   326.5   348.2   392.1   424.8   403.1   342.3   343.9   297.5   259.9   228.3   201.8   172.5 -9999.0 -9999.0 -9999.0 -9999.0 -9999.0 -9999.0 -9999.0 -9999.0 -9999.0 -9999.0 -9999.0 -9999.0 -9999.0 -9999.0 -9999.0 -9999.0 -9999.0 -9999.0 -9999.0 -9999.0 -9999.0 -9999.0 -9999.0 -9999.0 -9999.0 -9999.0 -9999.0 -9999.0
 -9999.0 -9999.0 -9999.0 -9999.0 -9999.0 -9999.0 -9999.0 -9999.0 -9999.0 -9999.0 -9999.0 -9999.0 -9999.0 -9999.0 -9999.0 -9999.0 -9999.0 -9999.0 -9999.0 -9999.0 -9999.0 -9999.0 -9999.0   152.0   115.5   101.0    80.1    55.1    35.3    14.6     5.8     3.1     9.5     4.1     8.4     9.2    15.3    11.5    21.9    29.7    28.8    40.3    26.0    28.0    74.3   343.8    98.9    73.6   103.4   119.2    47.2    57.1    42.8    38.8    24.7    10.5    24.6    43.6    23.5    54.4    55.6    65.8    64.6    56.7    68.6    71.7    83.8   111.0   119.9   127.9   121.1   121.9   131.1   156.7   178.6   199.9   214.1   210.2   203.0   208.8   223.0   244.5   270.1   298.1   327.2   354.2   351.6   381.4   391.4   402.6   427.6   450.4   454.1   414.1   363.3   308.6   268.4   239.2   204.0 -9999.0 -9999.0 -9999.0 -9999.0 -9999.0 -9999.0 -9999.0 -9999.0 -9999.0 -9999.0 -9999.0 -9999.0 -9999.0 -9999.0 -9999.0 -9999.0 -9999.0 -9999.0 -9999.0 -9999.0 -9999.0 -9999.0 -9999.0 -9999.0 -9999.0 -9999.0 -9999.0 -9999.0 -9999.0
 -9999.0 -9999.0 -9999.0 -9999.0 -9999.0 -9999.0 -9999.0 -9999.0 -9999.0 -9999.0 -9999.0 -9999.0 -9999.0 -9999.0 -9999.0 -9999.0 -9999.0 -9999.0 -9999.0 -9999.0 -9999.0 -9999.0 -9999.0 -9999.0 -9999.0   214.7   137.4    98.9    67.1    60.8    22.8     8.2     5.5     7.9     8.2    19.3    43.4    23.3    39.8    33.0    49.2    28.9    77.0    71.5   241.0   385.2   263.6   510.0    69.3   126.8    84.5    81.3    88.8    78.3    45.5    24.2    27.0    18.7    42.7    48.2    58.8    64.7   104.4    39.7    52.2    63.8    80.3    92.2   101.4   107.1   112.6   117.8   129.7   161.2   196.1   221.6   235.9   240.1   233.9   236.6   250.7   276.0   301.1   314.7   337.4   352.6   381.6   411.6   430.1   435.7   437.4   446.3   454.6   393.1   367.2   309.4   264.9   235.0 -9999.0 -9999.0 -9999.0 -9999.0 -9999.0 -9999.0 -9999.0 -9999.0 -9999.0 -9999.0 -9999.0 -9999.0 -9999.0 -9999.0 -9999.0 -9999.0 -9999.0 -9999.0 -9999.0 -9999.0 -9999.0 -9999.0 -9999.0 -9999.0 -9999.0 -9999.0 -9999.0 -9999.0 -9999.0 -9999.0
 -9999.0 -9999.0 -9999.0 -9999.0 -9999.0 -9999.0 -9999.0 -9999.0 -9999.0 -9999.0 -9999.0 -9999.0 -9999.0 -9999.0 -9999.0 -9999.0 -9999.0 -9999.0 -9999.0 -9999.0 -9999.0 -9999.0 -9999.0 -9999.0 -9999.0 -9999.0 -9999.0   233.2   189.4    74.3    43.4    26.8    29.2    19.9    19.5    51.0    27.3    33.3    40.8    40.6    47.8    35.2   108.3   245.3   300.6   393.5   490.4   542.0   577.2   305.2   503.9   483.1   145.7   133.1    82.5    52.8    20.6    12.3    31.7    26.5    27.0    57.1    32.8    35.1    50.7    52.7    66.6    86.2    94.8    97.0   104.0   110.5   127.2   154.6   186.5   217.7   235.1   227.9   212.9   208.1   218.9   250.0   280.0   283.2   295.8   324.4   365.4   397.2   423.9   431.0   427.5   385.1   426.6   413.1   347.7   301.8   256.1 -9999.0 -9999.0 -9999.0 -9999.0 -9999.0 -9999.0 -9999.0 -9999.0 -9999.0 -9999.0 -9999.0 -9999.0 -9999.0 -9999.0 -9999.0 -9999.0 -9999.0 -9999.0 -9999.0 -9999.0 -9999.0 -9999.0 -9999.0 -9999.0 -9999.0 -9999.0 -9999.0 -9999.0 -9999.0 -9999.0 -9999.0
 -9999.0 -9999.0 -9999.0 -9999.0 -9999.0 -9999.0 -9999.0 -9999.0 -9999.0 -9999.0 -9999.0 -9999.0 -9999.0 -9999.0 -9999.0 -9999.0 -9999.0 -9999.0 -9999.0 -9999.0 -9999.0 -9999.0 -9999.0 -9999.0 -9999.0 -9999.0 -9999.0 -9999.0 -9999.0 -9999.0 -9999.0 -9999.0 -9999.0    77.3    34.9 -9999.0 -9999.0 -9999.0    88.9    55.0    74.4   111.9    98.7   274.0   360.2   397.4 -9999.0 -9999.0 -9999.0 -9999.0 -9999.0 -9999.0   300.6   153.5   135.5    60.0    22.1     9.2     9.0    11.4    22.7    41.4    30.5    29.8    33.0    43.8    59.9    74.8    82.6    94.3   108.6   110.8   128.3   143.6   176.3   196.7   211.5   189.1   169.2   160.3   169.5   197.3   222.4   233.4   247.1   277.5   317.0   349.2   356.3   377.9   366.3   364.7   375.2   369.7   332.3   282.5   242.3 -9999.0 -9999.0 -9999.0 -9999.0 -9999.0 -9999.0 -9999.0 -9999.0 -9999.0 -9999.0 -9999.0 -9999.0 -9999.0 -9999.0 -9999.0 -9999.0 -9999.0 -9999.0 -9999.0 -9999.0 -9999.0 -9999.0 -9999.0 -9999.0 -9999.0 -9999.0 -9999.0 -9999.0 -9999.0 -9999.0 -9999.0
 -9999.0 -9999.0 -9999.0 -9999.0 -9999.0 -9999.0 -9999.0 -9999.0 -9999.0 -9999.0 -9999.0 -9999.0 -9999.0 -9999.0 -9999.0 -9999.0 -9999.0 -9999.0 -9999.0 -9999.0 -9999.0 -9999.0 -9999.0 -9999.0 -9999.0 -9999.0 -9999.0 -9999.0 -9999.0 -9999.0 -9999.0 -9999.0 -9999.0 -9999.0 -9999.0 -9999.0 -9999.0 -9999.0 -9999.0   233.8   235.2   250.7   271.0   291.6 -9999.0 -9999.0 -9999.0 -9999.0 -9999.0 -9999.0 -9999.0 -9999.0   296.3   177.9   127.1    61.2    17.7     5.4     3.1     5.1    11.5    23.2    30.3    23.2    34.3    44.3    59.0    71.3    85.6    95.1   110.2   126.6   138.1   158.2   163.9   184.3   185.3   164.7   149.9   130.3   134.6   158.2   182.9   191.7   211.2   235.5   255.2   277.9   307.1   309.9   306.2   304.4   312.2   312.5   288.9   258.1 -9999.0 -9999.0 -9999.0 -9999.0 -9999.0 -9999.0 -9999.0 -9999.0 -9999.0 -9999.0 -9999.0 -9999.0 -9999.0 -9999.0 -9999.0 -9999.0 -9999.0 -9999.0 -9999.0 -9999.0 -9999.0 -9999.0 -9999.0 -9999.0 -9999.0 -9999.0 -9999.0 -9999.0 -9999.0 -9999.0 -9999.0 -9999.0
 -9999.0 -9999.0 -9999.0 -9999.0 -9999.0 -9999.0 -9999.0 -9999.0 -9999.0 -9999.0 -9999.0 -9999.0 -9999.0 -9999.0 -9999.0 -9999.0 -9999.0 -9999.0 -9999.0 -9999.0 -9999.0 -9999.0 -9999.0 -9999.0 -9999.0 -9999.0 -9999.0 -9999.0 -9999.0 -9999.0 -9999.0 -9999.0 -9999.0 -9999.0 -9999.0 -9999.0 -9999.0 -9999.0 -9999.0 -9999.0 -9999.0 -9999.0 -9999.0 -9999.0 -9999.0 -9999.0 -9999.0 -9999.0 -9999.0 -9999.0 -9999.0 -9999.0   277.3   189.1   127.5    72.6    18.3     5.4     2.7     3.8     5.8    10.9    46.9    21.1    29.3    32.9    45.1    67.9    92.1   116.1   142.0   156.6   166.6   177.0   192.0   185.9   181.8   164.5   148.6   129.7   124.5   138.9   167.1   175.6   193.7   209.0   224.0   247.4   269.1   274.7   270.6   258.5   274.3   262.0   259.7 -9999.0 -9999.0 -9999.0 -9999.0 -9999.0 -9999.0 -9999.0 -9999.0 -9999.0 -9999.0 -9999.0 -9999.0 -9999.0 -9999.0 -9999.0 -9999.0 -9999.0 -9999.0 -9999.0 -9999.0 -9999.0 -9999.0 -9999.0 -9999.0 -9999.0 -9999.0 -9999.0 -9999.0 -9999.0 -9999.0 -9999.0 -9999.0 -9999.0
 -9999.0 -9999.0 -9999.0 -9999.0 -9999.0 -9999.0 -9999.0 -9999.0 -9999.0 -9999.0 -9999.0 -9999.0 -9999.0 -9999.0 -9999.0 -9999.0 -9999.0 -9999.0 -9999.0 -9999.0 -9999.0 -9999.0 -9999.0 -9999.0 -9999.0 -9999.0 -9999.0 -9999.0 -9999.0 -9999.0 -9999.0 -9999.0 -9999.0 -9999.0 -9999.0 -9999.0 -9999.0 -9999.0 -9999.0 -9999.0 -9999.0 -9999.0 -9999.0 -9999.0 -9999.0 -9999.0 -9999.0 -9999.0 -9999.0 -9999.0 -9999.0   205.8   207.5   181.4    97.5    56.7    23.5    13.0     5.9     3.2     9.1    12.2    11.7    18.7    24.0    28.1    38.9    63.4    92.5   129.5   164.5   176.9   166.5   159.2   176.9   177.1   180.4   166.2   164.9   145.9   134.7   143.1   148.5   183.0   206.6   220.2   210.8   244.6   254.1   274.8   239.0   257.3   252.8   268.4   250.7 -9999.0 -9999.0 -9999.0 -9999.0 -9999.0 -9999.0 -9999.0 -9999.0 -9999.0 -9999.0 -9999.0 -9999.0 -9999.0 -9999.0 -9999.0 -9999.0 -9999.0 -9999.0 -9999.0 -9999.0 -9999.0 -9999.0 -9999.0 -9999.0 -9999.0 -9999.0 -9999.0 -9999.0 -9999.0 -9999.0 -9999.0 -9999.0 -9999.0
 -9999.0 -9999.0 -9999.0 -9999.0 -9999.0 -9999.0 -9999.0 -9999.0 -9999.0 -9999.0 -9999.0 -9999.0 -9999.0 -9999.0 -9999.0 -9999.0 -9999.0 -9999.0 -9999.0 -9999.0 -9999.0 -9999.0 -9999.0 -9999.0 -9999.0 -9999.0 -9999.0 -9999.0 -9999.0 -9999.0 -9999.0 -9999.0 -9999.0 -9999.0 -9999.0 -9999.0 -9999.0 -9999.0 -9999.0 -9999.0 -9999.0 -9999.0 -9999.0 -9999.0 -9999.0 -9999.0 -9999.0 -9999.0 -9999.0 -9999.0   129.6   155.1   164.8   151.7    92.8    63.5    32.5    19.8    13.0    10.6     9.4    14.1    15.8    22.3    25.4    29.2    39.9    58.0    85.8   112.4   142.4   142.2   134.8   139.9   153.4   169.2   149.2   180.2   174.7   164.0   149.8   158.3   177.4   210.2   203.9   223.2   216.7   250.8   265.6   274.6   269.9   234.6   280.0   275.5   259.9 -9999.0 -9999.0 -9999.0 -9999.0 -9999.0 -9999.0 -9999.0 -9999.0 -9999.0 -9999.0 -9999.0 -9999.0 -9999.0 -9999.0 -9999.0 -9999.0 -9999.0 -9999.0 -9999.0 -9999.0 -9999.0 -9999.0 -9999.0 -9999.0 -9999.0 -9999.0 -9999.0 -9999.0 -9999.0 -9999.0 -9999.0 -9999.0 -9999.0
 -9999.0 -9999.0 -9999.0 -9999.0 -9999.0 -9999.0 -9999.0 -9999.0 -9999.0 -9999.0 -9999.0 -9999.0 -9999.0 -9999.0 -9999.0 -9999.0 -9999.0 -9999.0 -9999.0 -9999.0 -9999.0 -9999.0 -9999.0 -9999.0 -9999.0 -9999.0 -9999.0 -9999.0 -9999.0 -9999.0 -9999.0 -9999.0 -9999.0 -9999.0 -9999.0 -9999.0 -9999.0 -9999.0 -9999.0 -9999.0 -9999.0 -9999.0 -9999.0 -9999.0 -9999.0 -9999.0 -9999.0 -9999.0 -9999.0 -9999.0    73.5   129.4    77.7   110.2    97.6    66.7    37.5    35.5    24.1    18.7    18.9    19.7    23.2    28.7    33.1    36.3    43.9    58.3    74.6    84.4   100.7   113.7   114.1   105.8   113.0   129.3   157.9   161.2   175.4   174.3   172.5   166.9   191.5   216.7   200.6   202.1   209.7   232.3   264.9   303.9   287.2   320.4   300.4   290.1 -9999.0 -9999.0 -9999.0 -9999.0 -9999.0 -9999.0 -9999.0 -9999.0 -9999.0 -9999.0 -9999.0 -9999.0 -9999.0 -9999.0 -9999.0 -9999.0 -9999.0 -9999.0 -9999.0 -9999.0 -9999.0 -9999.0 -9999.0 -9999.0 -9999.0 -9999.0 -9999.0 -9999.0 -9999.0 -9999.0 -9999.0 -9999.0 -9999.0 -9999.0
 -9999.0 -9999.0 -9999.0 -9999.0 -9999.0 -9999.0 -9999.0 -9999.0 -9999.0 -9999.0 -9999.0 -9999.0 -9999.0 -9999.0 -9999.0 -9999.0 -9999.0 -9999.0 -9999.0 -9999.0 -9999.0 -9999.0 -9999.0 -9999.0 -9999.0 -9999.0 -9999.0 -9999.0 -9999.0 -9999.0 -9999.0 -9999.0 -9999.0 -9999.0 -9999.0 -9999.0 -9999.0 -9999.0 -9999.0 -9999.0 -9999.0 -9999.0 -9999.0 -9999.0 -9999.0 -9999.0 -9999.0 -9999.0 -9999.0 -9999.0    41.9    47.3    44.2   110.4    68.8    62.2    64.2    42.5    32.5    22.9    25.6    27.3    31.5    36.4    41.4    42.7    47.0    55.1    62.2    75.1    73.7   114.7   108.4   118.1   110.5   125.9   159.9   148.8   162.3   166.3   168.7   183.9   200.5   207.0   191.1   194.5   205.4   227.4   263.0   317.7   295.3   319.2 -9999.0 -9999.0 -9999.0 -9999.0 -9999.0 -9999.0 -9999.0 -9999.0 -9999.0 -9999.0 -9999.0 -9999.0 -9999.0 -9999.0 -9999.0 -9999.0 -9999.0 -9999.0 -9999.0 -9999.0 -9999.0 -9999.0 -9999.0 -9999.0 -9999.0 -9999.0 -9999.0 -9999.0 -9999.0 -9999.0 -9999.0 -9999.0 -9999.0 -9999.0 -9999.0 -9999.0
 -9999.0 -9999.0 -9999.0 -9999.0 -9999.0 -9999.0 -9999.0 -9999.0 -9999.0 -9999.0 -9999.0 -9999.0 -9999.0 -9999.0 -9999.0 -9999.0 -9999.0 -9999.0 -9999.0 -9999.0 -9999.0 -9999.0 -9999.0 -9999.0 -9999.0 -9999.0 -9999.0 -9999.0 -9999.0 -9999.0 -9999.0 -9999.0 -9999.0 -9999.0 -9999.0 -9999.0 -9999.0 -9999.0 -9999.0 -9999.0 -9999.0 -9999.0 -9999.0 -9999.0 -9999.0 -9999.0 -9999.0 -9999.0 -9999.0 -9999.0    35.2    57.9    52.7    71.3    73.4    77.6    44.0    41.9    31.5    20.4    26.9    29.6    30.7    43.0    47.7    47.4    49.8    54.0    63.3    42.0    56.8    80.9   108.6   114.8   104.3   119.6   140.0   125.3   140.6   137.2   150.2   162.0   179.1   189.7   197.8   200.3   204.8   235.0   265.3   301.8   335.9 -9999.0 -9999.0 -9999.0 -9999.0 -9999.0 -9999.0 -9999.0 -9999.0 -9999.0 -9999.0 -9999.0 -9999.0 -9999.0 -9999.0 -9999.0 -9999.0 -9999.0 -9999.0 -9999.0 -9999.0 -9999.0 -9999.0 -9999.0 -9999.0 -9999.0 -9999.0 -9999.0 -9999.0 -9999.0 -9999.0 -9999.0 -9999.0 -9999.0 -9999.0 -9999.0 -9999.0 -9999.0
 -9999.0 -9999.0 -9999.0 -9999.0 -9999.0 -9999.0 -9999.0 -9999.0 -9999.0 -9999.0 -9999.0 -9999.0 -9999.0 -9999.0 -9999.0 -9999.0 -9999.0 -9999.0 -9999.0 -9999.0 -9999.0 -9999.0 -9999.0 -9999.0 -9999.0 -9999.0 -9999.0 -9999.0 -9999.0 -9999.0 -9999.0 -9999.0 -9999.0 -9999.0 -9999.0 -9999.0 -9999.0 -9999.0 -9999.0 -9999.0 -9999.0 -9999.0 -9999.0 -9999.0 -9999.0 -9999.0 -9999.0 -9999.0 -9999.0 -9999.0 -9999.0 -9999.0 -9999.0    53.2    58.1    56.5    48.7    39.2    18.5    19.0    34.8    27.9    44.1    52.8    57.3    57.2    59.8    62.6    67.4    62.4    53.8    59.4    71.3    75.7    80.5    95.9   117.7   109.7   105.9   112.9   125.6   137.8   159.7   180.8   189.9   193.2   201.7   212.0   270.5   315.3 -9999.0 -9999.0 -9999.0 -9999.0 -9999.0 -9999.0 -9999.0 -9999.0 -9999.0 -9999.0 -9999.0 -9999.0 -9999.0 -9999.0 -9999.0 -9999.0 -9999.0 -9999.0 -9999.0 -9999.0 -9999.0 -9999.0 -9999.0 -9999.0 -9999.0 -9999.0 -9999.0 -9999.0 -9999.0 -9999.0 -9999.0 -9999.0 -9999.0 -9999.0 -9999.0 -9999.0 -9999.0 -9999.0
 -9999.0 -9999.0 -9999.0 -9999.0 -9999.0 -9999.0 -9999.0 -9999.0 -9999.0 -9999.0 -9999.0 -9999.0 -9999.0 -9999.0 -9999.0 -9999.0 -9999.0 -9999.0 -9999.0 -9999.0 -9999.0 -9999.0 -9999.0 -9999.0 -9999.0 -9999.0 -9999.0 -9999.0 -9999.0 -9999.0 -9999.0 -9999.0 -9999.0 -9999.0 -9999.0 -9999.0 -9999.0 -9999.0 -9999.0 -9999.0 -9999.0 -9999.0 -9999.0 -9999.0 -9999.0 -9999.0 -9999.0 -9999.0 -9999.0 -9999.0 -9999.0 -9999.0 -9999.0    51.4    51.0    72.9    41.5    25.7    22.7    31.7    30.1    35.5    54.9    66.8    76.9    80.3    86.4    86.7    86.1    76.7    59.1    48.5    49.3    52.5    62.2   103.2   126.0   125.9   108.5   107.2   116.1   132.0   156.1 -9999.0   183.8   180.3 -9999.0 -9999.0 -9999.0 -9999.0 -9999.0 -9999.0 -9999.0 -9999.0 -9999.0 -9999.0 -9999.0 -9999.0 -9999.0 -9999.0 -9999.0 -9999.0 -9999.0 -9999.0 -9999.0 -9999.0 -9999.0 -9999.0 -9999.0 -9999.0 -9999.0 -9999.0 -9999.0 -9999.0 -9999.0 -9999.0 -9999.0 -9999.0 -9999.0 -9999.0 -9999.0 -9999.0 -9999.0 -9999.0 -9999.0 -9999.0 -9999.0 -9999.0
 -9999.0 -9999.0 -9999.0 -9999.0 -9999.0 -9999.0 -9999.0 -9999.0 -9999.0 -9999.0 -9999.0 -9999.0 -9999.0 -9999.0 -9999.0 -9999.0 -9999.0 -9999.0 -9999.0 -9999.0 -9999.0 -9999.0 -9999.0 -9999.0 -9999.0 -9999.0 -9999.0 -9999.0 -9999.0 -9999.0 -9999.0 -9999.0 -9999.0 -9999.0 -9999.0 -9999.0 -9999.0 -9999.0 -9999.0 -9999.0 -9999.0 -9999.0 -9999.0 -9999.0 -9999.0 -9999.0 -9999.0 -9999.0 -9999.0 -9999.0 -9999.0 -9999.0 -9999.0    50.0    39.5    53.6    40.9    27.0    24.3    26.2    38.8    49.7    67.7    82.1    97.4 -9999.0 -9999.0 -9999.0   119.7   105.4    81.8    63.4    54.1    55.3    74.5   118.7   137.1   131.5   146.2   113.4   118.4   134.7   155.9 -9999.0 -9999.0 -9999.0 -9999.0 -9999.0 -9999.0 -9999.0 -9999.0 -9999.0 -9999.0 -9999.0 -9999.0 -9999.0 -9999.0 -9999.0 -9999.0 -9999.0 -9999.0 -9999.0 -9999.0 -9999.0 -9999.0 -9999.0 -9999.0 -9999.0 -9999.0 -9999.0 -9999.0 -9999.0 -9999.0 -9999.0 -9999.0 -9999.0 -9999.0 -9999.0 -9999.0 -9999.0 -9999.0 -9999.0 -9999.0 -9999.0 -9999.0 -9999.0 -9999.0 -9999.0
 -9999.0 -9999.0 -9999.0 -9999.0 -9999.0 -9999.0 -9999.0 -9999.0 -9999.0 -9999.0 -9999.0 -9999.0 -9999.0 -9999.0 -9999.0 -9999.0 -9999.0 -9999.0 -9999.0 -9999.0 -9999.0 -9999.0 -9999.0 -9999.0 -9999.0 -9999.0 -9999.0 -9999.0 -9999.0 -9999.0 -9999.0 -9999.0 -9999.0 -9999.0 -9999.0 -9999.0 -9999.0 -9999.0 -9999.0 -9999.0 -9999.0 -9999.0 -9999.0 -9999.0 -9999.0 -9999.0 -9999.0 -9999.0 -9999.0 -9999.0 -9999.0 -9999.0 -9999.0 -9999.0    48.3    44.5    29.5    22.1    27.2    35.2    34.3 -9999.0 -9999.0 -9999.0 -9999.0 -9999.0 -9999.0 -9999.0   141.9   131.8   115.3    88.0    75.4    80.6   102.4   132.1   147.0   135.9   122.2 -9999.0   123.0 -9999.0 -9999.0 -9999.0 -9999.0 -9999.0 -9999.0 -9999.0 -9999.0 -9999.0 -9999.0 -9999.0 -9999.0 -9999.0 -9999.0 -9999.0 -9999.0 -9999.0 -9999.0 -9999.0 -9999.0 -9999.0 -9999.0 -9999.0 -9999.0 -9999.0 -9999.0 -9999.0 -9999.0 -9999.0 -9999.0 -9999.0 -9999.0 -9999.0 -9999.0 -9999.0 -9999.0 -9999.0 -9999.0 -9999.0 -9999.0 -9999.0 -9999.0 -9999.0 -9999.0 -9999.0 -9999.0 -9999.0
 -9999.0 -9999.0 -9999.0 -9999.0 -9999.0 -9999.0 -9999.0 -9999.0 -9999.0 -9999.0 -9999.0 -9999.0 -9999.0 -9999.0 -9999.0 -9999.0 -9999.0 -9999.0 -9999.0 -9999.0 -9999.0 -9999.0 -9999.0 -9999.0 -9999.0 -9999.0 -9999.0 -9999.0 -9999.0 -9999.0 -9999.0 -9999.0 -9999.0 -9999.0 -9999.0 -9999.0 -9999.0 -9999.0 -9999.0 -9999.0 -9999.0 -9999.0 -9999.0 -9999.0 -9999.0 -9999.0 -9999.0 -9999.0 -9999.0 -9999.0 -9999.0 -9999.0 -9999.0 -9999.0 -9999.0    36.0    44.3    27.3    22.9    30.9    38.8 -9999.0 -9999.0 -9999.0 -9999.0 -9999.0 -9999.0 -9999.0 -9999.0 -9999.0   123.3 -9999.0 -9999.0 -9999.0 -9999.0 -9999.0   161.1 -9999.0 -9999.0 -9999.0 -9999.0 -9999.0 -9999.0 -9999.0 -9999.0 -9999.0 -9999.0 -9999.0 -9999.0 -9999.0 -9999.0 -9999.0 -9999.0 -9999.0 -9999.0 -9999.0 -9999.0 -9999.0 -9999.0 -9999.0 -9999.0 -9999.0 -9999.0 -9999.0 -9999.0 -9999.0 -9999.0 -9999.0 -9999.0 -9999.0 -9999.0 -9999.0 -9999.0 -9999.0 -9999.0 -9999.0 -9999.0 -9999.0 -9999.0 -9999.0 -9999.0 -9999.0 -9999.0 -9999.0 -9999.0 -9999.0 -9999.0 -9999.0
 -9999.0 -9999.0 -9999.0 -9999.0 -9999.0 -9999.0 -9999.0 -9999.0 -9999.0 -9999.0 -9999.0 -9999.0 -9999.0 -9999.0 -9999.0 -9999.0 -9999.0 -9999.0 -9999.0 -9999.0 -9999.0 -9999.0 -9999.0 -9999.0 -9999.0 -9999.0 -9999.0 -9999.0 -9999.0 -9999.0 -9999.0 -9999.0 -9999.0 -9999.0 -9999.0 -9999.0 -9999.0 -9999.0 -9999.0 -9999.0 -9999.0 -9999.0 -9999.0 -9999.0 -9999.0 -9999.0 -9999.0 -9999.0 -9999.0 -9999.0 -9999.0 -9999.0 -9999.0 -9999.0 -9999.0 -9999.0 -9999.0 -9999.0    26.9    27.6 -9999.0 -9999.0 -9999.0 -9999.0 -9999.0 -9999.0 -9999.0 -9999.0 -9999.0 -9999.0 -9999.0 -9999.0 -9999.0 -9999.0 -9999.0   146.9   152.8 -9999.0 -9999.0 -9999.0 -9999.0 -9999.0 -9999.0 -9999.0 -9999.0 -9999.0 -9999.0 -9999.0 -9999.0 -9999.0 -9999.0 -9999.0 -9999.0 -9999.0 -9999.0 -9999.0 -9999.0 -9999.0 -9999.0 -9999.0 -9999.0 -9999.0 -9999.0 -9999.0 -9999.0 -9999.0 -9999.0 -9999.0 -9999.0 -9999.0 -9999.0 -9999.0 -9999.0 -9999.0 -9999.0 -9999.0 -9999.0 -9999.0 -9999.0 -9999.0 -9999.0 -9999.0 -9999.0 -9999.0 -9999.0 -9999.0 -9999.0 -9999.0
 -9999.0 -9999.0 -9999.0 -9999.0 -9999.0 -9999.0 -9999.0 -9999.0 -9999.0 -9999.0 -9999.0 -9999.0 -9999.0 -9999.0 -9999.0 -9999.0 -9999.0 -9999.0 -9999.0 -9999.0 -9999.0 -9999.0 -9999.0 -9999.0 -9999.0 -9999.0 -9999.0 -9999.0 -9999.0 -9999.0 -9999.0 -9999.0 -9999.0 -9999.0 -9999.0 -9999.0 -9999.0 -9999.0 -9999.0 -9999.0 -9999.0 -9999.0 -9999.0 -9999.0 -9999.0 -9999.0 -9999.0 -9999.0 -9999.0 -9999.0 -9999.0 -9999.0 -9999.0 -9999.0 -9999.0 -9999.0 -9999.0 -9999.0 -9999.0 -9999.0 -9999.0 -9999.0 -9999.0 -9999.0 -9999.0 -9999.0 -9999.0 -9999.0 -9999.0 -9999.0 -9999.0 -9999.0 -9999.0 -9999.0 -9999.0 -9999.0 -9999.0 -9999.0 -9999.0 -9999.0 -9999.0 -9999.0 -9999.0 -9999.0 -9999.0 -9999.0 -9999.0 -9999.0 -9999.0 -9999.0 -9999.0 -9999.0 -9999.0 -9999.0 -9999.0 -9999.0 -9999.0 -9999.0 -9999.0 -9999.0 -9999.0 -9999.0 -9999.0 -9999.0 -9999.0 -9999.0 -9999.0 -9999.0 -9999.0 -9999.0 -9999.0 -9999.0 -9999.0 -9999.0 -9999.0 -9999.0 -9999.0 -9999.0 -9999.0 -9999.0 -9999.0 -9999.0 -9999.0 -9999.0 -9999.0 -9999.0 -9999.0 -9999.0
 -9999.0 -9999.0 -9999.0 -9999.0 -9999.0 -9999.0 -9999.0 -9999.0 -9999.0 -9999.0 -9999.0 -9999.0 -9999.0 -9999.0 -9999.0 -9999.0 -9999.0 -9999.0 -9999.0 -9999.0 -9999.0 -9999.0 -9999.0 -9999.0 -9999.0 -9999.0 -9999.0 -9999.0 -9999.0 -9999.0 -9999.0 -9999.0 -9999.0 -9999.0 -9999.0 -9999.0 -9999.0 -9999.0 -9999.0 -9999.0 -9999.0 -9999.0 -9999.0 -9999.0 -9999.0 -9999.0 -9999.0 -9999.0 -9999.0 -9999.0 -9999.0 -9999.0 -9999.0 -9999.0 -9999.0 -9999.0 -9999.0 -9999.0 -9999.0 -9999.0 -9999.0 -9999.0 -9999.0 -9999.0 -9999.0 -9999.0 -9999.0 -9999.0 -9999.0 -9999.0 -9999.0 -9999.0 -9999.0 -9999.0 -9999.0    57.5    69.8    80.2 -9999.0 -9999.0 -9999.0 -9999.0 -9999.0 -9999.0 -9999.0 -9999.0 -9999.0 -9999.0 -9999.0 -9999.0 -9999.0 -9999.0 -9999.0 -9999.0 -9999.0 -9999.0 -9999.0 -9999.0 -9999.0 -9999.0 -9999.0 -9999.0 -9999.0 -9999.0 -9999.0 -9999.0 -9999.0 -9999.0 -9999.0 -9999.0 -9999.0 -9999.0 -9999.0 -9999.0 -9999.0 -9999.0 -9999.0 -9999.0 -9999.0 -9999.0 -9999.0 -9999.0 -9999.0 -9999.0 -9999.0 -9999.0 -9999.0 -9999.0
 -9999.0 -9999.0 -9999.0 -9999.0 -9999.0 -9999.0 -9999.0 -9999.0 -9999.0 -9999.0 -9999.0 -9999.0 -9999.0 -9999.0 -9999.0 -9999.0 -9999.0 -9999.0 -9999.0 -9999.0 -9999.0 -9999.0 -9999.0 -9999.0 -9999.0 -9999.0 -9999.0 -9999.0 -9999.0 -9999.0 -9999.0 -9999.0 -9999.0 -9999.0 -9999.0 -9999.0 -9999.0 -9999.0 -9999.0 -9999.0 -9999.0 -9999.0 -9999.0 -9999.0 -9999.0 -9999.0 -9999.0 -9999.0 -9999.0 -9999.0 -9999.0 -9999.0 -9999.0 -9999.0 -9999.0 -9999.0 -9999.0 -9999.0 -9999.0 -9999.0 -9999.0 -9999.0 -9999.0 -9999.0 -9999.0 -9999.0 -9999.0 -9999.0 -9999.0 -9999.0 -9999.0 -9999.0 -9999.0    19.4    22.5    29.6    41.8 -9999.0 -9999.0 -9999.0 -9999.0 -9999.0 -9999.0 -9999.0 -9999.0 -9999.0 -9999.0 -9999.0 -9999.0 -9999.0 -9999.0 -9999.0 -9999.0 -9999.0 -9999.0 -9999.0 -9999.0 -9999.0 -9999.0 -9999.0 -9999.0 -9999.0 -9999.0 -9999.0 -9999.0 -9999.0 -9999.0 -9999.0 -9999.0 -9999.0 -9999.0 -9999.0 -9999.0 -9999.0 -9999.0 -9999.0 -9999.0 -9999.0 -9999.0 -9999.0 -9999.0 -9999.0 -9999.0 -9999.0 -9999.0 -9999.0 -9999.0 -9999.0
 -9999.0 -9999.0 -9999.0 -9999.0 -9999.0 -9999.0 -9999.0 -9999.0 -9999.0 -9999.0 -9999.0 -9999.0 -9999.0 -9999.0 -9999.0 -9999.0 -9999.0 -9999.0 -9999.0 -9999.0 -9999.0 -9999.0 -9999.0 -9999.0 -9999.0 -9999.0 -9999.0 -9999.0 -9999.0 -9999.0 -9999.0 -9999.0 -9999.0 -9999.0 -9999.0 -9999.0 -9999.0 -9999.0 -9999.0 -9999.0 -9999.0 -9999.0 -9999.0 -9999.0 -9999.0 -9999.0 -9999.0 -9999.0 -9999.0 -9999.0 -9999.0 -9999.0 -9999.0 -9999.0 -9999.0 -9999.0 -9999.0 -9999.0 -9999.0 -9999.0 -9999.0 -9999.0 -9999.0 -9999.0 -9999.0 -9999.0 -9999.0 -9999.0 -9999.0 -9999.0 -9999.0 -9999.0 -9999.0 -9999.0    10.3    16.4    26.8 -9999.0 -9999.0 -9999.0 -9999.0 -9999.0 -9999.0 -9999.0 -9999.0 -9999.0 -9999.0 -9999.0 -9999.0 -9999.0 -9999.0 -9999.0 -9999.0 -9999.0 -9999.0 -9999.0 -9999.0 -9999.0 -9999.0 -9999.0 -9999.0 -9999.0 -9999.0 -9999.0 -9999.0 -9999.0 -9999.0 -9999.0 -9999.0 -9999.0 -9999.0 -9999.0 -9999.0 -9999.0 -9999.0 -9999.0 -9999.0 -9999.0 -9999.0 -9999.0 -9999.0 -9999.0 -9999.0 -9999.0 -9999.0 -9999.0 -9999.0 -9999.0
 -9999.0 -9999.0 -9999.0 -9999.0 -9999.0 -9999.0 -9999.0 -9999.0 -9999.0 -9999.0 -9999.0 -9999.0 -9999.0 -9999.0 -9999.0 -9999.0 -9999.0 -9999.0 -9999.0 -9999.0 -9999.0 -9999.0 -9999.0 -9999.0 -9999.0 -9999.0 -9999.0 -9999.0 -9999.0 -9999.0 -9999.0 -9999.0 -9999.0 -9999.0 -9999.0 -9999.0 -9999.0 -9999.0 -9999.0 -9999.0 -9999.0 -9999.0 -9999.0 -9999.0 -9999.0 -9999.0 -9999.0 -9999.0 -9999.0 -9999.0 -9999.0 -9999.0 -9999.0 -9999.0 -9999.0 -9999.0 -9999.0 -9999.0 -9999.0 -9999.0 -9999.0 -9999.0 -9999.0 -9999.0 -9999.0 -9999.0 -9999.0 -9999.0 -9999.0 -9999.0 -9999.0 -9999.0 -9999.0 -9999.0 -9999.0 -9999.0 -9999.0 -9999.0 -9999.0 -9999.0 -9999.0 -9999.0 -9999.0 -9999.0 -9999.0 -9999.0 -9999.0 -9999.0 -9999.0 -9999.0 -9999.0 -9999.0 -9999.0 -9999.0 -9999.0 -9999.0 -9999.0 -9999.0 -9999.0 -9999.0 -9999.0 -9999.0 -9999.0 -9999.0 -9999.0 -9999.0 -9999.0 -9999.0 -9999.0 -9999.0 -9999.0 -9999.0 -9999.0 -9999.0 -9999.0 -9999.0 -9999.0 -9999.0 -9999.0 -9999.0 -9999.0 -9999.0 -9999.0 -9999.0 -9999.0 -9999.0 -9999.0 -9999.0
