NCOLS      128
NROWS       72
XLLCORNER    72.000000000000    
YLLCORNER    18.000000000000    
CELLSIZE    0.50000000000000    
NODATA_VALUE   -9999.000    
 -9999.0 -9999.0 -9999.0 -9999.0 -9999.0 -9999.0 -9999.0 -9999.0 -9999.0 -9999.0 -9999.0 -9999.0 -9999.0 -9999.0 -9999.0 -9999.0 -9999.0 -9999.0 -9999.0 -9999.0 -9999.0 -9999.0 -9999.0 -9999.0 -9999.0 -9999.0 -9999.0 -9999.0 -9999.0 -9999.0 -9999.0 -9999.0 -9999.0 -9999.0 -9999.0 -9999.0 -9999.0 -9999.0 -9999.0 -9999.0 -9999.0 -9999.0 -9999.0 -9999.0 -9999.0 -9999.0 -9999.0 -9999.0 -9999.0 -9999.0 -9999.0 -9999.0 -9999.0 -9999.0 -9999.0 -9999.0 -9999.0 -9999.0 -9999.0 -9999.0 -9999.0 -9999.0 -9999.0 -9999.0 -9999.0 -9999.0 -9999.0 -9999.0 -9999.0 -9999.0 -9999.0 -9999.0 -9999.0 -9999.0 -9999.0 -9999.0 -9999.0 -9999.0 -9999.0 -9999.0 -9999.0 -9999.0 -9999.0 -9999.0 -9999.0 -9999.0 -9999.0 -9999.0 -9999.0 -9999.0 -9999.0 -9999.0 -9999.0 -9999.0 -9999.0 -9999.0 -9999.0     4.5     4.8     5.0     8.6     9.1    12.4    15.9    25.3 -9999.0 -9999.0 -9999.0 -9999.0 -9999.0 -9999.0 -9999.0 -9999.0 -9999.0 -9999.0 -9999.0 -9999.0 -9999.0 -9999.0 -9999.0 -9999.0 -9999.0 -9999.0 -9999.0 -9999.0 -9999.0 -9999.0 -9999.0
 -9999.0 -9999.0 -9999.0 -9999.0 -9999.0 -9999.0 -9999.0 -9999.0 -9999.0 -9999.0 -9999.0 -9999.0 -9999.0 -9999.0 -9999.0 -9999.0 -9999.0 -9999.0 -9999.0 -9999.0 -9999.0 -9999.0 -9999.0 -9999.0 -9999.0 -9999.0 -9999.0 -9999.0 -9999.0 -9999.0 -9999.0 -9999.0 -9999.0 -9999.0 -9999.0 -9999.0 -9999.0 -9999.0 -9999.0 -9999.0 -9999.0 -9999.0 -9999.0 -9999.0 -9999.0 -9999.0 -9999.0 -9999.0 -9999.0 -9999.0 -9999.0 -9999.0 -9999.0 -9999.0 -9999.0 -9999.0 -9999.0 -9999.0 -9999.0 -9999.0 -9999.0 -9999.0 -9999.0 -9999.0 -9999.0 -9999.0 -9999.0 -9999.0 -9999.0 -9999.0 -9999.0 -9999.0 -9999.0 -9999.0 -9999.0 -9999.0 -9999.0 -9999.0 -9999.0 -9999.0 -9999.0 -9999.0 -9999.0 -9999.0 -9999.0 -9999.0 -9999.0 -9999.0 -9999.0 -9999.0 -9999.0 -9999.0 -9999.0 -9999.0 -9999.0 -9999.0     3.4     4.7    10.5    10.5    18.1    21.0    20.7    20.5    23.1    21.5    27.4    41.5    56.2 -9999.0 -9999.0 -9999.0 -9999.0 -9999.0 -9999.0 -9999.0 -9999.0 -9999.0 -9999.0 -9999.0 -9999.0 -9999.0 -9999.0 -9999.0 -9999.0 -9999.0 -9999.0 -9999.0
 -9999.0 -9999.0 -9999.0 -9999.0 -9999.0 -9999.0 -9999.0 -9999.0 -9999.0 -9999.0 -9999.0 -9999.0 -9999.0 -9999.0 -9999.0 -9999.0 -9999.0 -9999.0 -9999.0 -9999.0 -9999.0 -9999.0 -9999.0 -9999.0 -9999.0 -9999.0 -9999.0 -9999.0 -9999.0 -9999.0 -9999.0 -9999.0 -9999.0 -9999.0 -9999.0 -9999.0 -9999.0 -9999.0 -9999.0 -9999.0 -9999.0 -9999.0 -9999.0 -9999.0 -9999.0 -9999.0 -9999.0 -9999.0 -9999.0 -9999.0 -9999.0 -9999.0 -9999.0 -9999.0 -9999.0 -9999.0 -9999.0 -9999.0 -9999.0 -9999.0 -9999.0 -9999.0 -9999.0 -9999.0 -9999.0 -9999.0 -9999.0 -9999.0 -9999.0 -9999.0 -9999.0 -9999.0 -9999.0 -9999.0 -9999.0 -9999.0 -9999.0 -9999.0 -9999.0 -9999.0 -9999.0 -9999.0 -9999.0 -9999.0 -9999.0 -9999.0 -9999.0 -9999.0 -9999.0 -9999.0 -9999.0 -9999.0 -9999.0 -9999.0 -9999.0     5.9     6.0     8.2    14.5    14.4    20.8    28.3    32.2    32.9    29.0    39.4    32.5    46.5    58.0 -9999.0 -9999.0 -9999.0 -9999.0 -9999.0 -9999.0 -9999.0 -9999.0 -9999.0 -9999.0 -9999.0 -9999.0 -9999.0 -9999.0 -9999.0 -9999.0 -9999.0 -9999.0 -9999.0
 -9999.0 -9999.0 -9999.0 -9999.0 -9999.0 -9999.0 -9999.0 -9999.0 -9999.0 -9999.0 -9999.0 -9999.0 -9999.0 -9999.0 -9999.0 -9999.0 -9999.0 -9999.0 -9999.0 -9999.0 -9999.0 -9999.0 -9999.0 -9999.0 -9999.0 -9999.0 -9999.0 -9999.0 -9999.0 -9999.0 -9999.0 -9999.0 -9999.0 -9999.0 -9999.0 -9999.0 -9999.0 -9999.0 -9999.0 -9999.0 -9999.0 -9999.0 -9999.0 -9999.0 -9999.0 -9999.0 -9999.0 -9999.0 -9999.0 -9999.0 -9999.0 -9999.0 -9999.0 -9999.0 -9999.0 -9999.0 -9999.0 -9999.0 -9999.0 -9999.0 -9999.0 -9999.0 -9999.0 -9999.0 -9999.0 -9999.0 -9999.0 -9999.0 -9999.0 -9999.0 -9999.0 -9999.0 -9999.0 -9999.0 -9999.0 -9999.0 -9999.0 -9999.0 -9999.0 -9999.0 -9999.0 -9999.0 -9999.0 -9999.0 -9999.0 -9999.0 -9999.0 -9999.0 -9999.0 -9999.0 -9999.0 -9999.0 -9999.0 -9999.0 -9999.0     4.8     9.8     5.7    12.1    21.1    33.6    46.3    41.0    41.0    37.5    34.7    34.2    48.0    57.8    67.5 -9999.0 -9999.0 -9999.0 -9999.0 -9999.0 -9999.0 -9999.0 -9999.0 -9999.0 -9999.0 -9999.0 -9999.0 -9999.0 -9999.0 -9999.0 -9999.0 -9999.0 -9999.0
 -9999.0 -9999.0 -9999.0 -9999.0 -9999.0 -9999.0 -9999.0 -9999.0 -9999.0 -9999.0 -9999.0 -9999.0 -9999.0 -9999.0 -9999.0 -9999.0 -9999.0 -9999.0 -9999.0 -9999.0 -9999.0 -9999.0 -9999.0 -9999.0 -9999.0 -9999.0 -9999.0 -9999.0 -9999.0 -9999.0 -9999.0 -9999.0 -9999.0 -9999.0 -9999.0 -9999.0 -9999.0 -9999.0 -9999.0 -9999.0 -9999.0 -9999.0 -9999.0 -9999.0 -9999.0 -9999.0 -9999.0 -9999.0 -9999.0 -9999.0 -9999.0 -9999.0 -9999.0 -9999.0 -9999.0 -9999.0 -9999.0 -9999.0 -9999.0 -9999.0 -9999.0 -9999.0 -9999.0 -9999.0 -9999.0 -9999.0 -9999.0 -9999.0 -9999.0 -9999.0 -9999.0 -9999.0 -9999.0 -9999.0 -9999.0 -9999.0 -9999.0 -9999.0 -9999.0 -9999.0 -9999.0 -9999.0 -9999.0 -9999.0 -9999.0 -9999.0 -9999.0 -9999.0 -9999.0 -9999.0 -9999.0 -9999.0 -9999.0 -9999.0 -9999.0     6.0     5.2    14.1    19.5    22.7    27.7    48.6    51.1    48.6    43.2    45.1    37.3    47.3    58.3    59.5    63.8 -9999.0 -9999.0 -9999.0 -9999.0 -9999.0 -9999.0 -9999.0 -9999.0 -9999.0 -9999.0 -9999.0 -9999.0 -9999.0 -9999.0 -9999.0 -9999.0 -9999.0
 -9999.0 -9999.0 -9999.0 -9999.0 -9999.0 -9999.0 -9999.0 -9999.0 -9999.0 -9999.0 -9999.0 -9999.0 -9999.0 -9999.0 -9999.0 -9999.0 -9999.0 -9999.0 -9999.0 -9999.0 -9999.0 -9999.0 -9999.0 -9999.0 -9999.0 -9999.0 -9999.0 -9999.0 -9999.0 -9999.0 -9999.0 -9999.0 -9999.0 -9999.0 -9999.0 -9999.0 -9999.0 -9999.0 -9999.0 -9999.0 -9999.0 -9999.0 -9999.0 -9999.0 -9999.0 -9999.0 -9999.0 -9999.0 -9999.0 -9999.0 -9999.0 -9999.0 -9999.0 -9999.0 -9999.0 -9999.0 -9999.0 -9999.0 -9999.0 -9999.0 -9999.0 -9999.0 -9999.0 -9999.0 -9999.0 -9999.0 -9999.0 -9999.0 -9999.0 -9999.0 -9999.0 -9999.0 -9999.0 -9999.0 -9999.0 -9999.0 -9999.0 -9999.0 -9999.0 -9999.0 -9999.0 -9999.0 -9999.0 -9999.0 -9999.0 -9999.0 -9999.0 -9999.0 -9999.0 -9999.0 -9999.0 -9999.0 -9999.0 -9999.0     3.9     4.7     8.2    10.8    15.2    23.7    34.5    28.3    40.0    40.0    35.2    35.5    35.9    42.6    50.2    45.5    47.5 -9999.0 -9999.0 -9999.0 -9999.0 -9999.0 -9999.0 -9999.0 -9999.0 -9999.0 -9999.0 -9999.0 -9999.0 -9999.0 -9999.0 -9999.0 -9999.0 -9999.0
 -9999.0 -9999.0 -9999.0 -9999.0 -9999.0 -9999.0 -9999.0 -9999.0 -9999.0 -9999.0 -9999.0 -9999.0 -9999.0 -9999.0 -9999.0 -9999.0 -9999.0 -9999.0 -9999.0 -9999.0 -9999.0 -9999.0 -9999.0 -9999.0 -9999.0 -9999.0 -9999.0 -9999.0 -9999.0 -9999.0 -9999.0 -9999.0 -9999.0 -9999.0 -9999.0 -9999.0 -9999.0 -9999.0 -9999.0 -9999.0 -9999.0 -9999.0 -9999.0 -9999.0 -9999.0 -9999.0 -9999.0 -9999.0 -9999.0 -9999.0 -9999.0 -9999.0 -9999.0 -9999.0 -9999.0 -9999.0 -9999.0 -9999.0 -9999.0 -9999.0 -9999.0 -9999.0 -9999.0 -9999.0 -9999.0 -9999.0 -9999.0 -9999.0 -9999.0 -9999.0 -9999.0 -9999.0 -9999.0 -9999.0 -9999.0 -9999.0 -9999.0 -9999.0 -9999.0 -9999.0 -9999.0 -9999.0 -9999.0 -9999.0 -9999.0 -9999.0 -9999.0 -9999.0 -9999.0 -9999.0 -9999.0 -9999.0 -9999.0 -9999.0     4.3     7.2     8.8    11.1    15.1    15.5    21.7    26.1    27.1    25.7    22.6    27.5    30.4    33.8    40.6    39.2    28.4    27.8 -9999.0 -9999.0 -9999.0 -9999.0 -9999.0 -9999.0 -9999.0 -9999.0 -9999.0 -9999.0 -9999.0 -9999.0 -9999.0 -9999.0 -9999.0 -9999.0
 -9999.0 -9999.0 -9999.0 -9999.0 -9999.0 -9999.0 -9999.0 -9999.0 -9999.0 -9999.0 -9999.0 -9999.0 -9999.0 -9999.0 -9999.0 -9999.0 -9999.0 -9999.0 -9999.0 -9999.0 -9999.0 -9999.0 -9999.0 -9999.0 -9999.0 -9999.0 -9999.0 -9999.0 -9999.0 -9999.0 -9999.0 -9999.0 -9999.0 -9999.0 -9999.0 -9999.0 -9999.0 -9999.0 -9999.0 -9999.0 -9999.0 -9999.0 -9999.0 -9999.0 -9999.0 -9999.0 -9999.0 -9999.0 -9999.0 -9999.0 -9999.0 -9999.0 -9999.0 -9999.0 -9999.0 -9999.0 -9999.0 -9999.0 -9999.0 -9999.0 -9999.0 -9999.0 -9999.0 -9999.0 -9999.0 -9999.0 -9999.0 -9999.0 -9999.0 -9999.0 -9999.0 -9999.0 -9999.0 -9999.0 -9999.0 -9999.0 -9999.0 -9999.0 -9999.0 -9999.0 -9999.0 -9999.0 -9999.0 -9999.0 -9999.0 -9999.0 -9999.0 -9999.0 -9999.0     3.5 -9999.0 -9999.0     1.6     2.9     3.1     4.6     6.9     8.8    10.9    12.9     7.8    11.2    14.1    11.9    13.8    18.1    21.9    33.9    34.9    34.7    21.7    21.1 -9999.0 -9999.0 -9999.0 -9999.0 -9999.0 -9999.0 -9999.0 -9999.0 -9999.0 -9999.0 -9999.0 -9999.0 -9999.0 -9999.0 -9999.0 -9999.0
 -9999.0 -9999.0 -9999.0 -9999.0 -9999.0 -9999.0 -9999.0 -9999.0 -9999.0 -9999.0 -9999.0 -9999.0 -9999.0 -9999.0 -9999.0 -9999.0 -9999.0 -9999.0 -9999.0 -9999.0 -9999.0 -9999.0 -9999.0 -9999.0 -9999.0 -9999.0 -9999.0 -9999.0 -9999.0 -9999.0 -9999.0 -9999.0 -9999.0 -9999.0 -9999.0 -9999.0 -9999.0 -9999.0 -9999.0 -9999.0 -9999.0 -9999.0 -9999.0 -9999.0 -9999.0 -9999.0 -9999.0 -9999.0 -9999.0 -9999.0 -9999.0 -9999.0 -9999.0 -9999.0 -9999.0 -9999.0 -9999.0 -9999.0 -9999.0 -9999.0 -9999.0 -9999.0 -9999.0 -9999.0 -9999.0 -9999.0 -9999.0 -9999.0 -9999.0 -9999.0 -9999.0 -9999.0 -9999.0 -9999.0 -9999.0 -9999.0 -9999.0 -9999.0 -9999.0 -9999.0 -9999.0 -9999.0 -9999.0 -9999.0 -9999.0 -9999.0 -9999.0 -9999.0     3.3     2.7     2.6     1.6     1.4     2.8     2.9     6.1     7.0     8.6     7.7     6.5     7.2     6.6     5.5     7.4    10.4    14.8    18.3    22.8    27.4    29.4    26.1    19.9    23.9    26.4    24.6    21.8 -9999.0 -9999.0 -9999.0 -9999.0 -9999.0 -9999.0 -9999.0 -9999.0 -9999.0 -9999.0 -9999.0 -9999.0
 -9999.0 -9999.0 -9999.0 -9999.0 -9999.0 -9999.0 -9999.0 -9999.0 -9999.0 -9999.0 -9999.0 -9999.0 -9999.0 -9999.0 -9999.0 -9999.0 -9999.0 -9999.0 -9999.0 -9999.0 -9999.0 -9999.0 -9999.0 -9999.0 -9999.0 -9999.0 -9999.0 -9999.0 -9999.0    27.2    24.0    20.5    16.9 -9999.0 -9999.0 -9999.0 -9999.0 -9999.0 -9999.0 -9999.0 -9999.0 -9999.0 -9999.0 -9999.0 -9999.0 -9999.0 -9999.0 -9999.0 -9999.0 -9999.0 -9999.0 -9999.0 -9999.0 -9999.0 -9999.0 -9999.0 -9999.0 -9999.0 -9999.0 -9999.0 -9999.0 -9999.0 -9999.0 -9999.0 -9999.0 -9999.0 -9999.0 -9999.0 -9999.0 -9999.0 -9999.0 -9999.0 -9999.0 -9999.0 -9999.0 -9999.0 -9999.0 -9999.0 -9999.0 -9999.0 -9999.0 -9999.0 -9999.0 -9999.0 -9999.0 -9999.0 -9999.0     4.6     4.6     4.0     2.9     1.4     1.5     1.9     2.7     3.6     5.9     5.8     7.9     4.9     2.4     1.7     2.8     2.8     7.2    11.3    13.4    17.7    26.6    28.9    26.7    23.8    27.5    25.7    24.2    18.1    17.3    23.2 -9999.0 -9999.0 -9999.0 -9999.0 -9999.0 -9999.0 -9999.0 -9999.0 -9999.0 -9999.0
 -9999.0 -9999.0 -9999.0 -9999.0 -9999.0 -9999.0 -9999.0 -9999.0 -9999.0 -9999.0 -9999.0 -9999.0 -9999.0 -9999.0 -9999.0 -9999.0 -9999.0 -9999.0 -9999.0 -9999.0 -9999.0 -9999.0 -9999.0 -9999.0 -9999.0 -9999.0 -9999.0    36.0    28.9    21.6    23.5    20.2    20.1    13.6 -9999.0 -9999.0 -9999.0 -9999.0 -9999.0 -9999.0 -9999.0 -9999.0 -9999.0 -9999.0 -9999.0 -9999.0 -9999.0 -9999.0 -9999.0 -9999.0 -9999.0 -9999.0 -9999.0 -9999.0 -9999.0 -9999.0 -9999.0 -9999.0 -9999.0 -9999.0 -9999.0 -9999.0 -9999.0 -9999.0 -9999.0 -9999.0 -9999.0 -9999.0 -9999.0 -9999.0 -9999.0 -9999.0 -9999.0 -9999.0 -9999.0 -9999.0 -9999.0 -9999.0 -9999.0 -9999.0 -9999.0 -9999.0 -9999.0 -9999.0 -9999.0 -9999.0 -9999.0     7.2     6.9     4.3     2.7     1.7     1.4     1.9     2.4     3.6     4.2     6.0     4.4     3.8     1.6     1.2     2.1     2.9     4.4     7.7    11.8    17.6    19.3    22.2    27.4    29.9    33.4    28.3    24.7    23.6    20.6    24.4 -9999.0 -9999.0 -9999.0 -9999.0 -9999.0    26.7    25.3    24.8    24.0 -9999.0
 -9999.0 -9999.0 -9999.0 -9999.0 -9999.0 -9999.0 -9999.0 -9999.0 -9999.0 -9999.0 -9999.0 -9999.0 -9999.0 -9999.0 -9999.0 -9999.0 -9999.0 -9999.0 -9999.0 -9999.0 -9999.0 -9999.0 -9999.0 -9999.0 -9999.0 -9999.0    41.5    29.5    22.1    17.4    15.1    14.5    26.3    19.6    19.2    16.7    14.7 -9999.0 -9999.0 -9999.0 -9999.0 -9999.0 -9999.0 -9999.0 -9999.0 -9999.0 -9999.0 -9999.0 -9999.0 -9999.0 -9999.0 -9999.0 -9999.0 -9999.0 -9999.0 -9999.0 -9999.0 -9999.0 -9999.0 -9999.0 -9999.0 -9999.0 -9999.0 -9999.0 -9999.0 -9999.0 -9999.0 -9999.0 -9999.0 -9999.0 -9999.0 -9999.0 -9999.0 -9999.0 -9999.0 -9999.0 -9999.0 -9999.0 -9999.0 -9999.0 -9999.0 -9999.0 -9999.0 -9999.0 -9999.0 -9999.0     6.2     7.0     6.4     4.8     3.7     2.3     1.7     1.9     2.2     3.7     4.1     5.4     4.9     1.7     1.1     1.1     2.0     3.3     3.5     5.4     9.0    13.1    15.6    20.2    26.0    28.6    28.7    22.0    25.1    21.6    15.8    20.1    32.0 -9999.0 -9999.0    28.5    28.1    27.9    27.3    30.6    27.3 -9999.0
 -9999.0 -9999.0 -9999.0 -9999.0 -9999.0 -9999.0 -9999.0 -9999.0 -9999.0 -9999.0 -9999.0 -9999.0 -9999.0 -9999.0 -9999.0 -9999.0 -9999.0 -9999.0 -9999.0 -9999.0 -9999.0 -9999.0 -9999.0 -9999.0 -9999.0 -9999.0    33.8    24.2    18.7    14.6    11.6    11.6    11.3    19.5    20.1    20.8    26.2    12.6 -9999.0 -9999.0 -9999.0 -9999.0 -9999.0 -9999.0 -9999.0 -9999.0 -9999.0 -9999.0 -9999.0 -9999.0 -9999.0 -9999.0 -9999.0 -9999.0 -9999.0 -9999.0 -9999.0 -9999.0 -9999.0 -9999.0 -9999.0 -9999.0 -9999.0 -9999.0 -9999.0 -9999.0 -9999.0 -9999.0 -9999.0 -9999.0 -9999.0 -9999.0 -9999.0 -9999.0 -9999.0 -9999.0 -9999.0 -9999.0 -9999.0 -9999.0 -9999.0 -9999.0 -9999.0 -9999.0 -9999.0 -9999.0     5.8     6.1     6.4     5.9     4.5     3.1     2.8     2.5     3.2     3.8     6.2     4.5     2.4     2.1     1.9     2.3     4.0     4.3     4.2     4.6     6.0     8.7    12.3    15.1    18.9    24.2    25.8    14.4    11.8    26.2    14.1    17.0    19.1    22.4    25.6    28.3    29.7    30.0    30.1    30.1    30.5 -9999.0
 -9999.0 -9999.0 -9999.0 -9999.0 -9999.0 -9999.0 -9999.0 -9999.0 -9999.0 -9999.0 -9999.0 -9999.0 -9999.0 -9999.0 -9999.0 -9999.0 -9999.0 -9999.0 -9999.0 -9999.0 -9999.0   108.1    88.7    74.6    56.5    37.7    27.0    24.0    21.3    18.0    14.3    14.5    15.3    19.2    23.4    21.0    21.2    16.1    16.1 -9999.0 -9999.0 -9999.0 -9999.0 -9999.0 -9999.0 -9999.0 -9999.0 -9999.0 -9999.0 -9999.0 -9999.0 -9999.0 -9999.0 -9999.0 -9999.0 -9999.0 -9999.0 -9999.0 -9999.0 -9999.0 -9999.0 -9999.0 -9999.0 -9999.0 -9999.0 -9999.0 -9999.0 -9999.0 -9999.0 -9999.0 -9999.0 -9999.0 -9999.0 -9999.0 -9999.0 -9999.0 -9999.0 -9999.0 -9999.0 -9999.0 -9999.0 -9999.0 -9999.0 -9999.0 -9999.0 -9999.0 -9999.0     7.3 -9999.0 -9999.0     5.6 -9999.0 -9999.0     4.4     4.1     4.9     7.0     3.9     2.5     4.2     3.4     5.0     6.1     6.1     5.8     6.2     5.7     7.1     7.8    11.2    13.2    14.0    14.8    14.2    10.6    12.3     9.9    13.2    16.8    20.1    25.7    27.8    30.8    32.8    34.5    37.7 -9999.0 -9999.0
 -9999.0 -9999.0 -9999.0 -9999.0 -9999.0 -9999.0 -9999.0 -9999.0 -9999.0 -9999.0 -9999.0 -9999.0 -9999.0 -9999.0 -9999.0 -9999.0 -9999.0 -9999.0 -9999.0 -9999.0 -9999.0   105.3    89.2    67.4    46.4    32.3    23.1    19.8    21.7    22.3    20.2    23.2    28.0    28.0    27.9    23.5    17.1    20.1     8.9 -9999.0 -9999.0 -9999.0 -9999.0 -9999.0 -9999.0 -9999.0 -9999.0 -9999.0 -9999.0 -9999.0 -9999.0 -9999.0 -9999.0 -9999.0 -9999.0 -9999.0 -9999.0 -9999.0 -9999.0 -9999.0 -9999.0 -9999.0 -9999.0 -9999.0 -9999.0 -9999.0 -9999.0 -9999.0 -9999.0 -9999.0 -9999.0 -9999.0 -9999.0 -9999.0 -9999.0 -9999.0 -9999.0 -9999.0 -9999.0 -9999.0 -9999.0 -9999.0 -9999.0 -9999.0 -9999.0 -9999.0 -9999.0 -9999.0 -9999.0     7.6     7.7     7.6     8.1     6.3     5.8     6.3     3.6     2.9     2.5     3.1     3.8     4.7     5.3     5.7     5.9     5.5     4.5     4.3     4.8     7.0     8.5     9.3    11.0    12.8    14.1     6.8     8.6    12.6    15.8    18.9    23.0    28.7    35.2    41.8    39.7 -9999.0 -9999.0 -9999.0
 -9999.0 -9999.0 -9999.0 -9999.0 -9999.0 -9999.0 -9999.0 -9999.0 -9999.0 -9999.0 -9999.0 -9999.0 -9999.0 -9999.0 -9999.0 -9999.0 -9999.0 -9999.0 -9999.0 -9999.0    87.2    80.3    66.4    50.6    36.6    27.0    20.5    18.7    18.8    22.5    29.9    32.8    40.2    41.7    36.0    26.2    18.5     9.9     6.1 -9999.0 -9999.0 -9999.0 -9999.0 -9999.0 -9999.0 -9999.0 -9999.0 -9999.0 -9999.0 -9999.0 -9999.0 -9999.0 -9999.0 -9999.0 -9999.0 -9999.0 -9999.0 -9999.0 -9999.0 -9999.0 -9999.0 -9999.0 -9999.0 -9999.0 -9999.0 -9999.0 -9999.0 -9999.0 -9999.0 -9999.0 -9999.0 -9999.0 -9999.0 -9999.0 -9999.0 -9999.0 -9999.0 -9999.0 -9999.0 -9999.0 -9999.0 -9999.0 -9999.0 -9999.0 -9999.0 -9999.0 -9999.0 -9999.0     8.2     9.1     9.6     9.3     9.9     8.6     7.0     5.7     3.4     3.6     2.6     2.5     3.1     2.8     2.9     3.5     4.0     3.9     3.2     2.8     3.3     4.5     5.0     5.0     7.6     7.8     7.8     9.9    12.0    16.6    22.5    25.0    27.0    34.5    41.1    45.7    48.4 -9999.0 -9999.0 -9999.0
 -9999.0 -9999.0 -9999.0 -9999.0 -9999.0 -9999.0 -9999.0 -9999.0 -9999.0 -9999.0 -9999.0 -9999.0 -9999.0 -9999.0 -9999.0 -9999.0 -9999.0 -9999.0    71.1    71.8    64.5    49.0    46.3    37.8    31.6    27.5    22.4    20.4    21.2    28.2    36.4    47.3    55.6    53.9    45.9    33.9    20.0     9.7     4.8 -9999.0 -9999.0 -9999.0 -9999.0 -9999.0 -9999.0 -9999.0 -9999.0 -9999.0 -9999.0 -9999.0 -9999.0 -9999.0 -9999.0 -9999.0 -9999.0 -9999.0 -9999.0 -9999.0 -9999.0 -9999.0 -9999.0 -9999.0 -9999.0 -9999.0 -9999.0 -9999.0 -9999.0 -9999.0 -9999.0 -9999.0 -9999.0 -9999.0 -9999.0 -9999.0 -9999.0 -9999.0 -9999.0 -9999.0 -9999.0 -9999.0 -9999.0 -9999.0 -9999.0 -9999.0     3.6     4.9     6.9     6.9     7.4    10.6    11.3    11.7    10.3     9.6     7.4     6.2     3.0     2.4     1.6     1.5     1.4     1.2     1.2     1.8     2.7     3.2     3.0     2.7     2.9     4.0     4.7     5.2     7.3     8.5    13.9    17.8    28.9    24.6    29.0    32.0    37.9    44.5    51.5    56.2 -9999.0 -9999.0 -9999.0 -9999.0
 -9999.0 -9999.0 -9999.0 -9999.0 -9999.0 -9999.0 -9999.0 -9999.0 -9999.0 -9999.0 -9999.0 -9999.0 -9999.0 -9999.0 -9999.0    49.4    57.6    60.4    56.2    59.7    54.4    39.8    40.2    31.9    30.1    30.0    30.4    29.6    29.9    36.9    47.5    56.9    64.1    61.6    61.3    47.4    28.2    45.1    16.9     8.4    11.3    13.7    14.0    15.4 -9999.0 -9999.0 -9999.0 -9999.0 -9999.0 -9999.0 -9999.0 -9999.0 -9999.0 -9999.0 -9999.0 -9999.0 -9999.0 -9999.0 -9999.0 -9999.0 -9999.0 -9999.0 -9999.0 -9999.0 -9999.0 -9999.0 -9999.0 -9999.0 -9999.0 -9999.0 -9999.0 -9999.0 -9999.0 -9999.0 -9999.0 -9999.0 -9999.0 -9999.0 -9999.0     2.7     2.6     2.3     2.0     2.4     3.7     4.9     6.1     6.6     7.2     9.5    10.1    11.3    10.8    10.3     8.0     7.3     3.3     2.0     1.2     0.8     0.6     0.6     0.8     1.3     2.1     3.0     2.8     2.7     3.5     4.9     7.6     7.8     8.9    13.4    32.7    26.5    30.9    35.2    39.0    43.7    49.6    56.9    63.5    68.1 -9999.0 -9999.0 -9999.0 -9999.0
 -9999.0 -9999.0 -9999.0 -9999.0 -9999.0 -9999.0 -9999.0 -9999.0 -9999.0 -9999.0 -9999.0 -9999.0 -9999.0 -9999.0 -9999.0    58.7    55.4    54.0    54.7    56.8    39.4    27.4    25.1    29.6    34.4    39.9    43.8    42.9    41.7    44.6    51.1    55.5    58.8    50.7    46.2    39.9    24.0    20.3     6.9     5.0     3.5     1.0     2.2     4.3     4.2     6.8    25.0 -9999.0 -9999.0 -9999.0 -9999.0 -9999.0 -9999.0 -9999.0 -9999.0 -9999.0 -9999.0 -9999.0 -9999.0 -9999.0 -9999.0 -9999.0 -9999.0 -9999.0 -9999.0 -9999.0 -9999.0 -9999.0 -9999.0 -9999.0 -9999.0 -9999.0 -9999.0 -9999.0 -9999.0 -9999.0 -9999.0 -9999.0     4.0     3.7     3.2     3.0     2.6     2.2     2.6     3.4     4.4     5.8     7.3     9.0    11.1    11.8    12.1     9.8    11.0     4.7     3.2     1.5     0.9     0.5     0.4     0.5     0.9     1.7     2.6     3.5     3.1     2.6     3.9     5.8     8.9    12.0    25.2    30.2    33.8    34.1    41.6    45.3    49.1    54.8    61.8    69.0    74.8 -9999.0 -9999.0 -9999.0 -9999.0 -9999.0
 -9999.0 -9999.0 -9999.0 -9999.0 -9999.0 -9999.0 -9999.0 -9999.0 -9999.0 -9999.0 -9999.0 -9999.0 -9999.0 -9999.0 -9999.0 -9999.0    35.2    45.2    57.1    53.4    42.7    47.4    25.6    41.8    48.9    52.8    58.8    58.3    53.0    50.0    51.6    47.6    42.0    37.9    39.7    42.1    37.1    26.6    16.3    18.1    26.2    14.4    10.2     3.4     2.1     1.5     1.3     1.3 -9999.0 -9999.0 -9999.0 -9999.0 -9999.0 -9999.0 -9999.0 -9999.0 -9999.0 -9999.0 -9999.0 -9999.0 -9999.0 -9999.0 -9999.0 -9999.0 -9999.0 -9999.0 -9999.0 -9999.0 -9999.0 -9999.0 -9999.0 -9999.0 -9999.0 -9999.0 -9999.0 -9999.0 -9999.0 -9999.0     5.9     4.5     3.9     3.3     1.9     1.4     1.8     2.6     4.7     5.5     7.3    10.0    10.3    11.2    13.1    10.2     5.6     3.9     2.5     1.7     0.9     0.5     0.4     0.6     1.4     2.7     3.7     3.4     3.1     3.1     4.9     8.6    14.6    30.9    43.7    35.1    37.8    44.3    47.2    51.4    56.4    64.8 -9999.0 -9999.0 -9999.0 -9999.0 -9999.0 -9999.0 -9999.0 -9999.0
 -9999.0 -9999.0 -9999.0 -9999.0 -9999.0 -9999.0 -9999.0 -9999.0 -9999.0 -9999.0 -9999.0 -9999.0 -9999.0 -9999.0 -9999.0 -9999.0    27.5    39.0    50.8    54.0    51.9    52.4    52.0    34.5    13.7    13.1    20.4    45.1    40.3    59.2    52.6    49.1    99.5   101.7    53.2    56.9    77.1    51.4    34.2    41.1    52.0    30.3    39.9    70.1     4.7     0.4     0.2     0.2 -9999.0 -9999.0 -9999.0 -9999.0 -9999.0 -9999.0 -9999.0 -9999.0 -9999.0 -9999.0 -9999.0 -9999.0 -9999.0 -9999.0 -9999.0 -9999.0 -9999.0 -9999.0 -9999.0 -9999.0 -9999.0 -9999.0 -9999.0 -9999.0 -9999.0 -9999.0 -9999.0 -9999.0 -9999.0     5.6     6.4     5.6     4.4     2.9     2.1     1.9     1.6     2.4     3.5     4.9     6.6     8.9    11.4    10.4     8.2     8.2     7.5     5.1     3.9     2.7     1.2     0.6     0.5     0.9     1.9     3.6     4.5     5.2     5.9     6.9     9.7    15.8    24.7    32.1    39.9    44.1    50.2    50.9    54.1    60.3    64.5 -9999.0 -9999.0 -9999.0 -9999.0 -9999.0 -9999.0 -9999.0 -9999.0 -9999.0
 -9999.0 -9999.0 -9999.0 -9999.0 -9999.0 -9999.0 -9999.0 -9999.0 -9999.0 -9999.0 -9999.0 -9999.0 -9999.0 -9999.0 -9999.0 -9999.0    38.7    39.3    37.4    43.6    46.3    49.4    21.7    25.4    18.6    14.0     6.7    11.0    18.4    29.0    39.9    35.2    13.6    10.8    40.6    67.9    54.8    16.2     9.3     0.8     5.4    14.2    22.4    52.1    33.5     4.6     0.3     0.1     0.3     0.4     0.2 -9999.0 -9999.0 -9999.0 -9999.0 -9999.0 -9999.0 -9999.0 -9999.0 -9999.0 -9999.0 -9999.0 -9999.0 -9999.0 -9999.0 -9999.0 -9999.0 -9999.0 -9999.0 -9999.0 -9999.0 -9999.0 -9999.0 -9999.0 -9999.0 -9999.0     6.1     7.5     9.3     7.5     6.2     4.5     2.5     1.8     1.7     2.1     3.2     4.9     7.3     9.7    11.3     9.7     9.0     9.0     9.0     8.1     6.9     4.8     2.2     1.1     1.1     2.0     3.8     6.2     8.7    12.6    15.9    21.1    28.9    35.6    41.9    60.5    57.7    56.7    56.3    59.1    58.8    64.8    75.7    86.8 -9999.0 -9999.0 -9999.0 -9999.0 -9999.0 -9999.0 -9999.0 -9999.0
 -9999.0 -9999.0 -9999.0 -9999.0 -9999.0 -9999.0 -9999.0 -9999.0 -9999.0 -9999.0 -9999.0 -9999.0 -9999.0 -9999.0 -9999.0    27.0    23.5    27.3    26.8    19.0    12.7     6.9     5.0     7.2     5.3     1.3     1.5     2.7     4.7    13.7    25.8     6.6     0.8     0.3     0.1     0.1     1.7     0.2     0.0     0.0     0.0     0.0     0.4     0.7     1.7     3.0     1.1     0.3     0.3     0.2     0.1     0.1     0.1     0.3     0.2     0.2     0.1     0.1     0.1     0.1     0.0 -9999.0 -9999.0 -9999.0 -9999.0 -9999.0 -9999.0 -9999.0 -9999.0     0.3     0.3     0.5     1.0     1.8     3.1     4.1     7.0     7.5     8.5    10.1     8.2     5.5     3.2     2.3     2.0     2.5     3.6     5.4     8.8    12.5    14.5    13.1    12.6    11.6    12.1    11.0     9.7     7.3     3.8     2.4     3.3     6.1    10.2    15.2    21.9    29.4    38.0    45.2    50.8    62.7    68.4    70.7    67.8    63.9    61.3    67.1    77.1    83.4 -9999.0 -9999.0 -9999.0 -9999.0 -9999.0 -9999.0 -9999.0 -9999.0 -9999.0 -9999.0
 -9999.0 -9999.0 -9999.0 -9999.0 -9999.0 -9999.0 -9999.0 -9999.0 -9999.0 -9999.0 -9999.0 -9999.0 -9999.0 -9999.0    33.0    33.4    28.1    21.5    16.7    11.2     9.0    12.1     8.6     1.1     0.8     0.2     0.2     1.6     2.0     1.5     1.2     2.1     0.8     2.8     1.8     0.8     1.4     1.4     1.5     0.3     0.1     0.1     0.1     0.2     0.3     0.5     0.5     1.3     1.0     0.7     0.5     0.3     0.4     0.3     0.2     0.3     0.3     0.2     0.1     0.1     0.1     0.1     0.1     0.1     0.1     0.3     0.2     0.3     0.2     0.3     0.5     1.1     1.4     2.2     3.5     4.7     6.8     9.1    10.6    12.1     9.8     6.7     5.6     3.9     3.9     4.0     5.6     8.0    13.0    18.2    21.4    21.4    13.9    14.4    14.5    13.7    12.1     9.1     6.0     6.1    11.3    19.4    26.7    34.5    44.3    57.6    69.2    77.0    83.2    92.6    89.1    84.7    72.8    62.6    58.2    63.7    76.5 -9999.0 -9999.0 -9999.0 -9999.0 -9999.0 -9999.0 -9999.0 -9999.0 -9999.0 -9999.0 -9999.0
 -9999.0 -9999.0 -9999.0 -9999.0 -9999.0 -9999.0 -9999.0 -9999.0 -9999.0 -9999.0 -9999.0 -9999.0    39.2    36.1    32.4    17.3    20.5     9.7     7.1     6.4     5.4     4.0     3.8     3.6     2.9     2.6     2.2     1.7     0.8     0.6     0.8     1.0     2.1     1.7     0.4     0.9     2.5     2.5     0.6     0.8     0.5     0.9     1.5     1.7     1.9     3.6     4.2     3.8     4.4     1.8     1.1     0.6     0.8     0.9     0.8     1.0     1.1     0.8     0.5     0.3     0.2     0.2     0.1     0.1     0.1     0.2     0.3     0.4     0.7     1.1     2.0     3.0     2.2     3.8     5.7     7.0     8.7    11.3    13.3    12.2    11.5     7.7     8.3     6.5     6.5     7.9    10.2    14.3    22.0    27.4    27.0    22.3    27.7    25.9    20.6    20.2    17.6    15.6    14.8    18.7    33.8    46.3    53.5    58.6    64.9    79.1    90.6    97.8   101.8   102.4    95.6    77.6    63.1    53.1    50.0 -9999.0 -9999.0 -9999.0 -9999.0 -9999.0 -9999.0 -9999.0 -9999.0 -9999.0 -9999.0 -9999.0 -9999.0 -9999.0
 -9999.0 -9999.0 -9999.0 -9999.0 -9999.0 -9999.0 -9999.0 -9999.0 -9999.0    31.6    33.9    34.0    32.4    20.6     3.4     1.5     1.1     1.5     1.8     1.7     1.1     0.6     0.4     0.5     0.5     0.7     0.8     1.0     1.2     1.3     1.3     1.4     2.2     1.4     1.5     3.8     1.2     0.2     0.0     0.0     0.3     0.9     0.7     1.8     3.5     6.1     7.3     6.7     5.5     5.8     2.1     1.0     0.9     1.8     4.2     3.7     3.6     2.9     1.8     1.2     0.6     0.4     0.3     0.3     0.2     0.4     0.7     0.9     2.3     4.9     1.4     1.2     1.5     2.4     4.3     5.7     7.7    11.6    11.7    13.6    14.3    12.9     8.9     9.6    11.7    13.4    21.7    23.4    32.1    35.7    33.0    29.0    25.3    28.2    28.7    30.1    30.1    30.4    37.0    50.5    67.5    77.3    77.4    73.0    72.0    77.4    88.8    99.7   102.2    92.4    79.0    63.5    50.5 -9999.0 -9999.0 -9999.0 -9999.0 -9999.0 -9999.0 -9999.0 -9999.0 -9999.0 -9999.0 -9999.0 -9999.0 -9999.0 -9999.0 -9999.0
 -9999.0 -9999.0 -9999.0 -9999.0 -9999.0    22.9    21.6    22.6    23.8    25.2    23.8    24.7    23.0    12.3     4.6     1.2     0.5     0.6     0.7     0.5     0.3     0.2     0.1     0.2     0.3     0.4     0.7     1.2     1.7     2.2     2.6     2.6     1.8     0.9     0.5     0.2     0.1     0.0     0.0     0.1     0.2     0.2     1.0     4.5     5.9     7.1     5.3     4.9     4.2     3.3     3.3     2.0     2.7     4.3     7.1     7.8     7.8     6.5     4.6     3.4     2.4     2.0     1.3     1.0     1.3     1.6     1.8     2.9     4.4     1.6     1.7     2.1     2.5     3.5     5.7     4.7     5.3     7.2     5.3     5.1     7.8     9.5    12.3    15.8    18.1    16.0    22.4    28.1    38.4    41.7    34.1    34.6    31.6    35.4    39.3    43.3    45.8    50.4 -9999.0 -9999.0    86.0    86.1    65.8    68.3    79.6    83.6    91.5    90.2    86.5 -9999.0 -9999.0 -9999.0 -9999.0 -9999.0 -9999.0 -9999.0 -9999.0 -9999.0 -9999.0 -9999.0 -9999.0 -9999.0 -9999.0 -9999.0 -9999.0 -9999.0 -9999.0 -9999.0
 -9999.0 -9999.0 -9999.0    18.9    19.9    16.8    17.2    17.3    17.5    11.4     6.8     6.1     9.1     2.3     0.5     0.4     0.4     0.5     0.6     0.4     0.3     0.2     0.2     0.2     0.3     0.6     1.2     2.2     2.4     3.4     3.7     3.2     2.0     0.9     0.3     0.1     0.0     0.0     0.0     0.0     0.0     0.1     0.3     2.1     5.9     8.1     8.2     9.6     7.1     7.0     3.5     1.7     1.9     3.8     7.8    12.0    14.8    12.9     9.2     6.3     4.4     3.2     2.8     2.9     2.8     3.1     5.7     3.3     2.3     2.0     3.1     3.9     4.8     5.1     5.0     5.2     6.1     7.0     7.1     7.7    10.1    20.2    17.7    21.8    31.4    24.7    29.4    34.8    39.6    39.7    38.6    35.7    37.4    44.7    51.2    56.1    60.8 -9999.0 -9999.0 -9999.0    76.1    61.6    67.6    72.3    82.3    81.2    84.2 -9999.0 -9999.0 -9999.0 -9999.0 -9999.0 -9999.0 -9999.0 -9999.0 -9999.0 -9999.0 -9999.0 -9999.0 -9999.0 -9999.0 -9999.0 -9999.0 -9999.0 -9999.0 -9999.0 -9999.0 -9999.0
 -9999.0 -9999.0    14.7    14.3    14.4    15.3    14.2    11.5     6.3     3.7     2.0     1.0     0.5     0.3     0.3     0.4     0.5     0.8     0.9     0.8     0.6     0.4     0.4     0.5     0.9     1.6     2.4     3.3     4.5     4.6     4.5     3.4     2.0     0.9     0.3     0.1     0.0     0.0     0.0     0.0     0.1     0.3     1.7     6.0    13.0    23.2    36.4    36.9    31.0    22.1    20.8    11.6     5.6     6.2    11.9    21.1    20.1    18.1    12.3     8.4     5.3     5.2     3.4     3.4     3.7     4.8     5.2     3.7     2.8     2.1     4.2     5.4     6.4     7.2     7.9     8.6    10.7    13.4    14.7    16.0    20.0    25.8    27.6    31.9    32.2    44.0    40.2    43.3    47.6    49.8    48.3    49.3    54.9    60.2    65.2 -9999.0 -9999.0 -9999.0 -9999.0    58.6    56.4    56.6    57.8    65.8 -9999.0 -9999.0 -9999.0 -9999.0 -9999.0 -9999.0 -9999.0 -9999.0 -9999.0 -9999.0 -9999.0 -9999.0 -9999.0 -9999.0 -9999.0 -9999.0 -9999.0 -9999.0 -9999.0 -9999.0 -9999.0 -9999.0 -9999.0 -9999.0
 -9999.0 -9999.0     9.1     8.3     7.3     8.5    10.4     7.2     4.4     2.3     1.1     0.5     0.3     0.2     0.3     0.5     1.0     1.5     2.0     2.1     2.0     1.9     2.0     2.6     3.4     4.5     5.7     6.6     7.0     6.5     5.5     3.9     2.2     1.1     0.5     0.5     0.9     1.3     0.6     0.3     0.2     0.7     6.0    27.7    14.1    25.4    38.0    37.2    42.0    38.6    34.6    36.0    29.7    24.2    21.3    25.1    23.4    26.1    15.5    11.4     7.9     5.2     4.4     3.7     4.1     5.1     5.7     5.6     5.2     2.2     3.5     5.4     7.7     9.8    12.5    15.9    20.7    26.3    29.7    30.0    31.7    35.2    40.3    42.0    40.0    42.0    46.5    46.7    49.9    55.5    60.2    65.8    75.2    80.1 -9999.0 -9999.0 -9999.0 -9999.0 -9999.0    47.0 -9999.0 -9999.0 -9999.0 -9999.0 -9999.0 -9999.0 -9999.0 -9999.0 -9999.0 -9999.0 -9999.0 -9999.0 -9999.0 -9999.0 -9999.0 -9999.0 -9999.0 -9999.0 -9999.0 -9999.0 -9999.0 -9999.0 -9999.0 -9999.0 -9999.0 -9999.0 -9999.0 -9999.0
 -9999.0 -9999.0     6.4     5.0     4.7     4.8     5.4     4.9     3.2     1.5     0.7     0.3     0.2     0.2     0.4     0.9     2.0     3.4     4.5     5.2     5.5     5.9     6.4     7.4     8.5     9.8    10.8    11.2    10.9     9.7     7.4     4.9     5.5     9.2     9.6    11.2     5.6     3.8     3.2     1.3     0.2     0.2     0.4     2.9     8.3    17.4    25.7    32.6    36.0    37.4    41.6    34.5    30.4    28.9    23.4    24.4    30.8    24.4    20.8    13.9     6.5     5.3     4.2     3.4     3.6     4.8     6.2     9.4     3.3     2.8     4.2     6.0     8.9    13.2    19.3    26.8    34.5    43.4    46.4    44.4    43.1    42.0    42.8    43.3    34.6    35.4    36.2    37.1    42.9    51.1    59.1 -9999.0 -9999.0 -9999.0 -9999.0 -9999.0 -9999.0 -9999.0 -9999.0 -9999.0 -9999.0 -9999.0 -9999.0 -9999.0 -9999.0 -9999.0 -9999.0 -9999.0 -9999.0 -9999.0 -9999.0 -9999.0 -9999.0 -9999.0 -9999.0 -9999.0 -9999.0 -9999.0 -9999.0 -9999.0 -9999.0 -9999.0 -9999.0 -9999.0 -9999.0 -9999.0 -9999.0 -9999.0
 -9999.0 -9999.0 -9999.0     2.8     3.0     2.3     2.2     2.2     2.2     1.2     0.5     0.3     0.2     0.3     0.6     1.8     4.0     6.8     9.0    10.2    11.4    12.4    13.7    15.4    16.8    17.7    18.2    17.6    15.8    12.1     8.4     9.7     9.7    18.6    21.7    12.7     5.2     2.3     1.5     0.3     0.1     0.1     0.3     1.2     4.9    11.6    21.3    28.4    35.6    37.4    37.7    35.9    32.6    30.3    23.3    20.0    20.0    24.2    23.3    13.2     8.0     6.0     4.7     3.1     2.8     3.7     5.8     8.6     4.6     4.8     6.0     7.2    10.7    16.2    25.0    34.6    44.1    54.3    55.9    51.6    44.4    39.8    35.7    31.1    28.8    27.0    24.8    27.1    36.7    47.4    55.9    65.1 -9999.0 -9999.0 -9999.0 -9999.0 -9999.0 -9999.0 -9999.0 -9999.0 -9999.0 -9999.0 -9999.0 -9999.0 -9999.0 -9999.0 -9999.0 -9999.0 -9999.0 -9999.0 -9999.0 -9999.0 -9999.0 -9999.0 -9999.0 -9999.0 -9999.0 -9999.0 -9999.0 -9999.0 -9999.0 -9999.0 -9999.0 -9999.0 -9999.0 -9999.0 -9999.0 -9999.0
 -9999.0 -9999.0 -9999.0 -9999.0 -9999.0     1.2     1.4     1.2     0.9     0.7     0.4     0.3     0.3     0.4     1.2     3.3     7.4    12.0    14.9    16.5    17.5    19.8    22.5    24.5    25.8    25.7    23.3    20.0    11.0     9.8    10.6    12.9    15.0    14.7    22.1    12.4    11.0     7.3     2.2     0.5     0.2     0.2     0.3     1.1     3.3     7.1    11.9    21.9    26.0    33.5    35.2    36.6    33.6    28.5    23.9    19.2    17.2    17.5    19.7    19.6    16.3     9.3     6.4     3.2     2.6     3.9     6.6     8.4     7.5     6.9     7.1     8.4    11.9    18.2    27.0    34.9    42.3    49.7    56.4    48.7    39.7    33.3    25.3    24.6    26.6    25.1    25.0    29.5    40.8    52.7    59.8    62.9    64.2    62.9 -9999.0 -9999.0 -9999.0    53.0 -9999.0 -9999.0 -9999.0 -9999.0 -9999.0 -9999.0 -9999.0 -9999.0 -9999.0 -9999.0 -9999.0 -9999.0 -9999.0 -9999.0 -9999.0 -9999.0 -9999.0 -9999.0 -9999.0 -9999.0 -9999.0 -9999.0 -9999.0 -9999.0 -9999.0 -9999.0 -9999.0 -9999.0 -9999.0 -9999.0
 -9999.0 -9999.0 -9999.0 -9999.0     0.7     0.4     0.4     0.3     0.3     0.4     0.3     0.3     0.4     0.7     2.1     5.6    11.8    18.2    21.2    22.1    24.3    27.6    30.3    29.7    27.0    21.4    17.1     8.9    10.3    11.4    13.3    14.4    15.1    17.0    13.7    12.3     9.4    14.9     9.9     3.4     0.7     0.4     0.7     1.4     2.8     4.7     6.9    10.4    15.7    19.5    25.4    31.9    32.2    30.2    21.7    16.9    14.3    16.9    19.0    20.1    18.9    14.5     8.8     4.6     4.0     6.5    10.9    11.1    13.8    10.7     9.0    11.5    15.4    20.5    27.1    32.9    37.5    44.2    49.6    39.9    33.2    25.3    20.1    19.2    26.9    26.0    29.7    38.5    51.2    62.6    65.3    60.0    54.0    48.8 -9999.0 -9999.0    45.8    48.9    52.1    37.6    45.8 -9999.0 -9999.0 -9999.0 -9999.0 -9999.0 -9999.0 -9999.0 -9999.0 -9999.0 -9999.0 -9999.0 -9999.0 -9999.0 -9999.0 -9999.0 -9999.0 -9999.0 -9999.0 -9999.0 -9999.0 -9999.0 -9999.0 -9999.0 -9999.0 -9999.0 -9999.0 -9999.0
 -9999.0 -9999.0 -9999.0 -9999.0     0.3     0.2     0.2     0.2     0.2     0.2     0.2     0.3     0.5     0.8     2.6     5.7     9.8    18.8    24.6    26.1    25.2    26.2    25.2    14.1     6.8     6.7     8.6     9.7    11.2    12.7    14.0    15.8    15.8    16.0    16.0    13.5    14.3    14.6     7.8     3.4     5.2     1.4     1.6     2.0     2.8     3.7     4.6     5.6     7.9    13.1    19.7    24.7    30.6    27.0    22.0    19.0    16.1    16.6    19.0    13.1    22.1    16.9    12.1     9.1     9.6    12.1    16.0    15.7    14.7    17.7    13.1    15.2    17.0    20.1    24.9    29.8    30.4    36.6    35.0    26.7    24.7    21.7    19.3    21.0    23.8    24.3    31.0    43.5    54.8    62.3    60.8    51.3    43.4    37.1    34.4    38.5    43.6    47.7    50.3 -9999.0 -9999.0 -9999.0 -9999.0 -9999.0 -9999.0 -9999.0 -9999.0 -9999.0 -9999.0 -9999.0 -9999.0 -9999.0 -9999.0 -9999.0 -9999.0 -9999.0 -9999.0 -9999.0 -9999.0 -9999.0 -9999.0 -9999.0 -9999.0 -9999.0 -9999.0 -9999.0 -9999.0 -9999.0
 -9999.0 -9999.0 -9999.0 -9999.0 -9999.0 -9999.0 -9999.0     0.1     0.1     0.1     0.2     0.2     0.3     0.5     0.9     6.0     4.9    12.4    17.0    13.3     7.4     5.3     5.6     6.5     7.6     8.6     9.1    10.2    11.6    13.1    14.5    15.7    16.3    16.9    17.6    14.9    16.2    12.9    14.6    13.6     5.2    13.4    11.3     7.1     4.9     3.9     5.1     5.5     8.7    11.2    17.3    23.8    27.7    29.0    28.5    22.8    16.4    12.1    20.7    16.8    26.8    21.9    21.7    20.9    20.1    21.0    21.3    22.1    19.0    21.6    19.2    18.9    21.5    22.5    25.3    28.7    24.4    22.1    22.5    16.7    18.6    18.4    18.1    18.5    19.6    22.6    29.9    39.6    42.6    42.3    40.5    37.5    35.8    33.9    35.1    41.3    45.3 -9999.0 -9999.0 -9999.0 -9999.0 -9999.0 -9999.0 -9999.0 -9999.0 -9999.0 -9999.0 -9999.0 -9999.0 -9999.0 -9999.0 -9999.0 -9999.0 -9999.0 -9999.0 -9999.0 -9999.0 -9999.0 -9999.0 -9999.0 -9999.0 -9999.0 -9999.0 -9999.0 -9999.0 -9999.0 -9999.0 -9999.0
 -9999.0 -9999.0 -9999.0 -9999.0 -9999.0 -9999.0 -9999.0     0.1     0.1     0.1     0.1     0.1     0.2     0.3     0.5     0.7     1.6     2.5     2.2     4.2     5.2     4.6     5.9     6.6     7.7     8.5     9.6     9.9    11.6    12.8    13.9    15.0    15.6    17.1    15.5    15.0    13.1    13.5    11.9    10.0     9.9     9.7    10.7    16.1     8.9     6.4     8.2     9.7    15.6    16.3    22.4    23.7    27.2    28.7    28.0    28.4    23.2    20.3    21.9    25.5    31.2    32.4    32.4    33.3    32.7    29.1    24.5    22.4    31.3    26.2    27.5    26.0    24.1    22.0    22.0    28.1    25.9    17.7    14.5    14.0    18.9    16.1    18.4    15.0    18.2    23.3    29.5    33.2    30.6    26.7    24.5    27.3    33.5    40.0    44.4    51.3 -9999.0 -9999.0 -9999.0 -9999.0 -9999.0 -9999.0 -9999.0 -9999.0 -9999.0 -9999.0 -9999.0 -9999.0 -9999.0 -9999.0 -9999.0 -9999.0 -9999.0 -9999.0 -9999.0 -9999.0 -9999.0 -9999.0 -9999.0 -9999.0 -9999.0 -9999.0 -9999.0 -9999.0 -9999.0 -9999.0 -9999.0 -9999.0
 -9999.0 -9999.0 -9999.0 -9999.0 -9999.0 -9999.0 -9999.0 -9999.0 -9999.0     0.0     0.1     0.1     0.1     0.2     0.4     0.8     1.0     1.1     2.0     2.1     3.3     4.9     5.8     6.6     7.5     8.5     8.9     9.7    11.1    11.5    12.8    13.5    14.1    14.9    13.6    12.9    11.7    11.5     9.7     9.7     8.4     9.5     9.4     9.1    11.3    12.0    13.1    14.0    15.6    17.1    19.6    21.3    24.5    28.1    27.7    28.5    24.3    21.5    22.5    26.7    34.1    37.5    36.8    41.0    36.8    32.3    25.1    25.6    43.2    40.9    41.2    27.1    20.3    18.6    22.9    29.1    29.7    24.8    18.9    14.8    15.9    15.3    11.5    15.6    20.1    25.2    29.9    31.6    29.7    26.3    22.4    25.5    35.2    45.9    54.4 -9999.0 -9999.0 -9999.0 -9999.0 -9999.0 -9999.0 -9999.0 -9999.0 -9999.0 -9999.0 -9999.0 -9999.0 -9999.0 -9999.0 -9999.0 -9999.0 -9999.0 -9999.0 -9999.0 -9999.0 -9999.0 -9999.0 -9999.0 -9999.0 -9999.0 -9999.0 -9999.0 -9999.0 -9999.0 -9999.0 -9999.0 -9999.0 -9999.0
 -9999.0 -9999.0 -9999.0 -9999.0 -9999.0 -9999.0 -9999.0 -9999.0 -9999.0 -9999.0 -9999.0     0.1     0.2     0.2     0.3     0.4     0.8     1.4     2.1     2.4     2.6     3.9     4.5     5.9     5.3     6.7     7.1     8.0     9.1    10.2    11.1    12.2    12.6    13.1    12.7    14.4    11.6    10.7    14.6     9.1    10.1     8.6     8.3     8.8    13.4    12.1    17.0    16.2    17.6    17.8    18.7    21.3    24.6    27.5    28.1    27.3    24.4    22.9    24.0    29.1    35.2    41.6    41.5    38.9    37.5    31.4    27.6    35.3    54.3    68.9    56.3    35.9    18.5    16.8    32.2    39.1    39.5    34.4    26.7    19.6    15.0    16.2    19.8    23.3    25.8    28.1    30.2    30.5    29.3    27.4    25.5    28.7    36.7    45.2    51.1 -9999.0 -9999.0 -9999.0 -9999.0 -9999.0 -9999.0 -9999.0 -9999.0 -9999.0 -9999.0 -9999.0 -9999.0 -9999.0 -9999.0 -9999.0 -9999.0 -9999.0 -9999.0 -9999.0 -9999.0 -9999.0 -9999.0 -9999.0 -9999.0 -9999.0 -9999.0 -9999.0 -9999.0 -9999.0 -9999.0 -9999.0 -9999.0 -9999.0
 -9999.0 -9999.0 -9999.0 -9999.0 -9999.0 -9999.0 -9999.0 -9999.0 -9999.0 -9999.0 -9999.0 -9999.0     0.1     0.2     0.2     0.4     0.4     0.9     1.4     1.4     3.2     3.4     4.0     5.1     3.8     5.7     6.8     6.5     7.3     8.1     9.1    10.1    11.0    12.4    13.0    12.4    15.0    11.1     9.0     7.4     6.8     7.1     7.9    10.1    11.3    13.7    16.6    16.5    17.8    18.5    20.5    23.0    27.0    31.2    31.4    28.9    26.5    25.6    29.0    31.1    37.9    40.5    42.7    42.2    36.8    46.1    40.8    54.5    75.6    93.3    57.3    32.3    31.9    39.4    40.7    55.0    43.8    44.3    35.7    46.1    28.2    32.9    35.0    34.7    33.0    31.3    30.2    28.0    25.3    24.6    26.4    31.1    35.7    37.5    37.6    41.8    47.4 -9999.0 -9999.0 -9999.0 -9999.0 -9999.0 -9999.0 -9999.0 -9999.0 -9999.0 -9999.0 -9999.0 -9999.0 -9999.0 -9999.0 -9999.0 -9999.0 -9999.0 -9999.0 -9999.0 -9999.0 -9999.0 -9999.0 -9999.0 -9999.0 -9999.0 -9999.0 -9999.0 -9999.0 -9999.0 -9999.0 -9999.0
 -9999.0 -9999.0 -9999.0 -9999.0 -9999.0 -9999.0 -9999.0 -9999.0 -9999.0 -9999.0 -9999.0 -9999.0     0.1     0.3     0.5     0.3     1.1     1.2     1.0     1.5     2.1     2.3     3.0     4.2     5.6     5.0     5.1     6.0     5.7     6.6     7.1     8.4     9.4    10.4    11.6    11.5    13.6    13.2    11.0     9.2     7.4     7.5    10.4     9.4    12.4    15.4    15.3    16.8    18.0    19.7    22.3    26.0    31.1    32.9    34.9    31.6    31.5    31.1    34.3    36.4    40.1    42.9    43.3    46.3    38.2    45.9    41.7    48.4    60.3    78.6    92.6    99.1    87.4    51.8    51.3    47.5    45.5    60.8    56.6    51.4    63.9    49.5    43.7    38.8    35.9    33.1    31.0    27.5    23.7    23.2    27.1    33.5    37.7    36.6    34.6    42.1    52.3 -9999.0 -9999.0 -9999.0 -9999.0 -9999.0 -9999.0 -9999.0 -9999.0 -9999.0 -9999.0 -9999.0 -9999.0 -9999.0 -9999.0 -9999.0 -9999.0 -9999.0 -9999.0 -9999.0 -9999.0 -9999.0 -9999.0 -9999.0 -9999.0 -9999.0 -9999.0 -9999.0 -9999.0 -9999.0 -9999.0 -9999.0
 -9999.0 -9999.0 -9999.0 -9999.0 -9999.0 -9999.0 -9999.0 -9999.0 -9999.0 -9999.0 -9999.0 -9999.0 -9999.0     0.2     0.2     0.9     0.6     1.3     1.9     2.2     2.2     3.4     2.7     4.4     4.2     3.0     3.1     3.1     3.6     4.2     5.1     6.1     7.8     9.4     9.7    10.7    11.5    12.5    19.3    13.5    11.6    12.4    12.1    15.0    13.5    13.6    16.1    18.3    19.8    21.4    24.5    29.6    33.8    30.5    31.1    31.2    33.9    34.2    31.6    34.5    35.9    39.5    41.9    41.4    32.6    42.8    55.9    55.3    63.3    64.6    64.8    69.4    68.0    67.0    68.5    57.7    53.6    52.7    45.6    42.0    60.1    55.3    45.6    40.3    39.3    36.9    35.7    33.1    28.6    27.2    31.7    41.2    51.2    56.9    60.1    65.3    70.5 -9999.0 -9999.0 -9999.0 -9999.0 -9999.0 -9999.0 -9999.0 -9999.0 -9999.0 -9999.0 -9999.0 -9999.0 -9999.0 -9999.0 -9999.0 -9999.0 -9999.0 -9999.0 -9999.0 -9999.0 -9999.0 -9999.0 -9999.0 -9999.0 -9999.0 -9999.0 -9999.0 -9999.0 -9999.0 -9999.0 -9999.0
 -9999.0 -9999.0 -9999.0 -9999.0 -9999.0 -9999.0 -9999.0 -9999.0 -9999.0 -9999.0 -9999.0 -9999.0     0.2     0.2     0.3     0.6     0.4     0.8     1.1     2.8     3.3     3.5     3.2     3.8     4.0     2.4     2.4     2.5     2.4     2.6     3.2     4.2     5.9     7.2     9.2    10.2    13.1    11.7    12.2    13.2    19.3    23.7    25.9    16.1    17.5    17.8    17.4    18.2    20.2    22.4    25.1    27.4    30.8    29.3    29.5    28.8    27.5    40.4    34.8    35.8    35.1    36.7    40.3    46.7    46.2    45.5    32.0    40.0    64.8    89.4    89.9    83.4    87.6    94.9    78.7    58.0    47.4    49.9    47.3    41.5    45.2    49.5    50.1    54.1    56.1    51.6    49.4    47.6    42.6    41.4    47.8    62.0    80.2    96.7   104.6   101.0    93.5    94.4 -9999.0 -9999.0 -9999.0 -9999.0 -9999.0 -9999.0 -9999.0 -9999.0 -9999.0 -9999.0 -9999.0 -9999.0 -9999.0 -9999.0 -9999.0 -9999.0 -9999.0 -9999.0 -9999.0 -9999.0 -9999.0 -9999.0 -9999.0 -9999.0 -9999.0 -9999.0 -9999.0 -9999.0 -9999.0 -9999.0
 -9999.0 -9999.0 -9999.0 -9999.0 -9999.0 -9999.0 -9999.0 -9999.0 -9999.0 -9999.0 -9999.0 -9999.0     0.3     0.7     0.7     0.4     0.6     1.6     2.1     1.7     3.6     2.7     3.1     3.3     3.8     3.4     2.5     1.9     1.5     1.6     1.9     2.5     4.0     5.5     7.3     9.4    10.5    12.4    13.7    13.8    16.6    18.3    20.3    21.9    22.2    22.4    23.8    22.3    22.0    22.6    24.1    24.6    26.3    27.0    25.6    27.3    24.3    26.4    32.6    31.5    33.5    37.5    40.1    39.7    41.1    25.9    44.0    37.4    48.5    71.7    87.0    93.4    93.1    81.3    81.3    70.7    56.2    62.1    57.7    47.0    46.8    48.6    56.2    74.9    86.7    80.4    76.1    75.9    71.6    72.9    83.0   100.3   121.2   134.9   135.4   122.1   106.9   108.2   117.4 -9999.0 -9999.0 -9999.0 -9999.0 -9999.0 -9999.0 -9999.0 -9999.0 -9999.0 -9999.0 -9999.0 -9999.0 -9999.0 -9999.0 -9999.0 -9999.0 -9999.0 -9999.0 -9999.0 -9999.0 -9999.0 -9999.0 -9999.0 -9999.0 -9999.0 -9999.0 -9999.0 -9999.0 -9999.0
 -9999.0 -9999.0 -9999.0 -9999.0 -9999.0 -9999.0 -9999.0 -9999.0 -9999.0 -9999.0 -9999.0 -9999.0     1.7     0.7     1.8     1.5     1.9     1.2     1.9     2.3     2.0     2.3     3.5     2.8     2.9     1.7     1.4     0.8     0.8     0.7     0.8     1.3     2.4     4.1     6.0     8.3    10.3    12.6    14.4    19.2    21.9    24.6    34.3    27.6    28.8    30.3    28.1    22.9    21.4    20.8    20.0    20.0    20.1    19.0    16.7    24.9    20.7    22.3    26.0    33.6    36.8    39.9    46.2    42.9    29.8    31.1    35.7    43.5    57.7    76.2    89.2    86.7    84.6    84.4   126.4    91.5   113.9    67.2    73.3    63.5    57.4    56.4    59.6    84.3   108.4   111.1   110.0   100.9   115.7   119.9   129.6   137.3   145.4   147.8   139.7   123.2   113.4   121.7   134.0   139.2 -9999.0 -9999.0 -9999.0 -9999.0 -9999.0 -9999.0 -9999.0 -9999.0 -9999.0 -9999.0 -9999.0 -9999.0 -9999.0 -9999.0 -9999.0 -9999.0 -9999.0 -9999.0 -9999.0 -9999.0 -9999.0 -9999.0 -9999.0 -9999.0 -9999.0 -9999.0 -9999.0 -9999.0
 -9999.0 -9999.0 -9999.0 -9999.0 -9999.0 -9999.0 -9999.0 -9999.0 -9999.0 -9999.0 -9999.0 -9999.0 -9999.0     1.6     1.6     2.7     2.6     3.3     2.8     3.1     3.3     4.1     3.8     3.3     3.8     2.5     1.5     0.9     0.4     0.3     0.3     0.5     1.3     2.7     4.9     9.0    11.9    12.9    17.1    21.3    28.3    44.7    51.4    45.8    35.0    29.8    26.8    20.7    18.9    16.5    14.9    14.3    12.5    12.7    12.3    12.8    21.8    24.2    24.8    27.8    34.8    44.2    47.8    43.6    33.8    30.6    36.9    49.2    65.1    73.5    79.7    86.1    84.5    99.2    91.0    85.5    76.7    78.0    89.6    82.9    78.1    74.1    75.8    93.1   115.9   127.6   128.8   125.7   122.3   157.0   175.5   164.5   151.6   149.7   140.1   123.8   129.1   147.5   156.4 -9999.0 -9999.0 -9999.0 -9999.0 -9999.0 -9999.0 -9999.0 -9999.0 -9999.0 -9999.0 -9999.0 -9999.0 -9999.0 -9999.0 -9999.0 -9999.0 -9999.0 -9999.0 -9999.0 -9999.0 -9999.0 -9999.0 -9999.0 -9999.0 -9999.0 -9999.0 -9999.0 -9999.0 -9999.0
 -9999.0 -9999.0 -9999.0 -9999.0 -9999.0 -9999.0 -9999.0 -9999.0 -9999.0 -9999.0 -9999.0 -9999.0 -9999.0     9.4     3.7     5.1     4.2     6.2     6.4     6.4     6.2     6.5     6.4     5.9     6.9     3.9     2.0     1.1     0.3     0.3     0.2     0.3     0.5     1.7     4.6     7.9     9.8    13.3    20.9    39.7    38.0    49.2    55.0    51.9    53.5    33.1    24.8    16.3    13.4    11.5    11.0     8.0     8.3    10.0    11.2    10.3    15.0    19.5    22.3    33.6    35.9    45.6    50.6    49.1    34.1    27.5    34.6    49.9    61.8    66.5    67.2    75.8    91.2    99.9   105.7   109.6   114.3    95.9   105.1   105.3    98.7    93.6    96.8   110.5   125.1   131.4   132.0   133.6   145.7   190.5   210.8   198.6   178.5   172.8   166.7   157.8   168.5   186.5   180.4 -9999.0 -9999.0 -9999.0 -9999.0 -9999.0 -9999.0 -9999.0 -9999.0 -9999.0 -9999.0 -9999.0 -9999.0 -9999.0 -9999.0 -9999.0 -9999.0 -9999.0 -9999.0 -9999.0 -9999.0 -9999.0 -9999.0 -9999.0 -9999.0 -9999.0 -9999.0 -9999.0 -9999.0 -9999.0
 -9999.0 -9999.0 -9999.0 -9999.0 -9999.0 -9999.0 -9999.0 -9999.0 -9999.0 -9999.0 -9999.0 -9999.0 -9999.0 -9999.0 -9999.0     9.8    11.1    10.3    12.1    14.5    12.2    13.9    14.2    12.4     9.6     6.9     4.0     1.5     0.7     0.1     0.1     0.1     0.8     1.9     3.4    10.5    18.0    11.9    19.9    30.4    48.8    58.7    58.6    50.9    37.2    33.4    22.3    21.0    12.2    15.0     7.3    11.9     5.9     6.4     4.8     8.2    11.0    20.0    21.6    28.9    39.7    42.4    54.6    46.7    31.9    25.3    32.8    49.7    57.7    54.2    57.0    72.5    95.8   109.7   119.9   130.2   128.7   127.0   118.8   119.5   111.7   108.2   116.7   135.0   143.7   141.7   145.5   156.4   177.3   205.3   231.9   235.9   220.4   211.8   204.9   206.4   205.4 -9999.0   186.3 -9999.0 -9999.0 -9999.0 -9999.0 -9999.0 -9999.0 -9999.0 -9999.0 -9999.0 -9999.0 -9999.0 -9999.0 -9999.0 -9999.0 -9999.0 -9999.0 -9999.0 -9999.0 -9999.0 -9999.0 -9999.0 -9999.0 -9999.0 -9999.0 -9999.0 -9999.0 -9999.0 -9999.0 -9999.0
 -9999.0 -9999.0 -9999.0 -9999.0 -9999.0 -9999.0 -9999.0 -9999.0 -9999.0 -9999.0 -9999.0 -9999.0 -9999.0 -9999.0 -9999.0 -9999.0 -9999.0   104.4    46.8 -9999.0    38.4    25.2    30.3    27.8    19.1    14.6     9.2     4.2     1.2     0.4     0.1     0.1     1.3     0.8     2.4     5.6    20.1     9.5    20.0    30.1    42.2    58.5    50.8    40.8    56.8    36.9   179.4    21.6    19.1    11.9    23.6     7.3    10.0     8.1     9.7    11.1     9.9    18.0    23.1    30.8    32.7    42.6    47.4    41.7    31.2    25.3    32.9    46.7    53.6    52.3    61.0    88.9   110.6   120.9   124.9   137.6   139.9   129.7   128.2   128.7   122.1   119.0   129.8   154.0   165.5   165.9   171.0   178.4   187.5   205.8   235.3   252.3   232.3   216.7   214.5   211.1   200.1   192.5   173.4   151.2   135.6 -9999.0 -9999.0 -9999.0 -9999.0 -9999.0 -9999.0 -9999.0 -9999.0 -9999.0 -9999.0 -9999.0 -9999.0 -9999.0 -9999.0 -9999.0 -9999.0 -9999.0 -9999.0 -9999.0 -9999.0 -9999.0 -9999.0 -9999.0 -9999.0 -9999.0 -9999.0 -9999.0
 -9999.0 -9999.0 -9999.0 -9999.0 -9999.0 -9999.0 -9999.0 -9999.0 -9999.0 -9999.0 -9999.0 -9999.0 -9999.0 -9999.0 -9999.0 -9999.0 -9999.0 -9999.0 -9999.0 -9999.0 -9999.0    53.8    47.0    39.1    37.1    37.9    25.3    13.6     5.0     1.4     0.3     0.3     0.5     1.3     2.7     6.0     8.7    11.4    12.9    15.5    19.7    50.5    49.6    36.9    50.9    26.7   285.7    44.0    25.2    70.4    17.6    24.5    22.0     8.6    11.9    18.8    20.4    18.8    33.6    32.6    36.6    47.7    42.1    40.3    35.3    32.9    41.3    52.7    60.6    57.8    63.8    92.7   111.7   124.2   121.2   127.2   131.6   129.2   139.9   144.9   143.3   141.3   148.3   170.0   199.2   193.5   195.3   190.3   188.4   201.9   231.3   241.4   268.2   269.2   201.8   201.0   195.7   185.7   170.4   145.7 -9999.0 -9999.0 -9999.0 -9999.0 -9999.0 -9999.0 -9999.0 -9999.0 -9999.0 -9999.0 -9999.0 -9999.0 -9999.0 -9999.0 -9999.0 -9999.0 -9999.0 -9999.0 -9999.0 -9999.0 -9999.0 -9999.0 -9999.0 -9999.0 -9999.0 -9999.0 -9999.0 -9999.0
 -9999.0 -9999.0 -9999.0 -9999.0 -9999.0 -9999.0 -9999.0 -9999.0 -9999.0 -9999.0 -9999.0 -9999.0 -9999.0 -9999.0 -9999.0 -9999.0 -9999.0 -9999.0 -9999.0 -9999.0 -9999.0 -9999.0 -9999.0   129.4    77.3    68.5    52.8    32.8    16.5     7.4     2.9     2.3     8.5     6.4    12.9    15.3    25.7    18.0    35.1    45.3    41.1    51.7    26.3    18.3    50.3   322.4   107.1    89.6   139.2   147.7    53.1    34.0    30.6    25.7    16.7     5.8    24.5    32.7    18.8    34.8    39.8    51.0    53.0    41.1    39.7    40.9    51.0    61.8    58.3    61.8    79.6    90.4   105.0   122.7   142.9   158.1   151.8   150.2   159.7   166.5   171.5   174.5   175.9   189.2   208.5   248.3   210.8   209.3   200.8   212.1   245.3   279.9   253.7   262.2   228.5   218.1   209.6   199.8   165.6 -9999.0 -9999.0 -9999.0 -9999.0 -9999.0 -9999.0 -9999.0 -9999.0 -9999.0 -9999.0 -9999.0 -9999.0 -9999.0 -9999.0 -9999.0 -9999.0 -9999.0 -9999.0 -9999.0 -9999.0 -9999.0 -9999.0 -9999.0 -9999.0 -9999.0 -9999.0 -9999.0 -9999.0 -9999.0
 -9999.0 -9999.0 -9999.0 -9999.0 -9999.0 -9999.0 -9999.0 -9999.0 -9999.0 -9999.0 -9999.0 -9999.0 -9999.0 -9999.0 -9999.0 -9999.0 -9999.0 -9999.0 -9999.0 -9999.0 -9999.0 -9999.0 -9999.0 -9999.0 -9999.0   221.6   122.6    61.5    43.9    40.8    19.4    12.2    12.3    17.0    17.2    34.5    67.4    34.6    58.6    40.5    62.2    28.0    40.2    38.4   196.6   342.0   252.5   457.7    60.0   131.7    54.7    59.7    57.9    54.0    29.3    19.9    30.2    24.0    36.2    34.7    34.9    37.4    52.3    30.7    33.9    40.5    49.3    60.5    74.7    86.8    76.8    80.9    88.5   111.2   134.8   179.1   184.7   171.2   164.3   169.5   174.1   178.8   177.4   182.4   209.7   215.2   224.1   218.6   215.8   226.1   252.1   278.5   305.0   313.1   279.4   268.4   220.3   203.4 -9999.0 -9999.0 -9999.0 -9999.0 -9999.0 -9999.0 -9999.0 -9999.0 -9999.0 -9999.0 -9999.0 -9999.0 -9999.0 -9999.0 -9999.0 -9999.0 -9999.0 -9999.0 -9999.0 -9999.0 -9999.0 -9999.0 -9999.0 -9999.0 -9999.0 -9999.0 -9999.0 -9999.0 -9999.0 -9999.0
 -9999.0 -9999.0 -9999.0 -9999.0 -9999.0 -9999.0 -9999.0 -9999.0 -9999.0 -9999.0 -9999.0 -9999.0 -9999.0 -9999.0 -9999.0 -9999.0 -9999.0 -9999.0 -9999.0 -9999.0 -9999.0 -9999.0 -9999.0 -9999.0 -9999.0 -9999.0 -9999.0   269.3   227.9    91.4    62.2    48.0    49.8    41.8    44.5    56.1    41.0    40.6    29.8    38.0    49.1    18.9    63.7   189.0   248.8   342.8   431.4   470.4   484.3   255.6   369.0   318.8    98.1    87.5    59.1    45.7    25.3    19.4    33.1    23.6    10.5    27.8    11.9    16.7    26.8    29.1    42.7    52.3    63.6    72.7    70.3    82.5    71.9    88.7   112.7   147.2   144.3   148.7   151.1   149.4   156.5   160.3   165.1   174.2   180.9   206.7   227.9   244.2   218.5   223.6   262.0   279.7   309.8   305.2   297.1   271.7   219.8 -9999.0 -9999.0 -9999.0 -9999.0 -9999.0 -9999.0 -9999.0 -9999.0 -9999.0 -9999.0 -9999.0 -9999.0 -9999.0 -9999.0 -9999.0 -9999.0 -9999.0 -9999.0 -9999.0 -9999.0 -9999.0 -9999.0 -9999.0 -9999.0 -9999.0 -9999.0 -9999.0 -9999.0 -9999.0 -9999.0 -9999.0
 -9999.0 -9999.0 -9999.0 -9999.0 -9999.0 -9999.0 -9999.0 -9999.0 -9999.0 -9999.0 -9999.0 -9999.0 -9999.0 -9999.0 -9999.0 -9999.0 -9999.0 -9999.0 -9999.0 -9999.0 -9999.0 -9999.0 -9999.0 -9999.0 -9999.0 -9999.0 -9999.0 -9999.0 -9999.0 -9999.0 -9999.0 -9999.0 -9999.0   114.8    75.8 -9999.0 -9999.0 -9999.0    70.1    43.8    47.6    73.1    61.2   226.3   314.4   352.9 -9999.0 -9999.0 -9999.0 -9999.0 -9999.0 -9999.0   183.0    98.1    96.7    55.0    30.1    17.1    16.6    11.5    13.1    20.8    11.5    12.3    12.7    19.0    38.6    64.9    67.7    59.8    56.7    72.4    78.4    69.5    83.6   106.9   119.6   125.1   125.3   132.3   145.0   157.2   169.5   170.8   178.7   181.2   199.5   208.8   221.0   201.2   229.8   245.4   249.5   241.9   254.7   213.6   166.4 -9999.0 -9999.0 -9999.0 -9999.0 -9999.0 -9999.0 -9999.0 -9999.0 -9999.0 -9999.0 -9999.0 -9999.0 -9999.0 -9999.0 -9999.0 -9999.0 -9999.0 -9999.0 -9999.0 -9999.0 -9999.0 -9999.0 -9999.0 -9999.0 -9999.0 -9999.0 -9999.0 -9999.0 -9999.0 -9999.0 -9999.0
 -9999.0 -9999.0 -9999.0 -9999.0 -9999.0 -9999.0 -9999.0 -9999.0 -9999.0 -9999.0 -9999.0 -9999.0 -9999.0 -9999.0 -9999.0 -9999.0 -9999.0 -9999.0 -9999.0 -9999.0 -9999.0 -9999.0 -9999.0 -9999.0 -9999.0 -9999.0 -9999.0 -9999.0 -9999.0 -9999.0 -9999.0 -9999.0 -9999.0 -9999.0 -9999.0 -9999.0 -9999.0 -9999.0 -9999.0   212.2   208.7   221.7   242.1   264.6 -9999.0 -9999.0 -9999.0 -9999.0 -9999.0 -9999.0 -9999.0 -9999.0   164.5   104.8    80.8    52.9    26.0    12.9     8.1     8.0    10.0    15.2    17.4    10.6    15.3    23.1    41.0    40.4    43.6    61.9    69.1    71.8    69.0    83.2    86.7   105.5   119.8   126.3   129.5   140.1   156.4   169.4   178.0   191.5   160.6   144.1   159.7   178.0   165.9   179.4   183.2   184.6   178.3   198.8   200.5   144.4 -9999.0 -9999.0 -9999.0 -9999.0 -9999.0 -9999.0 -9999.0 -9999.0 -9999.0 -9999.0 -9999.0 -9999.0 -9999.0 -9999.0 -9999.0 -9999.0 -9999.0 -9999.0 -9999.0 -9999.0 -9999.0 -9999.0 -9999.0 -9999.0 -9999.0 -9999.0 -9999.0 -9999.0 -9999.0 -9999.0 -9999.0 -9999.0
 -9999.0 -9999.0 -9999.0 -9999.0 -9999.0 -9999.0 -9999.0 -9999.0 -9999.0 -9999.0 -9999.0 -9999.0 -9999.0 -9999.0 -9999.0 -9999.0 -9999.0 -9999.0 -9999.0 -9999.0 -9999.0 -9999.0 -9999.0 -9999.0 -9999.0 -9999.0 -9999.0 -9999.0 -9999.0 -9999.0 -9999.0 -9999.0 -9999.0 -9999.0 -9999.0 -9999.0 -9999.0 -9999.0 -9999.0 -9999.0 -9999.0 -9999.0 -9999.0 -9999.0 -9999.0 -9999.0 -9999.0 -9999.0 -9999.0 -9999.0 -9999.0 -9999.0   194.8   103.2    70.8    50.2    21.7    10.6     7.8     9.6    10.9    13.2    33.0    13.9    16.8    15.4    12.4    17.1    28.2    44.0    57.8    72.9   107.9   104.2   118.4   143.3   149.7   158.9   163.4   170.4   180.7   186.1   184.4   182.0   150.6   130.0   129.9   137.8   147.3   161.2   160.5   162.6   137.7   156.3   138.6 -9999.0 -9999.0 -9999.0 -9999.0 -9999.0 -9999.0 -9999.0 -9999.0 -9999.0 -9999.0 -9999.0 -9999.0 -9999.0 -9999.0 -9999.0 -9999.0 -9999.0 -9999.0 -9999.0 -9999.0 -9999.0 -9999.0 -9999.0 -9999.0 -9999.0 -9999.0 -9999.0 -9999.0 -9999.0 -9999.0 -9999.0 -9999.0 -9999.0
 -9999.0 -9999.0 -9999.0 -9999.0 -9999.0 -9999.0 -9999.0 -9999.0 -9999.0 -9999.0 -9999.0 -9999.0 -9999.0 -9999.0 -9999.0 -9999.0 -9999.0 -9999.0 -9999.0 -9999.0 -9999.0 -9999.0 -9999.0 -9999.0 -9999.0 -9999.0 -9999.0 -9999.0 -9999.0 -9999.0 -9999.0 -9999.0 -9999.0 -9999.0 -9999.0 -9999.0 -9999.0 -9999.0 -9999.0 -9999.0 -9999.0 -9999.0 -9999.0 -9999.0 -9999.0 -9999.0 -9999.0 -9999.0 -9999.0 -9999.0 -9999.0   164.1   112.7    92.6    56.6    37.6    20.0    13.6     9.3     9.4    12.7    14.7    14.9    17.5    19.6    18.0    10.8    13.3    24.7    34.9    48.7    68.6    89.7   124.1   153.7   177.8   173.2   195.8   182.1   186.4   195.8   186.2   190.5   162.4   138.3   127.5   134.1   129.3   145.6   155.4   151.3   139.0   127.9   111.9   113.8 -9999.0 -9999.0 -9999.0 -9999.0 -9999.0 -9999.0 -9999.0 -9999.0 -9999.0 -9999.0 -9999.0 -9999.0 -9999.0 -9999.0 -9999.0 -9999.0 -9999.0 -9999.0 -9999.0 -9999.0 -9999.0 -9999.0 -9999.0 -9999.0 -9999.0 -9999.0 -9999.0 -9999.0 -9999.0 -9999.0 -9999.0 -9999.0 -9999.0
 -9999.0 -9999.0 -9999.0 -9999.0 -9999.0 -9999.0 -9999.0 -9999.0 -9999.0 -9999.0 -9999.0 -9999.0 -9999.0 -9999.0 -9999.0 -9999.0 -9999.0 -9999.0 -9999.0 -9999.0 -9999.0 -9999.0 -9999.0 -9999.0 -9999.0 -9999.0 -9999.0 -9999.0 -9999.0 -9999.0 -9999.0 -9999.0 -9999.0 -9999.0 -9999.0 -9999.0 -9999.0 -9999.0 -9999.0 -9999.0 -9999.0 -9999.0 -9999.0 -9999.0 -9999.0 -9999.0 -9999.0 -9999.0 -9999.0 -9999.0   172.6   126.3   105.3    88.2    64.0    43.6    23.9    13.6    11.5    11.5    12.7    15.3    19.1    25.0    28.0    25.7    29.3    28.8    39.4    41.3    51.9    61.3    86.5   121.6   144.6   155.7   188.8   169.6   199.0   192.0   184.8   189.1   174.6   157.1   137.3   133.1   121.1   117.2   124.8   140.5   140.8   122.3   111.6   103.3   104.8 -9999.0 -9999.0 -9999.0 -9999.0 -9999.0 -9999.0 -9999.0 -9999.0 -9999.0 -9999.0 -9999.0 -9999.0 -9999.0 -9999.0 -9999.0 -9999.0 -9999.0 -9999.0 -9999.0 -9999.0 -9999.0 -9999.0 -9999.0 -9999.0 -9999.0 -9999.0 -9999.0 -9999.0 -9999.0 -9999.0 -9999.0 -9999.0 -9999.0
 -9999.0 -9999.0 -9999.0 -9999.0 -9999.0 -9999.0 -9999.0 -9999.0 -9999.0 -9999.0 -9999.0 -9999.0 -9999.0 -9999.0 -9999.0 -9999.0 -9999.0 -9999.0 -9999.0 -9999.0 -9999.0 -9999.0 -9999.0 -9999.0 -9999.0 -9999.0 -9999.0 -9999.0 -9999.0 -9999.0 -9999.0 -9999.0 -9999.0 -9999.0 -9999.0 -9999.0 -9999.0 -9999.0 -9999.0 -9999.0 -9999.0 -9999.0 -9999.0 -9999.0 -9999.0 -9999.0 -9999.0 -9999.0 -9999.0 -9999.0   137.5   124.9   104.7    98.0    79.5    57.3    45.6    23.3    17.5    16.6    18.9    21.9    25.9    32.6    38.1    28.6    36.9    39.9    47.1    49.2    58.2    66.9    81.4   103.0   116.7   127.8   141.0   175.0   185.3   176.1   209.6   186.6   194.4   175.3   141.5   133.7   121.7   115.9   121.8   131.5   129.0   120.0   102.1    94.7 -9999.0 -9999.0 -9999.0 -9999.0 -9999.0 -9999.0 -9999.0 -9999.0 -9999.0 -9999.0 -9999.0 -9999.0 -9999.0 -9999.0 -9999.0 -9999.0 -9999.0 -9999.0 -9999.0 -9999.0 -9999.0 -9999.0 -9999.0 -9999.0 -9999.0 -9999.0 -9999.0 -9999.0 -9999.0 -9999.0 -9999.0 -9999.0 -9999.0 -9999.0
 -9999.0 -9999.0 -9999.0 -9999.0 -9999.0 -9999.0 -9999.0 -9999.0 -9999.0 -9999.0 -9999.0 -9999.0 -9999.0 -9999.0 -9999.0 -9999.0 -9999.0 -9999.0 -9999.0 -9999.0 -9999.0 -9999.0 -9999.0 -9999.0 -9999.0 -9999.0 -9999.0 -9999.0 -9999.0 -9999.0 -9999.0 -9999.0 -9999.0 -9999.0 -9999.0 -9999.0 -9999.0 -9999.0 -9999.0 -9999.0 -9999.0 -9999.0 -9999.0 -9999.0 -9999.0 -9999.0 -9999.0 -9999.0 -9999.0 -9999.0   115.9   107.9    99.2   114.1    94.2    73.8    49.0    35.3    29.2    29.1    30.4    34.4    38.2    37.2    46.1    42.2    36.5    36.1    38.5    52.8    63.6    75.7    80.0    86.4    90.1    95.7   105.2   150.8   160.6   200.6   179.4   242.3   246.6   208.6   160.6   159.6   155.0   152.3   144.7   143.7   121.0   113.6 -9999.0 -9999.0 -9999.0 -9999.0 -9999.0 -9999.0 -9999.0 -9999.0 -9999.0 -9999.0 -9999.0 -9999.0 -9999.0 -9999.0 -9999.0 -9999.0 -9999.0 -9999.0 -9999.0 -9999.0 -9999.0 -9999.0 -9999.0 -9999.0 -9999.0 -9999.0 -9999.0 -9999.0 -9999.0 -9999.0 -9999.0 -9999.0 -9999.0 -9999.0 -9999.0 -9999.0
 -9999.0 -9999.0 -9999.0 -9999.0 -9999.0 -9999.0 -9999.0 -9999.0 -9999.0 -9999.0 -9999.0 -9999.0 -9999.0 -9999.0 -9999.0 -9999.0 -9999.0 -9999.0 -9999.0 -9999.0 -9999.0 -9999.0 -9999.0 -9999.0 -9999.0 -9999.0 -9999.0 -9999.0 -9999.0 -9999.0 -9999.0 -9999.0 -9999.0 -9999.0 -9999.0 -9999.0 -9999.0 -9999.0 -9999.0 -9999.0 -9999.0 -9999.0 -9999.0 -9999.0 -9999.0 -9999.0 -9999.0 -9999.0 -9999.0 -9999.0   109.0   121.0   111.0   114.7   100.6    79.3    59.9    46.7    46.1    41.5    45.4    43.7    27.5    48.1    63.6    62.5    58.7    41.9    43.2    37.9    59.0    73.6    79.2    77.2    79.8    82.7    88.8   123.9   128.9   187.2   220.3   221.7   263.1   233.8   226.0   198.4   164.8   178.4   149.2   133.9   128.4 -9999.0 -9999.0 -9999.0 -9999.0 -9999.0 -9999.0 -9999.0 -9999.0 -9999.0 -9999.0 -9999.0 -9999.0 -9999.0 -9999.0 -9999.0 -9999.0 -9999.0 -9999.0 -9999.0 -9999.0 -9999.0 -9999.0 -9999.0 -9999.0 -9999.0 -9999.0 -9999.0 -9999.0 -9999.0 -9999.0 -9999.0 -9999.0 -9999.0 -9999.0 -9999.0 -9999.0 -9999.0
 -9999.0 -9999.0 -9999.0 -9999.0 -9999.0 -9999.0 -9999.0 -9999.0 -9999.0 -9999.0 -9999.0 -9999.0 -9999.0 -9999.0 -9999.0 -9999.0 -9999.0 -9999.0 -9999.0 -9999.0 -9999.0 -9999.0 -9999.0 -9999.0 -9999.0 -9999.0 -9999.0 -9999.0 -9999.0 -9999.0 -9999.0 -9999.0 -9999.0 -9999.0 -9999.0 -9999.0 -9999.0 -9999.0 -9999.0 -9999.0 -9999.0 -9999.0 -9999.0 -9999.0 -9999.0 -9999.0 -9999.0 -9999.0 -9999.0 -9999.0 -9999.0 -9999.0 -9999.0   101.7    91.9    75.0    57.7    51.7    48.6    50.7    77.9    34.0    80.0    71.4    86.5    81.7    81.7    40.1    38.8    41.3    54.0    66.8    72.3    73.0    75.4    83.3    82.9    94.9   120.5   163.5   200.0   246.8   275.5   283.1   263.6   228.3   200.2   152.0   161.9   141.3 -9999.0 -9999.0 -9999.0 -9999.0 -9999.0 -9999.0 -9999.0 -9999.0 -9999.0 -9999.0 -9999.0 -9999.0 -9999.0 -9999.0 -9999.0 -9999.0 -9999.0 -9999.0 -9999.0 -9999.0 -9999.0 -9999.0 -9999.0 -9999.0 -9999.0 -9999.0 -9999.0 -9999.0 -9999.0 -9999.0 -9999.0 -9999.0 -9999.0 -9999.0 -9999.0 -9999.0 -9999.0 -9999.0
 -9999.0 -9999.0 -9999.0 -9999.0 -9999.0 -9999.0 -9999.0 -9999.0 -9999.0 -9999.0 -9999.0 -9999.0 -9999.0 -9999.0 -9999.0 -9999.0 -9999.0 -9999.0 -9999.0 -9999.0 -9999.0 -9999.0 -9999.0 -9999.0 -9999.0 -9999.0 -9999.0 -9999.0 -9999.0 -9999.0 -9999.0 -9999.0 -9999.0 -9999.0 -9999.0 -9999.0 -9999.0 -9999.0 -9999.0 -9999.0 -9999.0 -9999.0 -9999.0 -9999.0 -9999.0 -9999.0 -9999.0 -9999.0 -9999.0 -9999.0 -9999.0 -9999.0 -9999.0    97.8    81.6    87.0    52.2    46.0    55.9    83.9    73.5    57.3   118.8    75.5    91.7    92.2    56.7    76.0    52.5    55.2    60.2    64.1    65.5    68.4    74.5    70.8    69.2    56.0    79.1   133.4   198.1   249.6   301.5 -9999.0   296.6   263.7 -9999.0 -9999.0 -9999.0 -9999.0 -9999.0 -9999.0 -9999.0 -9999.0 -9999.0 -9999.0 -9999.0 -9999.0 -9999.0 -9999.0 -9999.0 -9999.0 -9999.0 -9999.0 -9999.0 -9999.0 -9999.0 -9999.0 -9999.0 -9999.0 -9999.0 -9999.0 -9999.0 -9999.0 -9999.0 -9999.0 -9999.0 -9999.0 -9999.0 -9999.0 -9999.0 -9999.0 -9999.0 -9999.0 -9999.0 -9999.0 -9999.0 -9999.0
 -9999.0 -9999.0 -9999.0 -9999.0 -9999.0 -9999.0 -9999.0 -9999.0 -9999.0 -9999.0 -9999.0 -9999.0 -9999.0 -9999.0 -9999.0 -9999.0 -9999.0 -9999.0 -9999.0 -9999.0 -9999.0 -9999.0 -9999.0 -9999.0 -9999.0 -9999.0 -9999.0 -9999.0 -9999.0 -9999.0 -9999.0 -9999.0 -9999.0 -9999.0 -9999.0 -9999.0 -9999.0 -9999.0 -9999.0 -9999.0 -9999.0 -9999.0 -9999.0 -9999.0 -9999.0 -9999.0 -9999.0 -9999.0 -9999.0 -9999.0 -9999.0 -9999.0 -9999.0    96.0    70.3    68.6    51.7    50.4    68.7    91.4   121.2   128.3   176.0   195.0    94.4 -9999.0 -9999.0 -9999.0    93.4    86.4    77.5    68.4    64.7    69.0    75.1    68.5    63.0    46.0    51.6   112.3   190.2   252.0   279.0 -9999.0 -9999.0 -9999.0 -9999.0 -9999.0 -9999.0 -9999.0 -9999.0 -9999.0 -9999.0 -9999.0 -9999.0 -9999.0 -9999.0 -9999.0 -9999.0 -9999.0 -9999.0 -9999.0 -9999.0 -9999.0 -9999.0 -9999.0 -9999.0 -9999.0 -9999.0 -9999.0 -9999.0 -9999.0 -9999.0 -9999.0 -9999.0 -9999.0 -9999.0 -9999.0 -9999.0 -9999.0 -9999.0 -9999.0 -9999.0 -9999.0 -9999.0 -9999.0 -9999.0 -9999.0
 -9999.0 -9999.0 -9999.0 -9999.0 -9999.0 -9999.0 -9999.0 -9999.0 -9999.0 -9999.0 -9999.0 -9999.0 -9999.0 -9999.0 -9999.0 -9999.0 -9999.0 -9999.0 -9999.0 -9999.0 -9999.0 -9999.0 -9999.0 -9999.0 -9999.0 -9999.0 -9999.0 -9999.0 -9999.0 -9999.0 -9999.0 -9999.0 -9999.0 -9999.0 -9999.0 -9999.0 -9999.0 -9999.0 -9999.0 -9999.0 -9999.0 -9999.0 -9999.0 -9999.0 -9999.0 -9999.0 -9999.0 -9999.0 -9999.0 -9999.0 -9999.0 -9999.0 -9999.0 -9999.0    82.7    67.5    55.6    66.8    96.6   139.4   145.5 -9999.0 -9999.0 -9999.0 -9999.0 -9999.0 -9999.0 -9999.0   128.1   117.7    97.8    76.0    68.9    72.3    79.7    82.1    71.3    60.4    71.3 -9999.0   171.2 -9999.0 -9999.0 -9999.0 -9999.0 -9999.0 -9999.0 -9999.0 -9999.0 -9999.0 -9999.0 -9999.0 -9999.0 -9999.0 -9999.0 -9999.0 -9999.0 -9999.0 -9999.0 -9999.0 -9999.0 -9999.0 -9999.0 -9999.0 -9999.0 -9999.0 -9999.0 -9999.0 -9999.0 -9999.0 -9999.0 -9999.0 -9999.0 -9999.0 -9999.0 -9999.0 -9999.0 -9999.0 -9999.0 -9999.0 -9999.0 -9999.0 -9999.0 -9999.0 -9999.0 -9999.0 -9999.0 -9999.0
 -9999.0 -9999.0 -9999.0 -9999.0 -9999.0 -9999.0 -9999.0 -9999.0 -9999.0 -9999.0 -9999.0 -9999.0 -9999.0 -9999.0 -9999.0 -9999.0 -9999.0 -9999.0 -9999.0 -9999.0 -9999.0 -9999.0 -9999.0 -9999.0 -9999.0 -9999.0 -9999.0 -9999.0 -9999.0 -9999.0 -9999.0 -9999.0 -9999.0 -9999.0 -9999.0 -9999.0 -9999.0 -9999.0 -9999.0 -9999.0 -9999.0 -9999.0 -9999.0 -9999.0 -9999.0 -9999.0 -9999.0 -9999.0 -9999.0 -9999.0 -9999.0 -9999.0 -9999.0 -9999.0 -9999.0    78.9    93.3    97.6   133.7   180.1   210.6 -9999.0 -9999.0 -9999.0 -9999.0 -9999.0 -9999.0 -9999.0 -9999.0 -9999.0   107.7 -9999.0 -9999.0 -9999.0 -9999.0 -9999.0    85.0 -9999.0 -9999.0 -9999.0 -9999.0 -9999.0 -9999.0 -9999.0 -9999.0 -9999.0 -9999.0 -9999.0 -9999.0 -9999.0 -9999.0 -9999.0 -9999.0 -9999.0 -9999.0 -9999.0 -9999.0 -9999.0 -9999.0 -9999.0 -9999.0 -9999.0 -9999.0 -9999.0 -9999.0 -9999.0 -9999.0 -9999.0 -9999.0 -9999.0 -9999.0 -9999.0 -9999.0 -9999.0 -9999.0 -9999.0 -9999.0 -9999.0 -9999.0 -9999.0 -9999.0 -9999.0 -9999.0 -9999.0 -9999.0 -9999.0 -9999.0 -9999.0
 -9999.0 -9999.0 -9999.0 -9999.0 -9999.0 -9999.0 -9999.0 -9999.0 -9999.0 -9999.0 -9999.0 -9999.0 -9999.0 -9999.0 -9999.0 -9999.0 -9999.0 -9999.0 -9999.0 -9999.0 -9999.0 -9999.0 -9999.0 -9999.0 -9999.0 -9999.0 -9999.0 -9999.0 -9999.0 -9999.0 -9999.0 -9999.0 -9999.0 -9999.0 -9999.0 -9999.0 -9999.0 -9999.0 -9999.0 -9999.0 -9999.0 -9999.0 -9999.0 -9999.0 -9999.0 -9999.0 -9999.0 -9999.0 -9999.0 -9999.0 -9999.0 -9999.0 -9999.0 -9999.0 -9999.0 -9999.0 -9999.0 -9999.0   178.1   220.3 -9999.0 -9999.0 -9999.0 -9999.0 -9999.0 -9999.0 -9999.0 -9999.0 -9999.0 -9999.0 -9999.0 -9999.0 -9999.0 -9999.0 -9999.0   101.7   103.7 -9999.0 -9999.0 -9999.0 -9999.0 -9999.0 -9999.0 -9999.0 -9999.0 -9999.0 -9999.0 -9999.0 -9999.0 -9999.0 -9999.0 -9999.0 -9999.0 -9999.0 -9999.0 -9999.0 -9999.0 -9999.0 -9999.0 -9999.0 -9999.0 -9999.0 -9999.0 -9999.0 -9999.0 -9999.0 -9999.0 -9999.0 -9999.0 -9999.0 -9999.0 -9999.0 -9999.0 -9999.0 -9999.0 -9999.0 -9999.0 -9999.0 -9999.0 -9999.0 -9999.0 -9999.0 -9999.0 -9999.0 -9999.0 -9999.0 -9999.0 -9999.0
 -9999.0 -9999.0 -9999.0 -9999.0 -9999.0 -9999.0 -9999.0 -9999.0 -9999.0 -9999.0 -9999.0 -9999.0 -9999.0 -9999.0 -9999.0 -9999.0 -9999.0 -9999.0 -9999.0 -9999.0 -9999.0 -9999.0 -9999.0 -9999.0 -9999.0 -9999.0 -9999.0 -9999.0 -9999.0 -9999.0 -9999.0 -9999.0 -9999.0 -9999.0 -9999.0 -9999.0 -9999.0 -9999.0 -9999.0 -9999.0 -9999.0 -9999.0 -9999.0 -9999.0 -9999.0 -9999.0 -9999.0 -9999.0 -9999.0 -9999.0 -9999.0 -9999.0 -9999.0 -9999.0 -9999.0 -9999.0 -9999.0 -9999.0 -9999.0 -9999.0 -9999.0 -9999.0 -9999.0 -9999.0 -9999.0 -9999.0 -9999.0 -9999.0 -9999.0 -9999.0 -9999.0 -9999.0 -9999.0 -9999.0 -9999.0 -9999.0 -9999.0 -9999.0 -9999.0 -9999.0 -9999.0 -9999.0 -9999.0 -9999.0 -9999.0 -9999.0 -9999.0 -9999.0 -9999.0 -9999.0 -9999.0 -9999.0 -9999.0 -9999.0 -9999.0 -9999.0 -9999.0 -9999.0 -9999.0 -9999.0 -9999.0 -9999.0 -9999.0 -9999.0 -9999.0 -9999.0 -9999.0 -9999.0 -9999.0 -9999.0 -9999.0 -9999.0 -9999.0 -9999.0 -9999.0 -9999.0 -9999.0 -9999.0 -9999.0 -9999.0 -9999.0 -9999.0 -9999.0 -9999.0 -9999.0 -9999.0 -9999.0 -9999.0
 -9999.0 -9999.0 -9999.0 -9999.0 -9999.0 -9999.0 -9999.0 -9999.0 -9999.0 -9999.0 -9999.0 -9999.0 -9999.0 -9999.0 -9999.0 -9999.0 -9999.0 -9999.0 -9999.0 -9999.0 -9999.0 -9999.0 -9999.0 -9999.0 -9999.0 -9999.0 -9999.0 -9999.0 -9999.0 -9999.0 -9999.0 -9999.0 -9999.0 -9999.0 -9999.0 -9999.0 -9999.0 -9999.0 -9999.0 -9999.0 -9999.0 -9999.0 -9999.0 -9999.0 -9999.0 -9999.0 -9999.0 -9999.0 -9999.0 -9999.0 -9999.0 -9999.0 -9999.0 -9999.0 -9999.0 -9999.0 -9999.0 -9999.0 -9999.0 -9999.0 -9999.0 -9999.0 -9999.0 -9999.0 -9999.0 -9999.0 -9999.0 -9999.0 -9999.0 -9999.0 -9999.0 -9999.0 -9999.0 -9999.0 -9999.0   102.8   112.9   111.3 -9999.0 -9999.0 -9999.0 -9999.0 -9999.0 -9999.0 -9999.0 -9999.0 -9999.0 -9999.0 -9999.0 -9999.0 -9999.0 -9999.0 -9999.0 -9999.0 -9999.0 -9999.0 -9999.0 -9999.0 -9999.0 -9999.0 -9999.0 -9999.0 -9999.0 -9999.0 -9999.0 -9999.0 -9999.0 -9999.0 -9999.0 -9999.0 -9999.0 -9999.0 -9999.0 -9999.0 -9999.0 -9999.0 -9999.0 -9999.0 -9999.0 -9999.0 -9999.0 -9999.0 -9999.0 -9999.0 -9999.0 -9999.0 -9999.0 -9999.0
 -9999.0 -9999.0 -9999.0 -9999.0 -9999.0 -9999.0 -9999.0 -9999.0 -9999.0 -9999.0 -9999.0 -9999.0 -9999.0 -9999.0 -9999.0 -9999.0 -9999.0 -9999.0 -9999.0 -9999.0 -9999.0 -9999.0 -9999.0 -9999.0 -9999.0 -9999.0 -9999.0 -9999.0 -9999.0 -9999.0 -9999.0 -9999.0 -9999.0 -9999.0 -9999.0 -9999.0 -9999.0 -9999.0 -9999.0 -9999.0 -9999.0 -9999.0 -9999.0 -9999.0 -9999.0 -9999.0 -9999.0 -9999.0 -9999.0 -9999.0 -9999.0 -9999.0 -9999.0 -9999.0 -9999.0 -9999.0 -9999.0 -9999.0 -9999.0 -9999.0 -9999.0 -9999.0 -9999.0 -9999.0 -9999.0 -9999.0 -9999.0 -9999.0 -9999.0 -9999.0 -9999.0 -9999.0 -9999.0    70.0    69.0    74.3    73.3 -9999.0 -9999.0 -9999.0 -9999.0 -9999.0 -9999.0 -9999.0 -9999.0 -9999.0 -9999.0 -9999.0 -9999.0 -9999.0 -9999.0 -9999.0 -9999.0 -9999.0 -9999.0 -9999.0 -9999.0 -9999.0 -9999.0 -9999.0 -9999.0 -9999.0 -9999.0 -9999.0 -9999.0 -9999.0 -9999.0 -9999.0 -9999.0 -9999.0 -9999.0 -9999.0 -9999.0 -9999.0 -9999.0 -9999.0 -9999.0 -9999.0 -9999.0 -9999.0 -9999.0 -9999.0 -9999.0 -9999.0 -9999.0 -9999.0 -9999.0 -9999.0
 -9999.0 -9999.0 -9999.0 -9999.0 -9999.0 -9999.0 -9999.0 -9999.0 -9999.0 -9999.0 -9999.0 -9999.0 -9999.0 -9999.0 -9999.0 -9999.0 -9999.0 -9999.0 -9999.0 -9999.0 -9999.0 -9999.0 -9999.0 -9999.0 -9999.0 -9999.0 -9999.0 -9999.0 -9999.0 -9999.0 -9999.0 -9999.0 -9999.0 -9999.0 -9999.0 -9999.0 -9999.0 -9999.0 -9999.0 -9999.0 -9999.0 -9999.0 -9999.0 -9999.0 -9999.0 -9999.0 -9999.0 -9999.0 -9999.0 -9999.0 -9999.0 -9999.0 -9999.0 -9999.0 -9999.0 -9999.0 -9999.0 -9999.0 -9999.0 -9999.0 -9999.0 -9999.0 -9999.0 -9999.0 -9999.0 -9999.0 -9999.0 -9999.0 -9999.0 -9999.0 -9999.0 -9999.0 -9999.0 -9999.0    50.6    43.9    43.4 -9999.0 -9999.0 -9999.0 -9999.0 -9999.0 -9999.0 -9999.0 -9999.0 -9999.0 -9999.0 -9999.0 -9999.0 -9999.0 -9999.0 -9999.0 -9999.0 -9999.0 -9999.0 -9999.0 -9999.0 -9999.0 -9999.0 -9999.0 -9999.0 -9999.0 -9999.0 -9999.0 -9999.0 -9999.0 -9999.0 -9999.0 -9999.0 -9999.0 -9999.0 -9999.0 -9999.0 -9999.0 -9999.0 -9999.0 -9999.0 -9999.0 -9999.0 -9999.0 -9999.0 -9999.0 -9999.0 -9999.0 -9999.0 -9999.0 -9999.0 -9999.0
 -9999.0 -9999.0 -9999.0 -9999.0 -9999.0 -9999.0 -9999.0 -9999.0 -9999.0 -9999.0 -9999.0 -9999.0 -9999.0 -9999.0 -9999.0 -9999.0 -9999.0 -9999.0 -9999.0 -9999.0 -9999.0 -9999.0 -9999.0 -9999.0 -9999.0 -9999.0 -9999.0 -9999.0 -9999.0 -9999.0 -9999.0 -9999.0 -9999.0 -9999.0 -9999.0 -9999.0 -9999.0 -9999.0 -9999.0 -9999.0 -9999.0 -9999.0 -9999.0 -9999.0 -9999.0 -9999.0 -9999.0 -9999.0 -9999.0 -9999.0 -9999.0 -9999.0 -9999.0 -9999.0 -9999.0 -9999.0 -9999.0 -9999.0 -9999.0 -9999.0 -9999.0 -9999.0 -9999.0 -9999.0 -9999.0 -9999.0 -9999.0 -9999.0 -9999.0 -9999.0 -9999.0 -9999.0 -9999.0 -9999.0 -9999.0 -9999.0 -9999.0 -9999.0 -9999.0 -9999.0 -9999.0 -9999.0 -9999.0 -9999.0 -9999.0 -9999.0 -9999.0 -9999.0 -9999.0 -9999.0 -9999.0 -9999.0 -9999.0 -9999.0 -9999.0 -9999.0 -9999.0 -9999.0 -9999.0 -9999.0 -9999.0 -9999.0 -9999.0 -9999.0 -9999.0 -9999.0 -9999.0 -9999.0 -9999.0 -9999.0 -9999.0 -9999.0 -9999.0 -9999.0 -9999.0 -9999.0 -9999.0 -9999.0 -9999.0 -9999.0 -9999.0 -9999.0 -9999.0 -9999.0 -9999.0 -9999.0 -9999.0 -9999.0
