NCOLS      128
NROWS       72
XLLCORNER    72.000000000000    
YLLCORNER    18.000000000000    
CELLSIZE    0.50000000000000    
NODATA_VALUE   -9999.000    
 -9999.0 -9999.0 -9999.0 -9999.0 -9999.0 -9999.0 -9999.0 -9999.0 -9999.0 -9999.0 -9999.0 -9999.0 -9999.0 -9999.0 -9999.0 -9999.0 -9999.0 -9999.0 -9999.0 -9999.0 -9999.0 -9999.0 -9999.0 -9999.0 -9999.0 -9999.0 -9999.0 -9999.0 -9999.0 -9999.0 -9999.0 -9999.0 -9999.0 -9999.0 -9999.0 -9999.0 -9999.0 -9999.0 -9999.0 -9999.0 -9999.0 -9999.0 -9999.0 -9999.0 -9999.0 -9999.0 -9999.0 -9999.0 -9999.0 -9999.0 -9999.0 -9999.0 -9999.0 -9999.0 -9999.0 -9999.0 -9999.0 -9999.0 -9999.0 -9999.0 -9999.0 -9999.0 -9999.0 -9999.0 -9999.0 -9999.0 -9999.0 -9999.0 -9999.0 -9999.0 -9999.0 -9999.0 -9999.0 -9999.0 -9999.0 -9999.0 -9999.0 -9999.0 -9999.0 -9999.0 -9999.0 -9999.0 -9999.0 -9999.0 -9999.0 -9999.0 -9999.0 -9999.0 -9999.0 -9999.0 -9999.0 -9999.0 -9999.0 -9999.0 -9999.0 -9999.0 -9999.0     0.9     1.8     2.9     3.4     4.4     4.6     4.4     3.3 -9999.0 -9999.0 -9999.0 -9999.0 -9999.0 -9999.0 -9999.0 -9999.0 -9999.0 -9999.0 -9999.0 -9999.0 -9999.0 -9999.0 -9999.0 -9999.0 -9999.0 -9999.0 -9999.0 -9999.0 -9999.0 -9999.0 -9999.0
 -9999.0 -9999.0 -9999.0 -9999.0 -9999.0 -9999.0 -9999.0 -9999.0 -9999.0 -9999.0 -9999.0 -9999.0 -9999.0 -9999.0 -9999.0 -9999.0 -9999.0 -9999.0 -9999.0 -9999.0 -9999.0 -9999.0 -9999.0 -9999.0 -9999.0 -9999.0 -9999.0 -9999.0 -9999.0 -9999.0 -9999.0 -9999.0 -9999.0 -9999.0 -9999.0 -9999.0 -9999.0 -9999.0 -9999.0 -9999.0 -9999.0 -9999.0 -9999.0 -9999.0 -9999.0 -9999.0 -9999.0 -9999.0 -9999.0 -9999.0 -9999.0 -9999.0 -9999.0 -9999.0 -9999.0 -9999.0 -9999.0 -9999.0 -9999.0 -9999.0 -9999.0 -9999.0 -9999.0 -9999.0 -9999.0 -9999.0 -9999.0 -9999.0 -9999.0 -9999.0 -9999.0 -9999.0 -9999.0 -9999.0 -9999.0 -9999.0 -9999.0 -9999.0 -9999.0 -9999.0 -9999.0 -9999.0 -9999.0 -9999.0 -9999.0 -9999.0 -9999.0 -9999.0 -9999.0 -9999.0 -9999.0 -9999.0 -9999.0 -9999.0 -9999.0 -9999.0     0.6     1.3     1.6     2.8     3.1     3.9     4.6     4.8     4.3     4.2     3.7     2.9     2.4 -9999.0 -9999.0 -9999.0 -9999.0 -9999.0 -9999.0 -9999.0 -9999.0 -9999.0 -9999.0 -9999.0 -9999.0 -9999.0 -9999.0 -9999.0 -9999.0 -9999.0 -9999.0 -9999.0
 -9999.0 -9999.0 -9999.0 -9999.0 -9999.0 -9999.0 -9999.0 -9999.0 -9999.0 -9999.0 -9999.0 -9999.0 -9999.0 -9999.0 -9999.0 -9999.0 -9999.0 -9999.0 -9999.0 -9999.0 -9999.0 -9999.0 -9999.0 -9999.0 -9999.0 -9999.0 -9999.0 -9999.0 -9999.0 -9999.0 -9999.0 -9999.0 -9999.0 -9999.0 -9999.0 -9999.0 -9999.0 -9999.0 -9999.0 -9999.0 -9999.0 -9999.0 -9999.0 -9999.0 -9999.0 -9999.0 -9999.0 -9999.0 -9999.0 -9999.0 -9999.0 -9999.0 -9999.0 -9999.0 -9999.0 -9999.0 -9999.0 -9999.0 -9999.0 -9999.0 -9999.0 -9999.0 -9999.0 -9999.0 -9999.0 -9999.0 -9999.0 -9999.0 -9999.0 -9999.0 -9999.0 -9999.0 -9999.0 -9999.0 -9999.0 -9999.0 -9999.0 -9999.0 -9999.0 -9999.0 -9999.0 -9999.0 -9999.0 -9999.0 -9999.0 -9999.0 -9999.0 -9999.0 -9999.0 -9999.0 -9999.0 -9999.0 -9999.0 -9999.0 -9999.0     0.2     0.6     1.2     1.6     2.8     3.4     3.9     4.3     4.4     4.2     2.9     3.4     2.8     2.6 -9999.0 -9999.0 -9999.0 -9999.0 -9999.0 -9999.0 -9999.0 -9999.0 -9999.0 -9999.0 -9999.0 -9999.0 -9999.0 -9999.0 -9999.0 -9999.0 -9999.0 -9999.0 -9999.0
 -9999.0 -9999.0 -9999.0 -9999.0 -9999.0 -9999.0 -9999.0 -9999.0 -9999.0 -9999.0 -9999.0 -9999.0 -9999.0 -9999.0 -9999.0 -9999.0 -9999.0 -9999.0 -9999.0 -9999.0 -9999.0 -9999.0 -9999.0 -9999.0 -9999.0 -9999.0 -9999.0 -9999.0 -9999.0 -9999.0 -9999.0 -9999.0 -9999.0 -9999.0 -9999.0 -9999.0 -9999.0 -9999.0 -9999.0 -9999.0 -9999.0 -9999.0 -9999.0 -9999.0 -9999.0 -9999.0 -9999.0 -9999.0 -9999.0 -9999.0 -9999.0 -9999.0 -9999.0 -9999.0 -9999.0 -9999.0 -9999.0 -9999.0 -9999.0 -9999.0 -9999.0 -9999.0 -9999.0 -9999.0 -9999.0 -9999.0 -9999.0 -9999.0 -9999.0 -9999.0 -9999.0 -9999.0 -9999.0 -9999.0 -9999.0 -9999.0 -9999.0 -9999.0 -9999.0 -9999.0 -9999.0 -9999.0 -9999.0 -9999.0 -9999.0 -9999.0 -9999.0 -9999.0 -9999.0 -9999.0 -9999.0 -9999.0 -9999.0 -9999.0 -9999.0     0.3     0.5     1.7     2.0     2.3     2.4     2.6     3.9     4.1     3.7     3.3     3.3     2.8     2.7     2.3 -9999.0 -9999.0 -9999.0 -9999.0 -9999.0 -9999.0 -9999.0 -9999.0 -9999.0 -9999.0 -9999.0 -9999.0 -9999.0 -9999.0 -9999.0 -9999.0 -9999.0 -9999.0
 -9999.0 -9999.0 -9999.0 -9999.0 -9999.0 -9999.0 -9999.0 -9999.0 -9999.0 -9999.0 -9999.0 -9999.0 -9999.0 -9999.0 -9999.0 -9999.0 -9999.0 -9999.0 -9999.0 -9999.0 -9999.0 -9999.0 -9999.0 -9999.0 -9999.0 -9999.0 -9999.0 -9999.0 -9999.0 -9999.0 -9999.0 -9999.0 -9999.0 -9999.0 -9999.0 -9999.0 -9999.0 -9999.0 -9999.0 -9999.0 -9999.0 -9999.0 -9999.0 -9999.0 -9999.0 -9999.0 -9999.0 -9999.0 -9999.0 -9999.0 -9999.0 -9999.0 -9999.0 -9999.0 -9999.0 -9999.0 -9999.0 -9999.0 -9999.0 -9999.0 -9999.0 -9999.0 -9999.0 -9999.0 -9999.0 -9999.0 -9999.0 -9999.0 -9999.0 -9999.0 -9999.0 -9999.0 -9999.0 -9999.0 -9999.0 -9999.0 -9999.0 -9999.0 -9999.0 -9999.0 -9999.0 -9999.0 -9999.0 -9999.0 -9999.0 -9999.0 -9999.0 -9999.0 -9999.0 -9999.0 -9999.0 -9999.0 -9999.0 -9999.0 -9999.0     0.4     1.0     1.0     1.3     1.9     2.5     2.0     2.5     3.0     3.1     2.5     3.0     2.6     2.3     2.3     1.7 -9999.0 -9999.0 -9999.0 -9999.0 -9999.0 -9999.0 -9999.0 -9999.0 -9999.0 -9999.0 -9999.0 -9999.0 -9999.0 -9999.0 -9999.0 -9999.0 -9999.0
 -9999.0 -9999.0 -9999.0 -9999.0 -9999.0 -9999.0 -9999.0 -9999.0 -9999.0 -9999.0 -9999.0 -9999.0 -9999.0 -9999.0 -9999.0 -9999.0 -9999.0 -9999.0 -9999.0 -9999.0 -9999.0 -9999.0 -9999.0 -9999.0 -9999.0 -9999.0 -9999.0 -9999.0 -9999.0 -9999.0 -9999.0 -9999.0 -9999.0 -9999.0 -9999.0 -9999.0 -9999.0 -9999.0 -9999.0 -9999.0 -9999.0 -9999.0 -9999.0 -9999.0 -9999.0 -9999.0 -9999.0 -9999.0 -9999.0 -9999.0 -9999.0 -9999.0 -9999.0 -9999.0 -9999.0 -9999.0 -9999.0 -9999.0 -9999.0 -9999.0 -9999.0 -9999.0 -9999.0 -9999.0 -9999.0 -9999.0 -9999.0 -9999.0 -9999.0 -9999.0 -9999.0 -9999.0 -9999.0 -9999.0 -9999.0 -9999.0 -9999.0 -9999.0 -9999.0 -9999.0 -9999.0 -9999.0 -9999.0 -9999.0 -9999.0 -9999.0 -9999.0 -9999.0 -9999.0 -9999.0 -9999.0 -9999.0 -9999.0 -9999.0     0.2     0.6     0.8     1.2     1.5     1.4     1.3     2.3     2.0     2.3     2.6     2.5     2.6     2.4     2.1     2.2     1.7 -9999.0 -9999.0 -9999.0 -9999.0 -9999.0 -9999.0 -9999.0 -9999.0 -9999.0 -9999.0 -9999.0 -9999.0 -9999.0 -9999.0 -9999.0 -9999.0 -9999.0
 -9999.0 -9999.0 -9999.0 -9999.0 -9999.0 -9999.0 -9999.0 -9999.0 -9999.0 -9999.0 -9999.0 -9999.0 -9999.0 -9999.0 -9999.0 -9999.0 -9999.0 -9999.0 -9999.0 -9999.0 -9999.0 -9999.0 -9999.0 -9999.0 -9999.0 -9999.0 -9999.0 -9999.0 -9999.0 -9999.0 -9999.0 -9999.0 -9999.0 -9999.0 -9999.0 -9999.0 -9999.0 -9999.0 -9999.0 -9999.0 -9999.0 -9999.0 -9999.0 -9999.0 -9999.0 -9999.0 -9999.0 -9999.0 -9999.0 -9999.0 -9999.0 -9999.0 -9999.0 -9999.0 -9999.0 -9999.0 -9999.0 -9999.0 -9999.0 -9999.0 -9999.0 -9999.0 -9999.0 -9999.0 -9999.0 -9999.0 -9999.0 -9999.0 -9999.0 -9999.0 -9999.0 -9999.0 -9999.0 -9999.0 -9999.0 -9999.0 -9999.0 -9999.0 -9999.0 -9999.0 -9999.0 -9999.0 -9999.0 -9999.0 -9999.0 -9999.0 -9999.0 -9999.0 -9999.0 -9999.0 -9999.0 -9999.0 -9999.0 -9999.0     0.3     0.5     0.9     1.2     1.2     1.4     1.3     1.3     1.4     1.7     2.1     2.1     2.3     2.4     2.0     1.8     2.3     2.5 -9999.0 -9999.0 -9999.0 -9999.0 -9999.0 -9999.0 -9999.0 -9999.0 -9999.0 -9999.0 -9999.0 -9999.0 -9999.0 -9999.0 -9999.0 -9999.0
 -9999.0 -9999.0 -9999.0 -9999.0 -9999.0 -9999.0 -9999.0 -9999.0 -9999.0 -9999.0 -9999.0 -9999.0 -9999.0 -9999.0 -9999.0 -9999.0 -9999.0 -9999.0 -9999.0 -9999.0 -9999.0 -9999.0 -9999.0 -9999.0 -9999.0 -9999.0 -9999.0 -9999.0 -9999.0 -9999.0 -9999.0 -9999.0 -9999.0 -9999.0 -9999.0 -9999.0 -9999.0 -9999.0 -9999.0 -9999.0 -9999.0 -9999.0 -9999.0 -9999.0 -9999.0 -9999.0 -9999.0 -9999.0 -9999.0 -9999.0 -9999.0 -9999.0 -9999.0 -9999.0 -9999.0 -9999.0 -9999.0 -9999.0 -9999.0 -9999.0 -9999.0 -9999.0 -9999.0 -9999.0 -9999.0 -9999.0 -9999.0 -9999.0 -9999.0 -9999.0 -9999.0 -9999.0 -9999.0 -9999.0 -9999.0 -9999.0 -9999.0 -9999.0 -9999.0 -9999.0 -9999.0 -9999.0 -9999.0 -9999.0 -9999.0 -9999.0 -9999.0 -9999.0 -9999.0     0.1 -9999.0 -9999.0     0.2     0.3     0.5     0.9     1.3     1.5     1.4     1.2     1.6     1.3     1.1     1.4     1.7     2.0     2.4     2.0     2.2     2.1     3.2     3.9 -9999.0 -9999.0 -9999.0 -9999.0 -9999.0 -9999.0 -9999.0 -9999.0 -9999.0 -9999.0 -9999.0 -9999.0 -9999.0 -9999.0 -9999.0 -9999.0
 -9999.0 -9999.0 -9999.0 -9999.0 -9999.0 -9999.0 -9999.0 -9999.0 -9999.0 -9999.0 -9999.0 -9999.0 -9999.0 -9999.0 -9999.0 -9999.0 -9999.0 -9999.0 -9999.0 -9999.0 -9999.0 -9999.0 -9999.0 -9999.0 -9999.0 -9999.0 -9999.0 -9999.0 -9999.0 -9999.0 -9999.0 -9999.0 -9999.0 -9999.0 -9999.0 -9999.0 -9999.0 -9999.0 -9999.0 -9999.0 -9999.0 -9999.0 -9999.0 -9999.0 -9999.0 -9999.0 -9999.0 -9999.0 -9999.0 -9999.0 -9999.0 -9999.0 -9999.0 -9999.0 -9999.0 -9999.0 -9999.0 -9999.0 -9999.0 -9999.0 -9999.0 -9999.0 -9999.0 -9999.0 -9999.0 -9999.0 -9999.0 -9999.0 -9999.0 -9999.0 -9999.0 -9999.0 -9999.0 -9999.0 -9999.0 -9999.0 -9999.0 -9999.0 -9999.0 -9999.0 -9999.0 -9999.0 -9999.0 -9999.0 -9999.0 -9999.0 -9999.0 -9999.0     0.1     0.2     0.2     0.4     0.6     0.6     0.9     1.1     1.6     1.7     1.7     1.5     1.2     1.1     1.2     1.1     1.2     1.7     2.5     3.1     3.4     3.7     4.8     7.1     8.0     9.0    10.2    11.3 -9999.0 -9999.0 -9999.0 -9999.0 -9999.0 -9999.0 -9999.0 -9999.0 -9999.0 -9999.0 -9999.0 -9999.0
 -9999.0 -9999.0 -9999.0 -9999.0 -9999.0 -9999.0 -9999.0 -9999.0 -9999.0 -9999.0 -9999.0 -9999.0 -9999.0 -9999.0 -9999.0 -9999.0 -9999.0 -9999.0 -9999.0 -9999.0 -9999.0 -9999.0 -9999.0 -9999.0 -9999.0 -9999.0 -9999.0 -9999.0 -9999.0     4.5     4.2     4.6     5.1 -9999.0 -9999.0 -9999.0 -9999.0 -9999.0 -9999.0 -9999.0 -9999.0 -9999.0 -9999.0 -9999.0 -9999.0 -9999.0 -9999.0 -9999.0 -9999.0 -9999.0 -9999.0 -9999.0 -9999.0 -9999.0 -9999.0 -9999.0 -9999.0 -9999.0 -9999.0 -9999.0 -9999.0 -9999.0 -9999.0 -9999.0 -9999.0 -9999.0 -9999.0 -9999.0 -9999.0 -9999.0 -9999.0 -9999.0 -9999.0 -9999.0 -9999.0 -9999.0 -9999.0 -9999.0 -9999.0 -9999.0 -9999.0 -9999.0 -9999.0 -9999.0 -9999.0 -9999.0 -9999.0     0.2     0.3     0.5     0.7     1.2     1.4     1.6     1.7     2.1     2.4     2.5     1.8     1.6     1.7     1.8     1.5     1.6     1.3     1.8     3.2     4.3     4.5     5.6     7.8    10.3    10.8    11.9    12.0    13.5    13.1    10.3 -9999.0 -9999.0 -9999.0 -9999.0 -9999.0 -9999.0 -9999.0 -9999.0 -9999.0 -9999.0
 -9999.0 -9999.0 -9999.0 -9999.0 -9999.0 -9999.0 -9999.0 -9999.0 -9999.0 -9999.0 -9999.0 -9999.0 -9999.0 -9999.0 -9999.0 -9999.0 -9999.0 -9999.0 -9999.0 -9999.0 -9999.0 -9999.0 -9999.0 -9999.0 -9999.0 -9999.0 -9999.0     7.0     5.7     7.3     5.3     6.2     5.3     7.5 -9999.0 -9999.0 -9999.0 -9999.0 -9999.0 -9999.0 -9999.0 -9999.0 -9999.0 -9999.0 -9999.0 -9999.0 -9999.0 -9999.0 -9999.0 -9999.0 -9999.0 -9999.0 -9999.0 -9999.0 -9999.0 -9999.0 -9999.0 -9999.0 -9999.0 -9999.0 -9999.0 -9999.0 -9999.0 -9999.0 -9999.0 -9999.0 -9999.0 -9999.0 -9999.0 -9999.0 -9999.0 -9999.0 -9999.0 -9999.0 -9999.0 -9999.0 -9999.0 -9999.0 -9999.0 -9999.0 -9999.0 -9999.0 -9999.0 -9999.0 -9999.0 -9999.0 -9999.0     0.4     0.6     1.1     1.8     2.4     3.0     3.3     3.5     3.7     3.9     3.3     2.7     2.0     2.3     2.6     2.4     2.2     2.1     2.4     3.5     4.7     6.5     8.4     9.9    11.7    12.1    13.2    12.6    11.5    11.3     9.3 -9999.0 -9999.0 -9999.0 -9999.0 -9999.0     6.0     5.6     5.3     5.0 -9999.0
 -9999.0 -9999.0 -9999.0 -9999.0 -9999.0 -9999.0 -9999.0 -9999.0 -9999.0 -9999.0 -9999.0 -9999.0 -9999.0 -9999.0 -9999.0 -9999.0 -9999.0 -9999.0 -9999.0 -9999.0 -9999.0 -9999.0 -9999.0 -9999.0 -9999.0 -9999.0    10.2     9.3     7.8     7.9     9.4    10.7     4.9     6.8     4.7     3.1     1.5 -9999.0 -9999.0 -9999.0 -9999.0 -9999.0 -9999.0 -9999.0 -9999.0 -9999.0 -9999.0 -9999.0 -9999.0 -9999.0 -9999.0 -9999.0 -9999.0 -9999.0 -9999.0 -9999.0 -9999.0 -9999.0 -9999.0 -9999.0 -9999.0 -9999.0 -9999.0 -9999.0 -9999.0 -9999.0 -9999.0 -9999.0 -9999.0 -9999.0 -9999.0 -9999.0 -9999.0 -9999.0 -9999.0 -9999.0 -9999.0 -9999.0 -9999.0 -9999.0 -9999.0 -9999.0 -9999.0 -9999.0 -9999.0 -9999.0     0.5     0.7     1.1     1.8     2.6     3.7     4.8     5.5     5.9     5.9     5.6     4.5     3.4     3.4     3.5     4.2     4.4     3.7     3.5     3.6     4.7     5.9     7.5     9.1    11.0    13.5    15.0    16.6    12.9    11.6    11.5     9.0     6.7 -9999.0 -9999.0     7.8     7.9     7.7     7.4     7.0     6.9 -9999.0
 -9999.0 -9999.0 -9999.0 -9999.0 -9999.0 -9999.0 -9999.0 -9999.0 -9999.0 -9999.0 -9999.0 -9999.0 -9999.0 -9999.0 -9999.0 -9999.0 -9999.0 -9999.0 -9999.0 -9999.0 -9999.0 -9999.0 -9999.0 -9999.0 -9999.0 -9999.0    11.2     9.2     7.5     6.9     8.0    11.0    12.7    10.2     7.3     3.3     0.4     0.8 -9999.0 -9999.0 -9999.0 -9999.0 -9999.0 -9999.0 -9999.0 -9999.0 -9999.0 -9999.0 -9999.0 -9999.0 -9999.0 -9999.0 -9999.0 -9999.0 -9999.0 -9999.0 -9999.0 -9999.0 -9999.0 -9999.0 -9999.0 -9999.0 -9999.0 -9999.0 -9999.0 -9999.0 -9999.0 -9999.0 -9999.0 -9999.0 -9999.0 -9999.0 -9999.0 -9999.0 -9999.0 -9999.0 -9999.0 -9999.0 -9999.0 -9999.0 -9999.0 -9999.0 -9999.0 -9999.0 -9999.0 -9999.0     0.8     1.0     1.4     2.0     3.0     4.4     5.7     6.8     7.6     7.8     6.8     5.8     4.9     3.9     4.0     4.8     5.1     5.1     4.6     5.0     6.2     6.7     7.5     9.6    12.5    14.7    16.0    19.7    17.6    10.0    10.9     8.9     8.4     8.1     8.4     9.0     9.5     9.7     9.7     9.5     9.1 -9999.0
 -9999.0 -9999.0 -9999.0 -9999.0 -9999.0 -9999.0 -9999.0 -9999.0 -9999.0 -9999.0 -9999.0 -9999.0 -9999.0 -9999.0 -9999.0 -9999.0 -9999.0 -9999.0 -9999.0 -9999.0 -9999.0     4.5     4.7     7.8     9.9     6.9     3.6     2.7     4.9     6.4     7.1     9.2    10.9    11.0     8.5     5.3     1.4     0.5     0.1 -9999.0 -9999.0 -9999.0 -9999.0 -9999.0 -9999.0 -9999.0 -9999.0 -9999.0 -9999.0 -9999.0 -9999.0 -9999.0 -9999.0 -9999.0 -9999.0 -9999.0 -9999.0 -9999.0 -9999.0 -9999.0 -9999.0 -9999.0 -9999.0 -9999.0 -9999.0 -9999.0 -9999.0 -9999.0 -9999.0 -9999.0 -9999.0 -9999.0 -9999.0 -9999.0 -9999.0 -9999.0 -9999.0 -9999.0 -9999.0 -9999.0 -9999.0 -9999.0 -9999.0 -9999.0 -9999.0 -9999.0 -9999.0     1.1 -9999.0 -9999.0     2.8 -9999.0 -9999.0     6.6     7.7     8.2     7.0     6.3     5.1     3.3     3.4     3.5     4.4     4.7     4.6     4.6     5.4     5.7     7.5     9.5    13.1    16.9    18.2    17.1    15.7    12.3    11.8    10.8    10.5     9.6     9.3    10.0    10.7    11.5    11.9    11.9 -9999.0 -9999.0
 -9999.0 -9999.0 -9999.0 -9999.0 -9999.0 -9999.0 -9999.0 -9999.0 -9999.0 -9999.0 -9999.0 -9999.0 -9999.0 -9999.0 -9999.0 -9999.0 -9999.0 -9999.0 -9999.0 -9999.0 -9999.0    14.2    15.1    13.9    11.0     1.6     2.5     2.3     3.3     5.3     6.7     8.8    10.9    10.5     8.5     5.7     2.8     0.4     0.2 -9999.0 -9999.0 -9999.0 -9999.0 -9999.0 -9999.0 -9999.0 -9999.0 -9999.0 -9999.0 -9999.0 -9999.0 -9999.0 -9999.0 -9999.0 -9999.0 -9999.0 -9999.0 -9999.0 -9999.0 -9999.0 -9999.0 -9999.0 -9999.0 -9999.0 -9999.0 -9999.0 -9999.0 -9999.0 -9999.0 -9999.0 -9999.0 -9999.0 -9999.0 -9999.0 -9999.0 -9999.0 -9999.0 -9999.0 -9999.0 -9999.0 -9999.0 -9999.0 -9999.0 -9999.0 -9999.0 -9999.0 -9999.0 -9999.0 -9999.0     1.7     2.3     3.1     4.1     5.3     6.3     6.6     6.7     5.8     4.5     3.3     2.6     2.5     3.2     3.7     3.8     3.8     4.2     5.2     7.4     9.9    13.0    15.4    15.3    13.3    11.0    11.8    11.1    11.7    12.5    11.0    10.1    10.1    11.0    12.4    13.1 -9999.0 -9999.0 -9999.0
 -9999.0 -9999.0 -9999.0 -9999.0 -9999.0 -9999.0 -9999.0 -9999.0 -9999.0 -9999.0 -9999.0 -9999.0 -9999.0 -9999.0 -9999.0 -9999.0 -9999.0 -9999.0 -9999.0 -9999.0    12.3    13.2    15.4    13.6    10.3     9.2     7.3     4.4     4.6     5.4     7.3     9.5    11.7    11.7     9.4     6.2     2.7     1.1     0.4 -9999.0 -9999.0 -9999.0 -9999.0 -9999.0 -9999.0 -9999.0 -9999.0 -9999.0 -9999.0 -9999.0 -9999.0 -9999.0 -9999.0 -9999.0 -9999.0 -9999.0 -9999.0 -9999.0 -9999.0 -9999.0 -9999.0 -9999.0 -9999.0 -9999.0 -9999.0 -9999.0 -9999.0 -9999.0 -9999.0 -9999.0 -9999.0 -9999.0 -9999.0 -9999.0 -9999.0 -9999.0 -9999.0 -9999.0 -9999.0 -9999.0 -9999.0 -9999.0 -9999.0 -9999.0 -9999.0 -9999.0 -9999.0 -9999.0     1.3     1.5     1.9     2.4     3.0     3.7     4.3     4.6     4.8     4.1     3.6     2.9     2.1     2.2     2.7     3.2     3.4     3.3     3.5     4.8     7.0     9.5    12.0    13.4    12.0    11.0     9.6     7.9     7.7     8.6     9.5     9.2     8.6     8.8     9.8    11.4    12.8 -9999.0 -9999.0 -9999.0
 -9999.0 -9999.0 -9999.0 -9999.0 -9999.0 -9999.0 -9999.0 -9999.0 -9999.0 -9999.0 -9999.0 -9999.0 -9999.0 -9999.0 -9999.0 -9999.0 -9999.0 -9999.0     5.3     9.1    12.1     1.0     7.4     5.8     7.2     7.1     8.1     6.2     5.4     6.4     8.8    12.2    14.6    14.3    11.6     7.6     3.7     1.6     0.7 -9999.0 -9999.0 -9999.0 -9999.0 -9999.0 -9999.0 -9999.0 -9999.0 -9999.0 -9999.0 -9999.0 -9999.0 -9999.0 -9999.0 -9999.0 -9999.0 -9999.0 -9999.0 -9999.0 -9999.0 -9999.0 -9999.0 -9999.0 -9999.0 -9999.0 -9999.0 -9999.0 -9999.0 -9999.0 -9999.0 -9999.0 -9999.0 -9999.0 -9999.0 -9999.0 -9999.0 -9999.0 -9999.0 -9999.0 -9999.0 -9999.0 -9999.0 -9999.0 -9999.0 -9999.0     1.8     1.8     1.8     1.7     1.6     1.7     1.9     2.2     2.6     2.7     2.9     2.9     3.2     3.2     3.4     2.9     2.4     2.4     2.8     3.2     3.5     3.6     3.5     4.5     6.5     8.3    10.3    11.2    10.1     8.7     6.0     4.7     4.5     5.4     6.3     6.1     6.2     6.7     8.0     9.9 -9999.0 -9999.0 -9999.0 -9999.0
 -9999.0 -9999.0 -9999.0 -9999.0 -9999.0 -9999.0 -9999.0 -9999.0 -9999.0 -9999.0 -9999.0 -9999.0 -9999.0 -9999.0 -9999.0     9.2     4.3     1.0     0.5     6.9     6.8    13.9     8.0    11.0     9.7     8.7     7.7     6.8     6.6     8.3    11.8    15.7    18.3    17.6    15.1    10.3     5.8     1.9     1.0     0.5     0.4     0.3     0.3     0.3 -9999.0 -9999.0 -9999.0 -9999.0 -9999.0 -9999.0 -9999.0 -9999.0 -9999.0 -9999.0 -9999.0 -9999.0 -9999.0 -9999.0 -9999.0 -9999.0 -9999.0 -9999.0 -9999.0 -9999.0 -9999.0 -9999.0 -9999.0 -9999.0 -9999.0 -9999.0 -9999.0 -9999.0 -9999.0 -9999.0 -9999.0 -9999.0 -9999.0 -9999.0 -9999.0     2.2     2.1     2.1     2.2     2.3     2.4     2.6     2.6     2.5     2.3     2.4     2.5     2.7     2.7     2.6     2.4     2.1     2.2     2.7     3.3     3.0     2.5     2.4     2.6     3.2     4.1     4.9     4.9     5.1     6.1     7.7     8.6    10.5    10.2     7.3     3.9     3.4     3.3     4.3     5.0     4.9     4.9     5.6     6.9     9.2 -9999.0 -9999.0 -9999.0 -9999.0
 -9999.0 -9999.0 -9999.0 -9999.0 -9999.0 -9999.0 -9999.0 -9999.0 -9999.0 -9999.0 -9999.0 -9999.0 -9999.0 -9999.0 -9999.0     2.6     3.7     1.6     5.6    13.3    21.3    19.1    16.0    12.0     8.4     6.8     7.5     8.3     8.8    10.6    14.4    18.3    20.4    17.9    15.2    11.9     7.1     4.4     1.7     0.9     0.6     0.6     0.8     1.0     0.9     0.4     0.0 -9999.0 -9999.0 -9999.0 -9999.0 -9999.0 -9999.0 -9999.0 -9999.0 -9999.0 -9999.0 -9999.0 -9999.0 -9999.0 -9999.0 -9999.0 -9999.0 -9999.0 -9999.0 -9999.0 -9999.0 -9999.0 -9999.0 -9999.0 -9999.0 -9999.0 -9999.0 -9999.0 -9999.0 -9999.0 -9999.0 -9999.0     2.3     2.4     2.4     2.3     2.4     2.7     3.0     3.3     3.5     3.6     3.7     3.8     4.0     4.0     3.6     3.1     2.6     2.4     2.3     3.3     3.4     2.8     2.3     2.1     2.3     2.9     4.0     5.0     5.6     6.1     6.9     8.7     9.7    10.1     6.0     4.7     3.6     3.2     3.7     5.4     6.5     6.1     5.3     5.7     7.3 -9999.0 -9999.0 -9999.0 -9999.0 -9999.0
 -9999.0 -9999.0 -9999.0 -9999.0 -9999.0 -9999.0 -9999.0 -9999.0 -9999.0 -9999.0 -9999.0 -9999.0 -9999.0 -9999.0 -9999.0 -9999.0    32.0    33.8    24.1    10.3     5.1    17.6     2.4     9.4     8.7     6.9     8.2    10.5    11.3    13.1    17.4    19.7    18.9    16.2    14.2    12.3     9.3     5.7     2.8     1.7     1.6     1.5     1.8     1.8     1.6     1.2     0.7     0.3 -9999.0 -9999.0 -9999.0 -9999.0 -9999.0 -9999.0 -9999.0 -9999.0 -9999.0 -9999.0 -9999.0 -9999.0 -9999.0 -9999.0 -9999.0 -9999.0 -9999.0 -9999.0 -9999.0 -9999.0 -9999.0 -9999.0 -9999.0 -9999.0 -9999.0 -9999.0 -9999.0 -9999.0 -9999.0 -9999.0     2.5     2.8     2.6     2.4     2.7     3.1     3.6     4.1     4.9     5.1     5.5     6.1     5.8     5.4     4.7     3.8     3.9     3.5     3.5     3.5     3.1     2.4     1.9     1.7     1.9     2.5     3.5     5.2     6.2     6.8     8.5    10.2     9.9     5.8     4.0     4.5     3.7     3.1     3.7     5.3     7.8     6.7 -9999.0 -9999.0 -9999.0 -9999.0 -9999.0 -9999.0 -9999.0 -9999.0
 -9999.0 -9999.0 -9999.0 -9999.0 -9999.0 -9999.0 -9999.0 -9999.0 -9999.0 -9999.0 -9999.0 -9999.0 -9999.0 -9999.0 -9999.0 -9999.0    39.4    38.2    34.0    29.5    15.9    19.0    15.4     7.7     2.5     2.5     4.1     9.0     8.1    15.1    22.0    20.8    10.5    12.0    13.2    12.6    11.9     7.4     3.8     2.8     2.5     2.6     2.7     0.2     2.4     1.9     1.3     0.7 -9999.0 -9999.0 -9999.0 -9999.0 -9999.0 -9999.0 -9999.0 -9999.0 -9999.0 -9999.0 -9999.0 -9999.0 -9999.0 -9999.0 -9999.0 -9999.0 -9999.0 -9999.0 -9999.0 -9999.0 -9999.0 -9999.0 -9999.0 -9999.0 -9999.0 -9999.0 -9999.0 -9999.0 -9999.0     2.8     3.0     3.1     2.9     2.8     2.9     3.2     4.0     4.9     5.7     6.3     6.8     7.5     7.9     6.3     5.0     4.7     4.5     4.6     3.9     3.4     2.8     2.3     1.8     1.5     1.7     2.3     3.6     4.9     5.8     7.0     9.3    10.8     9.9     8.4     5.9     4.5     3.2     3.0     3.4     4.6     7.3 -9999.0 -9999.0 -9999.0 -9999.0 -9999.0 -9999.0 -9999.0 -9999.0 -9999.0
 -9999.0 -9999.0 -9999.0 -9999.0 -9999.0 -9999.0 -9999.0 -9999.0 -9999.0 -9999.0 -9999.0 -9999.0 -9999.0 -9999.0 -9999.0 -9999.0    15.3    10.9     7.1     8.4    13.0    13.7     4.5     6.6     5.4     4.5     2.8     4.0     6.8     9.2    11.0    11.5     8.0     5.6     7.7     8.6     7.4     2.7     1.5     0.5     1.4     2.7     3.6     1.1     0.7     1.4     1.5     1.0     0.4     0.2     0.2 -9999.0 -9999.0 -9999.0 -9999.0 -9999.0 -9999.0 -9999.0 -9999.0 -9999.0 -9999.0 -9999.0 -9999.0 -9999.0 -9999.0 -9999.0 -9999.0 -9999.0 -9999.0 -9999.0 -9999.0 -9999.0 -9999.0 -9999.0 -9999.0 -9999.0     2.5     3.0     3.0     3.4     3.0     2.7     3.0     3.5     4.4     5.5     6.6     7.4     8.0     8.4     8.4     6.1     4.5     4.9     5.5     5.2     4.4     3.8     3.4     3.1     2.3     1.8     2.0     3.1     4.6     4.8     4.9     5.0     6.3     8.8    10.1     6.0     5.6     4.7     3.9     3.4     4.6     5.3     5.6     5.6 -9999.0 -9999.0 -9999.0 -9999.0 -9999.0 -9999.0 -9999.0 -9999.0
 -9999.0 -9999.0 -9999.0 -9999.0 -9999.0 -9999.0 -9999.0 -9999.0 -9999.0 -9999.0 -9999.0 -9999.0 -9999.0 -9999.0 -9999.0    22.4    24.1    17.6     7.2     3.8     2.3     1.5     1.6     3.1     3.4     2.2     2.7     3.8     5.1     6.8     7.4     6.4     1.1     0.1     0.0     0.0     0.3     0.1     0.1     0.1     0.2     1.2     3.3     4.1     3.4     1.8     1.2     0.9     0.5     0.4     0.3     0.3     0.3     0.3     0.5     0.7     0.9     1.0     0.8     0.6     0.4 -9999.0 -9999.0 -9999.0 -9999.0 -9999.0 -9999.0 -9999.0 -9999.0     1.0     1.1     1.3     1.5     1.7     1.9     2.4     2.7     3.7     4.2     3.8     3.3     2.9     3.1     3.7     4.9     6.3     7.5     7.7     7.9     8.4     8.7     6.1     3.6     3.0     4.2     4.8     4.7     4.1     4.1     4.2     3.1     2.3     2.8     4.5     6.3     6.6     4.6     4.6     7.5     8.7    10.3     9.6     8.3     6.4     5.9     4.5     3.6     3.7 -9999.0 -9999.0 -9999.0 -9999.0 -9999.0 -9999.0 -9999.0 -9999.0 -9999.0 -9999.0
 -9999.0 -9999.0 -9999.0 -9999.0 -9999.0 -9999.0 -9999.0 -9999.0 -9999.0 -9999.0 -9999.0 -9999.0 -9999.0 -9999.0    22.2    15.6    11.4    12.3     7.1     4.2     2.7     3.3     3.5     1.8     2.3     1.8     2.2     4.7     6.1     6.4     5.0     3.3     0.7     0.7     0.2     0.1     0.1     0.1     0.2     0.2     0.5     1.3     2.5     3.4     3.4     2.6     1.8     1.0     0.6     0.4     0.3     0.3     0.3     0.4     0.5     0.8     0.9     1.0     0.8     0.5     0.3     0.2     0.1     0.1     0.2     0.3     0.4     0.5     0.6     1.0     1.4     1.7     1.7     1.9     2.1     2.6     3.3     4.2     5.2     4.8     4.1     3.5     3.2     4.1     5.6     6.9     8.1     7.8     7.4     7.4     8.7     7.0     2.6     2.1     3.3     3.9     4.2     4.2     4.2     4.0     3.1     2.5     3.4     5.8     7.9     7.5     5.3     5.2     7.6     8.7    12.9    10.9     9.2     9.3     7.9     6.4     4.9 -9999.0 -9999.0 -9999.0 -9999.0 -9999.0 -9999.0 -9999.0 -9999.0 -9999.0 -9999.0 -9999.0
 -9999.0 -9999.0 -9999.0 -9999.0 -9999.0 -9999.0 -9999.0 -9999.0 -9999.0 -9999.0 -9999.0 -9999.0    25.7    25.1    22.0    23.2    17.2    18.8    14.6     9.0     5.4     4.0     4.5     4.8     4.6     4.5     4.4     4.4     4.2     3.8     2.5     1.2     0.7     0.2     0.0     0.0     0.1     0.1     0.1     0.2     0.5     1.2     2.1     2.7     2.7     2.1     1.7     1.3     0.9     0.7     0.5     0.4     0.4     0.4     0.5     0.7     1.0     1.1     0.8     0.4     0.2     0.1     0.1     0.1     0.1     0.1     0.3     0.5     1.1     1.7     2.3     2.5     2.2     2.4     2.7     3.2     3.8     4.9     6.2     6.6     4.8     4.3     3.8     4.9     5.9     6.9     8.0     7.9     8.3     6.4     6.4     4.9     4.0     2.2     2.3     3.2     4.0     3.9     3.7     3.4     3.0     3.3     4.3     6.2     7.1     7.7     6.5     6.7     8.7    13.7    13.5    11.6    12.1    11.6    13.6 -9999.0 -9999.0 -9999.0 -9999.0 -9999.0 -9999.0 -9999.0 -9999.0 -9999.0 -9999.0 -9999.0 -9999.0 -9999.0
 -9999.0 -9999.0 -9999.0 -9999.0 -9999.0 -9999.0 -9999.0 -9999.0 -9999.0    22.9    24.1    28.9    30.3    25.8    14.4    22.1    29.5    25.9    17.5    10.4     6.1     4.0     3.3     3.3     3.3     3.3     3.3     3.2     2.9     2.2     1.3     1.0     0.4     0.1     0.1     0.1     0.0     0.0     0.0     0.1     0.3     0.8     1.4     2.1     2.5     2.5     2.5     2.3     1.8     1.2     0.9     0.6     0.5     0.5     0.7     0.8     1.0     1.1     0.8     0.5     0.3     0.2     0.1     0.1     0.1     0.1     0.3     0.7     2.2     3.9     1.9     1.8     2.1     2.5     3.5     4.8     6.0     6.5     7.8     6.6     4.7     4.0     5.1     5.6     5.7     5.7     9.0     7.7     7.6     4.5     5.2     4.8     3.2     2.0     2.7     3.5     3.5     3.1     2.8     2.7     3.6     5.1     5.6     5.9     6.4     6.4     6.7     8.9    13.2    13.2    14.2    15.0    15.2 -9999.0 -9999.0 -9999.0 -9999.0 -9999.0 -9999.0 -9999.0 -9999.0 -9999.0 -9999.0 -9999.0 -9999.0 -9999.0 -9999.0 -9999.0
 -9999.0 -9999.0 -9999.0 -9999.0 -9999.0     4.5     8.0    13.6    19.5    25.1    29.7    32.5    32.3    22.2    15.1    16.7    21.4    19.7    13.9     8.7     5.3     3.5     2.7     2.5     2.6     2.6     2.7     2.6     2.3     1.7     0.9     0.4     0.1     0.1     0.0     0.0     0.0     0.0     0.0     0.1     0.2     0.5     1.1     1.8     2.6     3.4     3.8     3.8     3.1     2.2     1.4     0.9     0.7     0.7     0.9     1.0     1.2     1.2     0.9     0.7     0.5     0.5     0.3     0.2     0.3     0.3     0.5     1.7     3.6     2.1     2.0     1.9     2.2     3.0     4.9     6.3     8.4     9.0    10.5    10.0     7.3     6.1     5.8     5.4     4.6     2.7     3.9     3.7     4.5     4.1     4.5     4.6     3.8     3.0     3.2     3.6     2.9     2.1 -9999.0 -9999.0     4.6     6.3     5.4     5.4     7.1     9.1    10.6    12.0    14.7 -9999.0 -9999.0 -9999.0 -9999.0 -9999.0 -9999.0 -9999.0 -9999.0 -9999.0 -9999.0 -9999.0 -9999.0 -9999.0 -9999.0 -9999.0 -9999.0 -9999.0 -9999.0 -9999.0
 -9999.0 -9999.0 -9999.0     0.5     1.8     5.4     9.6    14.9    20.9    20.8    18.6    18.5    23.0    11.4     8.7    11.8    14.4    13.4    10.1     6.8     4.4     3.1     2.4     2.2     2.2     2.4     2.5     2.5     2.3     1.9     1.4     0.9     0.5     0.2     0.1     0.1     0.0     0.0     0.0     0.1     0.1     0.3     0.9     1.8     2.9     4.0     4.8     5.2     4.4     3.3     2.1     1.3     0.9     0.8     0.9     1.2     1.8     1.9     1.5     1.1     0.8     0.7     0.6     0.8     0.6     0.6     2.4     1.5     2.2     2.9     3.2     2.5     2.9     3.8     4.8     6.1     7.5     8.1     8.3     7.7     6.4     4.8     5.2     4.1     4.2     1.7     2.4     2.9     2.8     3.5     4.0     4.3     3.9     3.3     3.4     3.2     1.9 -9999.0 -9999.0 -9999.0     4.7     5.5     5.1     5.6     7.7    10.4    13.2 -9999.0 -9999.0 -9999.0 -9999.0 -9999.0 -9999.0 -9999.0 -9999.0 -9999.0 -9999.0 -9999.0 -9999.0 -9999.0 -9999.0 -9999.0 -9999.0 -9999.0 -9999.0 -9999.0 -9999.0 -9999.0
 -9999.0 -9999.0     0.1     0.8     2.6     4.5     7.5    10.1    10.0    12.1    11.9    10.7     9.4     8.5     8.7    10.0    10.8     9.8     7.6     5.5     3.9     2.9     2.4     2.2     2.2     2.5     2.7     2.9     3.1     3.1     2.9     2.5     2.0     1.3     0.7     0.3     0.1     0.1     0.1     0.1     0.1     0.3     0.7     1.8     3.6     5.6     5.0     4.7     4.7     4.1     2.7     2.3     1.7     1.4     1.6     2.6     2.7     2.8     1.9     1.3     0.8     1.2     0.6     0.7     0.7     1.1     1.5     1.6     3.1     3.7     4.8     3.7     3.6     4.5     5.3     5.6     5.7     5.3     5.6     5.2     4.3     4.0     3.9     3.1     1.7     4.4     2.8     3.5     3.6     3.5     3.7     4.1     3.6     2.9     2.8 -9999.0 -9999.0 -9999.0 -9999.0     3.1     4.4     5.1     5.4     6.5 -9999.0 -9999.0 -9999.0 -9999.0 -9999.0 -9999.0 -9999.0 -9999.0 -9999.0 -9999.0 -9999.0 -9999.0 -9999.0 -9999.0 -9999.0 -9999.0 -9999.0 -9999.0 -9999.0 -9999.0 -9999.0 -9999.0 -9999.0 -9999.0
 -9999.0 -9999.0     0.3     1.6     4.1     7.0     4.6     5.0     7.2     9.1     9.5     9.1     9.1     9.4     9.8    10.2     9.7     8.3     6.4     4.8     3.6     2.9     2.6     2.5     2.6     2.9     3.2     3.7     4.3     4.9     5.4     5.6     5.0     3.8     2.4     1.2     0.4     0.1     0.1     0.1     0.1     0.1     0.0     0.0     1.0     0.7     0.2     3.3     0.6     1.5     1.5     0.3     0.4     0.8     3.2     3.8     3.8     5.0     2.7     2.0     1.5     0.9     0.8     0.6     0.8     1.2     1.7     3.0     5.2     3.6     4.2     3.9     4.0     4.2     4.6     4.7     4.5     5.0     5.2     4.2     3.1     3.3     4.1     4.2     3.1     3.3     5.7     5.6     4.6     3.9     3.8     4.0     3.1     2.4 -9999.0 -9999.0 -9999.0 -9999.0 -9999.0     3.9 -9999.0 -9999.0 -9999.0 -9999.0 -9999.0 -9999.0 -9999.0 -9999.0 -9999.0 -9999.0 -9999.0 -9999.0 -9999.0 -9999.0 -9999.0 -9999.0 -9999.0 -9999.0 -9999.0 -9999.0 -9999.0 -9999.0 -9999.0 -9999.0 -9999.0 -9999.0 -9999.0 -9999.0
 -9999.0 -9999.0     0.4     2.2     4.9     8.1    10.4    14.6     6.0     6.4     7.1     8.0     9.5    10.9    12.0    11.5    10.2     7.8     5.8     4.4     3.6     3.2     3.0     3.1     3.2     3.5     4.0     4.8     5.9     7.2     8.4     9.0     4.3     1.5     0.9     0.2     0.2     0.1     0.0     0.0     0.1     0.1     0.1     0.3     1.3     2.0     2.0     1.5     2.3     2.2     0.3     1.0     0.7     0.3     0.6     1.6     5.3     4.8     4.1     2.8     0.7     0.5     0.4     0.4     0.7     1.3     2.0     5.3     2.1     2.4     3.1     3.1     3.2     3.6     4.1     4.9     5.7     7.1     6.7     4.9     4.0     4.4     6.0     7.0     7.0     8.6     8.9     7.3     5.7     4.9     4.6 -9999.0 -9999.0 -9999.0 -9999.0 -9999.0 -9999.0 -9999.0 -9999.0 -9999.0 -9999.0 -9999.0 -9999.0 -9999.0 -9999.0 -9999.0 -9999.0 -9999.0 -9999.0 -9999.0 -9999.0 -9999.0 -9999.0 -9999.0 -9999.0 -9999.0 -9999.0 -9999.0 -9999.0 -9999.0 -9999.0 -9999.0 -9999.0 -9999.0 -9999.0 -9999.0 -9999.0 -9999.0
 -9999.0 -9999.0 -9999.0     2.8     4.8     9.2    13.4    17.1    18.1     8.0     6.1     7.9    10.7    13.2    14.2    13.4    10.8     7.7     5.5     4.2     3.7     3.5     3.6     3.8     4.0     4.4     5.1     6.1     7.5     8.7     7.5     2.3     2.6     0.2     0.1     0.2     0.4     0.2     0.1     0.1     0.1     0.1     0.2     0.7     1.4     1.1     0.6     0.6     0.5     1.0     1.5     1.2     0.7     0.3     0.5     0.8     1.8     3.6     4.6     2.3     0.9     0.3     0.4     0.3     0.4     0.6     1.3     2.7     0.9     1.4     1.9     2.0     2.3     2.8     3.9     5.4     7.5     9.7     8.7     5.8     4.9     5.9     8.5    10.7    11.4    12.0    10.9     8.7     7.0     6.1     5.9     4.6 -9999.0 -9999.0 -9999.0 -9999.0 -9999.0 -9999.0 -9999.0 -9999.0 -9999.0 -9999.0 -9999.0 -9999.0 -9999.0 -9999.0 -9999.0 -9999.0 -9999.0 -9999.0 -9999.0 -9999.0 -9999.0 -9999.0 -9999.0 -9999.0 -9999.0 -9999.0 -9999.0 -9999.0 -9999.0 -9999.0 -9999.0 -9999.0 -9999.0 -9999.0 -9999.0 -9999.0
 -9999.0 -9999.0 -9999.0 -9999.0 -9999.0     8.1     8.3    11.6    20.6    10.7     7.3     9.6    12.5    15.5    16.8    15.4    11.4     7.4     5.1     4.0     3.9     4.0     4.2     4.5     4.8     5.3     5.8     6.5     4.4     3.0     3.2     1.2     0.7     0.7     0.1     0.3     0.1     0.1     0.1     0.2     0.2     0.3     0.6     1.0     1.3     1.4     1.2     0.7     1.3     1.0     2.3     0.8     0.8     0.6     0.6     1.0     2.1     3.8     5.7     6.2     5.2     0.7     0.8     0.4     0.4     0.3     0.6     0.5     0.3     0.4     0.8     1.2     1.9     2.9     4.8     6.9     9.1    10.7    11.0     8.8     7.6     8.1    10.4    11.5    11.8    13.5    13.1    10.9     9.1     8.2     7.8     6.8     5.9     5.8 -9999.0 -9999.0 -9999.0    14.8 -9999.0 -9999.0 -9999.0 -9999.0 -9999.0 -9999.0 -9999.0 -9999.0 -9999.0 -9999.0 -9999.0 -9999.0 -9999.0 -9999.0 -9999.0 -9999.0 -9999.0 -9999.0 -9999.0 -9999.0 -9999.0 -9999.0 -9999.0 -9999.0 -9999.0 -9999.0 -9999.0 -9999.0 -9999.0 -9999.0
 -9999.0 -9999.0 -9999.0 -9999.0     4.7     9.4    13.7    16.0    19.0    11.5    18.0    18.7    19.3    18.0    17.9    16.0    11.0     6.7     4.4     3.7     3.8     4.2     4.6     4.9     5.0     4.8     4.4     0.4     1.7     1.1     0.7     0.9     0.8     0.3     0.6     0.4     0.3     0.1     0.1     0.2     0.4     0.8     1.1     1.5     1.7     1.6     1.3     1.1     1.6     3.7     5.5     3.2     1.4     0.7     0.6     1.0     2.3     4.7     6.6     7.7     7.5     5.9     4.7     1.1     0.1     0.7     1.1     0.2     0.6     0.3     0.5     1.5     3.3     5.3     7.5     9.3    11.0    12.9    15.3    12.2    10.5    10.8    10.9    11.7     9.6    13.7    14.8    13.6    12.2    11.7    11.6    11.1    11.1    11.3 -9999.0 -9999.0    14.4    17.1    18.3    24.0    24.0 -9999.0 -9999.0 -9999.0 -9999.0 -9999.0 -9999.0 -9999.0 -9999.0 -9999.0 -9999.0 -9999.0 -9999.0 -9999.0 -9999.0 -9999.0 -9999.0 -9999.0 -9999.0 -9999.0 -9999.0 -9999.0 -9999.0 -9999.0 -9999.0 -9999.0 -9999.0 -9999.0
 -9999.0 -9999.0 -9999.0 -9999.0     5.6     7.8    12.8    14.0    19.1    21.7    20.5    24.8    25.3    24.5    21.3    18.1    13.5     7.3     4.2     3.5     3.9     4.2     4.4     3.3     1.5     0.7     1.1     0.9     0.9     0.8     0.8     0.4     0.6     0.4     0.2     0.3     0.1     0.1     0.2     0.4     0.4     1.2     1.6     2.0     1.9     1.5     1.0     0.8     1.2     2.9     5.6     5.7     1.9     1.1     0.6     0.9     1.9     4.3     6.5     1.7     5.9     1.6     1.2     1.4     0.4     0.2     1.2     0.5     0.4     1.2     0.9     2.5     5.3     8.8    10.4    11.6    12.3    16.5    18.7    16.4    15.2    11.7    12.1     8.8    10.8    14.5    16.1    16.1    15.8    16.3    17.2    20.1    18.5    18.2    17.9    17.3    18.0    19.0    19.6 -9999.0 -9999.0 -9999.0 -9999.0 -9999.0 -9999.0 -9999.0 -9999.0 -9999.0 -9999.0 -9999.0 -9999.0 -9999.0 -9999.0 -9999.0 -9999.0 -9999.0 -9999.0 -9999.0 -9999.0 -9999.0 -9999.0 -9999.0 -9999.0 -9999.0 -9999.0 -9999.0 -9999.0 -9999.0
 -9999.0 -9999.0 -9999.0 -9999.0 -9999.0 -9999.0 -9999.0    13.3    17.1    18.7    20.2    20.6    21.6    20.2    18.2    15.2    12.9     8.4     5.6     5.0     4.0     2.7     1.9     1.5     1.3     1.1     0.8     0.6     0.6     0.3     0.3     0.3     0.3     0.2     0.1     0.2     0.1     0.1     0.1     0.2     0.7     0.5     0.9     1.3     1.4     1.2     0.6     0.5     0.8     2.5     6.0     7.7     4.0     1.5     1.5     0.7     1.0     1.6     6.0     2.7     6.2     1.4     0.7     1.1     2.1     0.9     1.6     2.1     1.5     1.8     2.1     4.4     9.0    12.9    13.5    13.9    12.8    16.4    19.6    15.2    15.3    13.0    11.1    10.3    13.5    16.3    17.9    18.3    18.7    20.6    23.0    25.0    26.2    24.4    22.9    23.7    23.8 -9999.0 -9999.0 -9999.0 -9999.0 -9999.0 -9999.0 -9999.0 -9999.0 -9999.0 -9999.0 -9999.0 -9999.0 -9999.0 -9999.0 -9999.0 -9999.0 -9999.0 -9999.0 -9999.0 -9999.0 -9999.0 -9999.0 -9999.0 -9999.0 -9999.0 -9999.0 -9999.0 -9999.0 -9999.0 -9999.0 -9999.0
 -9999.0 -9999.0 -9999.0 -9999.0 -9999.0 -9999.0 -9999.0    13.0    13.0    16.5    17.5    18.0    17.3    15.2    14.3    10.8     9.7     7.5     5.1     4.0     2.9     1.9     1.5     1.2     1.0     0.8     0.7     0.4     0.6     0.6     0.3     0.2     0.2     0.1     0.2     0.1     0.1     0.1     0.2     0.3     0.5     1.0     1.4     1.2     1.4     1.0     0.7     0.6     1.0     1.7     1.6     2.0     3.6     2.3     2.4     1.3     1.4     3.1     5.6     6.5     5.1     5.2     3.2     4.0     2.9     2.4     2.8     3.3     4.7     3.1     5.0     8.9    13.7    16.6    14.2    15.7    15.0    13.6    13.0    14.4    15.9    14.2    15.2    12.9    15.7    18.3    19.9    20.2    20.3    22.0    25.4    26.1    25.0    24.2    26.8    28.8 -9999.0 -9999.0 -9999.0 -9999.0 -9999.0 -9999.0 -9999.0 -9999.0 -9999.0 -9999.0 -9999.0 -9999.0 -9999.0 -9999.0 -9999.0 -9999.0 -9999.0 -9999.0 -9999.0 -9999.0 -9999.0 -9999.0 -9999.0 -9999.0 -9999.0 -9999.0 -9999.0 -9999.0 -9999.0 -9999.0 -9999.0 -9999.0
 -9999.0 -9999.0 -9999.0 -9999.0 -9999.0 -9999.0 -9999.0 -9999.0 -9999.0    13.6    14.3    14.4    13.7    12.6    11.1     9.4     7.2     4.9     3.8     2.5     1.9     1.5     1.1     0.9     0.7     0.7     0.5     0.4     0.5     0.2     0.5     0.3     0.2     0.2     0.2     0.2     0.2     0.2     0.2     0.3     0.6     1.0     1.6     1.8     1.5     1.2     1.0     0.9     1.2     1.8     2.1     2.5     2.8     2.9     3.3     2.7     2.1     3.2     5.6     5.6     5.5     6.3     7.0     4.6     4.8     3.9     4.5     5.7     8.0     7.2    10.2    13.6    17.0    18.7    18.6    12.0    10.3    10.4    11.8    13.9    14.6    14.8    11.8    14.7    17.9    20.5    22.3    22.7    22.1    22.6    25.5    26.0    24.8    26.1    29.7 -9999.0 -9999.0 -9999.0 -9999.0 -9999.0 -9999.0 -9999.0 -9999.0 -9999.0 -9999.0 -9999.0 -9999.0 -9999.0 -9999.0 -9999.0 -9999.0 -9999.0 -9999.0 -9999.0 -9999.0 -9999.0 -9999.0 -9999.0 -9999.0 -9999.0 -9999.0 -9999.0 -9999.0 -9999.0 -9999.0 -9999.0 -9999.0 -9999.0
 -9999.0 -9999.0 -9999.0 -9999.0 -9999.0 -9999.0 -9999.0 -9999.0 -9999.0 -9999.0 -9999.0    11.3    10.5     9.5     8.2     6.6     5.1     3.8     2.7     1.9     1.2     0.9     0.7     0.6     0.3     0.4     0.3     0.2     0.3     0.3     0.3     0.1     0.2     0.2     0.2     0.1     0.2     0.2     0.1     0.2     0.4     0.8     1.4     1.7     1.7     1.4     1.5     1.3     1.7     2.1     2.6     2.7     2.8     3.3     4.1     4.4     4.0     4.6     4.6     4.4     4.9     4.8     4.9     4.8     5.1     4.0     4.0     7.4    10.2    11.9    14.2    17.6    17.1    16.7    14.9    11.8     9.6     9.6    10.6    12.7    12.7    11.8    14.3    18.4    21.6    23.6    26.1    27.6    27.2    27.5    29.5    30.6    32.6    35.7    36.9 -9999.0 -9999.0 -9999.0 -9999.0 -9999.0 -9999.0 -9999.0 -9999.0 -9999.0 -9999.0 -9999.0 -9999.0 -9999.0 -9999.0 -9999.0 -9999.0 -9999.0 -9999.0 -9999.0 -9999.0 -9999.0 -9999.0 -9999.0 -9999.0 -9999.0 -9999.0 -9999.0 -9999.0 -9999.0 -9999.0 -9999.0 -9999.0 -9999.0
 -9999.0 -9999.0 -9999.0 -9999.0 -9999.0 -9999.0 -9999.0 -9999.0 -9999.0 -9999.0 -9999.0 -9999.0     7.5     6.7     5.8     4.6     3.5     2.5     1.7     1.1     0.9     0.6     0.4     0.4     0.1     0.3     0.3     0.2     0.2     0.1     0.2     0.2     0.2     0.1     0.1     0.2     0.1     0.2     0.3     0.3     0.4     0.6     1.1     1.5     1.8     1.9     1.9     1.5     1.9     2.5     3.0     2.7     2.7     3.2     3.9     4.2     4.2     4.6     3.1     4.1     3.8     4.6     4.8     4.3     3.9     6.1     5.3     8.8    12.0    14.5    14.7    11.4    10.0    13.1    14.1    26.5    12.7    10.9    10.2    15.1    12.7    13.8    19.2    25.7    28.4    29.4    32.3    35.3    36.2    36.8    38.3    38.6    39.8    40.8    39.1    37.5    36.1 -9999.0 -9999.0 -9999.0 -9999.0 -9999.0 -9999.0 -9999.0 -9999.0 -9999.0 -9999.0 -9999.0 -9999.0 -9999.0 -9999.0 -9999.0 -9999.0 -9999.0 -9999.0 -9999.0 -9999.0 -9999.0 -9999.0 -9999.0 -9999.0 -9999.0 -9999.0 -9999.0 -9999.0 -9999.0 -9999.0 -9999.0
 -9999.0 -9999.0 -9999.0 -9999.0 -9999.0 -9999.0 -9999.0 -9999.0 -9999.0 -9999.0 -9999.0 -9999.0     5.9     4.3     3.5     3.0     2.1     1.5     1.1     0.7     0.5     0.3     0.2     0.2     0.3     0.2     0.2     0.3     0.2     0.3     0.2     0.1     0.1     0.2     0.1     0.2     0.2     0.3     0.4     0.4     0.5     0.7     1.0     1.6     2.1     2.6     2.3     2.0     1.7     2.5     2.5     2.3     2.0     2.5     2.6     3.0     2.8     3.2     3.0     3.4     3.7     4.0     4.9     6.0     3.2     5.4     1.4     4.8    10.8    16.7    20.9    27.7    31.7    21.6    19.2    13.5    11.2    16.7    13.0    12.1    24.0    17.7    27.4    35.5    36.3    36.4    39.5    42.7    42.8    42.1    42.2    41.1    38.0    36.6    34.9    34.5    34.0 -9999.0 -9999.0 -9999.0 -9999.0 -9999.0 -9999.0 -9999.0 -9999.0 -9999.0 -9999.0 -9999.0 -9999.0 -9999.0 -9999.0 -9999.0 -9999.0 -9999.0 -9999.0 -9999.0 -9999.0 -9999.0 -9999.0 -9999.0 -9999.0 -9999.0 -9999.0 -9999.0 -9999.0 -9999.0 -9999.0 -9999.0
 -9999.0 -9999.0 -9999.0 -9999.0 -9999.0 -9999.0 -9999.0 -9999.0 -9999.0 -9999.0 -9999.0 -9999.0 -9999.0     3.0     2.7     1.5     1.3     0.8     0.6     0.4     0.3     0.2     0.2     0.2     0.2     0.1     0.1     0.1     0.1     0.1     0.2     0.2     0.1     0.1     0.2     0.3     0.5     0.6     0.6     0.8     0.8     0.9     1.2     1.9     2.4     2.8     3.1     3.1     2.9     2.5     2.1     1.3     1.2     2.6     2.7     2.7     2.6     3.3     4.9     5.3     5.9     5.5     6.0     3.7     1.1     3.0     5.9     7.8    17.7    24.9    26.2    23.6    23.0    21.8    24.6    16.7    15.1    15.4    16.8    17.6    19.6    25.3    37.8    44.9    42.5    42.1    44.7    45.1    43.0    38.7    35.8    34.7    32.2    31.8    32.4    32.4    31.9 -9999.0 -9999.0 -9999.0 -9999.0 -9999.0 -9999.0 -9999.0 -9999.0 -9999.0 -9999.0 -9999.0 -9999.0 -9999.0 -9999.0 -9999.0 -9999.0 -9999.0 -9999.0 -9999.0 -9999.0 -9999.0 -9999.0 -9999.0 -9999.0 -9999.0 -9999.0 -9999.0 -9999.0 -9999.0 -9999.0 -9999.0
 -9999.0 -9999.0 -9999.0 -9999.0 -9999.0 -9999.0 -9999.0 -9999.0 -9999.0 -9999.0 -9999.0 -9999.0     2.3     2.4     1.7     0.9     0.9     0.5     0.3     0.2     0.2     0.2     0.1     0.1     0.1     0.1     0.1     0.2     0.2     0.2     0.2     0.3     0.1     0.2     0.2     0.4     0.6     1.5     1.8     1.6     1.3     1.5     1.9     2.0     2.7     3.2     3.1     2.2     2.1     1.9     2.2     2.3     1.3     2.1     2.5     3.0     3.9     3.5     5.5     7.0     7.8     8.4     7.7     9.4     6.9     5.9     0.7     6.7    24.9    34.2    36.3    31.1    24.1    20.1    16.9    16.1    18.3    20.6    22.7    25.6    29.0    36.2    46.6    51.2    48.1    48.3    50.5    47.2    39.8    32.5    28.6    28.8    30.2    29.9    31.4    31.3    30.3    29.5 -9999.0 -9999.0 -9999.0 -9999.0 -9999.0 -9999.0 -9999.0 -9999.0 -9999.0 -9999.0 -9999.0 -9999.0 -9999.0 -9999.0 -9999.0 -9999.0 -9999.0 -9999.0 -9999.0 -9999.0 -9999.0 -9999.0 -9999.0 -9999.0 -9999.0 -9999.0 -9999.0 -9999.0 -9999.0 -9999.0
 -9999.0 -9999.0 -9999.0 -9999.0 -9999.0 -9999.0 -9999.0 -9999.0 -9999.0 -9999.0 -9999.0 -9999.0     1.9     0.8     0.7     1.1     0.7     0.3     0.2     0.2     0.1     0.1     0.1     0.1     0.1     0.1     0.2     0.2     0.2     0.3     0.3     0.3     0.2     0.4     0.4     0.6     1.4     2.4     3.1     2.8     2.1     1.7     1.7     2.0     2.5     2.9     3.7     3.3     2.8     1.1     1.2     2.1     1.7     2.3     3.2     3.8     4.6     5.7     6.8     8.8    10.5    12.1     8.8     7.2     7.3     2.6     8.1     9.6    22.2    36.0    40.4    36.6    32.7    31.2    31.1    22.6    23.0    24.7    27.4    32.1    38.9    46.8    54.8    56.9    52.2    52.0    54.1    52.6    41.6    32.5    28.1    28.7    31.6    31.1    31.7    31.1    29.8    29.3    30.7 -9999.0 -9999.0 -9999.0 -9999.0 -9999.0 -9999.0 -9999.0 -9999.0 -9999.0 -9999.0 -9999.0 -9999.0 -9999.0 -9999.0 -9999.0 -9999.0 -9999.0 -9999.0 -9999.0 -9999.0 -9999.0 -9999.0 -9999.0 -9999.0 -9999.0 -9999.0 -9999.0 -9999.0 -9999.0
 -9999.0 -9999.0 -9999.0 -9999.0 -9999.0 -9999.0 -9999.0 -9999.0 -9999.0 -9999.0 -9999.0 -9999.0     0.4     0.9     0.3     0.3     0.2     0.3     0.2     0.1     0.2     0.1     0.1     0.1     0.1     0.1     0.1     0.1     0.2     0.3     0.4     0.3     0.5     0.6     0.6     0.8     1.8     3.6     4.9     4.0     2.9     2.2     2.3     1.6     2.2     3.3     3.9     2.9     1.7     1.8     2.1     1.5     4.5     5.0     4.5     3.8     4.9     6.0     7.4     8.0     9.8    11.5    17.2     9.8     5.0     4.2     7.9    17.3    31.1    42.7    51.2    49.0    44.3    41.5    70.0    39.2    60.1    25.9    33.4    37.3    46.9    56.9    57.1    54.3    49.7    45.7    50.6    63.2    45.5    36.0    32.5    33.4    35.1    36.7    37.4    36.0    34.2    33.3    35.5    41.3 -9999.0 -9999.0 -9999.0 -9999.0 -9999.0 -9999.0 -9999.0 -9999.0 -9999.0 -9999.0 -9999.0 -9999.0 -9999.0 -9999.0 -9999.0 -9999.0 -9999.0 -9999.0 -9999.0 -9999.0 -9999.0 -9999.0 -9999.0 -9999.0 -9999.0 -9999.0 -9999.0 -9999.0
 -9999.0 -9999.0 -9999.0 -9999.0 -9999.0 -9999.0 -9999.0 -9999.0 -9999.0 -9999.0 -9999.0 -9999.0 -9999.0     1.3     0.8     0.2     0.2     0.2     0.2     0.2     0.2     0.1     0.1     0.1     0.1     0.1     0.1     0.2     0.2     0.3     0.3     0.5     0.6     0.8     0.8     1.0     2.2     5.6     7.2     6.3     4.2     3.6     3.4     2.8     1.9     2.1     3.3     1.4     4.0     3.7     1.7     3.8     3.3     2.6     4.8     5.0     2.5     3.2     5.9    10.3    11.7    20.0    17.3     8.2     5.8     8.1    12.3    22.2    35.4    50.8    61.6    60.8    48.4    41.4    35.3    28.1    25.0    27.9    41.0    38.6    50.9    60.7    55.0    43.1    33.9    30.2    35.8    66.1    51.2    38.7    37.3    42.2    45.8    48.5    50.5    51.4    48.4    47.6    51.0 -9999.0 -9999.0 -9999.0 -9999.0 -9999.0 -9999.0 -9999.0 -9999.0 -9999.0 -9999.0 -9999.0 -9999.0 -9999.0 -9999.0 -9999.0 -9999.0 -9999.0 -9999.0 -9999.0 -9999.0 -9999.0 -9999.0 -9999.0 -9999.0 -9999.0 -9999.0 -9999.0 -9999.0 -9999.0
 -9999.0 -9999.0 -9999.0 -9999.0 -9999.0 -9999.0 -9999.0 -9999.0 -9999.0 -9999.0 -9999.0 -9999.0 -9999.0     0.1     0.7     0.2     0.5     0.2     0.2     0.2     0.3     0.3     0.2     0.2     0.2     0.2     0.1     0.2     0.2     0.2     0.3     0.4     0.8     1.0     1.1     1.7     3.9     7.6     9.0     7.2     5.8     4.2     3.4     3.2     5.0     3.3     3.5     2.1     3.1     3.0     3.8     1.0     3.2     4.6     5.3     4.0     1.6     2.0     5.0     3.8    11.2     9.6    11.0    10.1     8.3     9.3    13.4    23.5    38.0    53.7    63.5    57.5    45.9    37.1    34.8    39.6    55.8    31.1    33.2    39.1    49.5    52.7    45.5    35.9    27.5    25.2    29.0    34.2    36.5    34.7    42.5    51.5    59.5    66.2    70.8    73.8    77.9    83.3    91.3 -9999.0 -9999.0 -9999.0 -9999.0 -9999.0 -9999.0 -9999.0 -9999.0 -9999.0 -9999.0 -9999.0 -9999.0 -9999.0 -9999.0 -9999.0 -9999.0 -9999.0 -9999.0 -9999.0 -9999.0 -9999.0 -9999.0 -9999.0 -9999.0 -9999.0 -9999.0 -9999.0 -9999.0 -9999.0
 -9999.0 -9999.0 -9999.0 -9999.0 -9999.0 -9999.0 -9999.0 -9999.0 -9999.0 -9999.0 -9999.0 -9999.0 -9999.0 -9999.0 -9999.0     0.3     0.2     0.3     0.3     0.2     0.5     0.3     0.3     0.3     0.3     0.2     0.2     0.2     0.2     0.2     0.3     0.5     0.7     1.0     1.4     2.3     4.0     7.4     9.3     8.3     7.0     5.8     4.6     3.8     2.7     2.4     3.8     2.0     3.6     0.6     1.7     5.0     2.2     2.7     0.4     2.1     1.9     0.2     4.7     8.1     4.7     8.3    20.3    14.4     8.8     7.5    12.1    24.2    39.0    51.0    55.2    46.9    38.2    35.2    35.6    53.8    57.1    73.0    45.9    46.2    51.1    47.2    41.5    38.3    36.5    35.4    37.4    44.4    43.3    40.7    50.8    71.9    74.4    87.7    96.1   105.2   121.2 -9999.0   156.0 -9999.0 -9999.0 -9999.0 -9999.0 -9999.0 -9999.0 -9999.0 -9999.0 -9999.0 -9999.0 -9999.0 -9999.0 -9999.0 -9999.0 -9999.0 -9999.0 -9999.0 -9999.0 -9999.0 -9999.0 -9999.0 -9999.0 -9999.0 -9999.0 -9999.0 -9999.0 -9999.0 -9999.0 -9999.0
 -9999.0 -9999.0 -9999.0 -9999.0 -9999.0 -9999.0 -9999.0 -9999.0 -9999.0 -9999.0 -9999.0 -9999.0 -9999.0 -9999.0 -9999.0 -9999.0 -9999.0     0.0     0.1 -9999.0     0.3     0.7     0.5     0.5     0.6     0.5     0.5     0.3     0.2     0.2     0.2     0.3     0.9     0.8     0.8     1.8     4.1     2.0     5.8     6.1     5.8     6.5     4.9     4.1     3.1     3.6     3.1     6.3     2.3     2.9     0.3     0.9     0.3     2.4     2.6     2.3     0.7     2.7     3.3     6.0     0.7     7.2    16.0    13.3     8.0     6.5    11.8    24.3    38.0    46.1    48.0    43.5    42.5    34.9    43.2    59.9    58.8    54.0    52.3    50.0    51.6    46.7    44.5    49.6    57.9    56.7    53.1    58.7    61.7    60.6    74.6    92.5    92.3   109.3   129.9   143.9   161.5   176.0   185.1   185.6   177.3 -9999.0 -9999.0 -9999.0 -9999.0 -9999.0 -9999.0 -9999.0 -9999.0 -9999.0 -9999.0 -9999.0 -9999.0 -9999.0 -9999.0 -9999.0 -9999.0 -9999.0 -9999.0 -9999.0 -9999.0 -9999.0 -9999.0 -9999.0 -9999.0 -9999.0 -9999.0 -9999.0
 -9999.0 -9999.0 -9999.0 -9999.0 -9999.0 -9999.0 -9999.0 -9999.0 -9999.0 -9999.0 -9999.0 -9999.0 -9999.0 -9999.0 -9999.0 -9999.0 -9999.0 -9999.0 -9999.0 -9999.0 -9999.0     0.9     1.1     1.5     1.1     0.8     0.6     0.4     0.3     0.2     0.2     0.2     0.3     0.6     0.4     1.0     0.9     1.0     0.6     0.1     0.3     5.9     6.2     5.4     3.8     5.5     3.6     4.1     7.4    17.7     2.1     5.7     4.4     1.0     1.5     2.3     2.0     0.9     5.4     3.5     0.3     2.6     9.3    10.1     9.3    10.1    17.1    28.5    39.7    43.3    40.8    41.9    39.5    38.6    45.0    52.5    52.6    45.7    51.2    56.6    55.8    53.1    55.6    67.7    86.1    73.4    65.5    71.6    85.9    96.6   113.8   135.5   147.3   149.0   176.8   177.2   177.7   178.8   181.2   168.9 -9999.0 -9999.0 -9999.0 -9999.0 -9999.0 -9999.0 -9999.0 -9999.0 -9999.0 -9999.0 -9999.0 -9999.0 -9999.0 -9999.0 -9999.0 -9999.0 -9999.0 -9999.0 -9999.0 -9999.0 -9999.0 -9999.0 -9999.0 -9999.0 -9999.0 -9999.0 -9999.0 -9999.0
 -9999.0 -9999.0 -9999.0 -9999.0 -9999.0 -9999.0 -9999.0 -9999.0 -9999.0 -9999.0 -9999.0 -9999.0 -9999.0 -9999.0 -9999.0 -9999.0 -9999.0 -9999.0 -9999.0 -9999.0 -9999.0 -9999.0 -9999.0     1.0     1.7     1.4     1.1     0.8     0.7     0.2     0.2     0.4     1.5     1.1     1.7     1.4     2.2     0.5     2.4     3.8     3.8     6.2     3.8     3.3     3.9     2.1     6.0     5.5     4.3     3.3     2.2     4.1     1.4     1.5     0.7     0.1     0.8     1.9     0.1     2.4     1.6     5.7     9.5     8.3    11.0    17.6    27.5    37.2    41.4    42.5    44.7    41.8    41.2    49.0    53.6    58.9    62.3    59.0    61.7    69.0    69.9    69.1    74.6    88.9    97.0   113.2    84.1    97.2   123.1   151.3   181.7   197.3   217.6   196.0   196.6   188.1   181.4   179.5   155.5 -9999.0 -9999.0 -9999.0 -9999.0 -9999.0 -9999.0 -9999.0 -9999.0 -9999.0 -9999.0 -9999.0 -9999.0 -9999.0 -9999.0 -9999.0 -9999.0 -9999.0 -9999.0 -9999.0 -9999.0 -9999.0 -9999.0 -9999.0 -9999.0 -9999.0 -9999.0 -9999.0 -9999.0 -9999.0
 -9999.0 -9999.0 -9999.0 -9999.0 -9999.0 -9999.0 -9999.0 -9999.0 -9999.0 -9999.0 -9999.0 -9999.0 -9999.0 -9999.0 -9999.0 -9999.0 -9999.0 -9999.0 -9999.0 -9999.0 -9999.0 -9999.0 -9999.0 -9999.0 -9999.0     0.5     1.6     3.1     2.1     2.8     1.1     0.4     0.5     1.1     0.5     2.1     5.3     0.6     3.0     1.3     5.2     2.6     0.2     1.5     1.4     1.5     4.5     2.9     6.8     5.0     6.4     3.7     3.9     2.4     0.4     0.1     0.3     0.1     1.0     1.5     4.6    11.8    17.0     9.3    12.9    23.7    34.1    37.5    44.0    48.3    42.5    40.9    40.2    54.9    64.8    65.1    60.0    64.2    85.4    78.2    80.0    83.9    91.6   105.6   117.9   114.0   123.9   146.2   174.1   201.8   236.8   260.9   224.6   195.4   193.2   201.5   182.4   169.4 -9999.0 -9999.0 -9999.0 -9999.0 -9999.0 -9999.0 -9999.0 -9999.0 -9999.0 -9999.0 -9999.0 -9999.0 -9999.0 -9999.0 -9999.0 -9999.0 -9999.0 -9999.0 -9999.0 -9999.0 -9999.0 -9999.0 -9999.0 -9999.0 -9999.0 -9999.0 -9999.0 -9999.0 -9999.0 -9999.0
 -9999.0 -9999.0 -9999.0 -9999.0 -9999.0 -9999.0 -9999.0 -9999.0 -9999.0 -9999.0 -9999.0 -9999.0 -9999.0 -9999.0 -9999.0 -9999.0 -9999.0 -9999.0 -9999.0 -9999.0 -9999.0 -9999.0 -9999.0 -9999.0 -9999.0 -9999.0 -9999.0     0.1     0.1     0.6     0.4     0.3     3.1     0.1     1.2     0.0     0.1     0.1     0.0     0.2     2.0     0.2     0.1     0.1     0.5     0.9     1.3     2.1     3.0     6.2     4.9     4.1     2.7     1.2     0.4     0.3     0.0     0.0     0.3     0.8    10.7    12.4    10.3     8.1    10.3    16.2    31.0    40.2    40.8    42.0    40.3    44.9    40.9    54.2    57.0    57.4    69.6    70.5    63.9    70.6    83.2    91.1   108.3   129.5   134.5   144.6   169.2   189.1   213.8   218.8   209.4   194.0   204.1   190.6   219.1   221.4   195.0 -9999.0 -9999.0 -9999.0 -9999.0 -9999.0 -9999.0 -9999.0 -9999.0 -9999.0 -9999.0 -9999.0 -9999.0 -9999.0 -9999.0 -9999.0 -9999.0 -9999.0 -9999.0 -9999.0 -9999.0 -9999.0 -9999.0 -9999.0 -9999.0 -9999.0 -9999.0 -9999.0 -9999.0 -9999.0 -9999.0 -9999.0
 -9999.0 -9999.0 -9999.0 -9999.0 -9999.0 -9999.0 -9999.0 -9999.0 -9999.0 -9999.0 -9999.0 -9999.0 -9999.0 -9999.0 -9999.0 -9999.0 -9999.0 -9999.0 -9999.0 -9999.0 -9999.0 -9999.0 -9999.0 -9999.0 -9999.0 -9999.0 -9999.0 -9999.0 -9999.0 -9999.0 -9999.0 -9999.0 -9999.0     0.0     0.4 -9999.0 -9999.0 -9999.0     0.0     0.0     0.0     0.0     0.1     0.0     0.1     0.3 -9999.0 -9999.0 -9999.0 -9999.0 -9999.0 -9999.0     2.9     2.1     0.4     0.1     0.1     0.1     0.1     2.9     8.3     9.8     9.5     6.6     7.0    14.1    25.8    36.5    41.4    40.4    38.3    42.7    48.4    49.0    60.2    54.2    73.1    61.7    64.1    71.3    85.6   105.1   129.4   144.9   152.5   162.0   190.2   210.9   198.6   203.9   188.4   191.8   190.5   183.3   221.6   216.1   186.7 -9999.0 -9999.0 -9999.0 -9999.0 -9999.0 -9999.0 -9999.0 -9999.0 -9999.0 -9999.0 -9999.0 -9999.0 -9999.0 -9999.0 -9999.0 -9999.0 -9999.0 -9999.0 -9999.0 -9999.0 -9999.0 -9999.0 -9999.0 -9999.0 -9999.0 -9999.0 -9999.0 -9999.0 -9999.0 -9999.0 -9999.0
 -9999.0 -9999.0 -9999.0 -9999.0 -9999.0 -9999.0 -9999.0 -9999.0 -9999.0 -9999.0 -9999.0 -9999.0 -9999.0 -9999.0 -9999.0 -9999.0 -9999.0 -9999.0 -9999.0 -9999.0 -9999.0 -9999.0 -9999.0 -9999.0 -9999.0 -9999.0 -9999.0 -9999.0 -9999.0 -9999.0 -9999.0 -9999.0 -9999.0 -9999.0 -9999.0 -9999.0 -9999.0 -9999.0 -9999.0     0.0     0.0     0.0     0.0     0.0 -9999.0 -9999.0 -9999.0 -9999.0 -9999.0 -9999.0 -9999.0 -9999.0     3.5     3.0     0.8     0.3     0.2     0.3     1.4     4.9     9.3     8.1     6.3     5.1     6.4    13.2    25.3    35.7    40.1    45.6    45.5    43.3    43.0    53.5    54.6    60.5    68.0    70.4    84.6    84.5   103.1   127.9   150.5   161.3   156.2   159.4   173.2   188.0   195.4   177.7   166.6   166.5   161.2   188.8   220.5   188.8 -9999.0 -9999.0 -9999.0 -9999.0 -9999.0 -9999.0 -9999.0 -9999.0 -9999.0 -9999.0 -9999.0 -9999.0 -9999.0 -9999.0 -9999.0 -9999.0 -9999.0 -9999.0 -9999.0 -9999.0 -9999.0 -9999.0 -9999.0 -9999.0 -9999.0 -9999.0 -9999.0 -9999.0 -9999.0 -9999.0 -9999.0 -9999.0
 -9999.0 -9999.0 -9999.0 -9999.0 -9999.0 -9999.0 -9999.0 -9999.0 -9999.0 -9999.0 -9999.0 -9999.0 -9999.0 -9999.0 -9999.0 -9999.0 -9999.0 -9999.0 -9999.0 -9999.0 -9999.0 -9999.0 -9999.0 -9999.0 -9999.0 -9999.0 -9999.0 -9999.0 -9999.0 -9999.0 -9999.0 -9999.0 -9999.0 -9999.0 -9999.0 -9999.0 -9999.0 -9999.0 -9999.0 -9999.0 -9999.0 -9999.0 -9999.0 -9999.0 -9999.0 -9999.0 -9999.0 -9999.0 -9999.0 -9999.0 -9999.0 -9999.0     5.0     4.3     1.4     1.0     0.6     0.8     2.0     5.3     9.9    10.2    14.0     9.8    13.3    20.1    28.8    34.4    36.9    40.6    44.0    45.7    57.1    54.9    61.9    67.1    78.0    89.0   100.9   109.7   124.6   148.5   170.0   164.8   159.5   155.4   163.3   182.8   183.9   166.4   152.8   162.6   139.5   175.7   160.0 -9999.0 -9999.0 -9999.0 -9999.0 -9999.0 -9999.0 -9999.0 -9999.0 -9999.0 -9999.0 -9999.0 -9999.0 -9999.0 -9999.0 -9999.0 -9999.0 -9999.0 -9999.0 -9999.0 -9999.0 -9999.0 -9999.0 -9999.0 -9999.0 -9999.0 -9999.0 -9999.0 -9999.0 -9999.0 -9999.0 -9999.0 -9999.0 -9999.0
 -9999.0 -9999.0 -9999.0 -9999.0 -9999.0 -9999.0 -9999.0 -9999.0 -9999.0 -9999.0 -9999.0 -9999.0 -9999.0 -9999.0 -9999.0 -9999.0 -9999.0 -9999.0 -9999.0 -9999.0 -9999.0 -9999.0 -9999.0 -9999.0 -9999.0 -9999.0 -9999.0 -9999.0 -9999.0 -9999.0 -9999.0 -9999.0 -9999.0 -9999.0 -9999.0 -9999.0 -9999.0 -9999.0 -9999.0 -9999.0 -9999.0 -9999.0 -9999.0 -9999.0 -9999.0 -9999.0 -9999.0 -9999.0 -9999.0 -9999.0 -9999.0     5.9     6.2     5.2     2.7     1.8     1.6     2.3     4.2     8.2    14.1    18.1    22.3    26.2    29.6    32.5    34.4    28.3    32.7    32.7    39.9    47.3    50.1    56.2    64.4    72.4    85.6   108.2   128.9   130.9   134.1   148.6   151.1   164.7   169.5   168.6   174.6   198.6   185.9   169.2   163.6   155.1   148.3   110.8   107.1 -9999.0 -9999.0 -9999.0 -9999.0 -9999.0 -9999.0 -9999.0 -9999.0 -9999.0 -9999.0 -9999.0 -9999.0 -9999.0 -9999.0 -9999.0 -9999.0 -9999.0 -9999.0 -9999.0 -9999.0 -9999.0 -9999.0 -9999.0 -9999.0 -9999.0 -9999.0 -9999.0 -9999.0 -9999.0 -9999.0 -9999.0 -9999.0 -9999.0
 -9999.0 -9999.0 -9999.0 -9999.0 -9999.0 -9999.0 -9999.0 -9999.0 -9999.0 -9999.0 -9999.0 -9999.0 -9999.0 -9999.0 -9999.0 -9999.0 -9999.0 -9999.0 -9999.0 -9999.0 -9999.0 -9999.0 -9999.0 -9999.0 -9999.0 -9999.0 -9999.0 -9999.0 -9999.0 -9999.0 -9999.0 -9999.0 -9999.0 -9999.0 -9999.0 -9999.0 -9999.0 -9999.0 -9999.0 -9999.0 -9999.0 -9999.0 -9999.0 -9999.0 -9999.0 -9999.0 -9999.0 -9999.0 -9999.0 -9999.0     2.2     7.8     8.1     6.9     4.1     3.8     3.6     6.1    12.2    20.9    28.1    33.7    41.1    48.5    50.5    46.2    47.1    33.6    33.4    25.9    36.5    43.9    50.6    57.1    64.3    74.5    90.5   113.2   143.7   134.7   125.9   137.6   154.7   186.6   177.7   188.2   187.2   204.5   182.4   168.3   163.4   153.9   134.2   103.0    77.1 -9999.0 -9999.0 -9999.0 -9999.0 -9999.0 -9999.0 -9999.0 -9999.0 -9999.0 -9999.0 -9999.0 -9999.0 -9999.0 -9999.0 -9999.0 -9999.0 -9999.0 -9999.0 -9999.0 -9999.0 -9999.0 -9999.0 -9999.0 -9999.0 -9999.0 -9999.0 -9999.0 -9999.0 -9999.0 -9999.0 -9999.0 -9999.0 -9999.0
 -9999.0 -9999.0 -9999.0 -9999.0 -9999.0 -9999.0 -9999.0 -9999.0 -9999.0 -9999.0 -9999.0 -9999.0 -9999.0 -9999.0 -9999.0 -9999.0 -9999.0 -9999.0 -9999.0 -9999.0 -9999.0 -9999.0 -9999.0 -9999.0 -9999.0 -9999.0 -9999.0 -9999.0 -9999.0 -9999.0 -9999.0 -9999.0 -9999.0 -9999.0 -9999.0 -9999.0 -9999.0 -9999.0 -9999.0 -9999.0 -9999.0 -9999.0 -9999.0 -9999.0 -9999.0 -9999.0 -9999.0 -9999.0 -9999.0 -9999.0     1.9    11.2     9.0     9.7     8.9     7.9    11.6    20.3    33.4    45.1    46.8    48.0    49.3    59.3    61.8    40.0    40.7    28.2    29.4    27.2    40.5    54.4    62.1    64.9    73.9    89.7   101.7   131.0   139.1   122.9   122.9   126.5   160.3   205.7   192.4   197.2   194.2   189.2   172.1   158.5   150.5   135.8   108.6    79.0 -9999.0 -9999.0 -9999.0 -9999.0 -9999.0 -9999.0 -9999.0 -9999.0 -9999.0 -9999.0 -9999.0 -9999.0 -9999.0 -9999.0 -9999.0 -9999.0 -9999.0 -9999.0 -9999.0 -9999.0 -9999.0 -9999.0 -9999.0 -9999.0 -9999.0 -9999.0 -9999.0 -9999.0 -9999.0 -9999.0 -9999.0 -9999.0 -9999.0 -9999.0
 -9999.0 -9999.0 -9999.0 -9999.0 -9999.0 -9999.0 -9999.0 -9999.0 -9999.0 -9999.0 -9999.0 -9999.0 -9999.0 -9999.0 -9999.0 -9999.0 -9999.0 -9999.0 -9999.0 -9999.0 -9999.0 -9999.0 -9999.0 -9999.0 -9999.0 -9999.0 -9999.0 -9999.0 -9999.0 -9999.0 -9999.0 -9999.0 -9999.0 -9999.0 -9999.0 -9999.0 -9999.0 -9999.0 -9999.0 -9999.0 -9999.0 -9999.0 -9999.0 -9999.0 -9999.0 -9999.0 -9999.0 -9999.0 -9999.0 -9999.0     1.5     6.9     9.1    18.7    14.3    16.1    30.8    43.6    65.4    67.7    72.3    63.6    57.5    55.6    59.1    45.5    32.4    30.6    35.7    63.4    63.8    99.6    94.7    97.4   101.8   115.3   116.4   145.5   133.2   127.4   113.9   140.9   189.1   216.5   190.5   196.6   189.4   180.5   162.5   143.8   118.1    90.8 -9999.0 -9999.0 -9999.0 -9999.0 -9999.0 -9999.0 -9999.0 -9999.0 -9999.0 -9999.0 -9999.0 -9999.0 -9999.0 -9999.0 -9999.0 -9999.0 -9999.0 -9999.0 -9999.0 -9999.0 -9999.0 -9999.0 -9999.0 -9999.0 -9999.0 -9999.0 -9999.0 -9999.0 -9999.0 -9999.0 -9999.0 -9999.0 -9999.0 -9999.0 -9999.0 -9999.0
 -9999.0 -9999.0 -9999.0 -9999.0 -9999.0 -9999.0 -9999.0 -9999.0 -9999.0 -9999.0 -9999.0 -9999.0 -9999.0 -9999.0 -9999.0 -9999.0 -9999.0 -9999.0 -9999.0 -9999.0 -9999.0 -9999.0 -9999.0 -9999.0 -9999.0 -9999.0 -9999.0 -9999.0 -9999.0 -9999.0 -9999.0 -9999.0 -9999.0 -9999.0 -9999.0 -9999.0 -9999.0 -9999.0 -9999.0 -9999.0 -9999.0 -9999.0 -9999.0 -9999.0 -9999.0 -9999.0 -9999.0 -9999.0 -9999.0 -9999.0     6.6    15.7    16.5    22.5    25.6    37.8    39.1    69.3    92.0    79.6    97.7    77.7    54.1    51.9    51.3    46.7    57.4    67.5   111.0    49.6    92.5   112.7   132.4   126.4   124.0   138.9   144.8   157.7   126.9   122.1   122.2   135.6   189.7   202.8   199.2   173.2   153.8   155.9   138.3   114.2    78.1 -9999.0 -9999.0 -9999.0 -9999.0 -9999.0 -9999.0 -9999.0 -9999.0 -9999.0 -9999.0 -9999.0 -9999.0 -9999.0 -9999.0 -9999.0 -9999.0 -9999.0 -9999.0 -9999.0 -9999.0 -9999.0 -9999.0 -9999.0 -9999.0 -9999.0 -9999.0 -9999.0 -9999.0 -9999.0 -9999.0 -9999.0 -9999.0 -9999.0 -9999.0 -9999.0 -9999.0 -9999.0
 -9999.0 -9999.0 -9999.0 -9999.0 -9999.0 -9999.0 -9999.0 -9999.0 -9999.0 -9999.0 -9999.0 -9999.0 -9999.0 -9999.0 -9999.0 -9999.0 -9999.0 -9999.0 -9999.0 -9999.0 -9999.0 -9999.0 -9999.0 -9999.0 -9999.0 -9999.0 -9999.0 -9999.0 -9999.0 -9999.0 -9999.0 -9999.0 -9999.0 -9999.0 -9999.0 -9999.0 -9999.0 -9999.0 -9999.0 -9999.0 -9999.0 -9999.0 -9999.0 -9999.0 -9999.0 -9999.0 -9999.0 -9999.0 -9999.0 -9999.0 -9999.0 -9999.0 -9999.0    25.7    31.8    44.6    66.8    96.9    80.2    93.1   155.7    78.4    87.2    53.7    40.4    39.0    71.8    77.8   146.9   139.2    96.5    95.7   110.3   110.4   116.9   148.8   173.3   166.9   135.2   112.7   109.6   132.1   158.9   175.1   160.6   134.3   122.3   112.1   109.0    84.6 -9999.0 -9999.0 -9999.0 -9999.0 -9999.0 -9999.0 -9999.0 -9999.0 -9999.0 -9999.0 -9999.0 -9999.0 -9999.0 -9999.0 -9999.0 -9999.0 -9999.0 -9999.0 -9999.0 -9999.0 -9999.0 -9999.0 -9999.0 -9999.0 -9999.0 -9999.0 -9999.0 -9999.0 -9999.0 -9999.0 -9999.0 -9999.0 -9999.0 -9999.0 -9999.0 -9999.0 -9999.0 -9999.0
 -9999.0 -9999.0 -9999.0 -9999.0 -9999.0 -9999.0 -9999.0 -9999.0 -9999.0 -9999.0 -9999.0 -9999.0 -9999.0 -9999.0 -9999.0 -9999.0 -9999.0 -9999.0 -9999.0 -9999.0 -9999.0 -9999.0 -9999.0 -9999.0 -9999.0 -9999.0 -9999.0 -9999.0 -9999.0 -9999.0 -9999.0 -9999.0 -9999.0 -9999.0 -9999.0 -9999.0 -9999.0 -9999.0 -9999.0 -9999.0 -9999.0 -9999.0 -9999.0 -9999.0 -9999.0 -9999.0 -9999.0 -9999.0 -9999.0 -9999.0 -9999.0 -9999.0 -9999.0    38.2    45.0    95.5    87.1    93.7   122.3   181.5   136.5    93.6   114.5    59.1    42.4    39.6    31.5   118.1    88.0    82.6    55.9    65.7    85.0    88.7    96.8   137.4   169.9   152.1   119.4    93.8    92.4   104.6   119.2 -9999.0   133.7   109.8 -9999.0 -9999.0 -9999.0 -9999.0 -9999.0 -9999.0 -9999.0 -9999.0 -9999.0 -9999.0 -9999.0 -9999.0 -9999.0 -9999.0 -9999.0 -9999.0 -9999.0 -9999.0 -9999.0 -9999.0 -9999.0 -9999.0 -9999.0 -9999.0 -9999.0 -9999.0 -9999.0 -9999.0 -9999.0 -9999.0 -9999.0 -9999.0 -9999.0 -9999.0 -9999.0 -9999.0 -9999.0 -9999.0 -9999.0 -9999.0 -9999.0 -9999.0
 -9999.0 -9999.0 -9999.0 -9999.0 -9999.0 -9999.0 -9999.0 -9999.0 -9999.0 -9999.0 -9999.0 -9999.0 -9999.0 -9999.0 -9999.0 -9999.0 -9999.0 -9999.0 -9999.0 -9999.0 -9999.0 -9999.0 -9999.0 -9999.0 -9999.0 -9999.0 -9999.0 -9999.0 -9999.0 -9999.0 -9999.0 -9999.0 -9999.0 -9999.0 -9999.0 -9999.0 -9999.0 -9999.0 -9999.0 -9999.0 -9999.0 -9999.0 -9999.0 -9999.0 -9999.0 -9999.0 -9999.0 -9999.0 -9999.0 -9999.0 -9999.0 -9999.0 -9999.0    58.0    54.5   104.7   119.9   123.0   147.5   152.9   182.7   150.6   147.4   110.3    46.6 -9999.0 -9999.0 -9999.0    84.7    45.0    48.6    70.2    85.7    87.3    93.5   122.0   137.9   117.3    88.8    71.1    81.0    99.8   110.6 -9999.0 -9999.0 -9999.0 -9999.0 -9999.0 -9999.0 -9999.0 -9999.0 -9999.0 -9999.0 -9999.0 -9999.0 -9999.0 -9999.0 -9999.0 -9999.0 -9999.0 -9999.0 -9999.0 -9999.0 -9999.0 -9999.0 -9999.0 -9999.0 -9999.0 -9999.0 -9999.0 -9999.0 -9999.0 -9999.0 -9999.0 -9999.0 -9999.0 -9999.0 -9999.0 -9999.0 -9999.0 -9999.0 -9999.0 -9999.0 -9999.0 -9999.0 -9999.0 -9999.0 -9999.0
 -9999.0 -9999.0 -9999.0 -9999.0 -9999.0 -9999.0 -9999.0 -9999.0 -9999.0 -9999.0 -9999.0 -9999.0 -9999.0 -9999.0 -9999.0 -9999.0 -9999.0 -9999.0 -9999.0 -9999.0 -9999.0 -9999.0 -9999.0 -9999.0 -9999.0 -9999.0 -9999.0 -9999.0 -9999.0 -9999.0 -9999.0 -9999.0 -9999.0 -9999.0 -9999.0 -9999.0 -9999.0 -9999.0 -9999.0 -9999.0 -9999.0 -9999.0 -9999.0 -9999.0 -9999.0 -9999.0 -9999.0 -9999.0 -9999.0 -9999.0 -9999.0 -9999.0 -9999.0 -9999.0   100.7   122.3   113.9   117.9   175.3   216.6   134.3 -9999.0 -9999.0 -9999.0 -9999.0 -9999.0 -9999.0 -9999.0    38.7    50.9    80.8    73.5    82.9    81.4    77.1    84.9    83.2    61.5    47.6 -9999.0    82.5 -9999.0 -9999.0 -9999.0 -9999.0 -9999.0 -9999.0 -9999.0 -9999.0 -9999.0 -9999.0 -9999.0 -9999.0 -9999.0 -9999.0 -9999.0 -9999.0 -9999.0 -9999.0 -9999.0 -9999.0 -9999.0 -9999.0 -9999.0 -9999.0 -9999.0 -9999.0 -9999.0 -9999.0 -9999.0 -9999.0 -9999.0 -9999.0 -9999.0 -9999.0 -9999.0 -9999.0 -9999.0 -9999.0 -9999.0 -9999.0 -9999.0 -9999.0 -9999.0 -9999.0 -9999.0 -9999.0 -9999.0
 -9999.0 -9999.0 -9999.0 -9999.0 -9999.0 -9999.0 -9999.0 -9999.0 -9999.0 -9999.0 -9999.0 -9999.0 -9999.0 -9999.0 -9999.0 -9999.0 -9999.0 -9999.0 -9999.0 -9999.0 -9999.0 -9999.0 -9999.0 -9999.0 -9999.0 -9999.0 -9999.0 -9999.0 -9999.0 -9999.0 -9999.0 -9999.0 -9999.0 -9999.0 -9999.0 -9999.0 -9999.0 -9999.0 -9999.0 -9999.0 -9999.0 -9999.0 -9999.0 -9999.0 -9999.0 -9999.0 -9999.0 -9999.0 -9999.0 -9999.0 -9999.0 -9999.0 -9999.0 -9999.0 -9999.0   131.3   199.8   165.9   155.1   188.1   165.9 -9999.0 -9999.0 -9999.0 -9999.0 -9999.0 -9999.0 -9999.0 -9999.0 -9999.0    58.3 -9999.0 -9999.0 -9999.0 -9999.0 -9999.0    45.6 -9999.0 -9999.0 -9999.0 -9999.0 -9999.0 -9999.0 -9999.0 -9999.0 -9999.0 -9999.0 -9999.0 -9999.0 -9999.0 -9999.0 -9999.0 -9999.0 -9999.0 -9999.0 -9999.0 -9999.0 -9999.0 -9999.0 -9999.0 -9999.0 -9999.0 -9999.0 -9999.0 -9999.0 -9999.0 -9999.0 -9999.0 -9999.0 -9999.0 -9999.0 -9999.0 -9999.0 -9999.0 -9999.0 -9999.0 -9999.0 -9999.0 -9999.0 -9999.0 -9999.0 -9999.0 -9999.0 -9999.0 -9999.0 -9999.0 -9999.0 -9999.0
 -9999.0 -9999.0 -9999.0 -9999.0 -9999.0 -9999.0 -9999.0 -9999.0 -9999.0 -9999.0 -9999.0 -9999.0 -9999.0 -9999.0 -9999.0 -9999.0 -9999.0 -9999.0 -9999.0 -9999.0 -9999.0 -9999.0 -9999.0 -9999.0 -9999.0 -9999.0 -9999.0 -9999.0 -9999.0 -9999.0 -9999.0 -9999.0 -9999.0 -9999.0 -9999.0 -9999.0 -9999.0 -9999.0 -9999.0 -9999.0 -9999.0 -9999.0 -9999.0 -9999.0 -9999.0 -9999.0 -9999.0 -9999.0 -9999.0 -9999.0 -9999.0 -9999.0 -9999.0 -9999.0 -9999.0 -9999.0 -9999.0 -9999.0   188.2   162.0 -9999.0 -9999.0 -9999.0 -9999.0 -9999.0 -9999.0 -9999.0 -9999.0 -9999.0 -9999.0 -9999.0 -9999.0 -9999.0 -9999.0 -9999.0    30.5    33.0 -9999.0 -9999.0 -9999.0 -9999.0 -9999.0 -9999.0 -9999.0 -9999.0 -9999.0 -9999.0 -9999.0 -9999.0 -9999.0 -9999.0 -9999.0 -9999.0 -9999.0 -9999.0 -9999.0 -9999.0 -9999.0 -9999.0 -9999.0 -9999.0 -9999.0 -9999.0 -9999.0 -9999.0 -9999.0 -9999.0 -9999.0 -9999.0 -9999.0 -9999.0 -9999.0 -9999.0 -9999.0 -9999.0 -9999.0 -9999.0 -9999.0 -9999.0 -9999.0 -9999.0 -9999.0 -9999.0 -9999.0 -9999.0 -9999.0 -9999.0 -9999.0
 -9999.0 -9999.0 -9999.0 -9999.0 -9999.0 -9999.0 -9999.0 -9999.0 -9999.0 -9999.0 -9999.0 -9999.0 -9999.0 -9999.0 -9999.0 -9999.0 -9999.0 -9999.0 -9999.0 -9999.0 -9999.0 -9999.0 -9999.0 -9999.0 -9999.0 -9999.0 -9999.0 -9999.0 -9999.0 -9999.0 -9999.0 -9999.0 -9999.0 -9999.0 -9999.0 -9999.0 -9999.0 -9999.0 -9999.0 -9999.0 -9999.0 -9999.0 -9999.0 -9999.0 -9999.0 -9999.0 -9999.0 -9999.0 -9999.0 -9999.0 -9999.0 -9999.0 -9999.0 -9999.0 -9999.0 -9999.0 -9999.0 -9999.0 -9999.0 -9999.0 -9999.0 -9999.0 -9999.0 -9999.0 -9999.0 -9999.0 -9999.0 -9999.0 -9999.0 -9999.0 -9999.0 -9999.0 -9999.0 -9999.0 -9999.0 -9999.0 -9999.0 -9999.0 -9999.0 -9999.0 -9999.0 -9999.0 -9999.0 -9999.0 -9999.0 -9999.0 -9999.0 -9999.0 -9999.0 -9999.0 -9999.0 -9999.0 -9999.0 -9999.0 -9999.0 -9999.0 -9999.0 -9999.0 -9999.0 -9999.0 -9999.0 -9999.0 -9999.0 -9999.0 -9999.0 -9999.0 -9999.0 -9999.0 -9999.0 -9999.0 -9999.0 -9999.0 -9999.0 -9999.0 -9999.0 -9999.0 -9999.0 -9999.0 -9999.0 -9999.0 -9999.0 -9999.0 -9999.0 -9999.0 -9999.0 -9999.0 -9999.0 -9999.0
 -9999.0 -9999.0 -9999.0 -9999.0 -9999.0 -9999.0 -9999.0 -9999.0 -9999.0 -9999.0 -9999.0 -9999.0 -9999.0 -9999.0 -9999.0 -9999.0 -9999.0 -9999.0 -9999.0 -9999.0 -9999.0 -9999.0 -9999.0 -9999.0 -9999.0 -9999.0 -9999.0 -9999.0 -9999.0 -9999.0 -9999.0 -9999.0 -9999.0 -9999.0 -9999.0 -9999.0 -9999.0 -9999.0 -9999.0 -9999.0 -9999.0 -9999.0 -9999.0 -9999.0 -9999.0 -9999.0 -9999.0 -9999.0 -9999.0 -9999.0 -9999.0 -9999.0 -9999.0 -9999.0 -9999.0 -9999.0 -9999.0 -9999.0 -9999.0 -9999.0 -9999.0 -9999.0 -9999.0 -9999.0 -9999.0 -9999.0 -9999.0 -9999.0 -9999.0 -9999.0 -9999.0 -9999.0 -9999.0 -9999.0 -9999.0    37.7    61.7    97.3 -9999.0 -9999.0 -9999.0 -9999.0 -9999.0 -9999.0 -9999.0 -9999.0 -9999.0 -9999.0 -9999.0 -9999.0 -9999.0 -9999.0 -9999.0 -9999.0 -9999.0 -9999.0 -9999.0 -9999.0 -9999.0 -9999.0 -9999.0 -9999.0 -9999.0 -9999.0 -9999.0 -9999.0 -9999.0 -9999.0 -9999.0 -9999.0 -9999.0 -9999.0 -9999.0 -9999.0 -9999.0 -9999.0 -9999.0 -9999.0 -9999.0 -9999.0 -9999.0 -9999.0 -9999.0 -9999.0 -9999.0 -9999.0 -9999.0 -9999.0
 -9999.0 -9999.0 -9999.0 -9999.0 -9999.0 -9999.0 -9999.0 -9999.0 -9999.0 -9999.0 -9999.0 -9999.0 -9999.0 -9999.0 -9999.0 -9999.0 -9999.0 -9999.0 -9999.0 -9999.0 -9999.0 -9999.0 -9999.0 -9999.0 -9999.0 -9999.0 -9999.0 -9999.0 -9999.0 -9999.0 -9999.0 -9999.0 -9999.0 -9999.0 -9999.0 -9999.0 -9999.0 -9999.0 -9999.0 -9999.0 -9999.0 -9999.0 -9999.0 -9999.0 -9999.0 -9999.0 -9999.0 -9999.0 -9999.0 -9999.0 -9999.0 -9999.0 -9999.0 -9999.0 -9999.0 -9999.0 -9999.0 -9999.0 -9999.0 -9999.0 -9999.0 -9999.0 -9999.0 -9999.0 -9999.0 -9999.0 -9999.0 -9999.0 -9999.0 -9999.0 -9999.0 -9999.0 -9999.0    28.7    36.2    55.4   104.3 -9999.0 -9999.0 -9999.0 -9999.0 -9999.0 -9999.0 -9999.0 -9999.0 -9999.0 -9999.0 -9999.0 -9999.0 -9999.0 -9999.0 -9999.0 -9999.0 -9999.0 -9999.0 -9999.0 -9999.0 -9999.0 -9999.0 -9999.0 -9999.0 -9999.0 -9999.0 -9999.0 -9999.0 -9999.0 -9999.0 -9999.0 -9999.0 -9999.0 -9999.0 -9999.0 -9999.0 -9999.0 -9999.0 -9999.0 -9999.0 -9999.0 -9999.0 -9999.0 -9999.0 -9999.0 -9999.0 -9999.0 -9999.0 -9999.0 -9999.0 -9999.0
 -9999.0 -9999.0 -9999.0 -9999.0 -9999.0 -9999.0 -9999.0 -9999.0 -9999.0 -9999.0 -9999.0 -9999.0 -9999.0 -9999.0 -9999.0 -9999.0 -9999.0 -9999.0 -9999.0 -9999.0 -9999.0 -9999.0 -9999.0 -9999.0 -9999.0 -9999.0 -9999.0 -9999.0 -9999.0 -9999.0 -9999.0 -9999.0 -9999.0 -9999.0 -9999.0 -9999.0 -9999.0 -9999.0 -9999.0 -9999.0 -9999.0 -9999.0 -9999.0 -9999.0 -9999.0 -9999.0 -9999.0 -9999.0 -9999.0 -9999.0 -9999.0 -9999.0 -9999.0 -9999.0 -9999.0 -9999.0 -9999.0 -9999.0 -9999.0 -9999.0 -9999.0 -9999.0 -9999.0 -9999.0 -9999.0 -9999.0 -9999.0 -9999.0 -9999.0 -9999.0 -9999.0 -9999.0 -9999.0 -9999.0    29.6    65.5   133.7 -9999.0 -9999.0 -9999.0 -9999.0 -9999.0 -9999.0 -9999.0 -9999.0 -9999.0 -9999.0 -9999.0 -9999.0 -9999.0 -9999.0 -9999.0 -9999.0 -9999.0 -9999.0 -9999.0 -9999.0 -9999.0 -9999.0 -9999.0 -9999.0 -9999.0 -9999.0 -9999.0 -9999.0 -9999.0 -9999.0 -9999.0 -9999.0 -9999.0 -9999.0 -9999.0 -9999.0 -9999.0 -9999.0 -9999.0 -9999.0 -9999.0 -9999.0 -9999.0 -9999.0 -9999.0 -9999.0 -9999.0 -9999.0 -9999.0 -9999.0 -9999.0
 -9999.0 -9999.0 -9999.0 -9999.0 -9999.0 -9999.0 -9999.0 -9999.0 -9999.0 -9999.0 -9999.0 -9999.0 -9999.0 -9999.0 -9999.0 -9999.0 -9999.0 -9999.0 -9999.0 -9999.0 -9999.0 -9999.0 -9999.0 -9999.0 -9999.0 -9999.0 -9999.0 -9999.0 -9999.0 -9999.0 -9999.0 -9999.0 -9999.0 -9999.0 -9999.0 -9999.0 -9999.0 -9999.0 -9999.0 -9999.0 -9999.0 -9999.0 -9999.0 -9999.0 -9999.0 -9999.0 -9999.0 -9999.0 -9999.0 -9999.0 -9999.0 -9999.0 -9999.0 -9999.0 -9999.0 -9999.0 -9999.0 -9999.0 -9999.0 -9999.0 -9999.0 -9999.0 -9999.0 -9999.0 -9999.0 -9999.0 -9999.0 -9999.0 -9999.0 -9999.0 -9999.0 -9999.0 -9999.0 -9999.0 -9999.0 -9999.0 -9999.0 -9999.0 -9999.0 -9999.0 -9999.0 -9999.0 -9999.0 -9999.0 -9999.0 -9999.0 -9999.0 -9999.0 -9999.0 -9999.0 -9999.0 -9999.0 -9999.0 -9999.0 -9999.0 -9999.0 -9999.0 -9999.0 -9999.0 -9999.0 -9999.0 -9999.0 -9999.0 -9999.0 -9999.0 -9999.0 -9999.0 -9999.0 -9999.0 -9999.0 -9999.0 -9999.0 -9999.0 -9999.0 -9999.0 -9999.0 -9999.0 -9999.0 -9999.0 -9999.0 -9999.0 -9999.0 -9999.0 -9999.0 -9999.0 -9999.0 -9999.0 -9999.0
