NCOLS      128
NROWS       72
XLLCORNER    72.000000000000    
YLLCORNER    18.000000000000    
CELLSIZE    0.50000000000000    
NODATA_VALUE   -9999.000    
 -9999.0 -9999.0 -9999.0 -9999.0 -9999.0 -9999.0 -9999.0 -9999.0 -9999.0 -9999.0 -9999.0 -9999.0 -9999.0 -9999.0 -9999.0 -9999.0 -9999.0 -9999.0 -9999.0 -9999.0 -9999.0 -9999.0 -9999.0 -9999.0 -9999.0 -9999.0 -9999.0 -9999.0 -9999.0 -9999.0 -9999.0 -9999.0 -9999.0 -9999.0 -9999.0 -9999.0 -9999.0 -9999.0 -9999.0 -9999.0 -9999.0 -9999.0 -9999.0 -9999.0 -9999.0 -9999.0 -9999.0 -9999.0 -9999.0 -9999.0 -9999.0 -9999.0 -9999.0 -9999.0 -9999.0 -9999.0 -9999.0 -9999.0 -9999.0 -9999.0 -9999.0 -9999.0 -9999.0 -9999.0 -9999.0 -9999.0 -9999.0 -9999.0 -9999.0 -9999.0 -9999.0 -9999.0 -9999.0 -9999.0 -9999.0 -9999.0 -9999.0 -9999.0 -9999.0 -9999.0 -9999.0 -9999.0 -9999.0 -9999.0 -9999.0 -9999.0 -9999.0 -9999.0 -9999.0 -9999.0 -9999.0 -9999.0 -9999.0 -9999.0 -9999.0 -9999.0 -9999.0     0.7     2.0     3.9     7.7     9.7    12.1    13.0    14.0 -9999.0 -9999.0 -9999.0 -9999.0 -9999.0 -9999.0 -9999.0 -9999.0 -9999.0 -9999.0 -9999.0 -9999.0 -9999.0 -9999.0 -9999.0 -9999.0 -9999.0 -9999.0 -9999.0 -9999.0 -9999.0 -9999.0 -9999.0
 -9999.0 -9999.0 -9999.0 -9999.0 -9999.0 -9999.0 -9999.0 -9999.0 -9999.0 -9999.0 -9999.0 -9999.0 -9999.0 -9999.0 -9999.0 -9999.0 -9999.0 -9999.0 -9999.0 -9999.0 -9999.0 -9999.0 -9999.0 -9999.0 -9999.0 -9999.0 -9999.0 -9999.0 -9999.0 -9999.0 -9999.0 -9999.0 -9999.0 -9999.0 -9999.0 -9999.0 -9999.0 -9999.0 -9999.0 -9999.0 -9999.0 -9999.0 -9999.0 -9999.0 -9999.0 -9999.0 -9999.0 -9999.0 -9999.0 -9999.0 -9999.0 -9999.0 -9999.0 -9999.0 -9999.0 -9999.0 -9999.0 -9999.0 -9999.0 -9999.0 -9999.0 -9999.0 -9999.0 -9999.0 -9999.0 -9999.0 -9999.0 -9999.0 -9999.0 -9999.0 -9999.0 -9999.0 -9999.0 -9999.0 -9999.0 -9999.0 -9999.0 -9999.0 -9999.0 -9999.0 -9999.0 -9999.0 -9999.0 -9999.0 -9999.0 -9999.0 -9999.0 -9999.0 -9999.0 -9999.0 -9999.0 -9999.0 -9999.0 -9999.0 -9999.0 -9999.0     0.3     1.3     5.5     8.6    15.5    19.6    20.6    19.4    17.2    11.8     8.5     6.9     5.5 -9999.0 -9999.0 -9999.0 -9999.0 -9999.0 -9999.0 -9999.0 -9999.0 -9999.0 -9999.0 -9999.0 -9999.0 -9999.0 -9999.0 -9999.0 -9999.0 -9999.0 -9999.0 -9999.0
 -9999.0 -9999.0 -9999.0 -9999.0 -9999.0 -9999.0 -9999.0 -9999.0 -9999.0 -9999.0 -9999.0 -9999.0 -9999.0 -9999.0 -9999.0 -9999.0 -9999.0 -9999.0 -9999.0 -9999.0 -9999.0 -9999.0 -9999.0 -9999.0 -9999.0 -9999.0 -9999.0 -9999.0 -9999.0 -9999.0 -9999.0 -9999.0 -9999.0 -9999.0 -9999.0 -9999.0 -9999.0 -9999.0 -9999.0 -9999.0 -9999.0 -9999.0 -9999.0 -9999.0 -9999.0 -9999.0 -9999.0 -9999.0 -9999.0 -9999.0 -9999.0 -9999.0 -9999.0 -9999.0 -9999.0 -9999.0 -9999.0 -9999.0 -9999.0 -9999.0 -9999.0 -9999.0 -9999.0 -9999.0 -9999.0 -9999.0 -9999.0 -9999.0 -9999.0 -9999.0 -9999.0 -9999.0 -9999.0 -9999.0 -9999.0 -9999.0 -9999.0 -9999.0 -9999.0 -9999.0 -9999.0 -9999.0 -9999.0 -9999.0 -9999.0 -9999.0 -9999.0 -9999.0 -9999.0 -9999.0 -9999.0 -9999.0 -9999.0 -9999.0 -9999.0     0.2     0.7     3.1     9.0    13.2    20.5    27.4    30.6    29.3    23.1    20.6    11.7     9.2     6.8 -9999.0 -9999.0 -9999.0 -9999.0 -9999.0 -9999.0 -9999.0 -9999.0 -9999.0 -9999.0 -9999.0 -9999.0 -9999.0 -9999.0 -9999.0 -9999.0 -9999.0 -9999.0 -9999.0
 -9999.0 -9999.0 -9999.0 -9999.0 -9999.0 -9999.0 -9999.0 -9999.0 -9999.0 -9999.0 -9999.0 -9999.0 -9999.0 -9999.0 -9999.0 -9999.0 -9999.0 -9999.0 -9999.0 -9999.0 -9999.0 -9999.0 -9999.0 -9999.0 -9999.0 -9999.0 -9999.0 -9999.0 -9999.0 -9999.0 -9999.0 -9999.0 -9999.0 -9999.0 -9999.0 -9999.0 -9999.0 -9999.0 -9999.0 -9999.0 -9999.0 -9999.0 -9999.0 -9999.0 -9999.0 -9999.0 -9999.0 -9999.0 -9999.0 -9999.0 -9999.0 -9999.0 -9999.0 -9999.0 -9999.0 -9999.0 -9999.0 -9999.0 -9999.0 -9999.0 -9999.0 -9999.0 -9999.0 -9999.0 -9999.0 -9999.0 -9999.0 -9999.0 -9999.0 -9999.0 -9999.0 -9999.0 -9999.0 -9999.0 -9999.0 -9999.0 -9999.0 -9999.0 -9999.0 -9999.0 -9999.0 -9999.0 -9999.0 -9999.0 -9999.0 -9999.0 -9999.0 -9999.0 -9999.0 -9999.0 -9999.0 -9999.0 -9999.0 -9999.0 -9999.0     0.2     1.8     2.9     9.8    19.6    30.5    39.1    37.8    35.3    28.4    20.5    13.4    10.9     8.2     7.0 -9999.0 -9999.0 -9999.0 -9999.0 -9999.0 -9999.0 -9999.0 -9999.0 -9999.0 -9999.0 -9999.0 -9999.0 -9999.0 -9999.0 -9999.0 -9999.0 -9999.0 -9999.0
 -9999.0 -9999.0 -9999.0 -9999.0 -9999.0 -9999.0 -9999.0 -9999.0 -9999.0 -9999.0 -9999.0 -9999.0 -9999.0 -9999.0 -9999.0 -9999.0 -9999.0 -9999.0 -9999.0 -9999.0 -9999.0 -9999.0 -9999.0 -9999.0 -9999.0 -9999.0 -9999.0 -9999.0 -9999.0 -9999.0 -9999.0 -9999.0 -9999.0 -9999.0 -9999.0 -9999.0 -9999.0 -9999.0 -9999.0 -9999.0 -9999.0 -9999.0 -9999.0 -9999.0 -9999.0 -9999.0 -9999.0 -9999.0 -9999.0 -9999.0 -9999.0 -9999.0 -9999.0 -9999.0 -9999.0 -9999.0 -9999.0 -9999.0 -9999.0 -9999.0 -9999.0 -9999.0 -9999.0 -9999.0 -9999.0 -9999.0 -9999.0 -9999.0 -9999.0 -9999.0 -9999.0 -9999.0 -9999.0 -9999.0 -9999.0 -9999.0 -9999.0 -9999.0 -9999.0 -9999.0 -9999.0 -9999.0 -9999.0 -9999.0 -9999.0 -9999.0 -9999.0 -9999.0 -9999.0 -9999.0 -9999.0 -9999.0 -9999.0 -9999.0 -9999.0     0.3     1.0     7.4    15.6    23.2    30.3    41.5    42.0    37.4    29.6    23.7    15.1    12.4    10.6     8.5     8.4 -9999.0 -9999.0 -9999.0 -9999.0 -9999.0 -9999.0 -9999.0 -9999.0 -9999.0 -9999.0 -9999.0 -9999.0 -9999.0 -9999.0 -9999.0 -9999.0 -9999.0
 -9999.0 -9999.0 -9999.0 -9999.0 -9999.0 -9999.0 -9999.0 -9999.0 -9999.0 -9999.0 -9999.0 -9999.0 -9999.0 -9999.0 -9999.0 -9999.0 -9999.0 -9999.0 -9999.0 -9999.0 -9999.0 -9999.0 -9999.0 -9999.0 -9999.0 -9999.0 -9999.0 -9999.0 -9999.0 -9999.0 -9999.0 -9999.0 -9999.0 -9999.0 -9999.0 -9999.0 -9999.0 -9999.0 -9999.0 -9999.0 -9999.0 -9999.0 -9999.0 -9999.0 -9999.0 -9999.0 -9999.0 -9999.0 -9999.0 -9999.0 -9999.0 -9999.0 -9999.0 -9999.0 -9999.0 -9999.0 -9999.0 -9999.0 -9999.0 -9999.0 -9999.0 -9999.0 -9999.0 -9999.0 -9999.0 -9999.0 -9999.0 -9999.0 -9999.0 -9999.0 -9999.0 -9999.0 -9999.0 -9999.0 -9999.0 -9999.0 -9999.0 -9999.0 -9999.0 -9999.0 -9999.0 -9999.0 -9999.0 -9999.0 -9999.0 -9999.0 -9999.0 -9999.0 -9999.0 -9999.0 -9999.0 -9999.0 -9999.0 -9999.0     0.1     0.3     2.1     6.9    15.3    25.8    34.2    32.0    35.1    30.8    24.0    19.6    15.8    13.9    12.8    10.4    10.2 -9999.0 -9999.0 -9999.0 -9999.0 -9999.0 -9999.0 -9999.0 -9999.0 -9999.0 -9999.0 -9999.0 -9999.0 -9999.0 -9999.0 -9999.0 -9999.0 -9999.0
 -9999.0 -9999.0 -9999.0 -9999.0 -9999.0 -9999.0 -9999.0 -9999.0 -9999.0 -9999.0 -9999.0 -9999.0 -9999.0 -9999.0 -9999.0 -9999.0 -9999.0 -9999.0 -9999.0 -9999.0 -9999.0 -9999.0 -9999.0 -9999.0 -9999.0 -9999.0 -9999.0 -9999.0 -9999.0 -9999.0 -9999.0 -9999.0 -9999.0 -9999.0 -9999.0 -9999.0 -9999.0 -9999.0 -9999.0 -9999.0 -9999.0 -9999.0 -9999.0 -9999.0 -9999.0 -9999.0 -9999.0 -9999.0 -9999.0 -9999.0 -9999.0 -9999.0 -9999.0 -9999.0 -9999.0 -9999.0 -9999.0 -9999.0 -9999.0 -9999.0 -9999.0 -9999.0 -9999.0 -9999.0 -9999.0 -9999.0 -9999.0 -9999.0 -9999.0 -9999.0 -9999.0 -9999.0 -9999.0 -9999.0 -9999.0 -9999.0 -9999.0 -9999.0 -9999.0 -9999.0 -9999.0 -9999.0 -9999.0 -9999.0 -9999.0 -9999.0 -9999.0 -9999.0 -9999.0 -9999.0 -9999.0 -9999.0 -9999.0 -9999.0     0.2     0.8     2.9     8.3    16.7    22.0    27.4    29.1    27.1    22.4    17.6    17.3    16.4    15.4    15.2    13.8    10.7     9.2 -9999.0 -9999.0 -9999.0 -9999.0 -9999.0 -9999.0 -9999.0 -9999.0 -9999.0 -9999.0 -9999.0 -9999.0 -9999.0 -9999.0 -9999.0 -9999.0
 -9999.0 -9999.0 -9999.0 -9999.0 -9999.0 -9999.0 -9999.0 -9999.0 -9999.0 -9999.0 -9999.0 -9999.0 -9999.0 -9999.0 -9999.0 -9999.0 -9999.0 -9999.0 -9999.0 -9999.0 -9999.0 -9999.0 -9999.0 -9999.0 -9999.0 -9999.0 -9999.0 -9999.0 -9999.0 -9999.0 -9999.0 -9999.0 -9999.0 -9999.0 -9999.0 -9999.0 -9999.0 -9999.0 -9999.0 -9999.0 -9999.0 -9999.0 -9999.0 -9999.0 -9999.0 -9999.0 -9999.0 -9999.0 -9999.0 -9999.0 -9999.0 -9999.0 -9999.0 -9999.0 -9999.0 -9999.0 -9999.0 -9999.0 -9999.0 -9999.0 -9999.0 -9999.0 -9999.0 -9999.0 -9999.0 -9999.0 -9999.0 -9999.0 -9999.0 -9999.0 -9999.0 -9999.0 -9999.0 -9999.0 -9999.0 -9999.0 -9999.0 -9999.0 -9999.0 -9999.0 -9999.0 -9999.0 -9999.0 -9999.0 -9999.0 -9999.0 -9999.0 -9999.0 -9999.0     0.4 -9999.0 -9999.0     0.3     0.3     0.3     0.9     3.4     8.7    15.0    19.3    17.6    19.8    20.2    16.9    15.9    17.1    17.9    19.9    17.9    15.7    11.2     8.9 -9999.0 -9999.0 -9999.0 -9999.0 -9999.0 -9999.0 -9999.0 -9999.0 -9999.0 -9999.0 -9999.0 -9999.0 -9999.0 -9999.0 -9999.0 -9999.0
 -9999.0 -9999.0 -9999.0 -9999.0 -9999.0 -9999.0 -9999.0 -9999.0 -9999.0 -9999.0 -9999.0 -9999.0 -9999.0 -9999.0 -9999.0 -9999.0 -9999.0 -9999.0 -9999.0 -9999.0 -9999.0 -9999.0 -9999.0 -9999.0 -9999.0 -9999.0 -9999.0 -9999.0 -9999.0 -9999.0 -9999.0 -9999.0 -9999.0 -9999.0 -9999.0 -9999.0 -9999.0 -9999.0 -9999.0 -9999.0 -9999.0 -9999.0 -9999.0 -9999.0 -9999.0 -9999.0 -9999.0 -9999.0 -9999.0 -9999.0 -9999.0 -9999.0 -9999.0 -9999.0 -9999.0 -9999.0 -9999.0 -9999.0 -9999.0 -9999.0 -9999.0 -9999.0 -9999.0 -9999.0 -9999.0 -9999.0 -9999.0 -9999.0 -9999.0 -9999.0 -9999.0 -9999.0 -9999.0 -9999.0 -9999.0 -9999.0 -9999.0 -9999.0 -9999.0 -9999.0 -9999.0 -9999.0 -9999.0 -9999.0 -9999.0 -9999.0 -9999.0 -9999.0     0.5     0.9     1.4     1.2     0.9     1.2     1.0     3.1     6.2    11.4    13.3    13.4    14.4    15.5    16.4    17.9    19.6    21.9    22.9    22.0    19.1    15.2    11.0     7.4     6.8     6.8     7.0     7.6 -9999.0 -9999.0 -9999.0 -9999.0 -9999.0 -9999.0 -9999.0 -9999.0 -9999.0 -9999.0 -9999.0 -9999.0
 -9999.0 -9999.0 -9999.0 -9999.0 -9999.0 -9999.0 -9999.0 -9999.0 -9999.0 -9999.0 -9999.0 -9999.0 -9999.0 -9999.0 -9999.0 -9999.0 -9999.0 -9999.0 -9999.0 -9999.0 -9999.0 -9999.0 -9999.0 -9999.0 -9999.0 -9999.0 -9999.0 -9999.0 -9999.0     2.3     2.4     2.3     2.1 -9999.0 -9999.0 -9999.0 -9999.0 -9999.0 -9999.0 -9999.0 -9999.0 -9999.0 -9999.0 -9999.0 -9999.0 -9999.0 -9999.0 -9999.0 -9999.0 -9999.0 -9999.0 -9999.0 -9999.0 -9999.0 -9999.0 -9999.0 -9999.0 -9999.0 -9999.0 -9999.0 -9999.0 -9999.0 -9999.0 -9999.0 -9999.0 -9999.0 -9999.0 -9999.0 -9999.0 -9999.0 -9999.0 -9999.0 -9999.0 -9999.0 -9999.0 -9999.0 -9999.0 -9999.0 -9999.0 -9999.0 -9999.0 -9999.0 -9999.0 -9999.0 -9999.0 -9999.0 -9999.0     0.5     1.2     2.3     3.2     3.1     3.2     2.9     3.2     4.7     9.2    11.8    12.1     9.3     8.7    11.1    15.2    18.3    23.3    27.5    28.3    26.0    21.6    14.9     9.6     7.1     7.6     8.0     9.0     8.9    10.4    15.0 -9999.0 -9999.0 -9999.0 -9999.0 -9999.0 -9999.0 -9999.0 -9999.0 -9999.0 -9999.0
 -9999.0 -9999.0 -9999.0 -9999.0 -9999.0 -9999.0 -9999.0 -9999.0 -9999.0 -9999.0 -9999.0 -9999.0 -9999.0 -9999.0 -9999.0 -9999.0 -9999.0 -9999.0 -9999.0 -9999.0 -9999.0 -9999.0 -9999.0 -9999.0 -9999.0 -9999.0 -9999.0     2.3     2.7     2.4     3.0     2.9     3.1     2.0 -9999.0 -9999.0 -9999.0 -9999.0 -9999.0 -9999.0 -9999.0 -9999.0 -9999.0 -9999.0 -9999.0 -9999.0 -9999.0 -9999.0 -9999.0 -9999.0 -9999.0 -9999.0 -9999.0 -9999.0 -9999.0 -9999.0 -9999.0 -9999.0 -9999.0 -9999.0 -9999.0 -9999.0 -9999.0 -9999.0 -9999.0 -9999.0 -9999.0 -9999.0 -9999.0 -9999.0 -9999.0 -9999.0 -9999.0 -9999.0 -9999.0 -9999.0 -9999.0 -9999.0 -9999.0 -9999.0 -9999.0 -9999.0 -9999.0 -9999.0 -9999.0 -9999.0 -9999.0     0.7     1.9     3.2     4.6     5.7     6.3     6.6     6.7     8.3    10.2    11.4     8.3     6.1     5.9     9.2    13.7    18.0    22.8    29.6    33.8    31.1    21.5    13.2     9.3     8.5    10.6    12.0    13.1    14.1    14.4    17.8 -9999.0 -9999.0 -9999.0 -9999.0 -9999.0    30.8    27.7    24.9    21.7 -9999.0
 -9999.0 -9999.0 -9999.0 -9999.0 -9999.0 -9999.0 -9999.0 -9999.0 -9999.0 -9999.0 -9999.0 -9999.0 -9999.0 -9999.0 -9999.0 -9999.0 -9999.0 -9999.0 -9999.0 -9999.0 -9999.0 -9999.0 -9999.0 -9999.0 -9999.0 -9999.0     1.8     1.9     2.3     2.2     2.1     2.1     4.7     3.3     3.4     2.9     2.8 -9999.0 -9999.0 -9999.0 -9999.0 -9999.0 -9999.0 -9999.0 -9999.0 -9999.0 -9999.0 -9999.0 -9999.0 -9999.0 -9999.0 -9999.0 -9999.0 -9999.0 -9999.0 -9999.0 -9999.0 -9999.0 -9999.0 -9999.0 -9999.0 -9999.0 -9999.0 -9999.0 -9999.0 -9999.0 -9999.0 -9999.0 -9999.0 -9999.0 -9999.0 -9999.0 -9999.0 -9999.0 -9999.0 -9999.0 -9999.0 -9999.0 -9999.0 -9999.0 -9999.0 -9999.0 -9999.0 -9999.0 -9999.0 -9999.0     0.2     0.6     1.6     3.2     5.3     7.2     8.7     9.3     9.4    10.7    10.6     9.5     6.6     3.9     4.7     7.6    10.6    13.6    17.3    25.1    33.1    30.6    20.4    12.3     9.0     9.2    12.5    15.4    19.0    18.2    15.4    17.6    24.5 -9999.0 -9999.0    31.1    30.2    28.2    25.3    25.4    20.6 -9999.0
 -9999.0 -9999.0 -9999.0 -9999.0 -9999.0 -9999.0 -9999.0 -9999.0 -9999.0 -9999.0 -9999.0 -9999.0 -9999.0 -9999.0 -9999.0 -9999.0 -9999.0 -9999.0 -9999.0 -9999.0 -9999.0 -9999.0 -9999.0 -9999.0 -9999.0 -9999.0     1.5     2.0     1.9     1.6     1.2     1.3     1.3     2.7     2.8     3.8     9.2     2.4 -9999.0 -9999.0 -9999.0 -9999.0 -9999.0 -9999.0 -9999.0 -9999.0 -9999.0 -9999.0 -9999.0 -9999.0 -9999.0 -9999.0 -9999.0 -9999.0 -9999.0 -9999.0 -9999.0 -9999.0 -9999.0 -9999.0 -9999.0 -9999.0 -9999.0 -9999.0 -9999.0 -9999.0 -9999.0 -9999.0 -9999.0 -9999.0 -9999.0 -9999.0 -9999.0 -9999.0 -9999.0 -9999.0 -9999.0 -9999.0 -9999.0 -9999.0 -9999.0 -9999.0 -9999.0 -9999.0 -9999.0 -9999.0     0.2     0.4     1.0     2.2     4.0     6.0     8.1     9.2    10.2    10.5    10.4     7.2     3.9     2.9     3.4     5.0     6.5     8.1    10.4    16.0    23.8    23.9    17.0    10.0     7.4     9.3    14.4    17.5    19.1    23.2    16.2    16.1    16.7    19.6    23.5    26.4    26.4    24.5    22.2    20.1    18.6 -9999.0
 -9999.0 -9999.0 -9999.0 -9999.0 -9999.0 -9999.0 -9999.0 -9999.0 -9999.0 -9999.0 -9999.0 -9999.0 -9999.0 -9999.0 -9999.0 -9999.0 -9999.0 -9999.0 -9999.0 -9999.0 -9999.0     2.6     3.3     2.5     1.9     2.5     3.2     3.3     2.3     1.5     1.0     1.0     1.1     1.6     2.2     1.8     5.3     4.9     8.2 -9999.0 -9999.0 -9999.0 -9999.0 -9999.0 -9999.0 -9999.0 -9999.0 -9999.0 -9999.0 -9999.0 -9999.0 -9999.0 -9999.0 -9999.0 -9999.0 -9999.0 -9999.0 -9999.0 -9999.0 -9999.0 -9999.0 -9999.0 -9999.0 -9999.0 -9999.0 -9999.0 -9999.0 -9999.0 -9999.0 -9999.0 -9999.0 -9999.0 -9999.0 -9999.0 -9999.0 -9999.0 -9999.0 -9999.0 -9999.0 -9999.0 -9999.0 -9999.0 -9999.0 -9999.0 -9999.0 -9999.0 -9999.0     0.2 -9999.0 -9999.0     2.1 -9999.0 -9999.0     6.7     7.7     8.5     8.1     4.9     2.4     2.1     2.0     3.0     3.9     5.3     6.7     9.6    14.0    16.1    12.5     8.9     7.1     8.1    12.9    19.5    20.3    18.9    13.7    12.7    12.7    13.6    17.5    19.7    21.4    20.9    20.1    21.0 -9999.0 -9999.0
 -9999.0 -9999.0 -9999.0 -9999.0 -9999.0 -9999.0 -9999.0 -9999.0 -9999.0 -9999.0 -9999.0 -9999.0 -9999.0 -9999.0 -9999.0 -9999.0 -9999.0 -9999.0 -9999.0 -9999.0 -9999.0     0.9     1.3     1.9     2.3     5.9     3.5     2.8     2.3     1.5     1.0     1.0     1.5     1.5     1.6     1.2     1.0     8.9     2.5 -9999.0 -9999.0 -9999.0 -9999.0 -9999.0 -9999.0 -9999.0 -9999.0 -9999.0 -9999.0 -9999.0 -9999.0 -9999.0 -9999.0 -9999.0 -9999.0 -9999.0 -9999.0 -9999.0 -9999.0 -9999.0 -9999.0 -9999.0 -9999.0 -9999.0 -9999.0 -9999.0 -9999.0 -9999.0 -9999.0 -9999.0 -9999.0 -9999.0 -9999.0 -9999.0 -9999.0 -9999.0 -9999.0 -9999.0 -9999.0 -9999.0 -9999.0 -9999.0 -9999.0 -9999.0 -9999.0 -9999.0 -9999.0 -9999.0 -9999.0     0.4     0.8     1.5     2.6     3.5     4.5     5.3     4.0     2.7     1.5     1.1     1.5     2.8     4.1     5.0     5.7     6.8     8.9    10.2     9.8     9.1     8.4     9.3    14.1    20.7    22.8    15.0    12.0    10.8     9.5     8.8    10.4    15.0    20.1    23.7    19.4 -9999.0 -9999.0 -9999.0
 -9999.0 -9999.0 -9999.0 -9999.0 -9999.0 -9999.0 -9999.0 -9999.0 -9999.0 -9999.0 -9999.0 -9999.0 -9999.0 -9999.0 -9999.0 -9999.0 -9999.0 -9999.0 -9999.0 -9999.0     1.5     2.5     2.4     3.2     3.6     2.8     2.2     2.3     1.6     1.2     1.1     0.9     1.4     1.8     1.6     1.0     1.9     1.1     1.3 -9999.0 -9999.0 -9999.0 -9999.0 -9999.0 -9999.0 -9999.0 -9999.0 -9999.0 -9999.0 -9999.0 -9999.0 -9999.0 -9999.0 -9999.0 -9999.0 -9999.0 -9999.0 -9999.0 -9999.0 -9999.0 -9999.0 -9999.0 -9999.0 -9999.0 -9999.0 -9999.0 -9999.0 -9999.0 -9999.0 -9999.0 -9999.0 -9999.0 -9999.0 -9999.0 -9999.0 -9999.0 -9999.0 -9999.0 -9999.0 -9999.0 -9999.0 -9999.0 -9999.0 -9999.0 -9999.0 -9999.0 -9999.0 -9999.0     0.2     0.2     0.4     0.7     1.2     1.7     2.2     2.6     2.2     1.9     1.2     1.0     1.9     3.7     5.6     6.0     5.7     5.9     6.7     7.2     8.2     9.4     9.5    10.3    15.6    20.9    20.5    17.3    13.3    11.3    10.6     9.3     9.6    16.1    21.8    23.5    23.0 -9999.0 -9999.0 -9999.0
 -9999.0 -9999.0 -9999.0 -9999.0 -9999.0 -9999.0 -9999.0 -9999.0 -9999.0 -9999.0 -9999.0 -9999.0 -9999.0 -9999.0 -9999.0 -9999.0 -9999.0 -9999.0     6.3     4.3     3.7    16.3     9.9     9.9     6.7     4.8     2.4     2.0     1.5     1.3     0.9     1.0     1.5     1.6     1.8     2.0     2.2     1.2     0.7 -9999.0 -9999.0 -9999.0 -9999.0 -9999.0 -9999.0 -9999.0 -9999.0 -9999.0 -9999.0 -9999.0 -9999.0 -9999.0 -9999.0 -9999.0 -9999.0 -9999.0 -9999.0 -9999.0 -9999.0 -9999.0 -9999.0 -9999.0 -9999.0 -9999.0 -9999.0 -9999.0 -9999.0 -9999.0 -9999.0 -9999.0 -9999.0 -9999.0 -9999.0 -9999.0 -9999.0 -9999.0 -9999.0 -9999.0 -9999.0 -9999.0 -9999.0 -9999.0 -9999.0 -9999.0     0.0     0.1     0.1     0.2     0.3     0.3     0.4     0.7     0.9     1.1     1.4     1.7     1.5     1.3     1.0     1.2     2.4     4.5     6.3     6.2     5.2     4.7     5.0     5.4     6.8     9.1     9.7    10.9    15.5    20.2    22.7    20.1    19.7    12.5    11.0    10.6    14.3    20.7    26.9    28.6 -9999.0 -9999.0 -9999.0 -9999.0
 -9999.0 -9999.0 -9999.0 -9999.0 -9999.0 -9999.0 -9999.0 -9999.0 -9999.0 -9999.0 -9999.0 -9999.0 -9999.0 -9999.0 -9999.0     3.5    10.1    18.6    21.2    12.2    13.7     7.7    12.5     7.0     4.3     3.0     3.1     3.1     2.2     1.5     1.0     0.9     1.1     1.3     3.1     4.3     3.6    25.3     9.8     4.7     8.5    11.9    13.8    18.0 -9999.0 -9999.0 -9999.0 -9999.0 -9999.0 -9999.0 -9999.0 -9999.0 -9999.0 -9999.0 -9999.0 -9999.0 -9999.0 -9999.0 -9999.0 -9999.0 -9999.0 -9999.0 -9999.0 -9999.0 -9999.0 -9999.0 -9999.0 -9999.0 -9999.0 -9999.0 -9999.0 -9999.0 -9999.0 -9999.0 -9999.0 -9999.0 -9999.0 -9999.0 -9999.0     0.0     0.0     0.0     0.0     0.0     0.1     0.1     0.3     0.6     1.1     1.2     1.6     1.9     1.9     1.8     1.8     2.2     1.9     1.8     1.5     1.7     2.6     4.1     5.2     4.9     3.8     3.0     2.8     3.5     5.3     7.3     8.9     9.8    12.4    16.9    22.9    18.9    16.0    13.0    11.3    12.7    16.7    23.7    29.6    32.8 -9999.0 -9999.0 -9999.0 -9999.0
 -9999.0 -9999.0 -9999.0 -9999.0 -9999.0 -9999.0 -9999.0 -9999.0 -9999.0 -9999.0 -9999.0 -9999.0 -9999.0 -9999.0 -9999.0    17.0    17.0    21.9    17.3    12.6     7.1     7.5     6.8     5.2     3.5     3.2     3.8     3.9     2.8     1.4     0.7     0.5     0.6     0.5     0.6     0.9     0.6     2.2     0.8     1.6     2.0     0.8     2.0     4.5     5.3    12.3    49.0 -9999.0 -9999.0 -9999.0 -9999.0 -9999.0 -9999.0 -9999.0 -9999.0 -9999.0 -9999.0 -9999.0 -9999.0 -9999.0 -9999.0 -9999.0 -9999.0 -9999.0 -9999.0 -9999.0 -9999.0 -9999.0 -9999.0 -9999.0 -9999.0 -9999.0 -9999.0 -9999.0 -9999.0 -9999.0 -9999.0 -9999.0     0.0     0.0     0.1     0.1     0.1     0.2     0.2     0.4     1.3     3.0     4.7     5.4     5.6     5.6     4.9     4.2     3.9     3.6     3.6     3.3     2.9     2.6     3.0     3.6     3.9     3.6     2.8     2.2     1.9     2.4     4.3     5.8     6.8     7.9    13.1    15.9    17.1    14.7    14.7    12.2    10.7    12.4    16.3    22.8    29.5 -9999.0 -9999.0 -9999.0 -9999.0 -9999.0
 -9999.0 -9999.0 -9999.0 -9999.0 -9999.0 -9999.0 -9999.0 -9999.0 -9999.0 -9999.0 -9999.0 -9999.0 -9999.0 -9999.0 -9999.0 -9999.0     3.5     5.2    10.1    15.8    17.4    12.3    14.5     9.6     5.5     5.2     5.8     5.1     3.3     1.4     0.6     0.4     0.4     0.5     0.8     1.5     2.1     2.8     3.4     7.7    15.4    10.3     9.1     4.0     2.8     2.4     3.1     5.2 -9999.0 -9999.0 -9999.0 -9999.0 -9999.0 -9999.0 -9999.0 -9999.0 -9999.0 -9999.0 -9999.0 -9999.0 -9999.0 -9999.0 -9999.0 -9999.0 -9999.0 -9999.0 -9999.0 -9999.0 -9999.0 -9999.0 -9999.0 -9999.0 -9999.0 -9999.0 -9999.0 -9999.0 -9999.0 -9999.0     0.1     0.2     0.3     0.3     0.4     0.6     0.9     1.6     3.3     7.6    10.9    11.0    11.9    10.9     8.7     8.4     8.3     7.7     7.0     6.1     4.8     4.1     3.9     3.8     3.7     3.6     3.4     2.4     2.1     2.8     4.8     6.2     6.8    10.2    13.5    11.4    11.8    13.2    11.4     8.8     8.6     9.8 -9999.0 -9999.0 -9999.0 -9999.0 -9999.0 -9999.0 -9999.0 -9999.0
 -9999.0 -9999.0 -9999.0 -9999.0 -9999.0 -9999.0 -9999.0 -9999.0 -9999.0 -9999.0 -9999.0 -9999.0 -9999.0 -9999.0 -9999.0 -9999.0     2.5     4.4     6.3     7.3    10.2     9.1     7.9     7.5     8.8     9.3    10.0     8.0    14.8    11.2     2.4     4.2    28.6    27.3     8.3     7.1    14.0     9.9     9.6    17.6    27.7    19.1    29.2    62.0     7.4     0.8     0.2     0.4 -9999.0 -9999.0 -9999.0 -9999.0 -9999.0 -9999.0 -9999.0 -9999.0 -9999.0 -9999.0 -9999.0 -9999.0 -9999.0 -9999.0 -9999.0 -9999.0 -9999.0 -9999.0 -9999.0 -9999.0 -9999.0 -9999.0 -9999.0 -9999.0 -9999.0 -9999.0 -9999.0 -9999.0 -9999.0     0.2     0.3     0.6     0.9     1.2     1.5     1.8     2.7     4.1     7.1    12.0    16.1    16.2    14.2    15.0    16.4    15.5    14.6    14.0    12.3    10.0     7.6     6.4     5.9     5.6     5.4     5.6     5.4     5.1     5.0     5.5     6.9     7.7     7.6     7.1     7.9     9.0    11.8    11.0     9.3     7.1     7.2 -9999.0 -9999.0 -9999.0 -9999.0 -9999.0 -9999.0 -9999.0 -9999.0 -9999.0
 -9999.0 -9999.0 -9999.0 -9999.0 -9999.0 -9999.0 -9999.0 -9999.0 -9999.0 -9999.0 -9999.0 -9999.0 -9999.0 -9999.0 -9999.0 -9999.0    11.7    13.8    14.0     6.8     5.3     5.3     6.2     4.4     4.1     4.6     7.2     8.3    10.3    12.6    14.4    10.7     4.7     4.1    11.6    18.1    12.0     3.1     2.7     0.8     4.0     9.9    16.4    41.3    34.0     9.9     0.9     0.1     1.4     2.7     1.2 -9999.0 -9999.0 -9999.0 -9999.0 -9999.0 -9999.0 -9999.0 -9999.0 -9999.0 -9999.0 -9999.0 -9999.0 -9999.0 -9999.0 -9999.0 -9999.0 -9999.0 -9999.0 -9999.0 -9999.0 -9999.0 -9999.0 -9999.0 -9999.0 -9999.0     0.2     0.5     1.1     1.8     2.4     2.8     3.4     4.2     5.6     7.6    10.0    12.6    14.6    15.8    15.7    17.7    18.6    21.0    21.5    20.7    18.5    15.2    12.0    10.1     9.4     9.5     9.6     9.4     9.6    10.2     9.6    10.2    11.4    10.5     8.8    11.3     9.0     9.3    10.3     8.6     9.7     7.2     5.4     5.5 -9999.0 -9999.0 -9999.0 -9999.0 -9999.0 -9999.0 -9999.0 -9999.0
 -9999.0 -9999.0 -9999.0 -9999.0 -9999.0 -9999.0 -9999.0 -9999.0 -9999.0 -9999.0 -9999.0 -9999.0 -9999.0 -9999.0 -9999.0     5.3     4.6     5.7    10.0    10.1     8.5     7.4     4.7     2.6     2.2     3.2     4.0     4.4     5.6     7.9    10.8     3.4     0.3     0.3     0.3     0.3     1.1     0.4     0.1     0.1     0.1     0.3     1.4     1.6     2.5     4.3     2.3     0.9     0.9     0.6     0.4     0.2     0.2     0.4     0.1     0.1     0.2     0.4     1.2     2.8     4.5 -9999.0 -9999.0 -9999.0 -9999.0 -9999.0 -9999.0 -9999.0 -9999.0     0.0     0.0     0.0     0.0     0.1     0.1     0.3     0.6     1.6     2.9     3.6     4.2     4.8     5.5     6.6     8.2     9.8    10.7    11.1    11.6    13.1    14.3    15.8    15.8    19.9    23.8    25.3    24.0    20.5    16.8    13.5    12.0    12.0    12.5    12.9    13.2    11.6    11.7    11.5    11.1    12.8    11.8    10.5     9.2    10.2     8.1     6.6     4.7     3.8 -9999.0 -9999.0 -9999.0 -9999.0 -9999.0 -9999.0 -9999.0 -9999.0 -9999.0 -9999.0
 -9999.0 -9999.0 -9999.0 -9999.0 -9999.0 -9999.0 -9999.0 -9999.0 -9999.0 -9999.0 -9999.0 -9999.0 -9999.0 -9999.0     5.6    11.2    12.5     7.2     8.2     7.4     3.6     1.2     1.0     1.4     1.0     1.4     1.9     0.8     0.4     0.3     0.5     1.8     0.7     2.8     2.3     1.6     1.9     1.8     1.9     1.0     0.5     0.5     0.5     0.3     0.3     0.3     0.3     1.4     1.8     2.0     1.7     0.7     0.4     0.1     0.0     0.1     0.1     0.2     0.5     2.0     4.1     5.6     5.8     5.1     4.0     2.6     0.9     0.3     0.1     0.1     0.0     0.1     0.1     0.2     0.3     0.8     1.8     3.3     4.9     5.5     5.9     6.2     6.5     7.6     8.6     9.5     8.8     8.2     8.8    11.4    12.9    13.4    18.2    20.4    24.6    26.4    26.6    22.1    15.3    12.7     9.6     9.8    11.1    10.2    10.8    12.6    13.1    12.8    13.6    17.5    14.1    14.7    13.9     9.4     8.5     6.3     4.0 -9999.0 -9999.0 -9999.0 -9999.0 -9999.0 -9999.0 -9999.0 -9999.0 -9999.0 -9999.0 -9999.0
 -9999.0 -9999.0 -9999.0 -9999.0 -9999.0 -9999.0 -9999.0 -9999.0 -9999.0 -9999.0 -9999.0 -9999.0     6.8     6.7     8.1     2.4     5.8     1.8     0.7     0.4     0.4     0.4     0.4     0.3     0.3     0.3     0.3     0.3     0.3     0.3     0.3     0.5     1.5     1.5     1.2     1.8     2.7     2.7     1.6     1.7     1.3     1.4     1.2     0.7     0.4     0.5     0.8     1.5     3.5     2.5     2.3     1.2     0.7     0.2     0.1     0.0     0.1     0.2     0.4     1.5     3.3     5.0     5.2     4.6     3.2     2.0     1.0     0.4     0.2     0.1     0.2     0.2     0.2     0.5     1.0     1.6     2.7     4.1     5.5     6.7     6.2     6.4     6.4     7.3     7.4     6.8     6.1     6.2     7.8    12.3    15.5    16.9    13.8    15.0    20.9    23.4    25.1    17.8    12.3    10.7     7.2     8.3     9.3     9.5    12.6    11.9    12.2    13.6    17.5    16.8    18.8    19.0    13.6    10.5    12.9 -9999.0 -9999.0 -9999.0 -9999.0 -9999.0 -9999.0 -9999.0 -9999.0 -9999.0 -9999.0 -9999.0 -9999.0 -9999.0
 -9999.0 -9999.0 -9999.0 -9999.0 -9999.0 -9999.0 -9999.0 -9999.0 -9999.0     4.2     8.7     5.6     4.5     1.0     0.3     0.3     0.3     0.3     0.3     0.3     0.3     0.3     0.3     0.3     0.3     0.3     0.3     0.3     0.3     0.3     0.3     0.8     1.0     0.9     1.4     2.6     1.9     1.0     0.6     0.5     0.9     1.1     0.6     0.4     0.3     0.4     0.7     1.3     2.3     4.9     3.3     1.9     0.8     0.4     0.3     0.1     0.1     0.2     0.4     1.2     2.7     4.0     4.5     4.0     2.8     2.1     1.2     0.5     0.4     0.5     0.3     0.3     0.5     1.4     2.3     2.5     2.9     3.5     5.1     5.5     5.2     5.3     5.9     6.1     5.6     4.7     5.5     6.8    10.3    15.4    15.9    14.6    13.5    14.0    16.1    18.5    20.4    15.4     8.0     6.5     7.7     9.9    11.6    14.6    18.2    20.3    17.9    15.3    16.9    23.2    22.5    18.3    12.8 -9999.0 -9999.0 -9999.0 -9999.0 -9999.0 -9999.0 -9999.0 -9999.0 -9999.0 -9999.0 -9999.0 -9999.0 -9999.0 -9999.0 -9999.0
 -9999.0 -9999.0 -9999.0 -9999.0 -9999.0     1.5     7.6     4.5     4.3     4.5     1.7     1.9     1.6     0.5     0.4     0.3     0.3     0.3     0.3     0.3     0.2     0.2     0.2     0.2     0.2     0.2     0.3     0.3     0.3     0.3     0.3     0.3     0.4     0.5     0.6     0.7     0.6     0.5     0.4     0.5     0.7     0.5     0.6     0.9     0.6     0.4     0.3     0.4     1.1     2.5     4.6     4.1     3.6     2.0     0.7     0.2     0.1     0.2     0.3     0.9     1.9     3.2     3.8     3.8     3.8     2.8     1.5     0.9     0.8     0.3     0.5     1.0     1.9     3.4     3.6     3.2     2.8     3.0     5.1     6.5     5.7     5.3     4.9     4.6     3.9     3.1     5.3     9.3    14.3    16.3    14.6    12.8    10.9    10.8    11.3    11.8    12.3     9.7 -9999.0 -9999.0    10.3    14.5    23.1    23.7    19.2    17.3    15.0    18.8    22.4 -9999.0 -9999.0 -9999.0 -9999.0 -9999.0 -9999.0 -9999.0 -9999.0 -9999.0 -9999.0 -9999.0 -9999.0 -9999.0 -9999.0 -9999.0 -9999.0 -9999.0 -9999.0 -9999.0
 -9999.0 -9999.0 -9999.0     1.7     0.6     4.5     3.1     2.9     2.7     0.5     0.3     0.3     0.4     0.3     0.3     0.3     0.3     0.3     0.3     0.3     0.3     0.3     0.2     0.2     0.2     0.3     0.3     0.3     0.3     0.3     0.3     0.3     0.4     0.4     0.4     0.4     0.4     0.4     0.3     0.3     0.4     0.4     0.5     0.7     0.9     0.9     0.7     1.2     2.0     4.5     5.5     5.1     4.7     3.1     1.4     0.7     0.6     0.5     0.5     0.7     1.1     1.8     2.9     4.2     4.0     3.0     2.8     0.8     0.4     0.5     1.3     2.8     4.8     6.0     5.4     4.1     3.1     2.9     3.3     4.4     5.5     7.0     4.2     3.0     5.4     3.1     6.7    11.9    14.4    14.6    13.9    11.2     9.7     9.2     9.0     8.7     7.0 -9999.0 -9999.0 -9999.0    12.9    20.5    19.9    21.9    21.7    22.4    20.5 -9999.0 -9999.0 -9999.0 -9999.0 -9999.0 -9999.0 -9999.0 -9999.0 -9999.0 -9999.0 -9999.0 -9999.0 -9999.0 -9999.0 -9999.0 -9999.0 -9999.0 -9999.0 -9999.0 -9999.0 -9999.0
 -9999.0 -9999.0     2.1     2.1     1.7     0.5     0.4     0.3     0.3     0.3     0.3     0.3     0.3     0.3     0.3     0.3     0.4     0.4     0.3     0.3     0.3     0.3     0.3     0.3     0.3     0.3     0.3     0.3     0.3     0.3     0.3     0.3     0.3     0.3     0.3     0.3     0.3     0.3     0.3     0.4     0.4     0.6     1.0     1.7     2.5     3.6     5.8     6.4     6.9     7.9    10.0    11.6    11.5     8.8     6.5     6.0     2.9     1.7     0.9     0.8     0.7     1.9     2.0     3.4     3.8     3.3     2.0     0.8     0.6     0.7     2.5     4.7     7.0     8.1     7.2     5.8     4.7     4.1     4.1     5.7     8.4     9.2     5.3     4.2     3.3     9.2    10.6    16.7    17.5    15.2    11.8     9.3     8.1     7.9     8.2 -9999.0 -9999.0 -9999.0 -9999.0     7.4    11.7    15.2    18.9    21.9 -9999.0 -9999.0 -9999.0 -9999.0 -9999.0 -9999.0 -9999.0 -9999.0 -9999.0 -9999.0 -9999.0 -9999.0 -9999.0 -9999.0 -9999.0 -9999.0 -9999.0 -9999.0 -9999.0 -9999.0 -9999.0 -9999.0 -9999.0 -9999.0
 -9999.0 -9999.0     5.8     7.1    13.5     4.0     0.3     0.3     0.3     0.3     0.3     0.3     0.3     0.3     0.4     0.4     0.4     0.4     0.3     0.3     0.3     0.3     0.3     0.3     0.3     0.3     0.3     0.3     0.3     0.3     0.3     0.3     0.3     0.3     0.3     0.3     0.4     0.4     0.4     0.4     0.3     0.6     2.1     9.2     2.6     4.2     8.4     4.7     8.0     7.1     8.2    12.8    13.3    13.5    14.4    12.0     7.2     5.3     2.3     2.5     2.7     2.1     3.5     4.2     4.5     3.7     2.2     1.6     2.1     1.5     3.3     5.7     7.9     8.7     8.7     9.3    10.9    10.3     9.5    11.9    14.0    11.9    10.8     9.4     8.1    10.9    18.1    23.0    20.9    14.2     9.0     6.6     5.6     5.6 -9999.0 -9999.0 -9999.0 -9999.0 -9999.0     5.4 -9999.0 -9999.0 -9999.0 -9999.0 -9999.0 -9999.0 -9999.0 -9999.0 -9999.0 -9999.0 -9999.0 -9999.0 -9999.0 -9999.0 -9999.0 -9999.0 -9999.0 -9999.0 -9999.0 -9999.0 -9999.0 -9999.0 -9999.0 -9999.0 -9999.0 -9999.0 -9999.0 -9999.0
 -9999.0 -9999.0     4.7     9.5     8.8     5.4     2.5     2.3     0.4     0.3     0.3     0.3     0.3     0.3     0.4     0.4     0.4     0.4     0.4     0.3     0.3     0.3     0.3     0.3     0.3     0.3     0.3     0.3     0.3     0.3     0.3     0.3     0.3     0.5     0.6     0.9     0.5     0.5     0.6     0.5     0.3     0.3     0.4     0.7     1.2     1.8     2.1     2.8     3.0     3.8    10.3     8.1    10.9    15.9    15.7    15.1    13.6     8.5     7.9     8.3     4.4     4.9     6.0     6.5     6.5     5.6     3.8     4.9     2.3     3.2     5.7     7.8     9.2     9.7    10.1    12.8    17.8    19.6    21.7    25.7    26.0    14.5    15.0    17.0    14.4    18.2    25.7    29.8    22.7    11.8     5.9 -9999.0 -9999.0 -9999.0 -9999.0 -9999.0 -9999.0 -9999.0 -9999.0 -9999.0 -9999.0 -9999.0 -9999.0 -9999.0 -9999.0 -9999.0 -9999.0 -9999.0 -9999.0 -9999.0 -9999.0 -9999.0 -9999.0 -9999.0 -9999.0 -9999.0 -9999.0 -9999.0 -9999.0 -9999.0 -9999.0 -9999.0 -9999.0 -9999.0 -9999.0 -9999.0 -9999.0 -9999.0
 -9999.0 -9999.0 -9999.0    10.4     5.1     7.8     7.1     4.8     2.2     0.4     0.3     0.3     0.3     0.3     0.3     0.4     0.4     0.4     0.3     0.3     0.3     0.3     0.3     0.3     0.3     0.3     0.3     0.3     0.3     0.3     0.3     0.5     0.4     2.1     3.0     1.0     0.4     0.3     0.3     0.2     0.2     0.2     0.2     0.3     0.5     0.7     1.7     2.3     4.3     3.8     4.1     6.1    10.0    16.6    17.3    19.4    18.8    20.9    21.1    16.4    13.2    10.9    11.7    10.9     9.5     7.3     6.3     7.1     4.0     6.5    10.1    11.8    13.2    12.5    12.3    14.2    21.1    25.2    33.6    32.1    31.4    21.0    22.1    20.2    20.6    25.2    33.0    33.6    21.7    10.2     5.7     4.7 -9999.0 -9999.0 -9999.0 -9999.0 -9999.0 -9999.0 -9999.0 -9999.0 -9999.0 -9999.0 -9999.0 -9999.0 -9999.0 -9999.0 -9999.0 -9999.0 -9999.0 -9999.0 -9999.0 -9999.0 -9999.0 -9999.0 -9999.0 -9999.0 -9999.0 -9999.0 -9999.0 -9999.0 -9999.0 -9999.0 -9999.0 -9999.0 -9999.0 -9999.0 -9999.0 -9999.0
 -9999.0 -9999.0 -9999.0 -9999.0 -9999.0     4.4     1.7     1.7     4.1     0.6     0.3     0.3     0.3     0.3     0.3     0.3     0.3     0.3     0.3     0.3     0.3     0.3     0.3     0.3     0.3     0.3     0.3     0.3     0.3     0.4     0.4     1.0     1.3     1.1     3.7     1.1     1.2     0.9     0.4     0.2     0.2     0.2     0.2     0.2     0.3     0.3     0.3     1.2     0.9     2.9     2.0     7.6     9.3    12.9    18.5    21.7    24.8    28.2    32.0    31.7    30.7    20.4    19.6    16.6    15.1    10.7     9.3     6.9     6.3     9.4    14.1    17.1    18.5    18.8    18.4    18.7    23.1    24.4    33.8    39.5    33.6    20.0    22.3    23.0    21.8    24.1    31.6    30.6    20.7    12.5    10.6    10.4     8.9     8.1 -9999.0 -9999.0 -9999.0    11.7 -9999.0 -9999.0 -9999.0 -9999.0 -9999.0 -9999.0 -9999.0 -9999.0 -9999.0 -9999.0 -9999.0 -9999.0 -9999.0 -9999.0 -9999.0 -9999.0 -9999.0 -9999.0 -9999.0 -9999.0 -9999.0 -9999.0 -9999.0 -9999.0 -9999.0 -9999.0 -9999.0 -9999.0 -9999.0 -9999.0
 -9999.0 -9999.0 -9999.0 -9999.0     4.5     7.9    10.4     4.6     3.5     0.6     0.8     0.5     0.4     0.3     0.3     0.3     0.3     0.3     0.3     0.3     0.3     0.3     0.3     0.3     0.3     0.3     0.3     2.3     0.8     1.1     1.5     1.4     1.5     2.2     1.3     1.4     1.2     3.9     2.9     1.0     0.3     0.2     0.2     0.2     0.2     0.2     0.2     0.2     0.2     0.2     0.3     1.9     6.8    14.3    14.3    19.1    25.9    36.0    44.2    37.6    37.0    37.3    34.4    24.4    15.3    19.8    21.0     9.2    16.9    15.9    19.5    25.7    28.2    27.2    25.3    24.1    24.9    26.8    40.7    25.1    21.2    25.4    23.3    22.7    18.5    16.4    20.5    21.0    18.0    16.7    19.3    20.6    17.9    16.0 -9999.0 -9999.0    17.4    18.7    20.7    22.5    20.3 -9999.0 -9999.0 -9999.0 -9999.0 -9999.0 -9999.0 -9999.0 -9999.0 -9999.0 -9999.0 -9999.0 -9999.0 -9999.0 -9999.0 -9999.0 -9999.0 -9999.0 -9999.0 -9999.0 -9999.0 -9999.0 -9999.0 -9999.0 -9999.0 -9999.0 -9999.0 -9999.0
 -9999.0 -9999.0 -9999.0 -9999.0     7.3     4.8     9.0     3.5     9.5     7.5     1.3     4.0     1.8     1.5     0.4     0.3     0.3     0.3     0.3     0.3     0.3     0.3     0.3     0.4     1.2     2.2     1.3     1.5     1.5     1.7     1.8     2.5     2.2     2.4     2.8     2.4     3.7     5.0     2.7     1.2     2.6     0.5     0.4     0.3     0.3     0.3     0.2     0.2     0.2     0.3     0.4     1.1     7.1     8.8    11.9    18.1    26.1    41.2    53.1    57.7    48.3    35.0    27.5    28.5    22.1    14.3    28.5    20.9    19.1    26.5    26.1    32.5    34.0    31.2    27.3    26.0    23.0    31.0    34.4    26.1    26.7    24.8    28.0    25.4    18.9    12.5    11.0    11.5    13.3    18.1    25.9    28.7    26.9    25.9    27.1    25.9    23.9    24.6    27.5 -9999.0 -9999.0 -9999.0 -9999.0 -9999.0 -9999.0 -9999.0 -9999.0 -9999.0 -9999.0 -9999.0 -9999.0 -9999.0 -9999.0 -9999.0 -9999.0 -9999.0 -9999.0 -9999.0 -9999.0 -9999.0 -9999.0 -9999.0 -9999.0 -9999.0 -9999.0 -9999.0 -9999.0 -9999.0
 -9999.0 -9999.0 -9999.0 -9999.0 -9999.0 -9999.0 -9999.0     4.2     5.8     3.4     7.0     5.8     2.2     2.3     1.9     0.3     0.5     0.3     0.3     0.4     0.9     1.5     1.8     1.7     1.7     1.7     2.0     2.2     2.4     2.9     3.1     3.3     3.4     4.0     5.0     4.4     6.3     5.7     8.0     8.5     3.2     9.6     7.8     3.6     1.3     0.5     0.6     0.5     0.8     0.8     1.4     2.6     5.7    15.7    19.0    17.6    21.2    33.2    43.5    59.3    42.7    35.3    27.9    29.6    35.0    25.9    32.7    33.9    26.9    27.9    30.2    37.9    46.2    45.5    37.3    31.8    21.7    26.9    31.0    22.9    23.6    26.0    29.5    27.9    21.7    13.9    10.0     9.6    12.1    18.4    26.1    29.1    28.4    31.1    34.9    34.2    30.9 -9999.0 -9999.0 -9999.0 -9999.0 -9999.0 -9999.0 -9999.0 -9999.0 -9999.0 -9999.0 -9999.0 -9999.0 -9999.0 -9999.0 -9999.0 -9999.0 -9999.0 -9999.0 -9999.0 -9999.0 -9999.0 -9999.0 -9999.0 -9999.0 -9999.0 -9999.0 -9999.0 -9999.0 -9999.0 -9999.0 -9999.0
 -9999.0 -9999.0 -9999.0 -9999.0 -9999.0 -9999.0 -9999.0    10.0     2.6     4.9     5.3     3.1     3.3     4.4     2.4     4.4     1.7     1.5     2.6     1.5     1.5     2.2     2.1     2.2     2.3     2.4     2.5     3.1     2.8     2.9     3.7     4.1     4.4     5.9     5.5     6.3     6.3     8.0     8.2     7.8     8.5     8.6     9.2    13.2     5.6     2.6     3.4     3.8     7.4     6.4    11.5    11.1     9.7    13.9    18.7    21.3    24.3    29.8    31.1    30.5    37.3    43.4    40.7    44.7    40.0    36.9    36.0    34.3    34.7    29.7    35.6    46.2    57.9    59.1    41.3    38.3    28.5    21.3    20.1    22.5    25.1    25.4    33.2    24.5    20.9    18.0    16.0    15.3    17.7    23.4    27.5    26.8    27.2    32.6    38.8    41.8 -9999.0 -9999.0 -9999.0 -9999.0 -9999.0 -9999.0 -9999.0 -9999.0 -9999.0 -9999.0 -9999.0 -9999.0 -9999.0 -9999.0 -9999.0 -9999.0 -9999.0 -9999.0 -9999.0 -9999.0 -9999.0 -9999.0 -9999.0 -9999.0 -9999.0 -9999.0 -9999.0 -9999.0 -9999.0 -9999.0 -9999.0 -9999.0
 -9999.0 -9999.0 -9999.0 -9999.0 -9999.0 -9999.0 -9999.0 -9999.0 -9999.0     4.0     3.2     2.3     3.6     2.9     2.0     1.5     2.1     4.1     2.4     3.5     2.7     2.3     2.5     2.8     2.9     3.0     3.3     3.4     3.3     4.1     3.6     4.3     5.0     6.2     6.1     6.9     7.4     8.8     8.6     9.6     9.0    10.4     9.9     8.8    10.2     9.7     9.9    10.2    11.5    12.3    13.8    12.9    13.1    15.3    18.4    22.0    24.5    25.6    20.7    21.3    26.2    32.8    44.1    50.7    52.7    44.3    39.9    39.2    41.4    39.4    45.0    53.6    59.0    58.2    50.8    26.9    18.8    16.8    17.8    21.8    23.7    24.3    16.3    16.9    18.7    20.7    22.8    24.0    27.2    32.8    34.5    31.1    29.0    34.3    43.6 -9999.0 -9999.0 -9999.0 -9999.0 -9999.0 -9999.0 -9999.0 -9999.0 -9999.0 -9999.0 -9999.0 -9999.0 -9999.0 -9999.0 -9999.0 -9999.0 -9999.0 -9999.0 -9999.0 -9999.0 -9999.0 -9999.0 -9999.0 -9999.0 -9999.0 -9999.0 -9999.0 -9999.0 -9999.0 -9999.0 -9999.0 -9999.0 -9999.0
 -9999.0 -9999.0 -9999.0 -9999.0 -9999.0 -9999.0 -9999.0 -9999.0 -9999.0 -9999.0 -9999.0     3.8     1.1     3.2     2.0     2.3     2.0     1.9     1.9     2.4     3.2     3.0     3.4     3.5     4.4     4.1     4.4     4.4     4.3     4.3     4.6     5.7     5.7     6.8     7.5    10.5     9.8    10.6    15.3    11.3    12.8    11.3    10.6    10.3    14.8    12.0    16.9    15.4    17.8    18.1    16.8    16.1    15.9    17.3    19.1    20.9    21.6    19.1    16.8    16.8    20.4    31.0    45.3    59.0    60.6    45.6    39.6    45.3    48.6    49.4    53.1    56.2    53.9    47.3    41.9    31.8    24.5    21.8    19.4    22.0    18.8    15.4    15.8    15.1    16.4    18.6    22.7    26.9    32.2    38.1    41.0    40.7    38.7    44.5    54.6 -9999.0 -9999.0 -9999.0 -9999.0 -9999.0 -9999.0 -9999.0 -9999.0 -9999.0 -9999.0 -9999.0 -9999.0 -9999.0 -9999.0 -9999.0 -9999.0 -9999.0 -9999.0 -9999.0 -9999.0 -9999.0 -9999.0 -9999.0 -9999.0 -9999.0 -9999.0 -9999.0 -9999.0 -9999.0 -9999.0 -9999.0 -9999.0 -9999.0
 -9999.0 -9999.0 -9999.0 -9999.0 -9999.0 -9999.0 -9999.0 -9999.0 -9999.0 -9999.0 -9999.0 -9999.0     1.1     1.0     2.2     1.5     3.1     2.1     2.4     3.7     2.7     3.4     4.0     4.3     5.9     4.9     4.7     5.0     4.8     5.5     5.2     5.6     6.5     8.4    10.1    11.1    15.2    13.6    12.6    11.4    10.9    11.1    11.7    13.8    14.3    15.9    18.4    17.2    19.9    21.8    22.8    20.7    19.1    20.3    21.9    22.7    21.7    19.6    18.3    17.5    21.5    30.3    42.5    56.7    63.1    61.5    48.3    51.4    52.8    52.7    56.1    66.2    66.0    56.0    42.9    41.7    37.3    37.5    30.6    42.4    23.6    16.7    15.6    14.9    15.6    17.1    20.9    26.7    33.5    41.6    49.7    56.4    59.1    63.5    69.9    74.1    65.3 -9999.0 -9999.0 -9999.0 -9999.0 -9999.0 -9999.0 -9999.0 -9999.0 -9999.0 -9999.0 -9999.0 -9999.0 -9999.0 -9999.0 -9999.0 -9999.0 -9999.0 -9999.0 -9999.0 -9999.0 -9999.0 -9999.0 -9999.0 -9999.0 -9999.0 -9999.0 -9999.0 -9999.0 -9999.0 -9999.0 -9999.0
 -9999.0 -9999.0 -9999.0 -9999.0 -9999.0 -9999.0 -9999.0 -9999.0 -9999.0 -9999.0 -9999.0 -9999.0     2.9     0.6     0.5     1.5     0.9     1.5     2.7     2.9     3.4     4.3     4.8     5.1     5.3     5.6     5.5     5.1     5.0     4.8     5.2     6.3     7.0     8.3    10.7    12.4    16.4    18.0    17.2    15.6    13.2    12.7    15.8    13.8    16.5    19.0    17.3    17.9    18.3    22.5    23.1    21.7    21.0    22.0    26.2    26.2    25.8    23.9    22.6    22.5    27.0    38.1    50.3    59.4    60.1    62.4    47.8    53.0    52.5    49.8    47.7    47.0    44.8    36.8    37.5    39.9    45.6    53.2    53.4    44.7    52.3    14.9    14.3    16.5    18.6    20.3    24.1    32.1    43.0    57.5    72.3    82.0    81.1    75.1    70.7    65.7    53.1 -9999.0 -9999.0 -9999.0 -9999.0 -9999.0 -9999.0 -9999.0 -9999.0 -9999.0 -9999.0 -9999.0 -9999.0 -9999.0 -9999.0 -9999.0 -9999.0 -9999.0 -9999.0 -9999.0 -9999.0 -9999.0 -9999.0 -9999.0 -9999.0 -9999.0 -9999.0 -9999.0 -9999.0 -9999.0 -9999.0 -9999.0
 -9999.0 -9999.0 -9999.0 -9999.0 -9999.0 -9999.0 -9999.0 -9999.0 -9999.0 -9999.0 -9999.0 -9999.0 -9999.0     1.0     1.9     0.6     1.3     1.2     1.6     2.3     3.3     3.9     5.3     5.7     6.3     6.5     6.2     5.9     5.3     5.0     4.8     5.2     7.0     8.8    10.1    13.1    16.3    19.4    25.4    21.4    18.9    18.6    17.3    19.5    17.3    16.2    17.6    18.8    19.6    20.2    20.7    20.2    21.0    22.1    24.8    27.5    28.6    28.4    29.5    31.0    35.9    46.9    59.7    64.9    51.4    55.7    58.3    61.1    57.0    47.8    41.0    36.7    35.2    37.8    41.6    45.1    53.1    59.7    47.1    32.1    37.1    18.1    17.6    21.7    25.8    28.1    32.4    40.7    54.7    68.2    74.1    73.5    68.9    61.5    53.3    43.9    34.5 -9999.0 -9999.0 -9999.0 -9999.0 -9999.0 -9999.0 -9999.0 -9999.0 -9999.0 -9999.0 -9999.0 -9999.0 -9999.0 -9999.0 -9999.0 -9999.0 -9999.0 -9999.0 -9999.0 -9999.0 -9999.0 -9999.0 -9999.0 -9999.0 -9999.0 -9999.0 -9999.0 -9999.0 -9999.0 -9999.0 -9999.0
 -9999.0 -9999.0 -9999.0 -9999.0 -9999.0 -9999.0 -9999.0 -9999.0 -9999.0 -9999.0 -9999.0 -9999.0     0.9     1.9     1.4     0.7     2.0     1.6     2.0     2.1     3.1     4.3     5.6     6.5     7.0     6.9     6.4     5.6     4.9     4.4     4.3     4.5     6.2     7.5    10.4    13.3    18.5    20.0    21.6    21.9    25.0    26.4    26.6    18.5    18.9    18.1    15.7    13.4    13.9    15.1    17.5    19.0    19.7    22.1    25.7    27.8    29.3    30.5    34.1    36.7    44.8    57.4    69.9    78.3    73.3    63.1    84.4    76.7    62.3    55.5    48.6    42.7    46.2    53.8    53.8    52.7    52.6    51.0    44.1    31.6    24.1    21.7    23.5    27.7    32.1    34.9    39.1    42.7    46.9    53.0    52.5    44.0    40.4    40.8    39.3    33.5    26.9    22.4 -9999.0 -9999.0 -9999.0 -9999.0 -9999.0 -9999.0 -9999.0 -9999.0 -9999.0 -9999.0 -9999.0 -9999.0 -9999.0 -9999.0 -9999.0 -9999.0 -9999.0 -9999.0 -9999.0 -9999.0 -9999.0 -9999.0 -9999.0 -9999.0 -9999.0 -9999.0 -9999.0 -9999.0 -9999.0 -9999.0
 -9999.0 -9999.0 -9999.0 -9999.0 -9999.0 -9999.0 -9999.0 -9999.0 -9999.0 -9999.0 -9999.0 -9999.0     1.5     0.3     0.5     2.5     2.1     1.0     1.5     2.7     3.2     4.8     6.1     7.1     7.7     7.5     6.6     5.5     4.5     3.8     3.5     3.7     4.9     6.1     8.6    12.4    16.0    20.5    22.7    21.3    21.3    20.1    19.7    19.6    19.0    18.0    17.9    14.7    12.5    10.2    13.5    17.0    20.5    24.5    25.6    26.1    28.0    32.4    37.2    46.2    57.1    70.1    80.6    77.7    70.5    87.0    72.8    83.8    70.3    59.0    55.8    59.6    65.8    65.6    60.9    57.8    52.2    58.6    50.5    32.6    27.6    26.7    29.3    31.4    31.7    34.3    37.7    39.2    37.2    40.9    42.0    36.8    33.7    34.3    37.9    36.3    29.0    24.5    22.6 -9999.0 -9999.0 -9999.0 -9999.0 -9999.0 -9999.0 -9999.0 -9999.0 -9999.0 -9999.0 -9999.0 -9999.0 -9999.0 -9999.0 -9999.0 -9999.0 -9999.0 -9999.0 -9999.0 -9999.0 -9999.0 -9999.0 -9999.0 -9999.0 -9999.0 -9999.0 -9999.0 -9999.0 -9999.0
 -9999.0 -9999.0 -9999.0 -9999.0 -9999.0 -9999.0 -9999.0 -9999.0 -9999.0 -9999.0 -9999.0 -9999.0     0.2     0.9     0.3     0.5     0.7     2.2     1.9     2.8     4.7     5.9     6.6     7.6     8.0     7.3     6.4     5.0     4.1     3.2     2.8     3.1     3.5     4.9     7.3    10.9    15.1    19.4    21.5    23.7    22.6    20.8    24.9    18.7    19.4    20.2    18.1    12.2     7.8     8.7    12.2    17.2    22.1    25.0    24.4    21.7    24.9    31.6    40.6    49.1    63.8    80.4    96.2    84.3    67.5   128.3    98.5    72.4    61.8    61.4    66.3    76.3    83.6    80.6    88.4    72.9    89.0    57.9    60.8    42.5    29.4    29.7    28.6    29.9    31.2    33.6    39.7    59.8    41.3    43.2    45.1    41.9    34.9    32.7    35.9    35.4    31.1    29.6    29.8    28.2 -9999.0 -9999.0 -9999.0 -9999.0 -9999.0 -9999.0 -9999.0 -9999.0 -9999.0 -9999.0 -9999.0 -9999.0 -9999.0 -9999.0 -9999.0 -9999.0 -9999.0 -9999.0 -9999.0 -9999.0 -9999.0 -9999.0 -9999.0 -9999.0 -9999.0 -9999.0 -9999.0 -9999.0
 -9999.0 -9999.0 -9999.0 -9999.0 -9999.0 -9999.0 -9999.0 -9999.0 -9999.0 -9999.0 -9999.0 -9999.0 -9999.0     2.7     1.9     0.6     0.9     1.1     2.5     3.8     6.4     6.1     7.5     8.2     8.4     7.7     6.5     5.1     3.6     2.9     2.2     2.3     2.9     4.0     6.4    10.8    15.0    18.1    21.7    23.0    23.9    29.4    30.6    26.2    19.6    16.6    15.2     7.9     9.7     9.1    10.9    17.1    20.3    22.3    24.6    25.2    18.8    25.5    39.9    59.5    74.5    96.4   107.3    70.6   109.3   109.8    73.5    51.2    50.1    58.9    70.4    82.4    93.8    82.9    81.8    68.5    61.5    61.4    69.5    45.8    32.9    30.3    30.1    29.7    31.8    36.5    46.0    81.3    74.8    56.4    50.2    48.3    38.6    31.8    32.8    34.2    34.3    37.3    39.8 -9999.0 -9999.0 -9999.0 -9999.0 -9999.0 -9999.0 -9999.0 -9999.0 -9999.0 -9999.0 -9999.0 -9999.0 -9999.0 -9999.0 -9999.0 -9999.0 -9999.0 -9999.0 -9999.0 -9999.0 -9999.0 -9999.0 -9999.0 -9999.0 -9999.0 -9999.0 -9999.0 -9999.0 -9999.0
 -9999.0 -9999.0 -9999.0 -9999.0 -9999.0 -9999.0 -9999.0 -9999.0 -9999.0 -9999.0 -9999.0 -9999.0 -9999.0     0.2     1.9     0.7     2.6     1.4     2.3     3.9     7.2     8.1     9.1     9.2     9.6     8.4     6.8     5.4     3.7     2.8     2.1     2.0     2.4     3.7     6.4     9.9    13.2    17.3    22.2    29.8    27.6    29.3    29.4    27.3    30.0    18.7    14.0     6.9     6.1     6.7    11.9    13.6    20.2    25.1    27.9    24.2    17.8    24.1    41.2    49.3    80.8    89.8    74.7    76.6    85.2    75.6    47.1    35.9    42.2    53.8    69.0    86.2    94.5    94.5    90.0    90.6    98.8    62.4    50.9    46.9    37.3    33.3    34.9    38.3    42.6    48.6    58.7    69.7    74.9    59.9    57.7    56.1    50.9    45.6    45.1    47.2    50.6    55.6    59.6 -9999.0 -9999.0 -9999.0 -9999.0 -9999.0 -9999.0 -9999.0 -9999.0 -9999.0 -9999.0 -9999.0 -9999.0 -9999.0 -9999.0 -9999.0 -9999.0 -9999.0 -9999.0 -9999.0 -9999.0 -9999.0 -9999.0 -9999.0 -9999.0 -9999.0 -9999.0 -9999.0 -9999.0 -9999.0
 -9999.0 -9999.0 -9999.0 -9999.0 -9999.0 -9999.0 -9999.0 -9999.0 -9999.0 -9999.0 -9999.0 -9999.0 -9999.0 -9999.0 -9999.0     1.2     1.3     2.7     3.2     4.4     7.9     8.8    10.3    11.1    10.9     9.7     7.9     5.6     4.2     2.7     2.1     2.1     3.3     4.6     6.4    11.3    16.2    15.9    20.8    25.6    31.9    34.3    32.4    28.2    21.1    16.9    13.2     6.7     6.9     3.6     8.2    21.6    19.2    21.9    10.9    19.6    20.7    14.2    44.1    65.2    72.2    80.6    79.6    71.6    66.7    53.8    38.9    35.2    42.1    58.4    74.9    92.1   110.6   107.3    97.9   113.3   106.9   108.6    65.1    50.3    46.5    48.4    54.0    60.0    66.0    72.2    80.1    90.0    84.8    77.4    78.4    87.2    82.6    85.8    80.2    76.3    81.0 -9999.0    93.4 -9999.0 -9999.0 -9999.0 -9999.0 -9999.0 -9999.0 -9999.0 -9999.0 -9999.0 -9999.0 -9999.0 -9999.0 -9999.0 -9999.0 -9999.0 -9999.0 -9999.0 -9999.0 -9999.0 -9999.0 -9999.0 -9999.0 -9999.0 -9999.0 -9999.0 -9999.0 -9999.0 -9999.0 -9999.0
 -9999.0 -9999.0 -9999.0 -9999.0 -9999.0 -9999.0 -9999.0 -9999.0 -9999.0 -9999.0 -9999.0 -9999.0 -9999.0 -9999.0 -9999.0 -9999.0 -9999.0     2.1     3.4 -9999.0     8.3    12.0    13.6    14.9    14.1    12.7    10.5     7.5     5.3     3.7     2.8     2.9     4.9     4.9     7.5    10.5    17.5    13.3    19.5    24.8    29.8    36.3    32.3    27.3    28.4    19.9    41.6    15.7     5.7     7.9     5.2    11.9     8.8    22.8    23.8    23.1    14.6    32.3    42.7    64.1    63.9    90.0    91.5    79.1    65.5    51.4    43.4    46.5    54.8    70.7    82.6   120.5   127.5   113.5   115.1   126.4   115.5    93.3    78.5    68.7    74.5    84.1    93.8   101.1   109.7   115.5   119.3   117.8   109.8   111.1   125.8   132.7   124.3   124.7   122.1   119.7   112.0   124.1   132.2   127.8   117.5 -9999.0 -9999.0 -9999.0 -9999.0 -9999.0 -9999.0 -9999.0 -9999.0 -9999.0 -9999.0 -9999.0 -9999.0 -9999.0 -9999.0 -9999.0 -9999.0 -9999.0 -9999.0 -9999.0 -9999.0 -9999.0 -9999.0 -9999.0 -9999.0 -9999.0 -9999.0 -9999.0
 -9999.0 -9999.0 -9999.0 -9999.0 -9999.0 -9999.0 -9999.0 -9999.0 -9999.0 -9999.0 -9999.0 -9999.0 -9999.0 -9999.0 -9999.0 -9999.0 -9999.0 -9999.0 -9999.0 -9999.0 -9999.0    16.0    18.7    20.2    19.6    20.2    16.8    12.7     8.5     6.7     5.0     6.5     6.4     8.0    10.9    13.5    14.2    14.2    14.0    13.3    15.7    36.3    36.8    30.9    29.7    21.4    60.7    13.8    20.6    62.7    12.2    31.9    32.8    14.2    19.2    27.0    28.3    23.6    57.5    59.8    68.2    94.4   106.8    96.2    75.2    59.0    54.4    64.2    73.1    88.6   110.6   138.8   142.3   131.4   128.1   129.6   119.3    99.9   107.0   120.2   131.9   146.1   155.5   161.4   176.2   173.1   176.8   163.2   141.9   152.8   179.0   185.6   187.1   174.7   159.4   141.5   139.1   143.6   145.2   116.8 -9999.0 -9999.0 -9999.0 -9999.0 -9999.0 -9999.0 -9999.0 -9999.0 -9999.0 -9999.0 -9999.0 -9999.0 -9999.0 -9999.0 -9999.0 -9999.0 -9999.0 -9999.0 -9999.0 -9999.0 -9999.0 -9999.0 -9999.0 -9999.0 -9999.0 -9999.0 -9999.0 -9999.0
 -9999.0 -9999.0 -9999.0 -9999.0 -9999.0 -9999.0 -9999.0 -9999.0 -9999.0 -9999.0 -9999.0 -9999.0 -9999.0 -9999.0 -9999.0 -9999.0 -9999.0 -9999.0 -9999.0 -9999.0 -9999.0 -9999.0 -9999.0    33.6    29.8    29.3    26.1    20.4    14.3    11.5     9.5    10.2    14.8    15.9    20.3    21.8    24.8    19.0    27.2    33.5    34.0    41.8    30.2    24.6    31.6    71.0    33.9    23.8    24.0    21.6    12.6    29.6    15.5    21.4    14.8     5.5    23.3    39.5    24.2    59.5    71.9   100.9   114.6   107.1    91.8    71.1    64.9    76.8    96.8   107.0   142.9   162.0   170.0   166.6   171.1   172.5   167.2   171.5   186.2   193.8   199.0   207.9   209.7   210.1   212.8   208.3   212.9   201.6   181.9   196.1   224.6   229.6   223.5   203.4   180.8   162.8   159.1   159.1   119.0 -9999.0 -9999.0 -9999.0 -9999.0 -9999.0 -9999.0 -9999.0 -9999.0 -9999.0 -9999.0 -9999.0 -9999.0 -9999.0 -9999.0 -9999.0 -9999.0 -9999.0 -9999.0 -9999.0 -9999.0 -9999.0 -9999.0 -9999.0 -9999.0 -9999.0 -9999.0 -9999.0 -9999.0 -9999.0
 -9999.0 -9999.0 -9999.0 -9999.0 -9999.0 -9999.0 -9999.0 -9999.0 -9999.0 -9999.0 -9999.0 -9999.0 -9999.0 -9999.0 -9999.0 -9999.0 -9999.0 -9999.0 -9999.0 -9999.0 -9999.0 -9999.0 -9999.0 -9999.0 -9999.0    55.2    46.7    31.6    26.4    27.1    20.6    21.2    24.3    28.7    31.3    36.8    48.1    31.5    42.2    34.4    49.4    34.9    26.1    29.8    55.8    74.4    59.6    85.8    24.8    25.0    34.9    28.8    38.6    34.8    13.6    12.0    23.7    22.8    46.5    58.1    78.5   100.3   118.3    97.6    88.6    78.1    74.0   100.5   125.1   141.4   150.6   180.3   191.7   181.8   181.9   208.3   219.2   227.7   211.3   224.5   214.3   215.7   213.5   207.9   211.1   196.8   198.5   196.7   203.1   224.8   246.2   244.8   216.7   199.8   186.0   196.3   176.6   155.9 -9999.0 -9999.0 -9999.0 -9999.0 -9999.0 -9999.0 -9999.0 -9999.0 -9999.0 -9999.0 -9999.0 -9999.0 -9999.0 -9999.0 -9999.0 -9999.0 -9999.0 -9999.0 -9999.0 -9999.0 -9999.0 -9999.0 -9999.0 -9999.0 -9999.0 -9999.0 -9999.0 -9999.0 -9999.0 -9999.0
 -9999.0 -9999.0 -9999.0 -9999.0 -9999.0 -9999.0 -9999.0 -9999.0 -9999.0 -9999.0 -9999.0 -9999.0 -9999.0 -9999.0 -9999.0 -9999.0 -9999.0 -9999.0 -9999.0 -9999.0 -9999.0 -9999.0 -9999.0 -9999.0 -9999.0 -9999.0 -9999.0    70.3    68.1    50.7    45.0    43.8    46.5    46.4    52.4    38.3    45.1    40.2    27.6    37.4    48.8    29.2    35.4    55.4    64.6    75.6    84.6    88.4    89.4    50.3    71.5    66.4    32.7    27.5    23.2    26.8    17.4    19.7    42.7    47.9    55.5    86.6    71.6    66.3    61.5    69.1    81.3    83.9   102.5   123.9   144.4   171.1   178.7   170.6   175.1   192.1   186.5   200.3   212.7   185.5   171.4   175.0   185.3   192.6   190.9   185.1   192.7   207.0   219.9   237.1   229.9   195.0   191.7   174.8   200.7   208.7   189.6 -9999.0 -9999.0 -9999.0 -9999.0 -9999.0 -9999.0 -9999.0 -9999.0 -9999.0 -9999.0 -9999.0 -9999.0 -9999.0 -9999.0 -9999.0 -9999.0 -9999.0 -9999.0 -9999.0 -9999.0 -9999.0 -9999.0 -9999.0 -9999.0 -9999.0 -9999.0 -9999.0 -9999.0 -9999.0 -9999.0 -9999.0
 -9999.0 -9999.0 -9999.0 -9999.0 -9999.0 -9999.0 -9999.0 -9999.0 -9999.0 -9999.0 -9999.0 -9999.0 -9999.0 -9999.0 -9999.0 -9999.0 -9999.0 -9999.0 -9999.0 -9999.0 -9999.0 -9999.0 -9999.0 -9999.0 -9999.0 -9999.0 -9999.0 -9999.0 -9999.0 -9999.0 -9999.0 -9999.0 -9999.0    65.1    73.7 -9999.0 -9999.0 -9999.0    40.8    43.4    38.2    42.0    43.6    63.2    72.3    76.9 -9999.0 -9999.0 -9999.0 -9999.0 -9999.0 -9999.0    47.3    40.7    28.4    22.8    22.1    21.1    28.8    34.3    48.0    64.4    46.2    39.5    41.9    59.2    92.9   131.0   139.1   123.3   127.2   149.7   156.5   150.9   141.8   157.5   153.9   180.4   166.1   139.6   134.9   144.8   169.7   196.9   214.6   205.5   207.7   217.5   212.4   234.2   209.2   190.4   168.9   153.9   182.9   185.0   158.9 -9999.0 -9999.0 -9999.0 -9999.0 -9999.0 -9999.0 -9999.0 -9999.0 -9999.0 -9999.0 -9999.0 -9999.0 -9999.0 -9999.0 -9999.0 -9999.0 -9999.0 -9999.0 -9999.0 -9999.0 -9999.0 -9999.0 -9999.0 -9999.0 -9999.0 -9999.0 -9999.0 -9999.0 -9999.0 -9999.0 -9999.0
 -9999.0 -9999.0 -9999.0 -9999.0 -9999.0 -9999.0 -9999.0 -9999.0 -9999.0 -9999.0 -9999.0 -9999.0 -9999.0 -9999.0 -9999.0 -9999.0 -9999.0 -9999.0 -9999.0 -9999.0 -9999.0 -9999.0 -9999.0 -9999.0 -9999.0 -9999.0 -9999.0 -9999.0 -9999.0 -9999.0 -9999.0 -9999.0 -9999.0 -9999.0 -9999.0 -9999.0 -9999.0 -9999.0 -9999.0    58.7    59.8    62.2    65.5    69.1 -9999.0 -9999.0 -9999.0 -9999.0 -9999.0 -9999.0 -9999.0 -9999.0    51.0    48.5    32.8    27.4    26.1    23.9    23.3    26.1    31.0    41.8    41.1    29.4    36.8    58.4   100.7   138.9   145.8   158.6   146.9   144.7   143.3   142.1   137.8   141.1   151.6   169.4   146.7   145.5   141.2   154.9   180.4   208.5   218.9   199.8   189.6   193.4   217.7   212.6   200.4   180.6   153.5   149.6   164.7   139.1 -9999.0 -9999.0 -9999.0 -9999.0 -9999.0 -9999.0 -9999.0 -9999.0 -9999.0 -9999.0 -9999.0 -9999.0 -9999.0 -9999.0 -9999.0 -9999.0 -9999.0 -9999.0 -9999.0 -9999.0 -9999.0 -9999.0 -9999.0 -9999.0 -9999.0 -9999.0 -9999.0 -9999.0 -9999.0 -9999.0 -9999.0 -9999.0
 -9999.0 -9999.0 -9999.0 -9999.0 -9999.0 -9999.0 -9999.0 -9999.0 -9999.0 -9999.0 -9999.0 -9999.0 -9999.0 -9999.0 -9999.0 -9999.0 -9999.0 -9999.0 -9999.0 -9999.0 -9999.0 -9999.0 -9999.0 -9999.0 -9999.0 -9999.0 -9999.0 -9999.0 -9999.0 -9999.0 -9999.0 -9999.0 -9999.0 -9999.0 -9999.0 -9999.0 -9999.0 -9999.0 -9999.0 -9999.0 -9999.0 -9999.0 -9999.0 -9999.0 -9999.0 -9999.0 -9999.0 -9999.0 -9999.0 -9999.0 -9999.0 -9999.0    59.1    54.4    36.8    37.5    31.9    29.1    27.7    31.1    31.3    34.5    65.7    35.7    45.0    67.5   104.6   130.3   135.4   139.9   142.6   147.6   154.7   138.6   130.9   146.3   157.3   187.2   189.5   178.1   174.1   187.3   199.8   199.9   181.6   154.6   146.0   167.4   196.1   197.8   184.1   159.2   147.7   138.3   122.3 -9999.0 -9999.0 -9999.0 -9999.0 -9999.0 -9999.0 -9999.0 -9999.0 -9999.0 -9999.0 -9999.0 -9999.0 -9999.0 -9999.0 -9999.0 -9999.0 -9999.0 -9999.0 -9999.0 -9999.0 -9999.0 -9999.0 -9999.0 -9999.0 -9999.0 -9999.0 -9999.0 -9999.0 -9999.0 -9999.0 -9999.0 -9999.0 -9999.0
 -9999.0 -9999.0 -9999.0 -9999.0 -9999.0 -9999.0 -9999.0 -9999.0 -9999.0 -9999.0 -9999.0 -9999.0 -9999.0 -9999.0 -9999.0 -9999.0 -9999.0 -9999.0 -9999.0 -9999.0 -9999.0 -9999.0 -9999.0 -9999.0 -9999.0 -9999.0 -9999.0 -9999.0 -9999.0 -9999.0 -9999.0 -9999.0 -9999.0 -9999.0 -9999.0 -9999.0 -9999.0 -9999.0 -9999.0 -9999.0 -9999.0 -9999.0 -9999.0 -9999.0 -9999.0 -9999.0 -9999.0 -9999.0 -9999.0 -9999.0 -9999.0    47.9    52.7    55.0    43.0    40.3    39.6    39.7    37.3    33.8    46.7    48.5    44.4    50.4    58.8    76.7    93.4    75.4   113.0   116.0   130.4   140.4   134.9   133.0   137.2   168.8   172.3   236.9   185.5   190.1   212.8   209.2   196.2   184.7   150.0   119.4   131.8   151.0   181.5   198.8   157.8   163.1   146.5   119.8    96.6 -9999.0 -9999.0 -9999.0 -9999.0 -9999.0 -9999.0 -9999.0 -9999.0 -9999.0 -9999.0 -9999.0 -9999.0 -9999.0 -9999.0 -9999.0 -9999.0 -9999.0 -9999.0 -9999.0 -9999.0 -9999.0 -9999.0 -9999.0 -9999.0 -9999.0 -9999.0 -9999.0 -9999.0 -9999.0 -9999.0 -9999.0 -9999.0 -9999.0
 -9999.0 -9999.0 -9999.0 -9999.0 -9999.0 -9999.0 -9999.0 -9999.0 -9999.0 -9999.0 -9999.0 -9999.0 -9999.0 -9999.0 -9999.0 -9999.0 -9999.0 -9999.0 -9999.0 -9999.0 -9999.0 -9999.0 -9999.0 -9999.0 -9999.0 -9999.0 -9999.0 -9999.0 -9999.0 -9999.0 -9999.0 -9999.0 -9999.0 -9999.0 -9999.0 -9999.0 -9999.0 -9999.0 -9999.0 -9999.0 -9999.0 -9999.0 -9999.0 -9999.0 -9999.0 -9999.0 -9999.0 -9999.0 -9999.0 -9999.0    39.5    51.2    55.1    56.9    46.0    48.9    47.2    45.6    49.1    53.4    55.9    56.0    57.7    64.8    67.2    70.0    84.0    76.8   107.0   107.4   131.1   137.2   145.8   146.6   153.3   167.8   289.5   179.5   242.9   216.2   216.4   225.2   201.0   178.9   170.2   137.8   148.7   173.2   208.0   203.5   177.4   143.0   158.5   125.6    86.0 -9999.0 -9999.0 -9999.0 -9999.0 -9999.0 -9999.0 -9999.0 -9999.0 -9999.0 -9999.0 -9999.0 -9999.0 -9999.0 -9999.0 -9999.0 -9999.0 -9999.0 -9999.0 -9999.0 -9999.0 -9999.0 -9999.0 -9999.0 -9999.0 -9999.0 -9999.0 -9999.0 -9999.0 -9999.0 -9999.0 -9999.0 -9999.0 -9999.0
 -9999.0 -9999.0 -9999.0 -9999.0 -9999.0 -9999.0 -9999.0 -9999.0 -9999.0 -9999.0 -9999.0 -9999.0 -9999.0 -9999.0 -9999.0 -9999.0 -9999.0 -9999.0 -9999.0 -9999.0 -9999.0 -9999.0 -9999.0 -9999.0 -9999.0 -9999.0 -9999.0 -9999.0 -9999.0 -9999.0 -9999.0 -9999.0 -9999.0 -9999.0 -9999.0 -9999.0 -9999.0 -9999.0 -9999.0 -9999.0 -9999.0 -9999.0 -9999.0 -9999.0 -9999.0 -9999.0 -9999.0 -9999.0 -9999.0 -9999.0    39.4    69.4    36.5    53.7    57.1    52.7    40.2    60.5    64.1    67.9    68.3    63.1    60.1    65.8    69.0    52.2    62.7    61.4    91.0   108.0   139.6   163.1   176.6   187.4   223.0   283.8   241.8   304.6   273.3   209.5   251.6   230.6   238.3   229.5   230.2   222.4   211.6   209.5   220.7   216.6   170.9   169.4   150.6   114.2 -9999.0 -9999.0 -9999.0 -9999.0 -9999.0 -9999.0 -9999.0 -9999.0 -9999.0 -9999.0 -9999.0 -9999.0 -9999.0 -9999.0 -9999.0 -9999.0 -9999.0 -9999.0 -9999.0 -9999.0 -9999.0 -9999.0 -9999.0 -9999.0 -9999.0 -9999.0 -9999.0 -9999.0 -9999.0 -9999.0 -9999.0 -9999.0 -9999.0 -9999.0
 -9999.0 -9999.0 -9999.0 -9999.0 -9999.0 -9999.0 -9999.0 -9999.0 -9999.0 -9999.0 -9999.0 -9999.0 -9999.0 -9999.0 -9999.0 -9999.0 -9999.0 -9999.0 -9999.0 -9999.0 -9999.0 -9999.0 -9999.0 -9999.0 -9999.0 -9999.0 -9999.0 -9999.0 -9999.0 -9999.0 -9999.0 -9999.0 -9999.0 -9999.0 -9999.0 -9999.0 -9999.0 -9999.0 -9999.0 -9999.0 -9999.0 -9999.0 -9999.0 -9999.0 -9999.0 -9999.0 -9999.0 -9999.0 -9999.0 -9999.0    41.6    51.2    37.2    79.0    46.8    46.8    70.9    62.5    75.0    80.1    84.4    76.4    73.8    71.8    79.2    75.5    69.8    74.3    88.6   131.9   148.6   179.6   214.2   200.9   249.6   272.6   192.8   296.0   257.9   281.4   219.7   274.8   290.0   285.9   283.2   292.4   264.9   223.1   196.0   170.9   134.5   118.4 -9999.0 -9999.0 -9999.0 -9999.0 -9999.0 -9999.0 -9999.0 -9999.0 -9999.0 -9999.0 -9999.0 -9999.0 -9999.0 -9999.0 -9999.0 -9999.0 -9999.0 -9999.0 -9999.0 -9999.0 -9999.0 -9999.0 -9999.0 -9999.0 -9999.0 -9999.0 -9999.0 -9999.0 -9999.0 -9999.0 -9999.0 -9999.0 -9999.0 -9999.0 -9999.0 -9999.0
 -9999.0 -9999.0 -9999.0 -9999.0 -9999.0 -9999.0 -9999.0 -9999.0 -9999.0 -9999.0 -9999.0 -9999.0 -9999.0 -9999.0 -9999.0 -9999.0 -9999.0 -9999.0 -9999.0 -9999.0 -9999.0 -9999.0 -9999.0 -9999.0 -9999.0 -9999.0 -9999.0 -9999.0 -9999.0 -9999.0 -9999.0 -9999.0 -9999.0 -9999.0 -9999.0 -9999.0 -9999.0 -9999.0 -9999.0 -9999.0 -9999.0 -9999.0 -9999.0 -9999.0 -9999.0 -9999.0 -9999.0 -9999.0 -9999.0 -9999.0    82.4    93.3    68.0    69.5    62.7    72.7    36.1    59.4    74.3    87.8   104.8   102.8   102.7   101.5   111.8   118.0   130.1   127.3   144.5   100.9   146.1   189.5   220.1   208.2   232.7   229.1   204.4   271.0   224.9   278.2   266.5   258.7   279.4   275.0   274.3   276.9   246.9   193.3   154.3   117.2    80.4 -9999.0 -9999.0 -9999.0 -9999.0 -9999.0 -9999.0 -9999.0 -9999.0 -9999.0 -9999.0 -9999.0 -9999.0 -9999.0 -9999.0 -9999.0 -9999.0 -9999.0 -9999.0 -9999.0 -9999.0 -9999.0 -9999.0 -9999.0 -9999.0 -9999.0 -9999.0 -9999.0 -9999.0 -9999.0 -9999.0 -9999.0 -9999.0 -9999.0 -9999.0 -9999.0 -9999.0 -9999.0
 -9999.0 -9999.0 -9999.0 -9999.0 -9999.0 -9999.0 -9999.0 -9999.0 -9999.0 -9999.0 -9999.0 -9999.0 -9999.0 -9999.0 -9999.0 -9999.0 -9999.0 -9999.0 -9999.0 -9999.0 -9999.0 -9999.0 -9999.0 -9999.0 -9999.0 -9999.0 -9999.0 -9999.0 -9999.0 -9999.0 -9999.0 -9999.0 -9999.0 -9999.0 -9999.0 -9999.0 -9999.0 -9999.0 -9999.0 -9999.0 -9999.0 -9999.0 -9999.0 -9999.0 -9999.0 -9999.0 -9999.0 -9999.0 -9999.0 -9999.0 -9999.0 -9999.0 -9999.0    57.3    45.9    41.9    45.7    58.4    58.8    98.6   131.8   156.9   151.3   155.7   161.5   166.0   185.3   150.4   158.9   140.6   136.3   173.9   213.5   220.2   224.9   259.9   262.6   285.7   295.5   303.6   283.1   269.3   241.5   216.6   211.3   209.3   182.3   147.9    95.4    62.6 -9999.0 -9999.0 -9999.0 -9999.0 -9999.0 -9999.0 -9999.0 -9999.0 -9999.0 -9999.0 -9999.0 -9999.0 -9999.0 -9999.0 -9999.0 -9999.0 -9999.0 -9999.0 -9999.0 -9999.0 -9999.0 -9999.0 -9999.0 -9999.0 -9999.0 -9999.0 -9999.0 -9999.0 -9999.0 -9999.0 -9999.0 -9999.0 -9999.0 -9999.0 -9999.0 -9999.0 -9999.0 -9999.0
 -9999.0 -9999.0 -9999.0 -9999.0 -9999.0 -9999.0 -9999.0 -9999.0 -9999.0 -9999.0 -9999.0 -9999.0 -9999.0 -9999.0 -9999.0 -9999.0 -9999.0 -9999.0 -9999.0 -9999.0 -9999.0 -9999.0 -9999.0 -9999.0 -9999.0 -9999.0 -9999.0 -9999.0 -9999.0 -9999.0 -9999.0 -9999.0 -9999.0 -9999.0 -9999.0 -9999.0 -9999.0 -9999.0 -9999.0 -9999.0 -9999.0 -9999.0 -9999.0 -9999.0 -9999.0 -9999.0 -9999.0 -9999.0 -9999.0 -9999.0 -9999.0 -9999.0 -9999.0    58.9    36.7    88.5    39.1    39.0    73.2   132.5   170.9   204.4   214.6   214.5   210.9   207.1   158.3   215.0   149.5   134.5   132.2   174.7   217.0   233.5   250.7   275.2   326.8   297.4   329.6   359.9   343.1   285.0   223.3 -9999.0   151.3   132.9 -9999.0 -9999.0 -9999.0 -9999.0 -9999.0 -9999.0 -9999.0 -9999.0 -9999.0 -9999.0 -9999.0 -9999.0 -9999.0 -9999.0 -9999.0 -9999.0 -9999.0 -9999.0 -9999.0 -9999.0 -9999.0 -9999.0 -9999.0 -9999.0 -9999.0 -9999.0 -9999.0 -9999.0 -9999.0 -9999.0 -9999.0 -9999.0 -9999.0 -9999.0 -9999.0 -9999.0 -9999.0 -9999.0 -9999.0 -9999.0 -9999.0 -9999.0
 -9999.0 -9999.0 -9999.0 -9999.0 -9999.0 -9999.0 -9999.0 -9999.0 -9999.0 -9999.0 -9999.0 -9999.0 -9999.0 -9999.0 -9999.0 -9999.0 -9999.0 -9999.0 -9999.0 -9999.0 -9999.0 -9999.0 -9999.0 -9999.0 -9999.0 -9999.0 -9999.0 -9999.0 -9999.0 -9999.0 -9999.0 -9999.0 -9999.0 -9999.0 -9999.0 -9999.0 -9999.0 -9999.0 -9999.0 -9999.0 -9999.0 -9999.0 -9999.0 -9999.0 -9999.0 -9999.0 -9999.0 -9999.0 -9999.0 -9999.0 -9999.0 -9999.0 -9999.0    63.5    23.7    57.8    52.1    53.0    90.2   142.6   207.6   246.7   275.4   290.4   219.6 -9999.0 -9999.0 -9999.0   192.5   155.0   167.0   206.9   246.4   264.1   276.9   314.9   386.5   375.5   314.6   429.8   402.6   313.1   229.1 -9999.0 -9999.0 -9999.0 -9999.0 -9999.0 -9999.0 -9999.0 -9999.0 -9999.0 -9999.0 -9999.0 -9999.0 -9999.0 -9999.0 -9999.0 -9999.0 -9999.0 -9999.0 -9999.0 -9999.0 -9999.0 -9999.0 -9999.0 -9999.0 -9999.0 -9999.0 -9999.0 -9999.0 -9999.0 -9999.0 -9999.0 -9999.0 -9999.0 -9999.0 -9999.0 -9999.0 -9999.0 -9999.0 -9999.0 -9999.0 -9999.0 -9999.0 -9999.0 -9999.0 -9999.0
 -9999.0 -9999.0 -9999.0 -9999.0 -9999.0 -9999.0 -9999.0 -9999.0 -9999.0 -9999.0 -9999.0 -9999.0 -9999.0 -9999.0 -9999.0 -9999.0 -9999.0 -9999.0 -9999.0 -9999.0 -9999.0 -9999.0 -9999.0 -9999.0 -9999.0 -9999.0 -9999.0 -9999.0 -9999.0 -9999.0 -9999.0 -9999.0 -9999.0 -9999.0 -9999.0 -9999.0 -9999.0 -9999.0 -9999.0 -9999.0 -9999.0 -9999.0 -9999.0 -9999.0 -9999.0 -9999.0 -9999.0 -9999.0 -9999.0 -9999.0 -9999.0 -9999.0 -9999.0 -9999.0    60.1    57.6    41.1    52.3   115.4   184.3   194.7 -9999.0 -9999.0 -9999.0 -9999.0 -9999.0 -9999.0 -9999.0   184.3   194.0   217.6   226.0   238.4   226.3   227.2   292.8   379.8   422.5   455.0 -9999.0   425.8 -9999.0 -9999.0 -9999.0 -9999.0 -9999.0 -9999.0 -9999.0 -9999.0 -9999.0 -9999.0 -9999.0 -9999.0 -9999.0 -9999.0 -9999.0 -9999.0 -9999.0 -9999.0 -9999.0 -9999.0 -9999.0 -9999.0 -9999.0 -9999.0 -9999.0 -9999.0 -9999.0 -9999.0 -9999.0 -9999.0 -9999.0 -9999.0 -9999.0 -9999.0 -9999.0 -9999.0 -9999.0 -9999.0 -9999.0 -9999.0 -9999.0 -9999.0 -9999.0 -9999.0 -9999.0 -9999.0 -9999.0
 -9999.0 -9999.0 -9999.0 -9999.0 -9999.0 -9999.0 -9999.0 -9999.0 -9999.0 -9999.0 -9999.0 -9999.0 -9999.0 -9999.0 -9999.0 -9999.0 -9999.0 -9999.0 -9999.0 -9999.0 -9999.0 -9999.0 -9999.0 -9999.0 -9999.0 -9999.0 -9999.0 -9999.0 -9999.0 -9999.0 -9999.0 -9999.0 -9999.0 -9999.0 -9999.0 -9999.0 -9999.0 -9999.0 -9999.0 -9999.0 -9999.0 -9999.0 -9999.0 -9999.0 -9999.0 -9999.0 -9999.0 -9999.0 -9999.0 -9999.0 -9999.0 -9999.0 -9999.0 -9999.0 -9999.0    58.4   117.1    89.7   107.9   174.9   210.4 -9999.0 -9999.0 -9999.0 -9999.0 -9999.0 -9999.0 -9999.0 -9999.0 -9999.0   195.3 -9999.0 -9999.0 -9999.0 -9999.0 -9999.0   280.9 -9999.0 -9999.0 -9999.0 -9999.0 -9999.0 -9999.0 -9999.0 -9999.0 -9999.0 -9999.0 -9999.0 -9999.0 -9999.0 -9999.0 -9999.0 -9999.0 -9999.0 -9999.0 -9999.0 -9999.0 -9999.0 -9999.0 -9999.0 -9999.0 -9999.0 -9999.0 -9999.0 -9999.0 -9999.0 -9999.0 -9999.0 -9999.0 -9999.0 -9999.0 -9999.0 -9999.0 -9999.0 -9999.0 -9999.0 -9999.0 -9999.0 -9999.0 -9999.0 -9999.0 -9999.0 -9999.0 -9999.0 -9999.0 -9999.0 -9999.0 -9999.0
 -9999.0 -9999.0 -9999.0 -9999.0 -9999.0 -9999.0 -9999.0 -9999.0 -9999.0 -9999.0 -9999.0 -9999.0 -9999.0 -9999.0 -9999.0 -9999.0 -9999.0 -9999.0 -9999.0 -9999.0 -9999.0 -9999.0 -9999.0 -9999.0 -9999.0 -9999.0 -9999.0 -9999.0 -9999.0 -9999.0 -9999.0 -9999.0 -9999.0 -9999.0 -9999.0 -9999.0 -9999.0 -9999.0 -9999.0 -9999.0 -9999.0 -9999.0 -9999.0 -9999.0 -9999.0 -9999.0 -9999.0 -9999.0 -9999.0 -9999.0 -9999.0 -9999.0 -9999.0 -9999.0 -9999.0 -9999.0 -9999.0 -9999.0   133.9   148.4 -9999.0 -9999.0 -9999.0 -9999.0 -9999.0 -9999.0 -9999.0 -9999.0 -9999.0 -9999.0 -9999.0 -9999.0 -9999.0 -9999.0 -9999.0   123.4   200.8 -9999.0 -9999.0 -9999.0 -9999.0 -9999.0 -9999.0 -9999.0 -9999.0 -9999.0 -9999.0 -9999.0 -9999.0 -9999.0 -9999.0 -9999.0 -9999.0 -9999.0 -9999.0 -9999.0 -9999.0 -9999.0 -9999.0 -9999.0 -9999.0 -9999.0 -9999.0 -9999.0 -9999.0 -9999.0 -9999.0 -9999.0 -9999.0 -9999.0 -9999.0 -9999.0 -9999.0 -9999.0 -9999.0 -9999.0 -9999.0 -9999.0 -9999.0 -9999.0 -9999.0 -9999.0 -9999.0 -9999.0 -9999.0 -9999.0 -9999.0 -9999.0
 -9999.0 -9999.0 -9999.0 -9999.0 -9999.0 -9999.0 -9999.0 -9999.0 -9999.0 -9999.0 -9999.0 -9999.0 -9999.0 -9999.0 -9999.0 -9999.0 -9999.0 -9999.0 -9999.0 -9999.0 -9999.0 -9999.0 -9999.0 -9999.0 -9999.0 -9999.0 -9999.0 -9999.0 -9999.0 -9999.0 -9999.0 -9999.0 -9999.0 -9999.0 -9999.0 -9999.0 -9999.0 -9999.0 -9999.0 -9999.0 -9999.0 -9999.0 -9999.0 -9999.0 -9999.0 -9999.0 -9999.0 -9999.0 -9999.0 -9999.0 -9999.0 -9999.0 -9999.0 -9999.0 -9999.0 -9999.0 -9999.0 -9999.0 -9999.0 -9999.0 -9999.0 -9999.0 -9999.0 -9999.0 -9999.0 -9999.0 -9999.0 -9999.0 -9999.0 -9999.0 -9999.0 -9999.0 -9999.0 -9999.0 -9999.0 -9999.0 -9999.0 -9999.0 -9999.0 -9999.0 -9999.0 -9999.0 -9999.0 -9999.0 -9999.0 -9999.0 -9999.0 -9999.0 -9999.0 -9999.0 -9999.0 -9999.0 -9999.0 -9999.0 -9999.0 -9999.0 -9999.0 -9999.0 -9999.0 -9999.0 -9999.0 -9999.0 -9999.0 -9999.0 -9999.0 -9999.0 -9999.0 -9999.0 -9999.0 -9999.0 -9999.0 -9999.0 -9999.0 -9999.0 -9999.0 -9999.0 -9999.0 -9999.0 -9999.0 -9999.0 -9999.0 -9999.0 -9999.0 -9999.0 -9999.0 -9999.0 -9999.0 -9999.0
 -9999.0 -9999.0 -9999.0 -9999.0 -9999.0 -9999.0 -9999.0 -9999.0 -9999.0 -9999.0 -9999.0 -9999.0 -9999.0 -9999.0 -9999.0 -9999.0 -9999.0 -9999.0 -9999.0 -9999.0 -9999.0 -9999.0 -9999.0 -9999.0 -9999.0 -9999.0 -9999.0 -9999.0 -9999.0 -9999.0 -9999.0 -9999.0 -9999.0 -9999.0 -9999.0 -9999.0 -9999.0 -9999.0 -9999.0 -9999.0 -9999.0 -9999.0 -9999.0 -9999.0 -9999.0 -9999.0 -9999.0 -9999.0 -9999.0 -9999.0 -9999.0 -9999.0 -9999.0 -9999.0 -9999.0 -9999.0 -9999.0 -9999.0 -9999.0 -9999.0 -9999.0 -9999.0 -9999.0 -9999.0 -9999.0 -9999.0 -9999.0 -9999.0 -9999.0 -9999.0 -9999.0 -9999.0 -9999.0 -9999.0 -9999.0   242.5   273.0   318.9 -9999.0 -9999.0 -9999.0 -9999.0 -9999.0 -9999.0 -9999.0 -9999.0 -9999.0 -9999.0 -9999.0 -9999.0 -9999.0 -9999.0 -9999.0 -9999.0 -9999.0 -9999.0 -9999.0 -9999.0 -9999.0 -9999.0 -9999.0 -9999.0 -9999.0 -9999.0 -9999.0 -9999.0 -9999.0 -9999.0 -9999.0 -9999.0 -9999.0 -9999.0 -9999.0 -9999.0 -9999.0 -9999.0 -9999.0 -9999.0 -9999.0 -9999.0 -9999.0 -9999.0 -9999.0 -9999.0 -9999.0 -9999.0 -9999.0 -9999.0
 -9999.0 -9999.0 -9999.0 -9999.0 -9999.0 -9999.0 -9999.0 -9999.0 -9999.0 -9999.0 -9999.0 -9999.0 -9999.0 -9999.0 -9999.0 -9999.0 -9999.0 -9999.0 -9999.0 -9999.0 -9999.0 -9999.0 -9999.0 -9999.0 -9999.0 -9999.0 -9999.0 -9999.0 -9999.0 -9999.0 -9999.0 -9999.0 -9999.0 -9999.0 -9999.0 -9999.0 -9999.0 -9999.0 -9999.0 -9999.0 -9999.0 -9999.0 -9999.0 -9999.0 -9999.0 -9999.0 -9999.0 -9999.0 -9999.0 -9999.0 -9999.0 -9999.0 -9999.0 -9999.0 -9999.0 -9999.0 -9999.0 -9999.0 -9999.0 -9999.0 -9999.0 -9999.0 -9999.0 -9999.0 -9999.0 -9999.0 -9999.0 -9999.0 -9999.0 -9999.0 -9999.0 -9999.0 -9999.0    98.7   266.0   335.9   416.8 -9999.0 -9999.0 -9999.0 -9999.0 -9999.0 -9999.0 -9999.0 -9999.0 -9999.0 -9999.0 -9999.0 -9999.0 -9999.0 -9999.0 -9999.0 -9999.0 -9999.0 -9999.0 -9999.0 -9999.0 -9999.0 -9999.0 -9999.0 -9999.0 -9999.0 -9999.0 -9999.0 -9999.0 -9999.0 -9999.0 -9999.0 -9999.0 -9999.0 -9999.0 -9999.0 -9999.0 -9999.0 -9999.0 -9999.0 -9999.0 -9999.0 -9999.0 -9999.0 -9999.0 -9999.0 -9999.0 -9999.0 -9999.0 -9999.0 -9999.0 -9999.0
 -9999.0 -9999.0 -9999.0 -9999.0 -9999.0 -9999.0 -9999.0 -9999.0 -9999.0 -9999.0 -9999.0 -9999.0 -9999.0 -9999.0 -9999.0 -9999.0 -9999.0 -9999.0 -9999.0 -9999.0 -9999.0 -9999.0 -9999.0 -9999.0 -9999.0 -9999.0 -9999.0 -9999.0 -9999.0 -9999.0 -9999.0 -9999.0 -9999.0 -9999.0 -9999.0 -9999.0 -9999.0 -9999.0 -9999.0 -9999.0 -9999.0 -9999.0 -9999.0 -9999.0 -9999.0 -9999.0 -9999.0 -9999.0 -9999.0 -9999.0 -9999.0 -9999.0 -9999.0 -9999.0 -9999.0 -9999.0 -9999.0 -9999.0 -9999.0 -9999.0 -9999.0 -9999.0 -9999.0 -9999.0 -9999.0 -9999.0 -9999.0 -9999.0 -9999.0 -9999.0 -9999.0 -9999.0 -9999.0 -9999.0   173.7   361.7   368.2 -9999.0 -9999.0 -9999.0 -9999.0 -9999.0 -9999.0 -9999.0 -9999.0 -9999.0 -9999.0 -9999.0 -9999.0 -9999.0 -9999.0 -9999.0 -9999.0 -9999.0 -9999.0 -9999.0 -9999.0 -9999.0 -9999.0 -9999.0 -9999.0 -9999.0 -9999.0 -9999.0 -9999.0 -9999.0 -9999.0 -9999.0 -9999.0 -9999.0 -9999.0 -9999.0 -9999.0 -9999.0 -9999.0 -9999.0 -9999.0 -9999.0 -9999.0 -9999.0 -9999.0 -9999.0 -9999.0 -9999.0 -9999.0 -9999.0 -9999.0 -9999.0
 -9999.0 -9999.0 -9999.0 -9999.0 -9999.0 -9999.0 -9999.0 -9999.0 -9999.0 -9999.0 -9999.0 -9999.0 -9999.0 -9999.0 -9999.0 -9999.0 -9999.0 -9999.0 -9999.0 -9999.0 -9999.0 -9999.0 -9999.0 -9999.0 -9999.0 -9999.0 -9999.0 -9999.0 -9999.0 -9999.0 -9999.0 -9999.0 -9999.0 -9999.0 -9999.0 -9999.0 -9999.0 -9999.0 -9999.0 -9999.0 -9999.0 -9999.0 -9999.0 -9999.0 -9999.0 -9999.0 -9999.0 -9999.0 -9999.0 -9999.0 -9999.0 -9999.0 -9999.0 -9999.0 -9999.0 -9999.0 -9999.0 -9999.0 -9999.0 -9999.0 -9999.0 -9999.0 -9999.0 -9999.0 -9999.0 -9999.0 -9999.0 -9999.0 -9999.0 -9999.0 -9999.0 -9999.0 -9999.0 -9999.0 -9999.0 -9999.0 -9999.0 -9999.0 -9999.0 -9999.0 -9999.0 -9999.0 -9999.0 -9999.0 -9999.0 -9999.0 -9999.0 -9999.0 -9999.0 -9999.0 -9999.0 -9999.0 -9999.0 -9999.0 -9999.0 -9999.0 -9999.0 -9999.0 -9999.0 -9999.0 -9999.0 -9999.0 -9999.0 -9999.0 -9999.0 -9999.0 -9999.0 -9999.0 -9999.0 -9999.0 -9999.0 -9999.0 -9999.0 -9999.0 -9999.0 -9999.0 -9999.0 -9999.0 -9999.0 -9999.0 -9999.0 -9999.0 -9999.0 -9999.0 -9999.0 -9999.0 -9999.0 -9999.0
