NCOLS      128
NROWS       72
XLLCORNER    72.000000000000    
YLLCORNER    18.000000000000    
CELLSIZE    0.50000000000000    
NODATA_VALUE   -9999.000    
 -9999.0 -9999.0 -9999.0 -9999.0 -9999.0 -9999.0 -9999.0 -9999.0 -9999.0 -9999.0 -9999.0 -9999.0 -9999.0 -9999.0 -9999.0 -9999.0 -9999.0 -9999.0 -9999.0 -9999.0 -9999.0 -9999.0 -9999.0 -9999.0 -9999.0 -9999.0 -9999.0 -9999.0 -9999.0 -9999.0 -9999.0 -9999.0 -9999.0 -9999.0 -9999.0 -9999.0 -9999.0 -9999.0 -9999.0 -9999.0 -9999.0 -9999.0 -9999.0 -9999.0 -9999.0 -9999.0 -9999.0 -9999.0 -9999.0 -9999.0 -9999.0 -9999.0 -9999.0 -9999.0 -9999.0 -9999.0 -9999.0 -9999.0 -9999.0 -9999.0 -9999.0 -9999.0 -9999.0 -9999.0 -9999.0 -9999.0 -9999.0 -9999.0 -9999.0 -9999.0 -9999.0 -9999.0 -9999.0 -9999.0 -9999.0 -9999.0 -9999.0 -9999.0 -9999.0 -9999.0 -9999.0 -9999.0 -9999.0 -9999.0 -9999.0 -9999.0 -9999.0 -9999.0 -9999.0 -9999.0 -9999.0 -9999.0 -9999.0 -9999.0 -9999.0 -9999.0 -9999.0   118.2   118.3   114.2   124.9   115.1   116.1   115.9   131.9 -9999.0 -9999.0 -9999.0 -9999.0 -9999.0 -9999.0 -9999.0 -9999.0 -9999.0 -9999.0 -9999.0 -9999.0 -9999.0 -9999.0 -9999.0 -9999.0 -9999.0 -9999.0 -9999.0 -9999.0 -9999.0 -9999.0 -9999.0
 -9999.0 -9999.0 -9999.0 -9999.0 -9999.0 -9999.0 -9999.0 -9999.0 -9999.0 -9999.0 -9999.0 -9999.0 -9999.0 -9999.0 -9999.0 -9999.0 -9999.0 -9999.0 -9999.0 -9999.0 -9999.0 -9999.0 -9999.0 -9999.0 -9999.0 -9999.0 -9999.0 -9999.0 -9999.0 -9999.0 -9999.0 -9999.0 -9999.0 -9999.0 -9999.0 -9999.0 -9999.0 -9999.0 -9999.0 -9999.0 -9999.0 -9999.0 -9999.0 -9999.0 -9999.0 -9999.0 -9999.0 -9999.0 -9999.0 -9999.0 -9999.0 -9999.0 -9999.0 -9999.0 -9999.0 -9999.0 -9999.0 -9999.0 -9999.0 -9999.0 -9999.0 -9999.0 -9999.0 -9999.0 -9999.0 -9999.0 -9999.0 -9999.0 -9999.0 -9999.0 -9999.0 -9999.0 -9999.0 -9999.0 -9999.0 -9999.0 -9999.0 -9999.0 -9999.0 -9999.0 -9999.0 -9999.0 -9999.0 -9999.0 -9999.0 -9999.0 -9999.0 -9999.0 -9999.0 -9999.0 -9999.0 -9999.0 -9999.0 -9999.0 -9999.0 -9999.0   100.6   109.3   137.6   131.5   152.6   149.7   135.9   125.8   125.3   106.6   100.0   103.8   101.3 -9999.0 -9999.0 -9999.0 -9999.0 -9999.0 -9999.0 -9999.0 -9999.0 -9999.0 -9999.0 -9999.0 -9999.0 -9999.0 -9999.0 -9999.0 -9999.0 -9999.0 -9999.0 -9999.0
 -9999.0 -9999.0 -9999.0 -9999.0 -9999.0 -9999.0 -9999.0 -9999.0 -9999.0 -9999.0 -9999.0 -9999.0 -9999.0 -9999.0 -9999.0 -9999.0 -9999.0 -9999.0 -9999.0 -9999.0 -9999.0 -9999.0 -9999.0 -9999.0 -9999.0 -9999.0 -9999.0 -9999.0 -9999.0 -9999.0 -9999.0 -9999.0 -9999.0 -9999.0 -9999.0 -9999.0 -9999.0 -9999.0 -9999.0 -9999.0 -9999.0 -9999.0 -9999.0 -9999.0 -9999.0 -9999.0 -9999.0 -9999.0 -9999.0 -9999.0 -9999.0 -9999.0 -9999.0 -9999.0 -9999.0 -9999.0 -9999.0 -9999.0 -9999.0 -9999.0 -9999.0 -9999.0 -9999.0 -9999.0 -9999.0 -9999.0 -9999.0 -9999.0 -9999.0 -9999.0 -9999.0 -9999.0 -9999.0 -9999.0 -9999.0 -9999.0 -9999.0 -9999.0 -9999.0 -9999.0 -9999.0 -9999.0 -9999.0 -9999.0 -9999.0 -9999.0 -9999.0 -9999.0 -9999.0 -9999.0 -9999.0 -9999.0 -9999.0 -9999.0 -9999.0   103.5   106.8   118.4   144.0   137.6   150.5   161.1   160.5   157.3   145.4   165.7   123.3   123.2   111.5 -9999.0 -9999.0 -9999.0 -9999.0 -9999.0 -9999.0 -9999.0 -9999.0 -9999.0 -9999.0 -9999.0 -9999.0 -9999.0 -9999.0 -9999.0 -9999.0 -9999.0 -9999.0 -9999.0
 -9999.0 -9999.0 -9999.0 -9999.0 -9999.0 -9999.0 -9999.0 -9999.0 -9999.0 -9999.0 -9999.0 -9999.0 -9999.0 -9999.0 -9999.0 -9999.0 -9999.0 -9999.0 -9999.0 -9999.0 -9999.0 -9999.0 -9999.0 -9999.0 -9999.0 -9999.0 -9999.0 -9999.0 -9999.0 -9999.0 -9999.0 -9999.0 -9999.0 -9999.0 -9999.0 -9999.0 -9999.0 -9999.0 -9999.0 -9999.0 -9999.0 -9999.0 -9999.0 -9999.0 -9999.0 -9999.0 -9999.0 -9999.0 -9999.0 -9999.0 -9999.0 -9999.0 -9999.0 -9999.0 -9999.0 -9999.0 -9999.0 -9999.0 -9999.0 -9999.0 -9999.0 -9999.0 -9999.0 -9999.0 -9999.0 -9999.0 -9999.0 -9999.0 -9999.0 -9999.0 -9999.0 -9999.0 -9999.0 -9999.0 -9999.0 -9999.0 -9999.0 -9999.0 -9999.0 -9999.0 -9999.0 -9999.0 -9999.0 -9999.0 -9999.0 -9999.0 -9999.0 -9999.0 -9999.0 -9999.0 -9999.0 -9999.0 -9999.0 -9999.0 -9999.0    89.7   116.4    96.7   126.4   155.8   186.0   208.3   180.0   177.8   175.1   164.6   139.6   138.8   122.8   114.9 -9999.0 -9999.0 -9999.0 -9999.0 -9999.0 -9999.0 -9999.0 -9999.0 -9999.0 -9999.0 -9999.0 -9999.0 -9999.0 -9999.0 -9999.0 -9999.0 -9999.0 -9999.0
 -9999.0 -9999.0 -9999.0 -9999.0 -9999.0 -9999.0 -9999.0 -9999.0 -9999.0 -9999.0 -9999.0 -9999.0 -9999.0 -9999.0 -9999.0 -9999.0 -9999.0 -9999.0 -9999.0 -9999.0 -9999.0 -9999.0 -9999.0 -9999.0 -9999.0 -9999.0 -9999.0 -9999.0 -9999.0 -9999.0 -9999.0 -9999.0 -9999.0 -9999.0 -9999.0 -9999.0 -9999.0 -9999.0 -9999.0 -9999.0 -9999.0 -9999.0 -9999.0 -9999.0 -9999.0 -9999.0 -9999.0 -9999.0 -9999.0 -9999.0 -9999.0 -9999.0 -9999.0 -9999.0 -9999.0 -9999.0 -9999.0 -9999.0 -9999.0 -9999.0 -9999.0 -9999.0 -9999.0 -9999.0 -9999.0 -9999.0 -9999.0 -9999.0 -9999.0 -9999.0 -9999.0 -9999.0 -9999.0 -9999.0 -9999.0 -9999.0 -9999.0 -9999.0 -9999.0 -9999.0 -9999.0 -9999.0 -9999.0 -9999.0 -9999.0 -9999.0 -9999.0 -9999.0 -9999.0 -9999.0 -9999.0 -9999.0 -9999.0 -9999.0 -9999.0    89.7    87.2   130.1   152.7   161.9   170.8   222.5   218.1   209.1   201.7   204.1   161.1   154.3   146.4   125.8   126.4 -9999.0 -9999.0 -9999.0 -9999.0 -9999.0 -9999.0 -9999.0 -9999.0 -9999.0 -9999.0 -9999.0 -9999.0 -9999.0 -9999.0 -9999.0 -9999.0 -9999.0
 -9999.0 -9999.0 -9999.0 -9999.0 -9999.0 -9999.0 -9999.0 -9999.0 -9999.0 -9999.0 -9999.0 -9999.0 -9999.0 -9999.0 -9999.0 -9999.0 -9999.0 -9999.0 -9999.0 -9999.0 -9999.0 -9999.0 -9999.0 -9999.0 -9999.0 -9999.0 -9999.0 -9999.0 -9999.0 -9999.0 -9999.0 -9999.0 -9999.0 -9999.0 -9999.0 -9999.0 -9999.0 -9999.0 -9999.0 -9999.0 -9999.0 -9999.0 -9999.0 -9999.0 -9999.0 -9999.0 -9999.0 -9999.0 -9999.0 -9999.0 -9999.0 -9999.0 -9999.0 -9999.0 -9999.0 -9999.0 -9999.0 -9999.0 -9999.0 -9999.0 -9999.0 -9999.0 -9999.0 -9999.0 -9999.0 -9999.0 -9999.0 -9999.0 -9999.0 -9999.0 -9999.0 -9999.0 -9999.0 -9999.0 -9999.0 -9999.0 -9999.0 -9999.0 -9999.0 -9999.0 -9999.0 -9999.0 -9999.0 -9999.0 -9999.0 -9999.0 -9999.0 -9999.0 -9999.0 -9999.0 -9999.0 -9999.0 -9999.0 -9999.0    74.8    79.6    97.8   113.6   137.6   173.2   206.3   178.0   208.2   205.7   193.0   188.3   171.6   165.3   161.9   136.7   137.4 -9999.0 -9999.0 -9999.0 -9999.0 -9999.0 -9999.0 -9999.0 -9999.0 -9999.0 -9999.0 -9999.0 -9999.0 -9999.0 -9999.0 -9999.0 -9999.0 -9999.0
 -9999.0 -9999.0 -9999.0 -9999.0 -9999.0 -9999.0 -9999.0 -9999.0 -9999.0 -9999.0 -9999.0 -9999.0 -9999.0 -9999.0 -9999.0 -9999.0 -9999.0 -9999.0 -9999.0 -9999.0 -9999.0 -9999.0 -9999.0 -9999.0 -9999.0 -9999.0 -9999.0 -9999.0 -9999.0 -9999.0 -9999.0 -9999.0 -9999.0 -9999.0 -9999.0 -9999.0 -9999.0 -9999.0 -9999.0 -9999.0 -9999.0 -9999.0 -9999.0 -9999.0 -9999.0 -9999.0 -9999.0 -9999.0 -9999.0 -9999.0 -9999.0 -9999.0 -9999.0 -9999.0 -9999.0 -9999.0 -9999.0 -9999.0 -9999.0 -9999.0 -9999.0 -9999.0 -9999.0 -9999.0 -9999.0 -9999.0 -9999.0 -9999.0 -9999.0 -9999.0 -9999.0 -9999.0 -9999.0 -9999.0 -9999.0 -9999.0 -9999.0 -9999.0 -9999.0 -9999.0 -9999.0 -9999.0 -9999.0 -9999.0 -9999.0 -9999.0 -9999.0 -9999.0 -9999.0 -9999.0 -9999.0 -9999.0 -9999.0 -9999.0    78.5    91.4    98.5   114.1   141.4   152.6   180.3   194.4   193.1   183.3   166.8   175.1   169.9   163.6   171.5   164.3   133.1   121.7 -9999.0 -9999.0 -9999.0 -9999.0 -9999.0 -9999.0 -9999.0 -9999.0 -9999.0 -9999.0 -9999.0 -9999.0 -9999.0 -9999.0 -9999.0 -9999.0
 -9999.0 -9999.0 -9999.0 -9999.0 -9999.0 -9999.0 -9999.0 -9999.0 -9999.0 -9999.0 -9999.0 -9999.0 -9999.0 -9999.0 -9999.0 -9999.0 -9999.0 -9999.0 -9999.0 -9999.0 -9999.0 -9999.0 -9999.0 -9999.0 -9999.0 -9999.0 -9999.0 -9999.0 -9999.0 -9999.0 -9999.0 -9999.0 -9999.0 -9999.0 -9999.0 -9999.0 -9999.0 -9999.0 -9999.0 -9999.0 -9999.0 -9999.0 -9999.0 -9999.0 -9999.0 -9999.0 -9999.0 -9999.0 -9999.0 -9999.0 -9999.0 -9999.0 -9999.0 -9999.0 -9999.0 -9999.0 -9999.0 -9999.0 -9999.0 -9999.0 -9999.0 -9999.0 -9999.0 -9999.0 -9999.0 -9999.0 -9999.0 -9999.0 -9999.0 -9999.0 -9999.0 -9999.0 -9999.0 -9999.0 -9999.0 -9999.0 -9999.0 -9999.0 -9999.0 -9999.0 -9999.0 -9999.0 -9999.0 -9999.0 -9999.0 -9999.0 -9999.0 -9999.0 -9999.0    34.5 -9999.0 -9999.0    58.2    74.2    78.0    83.7    91.9   105.4   128.1   151.7   135.4   156.5   167.7   150.6   148.7   153.2   152.9   179.1   175.5   176.1   139.4   125.6 -9999.0 -9999.0 -9999.0 -9999.0 -9999.0 -9999.0 -9999.0 -9999.0 -9999.0 -9999.0 -9999.0 -9999.0 -9999.0 -9999.0 -9999.0 -9999.0
 -9999.0 -9999.0 -9999.0 -9999.0 -9999.0 -9999.0 -9999.0 -9999.0 -9999.0 -9999.0 -9999.0 -9999.0 -9999.0 -9999.0 -9999.0 -9999.0 -9999.0 -9999.0 -9999.0 -9999.0 -9999.0 -9999.0 -9999.0 -9999.0 -9999.0 -9999.0 -9999.0 -9999.0 -9999.0 -9999.0 -9999.0 -9999.0 -9999.0 -9999.0 -9999.0 -9999.0 -9999.0 -9999.0 -9999.0 -9999.0 -9999.0 -9999.0 -9999.0 -9999.0 -9999.0 -9999.0 -9999.0 -9999.0 -9999.0 -9999.0 -9999.0 -9999.0 -9999.0 -9999.0 -9999.0 -9999.0 -9999.0 -9999.0 -9999.0 -9999.0 -9999.0 -9999.0 -9999.0 -9999.0 -9999.0 -9999.0 -9999.0 -9999.0 -9999.0 -9999.0 -9999.0 -9999.0 -9999.0 -9999.0 -9999.0 -9999.0 -9999.0 -9999.0 -9999.0 -9999.0 -9999.0 -9999.0 -9999.0 -9999.0 -9999.0 -9999.0 -9999.0 -9999.0    25.3    31.1    40.6    48.9    60.0    80.5    87.3   101.8   100.7   111.1   120.4   131.1   147.4   148.9   141.0   145.1   146.1   147.9   144.8   147.6   155.9   161.4   151.6   122.3   116.0   103.6    83.0    63.7 -9999.0 -9999.0 -9999.0 -9999.0 -9999.0 -9999.0 -9999.0 -9999.0 -9999.0 -9999.0 -9999.0 -9999.0
 -9999.0 -9999.0 -9999.0 -9999.0 -9999.0 -9999.0 -9999.0 -9999.0 -9999.0 -9999.0 -9999.0 -9999.0 -9999.0 -9999.0 -9999.0 -9999.0 -9999.0 -9999.0 -9999.0 -9999.0 -9999.0 -9999.0 -9999.0 -9999.0 -9999.0 -9999.0 -9999.0 -9999.0 -9999.0    31.4    32.8    32.0    29.0 -9999.0 -9999.0 -9999.0 -9999.0 -9999.0 -9999.0 -9999.0 -9999.0 -9999.0 -9999.0 -9999.0 -9999.0 -9999.0 -9999.0 -9999.0 -9999.0 -9999.0 -9999.0 -9999.0 -9999.0 -9999.0 -9999.0 -9999.0 -9999.0 -9999.0 -9999.0 -9999.0 -9999.0 -9999.0 -9999.0 -9999.0 -9999.0 -9999.0 -9999.0 -9999.0 -9999.0 -9999.0 -9999.0 -9999.0 -9999.0 -9999.0 -9999.0 -9999.0 -9999.0 -9999.0 -9999.0 -9999.0 -9999.0 -9999.0 -9999.0 -9999.0 -9999.0 -9999.0 -9999.0    22.1    27.1    33.3    40.8    48.4    63.4    80.8    96.8   102.5   109.4   109.9   135.2   134.8   125.1   118.3   126.2   117.2   131.5   132.2   122.9   125.7   145.9   149.5   141.5   128.5   130.3   114.9   101.3    73.4    63.5    78.3 -9999.0 -9999.0 -9999.0 -9999.0 -9999.0 -9999.0 -9999.0 -9999.0 -9999.0 -9999.0
 -9999.0 -9999.0 -9999.0 -9999.0 -9999.0 -9999.0 -9999.0 -9999.0 -9999.0 -9999.0 -9999.0 -9999.0 -9999.0 -9999.0 -9999.0 -9999.0 -9999.0 -9999.0 -9999.0 -9999.0 -9999.0 -9999.0 -9999.0 -9999.0 -9999.0 -9999.0 -9999.0    20.5    23.1    22.3    28.7    27.5    28.4    19.3 -9999.0 -9999.0 -9999.0 -9999.0 -9999.0 -9999.0 -9999.0 -9999.0 -9999.0 -9999.0 -9999.0 -9999.0 -9999.0 -9999.0 -9999.0 -9999.0 -9999.0 -9999.0 -9999.0 -9999.0 -9999.0 -9999.0 -9999.0 -9999.0 -9999.0 -9999.0 -9999.0 -9999.0 -9999.0 -9999.0 -9999.0 -9999.0 -9999.0 -9999.0 -9999.0 -9999.0 -9999.0 -9999.0 -9999.0 -9999.0 -9999.0 -9999.0 -9999.0 -9999.0 -9999.0 -9999.0 -9999.0 -9999.0 -9999.0 -9999.0 -9999.0 -9999.0 -9999.0    26.0    30.7    34.3    40.3    49.6    63.4    83.1   100.3   113.4   117.8   131.3   133.3   141.0   124.0   111.2   112.4   106.9   102.7   105.7   109.7   120.1   119.0   125.7   140.9   147.6   157.7   143.7   132.4   124.6   105.7   112.7 -9999.0 -9999.0 -9999.0 -9999.0 -9999.0   127.1   132.2   142.6   148.9 -9999.0
 -9999.0 -9999.0 -9999.0 -9999.0 -9999.0 -9999.0 -9999.0 -9999.0 -9999.0 -9999.0 -9999.0 -9999.0 -9999.0 -9999.0 -9999.0 -9999.0 -9999.0 -9999.0 -9999.0 -9999.0 -9999.0 -9999.0 -9999.0 -9999.0 -9999.0 -9999.0    13.0    12.3    13.2    14.1    15.3    16.0    30.7    21.7    21.4    18.9    18.2 -9999.0 -9999.0 -9999.0 -9999.0 -9999.0 -9999.0 -9999.0 -9999.0 -9999.0 -9999.0 -9999.0 -9999.0 -9999.0 -9999.0 -9999.0 -9999.0 -9999.0 -9999.0 -9999.0 -9999.0 -9999.0 -9999.0 -9999.0 -9999.0 -9999.0 -9999.0 -9999.0 -9999.0 -9999.0 -9999.0 -9999.0 -9999.0 -9999.0 -9999.0 -9999.0 -9999.0 -9999.0 -9999.0 -9999.0 -9999.0 -9999.0 -9999.0 -9999.0 -9999.0 -9999.0 -9999.0 -9999.0 -9999.0 -9999.0    23.6    28.1    32.3    36.8    43.3    51.4    64.0    82.3   101.2   121.2   132.3   146.7   153.7   135.4   123.0   106.9    99.3    93.0    81.0    82.4    92.9   107.3   116.3   131.6   149.2   156.2   161.3   150.3   172.0   161.4   127.7   132.9   170.9 -9999.0 -9999.0   120.9   117.8   122.5   128.4   164.6   149.3 -9999.0
 -9999.0 -9999.0 -9999.0 -9999.0 -9999.0 -9999.0 -9999.0 -9999.0 -9999.0 -9999.0 -9999.0 -9999.0 -9999.0 -9999.0 -9999.0 -9999.0 -9999.0 -9999.0 -9999.0 -9999.0 -9999.0 -9999.0 -9999.0 -9999.0 -9999.0 -9999.0     7.6     7.8     8.5     8.1     6.8     7.6     6.4    13.5    13.9    18.5    30.6    13.5 -9999.0 -9999.0 -9999.0 -9999.0 -9999.0 -9999.0 -9999.0 -9999.0 -9999.0 -9999.0 -9999.0 -9999.0 -9999.0 -9999.0 -9999.0 -9999.0 -9999.0 -9999.0 -9999.0 -9999.0 -9999.0 -9999.0 -9999.0 -9999.0 -9999.0 -9999.0 -9999.0 -9999.0 -9999.0 -9999.0 -9999.0 -9999.0 -9999.0 -9999.0 -9999.0 -9999.0 -9999.0 -9999.0 -9999.0 -9999.0 -9999.0 -9999.0 -9999.0 -9999.0 -9999.0 -9999.0 -9999.0 -9999.0    26.6    31.0    35.7    40.7    46.3    53.9    66.2    82.8   104.1   124.2   146.5   154.8   154.3   155.6   143.8   126.7   113.6    91.0    75.2    71.7    82.0   106.0   131.3   145.2   153.4   162.7   172.7   151.0   158.6   224.7   165.8   156.5   140.0   132.0   122.3   115.7   112.6   113.0   117.7   123.8   135.6 -9999.0
 -9999.0 -9999.0 -9999.0 -9999.0 -9999.0 -9999.0 -9999.0 -9999.0 -9999.0 -9999.0 -9999.0 -9999.0 -9999.0 -9999.0 -9999.0 -9999.0 -9999.0 -9999.0 -9999.0 -9999.0 -9999.0    13.7     9.8     7.7     6.0     4.6     5.5     9.1    10.9     9.7     6.2     5.7     5.1     5.9     8.8     9.4    18.9    16.4    19.3 -9999.0 -9999.0 -9999.0 -9999.0 -9999.0 -9999.0 -9999.0 -9999.0 -9999.0 -9999.0 -9999.0 -9999.0 -9999.0 -9999.0 -9999.0 -9999.0 -9999.0 -9999.0 -9999.0 -9999.0 -9999.0 -9999.0 -9999.0 -9999.0 -9999.0 -9999.0 -9999.0 -9999.0 -9999.0 -9999.0 -9999.0 -9999.0 -9999.0 -9999.0 -9999.0 -9999.0 -9999.0 -9999.0 -9999.0 -9999.0 -9999.0 -9999.0 -9999.0 -9999.0 -9999.0 -9999.0 -9999.0 -9999.0    35.1 -9999.0 -9999.0    49.7 -9999.0 -9999.0    82.9   101.6   123.2   145.1   156.7   165.9   184.4   177.3   167.0   140.0   106.9    85.6    82.8    92.5   122.2   143.5   162.7   159.9   148.5   154.6   176.8   187.8   207.8   177.4   160.6   144.3   127.2   123.0   101.2    96.2    97.2   106.8   134.9 -9999.0 -9999.0
 -9999.0 -9999.0 -9999.0 -9999.0 -9999.0 -9999.0 -9999.0 -9999.0 -9999.0 -9999.0 -9999.0 -9999.0 -9999.0 -9999.0 -9999.0 -9999.0 -9999.0 -9999.0 -9999.0 -9999.0 -9999.0    14.8    10.2     6.1     3.7     5.1     4.3     6.6    11.2    12.3     8.9     9.0    10.3     8.3     7.8     7.5     8.6    19.4     8.9 -9999.0 -9999.0 -9999.0 -9999.0 -9999.0 -9999.0 -9999.0 -9999.0 -9999.0 -9999.0 -9999.0 -9999.0 -9999.0 -9999.0 -9999.0 -9999.0 -9999.0 -9999.0 -9999.0 -9999.0 -9999.0 -9999.0 -9999.0 -9999.0 -9999.0 -9999.0 -9999.0 -9999.0 -9999.0 -9999.0 -9999.0 -9999.0 -9999.0 -9999.0 -9999.0 -9999.0 -9999.0 -9999.0 -9999.0 -9999.0 -9999.0 -9999.0 -9999.0 -9999.0 -9999.0 -9999.0 -9999.0 -9999.0 -9999.0 -9999.0    47.5    51.7    57.3    65.7    78.6    94.4   112.9   129.5   147.3   166.6   187.7   194.9   181.8   152.5   121.3   100.4    93.9   101.2   121.5   141.4   157.5   155.1   147.0   159.3   190.8   220.5   191.1   174.6   155.0   131.5   108.9    91.1    82.5    88.0   111.6    88.9 -9999.0 -9999.0 -9999.0
 -9999.0 -9999.0 -9999.0 -9999.0 -9999.0 -9999.0 -9999.0 -9999.0 -9999.0 -9999.0 -9999.0 -9999.0 -9999.0 -9999.0 -9999.0 -9999.0 -9999.0 -9999.0 -9999.0 -9999.0    12.4     9.0     6.3     3.6     2.4     2.4     3.3     6.3     9.3    12.4    15.6    14.3    16.4    16.1    13.1     9.9    11.4     7.5     5.8 -9999.0 -9999.0 -9999.0 -9999.0 -9999.0 -9999.0 -9999.0 -9999.0 -9999.0 -9999.0 -9999.0 -9999.0 -9999.0 -9999.0 -9999.0 -9999.0 -9999.0 -9999.0 -9999.0 -9999.0 -9999.0 -9999.0 -9999.0 -9999.0 -9999.0 -9999.0 -9999.0 -9999.0 -9999.0 -9999.0 -9999.0 -9999.0 -9999.0 -9999.0 -9999.0 -9999.0 -9999.0 -9999.0 -9999.0 -9999.0 -9999.0 -9999.0 -9999.0 -9999.0 -9999.0 -9999.0 -9999.0 -9999.0 -9999.0    45.0    47.9    50.6    55.0    60.4    70.3    82.4    96.3   112.1   131.4   153.0   174.4   184.3   169.5   144.8   122.4   107.0    99.9   101.2   110.3   123.6   134.0   135.3   135.3   156.7   174.4   184.8   189.3   164.8   143.9   137.4   112.1    79.4    74.3    71.6    74.9    83.5 -9999.0 -9999.0 -9999.0
 -9999.0 -9999.0 -9999.0 -9999.0 -9999.0 -9999.0 -9999.0 -9999.0 -9999.0 -9999.0 -9999.0 -9999.0 -9999.0 -9999.0 -9999.0 -9999.0 -9999.0 -9999.0    12.6    10.2     8.1    11.5     4.2     4.0     3.1     3.8     4.6     7.9    12.2    18.0    20.8    24.3    27.2    25.5    22.1    18.2    13.3     7.7     4.7 -9999.0 -9999.0 -9999.0 -9999.0 -9999.0 -9999.0 -9999.0 -9999.0 -9999.0 -9999.0 -9999.0 -9999.0 -9999.0 -9999.0 -9999.0 -9999.0 -9999.0 -9999.0 -9999.0 -9999.0 -9999.0 -9999.0 -9999.0 -9999.0 -9999.0 -9999.0 -9999.0 -9999.0 -9999.0 -9999.0 -9999.0 -9999.0 -9999.0 -9999.0 -9999.0 -9999.0 -9999.0 -9999.0 -9999.0 -9999.0 -9999.0 -9999.0 -9999.0 -9999.0 -9999.0    26.7    31.4    35.5    42.3    47.1    44.2    45.7    47.7    54.2    60.4    68.6    77.4    91.4   108.2   127.9   145.1   153.1   145.2   128.8   115.7   106.5   100.2    95.7    95.7    99.5   108.2   115.5   126.2   146.5   159.5   181.9   183.2   200.4   135.3   119.7    96.7    85.9    70.1    67.0    71.1 -9999.0 -9999.0 -9999.0 -9999.0
 -9999.0 -9999.0 -9999.0 -9999.0 -9999.0 -9999.0 -9999.0 -9999.0 -9999.0 -9999.0 -9999.0 -9999.0 -9999.0 -9999.0 -9999.0    19.0    20.4    24.5    24.4    10.9     9.6     4.7     6.6     3.9     4.2     5.2     8.2    13.6    19.0    24.5    28.5    31.5    35.3    34.9    36.7    29.8    19.3    30.8    13.1     7.3     8.3     9.5    10.8    15.5 -9999.0 -9999.0 -9999.0 -9999.0 -9999.0 -9999.0 -9999.0 -9999.0 -9999.0 -9999.0 -9999.0 -9999.0 -9999.0 -9999.0 -9999.0 -9999.0 -9999.0 -9999.0 -9999.0 -9999.0 -9999.0 -9999.0 -9999.0 -9999.0 -9999.0 -9999.0 -9999.0 -9999.0 -9999.0 -9999.0 -9999.0 -9999.0 -9999.0 -9999.0 -9999.0    13.3    15.4    17.4    20.0    23.3    26.7    31.1    36.1    42.3    46.4    42.9    43.0    41.6    45.2    48.5    53.7    57.8    69.4    84.6   101.3   114.4   123.4   124.9   118.5   108.3    99.5    93.5    84.6    80.7    84.5    91.4   103.9   114.0   125.2   139.5   188.0   159.4   150.6   131.8   112.0    98.4    82.1    73.5    69.9    81.2 -9999.0 -9999.0 -9999.0 -9999.0
 -9999.0 -9999.0 -9999.0 -9999.0 -9999.0 -9999.0 -9999.0 -9999.0 -9999.0 -9999.0 -9999.0 -9999.0 -9999.0 -9999.0 -9999.0    33.1    28.3    30.9    19.6    11.6     5.0     3.6     3.7     5.4     7.6    10.4    13.5    17.9    23.1    26.1    28.4    30.5    35.8    33.9    32.3    27.3    16.9    14.7     7.0     5.5     3.8     1.5     2.0     4.0     5.6    16.8    75.7 -9999.0 -9999.0 -9999.0 -9999.0 -9999.0 -9999.0 -9999.0 -9999.0 -9999.0 -9999.0 -9999.0 -9999.0 -9999.0 -9999.0 -9999.0 -9999.0 -9999.0 -9999.0 -9999.0 -9999.0 -9999.0 -9999.0 -9999.0 -9999.0 -9999.0 -9999.0 -9999.0 -9999.0 -9999.0 -9999.0 -9999.0    14.3    15.8    17.5    19.5    21.4    24.1    28.2    33.8    40.0    43.4    43.5    39.7    33.2    32.0    32.7    38.7    36.7    45.3    50.5    64.7    76.6    87.2    99.5   110.2   111.7   101.2    91.1    84.6    76.0    74.6    83.2    90.0    95.1   102.2   126.5   134.3   137.1   123.6   143.5   140.9   124.9   108.1    87.1    80.5    86.7 -9999.0 -9999.0 -9999.0 -9999.0 -9999.0
 -9999.0 -9999.0 -9999.0 -9999.0 -9999.0 -9999.0 -9999.0 -9999.0 -9999.0 -9999.0 -9999.0 -9999.0 -9999.0 -9999.0 -9999.0 -9999.0    11.1     9.9    13.0    20.3    25.5    15.0    31.8    24.0    21.4    24.8    25.5    22.8    24.5    24.9    25.5    25.5    29.5    32.7    34.5    31.7    24.6    17.9    12.8    12.4    14.0     8.6     7.2     3.8     3.5     4.3     7.7    15.3 -9999.0 -9999.0 -9999.0 -9999.0 -9999.0 -9999.0 -9999.0 -9999.0 -9999.0 -9999.0 -9999.0 -9999.0 -9999.0 -9999.0 -9999.0 -9999.0 -9999.0 -9999.0 -9999.0 -9999.0 -9999.0 -9999.0 -9999.0 -9999.0 -9999.0 -9999.0 -9999.0 -9999.0 -9999.0 -9999.0    17.6    18.0    19.9    21.7    23.0    26.0    30.4    36.1    36.9    41.8    39.4    31.0    30.1    26.9    23.3    30.1    39.8    36.8    39.0    46.7    55.0    64.8    79.0    95.4   104.8    96.9    91.1    86.8    82.0    84.6    97.7   105.5   104.4   113.3   124.5   102.6    98.6   112.5   115.8   114.9   124.4   103.4 -9999.0 -9999.0 -9999.0 -9999.0 -9999.0 -9999.0 -9999.0 -9999.0
 -9999.0 -9999.0 -9999.0 -9999.0 -9999.0 -9999.0 -9999.0 -9999.0 -9999.0 -9999.0 -9999.0 -9999.0 -9999.0 -9999.0 -9999.0 -9999.0     8.6     9.3    10.0    10.1    19.5    21.0    27.6    35.2    51.1    65.2    72.7    50.1   105.4    76.0    34.9    44.6   130.7   100.4    49.1    40.6    41.7    27.7    20.3    21.0    23.4    14.7    23.0    66.9    10.9     2.4     1.2     3.3 -9999.0 -9999.0 -9999.0 -9999.0 -9999.0 -9999.0 -9999.0 -9999.0 -9999.0 -9999.0 -9999.0 -9999.0 -9999.0 -9999.0 -9999.0 -9999.0 -9999.0 -9999.0 -9999.0 -9999.0 -9999.0 -9999.0 -9999.0 -9999.0 -9999.0 -9999.0 -9999.0 -9999.0 -9999.0    16.9    19.1    20.4    22.1    23.4    25.1    26.9    31.3    35.2    38.3    40.4    40.3    33.8    24.9    26.2    37.8    37.0    34.1    35.2    35.1    40.0    45.4    54.5    66.5    80.6    90.4    95.8   106.0   113.8   114.3   113.4   119.6   121.3   112.9    99.8    91.5    88.4   100.4    98.5   101.0   103.0   119.6 -9999.0 -9999.0 -9999.0 -9999.0 -9999.0 -9999.0 -9999.0 -9999.0 -9999.0
 -9999.0 -9999.0 -9999.0 -9999.0 -9999.0 -9999.0 -9999.0 -9999.0 -9999.0 -9999.0 -9999.0 -9999.0 -9999.0 -9999.0 -9999.0 -9999.0    35.2    38.8    40.5    23.0    18.4    25.1    39.3    39.2    43.2    50.7    91.3   108.4   104.6   107.1   103.3    67.7    32.5    26.7    45.2    50.8    33.1    12.7     9.8     4.0     6.2     9.3    14.9    47.9    50.2    26.3     6.7     2.2    11.6    17.0    11.6 -9999.0 -9999.0 -9999.0 -9999.0 -9999.0 -9999.0 -9999.0 -9999.0 -9999.0 -9999.0 -9999.0 -9999.0 -9999.0 -9999.0 -9999.0 -9999.0 -9999.0 -9999.0 -9999.0 -9999.0 -9999.0 -9999.0 -9999.0 -9999.0 -9999.0    19.5    20.6    23.9    23.9    26.0    27.6    28.0    29.5    31.6    34.4    35.6    36.8    37.8    36.7    31.0    32.5    34.5    43.2    43.2    42.5    46.3    52.0    57.0    64.1    70.2    76.9    85.3   101.9   128.0   143.7   143.9   136.1   132.2   126.8   115.2   111.2    95.4    93.1    98.3    93.8   123.9   120.8   110.7    99.3 -9999.0 -9999.0 -9999.0 -9999.0 -9999.0 -9999.0 -9999.0 -9999.0
 -9999.0 -9999.0 -9999.0 -9999.0 -9999.0 -9999.0 -9999.0 -9999.0 -9999.0 -9999.0 -9999.0 -9999.0 -9999.0 -9999.0 -9999.0    26.6    22.1    25.5    42.3    46.9    48.0    51.8    47.8    40.7    42.6    63.5    80.6    73.0    77.0   118.3   128.9    28.7     1.5     0.7     0.6     0.8     3.3     1.3     0.6     0.7     0.3     0.7     2.2     3.5     8.5    18.8    16.4    11.3    11.0     8.0     6.8     5.3     5.8    11.1     5.9     5.5     3.8     3.7     3.6     3.7     3.0 -9999.0 -9999.0 -9999.0 -9999.0 -9999.0 -9999.0 -9999.0 -9999.0     6.2     8.8    12.4    16.9    19.8    22.0    20.8    23.7    21.9    23.8    29.4    31.4    32.2    32.2    33.1    34.0    34.3    35.2    38.6    42.3    44.8    39.5    33.4    26.8    36.5    46.7    55.7    65.7    74.3    82.1    88.1    84.8    82.2    90.5   112.0   138.2   149.3   141.7   130.9   125.8   123.6   116.9   107.8   101.1   107.9   100.5   100.5    99.1   102.1 -9999.0 -9999.0 -9999.0 -9999.0 -9999.0 -9999.0 -9999.0 -9999.0 -9999.0 -9999.0
 -9999.0 -9999.0 -9999.0 -9999.0 -9999.0 -9999.0 -9999.0 -9999.0 -9999.0 -9999.0 -9999.0 -9999.0 -9999.0 -9999.0    31.0    43.0    47.7    39.7    46.0    48.4    38.0    22.5    25.1    39.2    36.9    54.2    70.0    16.0     7.0     5.1     7.1    20.1     4.3    13.6     6.7     2.8     3.2     3.2     3.5     1.8     1.0     0.9     1.1     1.5     2.9     5.5     7.7    14.9    14.9    13.7    12.1     8.8     8.8     5.4     3.0     3.7     2.5     2.1     1.5     1.6     1.8     1.5     1.3     1.3     1.8     2.8     2.1     2.6     3.1     5.8    11.0    17.8    21.7    25.4    27.6    26.5    26.9    28.3    30.4    36.4    38.5    38.9    41.3    40.5    40.2    40.4    40.4    44.8    50.2    58.6    48.6    34.2    48.9    56.5    73.2    71.3    77.2    88.9   100.8   105.6    94.1    83.3    89.9   110.3   131.6   135.7   123.5   114.2   114.7   121.3   118.5   120.4   131.2   118.4   124.3   121.2   115.2 -9999.0 -9999.0 -9999.0 -9999.0 -9999.0 -9999.0 -9999.0 -9999.0 -9999.0 -9999.0 -9999.0
 -9999.0 -9999.0 -9999.0 -9999.0 -9999.0 -9999.0 -9999.0 -9999.0 -9999.0 -9999.0 -9999.0 -9999.0    28.7    31.3    36.6    23.3    37.7    19.6    11.1     7.5     7.4     8.0     6.8     6.8     6.9     5.7     4.3     3.0     3.4     3.1     3.6     6.0    15.0     8.0     2.2     3.3     5.2     4.6     2.2     2.3     1.8     2.2     2.8     3.5     4.7     8.6    12.2    14.5    18.5    13.3    11.6     8.9     9.0     7.4     4.0     3.2     2.9     2.4     1.6     1.1     1.0     1.1     0.9     0.8     0.8     1.0     1.6     2.4     5.0     9.1    16.0    23.5    26.5    34.0    40.0    41.1    40.3    42.0    44.4    44.4    49.5    47.1    51.7    51.0    52.4    53.3    53.5    55.1    55.2    71.8    72.8    67.4    35.9    39.6    83.7    81.4    91.8    95.8   104.1   108.6    96.1    82.5    84.4    99.4   112.6   111.8   100.8    98.1   108.0   116.8   127.3   146.5   143.1   147.2   208.6 -9999.0 -9999.0 -9999.0 -9999.0 -9999.0 -9999.0 -9999.0 -9999.0 -9999.0 -9999.0 -9999.0 -9999.0 -9999.0
 -9999.0 -9999.0 -9999.0 -9999.0 -9999.0 -9999.0 -9999.0 -9999.0 -9999.0    17.5    26.2    23.2    23.7    14.5     5.8     4.3     3.2     3.1     2.5     2.2     2.1     2.3     2.5     2.8     2.8     2.5     2.0     1.5     1.3     1.2     2.7    17.3    13.5     5.5     5.9    10.4     4.1     1.2     0.7     0.6     1.1     1.7     1.4     2.3     3.8     6.5     9.4    11.4    12.6    16.3    10.7     7.6     6.0     6.7    10.7     4.8     3.2     2.5     1.7     1.6     1.3     1.3     1.1     0.9     0.7     1.3     2.2     3.2     7.7    14.8    13.1    16.6    21.5    27.8    38.4    44.3    49.2    57.8    56.3    61.4    63.2    60.4    53.8    57.3    62.9    66.0    59.0    60.2    59.3    94.8    95.4    83.0    89.2    82.1   100.4   101.3    99.7    97.4   102.4   104.8    96.1    84.5    83.0    89.4    98.9   102.0    96.9    94.2   106.8   130.5   148.4   158.5   158.2 -9999.0 -9999.0 -9999.0 -9999.0 -9999.0 -9999.0 -9999.0 -9999.0 -9999.0 -9999.0 -9999.0 -9999.0 -9999.0 -9999.0 -9999.0
 -9999.0 -9999.0 -9999.0 -9999.0 -9999.0    22.8    29.9    19.6    17.1    17.1    10.5    13.2    14.4     9.0     6.8     3.9     1.8     1.6     1.3     1.2     1.0     1.0     1.1     1.2     1.2     1.2     1.0     0.9     1.0     1.1     1.5     2.1     2.0     1.8     2.0     1.3     0.7     0.6     0.4     0.6     0.9     0.8     1.1     2.5     3.3     4.3     4.3     5.2     6.0     6.7     8.9     7.8     9.6    10.6    10.6     5.4     3.5     2.5     1.8     2.3     2.7     3.7     2.8     2.1     2.9     3.2     3.4     6.1    10.1     8.5    11.5    14.9    19.0    26.9    43.2    42.5    45.0    56.0    43.6    44.5    53.9    50.1    49.6    55.3    62.2    53.0    60.9    50.4    53.1    76.6   108.0    86.9    94.7    91.2    97.0   101.6    99.7    99.6 -9999.0 -9999.0    95.8    90.8    92.7    96.0   104.6   110.2   105.6   110.7   126.8 -9999.0 -9999.0 -9999.0 -9999.0 -9999.0 -9999.0 -9999.0 -9999.0 -9999.0 -9999.0 -9999.0 -9999.0 -9999.0 -9999.0 -9999.0 -9999.0 -9999.0 -9999.0 -9999.0
 -9999.0 -9999.0 -9999.0    43.2    26.5    31.2    21.3    16.1    12.9     2.7     1.4     2.1     5.1     2.7     1.5     1.5     1.3     1.1     1.0     0.9     0.8     0.8     0.8     0.8     0.9     0.8     0.7     0.6     1.0     1.0     1.4     1.9     1.8     1.5     1.1     0.8     0.6     0.5     0.3     0.3     0.4     0.4     0.6     1.0     2.1     3.0     3.5     4.9     4.9     6.8     5.6     4.1     4.4     4.9     4.9     4.7     5.7     4.7     3.5     3.4     3.4     3.5     4.3     5.8     5.1     4.7     9.3     5.9     6.7     8.7    11.5    12.8    16.8    23.0    29.8    36.3    41.0    44.2    51.1    56.8    52.5    55.7    36.3    40.1    56.2    46.7    42.5    30.2    32.3    69.4    89.6   100.8   103.9    91.1    89.5    95.4    99.5 -9999.0 -9999.0 -9999.0    98.0   102.4   111.6   120.6   131.7   139.1   139.7 -9999.0 -9999.0 -9999.0 -9999.0 -9999.0 -9999.0 -9999.0 -9999.0 -9999.0 -9999.0 -9999.0 -9999.0 -9999.0 -9999.0 -9999.0 -9999.0 -9999.0 -9999.0 -9999.0 -9999.0 -9999.0
 -9999.0 -9999.0    58.5    45.9    33.8    18.9    11.3     5.2     1.2     0.7     0.6     0.7     0.8     0.9     1.1     1.1     1.1     1.0     0.9     0.8     0.8     0.8     0.8     0.8     0.8     0.7     0.7     0.8     0.8     1.1     1.1     1.5     1.4     1.3     1.0     0.8     0.6     0.7     0.8     0.7     0.6     0.7     0.9     1.5     2.6     4.8    11.1    14.0    13.9    12.7    17.9    14.7     9.1     6.2     6.6    11.6     6.2     6.2     4.3     4.3     3.0     6.9     3.7     5.1     5.9     7.4     7.7     6.5     7.9     8.8    11.7    11.9    13.5    18.6    27.9    38.0    49.1    49.9    60.1    62.6    54.8    44.5    27.2    32.9    39.4    54.8    39.7    18.8    17.2    40.7    72.0    83.4    85.2    85.9    86.5 -9999.0 -9999.0 -9999.0 -9999.0    99.0   101.7   112.4   130.5   149.3 -9999.0 -9999.0 -9999.0 -9999.0 -9999.0 -9999.0 -9999.0 -9999.0 -9999.0 -9999.0 -9999.0 -9999.0 -9999.0 -9999.0 -9999.0 -9999.0 -9999.0 -9999.0 -9999.0 -9999.0 -9999.0 -9999.0 -9999.0 -9999.0
 -9999.0 -9999.0    68.8    58.9    56.4    34.1     9.4     3.5     1.4     0.8     0.7     0.7     0.7     0.8     0.9     1.0     0.9     0.9     0.9     0.8     0.8     0.8     0.9     0.9     0.8     0.7     0.7     0.7     0.8     1.0     1.2     1.1     1.1     1.5     1.6     4.4     9.2    11.8     7.3     4.3     1.4     2.9     9.9    37.9     6.1    15.3    34.1    14.8    33.1    27.1    29.0    52.9    56.8    59.4    21.0    13.6     7.3    16.1     8.2    12.3    12.4     6.3     6.8     6.3     7.6     9.2     9.4    10.4    11.8     8.9    10.4    10.7    11.5    13.8    20.3    29.6    34.1    44.4    45.8    52.7    43.1    29.7    32.5    39.2    46.8    51.4    40.3    28.8    26.3    39.6    57.0    60.6    60.9    63.1 -9999.0 -9999.0 -9999.0 -9999.0 -9999.0   101.5 -9999.0 -9999.0 -9999.0 -9999.0 -9999.0 -9999.0 -9999.0 -9999.0 -9999.0 -9999.0 -9999.0 -9999.0 -9999.0 -9999.0 -9999.0 -9999.0 -9999.0 -9999.0 -9999.0 -9999.0 -9999.0 -9999.0 -9999.0 -9999.0 -9999.0 -9999.0 -9999.0 -9999.0
 -9999.0 -9999.0    68.7    63.9    53.3    39.6    25.1    18.8     2.6     1.0     0.8     0.7     0.7     0.8     0.9     0.9     0.9     0.9     0.8     0.8     0.8     1.0     1.2     1.2     1.1     0.9     0.8     0.8     0.8     0.9     1.1     1.5    23.7    47.1    46.6    51.6    31.6    26.3    24.1    14.2     3.5     2.3     1.3     3.2     3.1     6.1    11.2    17.7    17.6    20.6    46.8    36.0    47.5    75.4    84.9    86.4    25.9    15.0    24.6    30.9    10.5     8.9     7.9     7.9     9.5    11.9    12.6    17.0     9.1     9.6    11.4    11.3    10.5    11.3    16.1    24.6    30.7    33.8    49.7    53.8    47.1    23.8    35.3    52.9    58.0    68.5    68.2    57.9    50.2    50.2    51.3 -9999.0 -9999.0 -9999.0 -9999.0 -9999.0 -9999.0 -9999.0 -9999.0 -9999.0 -9999.0 -9999.0 -9999.0 -9999.0 -9999.0 -9999.0 -9999.0 -9999.0 -9999.0 -9999.0 -9999.0 -9999.0 -9999.0 -9999.0 -9999.0 -9999.0 -9999.0 -9999.0 -9999.0 -9999.0 -9999.0 -9999.0 -9999.0 -9999.0 -9999.0 -9999.0 -9999.0 -9999.0
 -9999.0 -9999.0 -9999.0    66.4    50.0    45.8    37.7    27.9    16.1     2.6     0.9     0.8     0.7     0.8     0.8     0.8     0.8     0.8     0.8     0.8     0.9     1.1     1.4     1.5     1.3     1.1     0.9     0.9     1.0     2.5    11.5    51.3    45.3    89.3    93.7    60.6    32.7    22.9    19.9     8.4     4.1     2.1     1.6     1.5     2.1     6.6    17.3    21.7    30.4    27.8    27.2    32.5    45.0    69.6    78.1    95.2    95.9    85.4    71.5    40.0    24.2    14.4    12.5    10.7    10.9    11.6    13.3    15.2     9.5    12.0    14.9    14.5    12.9    12.0    15.7    21.2    25.8    27.4    44.6    37.5    39.9    31.2    52.1    70.2    78.8    82.1    79.7    72.0    63.9    56.3    48.4    39.6 -9999.0 -9999.0 -9999.0 -9999.0 -9999.0 -9999.0 -9999.0 -9999.0 -9999.0 -9999.0 -9999.0 -9999.0 -9999.0 -9999.0 -9999.0 -9999.0 -9999.0 -9999.0 -9999.0 -9999.0 -9999.0 -9999.0 -9999.0 -9999.0 -9999.0 -9999.0 -9999.0 -9999.0 -9999.0 -9999.0 -9999.0 -9999.0 -9999.0 -9999.0 -9999.0 -9999.0
 -9999.0 -9999.0 -9999.0 -9999.0 -9999.0    42.0    26.2    19.8    23.5     5.2     1.3     0.9     0.8     0.7     0.8     0.8     0.8     0.8     0.8     0.8     1.0     1.2     1.4     1.7     1.7     1.6     2.2     3.4    20.5    38.1    41.0    66.3    75.1    70.3    96.1    62.9    60.1    48.8    26.7    12.9     6.9     3.7     2.1     1.8     2.2     3.7     6.6    18.0    16.1    26.2    21.4    38.4    41.0    48.6    64.6    76.3    87.8    97.9   100.0    94.9    72.1    23.8    19.2    14.0    13.6    12.8    13.2    11.0    10.4    14.4    19.9    21.5    19.1    16.8    18.6    22.2    24.3    21.9    32.6    44.5    45.9    40.0    68.2    94.0    91.4    67.6    55.0    49.3    50.8    51.8    47.6    40.2    36.0    40.0 -9999.0 -9999.0 -9999.0   106.0 -9999.0 -9999.0 -9999.0 -9999.0 -9999.0 -9999.0 -9999.0 -9999.0 -9999.0 -9999.0 -9999.0 -9999.0 -9999.0 -9999.0 -9999.0 -9999.0 -9999.0 -9999.0 -9999.0 -9999.0 -9999.0 -9999.0 -9999.0 -9999.0 -9999.0 -9999.0 -9999.0 -9999.0 -9999.0 -9999.0
 -9999.0 -9999.0 -9999.0 -9999.0    52.0    48.1    43.1    30.3    23.2     6.8     7.0     3.9     2.1     0.9     0.8     0.8     0.8     0.8     0.8     0.8     0.9     1.0     1.4     2.5     4.2     7.8    12.9    58.9    44.8    56.3    67.1    68.2    70.7    80.7    67.1    65.6    57.7    76.1    60.4    34.5    13.6     6.2     4.1     2.6     2.1     2.1     2.9     5.3     7.8     6.9     9.7    20.6    32.2    44.9    41.1    48.2    55.8    76.2    86.3    90.2    79.8    56.8    39.9    20.0    13.3    18.5    20.3    11.9    17.5    20.4    28.3    32.7    30.6    26.4    24.1    24.4    25.4    26.9    44.5    37.4    45.8    68.1    87.8   106.5    79.2    47.3    38.0    35.7    42.2    53.2    58.5    59.1    60.8    69.8 -9999.0 -9999.0   101.9   117.7   127.2   182.0   203.4 -9999.0 -9999.0 -9999.0 -9999.0 -9999.0 -9999.0 -9999.0 -9999.0 -9999.0 -9999.0 -9999.0 -9999.0 -9999.0 -9999.0 -9999.0 -9999.0 -9999.0 -9999.0 -9999.0 -9999.0 -9999.0 -9999.0 -9999.0 -9999.0 -9999.0 -9999.0 -9999.0
 -9999.0 -9999.0 -9999.0 -9999.0    55.4    44.5    41.5    28.8    31.2    26.0    11.4    17.7    12.0    10.9     2.8     2.7     2.8     1.4     0.9     0.9     1.5     2.2     4.0    12.5    28.6    39.3    38.0    44.6    49.5    56.0    61.8    72.8    72.6    75.9    79.8    73.8    78.6    78.8    57.2    35.5    39.5    13.5     8.5     4.2     2.8     2.2     2.2     2.8     4.3     7.6    12.0    17.7    31.2    30.4    31.7    38.0    46.3    59.3    69.9    44.0    60.5    33.8    27.5    25.2    19.0    18.0    26.7    20.6    20.1    28.2    36.9    43.3    42.0    36.4    29.6    28.6    31.0    39.8    51.9    59.0    73.1    84.5   100.1    99.5    54.0    44.1    48.0    56.0    67.0    78.9    92.2   128.2   121.6   134.1   138.8   123.3   118.8   135.2   167.7 -9999.0 -9999.0 -9999.0 -9999.0 -9999.0 -9999.0 -9999.0 -9999.0 -9999.0 -9999.0 -9999.0 -9999.0 -9999.0 -9999.0 -9999.0 -9999.0 -9999.0 -9999.0 -9999.0 -9999.0 -9999.0 -9999.0 -9999.0 -9999.0 -9999.0 -9999.0 -9999.0 -9999.0 -9999.0
 -9999.0 -9999.0 -9999.0 -9999.0 -9999.0 -9999.0 -9999.0    30.1    27.3    20.4    21.5    18.6    12.7    12.5    11.5     2.8     6.3     3.3     2.8     5.2    11.1    16.5    19.7    22.2    25.3    29.3    35.8    42.1    48.6    57.6    63.9    69.9    74.6    80.4    85.6    81.1    85.2    77.0    77.8    71.4    40.9    58.4    45.8    26.0    11.7     4.4     6.5     6.5    11.0    12.4    18.0    25.3    29.5    37.4    37.8    34.8    40.7    46.4    63.3    46.7    61.1    35.2    32.0    29.3    33.1    27.0    34.3    34.7    27.5    31.0    40.8    49.5    47.0    42.5    38.3    41.4    47.2    59.2    72.1    80.0    89.6    97.4   102.7    90.4    62.2    64.8    78.3    95.7   107.4   122.0   144.7   179.3   206.5   204.9   186.1   162.5   144.9 -9999.0 -9999.0 -9999.0 -9999.0 -9999.0 -9999.0 -9999.0 -9999.0 -9999.0 -9999.0 -9999.0 -9999.0 -9999.0 -9999.0 -9999.0 -9999.0 -9999.0 -9999.0 -9999.0 -9999.0 -9999.0 -9999.0 -9999.0 -9999.0 -9999.0 -9999.0 -9999.0 -9999.0 -9999.0 -9999.0 -9999.0
 -9999.0 -9999.0 -9999.0 -9999.0 -9999.0 -9999.0 -9999.0    32.3    22.0    21.4    18.8    14.6    13.4    13.2    10.9    12.1     9.7     9.5    11.7    10.5    11.5    14.8    16.3    19.2    22.3    26.6    31.3    38.9    43.3    49.5    59.1    66.1    72.2    79.9    80.5    82.2    79.1    79.4    73.6    64.9    59.1    51.7    46.9    52.3    27.1    14.0    16.9    18.8    29.6    28.4    37.0    35.0    33.4    33.1    36.5    37.4    43.7    53.3    64.7    70.6    62.3    59.8    50.6    49.6    40.8    41.2    46.0    44.0    43.4    33.8    44.9    53.8    51.3    52.1    56.4    66.2    75.9    84.4    92.7   101.6   102.2   106.0   109.8   115.6   106.2   106.9   112.6   121.5   128.8   133.7   165.5   209.3   216.2   198.3   201.7   182.7 -9999.0 -9999.0 -9999.0 -9999.0 -9999.0 -9999.0 -9999.0 -9999.0 -9999.0 -9999.0 -9999.0 -9999.0 -9999.0 -9999.0 -9999.0 -9999.0 -9999.0 -9999.0 -9999.0 -9999.0 -9999.0 -9999.0 -9999.0 -9999.0 -9999.0 -9999.0 -9999.0 -9999.0 -9999.0 -9999.0 -9999.0 -9999.0
 -9999.0 -9999.0 -9999.0 -9999.0 -9999.0 -9999.0 -9999.0 -9999.0 -9999.0    19.2    15.6    12.5    12.1    10.5     8.9     7.9     8.4     9.5     9.1    10.4    10.9    11.6    13.6    16.2    19.4    23.2    28.3    33.9    39.3    47.6    52.5    60.6    67.3    74.0    75.8    77.5    76.3    75.4    69.0    65.2    56.6    53.6    46.0    37.7    37.8    34.1    32.9    32.5    35.0    36.6    38.5    36.1    34.5    34.6    36.6    42.3    49.4    58.8    73.3    79.3    80.9    86.4    92.4    61.1    65.7    60.7    62.1    64.9    66.6    52.7    62.2    74.0    72.6    74.5    84.4    88.7    95.9   104.4   112.9   120.6   120.7   121.0   139.2   140.0   141.9   138.4   123.6   120.9   127.5   125.2   149.3   188.7   181.3   169.9   185.6 -9999.0 -9999.0 -9999.0 -9999.0 -9999.0 -9999.0 -9999.0 -9999.0 -9999.0 -9999.0 -9999.0 -9999.0 -9999.0 -9999.0 -9999.0 -9999.0 -9999.0 -9999.0 -9999.0 -9999.0 -9999.0 -9999.0 -9999.0 -9999.0 -9999.0 -9999.0 -9999.0 -9999.0 -9999.0 -9999.0 -9999.0 -9999.0 -9999.0
 -9999.0 -9999.0 -9999.0 -9999.0 -9999.0 -9999.0 -9999.0 -9999.0 -9999.0 -9999.0 -9999.0    12.1     8.4     8.9     7.5     7.1     6.7     6.5     6.8     7.5     8.7     9.8    11.7    13.9    17.4    20.9    25.4    30.5    36.3    42.7    49.6    56.7    63.3    69.2    73.0    77.4    75.3    73.0    75.7    63.8    61.5    53.0    46.1    41.1    48.3    39.1    48.1    42.8    45.6    44.4    41.2    39.3    37.4    37.2    40.4    48.7    59.8    70.8    82.0    88.3    91.4    92.1    95.1    91.4    97.5    66.0    72.4    89.0    93.5    92.7    99.2   109.8   114.8   113.1   109.6   110.2   113.9   125.8   131.2   137.9   140.0   141.9   139.4   133.4   132.4   126.3   113.2   111.8   124.5   134.1   147.4   164.8   166.9   165.9   185.9 -9999.0 -9999.0 -9999.0 -9999.0 -9999.0 -9999.0 -9999.0 -9999.0 -9999.0 -9999.0 -9999.0 -9999.0 -9999.0 -9999.0 -9999.0 -9999.0 -9999.0 -9999.0 -9999.0 -9999.0 -9999.0 -9999.0 -9999.0 -9999.0 -9999.0 -9999.0 -9999.0 -9999.0 -9999.0 -9999.0 -9999.0 -9999.0 -9999.0
 -9999.0 -9999.0 -9999.0 -9999.0 -9999.0 -9999.0 -9999.0 -9999.0 -9999.0 -9999.0 -9999.0 -9999.0     7.5     6.3     6.1     5.3     5.3     5.2     5.4     5.9     6.6     7.9     9.7    11.9    13.6    18.1    22.5    26.6    32.3    37.1    44.8    51.9    58.5    63.9    68.9    72.2    74.0    71.3    65.7    59.0    53.6    50.3    48.3    50.3    49.4    51.4    54.9    49.8    51.7    51.5    51.3    46.0    43.0    45.9    50.8    59.1    68.5    76.1    88.7    93.2    92.5    92.9    95.7    99.4    87.1   110.2    89.0   108.2   120.9   130.7   137.3   161.9   156.5   141.3   138.9   151.8   151.4   153.1   151.6   169.6   153.1   143.0   134.3   118.2   113.0   111.9   111.6   121.3   139.3   158.6   174.4   172.9   158.9   147.4   152.4   161.8   165.5 -9999.0 -9999.0 -9999.0 -9999.0 -9999.0 -9999.0 -9999.0 -9999.0 -9999.0 -9999.0 -9999.0 -9999.0 -9999.0 -9999.0 -9999.0 -9999.0 -9999.0 -9999.0 -9999.0 -9999.0 -9999.0 -9999.0 -9999.0 -9999.0 -9999.0 -9999.0 -9999.0 -9999.0 -9999.0 -9999.0 -9999.0
 -9999.0 -9999.0 -9999.0 -9999.0 -9999.0 -9999.0 -9999.0 -9999.0 -9999.0 -9999.0 -9999.0 -9999.0     6.6     5.0     4.2     4.2     3.8     3.9     4.0     4.5     5.2     6.2     7.8    10.2    13.3    16.1    19.8    25.1    29.1    35.6    39.9    44.2    52.1    58.5    63.0    67.4    68.2    68.1    65.0    59.7    53.8    51.5    56.2    53.6    59.6    65.3    62.5    61.9    57.7    60.0    56.1    52.5    52.0    55.3    70.2    73.5    81.9    84.7    94.1    93.6    87.9    84.2    89.8    99.7    85.2   104.2    94.9   109.8   121.9   142.4   162.3   163.2   160.8   165.0   167.4   168.6   164.6   182.6   185.5   187.1   198.9   149.1   146.2   132.6   121.3   117.2   120.4   133.5   149.5   169.9   185.5   173.3   138.7   121.8   119.3   128.1   135.9 -9999.0 -9999.0 -9999.0 -9999.0 -9999.0 -9999.0 -9999.0 -9999.0 -9999.0 -9999.0 -9999.0 -9999.0 -9999.0 -9999.0 -9999.0 -9999.0 -9999.0 -9999.0 -9999.0 -9999.0 -9999.0 -9999.0 -9999.0 -9999.0 -9999.0 -9999.0 -9999.0 -9999.0 -9999.0 -9999.0 -9999.0
 -9999.0 -9999.0 -9999.0 -9999.0 -9999.0 -9999.0 -9999.0 -9999.0 -9999.0 -9999.0 -9999.0 -9999.0 -9999.0     4.2     3.5     3.1     3.0     3.0     3.2     3.7     4.2     5.6     6.3     9.3    11.6    12.3    15.3    17.3    23.2    28.7    36.2    42.5    44.0    49.6    59.0    62.2    63.8    63.1    61.0    58.9    56.3    57.6    59.8    67.4    69.9    73.4    79.4    82.4    80.6    74.3    67.2    61.8    64.0    62.4    70.9    80.4    86.6    85.9    87.4    93.4    90.0    83.7    88.6    85.0    82.9   102.8   125.1   141.9   158.3   163.7   164.8   178.6   185.8   184.1   180.9   179.6   178.7   177.9   178.2   180.2   194.5   167.0   171.6   164.6   144.7   128.2   122.0   125.8   140.3   152.1   159.1   149.5   124.5   119.1   126.6   131.7   132.3 -9999.0 -9999.0 -9999.0 -9999.0 -9999.0 -9999.0 -9999.0 -9999.0 -9999.0 -9999.0 -9999.0 -9999.0 -9999.0 -9999.0 -9999.0 -9999.0 -9999.0 -9999.0 -9999.0 -9999.0 -9999.0 -9999.0 -9999.0 -9999.0 -9999.0 -9999.0 -9999.0 -9999.0 -9999.0 -9999.0 -9999.0
 -9999.0 -9999.0 -9999.0 -9999.0 -9999.0 -9999.0 -9999.0 -9999.0 -9999.0 -9999.0 -9999.0 -9999.0     4.1     3.0     2.6     2.5     1.9     2.1     2.3     3.2     3.9     4.9     5.9     8.1    10.9    10.5    14.0    18.5    22.1    25.0    30.7    39.1    36.5    45.9    49.5    55.9    54.4    58.8    56.8    54.1    55.8    61.7    69.8    73.7    83.6    92.0    97.7   100.3    98.5    91.6    83.9    77.1    77.3    78.2    88.4    91.5    86.4    99.0    94.9    98.6    96.4    98.1    97.6   111.0   109.0   118.4   134.9   166.3   196.4   211.5   218.0   217.7   207.5   197.9   189.3   171.3   161.8   169.1   180.0   178.2   167.3   161.3   161.7   153.6   136.4   122.6   116.8   115.7   120.7   121.5   121.4   123.6   128.4   135.5   155.0   161.4   156.4   161.1 -9999.0 -9999.0 -9999.0 -9999.0 -9999.0 -9999.0 -9999.0 -9999.0 -9999.0 -9999.0 -9999.0 -9999.0 -9999.0 -9999.0 -9999.0 -9999.0 -9999.0 -9999.0 -9999.0 -9999.0 -9999.0 -9999.0 -9999.0 -9999.0 -9999.0 -9999.0 -9999.0 -9999.0 -9999.0 -9999.0
 -9999.0 -9999.0 -9999.0 -9999.0 -9999.0 -9999.0 -9999.0 -9999.0 -9999.0 -9999.0 -9999.0 -9999.0     3.0     2.8     2.2     1.3     1.2     1.8     2.0     2.0     3.3     3.5     4.8     6.6     9.9    13.2    15.5    18.4    21.2    26.6    31.3    33.9    31.7    44.7    49.0    49.5    53.9    51.7    50.3    50.3    52.5    61.0    72.6    85.0    97.1   107.5   113.9   118.0   117.1   116.1   107.0    95.3   100.2   109.0   110.5   115.6   102.6   101.4   109.5   112.6   118.8   126.2   113.9   107.5   115.4   126.2   155.2   180.3   204.0   227.6   239.1   233.6   212.4   189.6   168.9   149.6   144.8   171.5   180.2   159.2   144.4   131.7   125.9   115.8   100.9   100.2   102.8   107.7   106.3    99.4    94.5   101.8   122.3   142.4   169.6   179.3   172.4   168.7   176.7 -9999.0 -9999.0 -9999.0 -9999.0 -9999.0 -9999.0 -9999.0 -9999.0 -9999.0 -9999.0 -9999.0 -9999.0 -9999.0 -9999.0 -9999.0 -9999.0 -9999.0 -9999.0 -9999.0 -9999.0 -9999.0 -9999.0 -9999.0 -9999.0 -9999.0 -9999.0 -9999.0 -9999.0 -9999.0
 -9999.0 -9999.0 -9999.0 -9999.0 -9999.0 -9999.0 -9999.0 -9999.0 -9999.0 -9999.0 -9999.0 -9999.0     3.0     1.8     1.9     1.5     1.4     0.9     1.3     1.5     1.2     1.6     3.8     4.1     6.9     6.4     9.9     8.9    19.1    22.8    27.3    22.4    35.5    44.3    47.0    45.6    46.3    44.3    44.9    43.6    52.8    72.3    80.9   104.2   110.9   115.4   119.3   125.8   132.5   128.5   120.3   122.6    98.5    97.5   108.4   139.3   122.8   121.3   127.6   139.0   146.9   153.7   172.2   136.4   116.8   145.8   163.4   184.5   209.4   219.6   223.7   239.4   209.1   186.4   224.0   164.4   217.4   155.6   180.2   153.4   112.9    99.2    83.0    80.4    82.8    86.3    99.0   157.0    98.0    88.3    82.0    84.9    99.7   129.2   162.4   168.7   152.5   144.8   150.8   156.0 -9999.0 -9999.0 -9999.0 -9999.0 -9999.0 -9999.0 -9999.0 -9999.0 -9999.0 -9999.0 -9999.0 -9999.0 -9999.0 -9999.0 -9999.0 -9999.0 -9999.0 -9999.0 -9999.0 -9999.0 -9999.0 -9999.0 -9999.0 -9999.0 -9999.0 -9999.0 -9999.0 -9999.0
 -9999.0 -9999.0 -9999.0 -9999.0 -9999.0 -9999.0 -9999.0 -9999.0 -9999.0 -9999.0 -9999.0 -9999.0 -9999.0     1.0     0.9     1.2     1.0     1.1     0.9     0.9     0.6     1.6     1.7     2.0     5.8     6.7     9.5    13.5    12.9    23.5    17.4    23.1    24.6    36.5    37.0    28.1    31.2    39.5    38.7    46.6    60.0    67.3    84.1   105.4   122.6   122.2   117.1   121.6   113.5   113.7   121.7   108.7   113.8   132.8   117.2   123.4   150.9   150.9   155.1   167.8   187.1   201.4   215.7   142.5   163.8   174.4   180.1   189.3   204.0   232.9   232.8   209.2   207.6   134.6   148.8   125.5   128.3   148.7   181.0   141.4   101.7    83.4    78.4    79.6    87.6    95.5   110.8   255.3   170.5   106.4    94.0    91.6    93.7   114.3   141.5   148.7   119.8   116.6   130.4 -9999.0 -9999.0 -9999.0 -9999.0 -9999.0 -9999.0 -9999.0 -9999.0 -9999.0 -9999.0 -9999.0 -9999.0 -9999.0 -9999.0 -9999.0 -9999.0 -9999.0 -9999.0 -9999.0 -9999.0 -9999.0 -9999.0 -9999.0 -9999.0 -9999.0 -9999.0 -9999.0 -9999.0 -9999.0
 -9999.0 -9999.0 -9999.0 -9999.0 -9999.0 -9999.0 -9999.0 -9999.0 -9999.0 -9999.0 -9999.0 -9999.0 -9999.0     2.1     0.8     1.0     0.6     1.0     1.0     0.9     0.5     0.7     0.8     1.5     6.0     5.7     6.8    12.6    13.8     5.1     9.4    13.5    23.7    26.2    22.0    24.8    35.5    37.4    34.6    33.7    60.8    80.6   100.5   111.8   101.1   110.0   102.8    94.4    90.8    91.7    95.1   105.1   106.9   111.5   118.7   133.3   157.1   168.2   181.3   191.1   229.8   220.2   153.7   202.1   211.5   205.0   194.1   189.2   206.1   232.3   250.8   237.3   198.5   182.2   172.1   180.9   210.2   144.0   141.7   141.0   116.5    96.4   105.2   132.7   152.0   155.1   160.1   167.4   170.7   148.5   155.9   148.0   134.9   132.3   136.6   136.3   123.8   125.9   139.1 -9999.0 -9999.0 -9999.0 -9999.0 -9999.0 -9999.0 -9999.0 -9999.0 -9999.0 -9999.0 -9999.0 -9999.0 -9999.0 -9999.0 -9999.0 -9999.0 -9999.0 -9999.0 -9999.0 -9999.0 -9999.0 -9999.0 -9999.0 -9999.0 -9999.0 -9999.0 -9999.0 -9999.0 -9999.0
 -9999.0 -9999.0 -9999.0 -9999.0 -9999.0 -9999.0 -9999.0 -9999.0 -9999.0 -9999.0 -9999.0 -9999.0 -9999.0 -9999.0 -9999.0     0.9     0.9     0.7     0.9     1.3     0.6     1.2     1.8     2.0     2.2     3.4     1.3     4.4     2.4    11.1     9.6    14.1     8.5    12.5    22.1    14.9    16.2    52.5    44.6    49.7    51.6    67.5    90.1   106.3   119.5   110.5    85.1    73.5    68.3    62.5    71.5    88.5    94.1   106.2   117.3   137.0   156.8   174.3   203.6   233.3   228.4   171.2   208.0   243.9   241.2   220.4   193.0   173.7   187.4   229.9   264.1   260.1   262.0   251.9   215.0   248.8   226.1   232.2   159.6   152.7   157.1   151.1   179.3   233.6   261.3   254.3   242.7   249.0   228.4   233.6   261.7   270.1   232.2   211.0   176.7   154.3   159.1 -9999.0   170.4 -9999.0 -9999.0 -9999.0 -9999.0 -9999.0 -9999.0 -9999.0 -9999.0 -9999.0 -9999.0 -9999.0 -9999.0 -9999.0 -9999.0 -9999.0 -9999.0 -9999.0 -9999.0 -9999.0 -9999.0 -9999.0 -9999.0 -9999.0 -9999.0 -9999.0 -9999.0 -9999.0 -9999.0 -9999.0
 -9999.0 -9999.0 -9999.0 -9999.0 -9999.0 -9999.0 -9999.0 -9999.0 -9999.0 -9999.0 -9999.0 -9999.0 -9999.0 -9999.0 -9999.0 -9999.0 -9999.0     8.6     4.5 -9999.0     4.3     1.0     3.4     4.2     1.9     3.1     0.9     2.9     8.8     4.6    10.5    21.8     5.6    29.7    53.2    32.2    15.4    95.5    51.5    53.1    57.1    58.2    80.5    96.0   154.1   104.6   180.0    64.1    51.4    53.2    58.2    66.2    80.4    98.1   115.8   135.0   152.8   186.0   218.9   256.9   214.4   182.7   196.2   221.3   223.5   210.9   184.7   163.4   165.1   188.6   215.0   237.5   262.8   275.5   275.9   285.1   252.1   206.7   178.1   171.7   199.1   223.5   266.6   322.4   358.5   353.8   332.7   305.2   291.6   302.4   349.1   352.3   298.8   246.7   211.1   206.4   182.2   198.5   222.5   213.6   185.4 -9999.0 -9999.0 -9999.0 -9999.0 -9999.0 -9999.0 -9999.0 -9999.0 -9999.0 -9999.0 -9999.0 -9999.0 -9999.0 -9999.0 -9999.0 -9999.0 -9999.0 -9999.0 -9999.0 -9999.0 -9999.0 -9999.0 -9999.0 -9999.0 -9999.0 -9999.0 -9999.0
 -9999.0 -9999.0 -9999.0 -9999.0 -9999.0 -9999.0 -9999.0 -9999.0 -9999.0 -9999.0 -9999.0 -9999.0 -9999.0 -9999.0 -9999.0 -9999.0 -9999.0 -9999.0 -9999.0 -9999.0 -9999.0     3.4     2.1     0.7     2.3     9.6    10.0    10.5     9.5    19.1    16.8    44.2    37.4    32.9    51.3    35.2    53.1    69.0    88.3   119.7   113.4    50.7    59.3    72.4   149.1    76.8   250.9    65.9    56.3    83.8    54.2    80.5    91.3    84.3   106.7   136.0   159.6   182.9   223.0   266.1   243.8   239.6   172.4   177.9   186.6   188.6   172.2   149.9   136.6   141.2   167.4   205.4   245.2   243.4   233.7   254.5   261.5   228.1   225.5   239.6   253.8   284.0   322.9   359.6   432.2   393.8   371.5   335.8   301.7   312.6   364.9   362.8   361.7   330.5   224.6   203.4   223.1   256.1   286.2   231.8 -9999.0 -9999.0 -9999.0 -9999.0 -9999.0 -9999.0 -9999.0 -9999.0 -9999.0 -9999.0 -9999.0 -9999.0 -9999.0 -9999.0 -9999.0 -9999.0 -9999.0 -9999.0 -9999.0 -9999.0 -9999.0 -9999.0 -9999.0 -9999.0 -9999.0 -9999.0 -9999.0 -9999.0
 -9999.0 -9999.0 -9999.0 -9999.0 -9999.0 -9999.0 -9999.0 -9999.0 -9999.0 -9999.0 -9999.0 -9999.0 -9999.0 -9999.0 -9999.0 -9999.0 -9999.0 -9999.0 -9999.0 -9999.0 -9999.0 -9999.0 -9999.0    25.4     7.8    10.9    12.7    11.3     5.0    16.6    15.5    15.2     5.7    16.0    14.1    22.3    22.9    54.2    35.6    33.0    39.3    38.6    58.7    83.8   147.1   322.1   134.1    95.1   112.1   116.8    68.0    78.3    83.2    95.9    98.5    95.5   151.5   189.6   208.1   256.4   302.0   290.7   239.3   181.6   177.0   179.0   165.7   138.2   122.3   116.8   143.3   179.4   206.3   225.3   204.5   246.3   337.1   394.2   398.9   376.9   348.0   339.5   349.0   370.3   392.8   477.6   357.3   348.8   300.1   310.3   374.9   406.6   366.9   312.2   252.5   240.0   278.6   336.1   296.8 -9999.0 -9999.0 -9999.0 -9999.0 -9999.0 -9999.0 -9999.0 -9999.0 -9999.0 -9999.0 -9999.0 -9999.0 -9999.0 -9999.0 -9999.0 -9999.0 -9999.0 -9999.0 -9999.0 -9999.0 -9999.0 -9999.0 -9999.0 -9999.0 -9999.0 -9999.0 -9999.0 -9999.0 -9999.0
 -9999.0 -9999.0 -9999.0 -9999.0 -9999.0 -9999.0 -9999.0 -9999.0 -9999.0 -9999.0 -9999.0 -9999.0 -9999.0 -9999.0 -9999.0 -9999.0 -9999.0 -9999.0 -9999.0 -9999.0 -9999.0 -9999.0 -9999.0 -9999.0 -9999.0    78.2    34.9     1.2     2.8     1.1     8.3    29.1    36.3    24.6    39.5    20.1    11.4    41.7    26.2    39.1    27.1    43.0   170.2   148.4   286.0   346.6   257.4   353.7    71.7   115.6    79.2    89.5   105.2   114.9   101.0   107.8   147.3   167.4   210.5   235.8   258.0   248.9   246.9   183.8   177.7   178.5   160.3   129.5   125.4   130.1   145.6   175.9   174.6   208.5   230.7   276.2   408.7   526.2   472.1   484.3   419.1   379.1   349.4   332.8   345.2   313.4   304.2   283.7   276.8   296.0   354.7   402.2   358.5   325.8   281.8   325.4   319.5   354.4 -9999.0 -9999.0 -9999.0 -9999.0 -9999.0 -9999.0 -9999.0 -9999.0 -9999.0 -9999.0 -9999.0 -9999.0 -9999.0 -9999.0 -9999.0 -9999.0 -9999.0 -9999.0 -9999.0 -9999.0 -9999.0 -9999.0 -9999.0 -9999.0 -9999.0 -9999.0 -9999.0 -9999.0 -9999.0 -9999.0
 -9999.0 -9999.0 -9999.0 -9999.0 -9999.0 -9999.0 -9999.0 -9999.0 -9999.0 -9999.0 -9999.0 -9999.0 -9999.0 -9999.0 -9999.0 -9999.0 -9999.0 -9999.0 -9999.0 -9999.0 -9999.0 -9999.0 -9999.0 -9999.0 -9999.0 -9999.0 -9999.0   136.9   151.2    66.0    65.6    71.8    14.4   100.3    41.2   199.8    63.7    66.8   119.2    55.1    35.4    80.0   199.6   308.9   329.2   361.3   382.4   381.2   370.4   222.6   290.7   263.7   125.1   125.6   120.8   136.8   148.8   168.6   200.0   211.7   236.4   215.5   194.5   162.3   115.2   126.8   142.5   122.2   114.1   133.7   162.3   196.5   192.5   209.4   232.3   301.3   353.2   414.6   476.9   425.1   373.2   338.8   305.7   283.4   255.9   245.9   241.2   293.8   252.4   268.6   311.1   314.4   296.7   271.2   323.9   344.8   338.4 -9999.0 -9999.0 -9999.0 -9999.0 -9999.0 -9999.0 -9999.0 -9999.0 -9999.0 -9999.0 -9999.0 -9999.0 -9999.0 -9999.0 -9999.0 -9999.0 -9999.0 -9999.0 -9999.0 -9999.0 -9999.0 -9999.0 -9999.0 -9999.0 -9999.0 -9999.0 -9999.0 -9999.0 -9999.0 -9999.0 -9999.0
 -9999.0 -9999.0 -9999.0 -9999.0 -9999.0 -9999.0 -9999.0 -9999.0 -9999.0 -9999.0 -9999.0 -9999.0 -9999.0 -9999.0 -9999.0 -9999.0 -9999.0 -9999.0 -9999.0 -9999.0 -9999.0 -9999.0 -9999.0 -9999.0 -9999.0 -9999.0 -9999.0 -9999.0 -9999.0 -9999.0 -9999.0 -9999.0 -9999.0   194.8    81.2 -9999.0 -9999.0 -9999.0   206.8    98.7   155.6   208.8   179.3   333.9   368.8   376.8 -9999.0 -9999.0 -9999.0 -9999.0 -9999.0 -9999.0   189.0   148.4   147.5   164.8   186.4   190.4   195.1   215.7   228.9   198.7   179.2   143.4   126.8   128.4   145.1   162.9   162.4   163.2   188.3   223.8   225.3   214.5   218.1   262.7   239.3   267.4   280.2   260.9   242.1   231.0   226.2   219.2   219.9   197.3   197.4   235.3   302.0   262.7   278.7   262.5   231.9   216.8   279.7   287.1   280.8 -9999.0 -9999.0 -9999.0 -9999.0 -9999.0 -9999.0 -9999.0 -9999.0 -9999.0 -9999.0 -9999.0 -9999.0 -9999.0 -9999.0 -9999.0 -9999.0 -9999.0 -9999.0 -9999.0 -9999.0 -9999.0 -9999.0 -9999.0 -9999.0 -9999.0 -9999.0 -9999.0 -9999.0 -9999.0 -9999.0 -9999.0
 -9999.0 -9999.0 -9999.0 -9999.0 -9999.0 -9999.0 -9999.0 -9999.0 -9999.0 -9999.0 -9999.0 -9999.0 -9999.0 -9999.0 -9999.0 -9999.0 -9999.0 -9999.0 -9999.0 -9999.0 -9999.0 -9999.0 -9999.0 -9999.0 -9999.0 -9999.0 -9999.0 -9999.0 -9999.0 -9999.0 -9999.0 -9999.0 -9999.0 -9999.0 -9999.0 -9999.0 -9999.0 -9999.0 -9999.0   322.3   323.2   330.7   340.6   350.4 -9999.0 -9999.0 -9999.0 -9999.0 -9999.0 -9999.0 -9999.0 -9999.0   208.4   180.7   171.7   182.5   204.2   196.8   199.1   227.2   248.7   208.5   158.8   140.2   116.7   144.2   189.6   218.3   219.7   252.3   262.4   261.9   244.1   211.7   210.4   202.4   178.3   161.2   153.6   139.9   138.7   141.5   156.0   195.8   183.4   173.2   218.0   279.7   271.0   284.5   253.3   213.2   172.5   209.7   266.4   226.4 -9999.0 -9999.0 -9999.0 -9999.0 -9999.0 -9999.0 -9999.0 -9999.0 -9999.0 -9999.0 -9999.0 -9999.0 -9999.0 -9999.0 -9999.0 -9999.0 -9999.0 -9999.0 -9999.0 -9999.0 -9999.0 -9999.0 -9999.0 -9999.0 -9999.0 -9999.0 -9999.0 -9999.0 -9999.0 -9999.0 -9999.0 -9999.0
 -9999.0 -9999.0 -9999.0 -9999.0 -9999.0 -9999.0 -9999.0 -9999.0 -9999.0 -9999.0 -9999.0 -9999.0 -9999.0 -9999.0 -9999.0 -9999.0 -9999.0 -9999.0 -9999.0 -9999.0 -9999.0 -9999.0 -9999.0 -9999.0 -9999.0 -9999.0 -9999.0 -9999.0 -9999.0 -9999.0 -9999.0 -9999.0 -9999.0 -9999.0 -9999.0 -9999.0 -9999.0 -9999.0 -9999.0 -9999.0 -9999.0 -9999.0 -9999.0 -9999.0 -9999.0 -9999.0 -9999.0 -9999.0 -9999.0 -9999.0 -9999.0 -9999.0   245.3   219.0   194.0   214.5   193.7   185.2   188.2   217.0   235.0   220.0   155.8   148.4   150.7   223.5   268.0   272.0   281.6   305.5   316.3   304.6   280.1   226.6   198.1   212.6   176.2   143.8   115.5   106.8   117.8   122.9   132.9   180.9   181.9   189.2   217.9   248.8   278.1   279.1   240.1   223.7   141.8   218.2   207.2 -9999.0 -9999.0 -9999.0 -9999.0 -9999.0 -9999.0 -9999.0 -9999.0 -9999.0 -9999.0 -9999.0 -9999.0 -9999.0 -9999.0 -9999.0 -9999.0 -9999.0 -9999.0 -9999.0 -9999.0 -9999.0 -9999.0 -9999.0 -9999.0 -9999.0 -9999.0 -9999.0 -9999.0 -9999.0 -9999.0 -9999.0 -9999.0 -9999.0
 -9999.0 -9999.0 -9999.0 -9999.0 -9999.0 -9999.0 -9999.0 -9999.0 -9999.0 -9999.0 -9999.0 -9999.0 -9999.0 -9999.0 -9999.0 -9999.0 -9999.0 -9999.0 -9999.0 -9999.0 -9999.0 -9999.0 -9999.0 -9999.0 -9999.0 -9999.0 -9999.0 -9999.0 -9999.0 -9999.0 -9999.0 -9999.0 -9999.0 -9999.0 -9999.0 -9999.0 -9999.0 -9999.0 -9999.0 -9999.0 -9999.0 -9999.0 -9999.0 -9999.0 -9999.0 -9999.0 -9999.0 -9999.0 -9999.0 -9999.0 -9999.0   329.0   274.6   251.2   167.9   184.4   180.7   203.3   186.1   162.0   219.7   206.2   208.2   196.9   229.3   308.4   315.9   239.8   327.0   340.0   353.3   336.0   292.9   274.1   252.4   244.9   203.8   155.8   129.9   127.5   129.6   135.3   227.6   183.3   175.1   173.2   246.9   215.2   270.9   251.3   277.6   200.7   186.1   157.2   206.9 -9999.0 -9999.0 -9999.0 -9999.0 -9999.0 -9999.0 -9999.0 -9999.0 -9999.0 -9999.0 -9999.0 -9999.0 -9999.0 -9999.0 -9999.0 -9999.0 -9999.0 -9999.0 -9999.0 -9999.0 -9999.0 -9999.0 -9999.0 -9999.0 -9999.0 -9999.0 -9999.0 -9999.0 -9999.0 -9999.0 -9999.0 -9999.0 -9999.0
 -9999.0 -9999.0 -9999.0 -9999.0 -9999.0 -9999.0 -9999.0 -9999.0 -9999.0 -9999.0 -9999.0 -9999.0 -9999.0 -9999.0 -9999.0 -9999.0 -9999.0 -9999.0 -9999.0 -9999.0 -9999.0 -9999.0 -9999.0 -9999.0 -9999.0 -9999.0 -9999.0 -9999.0 -9999.0 -9999.0 -9999.0 -9999.0 -9999.0 -9999.0 -9999.0 -9999.0 -9999.0 -9999.0 -9999.0 -9999.0 -9999.0 -9999.0 -9999.0 -9999.0 -9999.0 -9999.0 -9999.0 -9999.0 -9999.0 -9999.0   352.5   361.9   311.5   277.1   199.0   208.3   186.1   181.9   202.2   231.8   225.8   214.9   233.4   244.9   309.0   352.5   362.9   308.6   379.3   357.1   379.2   320.0   283.1   264.0   247.4   241.6   200.0   193.4   127.3   143.3   168.3   167.8   195.2   191.2   224.0   186.9   222.2   185.4   235.8   261.2   258.0   291.7   189.7   224.8   275.4 -9999.0 -9999.0 -9999.0 -9999.0 -9999.0 -9999.0 -9999.0 -9999.0 -9999.0 -9999.0 -9999.0 -9999.0 -9999.0 -9999.0 -9999.0 -9999.0 -9999.0 -9999.0 -9999.0 -9999.0 -9999.0 -9999.0 -9999.0 -9999.0 -9999.0 -9999.0 -9999.0 -9999.0 -9999.0 -9999.0 -9999.0 -9999.0 -9999.0
 -9999.0 -9999.0 -9999.0 -9999.0 -9999.0 -9999.0 -9999.0 -9999.0 -9999.0 -9999.0 -9999.0 -9999.0 -9999.0 -9999.0 -9999.0 -9999.0 -9999.0 -9999.0 -9999.0 -9999.0 -9999.0 -9999.0 -9999.0 -9999.0 -9999.0 -9999.0 -9999.0 -9999.0 -9999.0 -9999.0 -9999.0 -9999.0 -9999.0 -9999.0 -9999.0 -9999.0 -9999.0 -9999.0 -9999.0 -9999.0 -9999.0 -9999.0 -9999.0 -9999.0 -9999.0 -9999.0 -9999.0 -9999.0 -9999.0 -9999.0   349.8   410.4   352.7   304.3   275.5   232.5   178.1   270.8   277.1   250.3   227.7   237.4   251.1   279.0   318.2   274.0   292.5   265.7   344.4   353.8   373.5   325.5   254.7   195.1   167.8   158.3   192.6   132.7   125.9   184.9   189.2   249.7   247.8   234.2   267.4   234.5   221.7   224.2   236.7   244.6   301.6   224.4   253.6   327.8 -9999.0 -9999.0 -9999.0 -9999.0 -9999.0 -9999.0 -9999.0 -9999.0 -9999.0 -9999.0 -9999.0 -9999.0 -9999.0 -9999.0 -9999.0 -9999.0 -9999.0 -9999.0 -9999.0 -9999.0 -9999.0 -9999.0 -9999.0 -9999.0 -9999.0 -9999.0 -9999.0 -9999.0 -9999.0 -9999.0 -9999.0 -9999.0 -9999.0 -9999.0
 -9999.0 -9999.0 -9999.0 -9999.0 -9999.0 -9999.0 -9999.0 -9999.0 -9999.0 -9999.0 -9999.0 -9999.0 -9999.0 -9999.0 -9999.0 -9999.0 -9999.0 -9999.0 -9999.0 -9999.0 -9999.0 -9999.0 -9999.0 -9999.0 -9999.0 -9999.0 -9999.0 -9999.0 -9999.0 -9999.0 -9999.0 -9999.0 -9999.0 -9999.0 -9999.0 -9999.0 -9999.0 -9999.0 -9999.0 -9999.0 -9999.0 -9999.0 -9999.0 -9999.0 -9999.0 -9999.0 -9999.0 -9999.0 -9999.0 -9999.0   322.3   385.5   366.6   424.3   284.8   245.3   345.7   296.7   319.2   226.8   238.4   239.4   237.4   245.9   270.0   255.5   229.8   246.0   292.8   409.3   357.4   363.8   183.1   164.0   111.0   126.1   207.7   115.9   139.1   149.3   264.9   260.9   261.2   274.2   319.8   273.8   246.9   238.3   272.5   290.4   407.8   372.0 -9999.0 -9999.0 -9999.0 -9999.0 -9999.0 -9999.0 -9999.0 -9999.0 -9999.0 -9999.0 -9999.0 -9999.0 -9999.0 -9999.0 -9999.0 -9999.0 -9999.0 -9999.0 -9999.0 -9999.0 -9999.0 -9999.0 -9999.0 -9999.0 -9999.0 -9999.0 -9999.0 -9999.0 -9999.0 -9999.0 -9999.0 -9999.0 -9999.0 -9999.0 -9999.0 -9999.0
 -9999.0 -9999.0 -9999.0 -9999.0 -9999.0 -9999.0 -9999.0 -9999.0 -9999.0 -9999.0 -9999.0 -9999.0 -9999.0 -9999.0 -9999.0 -9999.0 -9999.0 -9999.0 -9999.0 -9999.0 -9999.0 -9999.0 -9999.0 -9999.0 -9999.0 -9999.0 -9999.0 -9999.0 -9999.0 -9999.0 -9999.0 -9999.0 -9999.0 -9999.0 -9999.0 -9999.0 -9999.0 -9999.0 -9999.0 -9999.0 -9999.0 -9999.0 -9999.0 -9999.0 -9999.0 -9999.0 -9999.0 -9999.0 -9999.0 -9999.0   397.7   488.5   449.3   449.8   387.7   399.3   215.9   303.7   306.3   237.4   249.6   223.0   192.4   210.6   224.3   224.6   248.9   276.7   366.1   266.5   330.3   240.8   157.3   131.5    96.3   135.4   181.2   123.4   178.5   166.8   224.0   291.8   269.6   306.6   293.0   316.0   362.5   317.9   393.2   463.6   493.7 -9999.0 -9999.0 -9999.0 -9999.0 -9999.0 -9999.0 -9999.0 -9999.0 -9999.0 -9999.0 -9999.0 -9999.0 -9999.0 -9999.0 -9999.0 -9999.0 -9999.0 -9999.0 -9999.0 -9999.0 -9999.0 -9999.0 -9999.0 -9999.0 -9999.0 -9999.0 -9999.0 -9999.0 -9999.0 -9999.0 -9999.0 -9999.0 -9999.0 -9999.0 -9999.0 -9999.0 -9999.0
 -9999.0 -9999.0 -9999.0 -9999.0 -9999.0 -9999.0 -9999.0 -9999.0 -9999.0 -9999.0 -9999.0 -9999.0 -9999.0 -9999.0 -9999.0 -9999.0 -9999.0 -9999.0 -9999.0 -9999.0 -9999.0 -9999.0 -9999.0 -9999.0 -9999.0 -9999.0 -9999.0 -9999.0 -9999.0 -9999.0 -9999.0 -9999.0 -9999.0 -9999.0 -9999.0 -9999.0 -9999.0 -9999.0 -9999.0 -9999.0 -9999.0 -9999.0 -9999.0 -9999.0 -9999.0 -9999.0 -9999.0 -9999.0 -9999.0 -9999.0 -9999.0 -9999.0 -9999.0   449.3   372.0   300.9   284.9   308.7   224.5   264.6   347.9   254.7   252.0   239.7   216.3   205.5   241.1   241.7   325.3   359.3   318.5   214.2   129.8   100.9   105.4   113.1   133.0   116.9   136.1   182.2   240.2   245.8   263.2   279.1   300.0   348.0   396.2   505.9   473.6   556.9 -9999.0 -9999.0 -9999.0 -9999.0 -9999.0 -9999.0 -9999.0 -9999.0 -9999.0 -9999.0 -9999.0 -9999.0 -9999.0 -9999.0 -9999.0 -9999.0 -9999.0 -9999.0 -9999.0 -9999.0 -9999.0 -9999.0 -9999.0 -9999.0 -9999.0 -9999.0 -9999.0 -9999.0 -9999.0 -9999.0 -9999.0 -9999.0 -9999.0 -9999.0 -9999.0 -9999.0 -9999.0 -9999.0
 -9999.0 -9999.0 -9999.0 -9999.0 -9999.0 -9999.0 -9999.0 -9999.0 -9999.0 -9999.0 -9999.0 -9999.0 -9999.0 -9999.0 -9999.0 -9999.0 -9999.0 -9999.0 -9999.0 -9999.0 -9999.0 -9999.0 -9999.0 -9999.0 -9999.0 -9999.0 -9999.0 -9999.0 -9999.0 -9999.0 -9999.0 -9999.0 -9999.0 -9999.0 -9999.0 -9999.0 -9999.0 -9999.0 -9999.0 -9999.0 -9999.0 -9999.0 -9999.0 -9999.0 -9999.0 -9999.0 -9999.0 -9999.0 -9999.0 -9999.0 -9999.0 -9999.0 -9999.0   497.3   381.7   536.0   255.6   192.7   261.7   401.1   373.8   375.0   391.6   372.5   302.4   246.8   205.0   266.3   239.3   276.8   271.2   214.3   156.6   123.9   116.9   137.6   110.3   130.9   147.6   209.7   251.2   261.3   258.2 -9999.0   283.2   331.0 -9999.0 -9999.0 -9999.0 -9999.0 -9999.0 -9999.0 -9999.0 -9999.0 -9999.0 -9999.0 -9999.0 -9999.0 -9999.0 -9999.0 -9999.0 -9999.0 -9999.0 -9999.0 -9999.0 -9999.0 -9999.0 -9999.0 -9999.0 -9999.0 -9999.0 -9999.0 -9999.0 -9999.0 -9999.0 -9999.0 -9999.0 -9999.0 -9999.0 -9999.0 -9999.0 -9999.0 -9999.0 -9999.0 -9999.0 -9999.0 -9999.0 -9999.0
 -9999.0 -9999.0 -9999.0 -9999.0 -9999.0 -9999.0 -9999.0 -9999.0 -9999.0 -9999.0 -9999.0 -9999.0 -9999.0 -9999.0 -9999.0 -9999.0 -9999.0 -9999.0 -9999.0 -9999.0 -9999.0 -9999.0 -9999.0 -9999.0 -9999.0 -9999.0 -9999.0 -9999.0 -9999.0 -9999.0 -9999.0 -9999.0 -9999.0 -9999.0 -9999.0 -9999.0 -9999.0 -9999.0 -9999.0 -9999.0 -9999.0 -9999.0 -9999.0 -9999.0 -9999.0 -9999.0 -9999.0 -9999.0 -9999.0 -9999.0 -9999.0 -9999.0 -9999.0   536.3   326.5   403.6   275.4   197.6   263.9   352.9   492.3   543.3   553.7   482.6   404.9 -9999.0 -9999.0 -9999.0   227.9   205.6   244.8   258.3   212.8   158.6   137.9   153.6   121.1   122.7   296.6   241.3   261.9   257.5   279.8 -9999.0 -9999.0 -9999.0 -9999.0 -9999.0 -9999.0 -9999.0 -9999.0 -9999.0 -9999.0 -9999.0 -9999.0 -9999.0 -9999.0 -9999.0 -9999.0 -9999.0 -9999.0 -9999.0 -9999.0 -9999.0 -9999.0 -9999.0 -9999.0 -9999.0 -9999.0 -9999.0 -9999.0 -9999.0 -9999.0 -9999.0 -9999.0 -9999.0 -9999.0 -9999.0 -9999.0 -9999.0 -9999.0 -9999.0 -9999.0 -9999.0 -9999.0 -9999.0 -9999.0 -9999.0
 -9999.0 -9999.0 -9999.0 -9999.0 -9999.0 -9999.0 -9999.0 -9999.0 -9999.0 -9999.0 -9999.0 -9999.0 -9999.0 -9999.0 -9999.0 -9999.0 -9999.0 -9999.0 -9999.0 -9999.0 -9999.0 -9999.0 -9999.0 -9999.0 -9999.0 -9999.0 -9999.0 -9999.0 -9999.0 -9999.0 -9999.0 -9999.0 -9999.0 -9999.0 -9999.0 -9999.0 -9999.0 -9999.0 -9999.0 -9999.0 -9999.0 -9999.0 -9999.0 -9999.0 -9999.0 -9999.0 -9999.0 -9999.0 -9999.0 -9999.0 -9999.0 -9999.0 -9999.0 -9999.0   465.3   359.3   189.5   156.9   300.5   467.1   460.6 -9999.0 -9999.0 -9999.0 -9999.0 -9999.0 -9999.0 -9999.0   193.9   219.0   295.7   286.7   242.5   180.2   140.2   139.6   155.7   146.7   173.7 -9999.0   254.4 -9999.0 -9999.0 -9999.0 -9999.0 -9999.0 -9999.0 -9999.0 -9999.0 -9999.0 -9999.0 -9999.0 -9999.0 -9999.0 -9999.0 -9999.0 -9999.0 -9999.0 -9999.0 -9999.0 -9999.0 -9999.0 -9999.0 -9999.0 -9999.0 -9999.0 -9999.0 -9999.0 -9999.0 -9999.0 -9999.0 -9999.0 -9999.0 -9999.0 -9999.0 -9999.0 -9999.0 -9999.0 -9999.0 -9999.0 -9999.0 -9999.0 -9999.0 -9999.0 -9999.0 -9999.0 -9999.0 -9999.0
 -9999.0 -9999.0 -9999.0 -9999.0 -9999.0 -9999.0 -9999.0 -9999.0 -9999.0 -9999.0 -9999.0 -9999.0 -9999.0 -9999.0 -9999.0 -9999.0 -9999.0 -9999.0 -9999.0 -9999.0 -9999.0 -9999.0 -9999.0 -9999.0 -9999.0 -9999.0 -9999.0 -9999.0 -9999.0 -9999.0 -9999.0 -9999.0 -9999.0 -9999.0 -9999.0 -9999.0 -9999.0 -9999.0 -9999.0 -9999.0 -9999.0 -9999.0 -9999.0 -9999.0 -9999.0 -9999.0 -9999.0 -9999.0 -9999.0 -9999.0 -9999.0 -9999.0 -9999.0 -9999.0 -9999.0   328.0   426.5   262.0   280.7   443.9   541.7 -9999.0 -9999.0 -9999.0 -9999.0 -9999.0 -9999.0 -9999.0 -9999.0 -9999.0   290.6 -9999.0 -9999.0 -9999.0 -9999.0 -9999.0   166.2 -9999.0 -9999.0 -9999.0 -9999.0 -9999.0 -9999.0 -9999.0 -9999.0 -9999.0 -9999.0 -9999.0 -9999.0 -9999.0 -9999.0 -9999.0 -9999.0 -9999.0 -9999.0 -9999.0 -9999.0 -9999.0 -9999.0 -9999.0 -9999.0 -9999.0 -9999.0 -9999.0 -9999.0 -9999.0 -9999.0 -9999.0 -9999.0 -9999.0 -9999.0 -9999.0 -9999.0 -9999.0 -9999.0 -9999.0 -9999.0 -9999.0 -9999.0 -9999.0 -9999.0 -9999.0 -9999.0 -9999.0 -9999.0 -9999.0 -9999.0 -9999.0
 -9999.0 -9999.0 -9999.0 -9999.0 -9999.0 -9999.0 -9999.0 -9999.0 -9999.0 -9999.0 -9999.0 -9999.0 -9999.0 -9999.0 -9999.0 -9999.0 -9999.0 -9999.0 -9999.0 -9999.0 -9999.0 -9999.0 -9999.0 -9999.0 -9999.0 -9999.0 -9999.0 -9999.0 -9999.0 -9999.0 -9999.0 -9999.0 -9999.0 -9999.0 -9999.0 -9999.0 -9999.0 -9999.0 -9999.0 -9999.0 -9999.0 -9999.0 -9999.0 -9999.0 -9999.0 -9999.0 -9999.0 -9999.0 -9999.0 -9999.0 -9999.0 -9999.0 -9999.0 -9999.0 -9999.0 -9999.0 -9999.0 -9999.0   383.9   432.9 -9999.0 -9999.0 -9999.0 -9999.0 -9999.0 -9999.0 -9999.0 -9999.0 -9999.0 -9999.0 -9999.0 -9999.0 -9999.0 -9999.0 -9999.0   157.1   186.8 -9999.0 -9999.0 -9999.0 -9999.0 -9999.0 -9999.0 -9999.0 -9999.0 -9999.0 -9999.0 -9999.0 -9999.0 -9999.0 -9999.0 -9999.0 -9999.0 -9999.0 -9999.0 -9999.0 -9999.0 -9999.0 -9999.0 -9999.0 -9999.0 -9999.0 -9999.0 -9999.0 -9999.0 -9999.0 -9999.0 -9999.0 -9999.0 -9999.0 -9999.0 -9999.0 -9999.0 -9999.0 -9999.0 -9999.0 -9999.0 -9999.0 -9999.0 -9999.0 -9999.0 -9999.0 -9999.0 -9999.0 -9999.0 -9999.0 -9999.0 -9999.0
 -9999.0 -9999.0 -9999.0 -9999.0 -9999.0 -9999.0 -9999.0 -9999.0 -9999.0 -9999.0 -9999.0 -9999.0 -9999.0 -9999.0 -9999.0 -9999.0 -9999.0 -9999.0 -9999.0 -9999.0 -9999.0 -9999.0 -9999.0 -9999.0 -9999.0 -9999.0 -9999.0 -9999.0 -9999.0 -9999.0 -9999.0 -9999.0 -9999.0 -9999.0 -9999.0 -9999.0 -9999.0 -9999.0 -9999.0 -9999.0 -9999.0 -9999.0 -9999.0 -9999.0 -9999.0 -9999.0 -9999.0 -9999.0 -9999.0 -9999.0 -9999.0 -9999.0 -9999.0 -9999.0 -9999.0 -9999.0 -9999.0 -9999.0 -9999.0 -9999.0 -9999.0 -9999.0 -9999.0 -9999.0 -9999.0 -9999.0 -9999.0 -9999.0 -9999.0 -9999.0 -9999.0 -9999.0 -9999.0 -9999.0 -9999.0 -9999.0 -9999.0 -9999.0 -9999.0 -9999.0 -9999.0 -9999.0 -9999.0 -9999.0 -9999.0 -9999.0 -9999.0 -9999.0 -9999.0 -9999.0 -9999.0 -9999.0 -9999.0 -9999.0 -9999.0 -9999.0 -9999.0 -9999.0 -9999.0 -9999.0 -9999.0 -9999.0 -9999.0 -9999.0 -9999.0 -9999.0 -9999.0 -9999.0 -9999.0 -9999.0 -9999.0 -9999.0 -9999.0 -9999.0 -9999.0 -9999.0 -9999.0 -9999.0 -9999.0 -9999.0 -9999.0 -9999.0 -9999.0 -9999.0 -9999.0 -9999.0 -9999.0 -9999.0
 -9999.0 -9999.0 -9999.0 -9999.0 -9999.0 -9999.0 -9999.0 -9999.0 -9999.0 -9999.0 -9999.0 -9999.0 -9999.0 -9999.0 -9999.0 -9999.0 -9999.0 -9999.0 -9999.0 -9999.0 -9999.0 -9999.0 -9999.0 -9999.0 -9999.0 -9999.0 -9999.0 -9999.0 -9999.0 -9999.0 -9999.0 -9999.0 -9999.0 -9999.0 -9999.0 -9999.0 -9999.0 -9999.0 -9999.0 -9999.0 -9999.0 -9999.0 -9999.0 -9999.0 -9999.0 -9999.0 -9999.0 -9999.0 -9999.0 -9999.0 -9999.0 -9999.0 -9999.0 -9999.0 -9999.0 -9999.0 -9999.0 -9999.0 -9999.0 -9999.0 -9999.0 -9999.0 -9999.0 -9999.0 -9999.0 -9999.0 -9999.0 -9999.0 -9999.0 -9999.0 -9999.0 -9999.0 -9999.0 -9999.0 -9999.0   310.5   304.9   291.5 -9999.0 -9999.0 -9999.0 -9999.0 -9999.0 -9999.0 -9999.0 -9999.0 -9999.0 -9999.0 -9999.0 -9999.0 -9999.0 -9999.0 -9999.0 -9999.0 -9999.0 -9999.0 -9999.0 -9999.0 -9999.0 -9999.0 -9999.0 -9999.0 -9999.0 -9999.0 -9999.0 -9999.0 -9999.0 -9999.0 -9999.0 -9999.0 -9999.0 -9999.0 -9999.0 -9999.0 -9999.0 -9999.0 -9999.0 -9999.0 -9999.0 -9999.0 -9999.0 -9999.0 -9999.0 -9999.0 -9999.0 -9999.0 -9999.0 -9999.0
 -9999.0 -9999.0 -9999.0 -9999.0 -9999.0 -9999.0 -9999.0 -9999.0 -9999.0 -9999.0 -9999.0 -9999.0 -9999.0 -9999.0 -9999.0 -9999.0 -9999.0 -9999.0 -9999.0 -9999.0 -9999.0 -9999.0 -9999.0 -9999.0 -9999.0 -9999.0 -9999.0 -9999.0 -9999.0 -9999.0 -9999.0 -9999.0 -9999.0 -9999.0 -9999.0 -9999.0 -9999.0 -9999.0 -9999.0 -9999.0 -9999.0 -9999.0 -9999.0 -9999.0 -9999.0 -9999.0 -9999.0 -9999.0 -9999.0 -9999.0 -9999.0 -9999.0 -9999.0 -9999.0 -9999.0 -9999.0 -9999.0 -9999.0 -9999.0 -9999.0 -9999.0 -9999.0 -9999.0 -9999.0 -9999.0 -9999.0 -9999.0 -9999.0 -9999.0 -9999.0 -9999.0 -9999.0 -9999.0   372.5   404.6   352.3   336.1 -9999.0 -9999.0 -9999.0 -9999.0 -9999.0 -9999.0 -9999.0 -9999.0 -9999.0 -9999.0 -9999.0 -9999.0 -9999.0 -9999.0 -9999.0 -9999.0 -9999.0 -9999.0 -9999.0 -9999.0 -9999.0 -9999.0 -9999.0 -9999.0 -9999.0 -9999.0 -9999.0 -9999.0 -9999.0 -9999.0 -9999.0 -9999.0 -9999.0 -9999.0 -9999.0 -9999.0 -9999.0 -9999.0 -9999.0 -9999.0 -9999.0 -9999.0 -9999.0 -9999.0 -9999.0 -9999.0 -9999.0 -9999.0 -9999.0 -9999.0 -9999.0
 -9999.0 -9999.0 -9999.0 -9999.0 -9999.0 -9999.0 -9999.0 -9999.0 -9999.0 -9999.0 -9999.0 -9999.0 -9999.0 -9999.0 -9999.0 -9999.0 -9999.0 -9999.0 -9999.0 -9999.0 -9999.0 -9999.0 -9999.0 -9999.0 -9999.0 -9999.0 -9999.0 -9999.0 -9999.0 -9999.0 -9999.0 -9999.0 -9999.0 -9999.0 -9999.0 -9999.0 -9999.0 -9999.0 -9999.0 -9999.0 -9999.0 -9999.0 -9999.0 -9999.0 -9999.0 -9999.0 -9999.0 -9999.0 -9999.0 -9999.0 -9999.0 -9999.0 -9999.0 -9999.0 -9999.0 -9999.0 -9999.0 -9999.0 -9999.0 -9999.0 -9999.0 -9999.0 -9999.0 -9999.0 -9999.0 -9999.0 -9999.0 -9999.0 -9999.0 -9999.0 -9999.0 -9999.0 -9999.0 -9999.0   359.1   367.1   269.0 -9999.0 -9999.0 -9999.0 -9999.0 -9999.0 -9999.0 -9999.0 -9999.0 -9999.0 -9999.0 -9999.0 -9999.0 -9999.0 -9999.0 -9999.0 -9999.0 -9999.0 -9999.0 -9999.0 -9999.0 -9999.0 -9999.0 -9999.0 -9999.0 -9999.0 -9999.0 -9999.0 -9999.0 -9999.0 -9999.0 -9999.0 -9999.0 -9999.0 -9999.0 -9999.0 -9999.0 -9999.0 -9999.0 -9999.0 -9999.0 -9999.0 -9999.0 -9999.0 -9999.0 -9999.0 -9999.0 -9999.0 -9999.0 -9999.0 -9999.0 -9999.0
 -9999.0 -9999.0 -9999.0 -9999.0 -9999.0 -9999.0 -9999.0 -9999.0 -9999.0 -9999.0 -9999.0 -9999.0 -9999.0 -9999.0 -9999.0 -9999.0 -9999.0 -9999.0 -9999.0 -9999.0 -9999.0 -9999.0 -9999.0 -9999.0 -9999.0 -9999.0 -9999.0 -9999.0 -9999.0 -9999.0 -9999.0 -9999.0 -9999.0 -9999.0 -9999.0 -9999.0 -9999.0 -9999.0 -9999.0 -9999.0 -9999.0 -9999.0 -9999.0 -9999.0 -9999.0 -9999.0 -9999.0 -9999.0 -9999.0 -9999.0 -9999.0 -9999.0 -9999.0 -9999.0 -9999.0 -9999.0 -9999.0 -9999.0 -9999.0 -9999.0 -9999.0 -9999.0 -9999.0 -9999.0 -9999.0 -9999.0 -9999.0 -9999.0 -9999.0 -9999.0 -9999.0 -9999.0 -9999.0 -9999.0 -9999.0 -9999.0 -9999.0 -9999.0 -9999.0 -9999.0 -9999.0 -9999.0 -9999.0 -9999.0 -9999.0 -9999.0 -9999.0 -9999.0 -9999.0 -9999.0 -9999.0 -9999.0 -9999.0 -9999.0 -9999.0 -9999.0 -9999.0 -9999.0 -9999.0 -9999.0 -9999.0 -9999.0 -9999.0 -9999.0 -9999.0 -9999.0 -9999.0 -9999.0 -9999.0 -9999.0 -9999.0 -9999.0 -9999.0 -9999.0 -9999.0 -9999.0 -9999.0 -9999.0 -9999.0 -9999.0 -9999.0 -9999.0 -9999.0 -9999.0 -9999.0 -9999.0 -9999.0 -9999.0
