NCOLS      128
NROWS       72
XLLCORNER    72.000000000000    
YLLCORNER    18.000000000000    
CELLSIZE    0.50000000000000    
NODATA_VALUE   -9999.000    
 -9999.0 -9999.0 -9999.0 -9999.0 -9999.0 -9999.0 -9999.0 -9999.0 -9999.0 -9999.0 -9999.0 -9999.0 -9999.0 -9999.0 -9999.0 -9999.0 -9999.0 -9999.0 -9999.0 -9999.0 -9999.0 -9999.0 -9999.0 -9999.0 -9999.0 -9999.0 -9999.0 -9999.0 -9999.0 -9999.0 -9999.0 -9999.0 -9999.0 -9999.0 -9999.0 -9999.0 -9999.0 -9999.0 -9999.0 -9999.0 -9999.0 -9999.0 -9999.0 -9999.0 -9999.0 -9999.0 -9999.0 -9999.0 -9999.0 -9999.0 -9999.0 -9999.0 -9999.0 -9999.0 -9999.0 -9999.0 -9999.0 -9999.0 -9999.0 -9999.0 -9999.0 -9999.0 -9999.0 -9999.0 -9999.0 -9999.0 -9999.0 -9999.0 -9999.0 -9999.0 -9999.0 -9999.0 -9999.0 -9999.0 -9999.0 -9999.0 -9999.0 -9999.0 -9999.0 -9999.0 -9999.0 -9999.0 -9999.0 -9999.0 -9999.0 -9999.0 -9999.0 -9999.0 -9999.0 -9999.0 -9999.0 -9999.0 -9999.0 -9999.0 -9999.0 -9999.0 -9999.0    24.2    31.4    39.3    45.1    50.2    51.3    49.6    44.6 -9999.0 -9999.0 -9999.0 -9999.0 -9999.0 -9999.0 -9999.0 -9999.0 -9999.0 -9999.0 -9999.0 -9999.0 -9999.0 -9999.0 -9999.0 -9999.0 -9999.0 -9999.0 -9999.0 -9999.0 -9999.0 -9999.0 -9999.0
 -9999.0 -9999.0 -9999.0 -9999.0 -9999.0 -9999.0 -9999.0 -9999.0 -9999.0 -9999.0 -9999.0 -9999.0 -9999.0 -9999.0 -9999.0 -9999.0 -9999.0 -9999.0 -9999.0 -9999.0 -9999.0 -9999.0 -9999.0 -9999.0 -9999.0 -9999.0 -9999.0 -9999.0 -9999.0 -9999.0 -9999.0 -9999.0 -9999.0 -9999.0 -9999.0 -9999.0 -9999.0 -9999.0 -9999.0 -9999.0 -9999.0 -9999.0 -9999.0 -9999.0 -9999.0 -9999.0 -9999.0 -9999.0 -9999.0 -9999.0 -9999.0 -9999.0 -9999.0 -9999.0 -9999.0 -9999.0 -9999.0 -9999.0 -9999.0 -9999.0 -9999.0 -9999.0 -9999.0 -9999.0 -9999.0 -9999.0 -9999.0 -9999.0 -9999.0 -9999.0 -9999.0 -9999.0 -9999.0 -9999.0 -9999.0 -9999.0 -9999.0 -9999.0 -9999.0 -9999.0 -9999.0 -9999.0 -9999.0 -9999.0 -9999.0 -9999.0 -9999.0 -9999.0 -9999.0 -9999.0 -9999.0 -9999.0 -9999.0 -9999.0 -9999.0 -9999.0    20.4    27.1    34.0    43.1    49.4    55.1    58.3    57.6    53.5    49.9    45.3    40.8    37.9 -9999.0 -9999.0 -9999.0 -9999.0 -9999.0 -9999.0 -9999.0 -9999.0 -9999.0 -9999.0 -9999.0 -9999.0 -9999.0 -9999.0 -9999.0 -9999.0 -9999.0 -9999.0 -9999.0
 -9999.0 -9999.0 -9999.0 -9999.0 -9999.0 -9999.0 -9999.0 -9999.0 -9999.0 -9999.0 -9999.0 -9999.0 -9999.0 -9999.0 -9999.0 -9999.0 -9999.0 -9999.0 -9999.0 -9999.0 -9999.0 -9999.0 -9999.0 -9999.0 -9999.0 -9999.0 -9999.0 -9999.0 -9999.0 -9999.0 -9999.0 -9999.0 -9999.0 -9999.0 -9999.0 -9999.0 -9999.0 -9999.0 -9999.0 -9999.0 -9999.0 -9999.0 -9999.0 -9999.0 -9999.0 -9999.0 -9999.0 -9999.0 -9999.0 -9999.0 -9999.0 -9999.0 -9999.0 -9999.0 -9999.0 -9999.0 -9999.0 -9999.0 -9999.0 -9999.0 -9999.0 -9999.0 -9999.0 -9999.0 -9999.0 -9999.0 -9999.0 -9999.0 -9999.0 -9999.0 -9999.0 -9999.0 -9999.0 -9999.0 -9999.0 -9999.0 -9999.0 -9999.0 -9999.0 -9999.0 -9999.0 -9999.0 -9999.0 -9999.0 -9999.0 -9999.0 -9999.0 -9999.0 -9999.0 -9999.0 -9999.0 -9999.0 -9999.0 -9999.0 -9999.0    16.5    21.6    28.4    36.1    46.2    54.5    60.5    63.6    62.6    59.5    53.2    52.0    48.6    47.1 -9999.0 -9999.0 -9999.0 -9999.0 -9999.0 -9999.0 -9999.0 -9999.0 -9999.0 -9999.0 -9999.0 -9999.0 -9999.0 -9999.0 -9999.0 -9999.0 -9999.0 -9999.0 -9999.0
 -9999.0 -9999.0 -9999.0 -9999.0 -9999.0 -9999.0 -9999.0 -9999.0 -9999.0 -9999.0 -9999.0 -9999.0 -9999.0 -9999.0 -9999.0 -9999.0 -9999.0 -9999.0 -9999.0 -9999.0 -9999.0 -9999.0 -9999.0 -9999.0 -9999.0 -9999.0 -9999.0 -9999.0 -9999.0 -9999.0 -9999.0 -9999.0 -9999.0 -9999.0 -9999.0 -9999.0 -9999.0 -9999.0 -9999.0 -9999.0 -9999.0 -9999.0 -9999.0 -9999.0 -9999.0 -9999.0 -9999.0 -9999.0 -9999.0 -9999.0 -9999.0 -9999.0 -9999.0 -9999.0 -9999.0 -9999.0 -9999.0 -9999.0 -9999.0 -9999.0 -9999.0 -9999.0 -9999.0 -9999.0 -9999.0 -9999.0 -9999.0 -9999.0 -9999.0 -9999.0 -9999.0 -9999.0 -9999.0 -9999.0 -9999.0 -9999.0 -9999.0 -9999.0 -9999.0 -9999.0 -9999.0 -9999.0 -9999.0 -9999.0 -9999.0 -9999.0 -9999.0 -9999.0 -9999.0 -9999.0 -9999.0 -9999.0 -9999.0 -9999.0 -9999.0    17.5    22.5    30.4    38.5    47.3    55.1    61.1    67.9    67.4    63.6    60.6    59.9    58.1    58.4    59.3 -9999.0 -9999.0 -9999.0 -9999.0 -9999.0 -9999.0 -9999.0 -9999.0 -9999.0 -9999.0 -9999.0 -9999.0 -9999.0 -9999.0 -9999.0 -9999.0 -9999.0 -9999.0
 -9999.0 -9999.0 -9999.0 -9999.0 -9999.0 -9999.0 -9999.0 -9999.0 -9999.0 -9999.0 -9999.0 -9999.0 -9999.0 -9999.0 -9999.0 -9999.0 -9999.0 -9999.0 -9999.0 -9999.0 -9999.0 -9999.0 -9999.0 -9999.0 -9999.0 -9999.0 -9999.0 -9999.0 -9999.0 -9999.0 -9999.0 -9999.0 -9999.0 -9999.0 -9999.0 -9999.0 -9999.0 -9999.0 -9999.0 -9999.0 -9999.0 -9999.0 -9999.0 -9999.0 -9999.0 -9999.0 -9999.0 -9999.0 -9999.0 -9999.0 -9999.0 -9999.0 -9999.0 -9999.0 -9999.0 -9999.0 -9999.0 -9999.0 -9999.0 -9999.0 -9999.0 -9999.0 -9999.0 -9999.0 -9999.0 -9999.0 -9999.0 -9999.0 -9999.0 -9999.0 -9999.0 -9999.0 -9999.0 -9999.0 -9999.0 -9999.0 -9999.0 -9999.0 -9999.0 -9999.0 -9999.0 -9999.0 -9999.0 -9999.0 -9999.0 -9999.0 -9999.0 -9999.0 -9999.0 -9999.0 -9999.0 -9999.0 -9999.0 -9999.0 -9999.0    18.7    23.9    30.3    38.6    48.7    59.0    63.5    68.8    69.9    67.6    65.7    68.9    70.0    71.9    75.7    78.4 -9999.0 -9999.0 -9999.0 -9999.0 -9999.0 -9999.0 -9999.0 -9999.0 -9999.0 -9999.0 -9999.0 -9999.0 -9999.0 -9999.0 -9999.0 -9999.0 -9999.0
 -9999.0 -9999.0 -9999.0 -9999.0 -9999.0 -9999.0 -9999.0 -9999.0 -9999.0 -9999.0 -9999.0 -9999.0 -9999.0 -9999.0 -9999.0 -9999.0 -9999.0 -9999.0 -9999.0 -9999.0 -9999.0 -9999.0 -9999.0 -9999.0 -9999.0 -9999.0 -9999.0 -9999.0 -9999.0 -9999.0 -9999.0 -9999.0 -9999.0 -9999.0 -9999.0 -9999.0 -9999.0 -9999.0 -9999.0 -9999.0 -9999.0 -9999.0 -9999.0 -9999.0 -9999.0 -9999.0 -9999.0 -9999.0 -9999.0 -9999.0 -9999.0 -9999.0 -9999.0 -9999.0 -9999.0 -9999.0 -9999.0 -9999.0 -9999.0 -9999.0 -9999.0 -9999.0 -9999.0 -9999.0 -9999.0 -9999.0 -9999.0 -9999.0 -9999.0 -9999.0 -9999.0 -9999.0 -9999.0 -9999.0 -9999.0 -9999.0 -9999.0 -9999.0 -9999.0 -9999.0 -9999.0 -9999.0 -9999.0 -9999.0 -9999.0 -9999.0 -9999.0 -9999.0 -9999.0 -9999.0 -9999.0 -9999.0 -9999.0 -9999.0    17.1    20.2    25.3    32.3    41.0    50.2    58.8    70.4    73.5    75.5    75.9    76.7    80.5    84.3    88.8    95.7    98.9 -9999.0 -9999.0 -9999.0 -9999.0 -9999.0 -9999.0 -9999.0 -9999.0 -9999.0 -9999.0 -9999.0 -9999.0 -9999.0 -9999.0 -9999.0 -9999.0 -9999.0
 -9999.0 -9999.0 -9999.0 -9999.0 -9999.0 -9999.0 -9999.0 -9999.0 -9999.0 -9999.0 -9999.0 -9999.0 -9999.0 -9999.0 -9999.0 -9999.0 -9999.0 -9999.0 -9999.0 -9999.0 -9999.0 -9999.0 -9999.0 -9999.0 -9999.0 -9999.0 -9999.0 -9999.0 -9999.0 -9999.0 -9999.0 -9999.0 -9999.0 -9999.0 -9999.0 -9999.0 -9999.0 -9999.0 -9999.0 -9999.0 -9999.0 -9999.0 -9999.0 -9999.0 -9999.0 -9999.0 -9999.0 -9999.0 -9999.0 -9999.0 -9999.0 -9999.0 -9999.0 -9999.0 -9999.0 -9999.0 -9999.0 -9999.0 -9999.0 -9999.0 -9999.0 -9999.0 -9999.0 -9999.0 -9999.0 -9999.0 -9999.0 -9999.0 -9999.0 -9999.0 -9999.0 -9999.0 -9999.0 -9999.0 -9999.0 -9999.0 -9999.0 -9999.0 -9999.0 -9999.0 -9999.0 -9999.0 -9999.0 -9999.0 -9999.0 -9999.0 -9999.0 -9999.0 -9999.0 -9999.0 -9999.0 -9999.0 -9999.0 -9999.0    20.0    23.4    28.2    35.6    44.3    54.2    63.3    71.5    78.4    83.0    86.6    88.3    92.8    98.5   103.8   111.1   117.3   112.8 -9999.0 -9999.0 -9999.0 -9999.0 -9999.0 -9999.0 -9999.0 -9999.0 -9999.0 -9999.0 -9999.0 -9999.0 -9999.0 -9999.0 -9999.0 -9999.0
 -9999.0 -9999.0 -9999.0 -9999.0 -9999.0 -9999.0 -9999.0 -9999.0 -9999.0 -9999.0 -9999.0 -9999.0 -9999.0 -9999.0 -9999.0 -9999.0 -9999.0 -9999.0 -9999.0 -9999.0 -9999.0 -9999.0 -9999.0 -9999.0 -9999.0 -9999.0 -9999.0 -9999.0 -9999.0 -9999.0 -9999.0 -9999.0 -9999.0 -9999.0 -9999.0 -9999.0 -9999.0 -9999.0 -9999.0 -9999.0 -9999.0 -9999.0 -9999.0 -9999.0 -9999.0 -9999.0 -9999.0 -9999.0 -9999.0 -9999.0 -9999.0 -9999.0 -9999.0 -9999.0 -9999.0 -9999.0 -9999.0 -9999.0 -9999.0 -9999.0 -9999.0 -9999.0 -9999.0 -9999.0 -9999.0 -9999.0 -9999.0 -9999.0 -9999.0 -9999.0 -9999.0 -9999.0 -9999.0 -9999.0 -9999.0 -9999.0 -9999.0 -9999.0 -9999.0 -9999.0 -9999.0 -9999.0 -9999.0 -9999.0 -9999.0 -9999.0 -9999.0 -9999.0 -9999.0    20.3 -9999.0 -9999.0    20.3    22.2    23.4    27.0    32.8    41.0    49.7    58.2    69.3    76.7    82.9    90.2    94.0    97.2   101.7   103.2   109.3   114.9   121.7   115.1 -9999.0 -9999.0 -9999.0 -9999.0 -9999.0 -9999.0 -9999.0 -9999.0 -9999.0 -9999.0 -9999.0 -9999.0 -9999.0 -9999.0 -9999.0 -9999.0
 -9999.0 -9999.0 -9999.0 -9999.0 -9999.0 -9999.0 -9999.0 -9999.0 -9999.0 -9999.0 -9999.0 -9999.0 -9999.0 -9999.0 -9999.0 -9999.0 -9999.0 -9999.0 -9999.0 -9999.0 -9999.0 -9999.0 -9999.0 -9999.0 -9999.0 -9999.0 -9999.0 -9999.0 -9999.0 -9999.0 -9999.0 -9999.0 -9999.0 -9999.0 -9999.0 -9999.0 -9999.0 -9999.0 -9999.0 -9999.0 -9999.0 -9999.0 -9999.0 -9999.0 -9999.0 -9999.0 -9999.0 -9999.0 -9999.0 -9999.0 -9999.0 -9999.0 -9999.0 -9999.0 -9999.0 -9999.0 -9999.0 -9999.0 -9999.0 -9999.0 -9999.0 -9999.0 -9999.0 -9999.0 -9999.0 -9999.0 -9999.0 -9999.0 -9999.0 -9999.0 -9999.0 -9999.0 -9999.0 -9999.0 -9999.0 -9999.0 -9999.0 -9999.0 -9999.0 -9999.0 -9999.0 -9999.0 -9999.0 -9999.0 -9999.0 -9999.0 -9999.0 -9999.0    19.3    21.0    23.4    23.2    23.6    26.9    28.4    34.0    39.8    47.9    55.2    62.0    68.1    75.0    82.8    88.0    91.8    95.3    99.4   101.8   103.2   105.1   106.1   101.2    89.1    76.9    67.0    60.0 -9999.0 -9999.0 -9999.0 -9999.0 -9999.0 -9999.0 -9999.0 -9999.0 -9999.0 -9999.0 -9999.0 -9999.0
 -9999.0 -9999.0 -9999.0 -9999.0 -9999.0 -9999.0 -9999.0 -9999.0 -9999.0 -9999.0 -9999.0 -9999.0 -9999.0 -9999.0 -9999.0 -9999.0 -9999.0 -9999.0 -9999.0 -9999.0 -9999.0 -9999.0 -9999.0 -9999.0 -9999.0 -9999.0 -9999.0 -9999.0 -9999.0    18.1    19.4    18.0    15.0 -9999.0 -9999.0 -9999.0 -9999.0 -9999.0 -9999.0 -9999.0 -9999.0 -9999.0 -9999.0 -9999.0 -9999.0 -9999.0 -9999.0 -9999.0 -9999.0 -9999.0 -9999.0 -9999.0 -9999.0 -9999.0 -9999.0 -9999.0 -9999.0 -9999.0 -9999.0 -9999.0 -9999.0 -9999.0 -9999.0 -9999.0 -9999.0 -9999.0 -9999.0 -9999.0 -9999.0 -9999.0 -9999.0 -9999.0 -9999.0 -9999.0 -9999.0 -9999.0 -9999.0 -9999.0 -9999.0 -9999.0 -9999.0 -9999.0 -9999.0 -9999.0 -9999.0 -9999.0 -9999.0    18.8    21.7    24.2    25.5    24.9    27.1    29.6    33.2    37.9    45.4    52.0    57.1    60.8    65.2    69.4    72.4    77.8    79.2    82.8    87.2    87.4    84.7    83.8    82.9    79.5    73.2    66.9    62.4    58.9    58.6    63.8 -9999.0 -9999.0 -9999.0 -9999.0 -9999.0 -9999.0 -9999.0 -9999.0 -9999.0 -9999.0
 -9999.0 -9999.0 -9999.0 -9999.0 -9999.0 -9999.0 -9999.0 -9999.0 -9999.0 -9999.0 -9999.0 -9999.0 -9999.0 -9999.0 -9999.0 -9999.0 -9999.0 -9999.0 -9999.0 -9999.0 -9999.0 -9999.0 -9999.0 -9999.0 -9999.0 -9999.0 -9999.0    15.3    20.5    17.4    27.4    25.3    25.9    16.3 -9999.0 -9999.0 -9999.0 -9999.0 -9999.0 -9999.0 -9999.0 -9999.0 -9999.0 -9999.0 -9999.0 -9999.0 -9999.0 -9999.0 -9999.0 -9999.0 -9999.0 -9999.0 -9999.0 -9999.0 -9999.0 -9999.0 -9999.0 -9999.0 -9999.0 -9999.0 -9999.0 -9999.0 -9999.0 -9999.0 -9999.0 -9999.0 -9999.0 -9999.0 -9999.0 -9999.0 -9999.0 -9999.0 -9999.0 -9999.0 -9999.0 -9999.0 -9999.0 -9999.0 -9999.0 -9999.0 -9999.0 -9999.0 -9999.0 -9999.0 -9999.0 -9999.0 -9999.0    22.7    25.1    23.9    24.5    26.0    28.2    32.0    35.6    40.8    45.7    50.9    53.0    54.4    56.2    56.6    54.9    55.4    58.7    62.9    66.2    65.8    64.0    61.6    60.4    60.3    60.1    59.4    60.4    63.5    66.9    74.7 -9999.0 -9999.0 -9999.0 -9999.0 -9999.0    90.3    94.7   101.2   106.7 -9999.0
 -9999.0 -9999.0 -9999.0 -9999.0 -9999.0 -9999.0 -9999.0 -9999.0 -9999.0 -9999.0 -9999.0 -9999.0 -9999.0 -9999.0 -9999.0 -9999.0 -9999.0 -9999.0 -9999.0 -9999.0 -9999.0 -9999.0 -9999.0 -9999.0 -9999.0 -9999.0    11.6     8.6    12.0    15.1    18.9    21.7    41.8    30.2    27.8    22.0    17.4 -9999.0 -9999.0 -9999.0 -9999.0 -9999.0 -9999.0 -9999.0 -9999.0 -9999.0 -9999.0 -9999.0 -9999.0 -9999.0 -9999.0 -9999.0 -9999.0 -9999.0 -9999.0 -9999.0 -9999.0 -9999.0 -9999.0 -9999.0 -9999.0 -9999.0 -9999.0 -9999.0 -9999.0 -9999.0 -9999.0 -9999.0 -9999.0 -9999.0 -9999.0 -9999.0 -9999.0 -9999.0 -9999.0 -9999.0 -9999.0 -9999.0 -9999.0 -9999.0 -9999.0 -9999.0 -9999.0 -9999.0 -9999.0 -9999.0    17.9    21.4    22.6    22.8    24.7    25.4    27.5    30.9    34.3    39.6    42.1    44.1    44.0    43.5    44.9    44.0    38.7    36.5    39.9    44.0    47.4    48.2    46.3    44.0    45.0    48.9    52.8    55.4    62.6    69.7    75.4    85.2    97.6 -9999.0 -9999.0    91.2    92.0    96.6   102.7   118.8   118.7 -9999.0
 -9999.0 -9999.0 -9999.0 -9999.0 -9999.0 -9999.0 -9999.0 -9999.0 -9999.0 -9999.0 -9999.0 -9999.0 -9999.0 -9999.0 -9999.0 -9999.0 -9999.0 -9999.0 -9999.0 -9999.0 -9999.0 -9999.0 -9999.0 -9999.0 -9999.0 -9999.0     9.1    10.7    11.8    12.8    13.9    18.2    17.6    31.6    30.4    31.6    37.7    15.7 -9999.0 -9999.0 -9999.0 -9999.0 -9999.0 -9999.0 -9999.0 -9999.0 -9999.0 -9999.0 -9999.0 -9999.0 -9999.0 -9999.0 -9999.0 -9999.0 -9999.0 -9999.0 -9999.0 -9999.0 -9999.0 -9999.0 -9999.0 -9999.0 -9999.0 -9999.0 -9999.0 -9999.0 -9999.0 -9999.0 -9999.0 -9999.0 -9999.0 -9999.0 -9999.0 -9999.0 -9999.0 -9999.0 -9999.0 -9999.0 -9999.0 -9999.0 -9999.0 -9999.0 -9999.0 -9999.0 -9999.0 -9999.0    16.3    18.2    20.8    22.4    22.5    22.8    25.1    27.2    31.3    34.1    36.8    33.2    29.7    29.9    32.1    33.5    30.4    28.7    29.6    32.2    35.9    37.9    36.6    35.3    38.8    47.0    54.9    58.2    65.0    82.2    85.2    93.3    96.3    98.1    96.0    94.7    97.3   102.7   110.1   117.9   127.4 -9999.0
 -9999.0 -9999.0 -9999.0 -9999.0 -9999.0 -9999.0 -9999.0 -9999.0 -9999.0 -9999.0 -9999.0 -9999.0 -9999.0 -9999.0 -9999.0 -9999.0 -9999.0 -9999.0 -9999.0 -9999.0 -9999.0    36.2    36.7    29.2    21.4    21.5    27.9    35.1    28.9    22.9    19.1    21.8    21.9    25.9    31.8    27.7    34.9    25.3    23.0 -9999.0 -9999.0 -9999.0 -9999.0 -9999.0 -9999.0 -9999.0 -9999.0 -9999.0 -9999.0 -9999.0 -9999.0 -9999.0 -9999.0 -9999.0 -9999.0 -9999.0 -9999.0 -9999.0 -9999.0 -9999.0 -9999.0 -9999.0 -9999.0 -9999.0 -9999.0 -9999.0 -9999.0 -9999.0 -9999.0 -9999.0 -9999.0 -9999.0 -9999.0 -9999.0 -9999.0 -9999.0 -9999.0 -9999.0 -9999.0 -9999.0 -9999.0 -9999.0 -9999.0 -9999.0 -9999.0 -9999.0 -9999.0    19.8 -9999.0 -9999.0    19.5 -9999.0 -9999.0    22.5    24.2    26.9    28.0    21.4    17.1    17.8    20.2    24.1    26.2    25.8    25.4    26.2    29.8    33.3    34.5    35.6    43.0    55.1    64.8    71.0    77.0    86.2    88.2    89.8    91.5    95.2    99.3    96.6   100.7   108.1   119.0   137.3 -9999.0 -9999.0
 -9999.0 -9999.0 -9999.0 -9999.0 -9999.0 -9999.0 -9999.0 -9999.0 -9999.0 -9999.0 -9999.0 -9999.0 -9999.0 -9999.0 -9999.0 -9999.0 -9999.0 -9999.0 -9999.0 -9999.0 -9999.0    18.1    19.8    20.1    18.7    41.6    28.6    28.7    32.5    30.3    25.8    30.8    37.1    33.6    32.1    27.1    22.6    36.0    14.8 -9999.0 -9999.0 -9999.0 -9999.0 -9999.0 -9999.0 -9999.0 -9999.0 -9999.0 -9999.0 -9999.0 -9999.0 -9999.0 -9999.0 -9999.0 -9999.0 -9999.0 -9999.0 -9999.0 -9999.0 -9999.0 -9999.0 -9999.0 -9999.0 -9999.0 -9999.0 -9999.0 -9999.0 -9999.0 -9999.0 -9999.0 -9999.0 -9999.0 -9999.0 -9999.0 -9999.0 -9999.0 -9999.0 -9999.0 -9999.0 -9999.0 -9999.0 -9999.0 -9999.0 -9999.0 -9999.0 -9999.0 -9999.0 -9999.0 -9999.0    17.8    17.2    16.4    17.0    15.7    16.9    18.8    14.6    11.3     8.7     8.8    12.0    17.3    21.4    22.6    22.8    24.0    27.1    31.1    35.5    42.6    54.9    68.5    78.4    85.2    91.8    89.8    87.8    83.5    81.6    86.4    91.5    97.4   108.8   128.9   125.6 -9999.0 -9999.0 -9999.0
 -9999.0 -9999.0 -9999.0 -9999.0 -9999.0 -9999.0 -9999.0 -9999.0 -9999.0 -9999.0 -9999.0 -9999.0 -9999.0 -9999.0 -9999.0 -9999.0 -9999.0 -9999.0 -9999.0 -9999.0    16.1    20.0    17.3    18.4    18.4    12.9    10.3    15.9    16.2    21.7    32.3    33.7    43.0    45.0    38.5    28.4    29.4    17.6    11.8 -9999.0 -9999.0 -9999.0 -9999.0 -9999.0 -9999.0 -9999.0 -9999.0 -9999.0 -9999.0 -9999.0 -9999.0 -9999.0 -9999.0 -9999.0 -9999.0 -9999.0 -9999.0 -9999.0 -9999.0 -9999.0 -9999.0 -9999.0 -9999.0 -9999.0 -9999.0 -9999.0 -9999.0 -9999.0 -9999.0 -9999.0 -9999.0 -9999.0 -9999.0 -9999.0 -9999.0 -9999.0 -9999.0 -9999.0 -9999.0 -9999.0 -9999.0 -9999.0 -9999.0 -9999.0 -9999.0 -9999.0 -9999.0 -9999.0    17.4    16.9    15.0    12.3    11.5    10.4    10.5    10.7     8.4     7.2     5.1     5.3     7.6    12.4    16.9    19.3    20.9    23.1    26.2    30.0    36.7    49.4    66.2    77.4    85.2    90.2    92.3    93.7    89.2    85.8    90.3    92.7    92.9   103.6   113.7   125.4   138.4 -9999.0 -9999.0 -9999.0
 -9999.0 -9999.0 -9999.0 -9999.0 -9999.0 -9999.0 -9999.0 -9999.0 -9999.0 -9999.0 -9999.0 -9999.0 -9999.0 -9999.0 -9999.0 -9999.0 -9999.0 -9999.0    37.3    25.2    19.2    66.9    36.6    37.1    26.3    20.1     8.5     9.6    12.1    20.8    27.9    39.1    49.3    48.9    44.2    38.7    29.9    17.1     9.6 -9999.0 -9999.0 -9999.0 -9999.0 -9999.0 -9999.0 -9999.0 -9999.0 -9999.0 -9999.0 -9999.0 -9999.0 -9999.0 -9999.0 -9999.0 -9999.0 -9999.0 -9999.0 -9999.0 -9999.0 -9999.0 -9999.0 -9999.0 -9999.0 -9999.0 -9999.0 -9999.0 -9999.0 -9999.0 -9999.0 -9999.0 -9999.0 -9999.0 -9999.0 -9999.0 -9999.0 -9999.0 -9999.0 -9999.0 -9999.0 -9999.0 -9999.0 -9999.0 -9999.0 -9999.0    13.2    16.6    19.8    15.6    13.7    16.8    13.5    10.5     7.5     6.9     6.9     7.4     5.6     4.6     3.8     4.2     6.0     9.4    13.5    16.7    19.6    23.2    27.5    31.5    38.5    52.7    69.5    79.0    85.1    89.0    95.4    97.9   112.8    95.4    98.4    98.3   107.4   113.7   124.9   138.1 -9999.0 -9999.0 -9999.0 -9999.0
 -9999.0 -9999.0 -9999.0 -9999.0 -9999.0 -9999.0 -9999.0 -9999.0 -9999.0 -9999.0 -9999.0 -9999.0 -9999.0 -9999.0 -9999.0    36.4    65.9    98.2   100.2    52.1    53.3    24.2    42.5    23.4    16.6    12.8    14.1    16.3    17.0    22.2    29.4    37.0    46.3    46.9    56.2    50.3    34.6    65.3    28.1    13.7    13.5    12.4    10.3    10.0 -9999.0 -9999.0 -9999.0 -9999.0 -9999.0 -9999.0 -9999.0 -9999.0 -9999.0 -9999.0 -9999.0 -9999.0 -9999.0 -9999.0 -9999.0 -9999.0 -9999.0 -9999.0 -9999.0 -9999.0 -9999.0 -9999.0 -9999.0 -9999.0 -9999.0 -9999.0 -9999.0 -9999.0 -9999.0 -9999.0 -9999.0 -9999.0 -9999.0 -9999.0 -9999.0     0.6     1.3     2.5     4.5     9.0    16.1    18.7    18.1    14.3    11.9    13.0    10.0     8.2     6.5     6.5     6.5     7.3     5.3     4.4     3.9     4.2     5.5     8.0    11.7    15.8    20.4    25.4    31.7    37.4    44.2    56.8    71.4    78.9    82.4    87.4   114.6   100.7   105.6   111.2   114.2   117.9   121.6   130.8   141.3   160.3 -9999.0 -9999.0 -9999.0 -9999.0
 -9999.0 -9999.0 -9999.0 -9999.0 -9999.0 -9999.0 -9999.0 -9999.0 -9999.0 -9999.0 -9999.0 -9999.0 -9999.0 -9999.0 -9999.0   112.5   102.7   112.8    82.5    52.1    21.4    19.0    18.7    20.3    20.1    22.4    25.5    26.5    24.8    23.6    25.4    28.7    35.7    30.5    28.5    26.3    17.2    20.5     9.7     8.3     5.6     2.0     2.3     3.2     2.8     4.8    19.1 -9999.0 -9999.0 -9999.0 -9999.0 -9999.0 -9999.0 -9999.0 -9999.0 -9999.0 -9999.0 -9999.0 -9999.0 -9999.0 -9999.0 -9999.0 -9999.0 -9999.0 -9999.0 -9999.0 -9999.0 -9999.0 -9999.0 -9999.0 -9999.0 -9999.0 -9999.0 -9999.0 -9999.0 -9999.0 -9999.0 -9999.0     0.7     0.9     1.5     3.6     6.8     9.1    12.6    13.3    11.9    12.1    12.3    12.2    11.7     9.4     8.7     7.5     9.6     6.6     5.7     4.9     4.5     4.6     5.6     8.1    12.2    18.1    24.6    30.8    38.7    47.1    55.1    66.1    77.0    83.2    97.7   102.8   106.4   102.0   128.6   143.0   147.6   148.4   144.8   152.2   169.0 -9999.0 -9999.0 -9999.0 -9999.0 -9999.0
 -9999.0 -9999.0 -9999.0 -9999.0 -9999.0 -9999.0 -9999.0 -9999.0 -9999.0 -9999.0 -9999.0 -9999.0 -9999.0 -9999.0 -9999.0 -9999.0    23.0    26.1    47.9    76.6    80.2    52.0    58.2    47.6    40.8    44.5    49.4    44.8    36.3    28.4    26.1    24.4    26.3    25.3    25.5    26.5    24.5    21.2    17.0    18.5    20.8    11.3     7.8     3.2     2.0     1.4     1.3     1.5 -9999.0 -9999.0 -9999.0 -9999.0 -9999.0 -9999.0 -9999.0 -9999.0 -9999.0 -9999.0 -9999.0 -9999.0 -9999.0 -9999.0 -9999.0 -9999.0 -9999.0 -9999.0 -9999.0 -9999.0 -9999.0 -9999.0 -9999.0 -9999.0 -9999.0 -9999.0 -9999.0 -9999.0 -9999.0 -9999.0     1.9     1.4     2.1     4.2     4.3     5.2     8.3     9.8    15.7    13.5    15.7    19.1    14.3    12.5    13.4    10.1     7.9     7.3     6.4     5.6     5.2     5.6     7.3    10.6    16.0    24.1    31.9    37.6    43.7    52.9    64.1    77.5    89.2   103.6   116.0    98.4    97.8   120.4   137.0   151.3   173.4   166.3 -9999.0 -9999.0 -9999.0 -9999.0 -9999.0 -9999.0 -9999.0 -9999.0
 -9999.0 -9999.0 -9999.0 -9999.0 -9999.0 -9999.0 -9999.0 -9999.0 -9999.0 -9999.0 -9999.0 -9999.0 -9999.0 -9999.0 -9999.0 -9999.0    19.4    26.5    34.6    38.3    59.1    53.2    50.8    43.5    34.9    35.5    42.7    55.5    72.3    82.0    48.9    63.1   132.1   129.3    57.3    43.6    54.3    36.1    27.2    29.8    31.9    18.1    21.8    40.7     4.9     0.8     0.4     0.4 -9999.0 -9999.0 -9999.0 -9999.0 -9999.0 -9999.0 -9999.0 -9999.0 -9999.0 -9999.0 -9999.0 -9999.0 -9999.0 -9999.0 -9999.0 -9999.0 -9999.0 -9999.0 -9999.0 -9999.0 -9999.0 -9999.0 -9999.0 -9999.0 -9999.0 -9999.0 -9999.0 -9999.0 -9999.0     2.8     3.2     2.9     3.3     3.6     5.3     9.6     8.2    11.4    14.4    16.8    18.9    22.2    24.2    17.3    11.2    10.6    10.7     9.7     8.5     7.4     7.2     8.9    11.9    16.7    23.5    32.1    38.9    39.6    41.9    51.0    66.4    85.2    99.2    99.8    96.5    94.2   112.6   120.9   139.0   154.6   183.8 -9999.0 -9999.0 -9999.0 -9999.0 -9999.0 -9999.0 -9999.0 -9999.0 -9999.0
 -9999.0 -9999.0 -9999.0 -9999.0 -9999.0 -9999.0 -9999.0 -9999.0 -9999.0 -9999.0 -9999.0 -9999.0 -9999.0 -9999.0 -9999.0 -9999.0   102.3   106.5   101.4    62.6    47.8    48.9    40.4    33.7    27.7    25.6    24.6    31.6    45.4    62.9    80.0    76.6    44.0    32.0    55.7    64.8    41.2    14.2    10.2     2.9     6.0     9.7    13.1    28.1    20.8     6.0     1.0     0.3     0.7     0.8     0.4 -9999.0 -9999.0 -9999.0 -9999.0 -9999.0 -9999.0 -9999.0 -9999.0 -9999.0 -9999.0 -9999.0 -9999.0 -9999.0 -9999.0 -9999.0 -9999.0 -9999.0 -9999.0 -9999.0 -9999.0 -9999.0 -9999.0 -9999.0 -9999.0 -9999.0     6.6     7.6     9.7     8.3     9.2    10.8     9.8    11.8    13.3    15.3    20.6    26.0    29.3    29.5    28.2    20.4    15.9    14.5    15.3    14.9    13.2    11.9    12.8    16.5    20.7    25.5    31.1    35.8    37.1    34.9    36.7    46.8    67.7    90.2   101.2   111.4    96.6    92.8   101.5   103.7   155.1   166.3   167.1   164.5 -9999.0 -9999.0 -9999.0 -9999.0 -9999.0 -9999.0 -9999.0 -9999.0
 -9999.0 -9999.0 -9999.0 -9999.0 -9999.0 -9999.0 -9999.0 -9999.0 -9999.0 -9999.0 -9999.0 -9999.0 -9999.0 -9999.0 -9999.0    76.2    62.6    68.6    85.3    68.2    50.6    33.6    24.1    19.0    14.8    10.5    12.0    16.3    23.4    35.8    49.1    34.6     3.6     0.9     0.6     0.8     4.4     1.4     0.3     0.3     0.1     0.4     1.6     2.0     2.9     4.0     2.4     1.2     0.9     0.5     0.3     0.2     0.1     0.3     0.2     0.2     0.3     0.5     1.4     3.5     5.7 -9999.0 -9999.0 -9999.0 -9999.0 -9999.0 -9999.0 -9999.0 -9999.0     0.5     0.5     0.8     1.9     3.8     6.5     8.5    12.6    13.2    15.2    20.6    21.8    21.6    20.2    22.1    22.4    25.5    30.0    33.1    35.6    34.2    31.3    25.5    22.5    20.9    22.9    22.7    20.4    18.5    20.2    26.0    30.0    32.9    34.9    34.3    32.3    32.1    34.7    46.6    67.2    92.7   101.5    94.6    82.3    88.0    75.2    82.2    94.3   114.8 -9999.0 -9999.0 -9999.0 -9999.0 -9999.0 -9999.0 -9999.0 -9999.0 -9999.0 -9999.0
 -9999.0 -9999.0 -9999.0 -9999.0 -9999.0 -9999.0 -9999.0 -9999.0 -9999.0 -9999.0 -9999.0 -9999.0 -9999.0 -9999.0    73.6    71.6    64.5    70.9    59.2    45.4    37.5    25.6    19.1     9.3     7.2     4.3     4.6    11.4    13.0    13.3    14.3    20.6     8.4    15.4     8.6     4.3     4.5     3.8     3.2     1.2     0.5     0.5     0.6     0.8     1.0     1.2     1.3     2.3     2.0     1.4     0.8     0.4     0.4     0.2     0.1     0.2     0.3     0.5     1.2     3.4     6.7     8.9     9.4     9.0     8.5     7.7     3.1     1.4     0.5     0.4     0.8     2.2     3.8     7.0    11.0    14.4    18.8    24.2    30.2    38.5    40.3    38.8    45.6    43.7    44.0    36.6    40.3    38.5    37.6    31.8    31.5    30.3    23.6    27.4    30.2    29.1    26.4    24.6    26.2    29.3    32.7    34.1    33.6    33.7    34.1    36.3    43.6    57.3    76.8   101.4    98.3    96.5   100.3    71.3    75.4    74.9    80.0 -9999.0 -9999.0 -9999.0 -9999.0 -9999.0 -9999.0 -9999.0 -9999.0 -9999.0 -9999.0 -9999.0
 -9999.0 -9999.0 -9999.0 -9999.0 -9999.0 -9999.0 -9999.0 -9999.0 -9999.0 -9999.0 -9999.0 -9999.0    52.0    53.0    52.2    48.7    52.0    38.4    26.1    19.8    16.6    13.4    11.7    11.6    11.3    11.0    10.4     9.7     8.8     8.9     9.0     9.3    12.8     8.5     3.4     4.2     5.5     4.4     1.8     1.5     1.0     1.2     1.4     1.5     1.6     2.5     3.5     3.8     4.5     2.3     1.4     0.6     0.5     0.4     0.3     0.4     0.6     1.1     2.2     4.1     7.1    10.1     9.8     8.5     5.6     4.0     2.7     1.3     1.3     1.5     3.2     6.0     7.1    13.1    19.5    24.3    29.7    39.5    51.6    57.5    63.2    56.9    67.1    59.8    53.1    48.8    44.9    38.8    36.3    24.1    22.5    23.2    29.4    29.7    30.7    29.0    28.3    28.6    28.0    27.3    27.9    27.9    29.0    33.7    41.2    50.8    63.4    77.2    93.4    98.5   103.8   114.0    89.8    80.7   152.2 -9999.0 -9999.0 -9999.0 -9999.0 -9999.0 -9999.0 -9999.0 -9999.0 -9999.0 -9999.0 -9999.0 -9999.0 -9999.0
 -9999.0 -9999.0 -9999.0 -9999.0 -9999.0 -9999.0 -9999.0 -9999.0 -9999.0    41.6    35.0    36.0    35.6    30.4    17.0    11.7     9.1    10.5    11.4    11.1     9.6     7.7     6.6     6.3     6.5     6.6     6.6     6.8     7.0     6.8     6.6     8.6     8.4     5.2     4.9     7.0     3.3     1.0     0.4     0.3     0.5     0.8     0.7     1.1     1.8     3.2     4.7     5.4     5.0     5.2     2.2     1.0     0.6     0.7     1.7     1.0     1.2     2.1     3.5     6.5     9.6    12.0    12.0     9.4     5.5     5.0     3.7     2.2     4.1     8.5     2.2     3.7     7.9    15.3    24.6    31.8    40.6    55.1    66.4    77.0    82.0    80.7    65.7    62.2    59.7    48.4    57.9    34.2    26.0    17.9    21.5    24.9    28.2    30.0    28.9    26.1    25.4    24.3    24.4    23.1    21.2    21.1    26.2    37.9    54.6    73.5    90.0    98.5    99.9   115.2   116.9   105.5    81.3 -9999.0 -9999.0 -9999.0 -9999.0 -9999.0 -9999.0 -9999.0 -9999.0 -9999.0 -9999.0 -9999.0 -9999.0 -9999.0 -9999.0 -9999.0
 -9999.0 -9999.0 -9999.0 -9999.0 -9999.0    52.5    32.0    37.8    34.0    29.3    26.8    23.5    21.2    15.5    11.9     7.7     5.3     6.8     8.5     8.3     6.6     4.9     3.8     3.5     3.6     3.9     4.5     5.0     5.4     5.6     5.3     4.5     3.5     2.5     1.9     1.2     0.6     0.4     0.2     0.3     0.4     0.4     0.6     1.7     2.4     3.7     4.3     5.0     4.6     3.4     3.1     2.0     2.3     2.8     3.4     2.4     2.6     3.3     4.7     8.1    12.1    16.1    15.2    12.3    11.5     8.6     5.3     6.2     8.6     2.7     3.7     6.9    12.6    21.7    33.0    40.1    49.5    61.5    64.6    65.0    67.5    63.4    62.4    63.0    56.3    27.2    30.7    23.1    21.2    25.3    33.1    33.1    34.8    33.4    29.5    24.8    21.0    17.8 -9999.0 -9999.0    18.6    20.9    33.1    50.5    72.4    92.9   108.1   115.6   117.2 -9999.0 -9999.0 -9999.0 -9999.0 -9999.0 -9999.0 -9999.0 -9999.0 -9999.0 -9999.0 -9999.0 -9999.0 -9999.0 -9999.0 -9999.0 -9999.0 -9999.0 -9999.0 -9999.0
 -9999.0 -9999.0 -9999.0    37.6    52.1    28.7    33.5    31.4    27.4    26.8    17.8    11.4     9.4     5.0     3.1     3.1     3.8     5.3     6.7     6.3     4.7     3.2     2.2     1.9     1.9     2.5     3.2     4.1     4.2     4.7     4.6     3.9     3.0     2.0     1.2     0.7     0.4     0.3     0.2     0.1     0.2     0.2     0.4     1.0     2.5     4.3     5.9     8.0     6.7     6.2     3.7     2.2     2.2     2.7     3.4     4.2     6.0     6.5     6.9     8.7    11.1    12.9    14.4    15.5    12.4     9.1    13.8     5.6     4.8     6.0     9.8    13.4    19.8    27.6    37.0    46.6    55.3    61.3    65.2    66.1    61.5    72.0    51.5    50.1    64.1    33.0    31.5    31.9    39.0    44.8    46.5    49.6    49.2    42.1    34.5    27.3    21.4 -9999.0 -9999.0 -9999.0    20.9    27.5    41.8    66.3    94.1   114.9   125.8 -9999.0 -9999.0 -9999.0 -9999.0 -9999.0 -9999.0 -9999.0 -9999.0 -9999.0 -9999.0 -9999.0 -9999.0 -9999.0 -9999.0 -9999.0 -9999.0 -9999.0 -9999.0 -9999.0 -9999.0 -9999.0
 -9999.0 -9999.0    22.1    25.1    30.1    44.3    45.8    45.7    41.9    29.0    17.9     9.8     5.0     2.8     2.2     2.4     3.1     4.2     5.0     4.5     3.2     2.0     1.3     1.0     1.1     1.6     2.2     2.9     3.9     4.1     4.1     3.6     2.7     1.9     1.2     0.7     0.4     0.3     0.3     0.3     0.3     0.4     0.9     2.4     5.3    10.6    21.3    25.1    23.5    19.1    21.2    14.6     8.7     6.8     8.1    13.1     9.4     9.0     7.2     7.8     7.6    12.6     9.2     9.9     9.3     9.4     8.4     6.4     9.3    11.4    18.1    21.0    25.9    33.7    43.9    53.1    60.2    60.8    62.9    62.0    58.6    56.3    43.7    45.4    39.5    54.1    37.6    41.5    44.2    47.2    51.8    57.9    60.7    55.7    45.6 -9999.0 -9999.0 -9999.0 -9999.0    21.2    23.7    31.3    49.3    77.2 -9999.0 -9999.0 -9999.0 -9999.0 -9999.0 -9999.0 -9999.0 -9999.0 -9999.0 -9999.0 -9999.0 -9999.0 -9999.0 -9999.0 -9999.0 -9999.0 -9999.0 -9999.0 -9999.0 -9999.0 -9999.0 -9999.0 -9999.0 -9999.0
 -9999.0 -9999.0     3.8     3.2     0.4    10.9    51.9    56.5    46.6    34.1    22.1    12.8     6.7     3.7     2.6     2.6     3.1     3.8     4.0     3.4     2.3     1.3     0.7     0.6     0.8     1.2     1.9     2.8     3.5     3.9     4.0     3.6     2.8     2.0     1.4     1.2     1.4     1.5     1.0     0.7     0.4     1.2     6.5    26.9    11.3    23.8    41.7    32.5    48.2    44.0    42.2    52.1    47.4    42.6    24.2    19.6    13.1    16.9     8.9    10.6    11.2     7.8     8.1     7.0     7.2     8.0     8.5    12.0    19.2    16.9    21.2    24.7    31.2    40.1    49.9    57.9    60.6    61.3    55.8    52.3    46.1    39.9    42.5    43.5    38.4    35.3    32.4    38.3    44.3    47.6    51.8    58.6    63.5    61.3 -9999.0 -9999.0 -9999.0 -9999.0 -9999.0    27.8 -9999.0 -9999.0 -9999.0 -9999.0 -9999.0 -9999.0 -9999.0 -9999.0 -9999.0 -9999.0 -9999.0 -9999.0 -9999.0 -9999.0 -9999.0 -9999.0 -9999.0 -9999.0 -9999.0 -9999.0 -9999.0 -9999.0 -9999.0 -9999.0 -9999.0 -9999.0 -9999.0 -9999.0
 -9999.0 -9999.0     2.0     0.2     0.4     2.6    10.3    10.8    48.3    42.1    30.4    19.4    11.1     6.4     4.2     3.7     3.8     4.2     4.0     3.1     1.9     1.0     0.6     0.5     0.6     1.0     1.7     2.7     3.7     4.3     4.3     3.8     2.2     2.4     3.0     3.8     3.0     2.7     2.8     2.0     0.7     0.9     1.3     5.0     8.6    17.0    28.1    40.0    44.4    48.6    63.4    52.2    51.5    59.1    56.0    55.1    28.5    16.6    18.3    19.3     7.0     6.1     5.5     5.4     6.3     8.3    10.7    21.0    15.3    18.9    23.0    26.8    34.5    45.0    53.4    59.9    62.7    60.0    58.0    51.8    45.3    30.7    33.0    40.7    28.0    29.3    33.3    42.2    50.6    54.6    57.0 -9999.0 -9999.0 -9999.0 -9999.0 -9999.0 -9999.0 -9999.0 -9999.0 -9999.0 -9999.0 -9999.0 -9999.0 -9999.0 -9999.0 -9999.0 -9999.0 -9999.0 -9999.0 -9999.0 -9999.0 -9999.0 -9999.0 -9999.0 -9999.0 -9999.0 -9999.0 -9999.0 -9999.0 -9999.0 -9999.0 -9999.0 -9999.0 -9999.0 -9999.0 -9999.0 -9999.0 -9999.0
 -9999.0 -9999.0 -9999.0     0.0     0.6     0.1     0.2     0.9     6.4    39.0    40.7    28.9    18.1    11.1     7.6     6.1     5.8     5.7     4.8     3.3     2.0     1.0     0.6     0.5     0.7     1.2     2.0     3.1     3.9     3.5     2.0     0.7     1.5     1.8     3.2     3.6     2.9     2.3     2.2     1.1     0.9     0.9     1.6     3.3     7.1    17.5    35.4    46.8    59.3    61.4    61.0    59.6    59.1    64.6    58.8    60.9    59.2    55.7    48.4    26.1    14.1     7.9     7.3     6.6     7.1     8.6    13.0    20.9    17.1    21.5    24.9    28.4    36.3    44.1    49.6    51.4    54.4    52.2    54.7    36.2    33.1    27.3    32.1    23.7    26.2    33.1    42.0    51.9    61.0    64.2    64.3    61.0 -9999.0 -9999.0 -9999.0 -9999.0 -9999.0 -9999.0 -9999.0 -9999.0 -9999.0 -9999.0 -9999.0 -9999.0 -9999.0 -9999.0 -9999.0 -9999.0 -9999.0 -9999.0 -9999.0 -9999.0 -9999.0 -9999.0 -9999.0 -9999.0 -9999.0 -9999.0 -9999.0 -9999.0 -9999.0 -9999.0 -9999.0 -9999.0 -9999.0 -9999.0 -9999.0 -9999.0
 -9999.0 -9999.0 -9999.0 -9999.0 -9999.0     0.3     6.0     7.1     0.4    28.8    44.8    35.9    25.9    17.5    12.4    10.0     9.4     8.7     6.8     4.4     2.0     1.1     0.8     0.7     0.9     1.3     1.5     1.7     0.3     0.2     0.4     0.4     0.8     1.6     2.7     3.5     4.3     4.6     3.2     2.1     1.7     1.8     2.2     3.8     6.9    12.6    22.3    44.7    50.5    64.7    62.8    70.2    63.8    57.1    57.6    57.0    58.9    62.7    68.5    69.4    57.5    17.7    15.6    11.9    12.4    13.5    19.0    23.0    23.5    25.6    27.9    31.6    36.7    40.5    42.1    40.3    38.8    32.4    36.7    34.4    29.4    25.1    28.4    24.0    26.8    37.2    46.4    55.5    64.1    68.6    69.2    66.7    63.2    64.3 -9999.0 -9999.0 -9999.0    89.9 -9999.0 -9999.0 -9999.0 -9999.0 -9999.0 -9999.0 -9999.0 -9999.0 -9999.0 -9999.0 -9999.0 -9999.0 -9999.0 -9999.0 -9999.0 -9999.0 -9999.0 -9999.0 -9999.0 -9999.0 -9999.0 -9999.0 -9999.0 -9999.0 -9999.0 -9999.0 -9999.0 -9999.0 -9999.0 -9999.0
 -9999.0 -9999.0 -9999.0 -9999.0     0.0     0.0     0.0     0.1     0.3    23.0    12.3    17.0    19.5    22.4    18.8    15.6    14.8    13.6    10.3     6.1     3.3     1.8     1.1     0.6     0.4     0.3     0.2     0.0     0.0     0.1     0.1     0.4     0.8     1.4     2.6     3.6     4.4     7.6     8.5     6.6     4.0     3.3     4.0     4.8     6.2     8.5    13.5    24.0    35.8    37.9    44.1    57.7    60.5    61.6    44.1    43.8    46.4    58.6    69.9    66.7    63.0    53.4    41.3    25.2    18.2    25.6    31.4    31.2    37.1    34.7    34.6    39.4    41.9    39.4    34.3    28.9    24.8    21.9    33.0    18.7    23.8    33.5    34.9    35.0    30.9    41.0    47.9    57.0    65.2    69.2    70.3    70.5    68.4    67.2 -9999.0 -9999.0    90.0    87.7    79.3    75.2    65.1 -9999.0 -9999.0 -9999.0 -9999.0 -9999.0 -9999.0 -9999.0 -9999.0 -9999.0 -9999.0 -9999.0 -9999.0 -9999.0 -9999.0 -9999.0 -9999.0 -9999.0 -9999.0 -9999.0 -9999.0 -9999.0 -9999.0 -9999.0 -9999.0 -9999.0 -9999.0 -9999.0
 -9999.0 -9999.0 -9999.0 -9999.0     0.0     0.0     0.0     0.1     0.0     0.0     2.4     0.0     0.2     0.2    10.5     8.9     7.2    12.4    12.8     8.4     2.8     1.0     0.4     0.0     0.0     0.0     0.0     0.0     0.0     0.1     0.2     0.3     0.7     1.5     2.5     3.8     5.5     8.1     8.4     7.6    12.4     6.9     7.1     6.2     6.3     7.1     9.4    13.6    19.9    29.3    36.3    42.0    61.1    47.4    38.8    39.9    43.8    55.3    69.3    65.2    71.3    50.4    40.0    37.9    33.4    31.3    39.6    39.5    41.1    46.3    43.5    47.0    43.7    34.6    24.7    20.8    18.5    20.7    24.1    25.8    37.2    47.9    48.3    42.7    39.6    45.9    54.0    66.8    73.3    70.7    68.9    72.0    67.3    64.2    67.5    75.2    78.8    77.2    73.6 -9999.0 -9999.0 -9999.0 -9999.0 -9999.0 -9999.0 -9999.0 -9999.0 -9999.0 -9999.0 -9999.0 -9999.0 -9999.0 -9999.0 -9999.0 -9999.0 -9999.0 -9999.0 -9999.0 -9999.0 -9999.0 -9999.0 -9999.0 -9999.0 -9999.0 -9999.0 -9999.0 -9999.0 -9999.0
 -9999.0 -9999.0 -9999.0 -9999.0 -9999.0 -9999.0 -9999.0     0.0     0.0     0.0     0.0     0.0     0.0     0.0     0.0    10.4     0.8     4.9     4.8     0.6     0.0     0.0     0.0     0.0     0.0     0.0     0.0     0.0     0.0     0.0     0.1     0.3     0.7     1.3     2.4     4.0     6.1     8.3    12.5    16.8    13.6    27.4    29.3    23.3    15.3     8.9    14.8    17.3    27.9    28.0    31.8    39.1    50.2    68.9    60.8    40.9    41.5    49.6    63.7    74.7    65.0    56.1    46.2    48.5    51.3    44.8    45.2    47.3    46.0    48.6    47.6    48.1    44.0    33.4    24.1    23.1    22.5    25.3    30.8    43.4    56.7    69.6    70.4    63.1    58.2    58.4    65.0    77.6    80.1    72.4    68.8    70.0    67.7    63.9    66.5    72.7    73.1 -9999.0 -9999.0 -9999.0 -9999.0 -9999.0 -9999.0 -9999.0 -9999.0 -9999.0 -9999.0 -9999.0 -9999.0 -9999.0 -9999.0 -9999.0 -9999.0 -9999.0 -9999.0 -9999.0 -9999.0 -9999.0 -9999.0 -9999.0 -9999.0 -9999.0 -9999.0 -9999.0 -9999.0 -9999.0 -9999.0 -9999.0
 -9999.0 -9999.0 -9999.0 -9999.0 -9999.0 -9999.0 -9999.0     0.0     0.0     0.0     0.0     0.0     0.0     0.0     0.0     0.0     0.0     0.0     0.0     0.0     0.0     0.0     0.0     0.0     0.0     0.0     0.0     0.0     0.0     0.1     0.2     0.4     0.8     1.4     2.8     4.3     6.3     9.1    12.2    15.6    20.5    25.1    30.3    41.3    28.4    19.1    25.7    31.2    48.9    50.0    67.7    69.0    59.6    64.1    67.3    52.5    51.4    56.7    58.5    57.0    64.4    66.0    61.1    63.3    60.9    53.7    47.5    44.1    50.9    40.2    45.2    45.4    38.1    30.2    22.5    30.0    32.7    38.1    49.7    60.8    71.7    85.7    78.1    84.3    76.4    72.6    75.7    80.3    76.8    68.4    66.8    70.2    71.1    72.6    80.8    83.8 -9999.0 -9999.0 -9999.0 -9999.0 -9999.0 -9999.0 -9999.0 -9999.0 -9999.0 -9999.0 -9999.0 -9999.0 -9999.0 -9999.0 -9999.0 -9999.0 -9999.0 -9999.0 -9999.0 -9999.0 -9999.0 -9999.0 -9999.0 -9999.0 -9999.0 -9999.0 -9999.0 -9999.0 -9999.0 -9999.0 -9999.0 -9999.0
 -9999.0 -9999.0 -9999.0 -9999.0 -9999.0 -9999.0 -9999.0 -9999.0 -9999.0     0.0     0.0     0.0     0.0     0.0     0.0     0.0     0.0     0.0     0.0     0.0     0.0     0.0     0.0     0.0     0.0     0.0     0.0     0.0     0.1     0.1     0.4     0.6     1.2     1.9     3.6     5.1     6.9     9.4    12.1    16.3    20.0    26.2    29.7    30.3    35.8    37.0    39.4    41.8    47.3    52.7    61.2    64.1    66.4    67.7    71.6    66.8    62.2    62.1    55.8    53.3    53.4    49.1    49.2    65.2    63.2    56.5    46.1    38.5    47.9    39.9    44.7    38.0    29.3    25.7    29.6    29.0    39.3    48.7    58.4    71.9    84.6    91.5    95.1    86.2    75.5    74.7    78.3    76.1    68.3    61.3    65.0    74.5    83.2    94.4   103.1 -9999.0 -9999.0 -9999.0 -9999.0 -9999.0 -9999.0 -9999.0 -9999.0 -9999.0 -9999.0 -9999.0 -9999.0 -9999.0 -9999.0 -9999.0 -9999.0 -9999.0 -9999.0 -9999.0 -9999.0 -9999.0 -9999.0 -9999.0 -9999.0 -9999.0 -9999.0 -9999.0 -9999.0 -9999.0 -9999.0 -9999.0 -9999.0 -9999.0
 -9999.0 -9999.0 -9999.0 -9999.0 -9999.0 -9999.0 -9999.0 -9999.0 -9999.0 -9999.0 -9999.0     0.0     0.0     0.0     0.0     0.0     0.0     0.0     0.0     0.0     0.0     0.0     0.0     0.0     0.0     0.0     0.0     0.0     0.1     0.2     0.5     0.6     1.8     2.9     4.5     5.6     8.0    10.3    15.1    16.9    22.7    26.0    29.1    31.4    42.2    38.1    49.2    46.1    50.7    52.4    53.3    59.5    65.9    71.9    74.5    77.3    77.9    70.0    61.0    54.6    48.0    47.8    48.8    55.7    55.7    51.6    37.8    35.5    41.0    46.2    45.4    39.4    26.6    20.9    22.4    31.8    41.5    51.5    60.2    75.0    84.9    83.7    77.6    69.3    63.0    66.4    70.5    67.1    60.3    58.3    65.8    78.0    91.2   103.0   109.7 -9999.0 -9999.0 -9999.0 -9999.0 -9999.0 -9999.0 -9999.0 -9999.0 -9999.0 -9999.0 -9999.0 -9999.0 -9999.0 -9999.0 -9999.0 -9999.0 -9999.0 -9999.0 -9999.0 -9999.0 -9999.0 -9999.0 -9999.0 -9999.0 -9999.0 -9999.0 -9999.0 -9999.0 -9999.0 -9999.0 -9999.0 -9999.0 -9999.0
 -9999.0 -9999.0 -9999.0 -9999.0 -9999.0 -9999.0 -9999.0 -9999.0 -9999.0 -9999.0 -9999.0 -9999.0     0.0     0.0     0.0     0.0     0.0     0.0     0.0     0.0     0.0     0.0     0.0     0.0     0.0     0.0     0.1     0.0     0.2     0.2     0.6     1.5     2.6     3.4     5.1     7.3     9.4    12.1    14.7    17.4    20.8    25.4    30.2    37.1    40.5    45.0    49.9    46.2    48.5    49.9    55.3    58.8    63.6    70.7    77.0    80.0    80.1    72.7    73.2    59.8    54.5    47.9    46.2    49.6    53.9    55.2    40.2    40.5    45.9    53.7    43.2    32.6    28.9    28.0    33.8    70.9    57.4    58.7    62.1    80.7    78.2    64.7    57.7    57.0    59.3    61.1    61.1    58.6    55.8    58.7    69.1    80.0    86.3    86.4    85.9    80.3    75.6 -9999.0 -9999.0 -9999.0 -9999.0 -9999.0 -9999.0 -9999.0 -9999.0 -9999.0 -9999.0 -9999.0 -9999.0 -9999.0 -9999.0 -9999.0 -9999.0 -9999.0 -9999.0 -9999.0 -9999.0 -9999.0 -9999.0 -9999.0 -9999.0 -9999.0 -9999.0 -9999.0 -9999.0 -9999.0 -9999.0 -9999.0
 -9999.0 -9999.0 -9999.0 -9999.0 -9999.0 -9999.0 -9999.0 -9999.0 -9999.0 -9999.0 -9999.0 -9999.0     0.0     0.1     0.4     0.0     0.1     0.0     0.0     0.0     0.0     0.0     0.0     0.0     0.1     0.1     0.1     0.4     0.4     1.1     1.3     1.6     3.5     5.5     7.1     9.7    11.7    15.0    18.4    21.8    24.7    28.8    37.2    38.1    45.8    52.1    50.3    50.1    46.9    49.6    50.2    54.6    60.2    67.6    77.3    79.9    85.2    82.7    84.7    78.5    70.9    63.6    59.4    60.3    50.0    50.6    37.1    38.9    42.9    52.4    70.5    92.8    98.9    72.7    73.7    65.2    57.1    76.4    74.6    80.3    87.4    50.6    46.9    52.0    56.7    56.6    55.2    55.1    54.0    57.6    68.0    78.0    77.7    69.8    63.5    61.1    65.4 -9999.0 -9999.0 -9999.0 -9999.0 -9999.0 -9999.0 -9999.0 -9999.0 -9999.0 -9999.0 -9999.0 -9999.0 -9999.0 -9999.0 -9999.0 -9999.0 -9999.0 -9999.0 -9999.0 -9999.0 -9999.0 -9999.0 -9999.0 -9999.0 -9999.0 -9999.0 -9999.0 -9999.0 -9999.0 -9999.0 -9999.0
 -9999.0 -9999.0 -9999.0 -9999.0 -9999.0 -9999.0 -9999.0 -9999.0 -9999.0 -9999.0 -9999.0 -9999.0 -9999.0     0.0     0.0     0.3     0.0     0.1     0.1     0.1     0.0     0.1     0.0     0.1     0.1     0.0     0.1     0.1     0.4     1.0     3.0     4.9     4.7     6.7    11.2    13.3    15.9    19.1    24.7    28.9    33.3    38.9    42.5    49.5    49.9    51.5    56.1    57.9    56.5    53.3    51.7    52.8    58.5    62.3    68.7    75.2    82.6    84.9    83.3    91.3    91.1    88.7    84.0    73.0    45.5    43.4    45.7    50.1    57.3    58.3    47.8    58.2    86.9    99.8   112.4    90.9    77.1    65.7    66.5    74.0    78.8    57.6    52.6    55.7    57.2    56.4    58.3    59.5    57.0    56.3    62.3    70.8    70.3    62.4    57.2    58.5    68.5 -9999.0 -9999.0 -9999.0 -9999.0 -9999.0 -9999.0 -9999.0 -9999.0 -9999.0 -9999.0 -9999.0 -9999.0 -9999.0 -9999.0 -9999.0 -9999.0 -9999.0 -9999.0 -9999.0 -9999.0 -9999.0 -9999.0 -9999.0 -9999.0 -9999.0 -9999.0 -9999.0 -9999.0 -9999.0 -9999.0 -9999.0
 -9999.0 -9999.0 -9999.0 -9999.0 -9999.0 -9999.0 -9999.0 -9999.0 -9999.0 -9999.0 -9999.0 -9999.0     0.0     0.0     0.0     0.1     0.0     0.0     0.0     0.3     0.3     0.2     0.1     0.2     0.4     0.1     0.3     0.8     1.5     2.2     4.3     8.6     6.7    11.6    13.7    18.0    19.6    25.4    30.2    36.0    43.9    51.3    57.0    52.2    56.0    58.6    59.4    59.4    58.8    55.8    53.8    53.9    57.1    61.5    69.2    73.9    76.1    94.0    98.2   110.0   115.7   116.4   114.9   107.9    82.0    53.6    69.3    70.1    73.2    91.2   102.9   101.5    99.5    88.9    90.4    86.9    78.7    77.8    82.3    83.8    77.3    68.6    65.4    66.5    65.9    66.3    71.9    73.1    65.9    61.0    63.6    70.4    73.0    68.0    68.5    74.6    86.6    99.9 -9999.0 -9999.0 -9999.0 -9999.0 -9999.0 -9999.0 -9999.0 -9999.0 -9999.0 -9999.0 -9999.0 -9999.0 -9999.0 -9999.0 -9999.0 -9999.0 -9999.0 -9999.0 -9999.0 -9999.0 -9999.0 -9999.0 -9999.0 -9999.0 -9999.0 -9999.0 -9999.0 -9999.0 -9999.0 -9999.0
 -9999.0 -9999.0 -9999.0 -9999.0 -9999.0 -9999.0 -9999.0 -9999.0 -9999.0 -9999.0 -9999.0 -9999.0     0.0     0.3     0.1     0.0     0.0     0.2     0.2     0.0     0.5     0.1     0.2     0.3     0.9     1.7     2.1     3.0     4.0     7.1     9.9    11.6    10.6    18.9    22.1    23.9    29.2    32.6    38.7    45.8    51.6    54.9    56.5    58.1    59.5    61.3    63.5    62.1    59.9    56.8    53.6    53.1    58.0    66.8    72.6    78.9    78.5    87.6   103.5   116.1   128.2   135.3   137.1   105.6    75.6    64.8    61.6    86.6    82.8    83.7    98.7   117.7   136.3   173.0   178.3   131.6   103.1   106.3   105.9    97.3    86.3    77.3    77.9    81.8    82.7    87.7    96.2    99.1    89.0    82.8    83.7    91.1    96.0    93.9   100.7   106.4   108.8   115.1   120.3 -9999.0 -9999.0 -9999.0 -9999.0 -9999.0 -9999.0 -9999.0 -9999.0 -9999.0 -9999.0 -9999.0 -9999.0 -9999.0 -9999.0 -9999.0 -9999.0 -9999.0 -9999.0 -9999.0 -9999.0 -9999.0 -9999.0 -9999.0 -9999.0 -9999.0 -9999.0 -9999.0 -9999.0 -9999.0
 -9999.0 -9999.0 -9999.0 -9999.0 -9999.0 -9999.0 -9999.0 -9999.0 -9999.0 -9999.0 -9999.0 -9999.0     0.6     0.0     0.4     0.1     0.2     0.0     0.0     0.0     0.0     0.0     0.2     0.1     0.5     0.3     1.0     0.6     6.2     8.9    12.7    10.0    20.4    27.2    29.9    31.2    35.5    40.3    47.5    53.8    60.7    62.6    66.9    59.9    62.1    63.9    62.4    58.5    55.7    52.6    50.0    51.4    54.7    59.7    68.1    81.9    82.2    91.4   106.3   120.6   138.9   152.6   155.8   110.5    54.4   114.3   106.4    91.4    89.6   103.4   126.0   171.8   199.6   225.7   247.8   193.7   194.7   125.9   129.1   117.3    94.8    87.0    83.6    91.3   103.8   120.1   140.7   174.7   132.6   126.0   127.7   138.2   142.2   139.5   139.7   131.6   117.0   116.7   124.0   124.3 -9999.0 -9999.0 -9999.0 -9999.0 -9999.0 -9999.0 -9999.0 -9999.0 -9999.0 -9999.0 -9999.0 -9999.0 -9999.0 -9999.0 -9999.0 -9999.0 -9999.0 -9999.0 -9999.0 -9999.0 -9999.0 -9999.0 -9999.0 -9999.0 -9999.0 -9999.0 -9999.0 -9999.0
 -9999.0 -9999.0 -9999.0 -9999.0 -9999.0 -9999.0 -9999.0 -9999.0 -9999.0 -9999.0 -9999.0 -9999.0 -9999.0     0.0     0.0     0.1     0.0     0.1     0.0     0.0     0.0     0.0     0.0     0.0     0.7     0.9     2.4     5.3     4.8    13.9     9.8    15.9    19.0    29.4    31.5    28.8    35.3    45.7    50.7    57.5    63.4    67.7    70.3    69.1    63.1    59.2    56.8    50.3    49.2    45.6    42.2    47.0    52.3    65.5    69.4    78.7    81.1    88.8   109.8   132.2   150.2   157.2   166.2    77.1   113.7   109.2    99.5    86.8    99.3   132.2   169.1   196.0   233.9   189.9   215.8   171.5   155.8   153.9   159.0   132.1   108.3   100.0    98.2    99.1   109.1   138.3   174.6   236.4   224.2   186.3   181.8   198.9   200.5   186.3   168.0   147.6   122.8   117.8   124.9 -9999.0 -9999.0 -9999.0 -9999.0 -9999.0 -9999.0 -9999.0 -9999.0 -9999.0 -9999.0 -9999.0 -9999.0 -9999.0 -9999.0 -9999.0 -9999.0 -9999.0 -9999.0 -9999.0 -9999.0 -9999.0 -9999.0 -9999.0 -9999.0 -9999.0 -9999.0 -9999.0 -9999.0 -9999.0
 -9999.0 -9999.0 -9999.0 -9999.0 -9999.0 -9999.0 -9999.0 -9999.0 -9999.0 -9999.0 -9999.0 -9999.0 -9999.0     3.0     0.0     0.0     0.0     0.2     0.1     0.0     0.0     0.0     0.0     0.0     2.1     1.5     2.1     7.2     8.3     2.1     6.5    11.7    22.5    26.9    26.3    31.5    41.7    46.4    47.5    49.7    57.1    63.4    67.4    66.5    62.9    56.3    50.6    43.3    39.6    36.9    39.3    40.3    49.2    59.1    69.7    81.5    85.4    94.6   117.8   119.9   158.4   147.3    94.0   119.0   101.5    88.2    83.2    90.1   117.2   163.1   202.6   227.2   236.5   240.9   235.9   236.5   240.5   186.3   158.6   142.7   124.1   117.8   120.9   123.1   121.6   139.8   176.9   206.8   232.1   214.1   226.4   240.9   237.7   215.8   190.6   165.7   143.3   133.7   137.7 -9999.0 -9999.0 -9999.0 -9999.0 -9999.0 -9999.0 -9999.0 -9999.0 -9999.0 -9999.0 -9999.0 -9999.0 -9999.0 -9999.0 -9999.0 -9999.0 -9999.0 -9999.0 -9999.0 -9999.0 -9999.0 -9999.0 -9999.0 -9999.0 -9999.0 -9999.0 -9999.0 -9999.0 -9999.0
 -9999.0 -9999.0 -9999.0 -9999.0 -9999.0 -9999.0 -9999.0 -9999.0 -9999.0 -9999.0 -9999.0 -9999.0 -9999.0 -9999.0 -9999.0     0.0     0.1     0.0     0.1     0.4     0.0     0.1     0.3     0.3     0.3     0.8     0.1     1.7     0.7     8.3     8.0    13.8    11.1    17.5    27.7    25.7    30.1    47.6    42.8    42.1    46.0    51.2    56.1    58.1    59.2    56.0    44.9    40.6    35.6    31.3    33.7    44.6    48.0    57.7    69.5    79.8    91.3    77.7   122.8   143.0   153.6   107.2   123.1   111.8    95.1    92.5   101.5   124.0   152.6   189.9   221.4   233.9   259.5   266.6   258.7   285.2   272.3   267.3   201.6   152.7   138.8   141.7   158.1   172.4   167.9   169.1   196.4   233.5   241.5   249.0   268.7   290.7   272.1   248.8   222.3   198.8   186.2 -9999.0   171.1 -9999.0 -9999.0 -9999.0 -9999.0 -9999.0 -9999.0 -9999.0 -9999.0 -9999.0 -9999.0 -9999.0 -9999.0 -9999.0 -9999.0 -9999.0 -9999.0 -9999.0 -9999.0 -9999.0 -9999.0 -9999.0 -9999.0 -9999.0 -9999.0 -9999.0 -9999.0 -9999.0 -9999.0 -9999.0
 -9999.0 -9999.0 -9999.0 -9999.0 -9999.0 -9999.0 -9999.0 -9999.0 -9999.0 -9999.0 -9999.0 -9999.0 -9999.0 -9999.0 -9999.0 -9999.0 -9999.0    87.8    18.4 -9999.0     7.2     0.1     1.8     2.4     0.4     1.1     0.1     1.2     6.6     3.2     8.9    19.0     8.0    28.8    42.7    33.7    27.2    53.9    36.5    32.9    34.1    38.4    42.9    47.6    87.3    58.1   116.9    39.5    36.3    35.3    48.7    46.0    75.2    59.6    67.3    75.5    77.1    98.8   116.3   139.5   124.3   108.9   117.6   124.4   119.2   129.2   156.1   174.6   188.9   209.1   217.8   251.5   269.0   263.1   290.1   306.3   287.3   259.4   219.2   163.0   151.3   162.2   191.7   223.0   234.0   243.5   267.5   279.0   285.2   291.9   321.0   334.9   307.4   277.2   254.9   244.7   231.0   224.4   224.5   218.1   204.3 -9999.0 -9999.0 -9999.0 -9999.0 -9999.0 -9999.0 -9999.0 -9999.0 -9999.0 -9999.0 -9999.0 -9999.0 -9999.0 -9999.0 -9999.0 -9999.0 -9999.0 -9999.0 -9999.0 -9999.0 -9999.0 -9999.0 -9999.0 -9999.0 -9999.0 -9999.0 -9999.0
 -9999.0 -9999.0 -9999.0 -9999.0 -9999.0 -9999.0 -9999.0 -9999.0 -9999.0 -9999.0 -9999.0 -9999.0 -9999.0 -9999.0 -9999.0 -9999.0 -9999.0 -9999.0 -9999.0 -9999.0 -9999.0     2.3     0.5     0.0     0.6     9.0     8.8     8.7     7.2    14.9    12.3    31.5    28.0    26.9    37.3    30.7    39.1    42.3    41.4    49.8    47.1    27.2    30.8    35.6    92.7    45.2   197.8    53.0    42.1    57.5    50.7    56.7    62.7    74.2    67.0    70.2    74.5    77.1   105.2   128.7   130.1   142.6   121.6   142.5   168.0   186.3   214.8   220.4   210.5   210.0   222.8   247.9   259.8   260.3   281.3   286.9   264.6   226.1   209.6   187.3   173.3   186.7   220.0   259.9   306.2   314.0   336.0   329.0   315.3   312.0   335.0   337.0   350.3   326.1   269.7   245.2   239.4   237.8   242.6   213.2 -9999.0 -9999.0 -9999.0 -9999.0 -9999.0 -9999.0 -9999.0 -9999.0 -9999.0 -9999.0 -9999.0 -9999.0 -9999.0 -9999.0 -9999.0 -9999.0 -9999.0 -9999.0 -9999.0 -9999.0 -9999.0 -9999.0 -9999.0 -9999.0 -9999.0 -9999.0 -9999.0 -9999.0
 -9999.0 -9999.0 -9999.0 -9999.0 -9999.0 -9999.0 -9999.0 -9999.0 -9999.0 -9999.0 -9999.0 -9999.0 -9999.0 -9999.0 -9999.0 -9999.0 -9999.0 -9999.0 -9999.0 -9999.0 -9999.0 -9999.0 -9999.0    42.4     6.3     9.9    11.2     8.7     2.6    10.9     9.0     8.7     4.2    11.8    13.1    20.0    22.6    34.6    24.9    20.6    18.9    19.7    24.8    42.5   101.4   282.9   108.6    87.6   116.0   132.5    90.6    73.5   104.1    90.4    74.1    49.0    58.3    73.6    83.9   108.1   166.1   185.6   170.7   144.5   153.9   185.8   205.0   211.1   198.6   190.4   214.7   239.4   254.3   266.0   251.8   245.6   252.6   242.9   229.9   220.6   213.5   223.6   248.5   284.4   316.1   359.3   343.6   344.1   317.7   308.7   324.9   346.2   330.3   328.0   285.8   250.0   234.0   237.5   199.9 -9999.0 -9999.0 -9999.0 -9999.0 -9999.0 -9999.0 -9999.0 -9999.0 -9999.0 -9999.0 -9999.0 -9999.0 -9999.0 -9999.0 -9999.0 -9999.0 -9999.0 -9999.0 -9999.0 -9999.0 -9999.0 -9999.0 -9999.0 -9999.0 -9999.0 -9999.0 -9999.0 -9999.0 -9999.0
 -9999.0 -9999.0 -9999.0 -9999.0 -9999.0 -9999.0 -9999.0 -9999.0 -9999.0 -9999.0 -9999.0 -9999.0 -9999.0 -9999.0 -9999.0 -9999.0 -9999.0 -9999.0 -9999.0 -9999.0 -9999.0 -9999.0 -9999.0 -9999.0 -9999.0   115.0    35.4     0.1     0.5     0.2     2.6    12.4    15.6    11.0    19.3    13.9    12.2    26.4    19.1    20.4    15.2    17.6   125.0   106.8   249.2   324.6   235.7   353.0    80.6   142.1    84.7   108.0   101.2   100.1    83.3    55.5    51.9    49.8    70.2    87.2   120.7   150.5   131.1   131.6   131.1   141.4   149.4   164.2   177.2   187.9   192.1   227.2   216.3   238.8   226.9   206.6   211.3   233.0   258.7   243.8   248.8   260.1   265.3   280.2   308.8   312.3   318.4   308.9   295.9   288.6   288.3   293.4   314.6   318.6   299.9   284.5   231.1   210.7 -9999.0 -9999.0 -9999.0 -9999.0 -9999.0 -9999.0 -9999.0 -9999.0 -9999.0 -9999.0 -9999.0 -9999.0 -9999.0 -9999.0 -9999.0 -9999.0 -9999.0 -9999.0 -9999.0 -9999.0 -9999.0 -9999.0 -9999.0 -9999.0 -9999.0 -9999.0 -9999.0 -9999.0 -9999.0 -9999.0
 -9999.0 -9999.0 -9999.0 -9999.0 -9999.0 -9999.0 -9999.0 -9999.0 -9999.0 -9999.0 -9999.0 -9999.0 -9999.0 -9999.0 -9999.0 -9999.0 -9999.0 -9999.0 -9999.0 -9999.0 -9999.0 -9999.0 -9999.0 -9999.0 -9999.0 -9999.0 -9999.0   156.3   151.7    39.7    32.2    30.8     2.9    42.4    13.9   116.5    29.8    34.1    67.8    28.7    17.4    43.9   157.9   277.2   305.0   350.3   387.8   397.1   394.7   245.9   314.1   279.8   147.3   130.4    94.3    68.1    49.9    45.9    58.2    67.4    89.0   110.0   107.1   100.9    92.8   106.8   125.1   137.0   150.3   165.6   194.5   248.7   179.3   197.4   171.5   174.8   212.6   224.4   216.2   226.7   256.5   269.4   266.7   272.1   283.7   294.9   291.4   299.5   272.4   265.3   278.4   286.0   279.0   285.5   287.9   279.6   236.5 -9999.0 -9999.0 -9999.0 -9999.0 -9999.0 -9999.0 -9999.0 -9999.0 -9999.0 -9999.0 -9999.0 -9999.0 -9999.0 -9999.0 -9999.0 -9999.0 -9999.0 -9999.0 -9999.0 -9999.0 -9999.0 -9999.0 -9999.0 -9999.0 -9999.0 -9999.0 -9999.0 -9999.0 -9999.0 -9999.0 -9999.0
 -9999.0 -9999.0 -9999.0 -9999.0 -9999.0 -9999.0 -9999.0 -9999.0 -9999.0 -9999.0 -9999.0 -9999.0 -9999.0 -9999.0 -9999.0 -9999.0 -9999.0 -9999.0 -9999.0 -9999.0 -9999.0 -9999.0 -9999.0 -9999.0 -9999.0 -9999.0 -9999.0 -9999.0 -9999.0 -9999.0 -9999.0 -9999.0 -9999.0   106.9    24.6 -9999.0 -9999.0 -9999.0   137.3    55.8   105.9   161.4   137.8   307.3   357.7   373.6 -9999.0 -9999.0 -9999.0 -9999.0 -9999.0 -9999.0   198.7   131.6   113.7    84.9    63.4    53.6    47.3    51.3    68.5    82.2    86.2    82.2    87.0   105.2   132.9   165.9   188.0   192.0   205.4   267.0   255.3   174.6   184.7   175.2   227.1   213.1   213.9   220.1   248.2   259.4   257.1   255.2   264.2   266.5   254.4   255.6   270.4   245.0   244.4   234.9   228.0   241.1   254.6   244.2   197.5 -9999.0 -9999.0 -9999.0 -9999.0 -9999.0 -9999.0 -9999.0 -9999.0 -9999.0 -9999.0 -9999.0 -9999.0 -9999.0 -9999.0 -9999.0 -9999.0 -9999.0 -9999.0 -9999.0 -9999.0 -9999.0 -9999.0 -9999.0 -9999.0 -9999.0 -9999.0 -9999.0 -9999.0 -9999.0 -9999.0 -9999.0
 -9999.0 -9999.0 -9999.0 -9999.0 -9999.0 -9999.0 -9999.0 -9999.0 -9999.0 -9999.0 -9999.0 -9999.0 -9999.0 -9999.0 -9999.0 -9999.0 -9999.0 -9999.0 -9999.0 -9999.0 -9999.0 -9999.0 -9999.0 -9999.0 -9999.0 -9999.0 -9999.0 -9999.0 -9999.0 -9999.0 -9999.0 -9999.0 -9999.0 -9999.0 -9999.0 -9999.0 -9999.0 -9999.0 -9999.0   270.5   276.1   291.0   308.3   325.0 -9999.0 -9999.0 -9999.0 -9999.0 -9999.0 -9999.0 -9999.0 -9999.0   205.1   146.3   121.4   105.8    88.1    65.7    49.2    47.9    60.2    69.7    70.8    78.0    81.3   113.7   165.7   217.6   232.6   271.1   304.4   300.1   235.3   235.4   184.0   212.0   250.4   259.0   271.3   262.6   267.8   258.0   246.4   241.0   232.1   222.1   215.6   235.8   240.7   240.6   217.3   199.7   199.8   211.0   211.6   186.3 -9999.0 -9999.0 -9999.0 -9999.0 -9999.0 -9999.0 -9999.0 -9999.0 -9999.0 -9999.0 -9999.0 -9999.0 -9999.0 -9999.0 -9999.0 -9999.0 -9999.0 -9999.0 -9999.0 -9999.0 -9999.0 -9999.0 -9999.0 -9999.0 -9999.0 -9999.0 -9999.0 -9999.0 -9999.0 -9999.0 -9999.0 -9999.0
 -9999.0 -9999.0 -9999.0 -9999.0 -9999.0 -9999.0 -9999.0 -9999.0 -9999.0 -9999.0 -9999.0 -9999.0 -9999.0 -9999.0 -9999.0 -9999.0 -9999.0 -9999.0 -9999.0 -9999.0 -9999.0 -9999.0 -9999.0 -9999.0 -9999.0 -9999.0 -9999.0 -9999.0 -9999.0 -9999.0 -9999.0 -9999.0 -9999.0 -9999.0 -9999.0 -9999.0 -9999.0 -9999.0 -9999.0 -9999.0 -9999.0 -9999.0 -9999.0 -9999.0 -9999.0 -9999.0 -9999.0 -9999.0 -9999.0 -9999.0 -9999.0 -9999.0   293.2   170.0   143.3   124.2   110.5    83.3    61.9    57.4    62.3    70.9    78.0    78.4    92.3   141.6   202.5   245.8   264.0   280.3   295.7   298.0   333.0   255.5   239.9   253.7   314.4   327.4   307.8   300.3   288.3   265.6   241.9   228.6   211.4   197.8   192.8   214.7   240.1   241.3   224.8   207.9   198.9   187.7   173.6 -9999.0 -9999.0 -9999.0 -9999.0 -9999.0 -9999.0 -9999.0 -9999.0 -9999.0 -9999.0 -9999.0 -9999.0 -9999.0 -9999.0 -9999.0 -9999.0 -9999.0 -9999.0 -9999.0 -9999.0 -9999.0 -9999.0 -9999.0 -9999.0 -9999.0 -9999.0 -9999.0 -9999.0 -9999.0 -9999.0 -9999.0 -9999.0 -9999.0
 -9999.0 -9999.0 -9999.0 -9999.0 -9999.0 -9999.0 -9999.0 -9999.0 -9999.0 -9999.0 -9999.0 -9999.0 -9999.0 -9999.0 -9999.0 -9999.0 -9999.0 -9999.0 -9999.0 -9999.0 -9999.0 -9999.0 -9999.0 -9999.0 -9999.0 -9999.0 -9999.0 -9999.0 -9999.0 -9999.0 -9999.0 -9999.0 -9999.0 -9999.0 -9999.0 -9999.0 -9999.0 -9999.0 -9999.0 -9999.0 -9999.0 -9999.0 -9999.0 -9999.0 -9999.0 -9999.0 -9999.0 -9999.0 -9999.0 -9999.0 -9999.0   332.3   258.5   203.0   160.4   151.0   131.0   108.2    80.5    64.8    74.3    75.2    81.3    86.5   102.9   139.5   162.0   127.4   209.3   217.2   233.1   245.2   224.8   219.5   246.9   284.7   348.2   342.3   343.6   321.9   291.5   264.4   290.0   227.9   209.4   196.3   219.2   223.1   237.1   232.5   218.1   219.6   204.4   179.0   137.2 -9999.0 -9999.0 -9999.0 -9999.0 -9999.0 -9999.0 -9999.0 -9999.0 -9999.0 -9999.0 -9999.0 -9999.0 -9999.0 -9999.0 -9999.0 -9999.0 -9999.0 -9999.0 -9999.0 -9999.0 -9999.0 -9999.0 -9999.0 -9999.0 -9999.0 -9999.0 -9999.0 -9999.0 -9999.0 -9999.0 -9999.0 -9999.0 -9999.0
 -9999.0 -9999.0 -9999.0 -9999.0 -9999.0 -9999.0 -9999.0 -9999.0 -9999.0 -9999.0 -9999.0 -9999.0 -9999.0 -9999.0 -9999.0 -9999.0 -9999.0 -9999.0 -9999.0 -9999.0 -9999.0 -9999.0 -9999.0 -9999.0 -9999.0 -9999.0 -9999.0 -9999.0 -9999.0 -9999.0 -9999.0 -9999.0 -9999.0 -9999.0 -9999.0 -9999.0 -9999.0 -9999.0 -9999.0 -9999.0 -9999.0 -9999.0 -9999.0 -9999.0 -9999.0 -9999.0 -9999.0 -9999.0 -9999.0 -9999.0   319.5   332.7   288.4   245.8   200.1   183.4   148.5   112.4    97.0    93.1    84.3    92.8    90.9   100.2   111.9   114.6   118.1   104.2   146.3   154.0   182.2   174.3   187.1   227.6   266.0   311.2   322.8   375.0   343.9   339.5   320.8   278.4   258.9   238.3   240.7   216.5   233.8   224.0   216.8   212.8   214.8   196.6   203.8   164.7   108.8 -9999.0 -9999.0 -9999.0 -9999.0 -9999.0 -9999.0 -9999.0 -9999.0 -9999.0 -9999.0 -9999.0 -9999.0 -9999.0 -9999.0 -9999.0 -9999.0 -9999.0 -9999.0 -9999.0 -9999.0 -9999.0 -9999.0 -9999.0 -9999.0 -9999.0 -9999.0 -9999.0 -9999.0 -9999.0 -9999.0 -9999.0 -9999.0 -9999.0
 -9999.0 -9999.0 -9999.0 -9999.0 -9999.0 -9999.0 -9999.0 -9999.0 -9999.0 -9999.0 -9999.0 -9999.0 -9999.0 -9999.0 -9999.0 -9999.0 -9999.0 -9999.0 -9999.0 -9999.0 -9999.0 -9999.0 -9999.0 -9999.0 -9999.0 -9999.0 -9999.0 -9999.0 -9999.0 -9999.0 -9999.0 -9999.0 -9999.0 -9999.0 -9999.0 -9999.0 -9999.0 -9999.0 -9999.0 -9999.0 -9999.0 -9999.0 -9999.0 -9999.0 -9999.0 -9999.0 -9999.0 -9999.0 -9999.0 -9999.0   279.5   351.2   320.9   301.9   265.7   228.5   183.3   164.0   136.0   112.1   102.1   104.5   103.0   119.2   125.9    91.6    81.1    84.0   105.0   131.2   155.5   168.6   187.0   218.5   253.9   292.9   346.3   376.2   387.1   379.4   345.5   337.7   300.9   278.3   280.4   247.4   239.3   229.5   200.8   179.5   190.7   181.9   170.2   134.6 -9999.0 -9999.0 -9999.0 -9999.0 -9999.0 -9999.0 -9999.0 -9999.0 -9999.0 -9999.0 -9999.0 -9999.0 -9999.0 -9999.0 -9999.0 -9999.0 -9999.0 -9999.0 -9999.0 -9999.0 -9999.0 -9999.0 -9999.0 -9999.0 -9999.0 -9999.0 -9999.0 -9999.0 -9999.0 -9999.0 -9999.0 -9999.0 -9999.0 -9999.0
 -9999.0 -9999.0 -9999.0 -9999.0 -9999.0 -9999.0 -9999.0 -9999.0 -9999.0 -9999.0 -9999.0 -9999.0 -9999.0 -9999.0 -9999.0 -9999.0 -9999.0 -9999.0 -9999.0 -9999.0 -9999.0 -9999.0 -9999.0 -9999.0 -9999.0 -9999.0 -9999.0 -9999.0 -9999.0 -9999.0 -9999.0 -9999.0 -9999.0 -9999.0 -9999.0 -9999.0 -9999.0 -9999.0 -9999.0 -9999.0 -9999.0 -9999.0 -9999.0 -9999.0 -9999.0 -9999.0 -9999.0 -9999.0 -9999.0 -9999.0   221.9   286.6   273.2   356.4   298.0   268.2   257.5   203.3   181.4   140.8   139.9   138.5   132.3   136.8   146.5   116.2   100.0   110.8   121.6   135.2   153.6   185.9   208.0   238.7   258.1   297.7   355.2   409.9   412.5   380.6   385.4   350.6   321.4   310.1   306.7   243.2   216.5   205.2   186.5   153.1   161.7   140.5 -9999.0 -9999.0 -9999.0 -9999.0 -9999.0 -9999.0 -9999.0 -9999.0 -9999.0 -9999.0 -9999.0 -9999.0 -9999.0 -9999.0 -9999.0 -9999.0 -9999.0 -9999.0 -9999.0 -9999.0 -9999.0 -9999.0 -9999.0 -9999.0 -9999.0 -9999.0 -9999.0 -9999.0 -9999.0 -9999.0 -9999.0 -9999.0 -9999.0 -9999.0 -9999.0 -9999.0
 -9999.0 -9999.0 -9999.0 -9999.0 -9999.0 -9999.0 -9999.0 -9999.0 -9999.0 -9999.0 -9999.0 -9999.0 -9999.0 -9999.0 -9999.0 -9999.0 -9999.0 -9999.0 -9999.0 -9999.0 -9999.0 -9999.0 -9999.0 -9999.0 -9999.0 -9999.0 -9999.0 -9999.0 -9999.0 -9999.0 -9999.0 -9999.0 -9999.0 -9999.0 -9999.0 -9999.0 -9999.0 -9999.0 -9999.0 -9999.0 -9999.0 -9999.0 -9999.0 -9999.0 -9999.0 -9999.0 -9999.0 -9999.0 -9999.0 -9999.0   242.6   321.5   310.3   343.2   323.3   318.1   218.7   232.4   215.4   183.0   190.7   167.6   134.2   154.9   159.2   139.5   131.7   149.3   149.0   143.4   152.1   183.6   221.7   239.7   249.5   284.8   335.4   367.0   377.3   342.6   344.0   357.8   319.3   318.2   259.3   226.0   235.0   186.9   179.1   149.0   110.5 -9999.0 -9999.0 -9999.0 -9999.0 -9999.0 -9999.0 -9999.0 -9999.0 -9999.0 -9999.0 -9999.0 -9999.0 -9999.0 -9999.0 -9999.0 -9999.0 -9999.0 -9999.0 -9999.0 -9999.0 -9999.0 -9999.0 -9999.0 -9999.0 -9999.0 -9999.0 -9999.0 -9999.0 -9999.0 -9999.0 -9999.0 -9999.0 -9999.0 -9999.0 -9999.0 -9999.0 -9999.0
 -9999.0 -9999.0 -9999.0 -9999.0 -9999.0 -9999.0 -9999.0 -9999.0 -9999.0 -9999.0 -9999.0 -9999.0 -9999.0 -9999.0 -9999.0 -9999.0 -9999.0 -9999.0 -9999.0 -9999.0 -9999.0 -9999.0 -9999.0 -9999.0 -9999.0 -9999.0 -9999.0 -9999.0 -9999.0 -9999.0 -9999.0 -9999.0 -9999.0 -9999.0 -9999.0 -9999.0 -9999.0 -9999.0 -9999.0 -9999.0 -9999.0 -9999.0 -9999.0 -9999.0 -9999.0 -9999.0 -9999.0 -9999.0 -9999.0 -9999.0 -9999.0 -9999.0 -9999.0   272.2   258.4   239.8   239.5   249.6   222.2   246.1   304.8   216.6   225.9   194.9   171.4   162.0   161.9   203.9   182.1   153.8   136.8   152.5   176.9   197.4   224.9   251.5   290.4   312.9   313.3   297.8   293.1   281.9   291.0   287.8   256.2   230.0   210.9   221.3   146.4   111.4 -9999.0 -9999.0 -9999.0 -9999.0 -9999.0 -9999.0 -9999.0 -9999.0 -9999.0 -9999.0 -9999.0 -9999.0 -9999.0 -9999.0 -9999.0 -9999.0 -9999.0 -9999.0 -9999.0 -9999.0 -9999.0 -9999.0 -9999.0 -9999.0 -9999.0 -9999.0 -9999.0 -9999.0 -9999.0 -9999.0 -9999.0 -9999.0 -9999.0 -9999.0 -9999.0 -9999.0 -9999.0 -9999.0
 -9999.0 -9999.0 -9999.0 -9999.0 -9999.0 -9999.0 -9999.0 -9999.0 -9999.0 -9999.0 -9999.0 -9999.0 -9999.0 -9999.0 -9999.0 -9999.0 -9999.0 -9999.0 -9999.0 -9999.0 -9999.0 -9999.0 -9999.0 -9999.0 -9999.0 -9999.0 -9999.0 -9999.0 -9999.0 -9999.0 -9999.0 -9999.0 -9999.0 -9999.0 -9999.0 -9999.0 -9999.0 -9999.0 -9999.0 -9999.0 -9999.0 -9999.0 -9999.0 -9999.0 -9999.0 -9999.0 -9999.0 -9999.0 -9999.0 -9999.0 -9999.0 -9999.0 -9999.0   252.9   230.5   311.8   226.1   223.2   280.9   373.9   363.7   325.6   334.9   302.0   261.1   238.3   269.4   219.1   201.5   155.7   126.8   129.8   139.0   159.3   195.7   242.4   270.8   330.2   348.5   325.8   270.1   258.4   264.6 -9999.0   248.6   215.7 -9999.0 -9999.0 -9999.0 -9999.0 -9999.0 -9999.0 -9999.0 -9999.0 -9999.0 -9999.0 -9999.0 -9999.0 -9999.0 -9999.0 -9999.0 -9999.0 -9999.0 -9999.0 -9999.0 -9999.0 -9999.0 -9999.0 -9999.0 -9999.0 -9999.0 -9999.0 -9999.0 -9999.0 -9999.0 -9999.0 -9999.0 -9999.0 -9999.0 -9999.0 -9999.0 -9999.0 -9999.0 -9999.0 -9999.0 -9999.0 -9999.0 -9999.0
 -9999.0 -9999.0 -9999.0 -9999.0 -9999.0 -9999.0 -9999.0 -9999.0 -9999.0 -9999.0 -9999.0 -9999.0 -9999.0 -9999.0 -9999.0 -9999.0 -9999.0 -9999.0 -9999.0 -9999.0 -9999.0 -9999.0 -9999.0 -9999.0 -9999.0 -9999.0 -9999.0 -9999.0 -9999.0 -9999.0 -9999.0 -9999.0 -9999.0 -9999.0 -9999.0 -9999.0 -9999.0 -9999.0 -9999.0 -9999.0 -9999.0 -9999.0 -9999.0 -9999.0 -9999.0 -9999.0 -9999.0 -9999.0 -9999.0 -9999.0 -9999.0 -9999.0 -9999.0   237.2   193.7   253.7   240.5   244.5   306.9   374.1   452.5   450.0   438.6   370.0   375.3 -9999.0 -9999.0 -9999.0   229.0   184.0   159.3   154.5   149.5   147.0   165.4   219.3   260.7   347.0   487.0   438.9   349.4   294.4   306.0 -9999.0 -9999.0 -9999.0 -9999.0 -9999.0 -9999.0 -9999.0 -9999.0 -9999.0 -9999.0 -9999.0 -9999.0 -9999.0 -9999.0 -9999.0 -9999.0 -9999.0 -9999.0 -9999.0 -9999.0 -9999.0 -9999.0 -9999.0 -9999.0 -9999.0 -9999.0 -9999.0 -9999.0 -9999.0 -9999.0 -9999.0 -9999.0 -9999.0 -9999.0 -9999.0 -9999.0 -9999.0 -9999.0 -9999.0 -9999.0 -9999.0 -9999.0 -9999.0 -9999.0 -9999.0
 -9999.0 -9999.0 -9999.0 -9999.0 -9999.0 -9999.0 -9999.0 -9999.0 -9999.0 -9999.0 -9999.0 -9999.0 -9999.0 -9999.0 -9999.0 -9999.0 -9999.0 -9999.0 -9999.0 -9999.0 -9999.0 -9999.0 -9999.0 -9999.0 -9999.0 -9999.0 -9999.0 -9999.0 -9999.0 -9999.0 -9999.0 -9999.0 -9999.0 -9999.0 -9999.0 -9999.0 -9999.0 -9999.0 -9999.0 -9999.0 -9999.0 -9999.0 -9999.0 -9999.0 -9999.0 -9999.0 -9999.0 -9999.0 -9999.0 -9999.0 -9999.0 -9999.0 -9999.0 -9999.0   222.4   225.1   201.3   216.0   301.2   399.2   370.4 -9999.0 -9999.0 -9999.0 -9999.0 -9999.0 -9999.0 -9999.0   261.8   232.0   218.7   199.7   167.7   133.2   121.1   148.5   220.1   321.8   438.0 -9999.0   442.9 -9999.0 -9999.0 -9999.0 -9999.0 -9999.0 -9999.0 -9999.0 -9999.0 -9999.0 -9999.0 -9999.0 -9999.0 -9999.0 -9999.0 -9999.0 -9999.0 -9999.0 -9999.0 -9999.0 -9999.0 -9999.0 -9999.0 -9999.0 -9999.0 -9999.0 -9999.0 -9999.0 -9999.0 -9999.0 -9999.0 -9999.0 -9999.0 -9999.0 -9999.0 -9999.0 -9999.0 -9999.0 -9999.0 -9999.0 -9999.0 -9999.0 -9999.0 -9999.0 -9999.0 -9999.0 -9999.0 -9999.0
 -9999.0 -9999.0 -9999.0 -9999.0 -9999.0 -9999.0 -9999.0 -9999.0 -9999.0 -9999.0 -9999.0 -9999.0 -9999.0 -9999.0 -9999.0 -9999.0 -9999.0 -9999.0 -9999.0 -9999.0 -9999.0 -9999.0 -9999.0 -9999.0 -9999.0 -9999.0 -9999.0 -9999.0 -9999.0 -9999.0 -9999.0 -9999.0 -9999.0 -9999.0 -9999.0 -9999.0 -9999.0 -9999.0 -9999.0 -9999.0 -9999.0 -9999.0 -9999.0 -9999.0 -9999.0 -9999.0 -9999.0 -9999.0 -9999.0 -9999.0 -9999.0 -9999.0 -9999.0 -9999.0 -9999.0   185.3   247.7   217.7   231.6   311.4   353.6 -9999.0 -9999.0 -9999.0 -9999.0 -9999.0 -9999.0 -9999.0 -9999.0 -9999.0   244.5 -9999.0 -9999.0 -9999.0 -9999.0 -9999.0   178.0 -9999.0 -9999.0 -9999.0 -9999.0 -9999.0 -9999.0 -9999.0 -9999.0 -9999.0 -9999.0 -9999.0 -9999.0 -9999.0 -9999.0 -9999.0 -9999.0 -9999.0 -9999.0 -9999.0 -9999.0 -9999.0 -9999.0 -9999.0 -9999.0 -9999.0 -9999.0 -9999.0 -9999.0 -9999.0 -9999.0 -9999.0 -9999.0 -9999.0 -9999.0 -9999.0 -9999.0 -9999.0 -9999.0 -9999.0 -9999.0 -9999.0 -9999.0 -9999.0 -9999.0 -9999.0 -9999.0 -9999.0 -9999.0 -9999.0 -9999.0 -9999.0
 -9999.0 -9999.0 -9999.0 -9999.0 -9999.0 -9999.0 -9999.0 -9999.0 -9999.0 -9999.0 -9999.0 -9999.0 -9999.0 -9999.0 -9999.0 -9999.0 -9999.0 -9999.0 -9999.0 -9999.0 -9999.0 -9999.0 -9999.0 -9999.0 -9999.0 -9999.0 -9999.0 -9999.0 -9999.0 -9999.0 -9999.0 -9999.0 -9999.0 -9999.0 -9999.0 -9999.0 -9999.0 -9999.0 -9999.0 -9999.0 -9999.0 -9999.0 -9999.0 -9999.0 -9999.0 -9999.0 -9999.0 -9999.0 -9999.0 -9999.0 -9999.0 -9999.0 -9999.0 -9999.0 -9999.0 -9999.0 -9999.0 -9999.0   217.8   234.1 -9999.0 -9999.0 -9999.0 -9999.0 -9999.0 -9999.0 -9999.0 -9999.0 -9999.0 -9999.0 -9999.0 -9999.0 -9999.0 -9999.0 -9999.0   113.1   179.8 -9999.0 -9999.0 -9999.0 -9999.0 -9999.0 -9999.0 -9999.0 -9999.0 -9999.0 -9999.0 -9999.0 -9999.0 -9999.0 -9999.0 -9999.0 -9999.0 -9999.0 -9999.0 -9999.0 -9999.0 -9999.0 -9999.0 -9999.0 -9999.0 -9999.0 -9999.0 -9999.0 -9999.0 -9999.0 -9999.0 -9999.0 -9999.0 -9999.0 -9999.0 -9999.0 -9999.0 -9999.0 -9999.0 -9999.0 -9999.0 -9999.0 -9999.0 -9999.0 -9999.0 -9999.0 -9999.0 -9999.0 -9999.0 -9999.0 -9999.0 -9999.0
 -9999.0 -9999.0 -9999.0 -9999.0 -9999.0 -9999.0 -9999.0 -9999.0 -9999.0 -9999.0 -9999.0 -9999.0 -9999.0 -9999.0 -9999.0 -9999.0 -9999.0 -9999.0 -9999.0 -9999.0 -9999.0 -9999.0 -9999.0 -9999.0 -9999.0 -9999.0 -9999.0 -9999.0 -9999.0 -9999.0 -9999.0 -9999.0 -9999.0 -9999.0 -9999.0 -9999.0 -9999.0 -9999.0 -9999.0 -9999.0 -9999.0 -9999.0 -9999.0 -9999.0 -9999.0 -9999.0 -9999.0 -9999.0 -9999.0 -9999.0 -9999.0 -9999.0 -9999.0 -9999.0 -9999.0 -9999.0 -9999.0 -9999.0 -9999.0 -9999.0 -9999.0 -9999.0 -9999.0 -9999.0 -9999.0 -9999.0 -9999.0 -9999.0 -9999.0 -9999.0 -9999.0 -9999.0 -9999.0 -9999.0 -9999.0 -9999.0 -9999.0 -9999.0 -9999.0 -9999.0 -9999.0 -9999.0 -9999.0 -9999.0 -9999.0 -9999.0 -9999.0 -9999.0 -9999.0 -9999.0 -9999.0 -9999.0 -9999.0 -9999.0 -9999.0 -9999.0 -9999.0 -9999.0 -9999.0 -9999.0 -9999.0 -9999.0 -9999.0 -9999.0 -9999.0 -9999.0 -9999.0 -9999.0 -9999.0 -9999.0 -9999.0 -9999.0 -9999.0 -9999.0 -9999.0 -9999.0 -9999.0 -9999.0 -9999.0 -9999.0 -9999.0 -9999.0 -9999.0 -9999.0 -9999.0 -9999.0 -9999.0 -9999.0
 -9999.0 -9999.0 -9999.0 -9999.0 -9999.0 -9999.0 -9999.0 -9999.0 -9999.0 -9999.0 -9999.0 -9999.0 -9999.0 -9999.0 -9999.0 -9999.0 -9999.0 -9999.0 -9999.0 -9999.0 -9999.0 -9999.0 -9999.0 -9999.0 -9999.0 -9999.0 -9999.0 -9999.0 -9999.0 -9999.0 -9999.0 -9999.0 -9999.0 -9999.0 -9999.0 -9999.0 -9999.0 -9999.0 -9999.0 -9999.0 -9999.0 -9999.0 -9999.0 -9999.0 -9999.0 -9999.0 -9999.0 -9999.0 -9999.0 -9999.0 -9999.0 -9999.0 -9999.0 -9999.0 -9999.0 -9999.0 -9999.0 -9999.0 -9999.0 -9999.0 -9999.0 -9999.0 -9999.0 -9999.0 -9999.0 -9999.0 -9999.0 -9999.0 -9999.0 -9999.0 -9999.0 -9999.0 -9999.0 -9999.0 -9999.0   245.4   256.3   266.1 -9999.0 -9999.0 -9999.0 -9999.0 -9999.0 -9999.0 -9999.0 -9999.0 -9999.0 -9999.0 -9999.0 -9999.0 -9999.0 -9999.0 -9999.0 -9999.0 -9999.0 -9999.0 -9999.0 -9999.0 -9999.0 -9999.0 -9999.0 -9999.0 -9999.0 -9999.0 -9999.0 -9999.0 -9999.0 -9999.0 -9999.0 -9999.0 -9999.0 -9999.0 -9999.0 -9999.0 -9999.0 -9999.0 -9999.0 -9999.0 -9999.0 -9999.0 -9999.0 -9999.0 -9999.0 -9999.0 -9999.0 -9999.0 -9999.0 -9999.0
 -9999.0 -9999.0 -9999.0 -9999.0 -9999.0 -9999.0 -9999.0 -9999.0 -9999.0 -9999.0 -9999.0 -9999.0 -9999.0 -9999.0 -9999.0 -9999.0 -9999.0 -9999.0 -9999.0 -9999.0 -9999.0 -9999.0 -9999.0 -9999.0 -9999.0 -9999.0 -9999.0 -9999.0 -9999.0 -9999.0 -9999.0 -9999.0 -9999.0 -9999.0 -9999.0 -9999.0 -9999.0 -9999.0 -9999.0 -9999.0 -9999.0 -9999.0 -9999.0 -9999.0 -9999.0 -9999.0 -9999.0 -9999.0 -9999.0 -9999.0 -9999.0 -9999.0 -9999.0 -9999.0 -9999.0 -9999.0 -9999.0 -9999.0 -9999.0 -9999.0 -9999.0 -9999.0 -9999.0 -9999.0 -9999.0 -9999.0 -9999.0 -9999.0 -9999.0 -9999.0 -9999.0 -9999.0 -9999.0   145.2   276.3   272.7   275.7 -9999.0 -9999.0 -9999.0 -9999.0 -9999.0 -9999.0 -9999.0 -9999.0 -9999.0 -9999.0 -9999.0 -9999.0 -9999.0 -9999.0 -9999.0 -9999.0 -9999.0 -9999.0 -9999.0 -9999.0 -9999.0 -9999.0 -9999.0 -9999.0 -9999.0 -9999.0 -9999.0 -9999.0 -9999.0 -9999.0 -9999.0 -9999.0 -9999.0 -9999.0 -9999.0 -9999.0 -9999.0 -9999.0 -9999.0 -9999.0 -9999.0 -9999.0 -9999.0 -9999.0 -9999.0 -9999.0 -9999.0 -9999.0 -9999.0 -9999.0 -9999.0
 -9999.0 -9999.0 -9999.0 -9999.0 -9999.0 -9999.0 -9999.0 -9999.0 -9999.0 -9999.0 -9999.0 -9999.0 -9999.0 -9999.0 -9999.0 -9999.0 -9999.0 -9999.0 -9999.0 -9999.0 -9999.0 -9999.0 -9999.0 -9999.0 -9999.0 -9999.0 -9999.0 -9999.0 -9999.0 -9999.0 -9999.0 -9999.0 -9999.0 -9999.0 -9999.0 -9999.0 -9999.0 -9999.0 -9999.0 -9999.0 -9999.0 -9999.0 -9999.0 -9999.0 -9999.0 -9999.0 -9999.0 -9999.0 -9999.0 -9999.0 -9999.0 -9999.0 -9999.0 -9999.0 -9999.0 -9999.0 -9999.0 -9999.0 -9999.0 -9999.0 -9999.0 -9999.0 -9999.0 -9999.0 -9999.0 -9999.0 -9999.0 -9999.0 -9999.0 -9999.0 -9999.0 -9999.0 -9999.0 -9999.0   199.8   281.1   168.9 -9999.0 -9999.0 -9999.0 -9999.0 -9999.0 -9999.0 -9999.0 -9999.0 -9999.0 -9999.0 -9999.0 -9999.0 -9999.0 -9999.0 -9999.0 -9999.0 -9999.0 -9999.0 -9999.0 -9999.0 -9999.0 -9999.0 -9999.0 -9999.0 -9999.0 -9999.0 -9999.0 -9999.0 -9999.0 -9999.0 -9999.0 -9999.0 -9999.0 -9999.0 -9999.0 -9999.0 -9999.0 -9999.0 -9999.0 -9999.0 -9999.0 -9999.0 -9999.0 -9999.0 -9999.0 -9999.0 -9999.0 -9999.0 -9999.0 -9999.0 -9999.0
 -9999.0 -9999.0 -9999.0 -9999.0 -9999.0 -9999.0 -9999.0 -9999.0 -9999.0 -9999.0 -9999.0 -9999.0 -9999.0 -9999.0 -9999.0 -9999.0 -9999.0 -9999.0 -9999.0 -9999.0 -9999.0 -9999.0 -9999.0 -9999.0 -9999.0 -9999.0 -9999.0 -9999.0 -9999.0 -9999.0 -9999.0 -9999.0 -9999.0 -9999.0 -9999.0 -9999.0 -9999.0 -9999.0 -9999.0 -9999.0 -9999.0 -9999.0 -9999.0 -9999.0 -9999.0 -9999.0 -9999.0 -9999.0 -9999.0 -9999.0 -9999.0 -9999.0 -9999.0 -9999.0 -9999.0 -9999.0 -9999.0 -9999.0 -9999.0 -9999.0 -9999.0 -9999.0 -9999.0 -9999.0 -9999.0 -9999.0 -9999.0 -9999.0 -9999.0 -9999.0 -9999.0 -9999.0 -9999.0 -9999.0 -9999.0 -9999.0 -9999.0 -9999.0 -9999.0 -9999.0 -9999.0 -9999.0 -9999.0 -9999.0 -9999.0 -9999.0 -9999.0 -9999.0 -9999.0 -9999.0 -9999.0 -9999.0 -9999.0 -9999.0 -9999.0 -9999.0 -9999.0 -9999.0 -9999.0 -9999.0 -9999.0 -9999.0 -9999.0 -9999.0 -9999.0 -9999.0 -9999.0 -9999.0 -9999.0 -9999.0 -9999.0 -9999.0 -9999.0 -9999.0 -9999.0 -9999.0 -9999.0 -9999.0 -9999.0 -9999.0 -9999.0 -9999.0 -9999.0 -9999.0 -9999.0 -9999.0 -9999.0 -9999.0
