NCOLS      128
NROWS       72
XLLCORNER    72.000000000000    
YLLCORNER    18.000000000000    
CELLSIZE    0.50000000000000    
NODATA_VALUE   -9999.000    
 -9999.0 -9999.0 -9999.0 -9999.0 -9999.0 -9999.0 -9999.0 -9999.0 -9999.0 -9999.0 -9999.0 -9999.0 -9999.0 -9999.0 -9999.0 -9999.0 -9999.0 -9999.0 -9999.0 -9999.0 -9999.0 -9999.0 -9999.0 -9999.0 -9999.0 -9999.0 -9999.0 -9999.0 -9999.0 -9999.0 -9999.0 -9999.0 -9999.0 -9999.0 -9999.0 -9999.0 -9999.0 -9999.0 -9999.0 -9999.0 -9999.0 -9999.0 -9999.0 -9999.0 -9999.0 -9999.0 -9999.0 -9999.0 -9999.0 -9999.0 -9999.0 -9999.0 -9999.0 -9999.0 -9999.0 -9999.0 -9999.0 -9999.0 -9999.0 -9999.0 -9999.0 -9999.0 -9999.0 -9999.0 -9999.0 -9999.0 -9999.0 -9999.0 -9999.0 -9999.0 -9999.0 -9999.0 -9999.0 -9999.0 -9999.0 -9999.0 -9999.0 -9999.0 -9999.0 -9999.0 -9999.0 -9999.0 -9999.0 -9999.0 -9999.0 -9999.0 -9999.0 -9999.0 -9999.0 -9999.0 -9999.0 -9999.0 -9999.0 -9999.0 -9999.0 -9999.0 -9999.0    81.0    71.1    61.8    64.2    57.6    60.0    64.7    82.1 -9999.0 -9999.0 -9999.0 -9999.0 -9999.0 -9999.0 -9999.0 -9999.0 -9999.0 -9999.0 -9999.0 -9999.0 -9999.0 -9999.0 -9999.0 -9999.0 -9999.0 -9999.0 -9999.0 -9999.0 -9999.0 -9999.0 -9999.0
 -9999.0 -9999.0 -9999.0 -9999.0 -9999.0 -9999.0 -9999.0 -9999.0 -9999.0 -9999.0 -9999.0 -9999.0 -9999.0 -9999.0 -9999.0 -9999.0 -9999.0 -9999.0 -9999.0 -9999.0 -9999.0 -9999.0 -9999.0 -9999.0 -9999.0 -9999.0 -9999.0 -9999.0 -9999.0 -9999.0 -9999.0 -9999.0 -9999.0 -9999.0 -9999.0 -9999.0 -9999.0 -9999.0 -9999.0 -9999.0 -9999.0 -9999.0 -9999.0 -9999.0 -9999.0 -9999.0 -9999.0 -9999.0 -9999.0 -9999.0 -9999.0 -9999.0 -9999.0 -9999.0 -9999.0 -9999.0 -9999.0 -9999.0 -9999.0 -9999.0 -9999.0 -9999.0 -9999.0 -9999.0 -9999.0 -9999.0 -9999.0 -9999.0 -9999.0 -9999.0 -9999.0 -9999.0 -9999.0 -9999.0 -9999.0 -9999.0 -9999.0 -9999.0 -9999.0 -9999.0 -9999.0 -9999.0 -9999.0 -9999.0 -9999.0 -9999.0 -9999.0 -9999.0 -9999.0 -9999.0 -9999.0 -9999.0 -9999.0 -9999.0 -9999.0 -9999.0    71.2    66.4    76.3    63.5    69.8    64.3    56.9    55.1    61.3    61.1    67.8    80.6    89.3 -9999.0 -9999.0 -9999.0 -9999.0 -9999.0 -9999.0 -9999.0 -9999.0 -9999.0 -9999.0 -9999.0 -9999.0 -9999.0 -9999.0 -9999.0 -9999.0 -9999.0 -9999.0 -9999.0
 -9999.0 -9999.0 -9999.0 -9999.0 -9999.0 -9999.0 -9999.0 -9999.0 -9999.0 -9999.0 -9999.0 -9999.0 -9999.0 -9999.0 -9999.0 -9999.0 -9999.0 -9999.0 -9999.0 -9999.0 -9999.0 -9999.0 -9999.0 -9999.0 -9999.0 -9999.0 -9999.0 -9999.0 -9999.0 -9999.0 -9999.0 -9999.0 -9999.0 -9999.0 -9999.0 -9999.0 -9999.0 -9999.0 -9999.0 -9999.0 -9999.0 -9999.0 -9999.0 -9999.0 -9999.0 -9999.0 -9999.0 -9999.0 -9999.0 -9999.0 -9999.0 -9999.0 -9999.0 -9999.0 -9999.0 -9999.0 -9999.0 -9999.0 -9999.0 -9999.0 -9999.0 -9999.0 -9999.0 -9999.0 -9999.0 -9999.0 -9999.0 -9999.0 -9999.0 -9999.0 -9999.0 -9999.0 -9999.0 -9999.0 -9999.0 -9999.0 -9999.0 -9999.0 -9999.0 -9999.0 -9999.0 -9999.0 -9999.0 -9999.0 -9999.0 -9999.0 -9999.0 -9999.0 -9999.0 -9999.0 -9999.0 -9999.0 -9999.0 -9999.0 -9999.0    83.4    71.3    68.0    74.7    60.9    60.4    60.2    56.7    55.6    54.9    72.8    63.3    73.8    77.5 -9999.0 -9999.0 -9999.0 -9999.0 -9999.0 -9999.0 -9999.0 -9999.0 -9999.0 -9999.0 -9999.0 -9999.0 -9999.0 -9999.0 -9999.0 -9999.0 -9999.0 -9999.0 -9999.0
 -9999.0 -9999.0 -9999.0 -9999.0 -9999.0 -9999.0 -9999.0 -9999.0 -9999.0 -9999.0 -9999.0 -9999.0 -9999.0 -9999.0 -9999.0 -9999.0 -9999.0 -9999.0 -9999.0 -9999.0 -9999.0 -9999.0 -9999.0 -9999.0 -9999.0 -9999.0 -9999.0 -9999.0 -9999.0 -9999.0 -9999.0 -9999.0 -9999.0 -9999.0 -9999.0 -9999.0 -9999.0 -9999.0 -9999.0 -9999.0 -9999.0 -9999.0 -9999.0 -9999.0 -9999.0 -9999.0 -9999.0 -9999.0 -9999.0 -9999.0 -9999.0 -9999.0 -9999.0 -9999.0 -9999.0 -9999.0 -9999.0 -9999.0 -9999.0 -9999.0 -9999.0 -9999.0 -9999.0 -9999.0 -9999.0 -9999.0 -9999.0 -9999.0 -9999.0 -9999.0 -9999.0 -9999.0 -9999.0 -9999.0 -9999.0 -9999.0 -9999.0 -9999.0 -9999.0 -9999.0 -9999.0 -9999.0 -9999.0 -9999.0 -9999.0 -9999.0 -9999.0 -9999.0 -9999.0 -9999.0 -9999.0 -9999.0 -9999.0 -9999.0 -9999.0    66.4    76.1    51.0    60.4    68.1    75.4    78.1    56.1    51.9    52.1    54.9    54.2    63.8    66.0    69.7 -9999.0 -9999.0 -9999.0 -9999.0 -9999.0 -9999.0 -9999.0 -9999.0 -9999.0 -9999.0 -9999.0 -9999.0 -9999.0 -9999.0 -9999.0 -9999.0 -9999.0 -9999.0
 -9999.0 -9999.0 -9999.0 -9999.0 -9999.0 -9999.0 -9999.0 -9999.0 -9999.0 -9999.0 -9999.0 -9999.0 -9999.0 -9999.0 -9999.0 -9999.0 -9999.0 -9999.0 -9999.0 -9999.0 -9999.0 -9999.0 -9999.0 -9999.0 -9999.0 -9999.0 -9999.0 -9999.0 -9999.0 -9999.0 -9999.0 -9999.0 -9999.0 -9999.0 -9999.0 -9999.0 -9999.0 -9999.0 -9999.0 -9999.0 -9999.0 -9999.0 -9999.0 -9999.0 -9999.0 -9999.0 -9999.0 -9999.0 -9999.0 -9999.0 -9999.0 -9999.0 -9999.0 -9999.0 -9999.0 -9999.0 -9999.0 -9999.0 -9999.0 -9999.0 -9999.0 -9999.0 -9999.0 -9999.0 -9999.0 -9999.0 -9999.0 -9999.0 -9999.0 -9999.0 -9999.0 -9999.0 -9999.0 -9999.0 -9999.0 -9999.0 -9999.0 -9999.0 -9999.0 -9999.0 -9999.0 -9999.0 -9999.0 -9999.0 -9999.0 -9999.0 -9999.0 -9999.0 -9999.0 -9999.0 -9999.0 -9999.0 -9999.0 -9999.0 -9999.0    63.7    51.8    73.3    77.5    71.3    65.2    82.7    69.0    57.0    51.1    56.2    48.3    54.4    60.0    58.0    63.2 -9999.0 -9999.0 -9999.0 -9999.0 -9999.0 -9999.0 -9999.0 -9999.0 -9999.0 -9999.0 -9999.0 -9999.0 -9999.0 -9999.0 -9999.0 -9999.0 -9999.0
 -9999.0 -9999.0 -9999.0 -9999.0 -9999.0 -9999.0 -9999.0 -9999.0 -9999.0 -9999.0 -9999.0 -9999.0 -9999.0 -9999.0 -9999.0 -9999.0 -9999.0 -9999.0 -9999.0 -9999.0 -9999.0 -9999.0 -9999.0 -9999.0 -9999.0 -9999.0 -9999.0 -9999.0 -9999.0 -9999.0 -9999.0 -9999.0 -9999.0 -9999.0 -9999.0 -9999.0 -9999.0 -9999.0 -9999.0 -9999.0 -9999.0 -9999.0 -9999.0 -9999.0 -9999.0 -9999.0 -9999.0 -9999.0 -9999.0 -9999.0 -9999.0 -9999.0 -9999.0 -9999.0 -9999.0 -9999.0 -9999.0 -9999.0 -9999.0 -9999.0 -9999.0 -9999.0 -9999.0 -9999.0 -9999.0 -9999.0 -9999.0 -9999.0 -9999.0 -9999.0 -9999.0 -9999.0 -9999.0 -9999.0 -9999.0 -9999.0 -9999.0 -9999.0 -9999.0 -9999.0 -9999.0 -9999.0 -9999.0 -9999.0 -9999.0 -9999.0 -9999.0 -9999.0 -9999.0 -9999.0 -9999.0 -9999.0 -9999.0 -9999.0    59.3    53.1    58.9    62.1    69.0    80.7    88.3    60.4    64.9    55.3    45.8    44.3    42.6    46.0    51.2    47.2    52.3 -9999.0 -9999.0 -9999.0 -9999.0 -9999.0 -9999.0 -9999.0 -9999.0 -9999.0 -9999.0 -9999.0 -9999.0 -9999.0 -9999.0 -9999.0 -9999.0 -9999.0
 -9999.0 -9999.0 -9999.0 -9999.0 -9999.0 -9999.0 -9999.0 -9999.0 -9999.0 -9999.0 -9999.0 -9999.0 -9999.0 -9999.0 -9999.0 -9999.0 -9999.0 -9999.0 -9999.0 -9999.0 -9999.0 -9999.0 -9999.0 -9999.0 -9999.0 -9999.0 -9999.0 -9999.0 -9999.0 -9999.0 -9999.0 -9999.0 -9999.0 -9999.0 -9999.0 -9999.0 -9999.0 -9999.0 -9999.0 -9999.0 -9999.0 -9999.0 -9999.0 -9999.0 -9999.0 -9999.0 -9999.0 -9999.0 -9999.0 -9999.0 -9999.0 -9999.0 -9999.0 -9999.0 -9999.0 -9999.0 -9999.0 -9999.0 -9999.0 -9999.0 -9999.0 -9999.0 -9999.0 -9999.0 -9999.0 -9999.0 -9999.0 -9999.0 -9999.0 -9999.0 -9999.0 -9999.0 -9999.0 -9999.0 -9999.0 -9999.0 -9999.0 -9999.0 -9999.0 -9999.0 -9999.0 -9999.0 -9999.0 -9999.0 -9999.0 -9999.0 -9999.0 -9999.0 -9999.0 -9999.0 -9999.0 -9999.0 -9999.0 -9999.0    58.8    60.7    59.2    63.9    74.2    71.2    76.8    73.8    63.9    52.8    41.9    40.5    37.9    37.7    44.3    46.4    39.3    40.6 -9999.0 -9999.0 -9999.0 -9999.0 -9999.0 -9999.0 -9999.0 -9999.0 -9999.0 -9999.0 -9999.0 -9999.0 -9999.0 -9999.0 -9999.0 -9999.0
 -9999.0 -9999.0 -9999.0 -9999.0 -9999.0 -9999.0 -9999.0 -9999.0 -9999.0 -9999.0 -9999.0 -9999.0 -9999.0 -9999.0 -9999.0 -9999.0 -9999.0 -9999.0 -9999.0 -9999.0 -9999.0 -9999.0 -9999.0 -9999.0 -9999.0 -9999.0 -9999.0 -9999.0 -9999.0 -9999.0 -9999.0 -9999.0 -9999.0 -9999.0 -9999.0 -9999.0 -9999.0 -9999.0 -9999.0 -9999.0 -9999.0 -9999.0 -9999.0 -9999.0 -9999.0 -9999.0 -9999.0 -9999.0 -9999.0 -9999.0 -9999.0 -9999.0 -9999.0 -9999.0 -9999.0 -9999.0 -9999.0 -9999.0 -9999.0 -9999.0 -9999.0 -9999.0 -9999.0 -9999.0 -9999.0 -9999.0 -9999.0 -9999.0 -9999.0 -9999.0 -9999.0 -9999.0 -9999.0 -9999.0 -9999.0 -9999.0 -9999.0 -9999.0 -9999.0 -9999.0 -9999.0 -9999.0 -9999.0 -9999.0 -9999.0 -9999.0 -9999.0 -9999.0 -9999.0   138.7 -9999.0 -9999.0    68.2    64.9    53.9    51.4    53.6    58.8    67.4    73.8    57.5    61.7    61.1    49.4    42.8    37.2    32.6    40.4    41.8    46.6    37.2    38.7 -9999.0 -9999.0 -9999.0 -9999.0 -9999.0 -9999.0 -9999.0 -9999.0 -9999.0 -9999.0 -9999.0 -9999.0 -9999.0 -9999.0 -9999.0 -9999.0
 -9999.0 -9999.0 -9999.0 -9999.0 -9999.0 -9999.0 -9999.0 -9999.0 -9999.0 -9999.0 -9999.0 -9999.0 -9999.0 -9999.0 -9999.0 -9999.0 -9999.0 -9999.0 -9999.0 -9999.0 -9999.0 -9999.0 -9999.0 -9999.0 -9999.0 -9999.0 -9999.0 -9999.0 -9999.0 -9999.0 -9999.0 -9999.0 -9999.0 -9999.0 -9999.0 -9999.0 -9999.0 -9999.0 -9999.0 -9999.0 -9999.0 -9999.0 -9999.0 -9999.0 -9999.0 -9999.0 -9999.0 -9999.0 -9999.0 -9999.0 -9999.0 -9999.0 -9999.0 -9999.0 -9999.0 -9999.0 -9999.0 -9999.0 -9999.0 -9999.0 -9999.0 -9999.0 -9999.0 -9999.0 -9999.0 -9999.0 -9999.0 -9999.0 -9999.0 -9999.0 -9999.0 -9999.0 -9999.0 -9999.0 -9999.0 -9999.0 -9999.0 -9999.0 -9999.0 -9999.0 -9999.0 -9999.0 -9999.0 -9999.0 -9999.0 -9999.0 -9999.0 -9999.0   153.5   127.0   107.7    83.2    67.7    67.9    57.7    63.0    58.7    62.8    62.9    63.0    67.3    65.2    59.5    57.0    50.2    41.7    33.7    32.5    37.4    44.2    46.1    40.9    47.0    51.3    50.1    46.4 -9999.0 -9999.0 -9999.0 -9999.0 -9999.0 -9999.0 -9999.0 -9999.0 -9999.0 -9999.0 -9999.0 -9999.0
 -9999.0 -9999.0 -9999.0 -9999.0 -9999.0 -9999.0 -9999.0 -9999.0 -9999.0 -9999.0 -9999.0 -9999.0 -9999.0 -9999.0 -9999.0 -9999.0 -9999.0 -9999.0 -9999.0 -9999.0 -9999.0 -9999.0 -9999.0 -9999.0 -9999.0 -9999.0 -9999.0 -9999.0 -9999.0   104.5   130.6   138.7   134.6 -9999.0 -9999.0 -9999.0 -9999.0 -9999.0 -9999.0 -9999.0 -9999.0 -9999.0 -9999.0 -9999.0 -9999.0 -9999.0 -9999.0 -9999.0 -9999.0 -9999.0 -9999.0 -9999.0 -9999.0 -9999.0 -9999.0 -9999.0 -9999.0 -9999.0 -9999.0 -9999.0 -9999.0 -9999.0 -9999.0 -9999.0 -9999.0 -9999.0 -9999.0 -9999.0 -9999.0 -9999.0 -9999.0 -9999.0 -9999.0 -9999.0 -9999.0 -9999.0 -9999.0 -9999.0 -9999.0 -9999.0 -9999.0 -9999.0 -9999.0 -9999.0 -9999.0 -9999.0 -9999.0   178.0   156.7   133.4   108.1    82.1    71.9    66.4    64.1    60.5    63.3    60.1    70.6    64.4    59.0    59.9    66.1    61.5    59.5    48.4    35.6    33.4    43.1    49.6    52.1    53.1    63.1    65.2    68.2    58.8    56.7    67.6 -9999.0 -9999.0 -9999.0 -9999.0 -9999.0 -9999.0 -9999.0 -9999.0 -9999.0 -9999.0
 -9999.0 -9999.0 -9999.0 -9999.0 -9999.0 -9999.0 -9999.0 -9999.0 -9999.0 -9999.0 -9999.0 -9999.0 -9999.0 -9999.0 -9999.0 -9999.0 -9999.0 -9999.0 -9999.0 -9999.0 -9999.0 -9999.0 -9999.0 -9999.0 -9999.0 -9999.0 -9999.0    41.6    72.4    63.9   123.4   123.0   139.7   100.3 -9999.0 -9999.0 -9999.0 -9999.0 -9999.0 -9999.0 -9999.0 -9999.0 -9999.0 -9999.0 -9999.0 -9999.0 -9999.0 -9999.0 -9999.0 -9999.0 -9999.0 -9999.0 -9999.0 -9999.0 -9999.0 -9999.0 -9999.0 -9999.0 -9999.0 -9999.0 -9999.0 -9999.0 -9999.0 -9999.0 -9999.0 -9999.0 -9999.0 -9999.0 -9999.0 -9999.0 -9999.0 -9999.0 -9999.0 -9999.0 -9999.0 -9999.0 -9999.0 -9999.0 -9999.0 -9999.0 -9999.0 -9999.0 -9999.0 -9999.0 -9999.0 -9999.0 -9999.0   183.8   162.1   129.6   103.6    84.5    73.5    71.7    69.8    70.3    67.0    70.8    64.4    65.0    60.1    65.3    76.7    79.4    71.1    58.2    46.9    45.7    45.6    52.3    66.1    77.5    92.6    93.4    97.4   101.3    92.7    97.8 -9999.0 -9999.0 -9999.0 -9999.0 -9999.0   119.1   131.5   147.8   164.8 -9999.0
 -9999.0 -9999.0 -9999.0 -9999.0 -9999.0 -9999.0 -9999.0 -9999.0 -9999.0 -9999.0 -9999.0 -9999.0 -9999.0 -9999.0 -9999.0 -9999.0 -9999.0 -9999.0 -9999.0 -9999.0 -9999.0 -9999.0 -9999.0 -9999.0 -9999.0 -9999.0    19.8    13.5    23.7    34.3    50.7    65.0   146.3   109.3   116.0   111.9   115.1 -9999.0 -9999.0 -9999.0 -9999.0 -9999.0 -9999.0 -9999.0 -9999.0 -9999.0 -9999.0 -9999.0 -9999.0 -9999.0 -9999.0 -9999.0 -9999.0 -9999.0 -9999.0 -9999.0 -9999.0 -9999.0 -9999.0 -9999.0 -9999.0 -9999.0 -9999.0 -9999.0 -9999.0 -9999.0 -9999.0 -9999.0 -9999.0 -9999.0 -9999.0 -9999.0 -9999.0 -9999.0 -9999.0 -9999.0 -9999.0 -9999.0 -9999.0 -9999.0 -9999.0 -9999.0 -9999.0 -9999.0 -9999.0 -9999.0   182.4   167.0   145.3   121.8   103.0    85.2    75.8    74.7    75.0    80.3    76.8    76.8    71.3    58.2    60.5    70.2    87.3    96.0    85.4    69.8    58.6    57.0    59.1    69.3    85.8    99.3   110.3   108.5   133.1   135.1   118.1   122.8   143.8 -9999.0 -9999.0   117.5   121.2   130.8   143.7   167.7   178.3 -9999.0
 -9999.0 -9999.0 -9999.0 -9999.0 -9999.0 -9999.0 -9999.0 -9999.0 -9999.0 -9999.0 -9999.0 -9999.0 -9999.0 -9999.0 -9999.0 -9999.0 -9999.0 -9999.0 -9999.0 -9999.0 -9999.0 -9999.0 -9999.0 -9999.0 -9999.0 -9999.0    15.5    21.1    20.6    19.3    20.4    31.3    30.7    63.6    69.8    93.8   148.3    84.3 -9999.0 -9999.0 -9999.0 -9999.0 -9999.0 -9999.0 -9999.0 -9999.0 -9999.0 -9999.0 -9999.0 -9999.0 -9999.0 -9999.0 -9999.0 -9999.0 -9999.0 -9999.0 -9999.0 -9999.0 -9999.0 -9999.0 -9999.0 -9999.0 -9999.0 -9999.0 -9999.0 -9999.0 -9999.0 -9999.0 -9999.0 -9999.0 -9999.0 -9999.0 -9999.0 -9999.0 -9999.0 -9999.0 -9999.0 -9999.0 -9999.0 -9999.0 -9999.0 -9999.0 -9999.0 -9999.0 -9999.0 -9999.0   160.8   143.1   128.0   112.1    95.5    82.9    79.1    78.7    84.5    86.6    91.4    76.8    63.2    61.7    66.8    79.4    96.5   105.4    96.3    78.9    67.5    69.7    77.4    85.0    99.7   121.7   137.9   122.6   133.8   189.5   158.4   155.8   147.6   141.4   133.6   129.9   132.5   140.8   153.6   169.1   187.9 -9999.0
 -9999.0 -9999.0 -9999.0 -9999.0 -9999.0 -9999.0 -9999.0 -9999.0 -9999.0 -9999.0 -9999.0 -9999.0 -9999.0 -9999.0 -9999.0 -9999.0 -9999.0 -9999.0 -9999.0 -9999.0 -9999.0    57.2    69.1    53.0    38.8    44.8    59.5    70.8    54.8    34.9    21.5    22.5    20.9    24.6    36.3    42.3    80.5    77.8    90.9 -9999.0 -9999.0 -9999.0 -9999.0 -9999.0 -9999.0 -9999.0 -9999.0 -9999.0 -9999.0 -9999.0 -9999.0 -9999.0 -9999.0 -9999.0 -9999.0 -9999.0 -9999.0 -9999.0 -9999.0 -9999.0 -9999.0 -9999.0 -9999.0 -9999.0 -9999.0 -9999.0 -9999.0 -9999.0 -9999.0 -9999.0 -9999.0 -9999.0 -9999.0 -9999.0 -9999.0 -9999.0 -9999.0 -9999.0 -9999.0 -9999.0 -9999.0 -9999.0 -9999.0 -9999.0 -9999.0 -9999.0 -9999.0   128.1 -9999.0 -9999.0    85.2 -9999.0 -9999.0    82.8    86.1    90.6    91.9    72.9    62.3    65.9    76.2    92.3   104.3   108.8   100.2    86.5    78.1    83.5    85.7    96.1   111.0   129.8   147.9   161.2   170.5   193.6   186.7   181.1   170.7   156.4   146.0   135.0   136.6   145.9   161.0   182.3 -9999.0 -9999.0
 -9999.0 -9999.0 -9999.0 -9999.0 -9999.0 -9999.0 -9999.0 -9999.0 -9999.0 -9999.0 -9999.0 -9999.0 -9999.0 -9999.0 -9999.0 -9999.0 -9999.0 -9999.0 -9999.0 -9999.0 -9999.0    18.7    26.8    35.4    40.9    93.9    56.6    48.5    48.0    37.0    23.2    22.7    24.2    19.0    18.9    21.4    29.6    66.6    41.7 -9999.0 -9999.0 -9999.0 -9999.0 -9999.0 -9999.0 -9999.0 -9999.0 -9999.0 -9999.0 -9999.0 -9999.0 -9999.0 -9999.0 -9999.0 -9999.0 -9999.0 -9999.0 -9999.0 -9999.0 -9999.0 -9999.0 -9999.0 -9999.0 -9999.0 -9999.0 -9999.0 -9999.0 -9999.0 -9999.0 -9999.0 -9999.0 -9999.0 -9999.0 -9999.0 -9999.0 -9999.0 -9999.0 -9999.0 -9999.0 -9999.0 -9999.0 -9999.0 -9999.0 -9999.0 -9999.0 -9999.0 -9999.0 -9999.0 -9999.0    79.9    74.2    73.1    77.9    79.2    83.0    85.5    73.3    63.7    58.4    63.7    80.5   100.6   106.8   102.3    93.6    83.7    77.6    78.0    81.9    94.9   116.8   144.5   168.9   186.7   204.3   198.1   198.1   188.3   171.7   152.1   136.7   130.9   136.5   152.8   163.4 -9999.0 -9999.0 -9999.0
 -9999.0 -9999.0 -9999.0 -9999.0 -9999.0 -9999.0 -9999.0 -9999.0 -9999.0 -9999.0 -9999.0 -9999.0 -9999.0 -9999.0 -9999.0 -9999.0 -9999.0 -9999.0 -9999.0 -9999.0    17.6    31.3    31.7    44.6    52.3    39.8    29.2    29.4    22.2    20.9    22.7    17.8    18.8    17.4    14.7    13.2    21.9    20.3    21.4 -9999.0 -9999.0 -9999.0 -9999.0 -9999.0 -9999.0 -9999.0 -9999.0 -9999.0 -9999.0 -9999.0 -9999.0 -9999.0 -9999.0 -9999.0 -9999.0 -9999.0 -9999.0 -9999.0 -9999.0 -9999.0 -9999.0 -9999.0 -9999.0 -9999.0 -9999.0 -9999.0 -9999.0 -9999.0 -9999.0 -9999.0 -9999.0 -9999.0 -9999.0 -9999.0 -9999.0 -9999.0 -9999.0 -9999.0 -9999.0 -9999.0 -9999.0 -9999.0 -9999.0 -9999.0 -9999.0 -9999.0 -9999.0 -9999.0    73.1    65.4    61.9    62.1    68.0    72.5    74.3    71.8    63.7    56.5    52.5    58.4    70.6    85.6    88.7    85.5    80.6    75.7    73.1    72.9    82.9   104.2   132.2   159.9   182.5   183.4   186.0   191.7   182.7   167.8   154.0   138.0   124.7   123.6   130.9   145.7   165.2 -9999.0 -9999.0 -9999.0
 -9999.0 -9999.0 -9999.0 -9999.0 -9999.0 -9999.0 -9999.0 -9999.0 -9999.0 -9999.0 -9999.0 -9999.0 -9999.0 -9999.0 -9999.0 -9999.0 -9999.0 -9999.0    39.3    31.0    27.0   156.5    94.0   104.0    77.6    57.6    26.0    18.8    15.0    16.2    15.3    15.7    15.7    13.3    11.6    11.8    12.3    11.0    10.9 -9999.0 -9999.0 -9999.0 -9999.0 -9999.0 -9999.0 -9999.0 -9999.0 -9999.0 -9999.0 -9999.0 -9999.0 -9999.0 -9999.0 -9999.0 -9999.0 -9999.0 -9999.0 -9999.0 -9999.0 -9999.0 -9999.0 -9999.0 -9999.0 -9999.0 -9999.0 -9999.0 -9999.0 -9999.0 -9999.0 -9999.0 -9999.0 -9999.0 -9999.0 -9999.0 -9999.0 -9999.0 -9999.0 -9999.0 -9999.0 -9999.0 -9999.0 -9999.0 -9999.0 -9999.0   118.7   105.4    91.6    68.2    55.2    54.6    51.2    53.2    57.6    63.7    65.3    62.3    58.3    52.9    52.7    56.2    63.3    69.8    71.4    72.0    70.9    71.2    76.9    87.2   107.9   138.3   172.1   202.2   210.3   191.6   181.3   169.2   160.5   134.3   122.6   117.7   115.9   118.9   129.4   146.7 -9999.0 -9999.0 -9999.0 -9999.0
 -9999.0 -9999.0 -9999.0 -9999.0 -9999.0 -9999.0 -9999.0 -9999.0 -9999.0 -9999.0 -9999.0 -9999.0 -9999.0 -9999.0 -9999.0    15.3    43.4   101.6   139.2    69.2    88.7    43.3   103.0    63.1    48.9    35.5    27.4    20.1    14.8    14.0    13.2    11.9    11.4     9.9    11.3    10.7     8.9    31.0    16.4    13.8    18.3    20.5    20.0    20.8 -9999.0 -9999.0 -9999.0 -9999.0 -9999.0 -9999.0 -9999.0 -9999.0 -9999.0 -9999.0 -9999.0 -9999.0 -9999.0 -9999.0 -9999.0 -9999.0 -9999.0 -9999.0 -9999.0 -9999.0 -9999.0 -9999.0 -9999.0 -9999.0 -9999.0 -9999.0 -9999.0 -9999.0 -9999.0 -9999.0 -9999.0 -9999.0 -9999.0 -9999.0 -9999.0    96.1   101.6   105.7   107.3   108.8   108.2    94.5    75.6    55.7    44.7    42.8    41.2    45.2    51.4    57.4    58.8    56.1    56.3    57.9    62.2    64.7    68.4    71.3    72.0    72.5    72.3    75.5    91.3   117.6   152.2   184.2   218.8   247.2   238.1   199.1   174.0   138.2   121.3   105.8   101.2   106.0   112.9   121.4   134.9   153.0 -9999.0 -9999.0 -9999.0 -9999.0
 -9999.0 -9999.0 -9999.0 -9999.0 -9999.0 -9999.0 -9999.0 -9999.0 -9999.0 -9999.0 -9999.0 -9999.0 -9999.0 -9999.0 -9999.0    77.2    72.6   116.6    80.4    62.9    28.0    26.4    30.0    38.5    39.4    35.7    26.5    18.6    14.8    12.6    10.5     8.5     8.0     6.3     5.8     5.5     4.5     6.6     6.3     8.6     9.2     6.1     6.4     7.0     6.0     9.4    50.7 -9999.0 -9999.0 -9999.0 -9999.0 -9999.0 -9999.0 -9999.0 -9999.0 -9999.0 -9999.0 -9999.0 -9999.0 -9999.0 -9999.0 -9999.0 -9999.0 -9999.0 -9999.0 -9999.0 -9999.0 -9999.0 -9999.0 -9999.0 -9999.0 -9999.0 -9999.0 -9999.0 -9999.0 -9999.0 -9999.0 -9999.0    78.0    79.6    82.6    89.3    94.2    91.9    86.2    72.3    56.4    46.8    41.9    41.0    43.7    47.0    53.9    56.8    58.2    58.9    61.0    79.8    80.9    81.0    81.4    85.0    86.7    85.2    83.8    91.6   117.1   153.4   191.5   221.1   242.6   255.0   225.7   181.9   138.7   110.0    97.1    91.6    94.0   104.3   118.9   131.9   146.2 -9999.0 -9999.0 -9999.0 -9999.0 -9999.0
 -9999.0 -9999.0 -9999.0 -9999.0 -9999.0 -9999.0 -9999.0 -9999.0 -9999.0 -9999.0 -9999.0 -9999.0 -9999.0 -9999.0 -9999.0 -9999.0    17.2    25.4    45.6    77.9   112.6    73.4   151.8    94.3    60.0    51.4    36.3    21.6    17.0    13.8    10.4     7.4     6.7     6.5     6.5     6.4     6.2     7.2     9.2    14.2    19.9    14.7    11.0     5.4     3.5     2.6     2.8     3.9 -9999.0 -9999.0 -9999.0 -9999.0 -9999.0 -9999.0 -9999.0 -9999.0 -9999.0 -9999.0 -9999.0 -9999.0 -9999.0 -9999.0 -9999.0 -9999.0 -9999.0 -9999.0 -9999.0 -9999.0 -9999.0 -9999.0 -9999.0 -9999.0 -9999.0 -9999.0 -9999.0 -9999.0 -9999.0 -9999.0    67.0    64.7    66.4    71.3    70.4    68.1    65.3    57.3    57.2    47.6    48.8    57.4    55.8    61.0    69.5    64.9    69.5    73.3    84.4    92.9    97.9    95.2    97.6   105.0   109.1   104.1   103.3   122.6   155.4   193.4   226.4   243.5   244.3   220.6   189.0   155.0   119.9    94.8    88.0    92.9   101.0   119.2 -9999.0 -9999.0 -9999.0 -9999.0 -9999.0 -9999.0 -9999.0 -9999.0
 -9999.0 -9999.0 -9999.0 -9999.0 -9999.0 -9999.0 -9999.0 -9999.0 -9999.0 -9999.0 -9999.0 -9999.0 -9999.0 -9999.0 -9999.0 -9999.0    15.0    23.6    32.8    37.4    57.8    58.5    67.4    90.2   128.8   128.1   100.5    44.9    85.3    48.7    17.9    19.1    71.1    43.9    14.6    11.5    14.3    12.9    14.9    21.8    28.3    20.8    24.4    59.2     5.8     1.6     1.1     1.2 -9999.0 -9999.0 -9999.0 -9999.0 -9999.0 -9999.0 -9999.0 -9999.0 -9999.0 -9999.0 -9999.0 -9999.0 -9999.0 -9999.0 -9999.0 -9999.0 -9999.0 -9999.0 -9999.0 -9999.0 -9999.0 -9999.0 -9999.0 -9999.0 -9999.0 -9999.0 -9999.0 -9999.0 -9999.0    60.4    57.7    55.3    54.5    54.7    56.6    61.0    54.7    53.6    53.4    55.4    61.4    74.7    90.4    86.1    83.2    81.9    76.8    86.7    90.1    95.1   101.3   103.0   111.4   125.0   133.6   135.2   145.9   168.7   202.8   239.2   255.4   244.2   221.5   197.2   166.0   137.8   108.8    98.7   100.0   113.7   122.5 -9999.0 -9999.0 -9999.0 -9999.0 -9999.0 -9999.0 -9999.0 -9999.0 -9999.0
 -9999.0 -9999.0 -9999.0 -9999.0 -9999.0 -9999.0 -9999.0 -9999.0 -9999.0 -9999.0 -9999.0 -9999.0 -9999.0 -9999.0 -9999.0 -9999.0    47.3    60.8    71.8    40.4    35.8    42.9    85.4    71.1    71.0    68.8   117.2   110.5    73.0    64.9    58.5    38.7    20.9    16.7    21.3    22.9    16.3     9.6    11.0     8.6    12.4    15.1    17.0    39.2    32.1     8.9     2.0     1.1     2.3     3.4     2.5 -9999.0 -9999.0 -9999.0 -9999.0 -9999.0 -9999.0 -9999.0 -9999.0 -9999.0 -9999.0 -9999.0 -9999.0 -9999.0 -9999.0 -9999.0 -9999.0 -9999.0 -9999.0 -9999.0 -9999.0 -9999.0 -9999.0 -9999.0 -9999.0 -9999.0    65.0    60.4    56.9    52.5    50.6    50.8    50.5    52.6    54.0    55.9    63.7    75.8    91.1   106.4   119.0   110.3   102.2    97.5    93.2    89.9    93.0    97.6   100.8   108.1   126.4   153.2   179.6   206.2   226.5   231.5   252.6   266.6   246.8   213.8   185.8   149.3   134.8   123.4   115.5   127.9   118.4   137.1   167.7   199.0 -9999.0 -9999.0 -9999.0 -9999.0 -9999.0 -9999.0 -9999.0 -9999.0
 -9999.0 -9999.0 -9999.0 -9999.0 -9999.0 -9999.0 -9999.0 -9999.0 -9999.0 -9999.0 -9999.0 -9999.0 -9999.0 -9999.0 -9999.0    26.1    24.8    31.5    65.1    89.5   100.3   118.3    97.2    66.9    60.7    80.8    81.4    53.7    47.7    66.4    68.3    28.7    11.2     7.1     5.3     4.7     7.3     5.2     3.8     4.4     2.7     3.3     4.7     4.2     5.5     8.4     5.7     3.3     2.9     2.0     1.9     1.9     2.5     5.2     4.7     6.1     6.9     8.4    10.1    12.3    14.2 -9999.0 -9999.0 -9999.0 -9999.0 -9999.0 -9999.0 -9999.0 -9999.0    79.9    84.1    85.9    85.7    82.1    78.5    73.6    71.2    65.9    61.1    56.8    53.9    52.4    52.6    56.2    60.3    68.3    80.5    95.7   117.9   137.7   149.2   137.4   120.3    98.5    89.8    88.9    97.7   103.3   105.9   124.4   162.7   213.7   264.1   298.1   307.6   301.3   280.9   267.1   234.9   176.5   147.4   131.0   125.1   120.8   147.8   174.1   205.6   223.4 -9999.0 -9999.0 -9999.0 -9999.0 -9999.0 -9999.0 -9999.0 -9999.0 -9999.0 -9999.0
 -9999.0 -9999.0 -9999.0 -9999.0 -9999.0 -9999.0 -9999.0 -9999.0 -9999.0 -9999.0 -9999.0 -9999.0 -9999.0 -9999.0    33.6    74.4    96.3    53.5    76.6    88.9    58.7    29.7    32.1    57.2    46.2    58.9    61.5    19.2    14.7    14.4    19.2    30.1    25.8    29.6    21.2    13.1    11.3    10.4    10.7     8.5     6.0     4.8     3.9     3.4     3.7     4.6     4.8     7.3     6.1     5.0     4.2     3.5     4.2     4.1     4.2     6.0     6.6     7.5     7.8     9.2    11.4    14.1    18.4    25.6    36.7    50.8    56.8    66.6    73.5    83.3    92.9    99.2    95.7    91.3    87.3    84.1    83.0    80.0    74.7    69.6    66.5    64.2    69.9    72.9    82.0    85.7   101.7   115.4   140.0   154.8   172.8   167.4   116.2   101.1   100.0    91.7    96.1   129.8   169.1   182.4   252.9   311.1   341.5   371.0   344.2   284.1   240.8   218.7   187.4   138.6   128.3   114.9   120.2   135.3   154.3   195.9   248.8 -9999.0 -9999.0 -9999.0 -9999.0 -9999.0 -9999.0 -9999.0 -9999.0 -9999.0 -9999.0 -9999.0
 -9999.0 -9999.0 -9999.0 -9999.0 -9999.0 -9999.0 -9999.0 -9999.0 -9999.0 -9999.0 -9999.0 -9999.0    42.1    44.8    58.2    23.2    51.4    24.1    18.8    16.5    15.6    14.4    11.7    11.7    13.0    13.8    14.7    15.2    16.2    16.6    19.5    25.6    32.1    29.0    19.4    16.9    15.9    13.8    10.3    10.2     8.9     8.7     8.5     8.2     8.6    11.8    12.8    11.9    12.4     7.6     6.1     5.1     5.8     6.2     5.9     6.8     7.9     8.4     8.2     7.9     8.9    12.1    15.9    22.5    30.5    43.2    57.4    69.4    84.2    96.8   110.4   118.8   109.5   110.2   111.2   108.8   107.7   105.7    99.4    92.1    92.0    86.6    96.6    94.6   100.2   110.7   122.0   133.7   163.9   159.3   161.2   145.6   151.1   118.3   101.8    97.2   127.6   200.5   228.4   237.1   325.3   356.9   373.5   362.5   285.6   244.4   197.4   175.4   151.4   141.7   118.8   122.6   132.9   151.2   178.8 -9999.0 -9999.0 -9999.0 -9999.0 -9999.0 -9999.0 -9999.0 -9999.0 -9999.0 -9999.0 -9999.0 -9999.0 -9999.0
 -9999.0 -9999.0 -9999.0 -9999.0 -9999.0 -9999.0 -9999.0 -9999.0 -9999.0    23.8    46.8    35.5    33.3    14.7     9.3     9.4     9.6    10.5    10.7    10.5     9.8     8.9     8.4     8.8    10.0    11.8    13.9    15.8    17.0    16.8    18.5    26.2    27.2    23.7    21.6    21.3    14.8     9.6     6.9     6.0     7.4     8.6     7.3     8.5    10.5    14.1    15.5    14.7    13.1    13.8     8.7     6.7     6.4     7.9    11.5     9.7     9.5     9.4     8.6     8.8     9.5    12.4    17.1    23.0    30.5    46.5    63.0    76.7    97.7   122.1   106.5   107.5   107.8   107.3   118.1   128.1   136.8   141.7   132.9   128.1   129.7   126.9   106.0   108.0   120.7   128.9   171.5   156.6   171.8   160.0   176.0   168.3   146.1   126.7   126.1   127.9   152.2   207.3   304.7   329.2   326.5   333.5   344.7   306.2   242.4   189.2   166.8   170.3   178.5   137.5   133.3   141.8   159.2 -9999.0 -9999.0 -9999.0 -9999.0 -9999.0 -9999.0 -9999.0 -9999.0 -9999.0 -9999.0 -9999.0 -9999.0 -9999.0 -9999.0 -9999.0
 -9999.0 -9999.0 -9999.0 -9999.0 -9999.0    12.0    33.1    22.3    22.5    25.0    14.8    18.3    18.9    12.5    11.9    10.8     9.3     9.1     8.9     8.5     7.7     6.9     6.6     7.0     8.2    10.1    12.2    14.3    15.3    15.0    14.3    14.3    14.6    14.4    13.7    11.2     8.2     6.4     5.1     5.5     6.5     5.6     7.0    10.5    11.2    12.1    10.8    11.0    10.7    10.1    10.8     9.5    11.0    12.6    14.4    12.7    11.9    10.8     9.5    10.3    12.6    18.4    22.9    29.2    43.1    56.7    69.9    90.7   109.4    97.1   100.6   104.5   110.1   121.7   155.2   148.6   157.0   163.4   158.7   150.4   130.8   117.3   110.7   116.3   127.9   136.2   149.0   148.7   168.6   197.9   224.8   208.7   185.8   166.1   156.4   157.7   171.6   236.0 -9999.0 -9999.0   312.2   299.9   250.9   267.1   302.1   278.2   247.7   205.3   187.6 -9999.0 -9999.0 -9999.0 -9999.0 -9999.0 -9999.0 -9999.0 -9999.0 -9999.0 -9999.0 -9999.0 -9999.0 -9999.0 -9999.0 -9999.0 -9999.0 -9999.0 -9999.0 -9999.0
 -9999.0 -9999.0 -9999.0    10.6     6.2    20.5    16.3    15.8    15.6     5.7     5.6     7.9    11.5    11.8    11.6    10.9     9.8     8.9     8.2     7.4     6.5     5.7     5.5     5.8     6.9     8.2     9.8    11.2    12.4    11.5    10.5     9.8     9.6     9.3     8.4     7.2     5.7     4.5     3.6     3.1     3.4     3.4     4.2     6.0     8.4     9.7    10.4    12.7    11.9    13.0    10.9     9.3    10.1    12.0    14.1    15.6    16.7    15.0    12.8    12.7    14.6    18.8    27.8    42.0    50.5    60.9    92.2    86.1    88.3    89.7    94.3    96.0   113.7   136.9   151.5   161.8   164.7   159.2   153.0   142.9   129.8   140.6   109.0   110.0   147.6   148.5   163.7   173.0   217.3   263.2   262.6   239.7   220.5   204.3   189.1   187.4   214.2 -9999.0 -9999.0 -9999.0   316.0   274.8   346.9   363.1   373.5   335.2   310.4 -9999.0 -9999.0 -9999.0 -9999.0 -9999.0 -9999.0 -9999.0 -9999.0 -9999.0 -9999.0 -9999.0 -9999.0 -9999.0 -9999.0 -9999.0 -9999.0 -9999.0 -9999.0 -9999.0 -9999.0 -9999.0
 -9999.0 -9999.0     8.9     9.5     8.8     5.1     4.6     3.3     2.0     2.9     4.6     7.3    10.3    12.3    12.7    11.7    10.4     9.0     7.9     6.8     5.8     5.0     4.7     4.9     5.6     6.5     7.8     8.8     8.7     8.4     7.2     6.6     6.0     5.7     5.2     4.5     3.7     3.4     3.3     3.0     2.9     3.7     5.1     7.4    10.3    15.0    22.5    24.1    23.1    20.9    24.9    20.4    15.7    15.6    18.8    24.2    20.2    18.4    15.3    15.3    14.8    27.3    27.0    39.7    50.9    65.2    75.3    76.0    80.3    76.8    88.9    89.7   108.1   144.3   174.1   183.3   177.7   149.4   139.6   134.0   132.7   130.8   118.9   119.0   128.8   160.4   172.0   224.8   266.1   280.3   264.3   218.6   205.6   216.4   218.6 -9999.0 -9999.0 -9999.0 -9999.0   349.9   353.5   374.6   396.5   414.5 -9999.0 -9999.0 -9999.0 -9999.0 -9999.0 -9999.0 -9999.0 -9999.0 -9999.0 -9999.0 -9999.0 -9999.0 -9999.0 -9999.0 -9999.0 -9999.0 -9999.0 -9999.0 -9999.0 -9999.0 -9999.0 -9999.0 -9999.0 -9999.0
 -9999.0 -9999.0    16.8    20.7    43.6    12.8     1.8     1.3     1.6     2.5     4.4     7.3    10.4    12.3    12.6    11.7    10.3     8.9     7.7     6.5     5.4     4.6     4.2     4.1     4.4     5.0     5.7     6.2     6.3     5.9     5.1     4.2     3.7     3.7     3.6     4.6     6.1     6.7     5.0     3.8     2.5     3.7     9.5    39.6     9.8    17.5    40.3    19.8    41.9    35.5    38.6    68.5    64.8    54.7    27.5    26.7    22.4    28.0    21.5    27.2    31.8    27.9    37.4    43.3    53.2    62.5    66.2    72.7    86.0    65.1    73.9    81.2   103.6   135.6   166.2   178.1   158.2   144.7   129.4   130.7   128.9   127.7   127.2   120.8   118.5   139.0   226.2   284.5   276.7   264.9   232.9   181.3   174.4   194.3 -9999.0 -9999.0 -9999.0 -9999.0 -9999.0   397.2 -9999.0 -9999.0 -9999.0 -9999.0 -9999.0 -9999.0 -9999.0 -9999.0 -9999.0 -9999.0 -9999.0 -9999.0 -9999.0 -9999.0 -9999.0 -9999.0 -9999.0 -9999.0 -9999.0 -9999.0 -9999.0 -9999.0 -9999.0 -9999.0 -9999.0 -9999.0 -9999.0 -9999.0
 -9999.0 -9999.0     9.8    23.7    21.8    12.9     6.5     7.1     1.5     2.0     3.8     6.6     9.4    11.1    11.5    10.7     9.8     8.6     7.5     6.3     5.2     4.3     3.7     3.5     3.6     4.0     4.4     4.7     4.5     4.0     3.5     3.1     9.8    17.8    17.0    19.3    10.9     9.2     8.7     5.4     1.9     1.7     1.6     3.2     4.2     6.8    10.7    17.8    20.3    26.5    68.8    47.1    55.6    84.6    71.3    59.4    33.2    28.9    40.0    51.2    30.8    34.8    41.3    47.9    56.5    65.0    66.3    95.0    55.2    62.7    82.9    93.4   111.7   141.6   170.4   189.0   177.5   153.0   154.8   149.5   135.4   119.6   112.2    99.3   105.4   138.2   181.9   211.8   207.5   200.6   187.7 -9999.0 -9999.0 -9999.0 -9999.0 -9999.0 -9999.0 -9999.0 -9999.0 -9999.0 -9999.0 -9999.0 -9999.0 -9999.0 -9999.0 -9999.0 -9999.0 -9999.0 -9999.0 -9999.0 -9999.0 -9999.0 -9999.0 -9999.0 -9999.0 -9999.0 -9999.0 -9999.0 -9999.0 -9999.0 -9999.0 -9999.0 -9999.0 -9999.0 -9999.0 -9999.0 -9999.0 -9999.0
 -9999.0 -9999.0 -9999.0    22.8     8.3    16.4    16.1    11.5     6.2     2.0     2.9     5.2     7.8     9.3     9.4     9.1     8.6     8.2     7.5     6.5     5.2     4.2     3.5     3.1     3.0     3.2     3.5     3.6     3.5     3.9     6.4    23.1    17.1    51.7    56.0    22.3     8.9     5.7     4.9     2.0     1.2     1.0     1.0     1.2     1.8     4.1    13.5    21.2    38.8    37.1    37.3    43.3    54.9    88.0    73.8    87.6    79.3    79.0    81.0    65.6    54.5    46.2    54.2    57.6    60.7    61.9    69.3    89.7    59.7    84.0   115.2   125.0   143.9   164.6   193.4   206.3   205.2   179.2   174.5   139.4   116.8    92.6    72.7    62.9    72.4    85.0    97.1   107.8   117.1   126.7   141.0   141.6 -9999.0 -9999.0 -9999.0 -9999.0 -9999.0 -9999.0 -9999.0 -9999.0 -9999.0 -9999.0 -9999.0 -9999.0 -9999.0 -9999.0 -9999.0 -9999.0 -9999.0 -9999.0 -9999.0 -9999.0 -9999.0 -9999.0 -9999.0 -9999.0 -9999.0 -9999.0 -9999.0 -9999.0 -9999.0 -9999.0 -9999.0 -9999.0 -9999.0 -9999.0 -9999.0 -9999.0
 -9999.0 -9999.0 -9999.0 -9999.0 -9999.0     5.4     1.6     2.2    10.6     2.0     2.2     4.1     6.1     7.3     7.4     7.3     7.5     7.8     7.7     6.8     6.0     4.6     3.5     3.0     2.9     3.0     3.6     4.3    12.4    21.8    20.1    38.2    42.2    32.0    65.7    22.4    20.8    14.6     5.3     2.0     1.2     0.9     0.8     0.9     1.3     2.0     3.8    17.1    17.4    36.7    28.8    58.1    53.0    52.9    70.9    86.0   103.6   117.0   119.1   130.1   133.6    71.3    79.2    74.0    76.7    70.1    76.4    75.6    77.9   103.5   134.3   152.1   171.9   198.8   229.6   241.8   234.0   191.4   170.0   132.7    91.9    61.2    36.1    31.1    42.8    59.2    63.7    66.5    76.2    93.9   112.2   117.8   130.7   163.7 -9999.0 -9999.0 -9999.0   248.2 -9999.0 -9999.0 -9999.0 -9999.0 -9999.0 -9999.0 -9999.0 -9999.0 -9999.0 -9999.0 -9999.0 -9999.0 -9999.0 -9999.0 -9999.0 -9999.0 -9999.0 -9999.0 -9999.0 -9999.0 -9999.0 -9999.0 -9999.0 -9999.0 -9999.0 -9999.0 -9999.0 -9999.0 -9999.0 -9999.0
 -9999.0 -9999.0 -9999.0 -9999.0     3.7    12.9    26.0     8.2     7.8     1.6     4.0     4.8     5.7     5.7     5.6     5.9     6.6     7.6     7.9     7.5     6.3     4.9     4.0     4.0     4.6     6.9    10.1   107.7    39.1    48.5    56.5    45.8    40.4    48.5    26.8    24.0    17.7    40.0    25.2     8.3     1.7     1.0     0.9     1.0     1.2     1.7     2.7     5.2     8.9     8.9    11.9    25.4    41.3    62.0    48.8    65.9    80.7   107.4   120.1   141.9   154.6   159.4   158.3   108.6    73.6    98.0   111.4    78.4   126.6   127.7   138.1   167.9   195.3   220.0   237.5   241.4   225.1   185.7   153.6    98.1    63.6    33.6    18.4    16.7    39.3    59.7    61.7    63.4    78.1   105.0   121.2   117.9   134.7   179.5 -9999.0 -9999.0   271.1   246.1   232.2   225.0   240.0 -9999.0 -9999.0 -9999.0 -9999.0 -9999.0 -9999.0 -9999.0 -9999.0 -9999.0 -9999.0 -9999.0 -9999.0 -9999.0 -9999.0 -9999.0 -9999.0 -9999.0 -9999.0 -9999.0 -9999.0 -9999.0 -9999.0 -9999.0 -9999.0 -9999.0 -9999.0 -9999.0
 -9999.0 -9999.0 -9999.0 -9999.0     8.9     4.6    20.5     5.1    38.7    36.2     6.2    31.4    19.7    22.9     7.9     9.0    10.5     9.0     8.5     8.2     8.5     8.0     8.4    19.5    61.9   101.7    61.7    64.9    59.3    58.3    55.0    65.8    49.4    45.8    46.2    33.7    41.5    45.6    20.7     7.5    12.9     1.9     1.6     1.3     1.8     2.6     3.6     4.8     6.5     9.6    12.7    17.8    44.7    40.2    45.9    62.7    77.1    92.8   108.4    99.9   139.9   123.6   119.9   120.8    92.5    72.2   109.0    96.8   103.3   134.7   118.8   137.5   159.4   181.4   185.0   185.9   160.6   141.2    97.7    55.3    38.1    24.4    18.9    23.8    60.0    72.7    73.7    78.0   101.0   136.6   154.2   171.3   179.0   228.6   276.0   284.7   263.7   232.1   211.1 -9999.0 -9999.0 -9999.0 -9999.0 -9999.0 -9999.0 -9999.0 -9999.0 -9999.0 -9999.0 -9999.0 -9999.0 -9999.0 -9999.0 -9999.0 -9999.0 -9999.0 -9999.0 -9999.0 -9999.0 -9999.0 -9999.0 -9999.0 -9999.0 -9999.0 -9999.0 -9999.0 -9999.0 -9999.0
 -9999.0 -9999.0 -9999.0 -9999.0 -9999.0 -9999.0 -9999.0     7.6    19.8    13.2    49.4    52.3    25.5    36.3    39.7     9.1    21.2    13.8    13.4    19.7    39.8    65.8    73.6    68.8    65.2    63.6    72.8    75.6    75.4    86.1    79.9    73.8    65.8    66.7    70.6    51.2    61.8    45.7    54.1    48.4    13.3    42.8    32.9    17.1     9.4     6.2    11.3    12.2    18.5    15.6    17.1    22.8    35.6    79.8    73.5    59.3    64.2    70.8    87.3    97.6   121.1   117.7   109.5   109.5   111.9    80.2    87.7    96.4    92.0    94.7    81.4    87.0   113.7   134.7   133.9   131.2    98.8    74.6    49.8    26.6    26.4    29.8    34.1    48.6    72.2    84.1    95.3   110.9   143.3   178.9   195.9   221.4   270.8   308.7   299.3   270.6   230.5 -9999.0 -9999.0 -9999.0 -9999.0 -9999.0 -9999.0 -9999.0 -9999.0 -9999.0 -9999.0 -9999.0 -9999.0 -9999.0 -9999.0 -9999.0 -9999.0 -9999.0 -9999.0 -9999.0 -9999.0 -9999.0 -9999.0 -9999.0 -9999.0 -9999.0 -9999.0 -9999.0 -9999.0 -9999.0 -9999.0 -9999.0
 -9999.0 -9999.0 -9999.0 -9999.0 -9999.0 -9999.0 -9999.0    40.1     6.1    25.4    39.3    29.0    42.7    71.3    50.8   101.1    55.4    55.1    90.1    59.3    59.0    80.5    71.3    73.3    69.7    71.5    70.2    88.2    71.2    66.9    82.8    80.9    76.2    88.1    67.8    65.4    54.2    58.9    50.1    38.9    36.1    32.6    35.4    59.3    29.9    20.7    31.2    38.4    64.7    57.1    90.3    79.9    51.9    61.6    78.0    59.9    59.0    59.3    63.8    75.6    99.8   132.2   132.4   129.4    98.2    72.0    61.1    63.4    76.8    62.4    57.7    59.7    74.7    93.6    85.6    91.9    68.1    38.3    22.0    18.0    29.0    51.1    67.3    65.9    70.0    88.8   124.4   161.0   194.3   210.9   232.8   288.7   342.3   352.4   311.4   227.5 -9999.0 -9999.0 -9999.0 -9999.0 -9999.0 -9999.0 -9999.0 -9999.0 -9999.0 -9999.0 -9999.0 -9999.0 -9999.0 -9999.0 -9999.0 -9999.0 -9999.0 -9999.0 -9999.0 -9999.0 -9999.0 -9999.0 -9999.0 -9999.0 -9999.0 -9999.0 -9999.0 -9999.0 -9999.0 -9999.0 -9999.0 -9999.0
 -9999.0 -9999.0 -9999.0 -9999.0 -9999.0 -9999.0 -9999.0 -9999.0 -9999.0    23.1    25.0    24.5    53.2    55.3    48.8    46.6    67.1   125.1    84.6   118.2    89.6    72.5    71.3    72.7    72.2    69.2    77.1    79.0    69.6    92.7    65.5    74.1    74.6    83.0    64.4    61.8    56.2    58.2    46.7    45.6    35.5    38.3    35.9    35.4    49.3    56.1    64.9    71.2    80.0    83.6    92.2    80.2    68.9    62.4    74.5    59.1    52.0    47.9    50.4    58.7    81.1   107.4   128.8   120.0    87.7    54.4    40.2    44.8    58.9    56.3    55.9    52.5    53.2    62.4    69.3    51.3    44.9    31.5    21.7    22.6    39.1    74.6    67.5    72.0    81.5   109.3   165.7   207.5   225.6   226.0   256.0   315.7   333.6   317.4   232.2 -9999.0 -9999.0 -9999.0 -9999.0 -9999.0 -9999.0 -9999.0 -9999.0 -9999.0 -9999.0 -9999.0 -9999.0 -9999.0 -9999.0 -9999.0 -9999.0 -9999.0 -9999.0 -9999.0 -9999.0 -9999.0 -9999.0 -9999.0 -9999.0 -9999.0 -9999.0 -9999.0 -9999.0 -9999.0 -9999.0 -9999.0 -9999.0 -9999.0
 -9999.0 -9999.0 -9999.0 -9999.0 -9999.0 -9999.0 -9999.0 -9999.0 -9999.0 -9999.0 -9999.0    49.6    21.4    66.4    55.4    69.2    68.6    67.9    69.6    80.8    99.3    82.8    87.1    76.9   104.4    87.8    96.2    95.3    89.6    81.4    80.5    99.3    79.3    80.5    72.2    95.5    68.8    64.4    90.9    52.2    54.7    42.1    38.3    41.3    69.6    64.5    97.4    92.7   105.0   102.4    86.9    80.8    73.4    72.0    76.9    66.8    58.6    54.2    49.4    56.0    72.8    97.0   115.6   100.2    69.5    42.4    36.3    38.5    49.7    58.6    62.4    59.4    44.4    34.9    35.0    40.8    43.9    28.7    25.5    30.2    51.1    72.2    93.6   103.2   127.5   171.6   212.7   229.8   232.2   230.9   230.9   229.3   225.5   198.5   151.1 -9999.0 -9999.0 -9999.0 -9999.0 -9999.0 -9999.0 -9999.0 -9999.0 -9999.0 -9999.0 -9999.0 -9999.0 -9999.0 -9999.0 -9999.0 -9999.0 -9999.0 -9999.0 -9999.0 -9999.0 -9999.0 -9999.0 -9999.0 -9999.0 -9999.0 -9999.0 -9999.0 -9999.0 -9999.0 -9999.0 -9999.0 -9999.0 -9999.0
 -9999.0 -9999.0 -9999.0 -9999.0 -9999.0 -9999.0 -9999.0 -9999.0 -9999.0 -9999.0 -9999.0 -9999.0    25.5    30.2    65.8    55.3   104.2    78.9    83.2   121.5    72.8    83.1    86.3    78.5   147.2    88.2    78.5   100.2    93.7   117.7    93.1    87.8    87.3   102.5   101.4    89.7   115.3    79.2    61.1    47.7    41.4    40.0    42.7    56.6    65.9    82.4   102.2    95.8   105.0   105.9   112.6    97.8    77.3    66.0    68.4    73.7    73.6    73.8    58.2    66.1    74.5    83.4    87.5    79.2    52.4    41.8    35.6    38.7    49.0    60.9    63.9    45.1    30.5    26.3    26.6    42.7    22.3    22.4    31.5    38.7    67.8   101.1   128.5   142.3   167.7   202.7   211.4   206.3   205.3   201.4   179.2   142.6   133.6   129.5   128.8   131.4   145.8 -9999.0 -9999.0 -9999.0 -9999.0 -9999.0 -9999.0 -9999.0 -9999.0 -9999.0 -9999.0 -9999.0 -9999.0 -9999.0 -9999.0 -9999.0 -9999.0 -9999.0 -9999.0 -9999.0 -9999.0 -9999.0 -9999.0 -9999.0 -9999.0 -9999.0 -9999.0 -9999.0 -9999.0 -9999.0 -9999.0 -9999.0
 -9999.0 -9999.0 -9999.0 -9999.0 -9999.0 -9999.0 -9999.0 -9999.0 -9999.0 -9999.0 -9999.0 -9999.0    65.2    25.4    25.8    62.7    43.8    60.0    95.3    90.3    90.0   102.7    97.4    82.4    69.7    82.4    84.9    73.8    87.7    78.7    95.8   114.8    99.8    95.8   102.6    92.0   112.8   105.4    83.0    64.6    47.3    43.5    59.9    53.8    75.0    97.0    95.1    98.1    88.4   102.1    94.0    89.6    72.6    75.1    70.4    82.2    80.2    80.9    72.3    75.5    80.2    82.6    78.8    74.1    53.4    39.6    55.7    53.3    52.7    60.1    74.8    88.6    87.2    49.1    38.8    30.9    32.4    32.3    38.5    58.1   102.7   139.0   167.1   175.5   171.5   169.0   161.2   151.6   149.4   141.2   112.2    90.5    93.1   109.0   129.3   143.5   164.5 -9999.0 -9999.0 -9999.0 -9999.0 -9999.0 -9999.0 -9999.0 -9999.0 -9999.0 -9999.0 -9999.0 -9999.0 -9999.0 -9999.0 -9999.0 -9999.0 -9999.0 -9999.0 -9999.0 -9999.0 -9999.0 -9999.0 -9999.0 -9999.0 -9999.0 -9999.0 -9999.0 -9999.0 -9999.0 -9999.0 -9999.0
 -9999.0 -9999.0 -9999.0 -9999.0 -9999.0 -9999.0 -9999.0 -9999.0 -9999.0 -9999.0 -9999.0 -9999.0 -9999.0    40.3    73.8    34.0    62.9    55.2    58.5    65.7    80.1    70.5    96.1    71.8    78.5   112.9   114.6   133.7   112.3   105.5    89.6    86.3   112.3   113.0    86.1    90.4    93.8    99.9   135.8    89.0    68.1    65.1    60.3    76.4    74.4    79.6    97.4   109.2   110.8   103.0    93.9    76.7    72.2   105.2    99.5   100.4    96.0    98.5   107.0    90.5    84.8    80.1    76.9    65.4    79.2    56.3    56.0    71.9    71.2    63.2    34.2    43.8    69.1    68.1    68.7    54.5    53.8    65.9   100.5   130.4   140.0   176.2   201.6   196.4   158.0   127.7   110.2    98.1   101.4    92.6    71.2    62.9    71.1    85.4   101.8   122.2   155.1 -9999.0 -9999.0 -9999.0 -9999.0 -9999.0 -9999.0 -9999.0 -9999.0 -9999.0 -9999.0 -9999.0 -9999.0 -9999.0 -9999.0 -9999.0 -9999.0 -9999.0 -9999.0 -9999.0 -9999.0 -9999.0 -9999.0 -9999.0 -9999.0 -9999.0 -9999.0 -9999.0 -9999.0 -9999.0 -9999.0 -9999.0
 -9999.0 -9999.0 -9999.0 -9999.0 -9999.0 -9999.0 -9999.0 -9999.0 -9999.0 -9999.0 -9999.0 -9999.0    35.8    70.6    67.2    46.1    91.0    74.7    78.8    56.9    62.1    67.6    79.4    76.2    74.0   110.3   103.2    94.3    96.0   103.3    96.5    79.9   114.9    92.4    97.8    87.0   110.4    84.7    79.3    73.4    88.8    93.5    96.1    62.5    75.7    85.6    86.8    82.4    88.6    88.6    98.5   107.5    86.1   104.4   106.2   114.7   128.6    94.5   106.1    91.4    88.2    89.7    80.4    81.1    55.9    55.3   119.4    95.6    94.5   105.0   109.4    93.5    81.0    70.9    78.5    81.0    89.1   113.7   141.4   165.3   171.3   177.9   194.9   187.0   144.2   110.9    93.7    77.1    70.6    64.1    56.4    55.5    66.7    67.6    72.8    88.4   116.8   142.8 -9999.0 -9999.0 -9999.0 -9999.0 -9999.0 -9999.0 -9999.0 -9999.0 -9999.0 -9999.0 -9999.0 -9999.0 -9999.0 -9999.0 -9999.0 -9999.0 -9999.0 -9999.0 -9999.0 -9999.0 -9999.0 -9999.0 -9999.0 -9999.0 -9999.0 -9999.0 -9999.0 -9999.0 -9999.0 -9999.0
 -9999.0 -9999.0 -9999.0 -9999.0 -9999.0 -9999.0 -9999.0 -9999.0 -9999.0 -9999.0 -9999.0 -9999.0    53.6    23.2    37.8   107.9    98.7    55.5    59.6    84.0    61.8    83.8    84.5    84.4    75.5    73.8    80.6    84.1    88.8    82.2    79.4    83.1   104.5    72.6    70.5    77.7    69.5    77.6    72.3    53.3    50.6    44.9    47.7    57.0    67.5    79.6    98.2    96.2    92.3    67.4    72.2    98.4    91.1   100.0   115.1   117.4   133.9   134.8   111.4   118.9   118.0   121.4    78.6    59.4    50.8   120.5    86.3    90.4    81.5    92.0    98.6    99.8   109.3   145.9   146.6   118.0    97.2   131.9   158.1   168.0   166.8   163.8   183.7   188.6   149.3   118.8    99.6    88.4    72.1    62.9    55.2    58.7    71.2    67.8    70.1    76.1    88.4   109.8   139.4 -9999.0 -9999.0 -9999.0 -9999.0 -9999.0 -9999.0 -9999.0 -9999.0 -9999.0 -9999.0 -9999.0 -9999.0 -9999.0 -9999.0 -9999.0 -9999.0 -9999.0 -9999.0 -9999.0 -9999.0 -9999.0 -9999.0 -9999.0 -9999.0 -9999.0 -9999.0 -9999.0 -9999.0 -9999.0
 -9999.0 -9999.0 -9999.0 -9999.0 -9999.0 -9999.0 -9999.0 -9999.0 -9999.0 -9999.0 -9999.0 -9999.0    12.7    49.9    27.5    42.7    48.2   101.1    76.6    83.0   121.5   127.5    91.2   108.7    95.2   123.1   109.5   137.6    91.6    89.7    84.8   110.4    74.9    60.9    59.2    63.9    62.9    64.4    54.9    56.9    43.3    34.4    57.4    41.4    60.9    86.6    99.9    86.1    65.9    68.3    79.4    78.8   156.6   175.7   155.3   116.5   137.8   141.9   135.9    99.7    95.9    97.9   153.0    56.3    61.9   128.0    81.0    65.2    74.4    79.5    88.7   141.1   157.5   185.9   198.5   170.6   184.9   147.2   187.1   186.9   167.6   174.2   165.8   178.5   170.1   129.6   123.2   248.4    92.6    77.4    64.7    63.7    70.7    79.6    85.5    86.0    87.7   103.0   133.6   168.1 -9999.0 -9999.0 -9999.0 -9999.0 -9999.0 -9999.0 -9999.0 -9999.0 -9999.0 -9999.0 -9999.0 -9999.0 -9999.0 -9999.0 -9999.0 -9999.0 -9999.0 -9999.0 -9999.0 -9999.0 -9999.0 -9999.0 -9999.0 -9999.0 -9999.0 -9999.0 -9999.0 -9999.0
 -9999.0 -9999.0 -9999.0 -9999.0 -9999.0 -9999.0 -9999.0 -9999.0 -9999.0 -9999.0 -9999.0 -9999.0 -9999.0    90.3    81.4    44.7    59.1    58.2    91.1   106.8   162.3   106.3   127.1   138.6    98.8   108.5   105.1    98.3   115.0    86.1   113.2    97.3    94.9    68.3    67.7    92.1    81.7    56.9    54.6    43.4    38.9    61.7    71.2    65.0    56.9    67.9    89.1    64.7    95.8    91.6    72.0   127.4   130.9   117.0   174.7   177.1   116.9   112.1   126.7   168.8   139.8   241.1   146.8    41.9   150.0    86.2    42.8    39.5    57.7    89.4    99.2   106.9   164.4   106.1   169.0   140.2   139.9   171.0   228.5   192.4   178.1   182.2   160.4   133.9   112.1    90.9   108.5   408.5   259.6   109.2    66.4    64.9    74.1    89.2   104.9   114.2   107.7   113.2   133.5 -9999.0 -9999.0 -9999.0 -9999.0 -9999.0 -9999.0 -9999.0 -9999.0 -9999.0 -9999.0 -9999.0 -9999.0 -9999.0 -9999.0 -9999.0 -9999.0 -9999.0 -9999.0 -9999.0 -9999.0 -9999.0 -9999.0 -9999.0 -9999.0 -9999.0 -9999.0 -9999.0 -9999.0 -9999.0
 -9999.0 -9999.0 -9999.0 -9999.0 -9999.0 -9999.0 -9999.0 -9999.0 -9999.0 -9999.0 -9999.0 -9999.0 -9999.0    11.3    74.2    45.6    96.3    56.5    68.8    89.8   152.3   151.0   157.5   139.4    91.3   110.5   118.6   100.6   108.8   177.0   148.0   129.3    94.3    87.0    99.4    92.3    67.2    61.0    65.2    88.7    51.1    52.9    57.7    65.3   100.4    83.2    92.1    78.6    87.9    90.6   120.1    87.1   147.0   188.9   211.4   181.9   124.3   114.1   138.0    63.8   149.1    71.6   103.5   212.9   128.1    57.7    26.6    32.5    62.5    85.9   101.4   117.1   123.0   141.3   152.4   178.2   218.6   182.9   160.3   168.3   160.0   144.8   118.4    89.7    63.3    58.0    83.1   121.1   148.4    73.0    59.9    56.0    72.7    97.6   123.6   138.2   133.7   131.1   140.3 -9999.0 -9999.0 -9999.0 -9999.0 -9999.0 -9999.0 -9999.0 -9999.0 -9999.0 -9999.0 -9999.0 -9999.0 -9999.0 -9999.0 -9999.0 -9999.0 -9999.0 -9999.0 -9999.0 -9999.0 -9999.0 -9999.0 -9999.0 -9999.0 -9999.0 -9999.0 -9999.0 -9999.0 -9999.0
 -9999.0 -9999.0 -9999.0 -9999.0 -9999.0 -9999.0 -9999.0 -9999.0 -9999.0 -9999.0 -9999.0 -9999.0 -9999.0 -9999.0 -9999.0    48.4    48.0    72.9    68.4    65.8   123.6   102.7   102.6   116.3   131.1   129.3   191.1   150.4   195.0   132.1   146.5   128.5   156.8   134.4   101.6   132.3   131.7    63.0    68.0    65.8    75.4    75.0    71.0    71.8    71.0    76.1    97.0    81.9   107.3    71.2   107.1   185.8   152.4   172.7   101.7   166.0   153.0    74.0   165.7   189.3    60.6   133.5   259.6   196.1   112.8    50.3    31.8    46.2    73.9   109.0   122.2   119.6   160.6   154.4   122.3   185.8   213.4   279.3   218.3   144.6   134.2   118.2    96.3    70.3    53.0    55.3    78.2   127.9    99.5    67.5    58.6    79.2    79.0   114.6   135.6   152.1   150.1 -9999.0   159.1 -9999.0 -9999.0 -9999.0 -9999.0 -9999.0 -9999.0 -9999.0 -9999.0 -9999.0 -9999.0 -9999.0 -9999.0 -9999.0 -9999.0 -9999.0 -9999.0 -9999.0 -9999.0 -9999.0 -9999.0 -9999.0 -9999.0 -9999.0 -9999.0 -9999.0 -9999.0 -9999.0 -9999.0 -9999.0
 -9999.0 -9999.0 -9999.0 -9999.0 -9999.0 -9999.0 -9999.0 -9999.0 -9999.0 -9999.0 -9999.0 -9999.0 -9999.0 -9999.0 -9999.0 -9999.0 -9999.0     2.9    19.1 -9999.0    41.1   106.1    76.7    84.2   130.7   128.3   196.9   164.4   133.4   174.4   147.8   117.1   183.0    95.3    69.5    99.5   147.7    71.2    85.2    80.2    77.6    87.3    77.9    78.3    92.4    89.6    86.3   135.5   100.1   124.8    77.4   123.9    81.5   187.6   202.3   199.3   140.0   189.6   172.5   186.5   102.4   172.0   211.9   182.3   113.3    61.1    50.0    70.7    98.0   125.6   114.4   157.3   157.6   118.9   119.0   157.7   169.8   198.8   198.8   127.6   123.8   111.3    92.8    71.5    71.1    80.4   103.6   123.2   124.0    94.7   105.7   105.0    71.2    95.7   130.8   142.9   155.2   165.9   156.2   149.2   139.7 -9999.0 -9999.0 -9999.0 -9999.0 -9999.0 -9999.0 -9999.0 -9999.0 -9999.0 -9999.0 -9999.0 -9999.0 -9999.0 -9999.0 -9999.0 -9999.0 -9999.0 -9999.0 -9999.0 -9999.0 -9999.0 -9999.0 -9999.0 -9999.0 -9999.0 -9999.0 -9999.0
 -9999.0 -9999.0 -9999.0 -9999.0 -9999.0 -9999.0 -9999.0 -9999.0 -9999.0 -9999.0 -9999.0 -9999.0 -9999.0 -9999.0 -9999.0 -9999.0 -9999.0 -9999.0 -9999.0 -9999.0 -9999.0    62.5    93.7   158.1   121.6    82.2    96.1   110.7   131.9   117.6   135.9    96.7   101.4   103.4    84.5   114.3   108.1   103.7    96.7    93.6    88.0    93.1    94.2    92.5   110.8   106.1   111.2   107.8   170.0   328.7   139.9   230.7   232.6   140.9   183.4   227.5   222.1   166.6   263.2   170.4   118.7   138.6   166.7   171.7   137.9    96.2    83.0    99.5   114.3   131.8   135.9   137.9   123.3    79.9    60.1    70.7    92.1    93.4   129.9   150.7   134.4   114.5   100.5    93.5   173.3    94.9   108.4   132.9   132.9   113.6   127.2    94.1   150.6   160.3   133.6   147.7   171.1   188.7   169.3   199.6 -9999.0 -9999.0 -9999.0 -9999.0 -9999.0 -9999.0 -9999.0 -9999.0 -9999.0 -9999.0 -9999.0 -9999.0 -9999.0 -9999.0 -9999.0 -9999.0 -9999.0 -9999.0 -9999.0 -9999.0 -9999.0 -9999.0 -9999.0 -9999.0 -9999.0 -9999.0 -9999.0 -9999.0
 -9999.0 -9999.0 -9999.0 -9999.0 -9999.0 -9999.0 -9999.0 -9999.0 -9999.0 -9999.0 -9999.0 -9999.0 -9999.0 -9999.0 -9999.0 -9999.0 -9999.0 -9999.0 -9999.0 -9999.0 -9999.0 -9999.0 -9999.0    24.4    77.1    78.3    87.5   109.1   161.6   128.1   146.7   156.6   208.7   158.7   172.3   157.6   164.8   129.7   132.0   120.3   102.3   106.4    90.9    99.7   128.0   152.0   121.8   118.0   109.3   103.0   118.6   201.5   126.9   163.7   160.0   138.7   210.0   240.1   112.0   178.9   128.7   150.7   176.7   184.7   187.0   150.1   121.9   121.6   129.7   125.4   123.9   110.8    92.7    82.6    44.6    46.1    94.0   133.9   167.3   208.9   179.3   128.7   108.2   122.7   133.2   326.6   101.7   155.6   135.3   132.2   160.2   177.3   121.8   148.4   147.5   171.7   217.0   220.4   280.2 -9999.0 -9999.0 -9999.0 -9999.0 -9999.0 -9999.0 -9999.0 -9999.0 -9999.0 -9999.0 -9999.0 -9999.0 -9999.0 -9999.0 -9999.0 -9999.0 -9999.0 -9999.0 -9999.0 -9999.0 -9999.0 -9999.0 -9999.0 -9999.0 -9999.0 -9999.0 -9999.0 -9999.0 -9999.0
 -9999.0 -9999.0 -9999.0 -9999.0 -9999.0 -9999.0 -9999.0 -9999.0 -9999.0 -9999.0 -9999.0 -9999.0 -9999.0 -9999.0 -9999.0 -9999.0 -9999.0 -9999.0 -9999.0 -9999.0 -9999.0 -9999.0 -9999.0 -9999.0 -9999.0    13.0    47.7   211.9   195.2   256.3   184.4   135.9   130.2   155.8   134.2   182.6   220.2   148.8   154.0   119.5   125.3    99.3   149.1   143.3   177.0   179.0   151.6   152.1   152.2   123.8   203.8   170.1   213.5   206.1   148.0   164.7   205.1   169.0   204.2   170.3   148.5   156.0   244.0   205.2   225.6   200.9   161.5   145.4   127.7   116.2    97.5    83.4    61.4    77.3    69.0    49.3    71.0   166.7   346.8   318.5   253.1   177.9   124.0   120.9   156.0    94.8   100.8   105.6   123.7   137.0   141.7   129.2   135.8   196.3   164.8   201.5   289.7   322.4 -9999.0 -9999.0 -9999.0 -9999.0 -9999.0 -9999.0 -9999.0 -9999.0 -9999.0 -9999.0 -9999.0 -9999.0 -9999.0 -9999.0 -9999.0 -9999.0 -9999.0 -9999.0 -9999.0 -9999.0 -9999.0 -9999.0 -9999.0 -9999.0 -9999.0 -9999.0 -9999.0 -9999.0 -9999.0 -9999.0
 -9999.0 -9999.0 -9999.0 -9999.0 -9999.0 -9999.0 -9999.0 -9999.0 -9999.0 -9999.0 -9999.0 -9999.0 -9999.0 -9999.0 -9999.0 -9999.0 -9999.0 -9999.0 -9999.0 -9999.0 -9999.0 -9999.0 -9999.0 -9999.0 -9999.0 -9999.0 -9999.0    17.1    23.4    69.6    86.6    95.6   202.5    96.6   153.0   101.2   142.3   141.0   135.1   125.8   121.6   122.8   180.0   213.4   211.9   208.1   198.5   180.0   157.8   128.3   109.7    97.7   148.3   140.0   162.9   202.3   163.2   149.5   174.0   136.6   170.6   147.8   165.3   198.9   207.6   219.6   183.3   137.8   115.1    97.9    80.7    87.0    62.3    82.3    58.3    56.5   159.3   254.6   301.6   352.8   337.7   216.9   170.5   187.9   139.1   113.5   106.6   204.3   116.6   128.3   203.9   300.1   146.2   136.5   212.2   229.8   301.9 -9999.0 -9999.0 -9999.0 -9999.0 -9999.0 -9999.0 -9999.0 -9999.0 -9999.0 -9999.0 -9999.0 -9999.0 -9999.0 -9999.0 -9999.0 -9999.0 -9999.0 -9999.0 -9999.0 -9999.0 -9999.0 -9999.0 -9999.0 -9999.0 -9999.0 -9999.0 -9999.0 -9999.0 -9999.0 -9999.0 -9999.0
 -9999.0 -9999.0 -9999.0 -9999.0 -9999.0 -9999.0 -9999.0 -9999.0 -9999.0 -9999.0 -9999.0 -9999.0 -9999.0 -9999.0 -9999.0 -9999.0 -9999.0 -9999.0 -9999.0 -9999.0 -9999.0 -9999.0 -9999.0 -9999.0 -9999.0 -9999.0 -9999.0 -9999.0 -9999.0 -9999.0 -9999.0 -9999.0 -9999.0    84.1   130.9 -9999.0 -9999.0 -9999.0   167.0   150.0   174.4   202.9   196.0   250.9   255.3   244.4 -9999.0 -9999.0 -9999.0 -9999.0 -9999.0 -9999.0   114.0   187.9   131.5   141.9   151.3   155.4   145.1   164.4   154.4   141.0   153.3   170.3   187.0   191.2   165.7   133.6   113.3    89.8    74.8    98.1   124.1   104.3   130.9   104.1   240.1   269.6   358.4   403.1   345.7   260.9   242.1   234.9   233.5   143.4   105.5   124.6   229.9   123.9   191.0   177.4   111.1   126.9   210.3   228.5   273.1 -9999.0 -9999.0 -9999.0 -9999.0 -9999.0 -9999.0 -9999.0 -9999.0 -9999.0 -9999.0 -9999.0 -9999.0 -9999.0 -9999.0 -9999.0 -9999.0 -9999.0 -9999.0 -9999.0 -9999.0 -9999.0 -9999.0 -9999.0 -9999.0 -9999.0 -9999.0 -9999.0 -9999.0 -9999.0 -9999.0 -9999.0
 -9999.0 -9999.0 -9999.0 -9999.0 -9999.0 -9999.0 -9999.0 -9999.0 -9999.0 -9999.0 -9999.0 -9999.0 -9999.0 -9999.0 -9999.0 -9999.0 -9999.0 -9999.0 -9999.0 -9999.0 -9999.0 -9999.0 -9999.0 -9999.0 -9999.0 -9999.0 -9999.0 -9999.0 -9999.0 -9999.0 -9999.0 -9999.0 -9999.0 -9999.0 -9999.0 -9999.0 -9999.0 -9999.0 -9999.0   246.3   264.3   280.0   290.6   294.3 -9999.0 -9999.0 -9999.0 -9999.0 -9999.0 -9999.0 -9999.0 -9999.0   127.9   204.2   157.1   137.6   146.7   162.6   181.5   183.4   168.2   146.7   137.5   137.1   128.1   133.0   130.8   124.7   105.9   100.2   105.5   129.9   144.2   189.9   152.9   195.1   273.1   318.4   413.8   364.3   341.6   279.3   259.7   319.9   248.2   154.6   143.9   183.9   121.3   148.9   134.0   116.6   109.6   189.0   222.7   185.0 -9999.0 -9999.0 -9999.0 -9999.0 -9999.0 -9999.0 -9999.0 -9999.0 -9999.0 -9999.0 -9999.0 -9999.0 -9999.0 -9999.0 -9999.0 -9999.0 -9999.0 -9999.0 -9999.0 -9999.0 -9999.0 -9999.0 -9999.0 -9999.0 -9999.0 -9999.0 -9999.0 -9999.0 -9999.0 -9999.0 -9999.0 -9999.0
 -9999.0 -9999.0 -9999.0 -9999.0 -9999.0 -9999.0 -9999.0 -9999.0 -9999.0 -9999.0 -9999.0 -9999.0 -9999.0 -9999.0 -9999.0 -9999.0 -9999.0 -9999.0 -9999.0 -9999.0 -9999.0 -9999.0 -9999.0 -9999.0 -9999.0 -9999.0 -9999.0 -9999.0 -9999.0 -9999.0 -9999.0 -9999.0 -9999.0 -9999.0 -9999.0 -9999.0 -9999.0 -9999.0 -9999.0 -9999.0 -9999.0 -9999.0 -9999.0 -9999.0 -9999.0 -9999.0 -9999.0 -9999.0 -9999.0 -9999.0 -9999.0 -9999.0   137.0   215.2   162.0   171.1   150.4   149.6   154.7   158.5   161.3   153.7   147.4   129.5   122.2   142.8   150.9   127.4   106.8   102.2   115.8   156.3   234.6   230.0   242.8   247.9   342.9   348.4   326.1   325.0   327.7   310.0   279.2   303.9   251.9   190.5   147.7   140.3   145.1   147.4   145.0   198.8   143.8   223.3   182.6 -9999.0 -9999.0 -9999.0 -9999.0 -9999.0 -9999.0 -9999.0 -9999.0 -9999.0 -9999.0 -9999.0 -9999.0 -9999.0 -9999.0 -9999.0 -9999.0 -9999.0 -9999.0 -9999.0 -9999.0 -9999.0 -9999.0 -9999.0 -9999.0 -9999.0 -9999.0 -9999.0 -9999.0 -9999.0 -9999.0 -9999.0 -9999.0 -9999.0
 -9999.0 -9999.0 -9999.0 -9999.0 -9999.0 -9999.0 -9999.0 -9999.0 -9999.0 -9999.0 -9999.0 -9999.0 -9999.0 -9999.0 -9999.0 -9999.0 -9999.0 -9999.0 -9999.0 -9999.0 -9999.0 -9999.0 -9999.0 -9999.0 -9999.0 -9999.0 -9999.0 -9999.0 -9999.0 -9999.0 -9999.0 -9999.0 -9999.0 -9999.0 -9999.0 -9999.0 -9999.0 -9999.0 -9999.0 -9999.0 -9999.0 -9999.0 -9999.0 -9999.0 -9999.0 -9999.0 -9999.0 -9999.0 -9999.0 -9999.0 -9999.0   210.9   181.6   214.9   160.8   168.5   156.8   139.0   129.0   126.3   157.3   167.6   166.3   161.4   159.0   175.4   170.9   130.7   125.8   117.2   128.5   168.4   189.1   197.4   247.4   301.7   386.2   334.4   316.7   299.7   286.7   296.1   382.5   269.9   208.6   159.4   236.2   173.4   207.6   163.7   254.0   202.5   222.8   194.0   160.3 -9999.0 -9999.0 -9999.0 -9999.0 -9999.0 -9999.0 -9999.0 -9999.0 -9999.0 -9999.0 -9999.0 -9999.0 -9999.0 -9999.0 -9999.0 -9999.0 -9999.0 -9999.0 -9999.0 -9999.0 -9999.0 -9999.0 -9999.0 -9999.0 -9999.0 -9999.0 -9999.0 -9999.0 -9999.0 -9999.0 -9999.0 -9999.0 -9999.0
 -9999.0 -9999.0 -9999.0 -9999.0 -9999.0 -9999.0 -9999.0 -9999.0 -9999.0 -9999.0 -9999.0 -9999.0 -9999.0 -9999.0 -9999.0 -9999.0 -9999.0 -9999.0 -9999.0 -9999.0 -9999.0 -9999.0 -9999.0 -9999.0 -9999.0 -9999.0 -9999.0 -9999.0 -9999.0 -9999.0 -9999.0 -9999.0 -9999.0 -9999.0 -9999.0 -9999.0 -9999.0 -9999.0 -9999.0 -9999.0 -9999.0 -9999.0 -9999.0 -9999.0 -9999.0 -9999.0 -9999.0 -9999.0 -9999.0 -9999.0   304.2   289.3   259.3   241.8   200.6   187.1   161.5   138.0   123.7   142.0   162.7   182.6   199.1   201.4   209.9   217.7   197.8   177.2   182.4   171.8   188.0   196.4   222.7   265.5   317.2   380.7   396.6   371.7   278.7   271.8   288.3   301.9   305.6   260.3   227.6   169.6   225.3   205.9   234.7   237.9   250.5   294.7   267.6   235.3   165.8 -9999.0 -9999.0 -9999.0 -9999.0 -9999.0 -9999.0 -9999.0 -9999.0 -9999.0 -9999.0 -9999.0 -9999.0 -9999.0 -9999.0 -9999.0 -9999.0 -9999.0 -9999.0 -9999.0 -9999.0 -9999.0 -9999.0 -9999.0 -9999.0 -9999.0 -9999.0 -9999.0 -9999.0 -9999.0 -9999.0 -9999.0 -9999.0 -9999.0
 -9999.0 -9999.0 -9999.0 -9999.0 -9999.0 -9999.0 -9999.0 -9999.0 -9999.0 -9999.0 -9999.0 -9999.0 -9999.0 -9999.0 -9999.0 -9999.0 -9999.0 -9999.0 -9999.0 -9999.0 -9999.0 -9999.0 -9999.0 -9999.0 -9999.0 -9999.0 -9999.0 -9999.0 -9999.0 -9999.0 -9999.0 -9999.0 -9999.0 -9999.0 -9999.0 -9999.0 -9999.0 -9999.0 -9999.0 -9999.0 -9999.0 -9999.0 -9999.0 -9999.0 -9999.0 -9999.0 -9999.0 -9999.0 -9999.0 -9999.0   369.1   388.4   309.0   284.0   243.3   191.6   132.1   149.1   142.8   142.8   154.5   189.6   206.4   226.3   234.3   245.7   246.6   236.5   256.0   255.3   273.3   292.9   306.6   308.8   344.5   407.8   423.5   378.1   311.0   285.5   290.2   309.5   320.8   284.9   250.4   212.3   229.5   262.1   272.0   275.6   314.5   328.0   343.2   284.9 -9999.0 -9999.0 -9999.0 -9999.0 -9999.0 -9999.0 -9999.0 -9999.0 -9999.0 -9999.0 -9999.0 -9999.0 -9999.0 -9999.0 -9999.0 -9999.0 -9999.0 -9999.0 -9999.0 -9999.0 -9999.0 -9999.0 -9999.0 -9999.0 -9999.0 -9999.0 -9999.0 -9999.0 -9999.0 -9999.0 -9999.0 -9999.0 -9999.0 -9999.0
 -9999.0 -9999.0 -9999.0 -9999.0 -9999.0 -9999.0 -9999.0 -9999.0 -9999.0 -9999.0 -9999.0 -9999.0 -9999.0 -9999.0 -9999.0 -9999.0 -9999.0 -9999.0 -9999.0 -9999.0 -9999.0 -9999.0 -9999.0 -9999.0 -9999.0 -9999.0 -9999.0 -9999.0 -9999.0 -9999.0 -9999.0 -9999.0 -9999.0 -9999.0 -9999.0 -9999.0 -9999.0 -9999.0 -9999.0 -9999.0 -9999.0 -9999.0 -9999.0 -9999.0 -9999.0 -9999.0 -9999.0 -9999.0 -9999.0 -9999.0   416.9   418.9   332.5   357.9   225.8   165.4   190.0   144.3   156.8   122.6   160.8   194.1   214.7   221.3   231.4   255.3   294.8   313.6   320.6   356.7   340.6   380.3   365.8   354.1   347.8   389.1   389.0   372.2   313.3   285.7   289.5   313.9   332.3   317.6   297.2   257.1   251.9   273.0   318.9   351.9   389.5   402.5 -9999.0 -9999.0 -9999.0 -9999.0 -9999.0 -9999.0 -9999.0 -9999.0 -9999.0 -9999.0 -9999.0 -9999.0 -9999.0 -9999.0 -9999.0 -9999.0 -9999.0 -9999.0 -9999.0 -9999.0 -9999.0 -9999.0 -9999.0 -9999.0 -9999.0 -9999.0 -9999.0 -9999.0 -9999.0 -9999.0 -9999.0 -9999.0 -9999.0 -9999.0 -9999.0 -9999.0
 -9999.0 -9999.0 -9999.0 -9999.0 -9999.0 -9999.0 -9999.0 -9999.0 -9999.0 -9999.0 -9999.0 -9999.0 -9999.0 -9999.0 -9999.0 -9999.0 -9999.0 -9999.0 -9999.0 -9999.0 -9999.0 -9999.0 -9999.0 -9999.0 -9999.0 -9999.0 -9999.0 -9999.0 -9999.0 -9999.0 -9999.0 -9999.0 -9999.0 -9999.0 -9999.0 -9999.0 -9999.0 -9999.0 -9999.0 -9999.0 -9999.0 -9999.0 -9999.0 -9999.0 -9999.0 -9999.0 -9999.0 -9999.0 -9999.0 -9999.0   555.0   537.0   425.9   358.9   268.1   234.6   117.0   149.8   156.4   122.6   161.0   181.8   178.9   217.4   222.9   245.1   290.9   358.5   388.6   311.8   355.2   375.3   376.7   335.0   295.1   314.3   329.1   312.6   278.6   262.3   271.4   296.4   329.9   357.6   346.4   330.9   351.8   355.9   422.1   464.2   472.0 -9999.0 -9999.0 -9999.0 -9999.0 -9999.0 -9999.0 -9999.0 -9999.0 -9999.0 -9999.0 -9999.0 -9999.0 -9999.0 -9999.0 -9999.0 -9999.0 -9999.0 -9999.0 -9999.0 -9999.0 -9999.0 -9999.0 -9999.0 -9999.0 -9999.0 -9999.0 -9999.0 -9999.0 -9999.0 -9999.0 -9999.0 -9999.0 -9999.0 -9999.0 -9999.0 -9999.0 -9999.0
 -9999.0 -9999.0 -9999.0 -9999.0 -9999.0 -9999.0 -9999.0 -9999.0 -9999.0 -9999.0 -9999.0 -9999.0 -9999.0 -9999.0 -9999.0 -9999.0 -9999.0 -9999.0 -9999.0 -9999.0 -9999.0 -9999.0 -9999.0 -9999.0 -9999.0 -9999.0 -9999.0 -9999.0 -9999.0 -9999.0 -9999.0 -9999.0 -9999.0 -9999.0 -9999.0 -9999.0 -9999.0 -9999.0 -9999.0 -9999.0 -9999.0 -9999.0 -9999.0 -9999.0 -9999.0 -9999.0 -9999.0 -9999.0 -9999.0 -9999.0 -9999.0 -9999.0 -9999.0   359.2   264.5   203.3   180.7   189.2   139.3   148.2   210.0   149.7   229.8   222.5   218.5   238.7   279.2   338.2   363.8   345.5   321.1   326.3   315.1   273.7   248.1   255.9   279.4   281.9   267.8   270.5   279.7   287.6   335.1   404.6   434.7   432.7   441.1   492.7   536.3   579.4 -9999.0 -9999.0 -9999.0 -9999.0 -9999.0 -9999.0 -9999.0 -9999.0 -9999.0 -9999.0 -9999.0 -9999.0 -9999.0 -9999.0 -9999.0 -9999.0 -9999.0 -9999.0 -9999.0 -9999.0 -9999.0 -9999.0 -9999.0 -9999.0 -9999.0 -9999.0 -9999.0 -9999.0 -9999.0 -9999.0 -9999.0 -9999.0 -9999.0 -9999.0 -9999.0 -9999.0 -9999.0 -9999.0
 -9999.0 -9999.0 -9999.0 -9999.0 -9999.0 -9999.0 -9999.0 -9999.0 -9999.0 -9999.0 -9999.0 -9999.0 -9999.0 -9999.0 -9999.0 -9999.0 -9999.0 -9999.0 -9999.0 -9999.0 -9999.0 -9999.0 -9999.0 -9999.0 -9999.0 -9999.0 -9999.0 -9999.0 -9999.0 -9999.0 -9999.0 -9999.0 -9999.0 -9999.0 -9999.0 -9999.0 -9999.0 -9999.0 -9999.0 -9999.0 -9999.0 -9999.0 -9999.0 -9999.0 -9999.0 -9999.0 -9999.0 -9999.0 -9999.0 -9999.0 -9999.0 -9999.0 -9999.0   424.9   311.9   366.0   226.6   195.1   222.2   253.3   209.7   187.9   252.7   225.7   227.3   235.3   241.2   294.9   266.0   263.8   270.8   304.5   308.0   276.7   251.9   268.7   293.6   317.8   323.8   334.3   346.3   347.6   388.6 -9999.0   563.1   569.1 -9999.0 -9999.0 -9999.0 -9999.0 -9999.0 -9999.0 -9999.0 -9999.0 -9999.0 -9999.0 -9999.0 -9999.0 -9999.0 -9999.0 -9999.0 -9999.0 -9999.0 -9999.0 -9999.0 -9999.0 -9999.0 -9999.0 -9999.0 -9999.0 -9999.0 -9999.0 -9999.0 -9999.0 -9999.0 -9999.0 -9999.0 -9999.0 -9999.0 -9999.0 -9999.0 -9999.0 -9999.0 -9999.0 -9999.0 -9999.0 -9999.0 -9999.0
 -9999.0 -9999.0 -9999.0 -9999.0 -9999.0 -9999.0 -9999.0 -9999.0 -9999.0 -9999.0 -9999.0 -9999.0 -9999.0 -9999.0 -9999.0 -9999.0 -9999.0 -9999.0 -9999.0 -9999.0 -9999.0 -9999.0 -9999.0 -9999.0 -9999.0 -9999.0 -9999.0 -9999.0 -9999.0 -9999.0 -9999.0 -9999.0 -9999.0 -9999.0 -9999.0 -9999.0 -9999.0 -9999.0 -9999.0 -9999.0 -9999.0 -9999.0 -9999.0 -9999.0 -9999.0 -9999.0 -9999.0 -9999.0 -9999.0 -9999.0 -9999.0 -9999.0 -9999.0   506.5   344.6   368.7   299.7   258.8   279.1   280.6   291.9   275.4   288.4   269.3   218.4 -9999.0 -9999.0 -9999.0   233.4   228.8   292.0   376.6   412.8   380.4   328.9   321.7   337.8   371.5   402.1   418.3   442.7   465.1   521.0 -9999.0 -9999.0 -9999.0 -9999.0 -9999.0 -9999.0 -9999.0 -9999.0 -9999.0 -9999.0 -9999.0 -9999.0 -9999.0 -9999.0 -9999.0 -9999.0 -9999.0 -9999.0 -9999.0 -9999.0 -9999.0 -9999.0 -9999.0 -9999.0 -9999.0 -9999.0 -9999.0 -9999.0 -9999.0 -9999.0 -9999.0 -9999.0 -9999.0 -9999.0 -9999.0 -9999.0 -9999.0 -9999.0 -9999.0 -9999.0 -9999.0 -9999.0 -9999.0 -9999.0 -9999.0
 -9999.0 -9999.0 -9999.0 -9999.0 -9999.0 -9999.0 -9999.0 -9999.0 -9999.0 -9999.0 -9999.0 -9999.0 -9999.0 -9999.0 -9999.0 -9999.0 -9999.0 -9999.0 -9999.0 -9999.0 -9999.0 -9999.0 -9999.0 -9999.0 -9999.0 -9999.0 -9999.0 -9999.0 -9999.0 -9999.0 -9999.0 -9999.0 -9999.0 -9999.0 -9999.0 -9999.0 -9999.0 -9999.0 -9999.0 -9999.0 -9999.0 -9999.0 -9999.0 -9999.0 -9999.0 -9999.0 -9999.0 -9999.0 -9999.0 -9999.0 -9999.0 -9999.0 -9999.0 -9999.0   490.9   410.9   305.2   275.7   334.4   363.4   287.6 -9999.0 -9999.0 -9999.0 -9999.0 -9999.0 -9999.0 -9999.0   204.6   259.4   369.1   492.2   556.4   507.4   404.5   341.2   342.4   377.8   428.8 -9999.0   542.1 -9999.0 -9999.0 -9999.0 -9999.0 -9999.0 -9999.0 -9999.0 -9999.0 -9999.0 -9999.0 -9999.0 -9999.0 -9999.0 -9999.0 -9999.0 -9999.0 -9999.0 -9999.0 -9999.0 -9999.0 -9999.0 -9999.0 -9999.0 -9999.0 -9999.0 -9999.0 -9999.0 -9999.0 -9999.0 -9999.0 -9999.0 -9999.0 -9999.0 -9999.0 -9999.0 -9999.0 -9999.0 -9999.0 -9999.0 -9999.0 -9999.0 -9999.0 -9999.0 -9999.0 -9999.0 -9999.0 -9999.0
 -9999.0 -9999.0 -9999.0 -9999.0 -9999.0 -9999.0 -9999.0 -9999.0 -9999.0 -9999.0 -9999.0 -9999.0 -9999.0 -9999.0 -9999.0 -9999.0 -9999.0 -9999.0 -9999.0 -9999.0 -9999.0 -9999.0 -9999.0 -9999.0 -9999.0 -9999.0 -9999.0 -9999.0 -9999.0 -9999.0 -9999.0 -9999.0 -9999.0 -9999.0 -9999.0 -9999.0 -9999.0 -9999.0 -9999.0 -9999.0 -9999.0 -9999.0 -9999.0 -9999.0 -9999.0 -9999.0 -9999.0 -9999.0 -9999.0 -9999.0 -9999.0 -9999.0 -9999.0 -9999.0 -9999.0   447.9   474.6   367.9   340.7   368.9   342.5 -9999.0 -9999.0 -9999.0 -9999.0 -9999.0 -9999.0 -9999.0 -9999.0 -9999.0   417.8 -9999.0 -9999.0 -9999.0 -9999.0 -9999.0   287.8 -9999.0 -9999.0 -9999.0 -9999.0 -9999.0 -9999.0 -9999.0 -9999.0 -9999.0 -9999.0 -9999.0 -9999.0 -9999.0 -9999.0 -9999.0 -9999.0 -9999.0 -9999.0 -9999.0 -9999.0 -9999.0 -9999.0 -9999.0 -9999.0 -9999.0 -9999.0 -9999.0 -9999.0 -9999.0 -9999.0 -9999.0 -9999.0 -9999.0 -9999.0 -9999.0 -9999.0 -9999.0 -9999.0 -9999.0 -9999.0 -9999.0 -9999.0 -9999.0 -9999.0 -9999.0 -9999.0 -9999.0 -9999.0 -9999.0 -9999.0 -9999.0
 -9999.0 -9999.0 -9999.0 -9999.0 -9999.0 -9999.0 -9999.0 -9999.0 -9999.0 -9999.0 -9999.0 -9999.0 -9999.0 -9999.0 -9999.0 -9999.0 -9999.0 -9999.0 -9999.0 -9999.0 -9999.0 -9999.0 -9999.0 -9999.0 -9999.0 -9999.0 -9999.0 -9999.0 -9999.0 -9999.0 -9999.0 -9999.0 -9999.0 -9999.0 -9999.0 -9999.0 -9999.0 -9999.0 -9999.0 -9999.0 -9999.0 -9999.0 -9999.0 -9999.0 -9999.0 -9999.0 -9999.0 -9999.0 -9999.0 -9999.0 -9999.0 -9999.0 -9999.0 -9999.0 -9999.0 -9999.0 -9999.0 -9999.0   403.3   363.5 -9999.0 -9999.0 -9999.0 -9999.0 -9999.0 -9999.0 -9999.0 -9999.0 -9999.0 -9999.0 -9999.0 -9999.0 -9999.0 -9999.0 -9999.0   291.2   259.8 -9999.0 -9999.0 -9999.0 -9999.0 -9999.0 -9999.0 -9999.0 -9999.0 -9999.0 -9999.0 -9999.0 -9999.0 -9999.0 -9999.0 -9999.0 -9999.0 -9999.0 -9999.0 -9999.0 -9999.0 -9999.0 -9999.0 -9999.0 -9999.0 -9999.0 -9999.0 -9999.0 -9999.0 -9999.0 -9999.0 -9999.0 -9999.0 -9999.0 -9999.0 -9999.0 -9999.0 -9999.0 -9999.0 -9999.0 -9999.0 -9999.0 -9999.0 -9999.0 -9999.0 -9999.0 -9999.0 -9999.0 -9999.0 -9999.0 -9999.0 -9999.0
 -9999.0 -9999.0 -9999.0 -9999.0 -9999.0 -9999.0 -9999.0 -9999.0 -9999.0 -9999.0 -9999.0 -9999.0 -9999.0 -9999.0 -9999.0 -9999.0 -9999.0 -9999.0 -9999.0 -9999.0 -9999.0 -9999.0 -9999.0 -9999.0 -9999.0 -9999.0 -9999.0 -9999.0 -9999.0 -9999.0 -9999.0 -9999.0 -9999.0 -9999.0 -9999.0 -9999.0 -9999.0 -9999.0 -9999.0 -9999.0 -9999.0 -9999.0 -9999.0 -9999.0 -9999.0 -9999.0 -9999.0 -9999.0 -9999.0 -9999.0 -9999.0 -9999.0 -9999.0 -9999.0 -9999.0 -9999.0 -9999.0 -9999.0 -9999.0 -9999.0 -9999.0 -9999.0 -9999.0 -9999.0 -9999.0 -9999.0 -9999.0 -9999.0 -9999.0 -9999.0 -9999.0 -9999.0 -9999.0 -9999.0 -9999.0 -9999.0 -9999.0 -9999.0 -9999.0 -9999.0 -9999.0 -9999.0 -9999.0 -9999.0 -9999.0 -9999.0 -9999.0 -9999.0 -9999.0 -9999.0 -9999.0 -9999.0 -9999.0 -9999.0 -9999.0 -9999.0 -9999.0 -9999.0 -9999.0 -9999.0 -9999.0 -9999.0 -9999.0 -9999.0 -9999.0 -9999.0 -9999.0 -9999.0 -9999.0 -9999.0 -9999.0 -9999.0 -9999.0 -9999.0 -9999.0 -9999.0 -9999.0 -9999.0 -9999.0 -9999.0 -9999.0 -9999.0 -9999.0 -9999.0 -9999.0 -9999.0 -9999.0 -9999.0
 -9999.0 -9999.0 -9999.0 -9999.0 -9999.0 -9999.0 -9999.0 -9999.0 -9999.0 -9999.0 -9999.0 -9999.0 -9999.0 -9999.0 -9999.0 -9999.0 -9999.0 -9999.0 -9999.0 -9999.0 -9999.0 -9999.0 -9999.0 -9999.0 -9999.0 -9999.0 -9999.0 -9999.0 -9999.0 -9999.0 -9999.0 -9999.0 -9999.0 -9999.0 -9999.0 -9999.0 -9999.0 -9999.0 -9999.0 -9999.0 -9999.0 -9999.0 -9999.0 -9999.0 -9999.0 -9999.0 -9999.0 -9999.0 -9999.0 -9999.0 -9999.0 -9999.0 -9999.0 -9999.0 -9999.0 -9999.0 -9999.0 -9999.0 -9999.0 -9999.0 -9999.0 -9999.0 -9999.0 -9999.0 -9999.0 -9999.0 -9999.0 -9999.0 -9999.0 -9999.0 -9999.0 -9999.0 -9999.0 -9999.0 -9999.0   363.4   338.8   348.6 -9999.0 -9999.0 -9999.0 -9999.0 -9999.0 -9999.0 -9999.0 -9999.0 -9999.0 -9999.0 -9999.0 -9999.0 -9999.0 -9999.0 -9999.0 -9999.0 -9999.0 -9999.0 -9999.0 -9999.0 -9999.0 -9999.0 -9999.0 -9999.0 -9999.0 -9999.0 -9999.0 -9999.0 -9999.0 -9999.0 -9999.0 -9999.0 -9999.0 -9999.0 -9999.0 -9999.0 -9999.0 -9999.0 -9999.0 -9999.0 -9999.0 -9999.0 -9999.0 -9999.0 -9999.0 -9999.0 -9999.0 -9999.0 -9999.0 -9999.0
 -9999.0 -9999.0 -9999.0 -9999.0 -9999.0 -9999.0 -9999.0 -9999.0 -9999.0 -9999.0 -9999.0 -9999.0 -9999.0 -9999.0 -9999.0 -9999.0 -9999.0 -9999.0 -9999.0 -9999.0 -9999.0 -9999.0 -9999.0 -9999.0 -9999.0 -9999.0 -9999.0 -9999.0 -9999.0 -9999.0 -9999.0 -9999.0 -9999.0 -9999.0 -9999.0 -9999.0 -9999.0 -9999.0 -9999.0 -9999.0 -9999.0 -9999.0 -9999.0 -9999.0 -9999.0 -9999.0 -9999.0 -9999.0 -9999.0 -9999.0 -9999.0 -9999.0 -9999.0 -9999.0 -9999.0 -9999.0 -9999.0 -9999.0 -9999.0 -9999.0 -9999.0 -9999.0 -9999.0 -9999.0 -9999.0 -9999.0 -9999.0 -9999.0 -9999.0 -9999.0 -9999.0 -9999.0 -9999.0   294.4   375.0   367.6   361.9 -9999.0 -9999.0 -9999.0 -9999.0 -9999.0 -9999.0 -9999.0 -9999.0 -9999.0 -9999.0 -9999.0 -9999.0 -9999.0 -9999.0 -9999.0 -9999.0 -9999.0 -9999.0 -9999.0 -9999.0 -9999.0 -9999.0 -9999.0 -9999.0 -9999.0 -9999.0 -9999.0 -9999.0 -9999.0 -9999.0 -9999.0 -9999.0 -9999.0 -9999.0 -9999.0 -9999.0 -9999.0 -9999.0 -9999.0 -9999.0 -9999.0 -9999.0 -9999.0 -9999.0 -9999.0 -9999.0 -9999.0 -9999.0 -9999.0 -9999.0 -9999.0
 -9999.0 -9999.0 -9999.0 -9999.0 -9999.0 -9999.0 -9999.0 -9999.0 -9999.0 -9999.0 -9999.0 -9999.0 -9999.0 -9999.0 -9999.0 -9999.0 -9999.0 -9999.0 -9999.0 -9999.0 -9999.0 -9999.0 -9999.0 -9999.0 -9999.0 -9999.0 -9999.0 -9999.0 -9999.0 -9999.0 -9999.0 -9999.0 -9999.0 -9999.0 -9999.0 -9999.0 -9999.0 -9999.0 -9999.0 -9999.0 -9999.0 -9999.0 -9999.0 -9999.0 -9999.0 -9999.0 -9999.0 -9999.0 -9999.0 -9999.0 -9999.0 -9999.0 -9999.0 -9999.0 -9999.0 -9999.0 -9999.0 -9999.0 -9999.0 -9999.0 -9999.0 -9999.0 -9999.0 -9999.0 -9999.0 -9999.0 -9999.0 -9999.0 -9999.0 -9999.0 -9999.0 -9999.0 -9999.0 -9999.0   302.9   359.0   314.5 -9999.0 -9999.0 -9999.0 -9999.0 -9999.0 -9999.0 -9999.0 -9999.0 -9999.0 -9999.0 -9999.0 -9999.0 -9999.0 -9999.0 -9999.0 -9999.0 -9999.0 -9999.0 -9999.0 -9999.0 -9999.0 -9999.0 -9999.0 -9999.0 -9999.0 -9999.0 -9999.0 -9999.0 -9999.0 -9999.0 -9999.0 -9999.0 -9999.0 -9999.0 -9999.0 -9999.0 -9999.0 -9999.0 -9999.0 -9999.0 -9999.0 -9999.0 -9999.0 -9999.0 -9999.0 -9999.0 -9999.0 -9999.0 -9999.0 -9999.0 -9999.0
 -9999.0 -9999.0 -9999.0 -9999.0 -9999.0 -9999.0 -9999.0 -9999.0 -9999.0 -9999.0 -9999.0 -9999.0 -9999.0 -9999.0 -9999.0 -9999.0 -9999.0 -9999.0 -9999.0 -9999.0 -9999.0 -9999.0 -9999.0 -9999.0 -9999.0 -9999.0 -9999.0 -9999.0 -9999.0 -9999.0 -9999.0 -9999.0 -9999.0 -9999.0 -9999.0 -9999.0 -9999.0 -9999.0 -9999.0 -9999.0 -9999.0 -9999.0 -9999.0 -9999.0 -9999.0 -9999.0 -9999.0 -9999.0 -9999.0 -9999.0 -9999.0 -9999.0 -9999.0 -9999.0 -9999.0 -9999.0 -9999.0 -9999.0 -9999.0 -9999.0 -9999.0 -9999.0 -9999.0 -9999.0 -9999.0 -9999.0 -9999.0 -9999.0 -9999.0 -9999.0 -9999.0 -9999.0 -9999.0 -9999.0 -9999.0 -9999.0 -9999.0 -9999.0 -9999.0 -9999.0 -9999.0 -9999.0 -9999.0 -9999.0 -9999.0 -9999.0 -9999.0 -9999.0 -9999.0 -9999.0 -9999.0 -9999.0 -9999.0 -9999.0 -9999.0 -9999.0 -9999.0 -9999.0 -9999.0 -9999.0 -9999.0 -9999.0 -9999.0 -9999.0 -9999.0 -9999.0 -9999.0 -9999.0 -9999.0 -9999.0 -9999.0 -9999.0 -9999.0 -9999.0 -9999.0 -9999.0 -9999.0 -9999.0 -9999.0 -9999.0 -9999.0 -9999.0 -9999.0 -9999.0 -9999.0 -9999.0 -9999.0 -9999.0
