NCOLS      128
NROWS       72
XLLCORNER    72.000000000000    
YLLCORNER    18.000000000000    
CELLSIZE    0.50000000000000    
NODATA_VALUE   -9999.000    
 -9999.0 -9999.0 -9999.0 -9999.0 -9999.0 -9999.0 -9999.0 -9999.0 -9999.0 -9999.0 -9999.0 -9999.0 -9999.0 -9999.0 -9999.0 -9999.0 -9999.0 -9999.0 -9999.0 -9999.0 -9999.0 -9999.0 -9999.0 -9999.0 -9999.0 -9999.0 -9999.0 -9999.0 -9999.0 -9999.0 -9999.0 -9999.0 -9999.0 -9999.0 -9999.0 -9999.0 -9999.0 -9999.0 -9999.0 -9999.0 -9999.0 -9999.0 -9999.0 -9999.0 -9999.0 -9999.0 -9999.0 -9999.0 -9999.0 -9999.0 -9999.0 -9999.0 -9999.0 -9999.0 -9999.0 -9999.0 -9999.0 -9999.0 -9999.0 -9999.0 -9999.0 -9999.0 -9999.0 -9999.0 -9999.0 -9999.0 -9999.0 -9999.0 -9999.0 -9999.0 -9999.0 -9999.0 -9999.0 -9999.0 -9999.0 -9999.0 -9999.0 -9999.0 -9999.0 -9999.0 -9999.0 -9999.0 -9999.0 -9999.0 -9999.0 -9999.0 -9999.0 -9999.0 -9999.0 -9999.0 -9999.0 -9999.0 -9999.0 -9999.0 -9999.0 -9999.0 -9999.0    75.3    68.7    61.7    57.8    48.6    41.1    33.0    28.4 -9999.0 -9999.0 -9999.0 -9999.0 -9999.0 -9999.0 -9999.0 -9999.0 -9999.0 -9999.0 -9999.0 -9999.0 -9999.0 -9999.0 -9999.0 -9999.0 -9999.0 -9999.0 -9999.0 -9999.0 -9999.0 -9999.0 -9999.0
 -9999.0 -9999.0 -9999.0 -9999.0 -9999.0 -9999.0 -9999.0 -9999.0 -9999.0 -9999.0 -9999.0 -9999.0 -9999.0 -9999.0 -9999.0 -9999.0 -9999.0 -9999.0 -9999.0 -9999.0 -9999.0 -9999.0 -9999.0 -9999.0 -9999.0 -9999.0 -9999.0 -9999.0 -9999.0 -9999.0 -9999.0 -9999.0 -9999.0 -9999.0 -9999.0 -9999.0 -9999.0 -9999.0 -9999.0 -9999.0 -9999.0 -9999.0 -9999.0 -9999.0 -9999.0 -9999.0 -9999.0 -9999.0 -9999.0 -9999.0 -9999.0 -9999.0 -9999.0 -9999.0 -9999.0 -9999.0 -9999.0 -9999.0 -9999.0 -9999.0 -9999.0 -9999.0 -9999.0 -9999.0 -9999.0 -9999.0 -9999.0 -9999.0 -9999.0 -9999.0 -9999.0 -9999.0 -9999.0 -9999.0 -9999.0 -9999.0 -9999.0 -9999.0 -9999.0 -9999.0 -9999.0 -9999.0 -9999.0 -9999.0 -9999.0 -9999.0 -9999.0 -9999.0 -9999.0 -9999.0 -9999.0 -9999.0 -9999.0 -9999.0 -9999.0 -9999.0    70.6    66.2    66.7    60.8    60.5    55.0    46.0    36.6    29.0    19.1    13.8    11.7     9.7 -9999.0 -9999.0 -9999.0 -9999.0 -9999.0 -9999.0 -9999.0 -9999.0 -9999.0 -9999.0 -9999.0 -9999.0 -9999.0 -9999.0 -9999.0 -9999.0 -9999.0 -9999.0 -9999.0
 -9999.0 -9999.0 -9999.0 -9999.0 -9999.0 -9999.0 -9999.0 -9999.0 -9999.0 -9999.0 -9999.0 -9999.0 -9999.0 -9999.0 -9999.0 -9999.0 -9999.0 -9999.0 -9999.0 -9999.0 -9999.0 -9999.0 -9999.0 -9999.0 -9999.0 -9999.0 -9999.0 -9999.0 -9999.0 -9999.0 -9999.0 -9999.0 -9999.0 -9999.0 -9999.0 -9999.0 -9999.0 -9999.0 -9999.0 -9999.0 -9999.0 -9999.0 -9999.0 -9999.0 -9999.0 -9999.0 -9999.0 -9999.0 -9999.0 -9999.0 -9999.0 -9999.0 -9999.0 -9999.0 -9999.0 -9999.0 -9999.0 -9999.0 -9999.0 -9999.0 -9999.0 -9999.0 -9999.0 -9999.0 -9999.0 -9999.0 -9999.0 -9999.0 -9999.0 -9999.0 -9999.0 -9999.0 -9999.0 -9999.0 -9999.0 -9999.0 -9999.0 -9999.0 -9999.0 -9999.0 -9999.0 -9999.0 -9999.0 -9999.0 -9999.0 -9999.0 -9999.0 -9999.0 -9999.0 -9999.0 -9999.0 -9999.0 -9999.0 -9999.0 -9999.0    70.5    63.8    60.3    60.3    55.7    55.4    54.7    51.1    45.1    35.3    32.4    19.5    17.2    14.1 -9999.0 -9999.0 -9999.0 -9999.0 -9999.0 -9999.0 -9999.0 -9999.0 -9999.0 -9999.0 -9999.0 -9999.0 -9999.0 -9999.0 -9999.0 -9999.0 -9999.0 -9999.0 -9999.0
 -9999.0 -9999.0 -9999.0 -9999.0 -9999.0 -9999.0 -9999.0 -9999.0 -9999.0 -9999.0 -9999.0 -9999.0 -9999.0 -9999.0 -9999.0 -9999.0 -9999.0 -9999.0 -9999.0 -9999.0 -9999.0 -9999.0 -9999.0 -9999.0 -9999.0 -9999.0 -9999.0 -9999.0 -9999.0 -9999.0 -9999.0 -9999.0 -9999.0 -9999.0 -9999.0 -9999.0 -9999.0 -9999.0 -9999.0 -9999.0 -9999.0 -9999.0 -9999.0 -9999.0 -9999.0 -9999.0 -9999.0 -9999.0 -9999.0 -9999.0 -9999.0 -9999.0 -9999.0 -9999.0 -9999.0 -9999.0 -9999.0 -9999.0 -9999.0 -9999.0 -9999.0 -9999.0 -9999.0 -9999.0 -9999.0 -9999.0 -9999.0 -9999.0 -9999.0 -9999.0 -9999.0 -9999.0 -9999.0 -9999.0 -9999.0 -9999.0 -9999.0 -9999.0 -9999.0 -9999.0 -9999.0 -9999.0 -9999.0 -9999.0 -9999.0 -9999.0 -9999.0 -9999.0 -9999.0 -9999.0 -9999.0 -9999.0 -9999.0 -9999.0 -9999.0    57.9    57.6    48.2    49.4    51.4    55.0    58.6    53.5    50.6    44.5    34.8    24.8    22.7    19.4    17.9 -9999.0 -9999.0 -9999.0 -9999.0 -9999.0 -9999.0 -9999.0 -9999.0 -9999.0 -9999.0 -9999.0 -9999.0 -9999.0 -9999.0 -9999.0 -9999.0 -9999.0 -9999.0
 -9999.0 -9999.0 -9999.0 -9999.0 -9999.0 -9999.0 -9999.0 -9999.0 -9999.0 -9999.0 -9999.0 -9999.0 -9999.0 -9999.0 -9999.0 -9999.0 -9999.0 -9999.0 -9999.0 -9999.0 -9999.0 -9999.0 -9999.0 -9999.0 -9999.0 -9999.0 -9999.0 -9999.0 -9999.0 -9999.0 -9999.0 -9999.0 -9999.0 -9999.0 -9999.0 -9999.0 -9999.0 -9999.0 -9999.0 -9999.0 -9999.0 -9999.0 -9999.0 -9999.0 -9999.0 -9999.0 -9999.0 -9999.0 -9999.0 -9999.0 -9999.0 -9999.0 -9999.0 -9999.0 -9999.0 -9999.0 -9999.0 -9999.0 -9999.0 -9999.0 -9999.0 -9999.0 -9999.0 -9999.0 -9999.0 -9999.0 -9999.0 -9999.0 -9999.0 -9999.0 -9999.0 -9999.0 -9999.0 -9999.0 -9999.0 -9999.0 -9999.0 -9999.0 -9999.0 -9999.0 -9999.0 -9999.0 -9999.0 -9999.0 -9999.0 -9999.0 -9999.0 -9999.0 -9999.0 -9999.0 -9999.0 -9999.0 -9999.0 -9999.0 -9999.0    50.1    44.3    47.3    46.3    45.1    46.1    55.0    55.9    54.8    50.8    44.9    30.8    27.9    27.0    24.1    24.4 -9999.0 -9999.0 -9999.0 -9999.0 -9999.0 -9999.0 -9999.0 -9999.0 -9999.0 -9999.0 -9999.0 -9999.0 -9999.0 -9999.0 -9999.0 -9999.0 -9999.0
 -9999.0 -9999.0 -9999.0 -9999.0 -9999.0 -9999.0 -9999.0 -9999.0 -9999.0 -9999.0 -9999.0 -9999.0 -9999.0 -9999.0 -9999.0 -9999.0 -9999.0 -9999.0 -9999.0 -9999.0 -9999.0 -9999.0 -9999.0 -9999.0 -9999.0 -9999.0 -9999.0 -9999.0 -9999.0 -9999.0 -9999.0 -9999.0 -9999.0 -9999.0 -9999.0 -9999.0 -9999.0 -9999.0 -9999.0 -9999.0 -9999.0 -9999.0 -9999.0 -9999.0 -9999.0 -9999.0 -9999.0 -9999.0 -9999.0 -9999.0 -9999.0 -9999.0 -9999.0 -9999.0 -9999.0 -9999.0 -9999.0 -9999.0 -9999.0 -9999.0 -9999.0 -9999.0 -9999.0 -9999.0 -9999.0 -9999.0 -9999.0 -9999.0 -9999.0 -9999.0 -9999.0 -9999.0 -9999.0 -9999.0 -9999.0 -9999.0 -9999.0 -9999.0 -9999.0 -9999.0 -9999.0 -9999.0 -9999.0 -9999.0 -9999.0 -9999.0 -9999.0 -9999.0 -9999.0 -9999.0 -9999.0 -9999.0 -9999.0 -9999.0    43.3    40.5    41.3    39.9    39.1    41.2    45.8    42.6    48.1    47.3    42.5    37.6    31.5    30.5    32.3    30.0    31.4 -9999.0 -9999.0 -9999.0 -9999.0 -9999.0 -9999.0 -9999.0 -9999.0 -9999.0 -9999.0 -9999.0 -9999.0 -9999.0 -9999.0 -9999.0 -9999.0 -9999.0
 -9999.0 -9999.0 -9999.0 -9999.0 -9999.0 -9999.0 -9999.0 -9999.0 -9999.0 -9999.0 -9999.0 -9999.0 -9999.0 -9999.0 -9999.0 -9999.0 -9999.0 -9999.0 -9999.0 -9999.0 -9999.0 -9999.0 -9999.0 -9999.0 -9999.0 -9999.0 -9999.0 -9999.0 -9999.0 -9999.0 -9999.0 -9999.0 -9999.0 -9999.0 -9999.0 -9999.0 -9999.0 -9999.0 -9999.0 -9999.0 -9999.0 -9999.0 -9999.0 -9999.0 -9999.0 -9999.0 -9999.0 -9999.0 -9999.0 -9999.0 -9999.0 -9999.0 -9999.0 -9999.0 -9999.0 -9999.0 -9999.0 -9999.0 -9999.0 -9999.0 -9999.0 -9999.0 -9999.0 -9999.0 -9999.0 -9999.0 -9999.0 -9999.0 -9999.0 -9999.0 -9999.0 -9999.0 -9999.0 -9999.0 -9999.0 -9999.0 -9999.0 -9999.0 -9999.0 -9999.0 -9999.0 -9999.0 -9999.0 -9999.0 -9999.0 -9999.0 -9999.0 -9999.0 -9999.0 -9999.0 -9999.0 -9999.0 -9999.0 -9999.0    36.0    37.7    38.2    38.4    38.1    36.8    39.9    42.1    40.8    35.9    29.0    28.4    27.4    28.7    34.8    38.1    33.5    29.0 -9999.0 -9999.0 -9999.0 -9999.0 -9999.0 -9999.0 -9999.0 -9999.0 -9999.0 -9999.0 -9999.0 -9999.0 -9999.0 -9999.0 -9999.0 -9999.0
 -9999.0 -9999.0 -9999.0 -9999.0 -9999.0 -9999.0 -9999.0 -9999.0 -9999.0 -9999.0 -9999.0 -9999.0 -9999.0 -9999.0 -9999.0 -9999.0 -9999.0 -9999.0 -9999.0 -9999.0 -9999.0 -9999.0 -9999.0 -9999.0 -9999.0 -9999.0 -9999.0 -9999.0 -9999.0 -9999.0 -9999.0 -9999.0 -9999.0 -9999.0 -9999.0 -9999.0 -9999.0 -9999.0 -9999.0 -9999.0 -9999.0 -9999.0 -9999.0 -9999.0 -9999.0 -9999.0 -9999.0 -9999.0 -9999.0 -9999.0 -9999.0 -9999.0 -9999.0 -9999.0 -9999.0 -9999.0 -9999.0 -9999.0 -9999.0 -9999.0 -9999.0 -9999.0 -9999.0 -9999.0 -9999.0 -9999.0 -9999.0 -9999.0 -9999.0 -9999.0 -9999.0 -9999.0 -9999.0 -9999.0 -9999.0 -9999.0 -9999.0 -9999.0 -9999.0 -9999.0 -9999.0 -9999.0 -9999.0 -9999.0 -9999.0 -9999.0 -9999.0 -9999.0 -9999.0    53.1 -9999.0 -9999.0    33.7    31.0    26.8    29.2    34.6    38.0    39.1    39.6    36.1    37.7    36.5    28.0    22.4    20.9    21.6    30.5    35.4    40.8    35.1    29.7 -9999.0 -9999.0 -9999.0 -9999.0 -9999.0 -9999.0 -9999.0 -9999.0 -9999.0 -9999.0 -9999.0 -9999.0 -9999.0 -9999.0 -9999.0 -9999.0
 -9999.0 -9999.0 -9999.0 -9999.0 -9999.0 -9999.0 -9999.0 -9999.0 -9999.0 -9999.0 -9999.0 -9999.0 -9999.0 -9999.0 -9999.0 -9999.0 -9999.0 -9999.0 -9999.0 -9999.0 -9999.0 -9999.0 -9999.0 -9999.0 -9999.0 -9999.0 -9999.0 -9999.0 -9999.0 -9999.0 -9999.0 -9999.0 -9999.0 -9999.0 -9999.0 -9999.0 -9999.0 -9999.0 -9999.0 -9999.0 -9999.0 -9999.0 -9999.0 -9999.0 -9999.0 -9999.0 -9999.0 -9999.0 -9999.0 -9999.0 -9999.0 -9999.0 -9999.0 -9999.0 -9999.0 -9999.0 -9999.0 -9999.0 -9999.0 -9999.0 -9999.0 -9999.0 -9999.0 -9999.0 -9999.0 -9999.0 -9999.0 -9999.0 -9999.0 -9999.0 -9999.0 -9999.0 -9999.0 -9999.0 -9999.0 -9999.0 -9999.0 -9999.0 -9999.0 -9999.0 -9999.0 -9999.0 -9999.0 -9999.0 -9999.0 -9999.0 -9999.0 -9999.0    37.5    37.4    39.3    33.7    27.1    25.9    21.5    28.1    34.2    41.3    42.6    42.1    43.0    42.2    37.7    32.0    25.1    21.3    20.9    25.4    32.5    37.3    35.4    26.6    23.0    20.7    18.8    16.5 -9999.0 -9999.0 -9999.0 -9999.0 -9999.0 -9999.0 -9999.0 -9999.0 -9999.0 -9999.0 -9999.0 -9999.0
 -9999.0 -9999.0 -9999.0 -9999.0 -9999.0 -9999.0 -9999.0 -9999.0 -9999.0 -9999.0 -9999.0 -9999.0 -9999.0 -9999.0 -9999.0 -9999.0 -9999.0 -9999.0 -9999.0 -9999.0 -9999.0 -9999.0 -9999.0 -9999.0 -9999.0 -9999.0 -9999.0 -9999.0 -9999.0   138.1   142.4   139.6   132.9 -9999.0 -9999.0 -9999.0 -9999.0 -9999.0 -9999.0 -9999.0 -9999.0 -9999.0 -9999.0 -9999.0 -9999.0 -9999.0 -9999.0 -9999.0 -9999.0 -9999.0 -9999.0 -9999.0 -9999.0 -9999.0 -9999.0 -9999.0 -9999.0 -9999.0 -9999.0 -9999.0 -9999.0 -9999.0 -9999.0 -9999.0 -9999.0 -9999.0 -9999.0 -9999.0 -9999.0 -9999.0 -9999.0 -9999.0 -9999.0 -9999.0 -9999.0 -9999.0 -9999.0 -9999.0 -9999.0 -9999.0 -9999.0 -9999.0 -9999.0 -9999.0 -9999.0 -9999.0 -9999.0    28.0    28.1    29.6    30.4    26.4    24.7    21.4    20.2    23.6    34.7    42.6    49.3    47.9    46.1    45.4    44.7    36.3    30.3    24.4    22.1    26.7    35.8    37.8    33.7    28.9    29.6    29.0    31.0    27.6    25.9    27.1 -9999.0 -9999.0 -9999.0 -9999.0 -9999.0 -9999.0 -9999.0 -9999.0 -9999.0 -9999.0
 -9999.0 -9999.0 -9999.0 -9999.0 -9999.0 -9999.0 -9999.0 -9999.0 -9999.0 -9999.0 -9999.0 -9999.0 -9999.0 -9999.0 -9999.0 -9999.0 -9999.0 -9999.0 -9999.0 -9999.0 -9999.0 -9999.0 -9999.0 -9999.0 -9999.0 -9999.0 -9999.0    94.7   108.7    97.6   121.3   116.4   117.6   100.3 -9999.0 -9999.0 -9999.0 -9999.0 -9999.0 -9999.0 -9999.0 -9999.0 -9999.0 -9999.0 -9999.0 -9999.0 -9999.0 -9999.0 -9999.0 -9999.0 -9999.0 -9999.0 -9999.0 -9999.0 -9999.0 -9999.0 -9999.0 -9999.0 -9999.0 -9999.0 -9999.0 -9999.0 -9999.0 -9999.0 -9999.0 -9999.0 -9999.0 -9999.0 -9999.0 -9999.0 -9999.0 -9999.0 -9999.0 -9999.0 -9999.0 -9999.0 -9999.0 -9999.0 -9999.0 -9999.0 -9999.0 -9999.0 -9999.0 -9999.0 -9999.0 -9999.0 -9999.0    24.2    23.4    19.7    20.5    22.4    23.0    23.2    22.7    27.9    36.1    47.9    51.0    52.8    51.2    51.4    51.2    44.1    34.3    29.5    31.0    37.0    38.4    38.3    38.7    39.3    45.0    47.0    51.0    54.4    50.2    47.9 -9999.0 -9999.0 -9999.0 -9999.0 -9999.0    13.4    16.8    21.9    27.1 -9999.0
 -9999.0 -9999.0 -9999.0 -9999.0 -9999.0 -9999.0 -9999.0 -9999.0 -9999.0 -9999.0 -9999.0 -9999.0 -9999.0 -9999.0 -9999.0 -9999.0 -9999.0 -9999.0 -9999.0 -9999.0 -9999.0 -9999.0 -9999.0 -9999.0 -9999.0 -9999.0    60.1    48.4    55.2    58.8    66.4    73.5   105.3    89.9    87.5    81.4    77.4 -9999.0 -9999.0 -9999.0 -9999.0 -9999.0 -9999.0 -9999.0 -9999.0 -9999.0 -9999.0 -9999.0 -9999.0 -9999.0 -9999.0 -9999.0 -9999.0 -9999.0 -9999.0 -9999.0 -9999.0 -9999.0 -9999.0 -9999.0 -9999.0 -9999.0 -9999.0 -9999.0 -9999.0 -9999.0 -9999.0 -9999.0 -9999.0 -9999.0 -9999.0 -9999.0 -9999.0 -9999.0 -9999.0 -9999.0 -9999.0 -9999.0 -9999.0 -9999.0 -9999.0 -9999.0 -9999.0 -9999.0 -9999.0 -9999.0    18.0    16.8    14.8    13.9    17.1    19.7    22.7    24.5    25.9    33.7    41.4    51.9    56.5    52.7    52.9    52.4    51.0    46.7    38.8    38.1    43.5    46.2    44.5    43.4    44.1    46.9    53.9    58.1    71.7    73.6    65.6    64.2    61.9 -9999.0 -9999.0    18.4    17.5    20.7    26.0    36.2    39.3 -9999.0
 -9999.0 -9999.0 -9999.0 -9999.0 -9999.0 -9999.0 -9999.0 -9999.0 -9999.0 -9999.0 -9999.0 -9999.0 -9999.0 -9999.0 -9999.0 -9999.0 -9999.0 -9999.0 -9999.0 -9999.0 -9999.0 -9999.0 -9999.0 -9999.0 -9999.0 -9999.0    37.8    41.3    37.1    31.5    29.6    38.4    41.1    62.8    63.0    64.6    73.7    52.7 -9999.0 -9999.0 -9999.0 -9999.0 -9999.0 -9999.0 -9999.0 -9999.0 -9999.0 -9999.0 -9999.0 -9999.0 -9999.0 -9999.0 -9999.0 -9999.0 -9999.0 -9999.0 -9999.0 -9999.0 -9999.0 -9999.0 -9999.0 -9999.0 -9999.0 -9999.0 -9999.0 -9999.0 -9999.0 -9999.0 -9999.0 -9999.0 -9999.0 -9999.0 -9999.0 -9999.0 -9999.0 -9999.0 -9999.0 -9999.0 -9999.0 -9999.0 -9999.0 -9999.0 -9999.0 -9999.0 -9999.0 -9999.0    13.4    10.9    10.7    11.7    13.3    16.3    21.5    24.3    30.1    36.9    49.7    53.3    53.1    54.3    51.6    47.8    46.0    43.0    42.8    46.9    51.5    49.2    45.2    41.6    42.1    49.5    59.8    59.7    65.8    87.3    75.1    73.4    60.5    45.5    31.8    25.2    25.5    29.8    36.2    42.9    50.1 -9999.0
 -9999.0 -9999.0 -9999.0 -9999.0 -9999.0 -9999.0 -9999.0 -9999.0 -9999.0 -9999.0 -9999.0 -9999.0 -9999.0 -9999.0 -9999.0 -9999.0 -9999.0 -9999.0 -9999.0 -9999.0 -9999.0    72.8    78.8    63.6    48.4    49.1    55.9    60.5    49.6    33.9    22.5    24.5    27.6    35.3    43.5    41.4    45.8    41.1    44.8 -9999.0 -9999.0 -9999.0 -9999.0 -9999.0 -9999.0 -9999.0 -9999.0 -9999.0 -9999.0 -9999.0 -9999.0 -9999.0 -9999.0 -9999.0 -9999.0 -9999.0 -9999.0 -9999.0 -9999.0 -9999.0 -9999.0 -9999.0 -9999.0 -9999.0 -9999.0 -9999.0 -9999.0 -9999.0 -9999.0 -9999.0 -9999.0 -9999.0 -9999.0 -9999.0 -9999.0 -9999.0 -9999.0 -9999.0 -9999.0 -9999.0 -9999.0 -9999.0 -9999.0 -9999.0 -9999.0 -9999.0 -9999.0    11.4 -9999.0 -9999.0    10.5 -9999.0 -9999.0    23.6    28.7    38.4    51.1    52.0    52.0    57.4    47.7    42.6    37.5    38.3    43.7    52.2    52.5    47.3    40.6    38.9    39.1    42.7    50.5    58.9    61.1    67.4    62.9    63.2    58.4    50.2    42.9    34.1    34.0    38.7    46.2    56.4 -9999.0 -9999.0
 -9999.0 -9999.0 -9999.0 -9999.0 -9999.0 -9999.0 -9999.0 -9999.0 -9999.0 -9999.0 -9999.0 -9999.0 -9999.0 -9999.0 -9999.0 -9999.0 -9999.0 -9999.0 -9999.0 -9999.0 -9999.0    25.4    31.6    35.1    35.0    65.5    41.9    37.5    38.2    31.1    21.4    23.3    29.3    29.2    30.2    27.7    24.1    31.5    20.9 -9999.0 -9999.0 -9999.0 -9999.0 -9999.0 -9999.0 -9999.0 -9999.0 -9999.0 -9999.0 -9999.0 -9999.0 -9999.0 -9999.0 -9999.0 -9999.0 -9999.0 -9999.0 -9999.0 -9999.0 -9999.0 -9999.0 -9999.0 -9999.0 -9999.0 -9999.0 -9999.0 -9999.0 -9999.0 -9999.0 -9999.0 -9999.0 -9999.0 -9999.0 -9999.0 -9999.0 -9999.0 -9999.0 -9999.0 -9999.0 -9999.0 -9999.0 -9999.0 -9999.0 -9999.0 -9999.0 -9999.0 -9999.0 -9999.0 -9999.0     8.0     9.5    12.4    17.8    19.5    25.5    35.8    38.2    45.1    48.9    48.6    42.2    34.6    30.2    31.9    37.9    45.0    46.7    44.3    40.0    37.3    36.7    39.3    44.2    49.2    53.5    43.9    45.6    48.2    48.8    49.4    46.1    41.0    41.5    49.3    50.5 -9999.0 -9999.0 -9999.0
 -9999.0 -9999.0 -9999.0 -9999.0 -9999.0 -9999.0 -9999.0 -9999.0 -9999.0 -9999.0 -9999.0 -9999.0 -9999.0 -9999.0 -9999.0 -9999.0 -9999.0 -9999.0 -9999.0 -9999.0    14.6    25.9    23.7    29.2    30.8    22.1    18.2    22.5    20.4    20.8    23.6    22.0    27.5    29.3    26.1    20.2    16.9    11.6     9.9 -9999.0 -9999.0 -9999.0 -9999.0 -9999.0 -9999.0 -9999.0 -9999.0 -9999.0 -9999.0 -9999.0 -9999.0 -9999.0 -9999.0 -9999.0 -9999.0 -9999.0 -9999.0 -9999.0 -9999.0 -9999.0 -9999.0 -9999.0 -9999.0 -9999.0 -9999.0 -9999.0 -9999.0 -9999.0 -9999.0 -9999.0 -9999.0 -9999.0 -9999.0 -9999.0 -9999.0 -9999.0 -9999.0 -9999.0 -9999.0 -9999.0 -9999.0 -9999.0 -9999.0 -9999.0 -9999.0 -9999.0 -9999.0 -9999.0     8.9     8.7     9.6    10.5    14.1    16.3    20.1    26.2    29.5    39.9    43.8    43.5    38.5    28.8    23.8    23.6    27.5    33.7    39.2    43.0    42.0    37.3    34.5    34.5    36.5    33.0    31.1    34.1    36.4    41.8    49.4    50.4    45.7    41.2    39.3    42.9    49.6 -9999.0 -9999.0 -9999.0
 -9999.0 -9999.0 -9999.0 -9999.0 -9999.0 -9999.0 -9999.0 -9999.0 -9999.0 -9999.0 -9999.0 -9999.0 -9999.0 -9999.0 -9999.0 -9999.0 -9999.0 -9999.0    27.3    18.1    14.8   108.9    57.6    60.1    40.0    28.4    14.1    15.5    16.8    20.3    21.0    25.0    29.5    29.1    25.5    19.5    12.2     7.0     4.8 -9999.0 -9999.0 -9999.0 -9999.0 -9999.0 -9999.0 -9999.0 -9999.0 -9999.0 -9999.0 -9999.0 -9999.0 -9999.0 -9999.0 -9999.0 -9999.0 -9999.0 -9999.0 -9999.0 -9999.0 -9999.0 -9999.0 -9999.0 -9999.0 -9999.0 -9999.0 -9999.0 -9999.0 -9999.0 -9999.0 -9999.0 -9999.0 -9999.0 -9999.0 -9999.0 -9999.0 -9999.0 -9999.0 -9999.0 -9999.0 -9999.0 -9999.0 -9999.0 -9999.0 -9999.0    23.1    21.4    19.2    11.6     7.8    11.6    11.7    12.7    11.3    13.2    15.3    20.0    19.4    26.0    31.4    33.7    29.2    21.9    16.9    15.6    18.3    24.3    31.9    38.7    39.2    35.0    31.3    30.6    29.4    24.1    26.2    30.4    44.7    42.4    46.0    41.9    38.7    33.4    32.5    36.5 -9999.0 -9999.0 -9999.0 -9999.0
 -9999.0 -9999.0 -9999.0 -9999.0 -9999.0 -9999.0 -9999.0 -9999.0 -9999.0 -9999.0 -9999.0 -9999.0 -9999.0 -9999.0 -9999.0    14.0    50.3   117.7   140.7    49.2    60.5    19.7    60.1    29.0    19.5    14.6    16.6    19.9    20.1    20.6    21.7    24.3    29.0    29.5    30.5    22.6    12.8    20.0     8.5     6.0    10.5    16.8    23.6    34.4 -9999.0 -9999.0 -9999.0 -9999.0 -9999.0 -9999.0 -9999.0 -9999.0 -9999.0 -9999.0 -9999.0 -9999.0 -9999.0 -9999.0 -9999.0 -9999.0 -9999.0 -9999.0 -9999.0 -9999.0 -9999.0 -9999.0 -9999.0 -9999.0 -9999.0 -9999.0 -9999.0 -9999.0 -9999.0 -9999.0 -9999.0 -9999.0 -9999.0 -9999.0 -9999.0    11.7    13.2    15.6    18.4    22.3    26.1    24.7    19.9    12.7     8.7    11.0    11.1    13.4    12.6    13.8    14.1    17.7    13.0    14.6    17.9    20.2    17.9    14.1    11.4    10.5    12.5    18.1    24.7    30.9    33.4    29.8    27.1    24.8    21.7    19.2    30.0    25.4    33.5    41.6    41.1    34.7    28.7    25.6    25.6    30.5 -9999.0 -9999.0 -9999.0 -9999.0
 -9999.0 -9999.0 -9999.0 -9999.0 -9999.0 -9999.0 -9999.0 -9999.0 -9999.0 -9999.0 -9999.0 -9999.0 -9999.0 -9999.0 -9999.0   123.8   108.2   148.6    87.7    44.2     9.2     8.0    10.2    15.9    17.4    19.0    20.1    21.2    20.4    17.3    16.9    19.0    24.7    23.7    22.6    18.4     9.6     7.4     2.7     2.7     3.0     2.1     5.0    11.3    15.8    32.4    86.6 -9999.0 -9999.0 -9999.0 -9999.0 -9999.0 -9999.0 -9999.0 -9999.0 -9999.0 -9999.0 -9999.0 -9999.0 -9999.0 -9999.0 -9999.0 -9999.0 -9999.0 -9999.0 -9999.0 -9999.0 -9999.0 -9999.0 -9999.0 -9999.0 -9999.0 -9999.0 -9999.0 -9999.0 -9999.0 -9999.0 -9999.0     8.9     9.2    10.4    13.2    17.2    20.8    23.4    21.5    16.1    12.2    10.6    12.2    17.0    17.7    17.0    13.2    17.8     9.9     8.6     5.7     7.4     9.3    10.0     9.5     9.3    10.3    13.4    18.7    23.0    27.2    30.9    27.7    23.0    20.6    23.8    21.3    19.5    18.4    28.0    33.3    32.5    27.3    21.7    19.7    21.1 -9999.0 -9999.0 -9999.0 -9999.0 -9999.0
 -9999.0 -9999.0 -9999.0 -9999.0 -9999.0 -9999.0 -9999.0 -9999.0 -9999.0 -9999.0 -9999.0 -9999.0 -9999.0 -9999.0 -9999.0 -9999.0     9.0    13.4    38.1    83.6   109.9    51.1   104.2    68.5    45.8    42.6    36.7    26.6    20.5    14.9    14.0    15.0    19.2    21.9    23.3    21.0    14.8     8.8     5.2     6.7    12.4    10.2    11.4     7.7     8.1     9.6    14.0    21.7 -9999.0 -9999.0 -9999.0 -9999.0 -9999.0 -9999.0 -9999.0 -9999.0 -9999.0 -9999.0 -9999.0 -9999.0 -9999.0 -9999.0 -9999.0 -9999.0 -9999.0 -9999.0 -9999.0 -9999.0 -9999.0 -9999.0 -9999.0 -9999.0 -9999.0 -9999.0 -9999.0 -9999.0 -9999.0 -9999.0     7.2     7.6     8.3    10.4    12.8    15.5    18.6    18.4    19.2    13.3    12.9    17.5    16.1    16.1    16.8    11.0     6.2     6.3     4.6     3.4     3.3     4.7     6.5     8.7    11.9    17.1    22.3    25.1    28.3    32.1    37.3    35.6    29.5    30.8    31.0    17.8    14.3    17.4    19.6    21.4    22.1    18.8 -9999.0 -9999.0 -9999.0 -9999.0 -9999.0 -9999.0 -9999.0 -9999.0
 -9999.0 -9999.0 -9999.0 -9999.0 -9999.0 -9999.0 -9999.0 -9999.0 -9999.0 -9999.0 -9999.0 -9999.0 -9999.0 -9999.0 -9999.0 -9999.0     7.9    16.3    26.2    29.1    57.9    53.9    65.7    72.6    74.1    70.6    69.4    52.7    78.9    64.7    27.5    36.4    65.5    59.4    37.4    30.8    30.3    17.0    10.5    13.8    21.1    16.1    29.4    65.6    13.6     3.6     2.1     4.5 -9999.0 -9999.0 -9999.0 -9999.0 -9999.0 -9999.0 -9999.0 -9999.0 -9999.0 -9999.0 -9999.0 -9999.0 -9999.0 -9999.0 -9999.0 -9999.0 -9999.0 -9999.0 -9999.0 -9999.0 -9999.0 -9999.0 -9999.0 -9999.0 -9999.0 -9999.0 -9999.0 -9999.0 -9999.0     8.3     7.3     7.2     7.6     8.7    10.8    14.8    16.3    18.2    17.3    14.5    12.9    14.7    17.0    10.7     3.5     3.1     4.6     4.8     4.9     3.6     3.0     4.2     6.9    12.0    20.6    30.1    34.9    40.7    46.0    48.5    52.0    50.6    43.1    33.9    27.6    22.0    21.6    17.3    16.3    15.8    16.1 -9999.0 -9999.0 -9999.0 -9999.0 -9999.0 -9999.0 -9999.0 -9999.0 -9999.0
 -9999.0 -9999.0 -9999.0 -9999.0 -9999.0 -9999.0 -9999.0 -9999.0 -9999.0 -9999.0 -9999.0 -9999.0 -9999.0 -9999.0 -9999.0 -9999.0   112.4   133.7   139.6    70.3    47.0    56.1    75.7    62.3    54.7    51.1    54.4    53.4    61.4    66.0    65.7    49.9    26.6    21.8    34.1    36.6    23.9     5.6     2.8     0.5     2.2     7.0    15.3    45.6    44.7    20.4     4.6     1.5     7.7    11.4     8.1 -9999.0 -9999.0 -9999.0 -9999.0 -9999.0 -9999.0 -9999.0 -9999.0 -9999.0 -9999.0 -9999.0 -9999.0 -9999.0 -9999.0 -9999.0 -9999.0 -9999.0 -9999.0 -9999.0 -9999.0 -9999.0 -9999.0 -9999.0 -9999.0 -9999.0     9.6     8.8     7.3     8.1     8.2     9.3    11.2    14.1    17.4    19.3    20.2    19.1    17.4    15.5    13.0     5.7     2.0     1.1     2.3     4.8     5.7     5.2     5.3     7.0    10.8    17.9    28.6    38.6    45.8    58.0    66.5    70.7    73.8    70.4    61.9    62.4    49.4    38.9    29.7    20.0    21.3    16.7    13.2    10.8 -9999.0 -9999.0 -9999.0 -9999.0 -9999.0 -9999.0 -9999.0 -9999.0
 -9999.0 -9999.0 -9999.0 -9999.0 -9999.0 -9999.0 -9999.0 -9999.0 -9999.0 -9999.0 -9999.0 -9999.0 -9999.0 -9999.0 -9999.0    66.4    55.2    72.1   123.9   122.1   105.9    89.9    67.1    47.6    39.3    39.4    39.1    39.4    42.2    42.9    43.3    23.9     1.4     0.4     0.3     0.3     1.2     0.2     0.0     0.0     0.0     0.1     0.6     1.3     4.3    10.2     7.7     4.7     4.7     3.4     3.1     2.6     3.3     6.5     4.0     4.0     3.2     3.3     3.6     4.2     4.1 -9999.0 -9999.0 -9999.0 -9999.0 -9999.0 -9999.0 -9999.0 -9999.0     2.9     3.5     4.7     6.3     8.6    10.6    12.9    11.2    12.4    12.0    10.1    10.7    11.9    13.7    16.7    20.0    23.6    24.5    22.2    20.2    17.5    13.7     7.2     3.5     1.4     2.8     6.1     8.4     9.3    10.9    13.0    16.4    21.6    28.2    37.5    48.6    58.6    72.0    77.5    78.3    83.3    80.5    79.1    74.7    62.5    37.6    25.5    19.1    15.2 -9999.0 -9999.0 -9999.0 -9999.0 -9999.0 -9999.0 -9999.0 -9999.0 -9999.0 -9999.0
 -9999.0 -9999.0 -9999.0 -9999.0 -9999.0 -9999.0 -9999.0 -9999.0 -9999.0 -9999.0 -9999.0 -9999.0 -9999.0 -9999.0    85.5   126.0   133.1   102.7   110.1   100.8    70.5    37.3    33.8    33.4    25.0    25.3    25.7    12.2     7.2     5.8     7.4    15.4     5.0    11.3     5.6     1.7     1.3     0.8     0.7     0.3     0.1     0.1     0.2     0.3     0.5     1.0     1.7     4.8     5.0     4.7     4.2     3.1     3.6     2.5     1.6     2.2     1.7     1.7     1.5     2.1     2.6     2.5     2.1     1.9     1.9     2.2     1.8     1.9     1.9     2.3     3.1     4.2     6.2     9.4    12.6    15.4    15.1    14.6    15.6    14.6    15.8    16.9    18.4    21.2    25.0    26.4    27.6    24.6    23.2    20.2    17.7    12.8     2.7     1.5     3.0     8.2    13.2    15.1    16.1    19.0    19.9    21.9    25.8    30.2    40.5    55.4    68.0    74.0    78.1    85.4    82.2    87.2    83.9    72.5    52.9    34.4    22.9 -9999.0 -9999.0 -9999.0 -9999.0 -9999.0 -9999.0 -9999.0 -9999.0 -9999.0 -9999.0 -9999.0
 -9999.0 -9999.0 -9999.0 -9999.0 -9999.0 -9999.0 -9999.0 -9999.0 -9999.0 -9999.0 -9999.0 -9999.0    93.5    93.5   102.1    52.8    89.5    42.0    23.3    15.5    15.5    16.4    13.4     9.6     6.6     4.8     3.9     3.4     3.7     3.3     3.3     4.7     9.4     5.7     1.5     1.8     2.4     1.6     0.5     0.5     0.3     0.4     0.5     0.6     0.7     1.8     3.1     4.1     6.2     3.7     3.1     2.3     2.8     2.7     1.7     1.6     1.6     1.4     1.3     1.3     1.6     1.7     1.4     1.1     0.9     1.0     1.3     1.6     2.2     2.7     3.4     4.5     6.6    10.2    13.3    15.7    15.8    16.2    18.7    22.8    21.9    23.5    23.4    24.7    25.5    26.4    26.3    25.1    26.8    22.9    18.6    11.5    11.2     7.4     5.0    10.1    14.7    17.5    21.3    25.0    22.9    21.8    23.0    27.7    40.4    46.9    54.7    61.2    68.5    68.4    73.4    75.7    74.7    67.2    53.9 -9999.0 -9999.0 -9999.0 -9999.0 -9999.0 -9999.0 -9999.0 -9999.0 -9999.0 -9999.0 -9999.0 -9999.0 -9999.0
 -9999.0 -9999.0 -9999.0 -9999.0 -9999.0 -9999.0 -9999.0 -9999.0 -9999.0    73.1    89.7    79.8    74.6    42.7    17.6    12.3    10.1    11.3    11.1    10.2    10.0    10.0     8.0     5.2     3.1     2.2     1.9     1.8     1.6     1.3     1.6     6.7     5.8     2.7     2.8     4.7     1.5     0.4     0.1     0.1     0.2     0.4     0.3     0.4     0.6     1.2     2.2     2.9     3.2     4.9     2.4     1.5     1.3     2.0     4.2     2.1     1.5     1.2     1.0     1.2     1.4     1.5     1.3     0.9     0.7     1.0     1.6     2.0     3.5     5.6     3.2     4.6     8.6    16.3    23.2    27.9    27.4    23.3    28.3    26.3    24.8    25.9    26.8    25.9    25.0    23.0    27.9    23.9    25.6    17.2    16.2    13.6     8.2     7.9     9.6    13.0    15.6    17.6    20.5    25.3    24.6    20.4    21.9    30.9    41.5    48.7    48.9    46.6    48.9    58.0    60.2    60.3    59.0 -9999.0 -9999.0 -9999.0 -9999.0 -9999.0 -9999.0 -9999.0 -9999.0 -9999.0 -9999.0 -9999.0 -9999.0 -9999.0 -9999.0 -9999.0
 -9999.0 -9999.0 -9999.0 -9999.0 -9999.0    39.4    61.0    59.7    62.7    64.9    53.5    53.1    49.1    32.9    25.4    18.4    13.9    14.8    14.7    12.8    10.6     8.4     5.8     3.4     1.9     1.3     1.1     1.1     1.0     0.8     0.7     0.7     0.7     0.7     0.7     0.5     0.2     0.1     0.1     0.1     0.3     0.2     0.3     0.6     0.6     0.7     0.6     0.7     0.9     1.0     1.7     1.3     2.1     3.1     3.9     2.2     1.3     0.9     0.8     1.1     1.5     2.0     1.7     1.3     1.5     1.9     2.5     4.2     6.2     3.6     4.2     6.2    11.4    20.9    27.9    42.3    48.5    43.3    57.1    52.9    34.7    29.1    27.5    26.5    23.8    15.9    17.6    15.6    18.4    16.3    11.6    16.8    15.6    18.4    21.5    22.5    19.7    16.4 -9999.0 -9999.0    22.3    19.7    29.5    34.1    31.5    30.5    29.3    34.6    39.2 -9999.0 -9999.0 -9999.0 -9999.0 -9999.0 -9999.0 -9999.0 -9999.0 -9999.0 -9999.0 -9999.0 -9999.0 -9999.0 -9999.0 -9999.0 -9999.0 -9999.0 -9999.0 -9999.0
 -9999.0 -9999.0 -9999.0    19.9    21.5    36.9    40.2    44.9    47.7    41.6    35.6    30.4    30.0    24.3    21.7    20.3    19.8    20.5    19.5    15.8    11.6     7.9     4.9     2.7     1.5     1.0     0.8     0.7     0.9     0.7     0.7     0.6     0.6     0.6     0.5     0.4     0.3     0.2     0.1     0.1     0.1     0.1     0.1     0.3     0.5     0.6     0.6     1.1     0.9     1.4     0.8     0.5     0.6     0.9     1.3     1.4     1.7     1.3     0.9     1.0     1.2     1.6     2.0     2.6     2.6     3.3     7.0     6.1     6.2     6.5     8.2    11.0    17.9    28.3    41.0    50.7    54.0    52.7    48.1    39.7    30.8    28.1    27.8    26.8    28.8    17.3    16.8    16.1    11.3    11.2    15.8    19.2    27.3    38.0    43.3    42.2    30.6 -9999.0 -9999.0 -9999.0    19.7    22.6    20.8    23.1    22.8    23.5    22.5 -9999.0 -9999.0 -9999.0 -9999.0 -9999.0 -9999.0 -9999.0 -9999.0 -9999.0 -9999.0 -9999.0 -9999.0 -9999.0 -9999.0 -9999.0 -9999.0 -9999.0 -9999.0 -9999.0 -9999.0 -9999.0
 -9999.0 -9999.0     9.7    13.2    16.8    18.9    24.0    30.4    35.3    34.5    28.6    22.0    18.0    17.6    19.6    21.2    22.4    22.5    20.6    16.3    11.4     7.3     4.2     2.4     1.4     0.9     0.8     0.8     0.8     0.9     0.8     0.9     0.9     0.8     0.6     0.5     0.3     0.3     0.3     0.3     0.3     0.4     0.7     1.2     1.9     3.6     7.0     7.5     6.8     5.6     8.4     5.6     2.2     1.1     1.4     3.4     1.4     1.4     0.8     0.9     0.9     2.4     2.2     2.9     3.7     5.5     8.2    10.2    12.6    13.2    19.5    24.0    32.3    43.0    51.8    53.8    47.9    40.7    34.4    29.9    27.7    29.6    30.5    32.6    26.3    33.6    23.4    24.2    23.5    29.5    35.1    40.2    51.4    64.5    72.6 -9999.0 -9999.0 -9999.0 -9999.0    11.6    14.8    16.8    18.0    18.5 -9999.0 -9999.0 -9999.0 -9999.0 -9999.0 -9999.0 -9999.0 -9999.0 -9999.0 -9999.0 -9999.0 -9999.0 -9999.0 -9999.0 -9999.0 -9999.0 -9999.0 -9999.0 -9999.0 -9999.0 -9999.0 -9999.0 -9999.0 -9999.0
 -9999.0 -9999.0     7.6    11.5    20.7    15.6    16.9    23.7    27.6    26.9    21.7    16.1    13.2    13.5    16.1    19.1    20.7    20.4    17.9    13.8     9.5     5.9     3.4     2.0     1.2     0.9     0.9     0.9     1.1     1.3     1.5     1.5     1.5     1.6     1.4     2.0     2.7     2.8     1.8     1.2     0.6     1.0     2.5    10.2     2.7     4.7    11.8     6.2    15.3    14.7    18.1    37.0    40.1    38.9     9.0     4.5     1.9     5.9     1.8     2.6     3.0     2.6     3.7     4.2     5.2     7.5    11.4    18.0    27.3    26.3    34.0    43.4    55.3    66.0    71.6    65.9    50.9    38.2    32.0    30.7    30.1    31.8    41.7    46.0    38.4    33.1    41.5    48.4    50.5    59.3    67.6    68.7    74.5    80.8 -9999.0 -9999.0 -9999.0 -9999.0 -9999.0     7.6 -9999.0 -9999.0 -9999.0 -9999.0 -9999.0 -9999.0 -9999.0 -9999.0 -9999.0 -9999.0 -9999.0 -9999.0 -9999.0 -9999.0 -9999.0 -9999.0 -9999.0 -9999.0 -9999.0 -9999.0 -9999.0 -9999.0 -9999.0 -9999.0 -9999.0 -9999.0 -9999.0 -9999.0
 -9999.0 -9999.0     2.8     7.0     9.0     9.2     9.8    12.3    17.7    17.4    14.0    10.5     9.1    10.0    12.7    15.6    16.8    15.9    13.2     9.8     6.6     4.1     2.4     1.5     1.1     1.0     1.0     1.2     1.5     1.9     2.4     2.9     6.2     8.0     8.2     8.4     5.9     4.6     3.8     2.3     0.8     0.7     0.6     0.9     1.2     1.8     2.7     5.2     7.4    12.0    33.9    28.7    38.9    63.6    64.6    56.7    14.2     6.9    10.2    10.3     3.0     4.1     5.2     5.7     6.8     9.5    14.8    28.8    32.7    41.2    51.8    61.2    73.0    84.7    88.7    78.7    57.3    42.0    43.3    47.0    49.9    39.2    52.5    67.5    36.3    38.7    51.8    62.2    64.8    65.4    68.7 -9999.0 -9999.0 -9999.0 -9999.0 -9999.0 -9999.0 -9999.0 -9999.0 -9999.0 -9999.0 -9999.0 -9999.0 -9999.0 -9999.0 -9999.0 -9999.0 -9999.0 -9999.0 -9999.0 -9999.0 -9999.0 -9999.0 -9999.0 -9999.0 -9999.0 -9999.0 -9999.0 -9999.0 -9999.0 -9999.0 -9999.0 -9999.0 -9999.0 -9999.0 -9999.0 -9999.0 -9999.0
 -9999.0 -9999.0 -9999.0     3.3     2.6     5.3     6.7     7.2     7.2     8.7     7.8     6.1     5.7     7.0     9.7    12.1    12.5    10.8     8.2     5.7     3.8     2.4     1.5     1.1     0.9     1.0     1.2     1.6     2.2     3.0     4.4     6.0     7.2     9.5    10.8     8.7     6.0     4.1     3.1     1.5     0.9     0.6     0.5     0.5     0.6     0.8     3.0     6.1    14.2    17.2    22.0    30.4    43.5    69.3    71.4    83.6    70.6    57.4    43.8    17.8     8.7     6.8     7.7     7.9     8.7    11.2    17.4    31.1    37.6    51.8    63.7    67.9    75.2    81.0    84.8    75.2    55.4    44.0    56.6    58.7    66.3    60.2    81.8    53.7    35.2    30.7    37.5    47.1    48.9    46.5    50.5    57.3 -9999.0 -9999.0 -9999.0 -9999.0 -9999.0 -9999.0 -9999.0 -9999.0 -9999.0 -9999.0 -9999.0 -9999.0 -9999.0 -9999.0 -9999.0 -9999.0 -9999.0 -9999.0 -9999.0 -9999.0 -9999.0 -9999.0 -9999.0 -9999.0 -9999.0 -9999.0 -9999.0 -9999.0 -9999.0 -9999.0 -9999.0 -9999.0 -9999.0 -9999.0 -9999.0 -9999.0
 -9999.0 -9999.0 -9999.0 -9999.0 -9999.0     1.1     1.3     2.1     3.8     3.4     3.5     3.0     3.2     4.7     7.3     9.2     8.6     6.3     4.2     2.7     1.6     1.1     0.9     0.8     0.8     0.9     1.3     1.8     2.2     3.1     4.5     5.9     7.3     8.3    10.7     8.6     8.0     6.4     3.7     2.0     1.2     0.8     0.6     0.5     0.5     0.5     0.6     4.6     6.3    17.0    19.0    38.3    44.6    53.1    71.4    83.3    92.5    94.9    82.9    71.0    45.9    13.8    12.9    12.0    13.4    16.4    22.5    30.0    39.5    53.5    64.8    65.7    64.0    62.8    62.9    55.2    44.4    39.5    56.4    74.7    82.9    67.6    93.1    75.4    43.0    25.8    25.6    28.4    29.6    32.0    39.5    47.7    51.3    49.8 -9999.0 -9999.0 -9999.0    40.1 -9999.0 -9999.0 -9999.0 -9999.0 -9999.0 -9999.0 -9999.0 -9999.0 -9999.0 -9999.0 -9999.0 -9999.0 -9999.0 -9999.0 -9999.0 -9999.0 -9999.0 -9999.0 -9999.0 -9999.0 -9999.0 -9999.0 -9999.0 -9999.0 -9999.0 -9999.0 -9999.0 -9999.0 -9999.0 -9999.0
 -9999.0 -9999.0 -9999.0 -9999.0     0.2     0.6     1.8     1.0     1.3     1.1     1.3     1.4     1.7     3.0     5.2     6.4     5.2     3.1     1.7     1.0     0.7     0.6     0.6     0.5     0.6     0.6     0.9     2.0     1.9     2.9     4.2     5.6     6.9     8.3     8.5     8.5     7.7     9.9     7.9     4.3     2.0     1.2     0.9     0.7     0.6     0.5     0.5     0.9     2.7     4.2     8.1    20.5    35.9    56.3    50.0    61.4    67.3    90.8    92.2    94.4    75.9    46.8    29.1    21.7    22.1    30.4    40.5    37.7    57.4    63.0    67.3    68.8    62.8    54.9    48.3    41.9    39.6    43.3    68.3    64.6    69.5    90.6   100.1   111.9    50.8    30.5    27.0    25.4    27.1    33.6    43.0    51.3    53.3    49.0 -9999.0 -9999.0    50.9    55.5    66.4    49.5    52.6 -9999.0 -9999.0 -9999.0 -9999.0 -9999.0 -9999.0 -9999.0 -9999.0 -9999.0 -9999.0 -9999.0 -9999.0 -9999.0 -9999.0 -9999.0 -9999.0 -9999.0 -9999.0 -9999.0 -9999.0 -9999.0 -9999.0 -9999.0 -9999.0 -9999.0 -9999.0 -9999.0
 -9999.0 -9999.0 -9999.0 -9999.0     0.1     0.1     0.5     0.3     1.9     2.2     0.6     2.3     1.6     1.9     2.0     2.2     1.7     1.2     0.7     0.5     0.4     0.3     0.3     0.3     0.5     0.8     0.8     1.2     1.8     2.7     3.9     5.3     6.7     7.8     8.8     8.8     9.6    10.4     7.3     4.6     5.7     2.2     1.7     1.2     0.9     0.7     0.6     0.7     1.1     2.6     5.0     9.7    31.7    35.0    42.3    58.3    70.2    85.1    96.6    62.5    80.0    48.3    40.9    37.5    38.6    45.3    59.5    60.0    64.4    80.8    73.6    69.5    59.6    51.6    43.8    44.9    47.1    61.0    66.9    63.8    77.9    70.7    90.1    73.8    53.2    41.8    37.2    36.9    41.8    50.3    59.1    65.5    65.3    58.6    52.2    53.5    57.3    62.4    66.8 -9999.0 -9999.0 -9999.0 -9999.0 -9999.0 -9999.0 -9999.0 -9999.0 -9999.0 -9999.0 -9999.0 -9999.0 -9999.0 -9999.0 -9999.0 -9999.0 -9999.0 -9999.0 -9999.0 -9999.0 -9999.0 -9999.0 -9999.0 -9999.0 -9999.0 -9999.0 -9999.0 -9999.0 -9999.0
 -9999.0 -9999.0 -9999.0 -9999.0 -9999.0 -9999.0 -9999.0     0.2     0.4     0.4     1.7     2.0     1.0     1.5     1.5     1.0     0.8     0.5     0.4     0.3     0.3     0.4     0.4     0.4     0.4     0.5     0.7     1.0     1.6     2.5     3.6     5.0     6.4     7.7     9.1     9.2    10.7    10.0    11.9    12.3     6.1    13.8    11.9     6.9     3.5     1.7     2.2     1.9     3.3     2.6     3.7     7.3    18.3    54.6    63.7    59.9    69.5    78.6   107.3    87.6    92.8    60.1    52.4    51.8    59.1    64.8    75.1    79.9    78.6    82.4    77.1    70.9    73.1    70.6    65.4    74.3    72.6    83.3    84.2    67.8    73.2    63.1    55.0    50.8    51.0    48.5    47.5    55.3    66.8    76.8    79.8    76.9    69.2    59.0    52.5    52.7    57.7 -9999.0 -9999.0 -9999.0 -9999.0 -9999.0 -9999.0 -9999.0 -9999.0 -9999.0 -9999.0 -9999.0 -9999.0 -9999.0 -9999.0 -9999.0 -9999.0 -9999.0 -9999.0 -9999.0 -9999.0 -9999.0 -9999.0 -9999.0 -9999.0 -9999.0 -9999.0 -9999.0 -9999.0 -9999.0 -9999.0 -9999.0
 -9999.0 -9999.0 -9999.0 -9999.0 -9999.0 -9999.0 -9999.0     0.3     0.1     0.4     0.6     0.6     0.9     1.7     1.2     2.1     0.9     0.7     0.8     0.4     0.4     0.4     0.3     0.3     0.4     0.4     0.6     0.9     1.4     2.2     3.3     4.5     5.9     7.6     8.4     9.2     9.3    10.6    10.6    10.1    10.9    11.3    13.1    21.3    10.9     6.2     8.4     9.5    19.3    15.2    32.9    31.0    21.9    38.3    63.1    69.5    89.2   107.1   111.8   106.4    93.5    78.7    64.8    67.0    71.0    79.3    82.8    80.1    80.9    81.4    80.5    83.2    93.5    97.3    90.0   113.1   116.7    99.7    75.8    77.2    86.3    65.3    60.8    36.7    41.2    51.4    61.1    75.6    91.8    99.5    93.1    78.3    63.1    52.2    47.6    55.4 -9999.0 -9999.0 -9999.0 -9999.0 -9999.0 -9999.0 -9999.0 -9999.0 -9999.0 -9999.0 -9999.0 -9999.0 -9999.0 -9999.0 -9999.0 -9999.0 -9999.0 -9999.0 -9999.0 -9999.0 -9999.0 -9999.0 -9999.0 -9999.0 -9999.0 -9999.0 -9999.0 -9999.0 -9999.0 -9999.0 -9999.0 -9999.0
 -9999.0 -9999.0 -9999.0 -9999.0 -9999.0 -9999.0 -9999.0 -9999.0 -9999.0     0.2     0.3     0.3     0.7     0.8     0.7     0.7     0.8     1.2     0.6     0.6     0.4     0.3     0.3     0.3     0.3     0.4     0.5     0.7     1.2     1.9     3.0     4.1     5.4     6.8     7.6     8.3     8.6     9.3     8.9    10.0     9.6    11.9    12.7    13.1    18.2    20.2    22.5    23.3    25.5    25.9    31.2    27.6    28.2    36.3    59.1    67.9    90.1   107.2   104.0   100.7    93.7    88.8    86.0    72.1    85.7    88.6    83.2    77.5    73.5    79.2    81.7    84.6    97.7   108.3   117.4    99.1    90.6    80.1    70.7    72.7    83.5    71.6    36.8    33.0    44.4    62.0    78.0    91.9   104.0   106.7    93.9    73.0    56.1    48.9    56.4 -9999.0 -9999.0 -9999.0 -9999.0 -9999.0 -9999.0 -9999.0 -9999.0 -9999.0 -9999.0 -9999.0 -9999.0 -9999.0 -9999.0 -9999.0 -9999.0 -9999.0 -9999.0 -9999.0 -9999.0 -9999.0 -9999.0 -9999.0 -9999.0 -9999.0 -9999.0 -9999.0 -9999.0 -9999.0 -9999.0 -9999.0 -9999.0 -9999.0
 -9999.0 -9999.0 -9999.0 -9999.0 -9999.0 -9999.0 -9999.0 -9999.0 -9999.0 -9999.0 -9999.0     0.4     0.3     0.7     0.6     0.7     0.6     0.5     0.5     0.4     0.4     0.3     0.3     0.3     0.3     0.4     0.5     0.6     1.0     1.7     2.6     3.6     4.9     6.1     7.1     8.8     8.3     8.5    12.8     9.1    11.5    11.0    11.8    14.0    25.9    23.9    39.3    35.3    40.1    37.1    28.4    28.7    32.4    44.9    60.7    64.0    72.6    82.9    90.6    92.5    92.2    88.1    83.9    87.7    99.9    82.9    82.4    81.2    74.1    74.4    77.1    82.5    85.9    89.6    79.9    73.0    63.2    73.4    67.0    75.7    70.4    63.2    58.1    51.8    60.1    74.0    87.5    93.8    96.5    95.6    85.6    68.8    54.0    52.4    67.6 -9999.0 -9999.0 -9999.0 -9999.0 -9999.0 -9999.0 -9999.0 -9999.0 -9999.0 -9999.0 -9999.0 -9999.0 -9999.0 -9999.0 -9999.0 -9999.0 -9999.0 -9999.0 -9999.0 -9999.0 -9999.0 -9999.0 -9999.0 -9999.0 -9999.0 -9999.0 -9999.0 -9999.0 -9999.0 -9999.0 -9999.0 -9999.0 -9999.0
 -9999.0 -9999.0 -9999.0 -9999.0 -9999.0 -9999.0 -9999.0 -9999.0 -9999.0 -9999.0 -9999.0 -9999.0     0.3     0.4     0.6     0.5     0.7     0.5     0.5     0.5     0.3     0.3     0.3     0.3     0.3     0.4     0.5     0.6     0.9     1.3     2.2     3.2     4.4     5.6     6.9     7.6    10.0     8.3     7.2     6.5     6.8     8.3    11.0    17.7    23.6    32.8    44.1    40.0    44.0    43.7    50.5    46.0    41.1    45.1    57.1    64.2    66.9    72.3    82.1    83.9    91.1    94.4    96.0    94.3    88.6   101.3    87.5    87.8    81.7    77.6    73.3    66.5    65.2    65.9    71.0   115.4    88.3    90.3    77.6   136.8    96.3    87.7    80.9    70.7    69.0    71.5    76.5    79.0    78.8    78.1    73.9    64.6    55.2    57.2    70.5    84.0    87.6 -9999.0 -9999.0 -9999.0 -9999.0 -9999.0 -9999.0 -9999.0 -9999.0 -9999.0 -9999.0 -9999.0 -9999.0 -9999.0 -9999.0 -9999.0 -9999.0 -9999.0 -9999.0 -9999.0 -9999.0 -9999.0 -9999.0 -9999.0 -9999.0 -9999.0 -9999.0 -9999.0 -9999.0 -9999.0 -9999.0 -9999.0
 -9999.0 -9999.0 -9999.0 -9999.0 -9999.0 -9999.0 -9999.0 -9999.0 -9999.0 -9999.0 -9999.0 -9999.0     0.3     0.3     0.4     0.5     0.5     0.5     0.5     0.4     0.3     0.3     0.3     0.3     0.4     0.4     0.5     0.7     0.8     1.4     1.8     2.5     3.7     4.9     6.1     6.8     8.5     9.0     7.8     6.9     5.9     7.0    14.2    15.2    27.3    41.9    43.5    46.6    40.0    49.1    45.7    48.4    44.0    54.7    57.5    67.1    68.2    71.3    77.2    85.0    92.3    94.3    97.7   101.8    74.4    86.2    80.7    95.2    96.3    86.0    88.0   101.5   108.9    90.5    85.3    76.0    74.4   119.3   126.6   129.2   165.8    85.6    84.5    78.3    70.1    62.5    59.8    63.5    63.9    62.8    61.8    57.6    52.2    53.8    63.2    74.6    81.0 -9999.0 -9999.0 -9999.0 -9999.0 -9999.0 -9999.0 -9999.0 -9999.0 -9999.0 -9999.0 -9999.0 -9999.0 -9999.0 -9999.0 -9999.0 -9999.0 -9999.0 -9999.0 -9999.0 -9999.0 -9999.0 -9999.0 -9999.0 -9999.0 -9999.0 -9999.0 -9999.0 -9999.0 -9999.0 -9999.0 -9999.0
 -9999.0 -9999.0 -9999.0 -9999.0 -9999.0 -9999.0 -9999.0 -9999.0 -9999.0 -9999.0 -9999.0 -9999.0 -9999.0     0.3     0.5     0.5     0.5     0.5     0.5     0.4     0.4     0.3     0.3     0.3     0.3     0.3     0.3     0.4     0.6     0.9     1.7     2.5     3.0     4.2     5.2     6.0     6.5     7.3    13.0     8.9     8.1    11.1    13.6    24.6    28.0    35.0    50.0    61.5    65.0    60.7    55.9    46.9    48.6    74.5    73.3    75.2    77.5    80.8    84.5    86.2    93.6    97.3    98.6    81.3    61.0    71.8    85.9    98.9   102.9    97.1    94.5    95.5    97.4    90.3    94.4    84.6    91.2    99.4    85.9    76.5   128.1    91.3    91.4    86.8    77.6    68.5    65.1    65.8    60.7    51.9    47.3    45.4    44.6    47.0    52.9    61.8    70.4 -9999.0 -9999.0 -9999.0 -9999.0 -9999.0 -9999.0 -9999.0 -9999.0 -9999.0 -9999.0 -9999.0 -9999.0 -9999.0 -9999.0 -9999.0 -9999.0 -9999.0 -9999.0 -9999.0 -9999.0 -9999.0 -9999.0 -9999.0 -9999.0 -9999.0 -9999.0 -9999.0 -9999.0 -9999.0 -9999.0 -9999.0
 -9999.0 -9999.0 -9999.0 -9999.0 -9999.0 -9999.0 -9999.0 -9999.0 -9999.0 -9999.0 -9999.0 -9999.0     0.1     0.3     0.4     0.5     0.5     0.5     0.5     0.5     0.4     0.4     0.3     0.4     0.4     0.3     0.4     0.5     0.6     0.8     1.3     2.3     2.4     3.6     4.5     5.3     6.6     5.5     5.4     6.0    12.8    21.3    30.8    20.7    32.6    43.6    49.9    52.9    60.6    61.6    68.5    74.8    61.6    73.4    75.0    81.0    88.5    96.0    96.1   101.8   103.7   106.9   104.3   109.7    91.0    84.4    95.6   102.2   110.5   115.2   116.3   115.5   101.6    81.4    79.5    82.3    84.7    98.4   100.0    84.6    84.7    96.5   104.2   101.3    93.6    90.5    90.0    84.8    68.8    49.1    39.7    37.8    40.0    46.4    51.4    57.6    65.3    71.4 -9999.0 -9999.0 -9999.0 -9999.0 -9999.0 -9999.0 -9999.0 -9999.0 -9999.0 -9999.0 -9999.0 -9999.0 -9999.0 -9999.0 -9999.0 -9999.0 -9999.0 -9999.0 -9999.0 -9999.0 -9999.0 -9999.0 -9999.0 -9999.0 -9999.0 -9999.0 -9999.0 -9999.0 -9999.0 -9999.0
 -9999.0 -9999.0 -9999.0 -9999.0 -9999.0 -9999.0 -9999.0 -9999.0 -9999.0 -9999.0 -9999.0 -9999.0     0.1     0.2     0.3     0.4     0.4     0.5     0.5     0.4     0.5     0.4     0.3     0.4     0.5     0.5     0.6     0.6     0.7     1.2     1.7     1.9     2.0     3.5     4.1     4.6     4.6     4.7     4.6     4.0     6.2     9.1    14.8    24.0    34.6    47.1    64.7    67.8    69.1    56.1    57.6    71.7    65.9    70.4    78.6    83.6    92.0   100.2   107.3   114.4   122.0   130.8   117.9   105.5    99.4   103.9   108.1   113.3   106.2   105.9   114.2   118.6   113.1   108.8   105.9   107.6   109.7   133.3   138.9   106.1   100.8   108.3   119.2   118.7   108.7   112.1   114.1   108.1    91.6    68.2    53.9    50.2    53.3    62.1    66.1    69.2    73.6    79.5    80.5 -9999.0 -9999.0 -9999.0 -9999.0 -9999.0 -9999.0 -9999.0 -9999.0 -9999.0 -9999.0 -9999.0 -9999.0 -9999.0 -9999.0 -9999.0 -9999.0 -9999.0 -9999.0 -9999.0 -9999.0 -9999.0 -9999.0 -9999.0 -9999.0 -9999.0 -9999.0 -9999.0 -9999.0 -9999.0
 -9999.0 -9999.0 -9999.0 -9999.0 -9999.0 -9999.0 -9999.0 -9999.0 -9999.0 -9999.0 -9999.0 -9999.0     0.1     0.1     0.3     0.4     0.5     0.4     0.4     0.4     0.3     0.2     0.3     0.2     0.3     0.2     0.3     0.2     0.8     1.1     1.5     1.1     2.5     3.6     4.0     4.1     4.1     3.9     3.7     6.0     8.1    11.5    30.9    22.4    40.3    61.8    71.8    62.7    53.0    56.4    62.0    60.8    98.4   105.2    94.1    83.7    94.2   105.2   116.8   124.8   136.5   146.0   169.9   131.7   111.7   132.7   134.8   132.2   125.0   117.7   119.4   133.4   127.8   121.6   162.2   125.5   166.6   141.3   160.5   136.1   100.3   105.8   103.7   112.0   116.4   116.3   120.3   122.9   115.2   101.2    86.4    83.7    90.1    95.7    95.2    94.2    94.7    98.8   101.0    96.2 -9999.0 -9999.0 -9999.0 -9999.0 -9999.0 -9999.0 -9999.0 -9999.0 -9999.0 -9999.0 -9999.0 -9999.0 -9999.0 -9999.0 -9999.0 -9999.0 -9999.0 -9999.0 -9999.0 -9999.0 -9999.0 -9999.0 -9999.0 -9999.0 -9999.0 -9999.0 -9999.0 -9999.0
 -9999.0 -9999.0 -9999.0 -9999.0 -9999.0 -9999.0 -9999.0 -9999.0 -9999.0 -9999.0 -9999.0 -9999.0 -9999.0     0.1     0.2     0.3     0.3     0.4     0.3     0.3     0.2     0.3     0.2     0.2     0.3     0.3     0.4     0.6     0.5     1.5     0.8     1.4     1.7     3.1     3.4     3.8     4.4     3.9     4.9     7.2    13.5    35.7    55.0    59.3    48.4    53.3    65.9    43.3    63.7    60.7    51.9    78.2    79.6    75.6    99.0   102.2    86.0    98.1   121.3   151.2   165.1   207.8   195.7   141.3   116.4   111.2   139.0   156.0   153.0   154.0   153.0   146.6   140.3   130.5   127.6   132.3   134.8   144.9   166.6   126.8    91.7    86.2    87.3    87.0    90.5    95.0   102.4   137.4   108.9   110.7   114.0   116.8   124.4   128.7   123.7   114.7   116.2   117.4   122.2 -9999.0 -9999.0 -9999.0 -9999.0 -9999.0 -9999.0 -9999.0 -9999.0 -9999.0 -9999.0 -9999.0 -9999.0 -9999.0 -9999.0 -9999.0 -9999.0 -9999.0 -9999.0 -9999.0 -9999.0 -9999.0 -9999.0 -9999.0 -9999.0 -9999.0 -9999.0 -9999.0 -9999.0 -9999.0
 -9999.0 -9999.0 -9999.0 -9999.0 -9999.0 -9999.0 -9999.0 -9999.0 -9999.0 -9999.0 -9999.0 -9999.0 -9999.0     0.1     0.1     0.2     0.2     0.4     0.4     0.3     0.2     0.1     0.1     0.1     0.4     0.3     0.3     0.6     0.7     0.2     0.5     0.9     2.2     2.7     2.9     3.8     4.5     5.1     8.5    22.6    26.8    45.7    64.7    75.2    96.1    72.0    66.4    44.5    47.1    47.7    62.8    50.8    77.1    95.9   106.6    99.4    85.7    98.5   129.1   139.9   188.2   190.0   179.5   170.1   123.7   113.5   151.8   185.3   190.6   197.0   204.9   183.2   151.4   136.1   140.8   154.7   176.0   144.9   127.6   109.2    82.8    70.3    70.4    73.3    74.1    76.4    83.4    93.0   104.4   119.7   128.4   134.5   130.8   127.0   128.6   128.0   121.3   117.7   126.1 -9999.0 -9999.0 -9999.0 -9999.0 -9999.0 -9999.0 -9999.0 -9999.0 -9999.0 -9999.0 -9999.0 -9999.0 -9999.0 -9999.0 -9999.0 -9999.0 -9999.0 -9999.0 -9999.0 -9999.0 -9999.0 -9999.0 -9999.0 -9999.0 -9999.0 -9999.0 -9999.0 -9999.0 -9999.0
 -9999.0 -9999.0 -9999.0 -9999.0 -9999.0 -9999.0 -9999.0 -9999.0 -9999.0 -9999.0 -9999.0 -9999.0 -9999.0 -9999.0 -9999.0     0.1     0.2     0.2     0.3     0.4     0.2     0.2     0.3     0.2     0.2     0.2     0.1     0.2     0.1     0.6     0.7     1.5     1.3     2.2     3.7     5.2     8.2     8.4    12.9    22.9    42.4    63.2    79.4    85.7    71.5    61.1    65.0    40.9    48.5    30.6    43.3    80.4    67.3    78.3    58.6    82.7    88.2    81.8   135.3   174.0   183.8   195.6   236.0   198.9   156.6   148.3   178.0   209.5   209.5   221.9   232.1   194.3   158.7   141.7   147.7   179.8   187.1   207.1   142.3   105.7    87.6    78.3    77.7    79.9    79.9    80.1    87.9   104.6   122.5   138.4   144.9   138.6   125.3   113.3   120.9   132.4   125.4 -9999.0   127.8 -9999.0 -9999.0 -9999.0 -9999.0 -9999.0 -9999.0 -9999.0 -9999.0 -9999.0 -9999.0 -9999.0 -9999.0 -9999.0 -9999.0 -9999.0 -9999.0 -9999.0 -9999.0 -9999.0 -9999.0 -9999.0 -9999.0 -9999.0 -9999.0 -9999.0 -9999.0 -9999.0 -9999.0 -9999.0
 -9999.0 -9999.0 -9999.0 -9999.0 -9999.0 -9999.0 -9999.0 -9999.0 -9999.0 -9999.0 -9999.0 -9999.0 -9999.0 -9999.0 -9999.0 -9999.0 -9999.0     2.3     1.0 -9999.0     0.9     0.2     0.5     0.5     0.2     0.2     0.1     0.2     0.5     0.4     1.1     4.2     1.7     6.4     9.7     7.0    11.2    17.1    19.5    29.7    44.8    68.1    78.3    82.2    82.9    70.2    98.8    72.3    39.0    43.5    34.7    42.5    46.4    69.2    74.2    75.7    64.8   101.2   127.3   172.9   172.3   210.7   236.2   216.8   185.3   176.0   195.1   206.9   200.9   204.9   200.1   197.4   179.0   142.2   159.0   194.0   192.0   173.7   151.1   122.8   116.8   108.7   104.4   105.4   111.0   114.6   124.3   140.6   159.4   170.2   171.2   164.2   150.6   139.6   140.2   145.0   145.2   140.4   141.8   141.1   136.1 -9999.0 -9999.0 -9999.0 -9999.0 -9999.0 -9999.0 -9999.0 -9999.0 -9999.0 -9999.0 -9999.0 -9999.0 -9999.0 -9999.0 -9999.0 -9999.0 -9999.0 -9999.0 -9999.0 -9999.0 -9999.0 -9999.0 -9999.0 -9999.0 -9999.0 -9999.0 -9999.0
 -9999.0 -9999.0 -9999.0 -9999.0 -9999.0 -9999.0 -9999.0 -9999.0 -9999.0 -9999.0 -9999.0 -9999.0 -9999.0 -9999.0 -9999.0 -9999.0 -9999.0 -9999.0 -9999.0 -9999.0 -9999.0     0.5     0.3     0.1     0.2     0.9     0.8     0.8     0.7     2.8     3.0    14.3    12.2    10.3    12.8    10.2    14.1    19.0    24.7    29.6    31.6    62.4    76.3    79.1    91.6    74.7   166.7    56.6    72.7   163.4    41.6    76.3    72.6    43.3    49.8    64.5    71.0    72.0   141.0   163.6   181.7   208.8   214.8   204.7   197.6   195.8   209.3   206.1   202.1   192.0   187.1   196.3   173.9   146.3   149.4   165.3   172.9   154.7   153.9   163.4   165.3   155.3   146.3   148.0   184.2   165.3   177.9   193.9   203.5   204.0   203.8   197.5   200.8   206.4   177.2   180.8   177.3   170.5   165.2   148.7 -9999.0 -9999.0 -9999.0 -9999.0 -9999.0 -9999.0 -9999.0 -9999.0 -9999.0 -9999.0 -9999.0 -9999.0 -9999.0 -9999.0 -9999.0 -9999.0 -9999.0 -9999.0 -9999.0 -9999.0 -9999.0 -9999.0 -9999.0 -9999.0 -9999.0 -9999.0 -9999.0 -9999.0
 -9999.0 -9999.0 -9999.0 -9999.0 -9999.0 -9999.0 -9999.0 -9999.0 -9999.0 -9999.0 -9999.0 -9999.0 -9999.0 -9999.0 -9999.0 -9999.0 -9999.0 -9999.0 -9999.0 -9999.0 -9999.0 -9999.0 -9999.0     7.5     0.9     1.3     1.5     1.2     0.5     2.7     3.5     5.4     5.1     9.9    11.9    15.2    20.3    23.3    30.4    38.2    41.8    58.9    52.0    57.8    96.2   235.8   104.0    79.9    87.7    88.3    46.6    57.3    38.7    38.8    31.5    29.9    47.4    83.5    98.8   155.9   209.4   246.8   246.7   182.9   177.4   197.2   219.8   214.5   182.9   195.0   210.7   207.5   191.7   187.9   170.0   175.9   204.2   201.5   193.1   205.1   208.9   196.3   185.7   194.6   212.6   276.5   230.6   252.9   250.1   240.5   239.0   253.2   237.5   239.0   223.9   217.8   205.6   196.4   168.6 -9999.0 -9999.0 -9999.0 -9999.0 -9999.0 -9999.0 -9999.0 -9999.0 -9999.0 -9999.0 -9999.0 -9999.0 -9999.0 -9999.0 -9999.0 -9999.0 -9999.0 -9999.0 -9999.0 -9999.0 -9999.0 -9999.0 -9999.0 -9999.0 -9999.0 -9999.0 -9999.0 -9999.0 -9999.0
 -9999.0 -9999.0 -9999.0 -9999.0 -9999.0 -9999.0 -9999.0 -9999.0 -9999.0 -9999.0 -9999.0 -9999.0 -9999.0 -9999.0 -9999.0 -9999.0 -9999.0 -9999.0 -9999.0 -9999.0 -9999.0 -9999.0 -9999.0 -9999.0 -9999.0    35.7     9.6     0.4     0.6     1.0     3.3    12.9    19.4    18.1    23.4    24.2    34.4    30.3    39.0    33.1    49.3    36.5    73.0    81.5   198.5   280.0   203.4   315.4    70.1    88.6    65.8    50.1    54.1    43.8    25.6    25.8    40.0    54.4   102.4   149.0   220.1   275.8   326.8   168.9   176.9   194.7   205.9   188.2   188.4   203.1   214.5   226.2   223.7   224.8   225.3   229.3   245.8   250.9   271.4   226.9   219.4   209.3   203.0   213.2   245.9   249.1   269.3   286.9   295.6   285.7   274.6   278.7   292.6   321.3   262.9   253.9   206.8   190.9 -9999.0 -9999.0 -9999.0 -9999.0 -9999.0 -9999.0 -9999.0 -9999.0 -9999.0 -9999.0 -9999.0 -9999.0 -9999.0 -9999.0 -9999.0 -9999.0 -9999.0 -9999.0 -9999.0 -9999.0 -9999.0 -9999.0 -9999.0 -9999.0 -9999.0 -9999.0 -9999.0 -9999.0 -9999.0 -9999.0
 -9999.0 -9999.0 -9999.0 -9999.0 -9999.0 -9999.0 -9999.0 -9999.0 -9999.0 -9999.0 -9999.0 -9999.0 -9999.0 -9999.0 -9999.0 -9999.0 -9999.0 -9999.0 -9999.0 -9999.0 -9999.0 -9999.0 -9999.0 -9999.0 -9999.0 -9999.0 -9999.0    71.2    79.2    26.8    29.1    35.6    17.7    51.4    35.0    79.4    38.5    37.3    39.3    31.8    38.1    32.7   102.2   216.7   258.6   315.9   362.6   368.7   352.6   172.2   222.0   173.6    46.8    34.7    27.2    33.7    40.1    61.4    97.1   146.4   223.2   284.6   254.4   239.5   253.0   223.0   214.6   207.6   197.6   201.9   221.9   236.1   255.0   249.6   263.2   290.5   311.3   296.0   241.3   222.9   220.7   217.9   226.6   244.6   254.8   270.6   286.4   335.3   342.2   341.3   359.8   411.0   345.3   299.7   313.2   261.2   201.9 -9999.0 -9999.0 -9999.0 -9999.0 -9999.0 -9999.0 -9999.0 -9999.0 -9999.0 -9999.0 -9999.0 -9999.0 -9999.0 -9999.0 -9999.0 -9999.0 -9999.0 -9999.0 -9999.0 -9999.0 -9999.0 -9999.0 -9999.0 -9999.0 -9999.0 -9999.0 -9999.0 -9999.0 -9999.0 -9999.0 -9999.0
 -9999.0 -9999.0 -9999.0 -9999.0 -9999.0 -9999.0 -9999.0 -9999.0 -9999.0 -9999.0 -9999.0 -9999.0 -9999.0 -9999.0 -9999.0 -9999.0 -9999.0 -9999.0 -9999.0 -9999.0 -9999.0 -9999.0 -9999.0 -9999.0 -9999.0 -9999.0 -9999.0 -9999.0 -9999.0 -9999.0 -9999.0 -9999.0 -9999.0    97.8    56.0 -9999.0 -9999.0 -9999.0    86.4    44.7    66.6   108.4   102.3   266.6   336.5   361.1 -9999.0 -9999.0 -9999.0 -9999.0 -9999.0 -9999.0    81.3    48.9    34.8    39.5    53.2    77.0    99.9   155.2   222.8   270.8   284.6   258.1   232.6   238.1   250.1   247.3   224.0   217.4   238.7   240.4   251.5   271.2   285.0   337.6   345.0   297.6   249.0   242.1   257.4   273.2   279.2   281.1   288.7   283.3   287.6   330.4   385.3   394.1   402.5   399.5   355.1   302.0   294.6   222.3   179.1 -9999.0 -9999.0 -9999.0 -9999.0 -9999.0 -9999.0 -9999.0 -9999.0 -9999.0 -9999.0 -9999.0 -9999.0 -9999.0 -9999.0 -9999.0 -9999.0 -9999.0 -9999.0 -9999.0 -9999.0 -9999.0 -9999.0 -9999.0 -9999.0 -9999.0 -9999.0 -9999.0 -9999.0 -9999.0 -9999.0 -9999.0
 -9999.0 -9999.0 -9999.0 -9999.0 -9999.0 -9999.0 -9999.0 -9999.0 -9999.0 -9999.0 -9999.0 -9999.0 -9999.0 -9999.0 -9999.0 -9999.0 -9999.0 -9999.0 -9999.0 -9999.0 -9999.0 -9999.0 -9999.0 -9999.0 -9999.0 -9999.0 -9999.0 -9999.0 -9999.0 -9999.0 -9999.0 -9999.0 -9999.0 -9999.0 -9999.0 -9999.0 -9999.0 -9999.0 -9999.0   219.4   231.6   256.8   287.3   317.4 -9999.0 -9999.0 -9999.0 -9999.0 -9999.0 -9999.0 -9999.0 -9999.0    97.9    71.6    52.6    52.3    63.7    75.1    98.4   143.3   200.5   240.9   247.4   222.8   208.8   232.1   264.3   261.5   239.5   231.1   234.4   250.2   272.6   274.8   341.9   371.0   369.8   353.9   294.3   315.6   322.2   343.7   324.8   292.8   288.4   281.0   287.6   327.5   377.7   401.0   403.0   393.3   356.6   337.9   298.6   198.3 -9999.0 -9999.0 -9999.0 -9999.0 -9999.0 -9999.0 -9999.0 -9999.0 -9999.0 -9999.0 -9999.0 -9999.0 -9999.0 -9999.0 -9999.0 -9999.0 -9999.0 -9999.0 -9999.0 -9999.0 -9999.0 -9999.0 -9999.0 -9999.0 -9999.0 -9999.0 -9999.0 -9999.0 -9999.0 -9999.0 -9999.0 -9999.0
 -9999.0 -9999.0 -9999.0 -9999.0 -9999.0 -9999.0 -9999.0 -9999.0 -9999.0 -9999.0 -9999.0 -9999.0 -9999.0 -9999.0 -9999.0 -9999.0 -9999.0 -9999.0 -9999.0 -9999.0 -9999.0 -9999.0 -9999.0 -9999.0 -9999.0 -9999.0 -9999.0 -9999.0 -9999.0 -9999.0 -9999.0 -9999.0 -9999.0 -9999.0 -9999.0 -9999.0 -9999.0 -9999.0 -9999.0 -9999.0 -9999.0 -9999.0 -9999.0 -9999.0 -9999.0 -9999.0 -9999.0 -9999.0 -9999.0 -9999.0 -9999.0 -9999.0   157.7   101.3    77.1    78.3    62.2    60.7    74.8   110.3   149.2   184.8   206.5   185.3   186.5   220.2   239.2   244.9   241.3   240.9   252.8   266.4   269.9   290.5   335.4   441.9   408.1   439.3   418.5   354.0   306.8   303.5   296.1   248.3   247.8   249.4   260.1   288.4   333.8   362.7   368.0   349.2   341.0   311.0   255.5 -9999.0 -9999.0 -9999.0 -9999.0 -9999.0 -9999.0 -9999.0 -9999.0 -9999.0 -9999.0 -9999.0 -9999.0 -9999.0 -9999.0 -9999.0 -9999.0 -9999.0 -9999.0 -9999.0 -9999.0 -9999.0 -9999.0 -9999.0 -9999.0 -9999.0 -9999.0 -9999.0 -9999.0 -9999.0 -9999.0 -9999.0 -9999.0 -9999.0
 -9999.0 -9999.0 -9999.0 -9999.0 -9999.0 -9999.0 -9999.0 -9999.0 -9999.0 -9999.0 -9999.0 -9999.0 -9999.0 -9999.0 -9999.0 -9999.0 -9999.0 -9999.0 -9999.0 -9999.0 -9999.0 -9999.0 -9999.0 -9999.0 -9999.0 -9999.0 -9999.0 -9999.0 -9999.0 -9999.0 -9999.0 -9999.0 -9999.0 -9999.0 -9999.0 -9999.0 -9999.0 -9999.0 -9999.0 -9999.0 -9999.0 -9999.0 -9999.0 -9999.0 -9999.0 -9999.0 -9999.0 -9999.0 -9999.0 -9999.0 -9999.0   234.4   164.8   131.3    79.8    73.3    56.3    64.1    59.7    66.1   120.2   140.3   153.7   167.3   187.0   215.8   204.4   190.9   221.6   249.2   278.6   284.6   296.5   338.6   379.0   450.1   383.2   461.8   320.1   252.4   250.0   227.6   209.0   198.5   212.5   225.1   239.2   252.7   295.1   327.3   301.0   307.8   289.3   259.7   227.3 -9999.0 -9999.0 -9999.0 -9999.0 -9999.0 -9999.0 -9999.0 -9999.0 -9999.0 -9999.0 -9999.0 -9999.0 -9999.0 -9999.0 -9999.0 -9999.0 -9999.0 -9999.0 -9999.0 -9999.0 -9999.0 -9999.0 -9999.0 -9999.0 -9999.0 -9999.0 -9999.0 -9999.0 -9999.0 -9999.0 -9999.0 -9999.0 -9999.0
 -9999.0 -9999.0 -9999.0 -9999.0 -9999.0 -9999.0 -9999.0 -9999.0 -9999.0 -9999.0 -9999.0 -9999.0 -9999.0 -9999.0 -9999.0 -9999.0 -9999.0 -9999.0 -9999.0 -9999.0 -9999.0 -9999.0 -9999.0 -9999.0 -9999.0 -9999.0 -9999.0 -9999.0 -9999.0 -9999.0 -9999.0 -9999.0 -9999.0 -9999.0 -9999.0 -9999.0 -9999.0 -9999.0 -9999.0 -9999.0 -9999.0 -9999.0 -9999.0 -9999.0 -9999.0 -9999.0 -9999.0 -9999.0 -9999.0 -9999.0   331.8   240.8   189.5   156.6   102.7    86.8    50.3    37.9    54.7    83.7    88.1   114.0   129.7   159.5   204.0   220.1   207.0   177.9   213.8   265.8   297.9   301.9   281.7   274.0   288.4   300.7   374.6   270.2   283.9   204.5   164.3   187.1   185.5   211.9   206.7   238.8   248.7   264.8   300.2   310.3   289.7   251.4   245.2   221.5   202.9 -9999.0 -9999.0 -9999.0 -9999.0 -9999.0 -9999.0 -9999.0 -9999.0 -9999.0 -9999.0 -9999.0 -9999.0 -9999.0 -9999.0 -9999.0 -9999.0 -9999.0 -9999.0 -9999.0 -9999.0 -9999.0 -9999.0 -9999.0 -9999.0 -9999.0 -9999.0 -9999.0 -9999.0 -9999.0 -9999.0 -9999.0 -9999.0 -9999.0
 -9999.0 -9999.0 -9999.0 -9999.0 -9999.0 -9999.0 -9999.0 -9999.0 -9999.0 -9999.0 -9999.0 -9999.0 -9999.0 -9999.0 -9999.0 -9999.0 -9999.0 -9999.0 -9999.0 -9999.0 -9999.0 -9999.0 -9999.0 -9999.0 -9999.0 -9999.0 -9999.0 -9999.0 -9999.0 -9999.0 -9999.0 -9999.0 -9999.0 -9999.0 -9999.0 -9999.0 -9999.0 -9999.0 -9999.0 -9999.0 -9999.0 -9999.0 -9999.0 -9999.0 -9999.0 -9999.0 -9999.0 -9999.0 -9999.0 -9999.0   328.0   255.5   207.4   168.0   139.0    95.9    54.0    82.6    89.3    82.5    78.0    90.8   109.3   150.1   201.6   197.2   193.1   180.4   216.0   273.9   310.1   286.9   243.9   222.0   217.7   229.8   234.3   272.9   261.9   190.3   218.1   187.3   243.6   284.6   272.0   309.3   312.2   305.6   312.8   316.3   282.2   253.9   217.1   196.3 -9999.0 -9999.0 -9999.0 -9999.0 -9999.0 -9999.0 -9999.0 -9999.0 -9999.0 -9999.0 -9999.0 -9999.0 -9999.0 -9999.0 -9999.0 -9999.0 -9999.0 -9999.0 -9999.0 -9999.0 -9999.0 -9999.0 -9999.0 -9999.0 -9999.0 -9999.0 -9999.0 -9999.0 -9999.0 -9999.0 -9999.0 -9999.0 -9999.0 -9999.0
 -9999.0 -9999.0 -9999.0 -9999.0 -9999.0 -9999.0 -9999.0 -9999.0 -9999.0 -9999.0 -9999.0 -9999.0 -9999.0 -9999.0 -9999.0 -9999.0 -9999.0 -9999.0 -9999.0 -9999.0 -9999.0 -9999.0 -9999.0 -9999.0 -9999.0 -9999.0 -9999.0 -9999.0 -9999.0 -9999.0 -9999.0 -9999.0 -9999.0 -9999.0 -9999.0 -9999.0 -9999.0 -9999.0 -9999.0 -9999.0 -9999.0 -9999.0 -9999.0 -9999.0 -9999.0 -9999.0 -9999.0 -9999.0 -9999.0 -9999.0   313.1   268.4   231.5   214.0   139.1   106.8   138.3   100.4   117.1    72.0    86.4    87.1    89.4   117.5   164.0   192.2   191.4   193.0   215.5   272.4   291.0   277.2   213.6   187.5   166.8   173.5   198.7   246.5   254.3   301.1   216.5   316.1   394.5   403.1   371.8   419.1   399.6   343.1   311.7   300.1   283.8   254.1 -9999.0 -9999.0 -9999.0 -9999.0 -9999.0 -9999.0 -9999.0 -9999.0 -9999.0 -9999.0 -9999.0 -9999.0 -9999.0 -9999.0 -9999.0 -9999.0 -9999.0 -9999.0 -9999.0 -9999.0 -9999.0 -9999.0 -9999.0 -9999.0 -9999.0 -9999.0 -9999.0 -9999.0 -9999.0 -9999.0 -9999.0 -9999.0 -9999.0 -9999.0 -9999.0 -9999.0
 -9999.0 -9999.0 -9999.0 -9999.0 -9999.0 -9999.0 -9999.0 -9999.0 -9999.0 -9999.0 -9999.0 -9999.0 -9999.0 -9999.0 -9999.0 -9999.0 -9999.0 -9999.0 -9999.0 -9999.0 -9999.0 -9999.0 -9999.0 -9999.0 -9999.0 -9999.0 -9999.0 -9999.0 -9999.0 -9999.0 -9999.0 -9999.0 -9999.0 -9999.0 -9999.0 -9999.0 -9999.0 -9999.0 -9999.0 -9999.0 -9999.0 -9999.0 -9999.0 -9999.0 -9999.0 -9999.0 -9999.0 -9999.0 -9999.0 -9999.0   285.4   274.1   242.9   216.4   179.6   173.7    89.1   114.9   115.3    75.6   106.3    87.7    79.9    98.6   132.1   166.7   202.5   226.5   258.6   198.5   239.9   222.5   200.6   180.9   158.9   177.4   209.4   254.0   243.7   288.3   292.9   304.5   420.1   445.8   464.5   464.4   431.1   364.8   323.8   303.8   286.5 -9999.0 -9999.0 -9999.0 -9999.0 -9999.0 -9999.0 -9999.0 -9999.0 -9999.0 -9999.0 -9999.0 -9999.0 -9999.0 -9999.0 -9999.0 -9999.0 -9999.0 -9999.0 -9999.0 -9999.0 -9999.0 -9999.0 -9999.0 -9999.0 -9999.0 -9999.0 -9999.0 -9999.0 -9999.0 -9999.0 -9999.0 -9999.0 -9999.0 -9999.0 -9999.0 -9999.0 -9999.0
 -9999.0 -9999.0 -9999.0 -9999.0 -9999.0 -9999.0 -9999.0 -9999.0 -9999.0 -9999.0 -9999.0 -9999.0 -9999.0 -9999.0 -9999.0 -9999.0 -9999.0 -9999.0 -9999.0 -9999.0 -9999.0 -9999.0 -9999.0 -9999.0 -9999.0 -9999.0 -9999.0 -9999.0 -9999.0 -9999.0 -9999.0 -9999.0 -9999.0 -9999.0 -9999.0 -9999.0 -9999.0 -9999.0 -9999.0 -9999.0 -9999.0 -9999.0 -9999.0 -9999.0 -9999.0 -9999.0 -9999.0 -9999.0 -9999.0 -9999.0 -9999.0 -9999.0 -9999.0   228.5   185.4   143.4   127.8   137.7    75.8   101.7   224.9   136.9   139.6   145.3   143.2   161.4   203.8   208.7   239.6   224.7   193.8   180.0   183.8   180.6   160.6   183.6   230.8   263.6   272.2   262.0   247.4   280.1   334.0   377.9   391.9   406.1   397.2   372.6   303.0   286.6 -9999.0 -9999.0 -9999.0 -9999.0 -9999.0 -9999.0 -9999.0 -9999.0 -9999.0 -9999.0 -9999.0 -9999.0 -9999.0 -9999.0 -9999.0 -9999.0 -9999.0 -9999.0 -9999.0 -9999.0 -9999.0 -9999.0 -9999.0 -9999.0 -9999.0 -9999.0 -9999.0 -9999.0 -9999.0 -9999.0 -9999.0 -9999.0 -9999.0 -9999.0 -9999.0 -9999.0 -9999.0 -9999.0
 -9999.0 -9999.0 -9999.0 -9999.0 -9999.0 -9999.0 -9999.0 -9999.0 -9999.0 -9999.0 -9999.0 -9999.0 -9999.0 -9999.0 -9999.0 -9999.0 -9999.0 -9999.0 -9999.0 -9999.0 -9999.0 -9999.0 -9999.0 -9999.0 -9999.0 -9999.0 -9999.0 -9999.0 -9999.0 -9999.0 -9999.0 -9999.0 -9999.0 -9999.0 -9999.0 -9999.0 -9999.0 -9999.0 -9999.0 -9999.0 -9999.0 -9999.0 -9999.0 -9999.0 -9999.0 -9999.0 -9999.0 -9999.0 -9999.0 -9999.0 -9999.0 -9999.0 -9999.0   225.8   178.4   244.0   134.4   102.7   140.0   275.9   244.6   236.6   320.6   265.4   225.3   198.8   160.3   231.5   162.4   158.3   151.0   167.5   198.6   196.3   165.1   188.6   227.2   256.7   277.0   282.2   259.9   260.7   265.0 -9999.0   292.0   306.4 -9999.0 -9999.0 -9999.0 -9999.0 -9999.0 -9999.0 -9999.0 -9999.0 -9999.0 -9999.0 -9999.0 -9999.0 -9999.0 -9999.0 -9999.0 -9999.0 -9999.0 -9999.0 -9999.0 -9999.0 -9999.0 -9999.0 -9999.0 -9999.0 -9999.0 -9999.0 -9999.0 -9999.0 -9999.0 -9999.0 -9999.0 -9999.0 -9999.0 -9999.0 -9999.0 -9999.0 -9999.0 -9999.0 -9999.0 -9999.0 -9999.0 -9999.0
 -9999.0 -9999.0 -9999.0 -9999.0 -9999.0 -9999.0 -9999.0 -9999.0 -9999.0 -9999.0 -9999.0 -9999.0 -9999.0 -9999.0 -9999.0 -9999.0 -9999.0 -9999.0 -9999.0 -9999.0 -9999.0 -9999.0 -9999.0 -9999.0 -9999.0 -9999.0 -9999.0 -9999.0 -9999.0 -9999.0 -9999.0 -9999.0 -9999.0 -9999.0 -9999.0 -9999.0 -9999.0 -9999.0 -9999.0 -9999.0 -9999.0 -9999.0 -9999.0 -9999.0 -9999.0 -9999.0 -9999.0 -9999.0 -9999.0 -9999.0 -9999.0 -9999.0 -9999.0   215.4   144.5   197.6   176.4   147.7   187.7   232.8   382.4   428.8   502.7   429.1   253.6 -9999.0 -9999.0 -9999.0   181.9   139.7   178.5   241.1   277.1   255.7   216.9   235.7   259.3   280.9   385.0   397.2   408.4   386.1   348.6 -9999.0 -9999.0 -9999.0 -9999.0 -9999.0 -9999.0 -9999.0 -9999.0 -9999.0 -9999.0 -9999.0 -9999.0 -9999.0 -9999.0 -9999.0 -9999.0 -9999.0 -9999.0 -9999.0 -9999.0 -9999.0 -9999.0 -9999.0 -9999.0 -9999.0 -9999.0 -9999.0 -9999.0 -9999.0 -9999.0 -9999.0 -9999.0 -9999.0 -9999.0 -9999.0 -9999.0 -9999.0 -9999.0 -9999.0 -9999.0 -9999.0 -9999.0 -9999.0 -9999.0 -9999.0
 -9999.0 -9999.0 -9999.0 -9999.0 -9999.0 -9999.0 -9999.0 -9999.0 -9999.0 -9999.0 -9999.0 -9999.0 -9999.0 -9999.0 -9999.0 -9999.0 -9999.0 -9999.0 -9999.0 -9999.0 -9999.0 -9999.0 -9999.0 -9999.0 -9999.0 -9999.0 -9999.0 -9999.0 -9999.0 -9999.0 -9999.0 -9999.0 -9999.0 -9999.0 -9999.0 -9999.0 -9999.0 -9999.0 -9999.0 -9999.0 -9999.0 -9999.0 -9999.0 -9999.0 -9999.0 -9999.0 -9999.0 -9999.0 -9999.0 -9999.0 -9999.0 -9999.0 -9999.0 -9999.0   192.8   189.1   137.2   126.9   239.5   375.9   265.8 -9999.0 -9999.0 -9999.0 -9999.0 -9999.0 -9999.0 -9999.0   153.6   203.1   309.5   338.3   354.4   304.5   238.4   236.4   282.9   288.0   353.1 -9999.0   609.4 -9999.0 -9999.0 -9999.0 -9999.0 -9999.0 -9999.0 -9999.0 -9999.0 -9999.0 -9999.0 -9999.0 -9999.0 -9999.0 -9999.0 -9999.0 -9999.0 -9999.0 -9999.0 -9999.0 -9999.0 -9999.0 -9999.0 -9999.0 -9999.0 -9999.0 -9999.0 -9999.0 -9999.0 -9999.0 -9999.0 -9999.0 -9999.0 -9999.0 -9999.0 -9999.0 -9999.0 -9999.0 -9999.0 -9999.0 -9999.0 -9999.0 -9999.0 -9999.0 -9999.0 -9999.0 -9999.0 -9999.0
 -9999.0 -9999.0 -9999.0 -9999.0 -9999.0 -9999.0 -9999.0 -9999.0 -9999.0 -9999.0 -9999.0 -9999.0 -9999.0 -9999.0 -9999.0 -9999.0 -9999.0 -9999.0 -9999.0 -9999.0 -9999.0 -9999.0 -9999.0 -9999.0 -9999.0 -9999.0 -9999.0 -9999.0 -9999.0 -9999.0 -9999.0 -9999.0 -9999.0 -9999.0 -9999.0 -9999.0 -9999.0 -9999.0 -9999.0 -9999.0 -9999.0 -9999.0 -9999.0 -9999.0 -9999.0 -9999.0 -9999.0 -9999.0 -9999.0 -9999.0 -9999.0 -9999.0 -9999.0 -9999.0 -9999.0   165.2   288.0   195.5   179.1   289.8   315.6 -9999.0 -9999.0 -9999.0 -9999.0 -9999.0 -9999.0 -9999.0 -9999.0 -9999.0   306.7 -9999.0 -9999.0 -9999.0 -9999.0 -9999.0   193.1 -9999.0 -9999.0 -9999.0 -9999.0 -9999.0 -9999.0 -9999.0 -9999.0 -9999.0 -9999.0 -9999.0 -9999.0 -9999.0 -9999.0 -9999.0 -9999.0 -9999.0 -9999.0 -9999.0 -9999.0 -9999.0 -9999.0 -9999.0 -9999.0 -9999.0 -9999.0 -9999.0 -9999.0 -9999.0 -9999.0 -9999.0 -9999.0 -9999.0 -9999.0 -9999.0 -9999.0 -9999.0 -9999.0 -9999.0 -9999.0 -9999.0 -9999.0 -9999.0 -9999.0 -9999.0 -9999.0 -9999.0 -9999.0 -9999.0 -9999.0 -9999.0
 -9999.0 -9999.0 -9999.0 -9999.0 -9999.0 -9999.0 -9999.0 -9999.0 -9999.0 -9999.0 -9999.0 -9999.0 -9999.0 -9999.0 -9999.0 -9999.0 -9999.0 -9999.0 -9999.0 -9999.0 -9999.0 -9999.0 -9999.0 -9999.0 -9999.0 -9999.0 -9999.0 -9999.0 -9999.0 -9999.0 -9999.0 -9999.0 -9999.0 -9999.0 -9999.0 -9999.0 -9999.0 -9999.0 -9999.0 -9999.0 -9999.0 -9999.0 -9999.0 -9999.0 -9999.0 -9999.0 -9999.0 -9999.0 -9999.0 -9999.0 -9999.0 -9999.0 -9999.0 -9999.0 -9999.0 -9999.0 -9999.0 -9999.0   221.1   201.5 -9999.0 -9999.0 -9999.0 -9999.0 -9999.0 -9999.0 -9999.0 -9999.0 -9999.0 -9999.0 -9999.0 -9999.0 -9999.0 -9999.0 -9999.0   116.1   130.5 -9999.0 -9999.0 -9999.0 -9999.0 -9999.0 -9999.0 -9999.0 -9999.0 -9999.0 -9999.0 -9999.0 -9999.0 -9999.0 -9999.0 -9999.0 -9999.0 -9999.0 -9999.0 -9999.0 -9999.0 -9999.0 -9999.0 -9999.0 -9999.0 -9999.0 -9999.0 -9999.0 -9999.0 -9999.0 -9999.0 -9999.0 -9999.0 -9999.0 -9999.0 -9999.0 -9999.0 -9999.0 -9999.0 -9999.0 -9999.0 -9999.0 -9999.0 -9999.0 -9999.0 -9999.0 -9999.0 -9999.0 -9999.0 -9999.0 -9999.0 -9999.0
 -9999.0 -9999.0 -9999.0 -9999.0 -9999.0 -9999.0 -9999.0 -9999.0 -9999.0 -9999.0 -9999.0 -9999.0 -9999.0 -9999.0 -9999.0 -9999.0 -9999.0 -9999.0 -9999.0 -9999.0 -9999.0 -9999.0 -9999.0 -9999.0 -9999.0 -9999.0 -9999.0 -9999.0 -9999.0 -9999.0 -9999.0 -9999.0 -9999.0 -9999.0 -9999.0 -9999.0 -9999.0 -9999.0 -9999.0 -9999.0 -9999.0 -9999.0 -9999.0 -9999.0 -9999.0 -9999.0 -9999.0 -9999.0 -9999.0 -9999.0 -9999.0 -9999.0 -9999.0 -9999.0 -9999.0 -9999.0 -9999.0 -9999.0 -9999.0 -9999.0 -9999.0 -9999.0 -9999.0 -9999.0 -9999.0 -9999.0 -9999.0 -9999.0 -9999.0 -9999.0 -9999.0 -9999.0 -9999.0 -9999.0 -9999.0 -9999.0 -9999.0 -9999.0 -9999.0 -9999.0 -9999.0 -9999.0 -9999.0 -9999.0 -9999.0 -9999.0 -9999.0 -9999.0 -9999.0 -9999.0 -9999.0 -9999.0 -9999.0 -9999.0 -9999.0 -9999.0 -9999.0 -9999.0 -9999.0 -9999.0 -9999.0 -9999.0 -9999.0 -9999.0 -9999.0 -9999.0 -9999.0 -9999.0 -9999.0 -9999.0 -9999.0 -9999.0 -9999.0 -9999.0 -9999.0 -9999.0 -9999.0 -9999.0 -9999.0 -9999.0 -9999.0 -9999.0 -9999.0 -9999.0 -9999.0 -9999.0 -9999.0 -9999.0
 -9999.0 -9999.0 -9999.0 -9999.0 -9999.0 -9999.0 -9999.0 -9999.0 -9999.0 -9999.0 -9999.0 -9999.0 -9999.0 -9999.0 -9999.0 -9999.0 -9999.0 -9999.0 -9999.0 -9999.0 -9999.0 -9999.0 -9999.0 -9999.0 -9999.0 -9999.0 -9999.0 -9999.0 -9999.0 -9999.0 -9999.0 -9999.0 -9999.0 -9999.0 -9999.0 -9999.0 -9999.0 -9999.0 -9999.0 -9999.0 -9999.0 -9999.0 -9999.0 -9999.0 -9999.0 -9999.0 -9999.0 -9999.0 -9999.0 -9999.0 -9999.0 -9999.0 -9999.0 -9999.0 -9999.0 -9999.0 -9999.0 -9999.0 -9999.0 -9999.0 -9999.0 -9999.0 -9999.0 -9999.0 -9999.0 -9999.0 -9999.0 -9999.0 -9999.0 -9999.0 -9999.0 -9999.0 -9999.0 -9999.0 -9999.0   241.3   258.5   328.4 -9999.0 -9999.0 -9999.0 -9999.0 -9999.0 -9999.0 -9999.0 -9999.0 -9999.0 -9999.0 -9999.0 -9999.0 -9999.0 -9999.0 -9999.0 -9999.0 -9999.0 -9999.0 -9999.0 -9999.0 -9999.0 -9999.0 -9999.0 -9999.0 -9999.0 -9999.0 -9999.0 -9999.0 -9999.0 -9999.0 -9999.0 -9999.0 -9999.0 -9999.0 -9999.0 -9999.0 -9999.0 -9999.0 -9999.0 -9999.0 -9999.0 -9999.0 -9999.0 -9999.0 -9999.0 -9999.0 -9999.0 -9999.0 -9999.0 -9999.0
 -9999.0 -9999.0 -9999.0 -9999.0 -9999.0 -9999.0 -9999.0 -9999.0 -9999.0 -9999.0 -9999.0 -9999.0 -9999.0 -9999.0 -9999.0 -9999.0 -9999.0 -9999.0 -9999.0 -9999.0 -9999.0 -9999.0 -9999.0 -9999.0 -9999.0 -9999.0 -9999.0 -9999.0 -9999.0 -9999.0 -9999.0 -9999.0 -9999.0 -9999.0 -9999.0 -9999.0 -9999.0 -9999.0 -9999.0 -9999.0 -9999.0 -9999.0 -9999.0 -9999.0 -9999.0 -9999.0 -9999.0 -9999.0 -9999.0 -9999.0 -9999.0 -9999.0 -9999.0 -9999.0 -9999.0 -9999.0 -9999.0 -9999.0 -9999.0 -9999.0 -9999.0 -9999.0 -9999.0 -9999.0 -9999.0 -9999.0 -9999.0 -9999.0 -9999.0 -9999.0 -9999.0 -9999.0 -9999.0    90.1   268.5   305.1   403.1 -9999.0 -9999.0 -9999.0 -9999.0 -9999.0 -9999.0 -9999.0 -9999.0 -9999.0 -9999.0 -9999.0 -9999.0 -9999.0 -9999.0 -9999.0 -9999.0 -9999.0 -9999.0 -9999.0 -9999.0 -9999.0 -9999.0 -9999.0 -9999.0 -9999.0 -9999.0 -9999.0 -9999.0 -9999.0 -9999.0 -9999.0 -9999.0 -9999.0 -9999.0 -9999.0 -9999.0 -9999.0 -9999.0 -9999.0 -9999.0 -9999.0 -9999.0 -9999.0 -9999.0 -9999.0 -9999.0 -9999.0 -9999.0 -9999.0 -9999.0 -9999.0
 -9999.0 -9999.0 -9999.0 -9999.0 -9999.0 -9999.0 -9999.0 -9999.0 -9999.0 -9999.0 -9999.0 -9999.0 -9999.0 -9999.0 -9999.0 -9999.0 -9999.0 -9999.0 -9999.0 -9999.0 -9999.0 -9999.0 -9999.0 -9999.0 -9999.0 -9999.0 -9999.0 -9999.0 -9999.0 -9999.0 -9999.0 -9999.0 -9999.0 -9999.0 -9999.0 -9999.0 -9999.0 -9999.0 -9999.0 -9999.0 -9999.0 -9999.0 -9999.0 -9999.0 -9999.0 -9999.0 -9999.0 -9999.0 -9999.0 -9999.0 -9999.0 -9999.0 -9999.0 -9999.0 -9999.0 -9999.0 -9999.0 -9999.0 -9999.0 -9999.0 -9999.0 -9999.0 -9999.0 -9999.0 -9999.0 -9999.0 -9999.0 -9999.0 -9999.0 -9999.0 -9999.0 -9999.0 -9999.0 -9999.0   116.7   314.9   304.5 -9999.0 -9999.0 -9999.0 -9999.0 -9999.0 -9999.0 -9999.0 -9999.0 -9999.0 -9999.0 -9999.0 -9999.0 -9999.0 -9999.0 -9999.0 -9999.0 -9999.0 -9999.0 -9999.0 -9999.0 -9999.0 -9999.0 -9999.0 -9999.0 -9999.0 -9999.0 -9999.0 -9999.0 -9999.0 -9999.0 -9999.0 -9999.0 -9999.0 -9999.0 -9999.0 -9999.0 -9999.0 -9999.0 -9999.0 -9999.0 -9999.0 -9999.0 -9999.0 -9999.0 -9999.0 -9999.0 -9999.0 -9999.0 -9999.0 -9999.0 -9999.0
 -9999.0 -9999.0 -9999.0 -9999.0 -9999.0 -9999.0 -9999.0 -9999.0 -9999.0 -9999.0 -9999.0 -9999.0 -9999.0 -9999.0 -9999.0 -9999.0 -9999.0 -9999.0 -9999.0 -9999.0 -9999.0 -9999.0 -9999.0 -9999.0 -9999.0 -9999.0 -9999.0 -9999.0 -9999.0 -9999.0 -9999.0 -9999.0 -9999.0 -9999.0 -9999.0 -9999.0 -9999.0 -9999.0 -9999.0 -9999.0 -9999.0 -9999.0 -9999.0 -9999.0 -9999.0 -9999.0 -9999.0 -9999.0 -9999.0 -9999.0 -9999.0 -9999.0 -9999.0 -9999.0 -9999.0 -9999.0 -9999.0 -9999.0 -9999.0 -9999.0 -9999.0 -9999.0 -9999.0 -9999.0 -9999.0 -9999.0 -9999.0 -9999.0 -9999.0 -9999.0 -9999.0 -9999.0 -9999.0 -9999.0 -9999.0 -9999.0 -9999.0 -9999.0 -9999.0 -9999.0 -9999.0 -9999.0 -9999.0 -9999.0 -9999.0 -9999.0 -9999.0 -9999.0 -9999.0 -9999.0 -9999.0 -9999.0 -9999.0 -9999.0 -9999.0 -9999.0 -9999.0 -9999.0 -9999.0 -9999.0 -9999.0 -9999.0 -9999.0 -9999.0 -9999.0 -9999.0 -9999.0 -9999.0 -9999.0 -9999.0 -9999.0 -9999.0 -9999.0 -9999.0 -9999.0 -9999.0 -9999.0 -9999.0 -9999.0 -9999.0 -9999.0 -9999.0 -9999.0 -9999.0 -9999.0 -9999.0 -9999.0 -9999.0
