NCOLS      128
NROWS       72
XLLCORNER    72.000000000000    
YLLCORNER    18.000000000000    
CELLSIZE    0.50000000000000    
NODATA_VALUE   -9999.000    
 -9999.0 -9999.0 -9999.0 -9999.0 -9999.0 -9999.0 -9999.0 -9999.0 -9999.0 -9999.0 -9999.0 -9999.0 -9999.0 -9999.0 -9999.0 -9999.0 -9999.0 -9999.0 -9999.0 -9999.0 -9999.0 -9999.0 -9999.0 -9999.0 -9999.0 -9999.0 -9999.0 -9999.0 -9999.0 -9999.0 -9999.0 -9999.0 -9999.0 -9999.0 -9999.0 -9999.0 -9999.0 -9999.0 -9999.0 -9999.0 -9999.0 -9999.0 -9999.0 -9999.0 -9999.0 -9999.0 -9999.0 -9999.0 -9999.0 -9999.0 -9999.0 -9999.0 -9999.0 -9999.0 -9999.0 -9999.0 -9999.0 -9999.0 -9999.0 -9999.0 -9999.0 -9999.0 -9999.0 -9999.0 -9999.0 -9999.0 -9999.0 -9999.0 -9999.0 -9999.0 -9999.0 -9999.0 -9999.0 -9999.0 -9999.0 -9999.0 -9999.0 -9999.0 -9999.0 -9999.0 -9999.0 -9999.0 -9999.0 -9999.0 -9999.0 -9999.0 -9999.0 -9999.0 -9999.0 -9999.0 -9999.0 -9999.0 -9999.0 -9999.0 -9999.0 -9999.0 -9999.0   107.0   122.7   137.3   124.6   126.0   107.4    87.3    58.8 -9999.0 -9999.0 -9999.0 -9999.0 -9999.0 -9999.0 -9999.0 -9999.0 -9999.0 -9999.0 -9999.0 -9999.0 -9999.0 -9999.0 -9999.0 -9999.0 -9999.0 -9999.0 -9999.0 -9999.0 -9999.0 -9999.0 -9999.0
 -9999.0 -9999.0 -9999.0 -9999.0 -9999.0 -9999.0 -9999.0 -9999.0 -9999.0 -9999.0 -9999.0 -9999.0 -9999.0 -9999.0 -9999.0 -9999.0 -9999.0 -9999.0 -9999.0 -9999.0 -9999.0 -9999.0 -9999.0 -9999.0 -9999.0 -9999.0 -9999.0 -9999.0 -9999.0 -9999.0 -9999.0 -9999.0 -9999.0 -9999.0 -9999.0 -9999.0 -9999.0 -9999.0 -9999.0 -9999.0 -9999.0 -9999.0 -9999.0 -9999.0 -9999.0 -9999.0 -9999.0 -9999.0 -9999.0 -9999.0 -9999.0 -9999.0 -9999.0 -9999.0 -9999.0 -9999.0 -9999.0 -9999.0 -9999.0 -9999.0 -9999.0 -9999.0 -9999.0 -9999.0 -9999.0 -9999.0 -9999.0 -9999.0 -9999.0 -9999.0 -9999.0 -9999.0 -9999.0 -9999.0 -9999.0 -9999.0 -9999.0 -9999.0 -9999.0 -9999.0 -9999.0 -9999.0 -9999.0 -9999.0 -9999.0 -9999.0 -9999.0 -9999.0 -9999.0 -9999.0 -9999.0 -9999.0 -9999.0 -9999.0 -9999.0 -9999.0   114.3   125.6   109.6   130.2   113.4   112.3   111.3   100.5    80.8    78.0    73.4    67.5    69.1 -9999.0 -9999.0 -9999.0 -9999.0 -9999.0 -9999.0 -9999.0 -9999.0 -9999.0 -9999.0 -9999.0 -9999.0 -9999.0 -9999.0 -9999.0 -9999.0 -9999.0 -9999.0 -9999.0
 -9999.0 -9999.0 -9999.0 -9999.0 -9999.0 -9999.0 -9999.0 -9999.0 -9999.0 -9999.0 -9999.0 -9999.0 -9999.0 -9999.0 -9999.0 -9999.0 -9999.0 -9999.0 -9999.0 -9999.0 -9999.0 -9999.0 -9999.0 -9999.0 -9999.0 -9999.0 -9999.0 -9999.0 -9999.0 -9999.0 -9999.0 -9999.0 -9999.0 -9999.0 -9999.0 -9999.0 -9999.0 -9999.0 -9999.0 -9999.0 -9999.0 -9999.0 -9999.0 -9999.0 -9999.0 -9999.0 -9999.0 -9999.0 -9999.0 -9999.0 -9999.0 -9999.0 -9999.0 -9999.0 -9999.0 -9999.0 -9999.0 -9999.0 -9999.0 -9999.0 -9999.0 -9999.0 -9999.0 -9999.0 -9999.0 -9999.0 -9999.0 -9999.0 -9999.0 -9999.0 -9999.0 -9999.0 -9999.0 -9999.0 -9999.0 -9999.0 -9999.0 -9999.0 -9999.0 -9999.0 -9999.0 -9999.0 -9999.0 -9999.0 -9999.0 -9999.0 -9999.0 -9999.0 -9999.0 -9999.0 -9999.0 -9999.0 -9999.0 -9999.0 -9999.0    82.8   104.2   113.9   106.0   130.9   127.4   118.9   112.2   100.1    89.6    64.5    79.8    78.9    88.7 -9999.0 -9999.0 -9999.0 -9999.0 -9999.0 -9999.0 -9999.0 -9999.0 -9999.0 -9999.0 -9999.0 -9999.0 -9999.0 -9999.0 -9999.0 -9999.0 -9999.0 -9999.0 -9999.0
 -9999.0 -9999.0 -9999.0 -9999.0 -9999.0 -9999.0 -9999.0 -9999.0 -9999.0 -9999.0 -9999.0 -9999.0 -9999.0 -9999.0 -9999.0 -9999.0 -9999.0 -9999.0 -9999.0 -9999.0 -9999.0 -9999.0 -9999.0 -9999.0 -9999.0 -9999.0 -9999.0 -9999.0 -9999.0 -9999.0 -9999.0 -9999.0 -9999.0 -9999.0 -9999.0 -9999.0 -9999.0 -9999.0 -9999.0 -9999.0 -9999.0 -9999.0 -9999.0 -9999.0 -9999.0 -9999.0 -9999.0 -9999.0 -9999.0 -9999.0 -9999.0 -9999.0 -9999.0 -9999.0 -9999.0 -9999.0 -9999.0 -9999.0 -9999.0 -9999.0 -9999.0 -9999.0 -9999.0 -9999.0 -9999.0 -9999.0 -9999.0 -9999.0 -9999.0 -9999.0 -9999.0 -9999.0 -9999.0 -9999.0 -9999.0 -9999.0 -9999.0 -9999.0 -9999.0 -9999.0 -9999.0 -9999.0 -9999.0 -9999.0 -9999.0 -9999.0 -9999.0 -9999.0 -9999.0 -9999.0 -9999.0 -9999.0 -9999.0 -9999.0 -9999.0    97.6    86.1   141.2   123.5   112.0   100.7    93.7   115.9   110.4    98.2    89.0    96.2    96.5   110.5   118.3 -9999.0 -9999.0 -9999.0 -9999.0 -9999.0 -9999.0 -9999.0 -9999.0 -9999.0 -9999.0 -9999.0 -9999.0 -9999.0 -9999.0 -9999.0 -9999.0 -9999.0 -9999.0
 -9999.0 -9999.0 -9999.0 -9999.0 -9999.0 -9999.0 -9999.0 -9999.0 -9999.0 -9999.0 -9999.0 -9999.0 -9999.0 -9999.0 -9999.0 -9999.0 -9999.0 -9999.0 -9999.0 -9999.0 -9999.0 -9999.0 -9999.0 -9999.0 -9999.0 -9999.0 -9999.0 -9999.0 -9999.0 -9999.0 -9999.0 -9999.0 -9999.0 -9999.0 -9999.0 -9999.0 -9999.0 -9999.0 -9999.0 -9999.0 -9999.0 -9999.0 -9999.0 -9999.0 -9999.0 -9999.0 -9999.0 -9999.0 -9999.0 -9999.0 -9999.0 -9999.0 -9999.0 -9999.0 -9999.0 -9999.0 -9999.0 -9999.0 -9999.0 -9999.0 -9999.0 -9999.0 -9999.0 -9999.0 -9999.0 -9999.0 -9999.0 -9999.0 -9999.0 -9999.0 -9999.0 -9999.0 -9999.0 -9999.0 -9999.0 -9999.0 -9999.0 -9999.0 -9999.0 -9999.0 -9999.0 -9999.0 -9999.0 -9999.0 -9999.0 -9999.0 -9999.0 -9999.0 -9999.0 -9999.0 -9999.0 -9999.0 -9999.0 -9999.0 -9999.0    90.1   120.0    85.2    86.1   100.0   111.7    87.7   100.0   108.5   107.8    95.0   110.2   113.2   121.7   139.1   134.5 -9999.0 -9999.0 -9999.0 -9999.0 -9999.0 -9999.0 -9999.0 -9999.0 -9999.0 -9999.0 -9999.0 -9999.0 -9999.0 -9999.0 -9999.0 -9999.0 -9999.0
 -9999.0 -9999.0 -9999.0 -9999.0 -9999.0 -9999.0 -9999.0 -9999.0 -9999.0 -9999.0 -9999.0 -9999.0 -9999.0 -9999.0 -9999.0 -9999.0 -9999.0 -9999.0 -9999.0 -9999.0 -9999.0 -9999.0 -9999.0 -9999.0 -9999.0 -9999.0 -9999.0 -9999.0 -9999.0 -9999.0 -9999.0 -9999.0 -9999.0 -9999.0 -9999.0 -9999.0 -9999.0 -9999.0 -9999.0 -9999.0 -9999.0 -9999.0 -9999.0 -9999.0 -9999.0 -9999.0 -9999.0 -9999.0 -9999.0 -9999.0 -9999.0 -9999.0 -9999.0 -9999.0 -9999.0 -9999.0 -9999.0 -9999.0 -9999.0 -9999.0 -9999.0 -9999.0 -9999.0 -9999.0 -9999.0 -9999.0 -9999.0 -9999.0 -9999.0 -9999.0 -9999.0 -9999.0 -9999.0 -9999.0 -9999.0 -9999.0 -9999.0 -9999.0 -9999.0 -9999.0 -9999.0 -9999.0 -9999.0 -9999.0 -9999.0 -9999.0 -9999.0 -9999.0 -9999.0 -9999.0 -9999.0 -9999.0 -9999.0 -9999.0    87.3   100.3    90.6    91.3    87.6    78.7    75.2   114.6   105.5   114.9   122.5   117.1   120.2   123.7   130.1   151.6   147.4 -9999.0 -9999.0 -9999.0 -9999.0 -9999.0 -9999.0 -9999.0 -9999.0 -9999.0 -9999.0 -9999.0 -9999.0 -9999.0 -9999.0 -9999.0 -9999.0 -9999.0
 -9999.0 -9999.0 -9999.0 -9999.0 -9999.0 -9999.0 -9999.0 -9999.0 -9999.0 -9999.0 -9999.0 -9999.0 -9999.0 -9999.0 -9999.0 -9999.0 -9999.0 -9999.0 -9999.0 -9999.0 -9999.0 -9999.0 -9999.0 -9999.0 -9999.0 -9999.0 -9999.0 -9999.0 -9999.0 -9999.0 -9999.0 -9999.0 -9999.0 -9999.0 -9999.0 -9999.0 -9999.0 -9999.0 -9999.0 -9999.0 -9999.0 -9999.0 -9999.0 -9999.0 -9999.0 -9999.0 -9999.0 -9999.0 -9999.0 -9999.0 -9999.0 -9999.0 -9999.0 -9999.0 -9999.0 -9999.0 -9999.0 -9999.0 -9999.0 -9999.0 -9999.0 -9999.0 -9999.0 -9999.0 -9999.0 -9999.0 -9999.0 -9999.0 -9999.0 -9999.0 -9999.0 -9999.0 -9999.0 -9999.0 -9999.0 -9999.0 -9999.0 -9999.0 -9999.0 -9999.0 -9999.0 -9999.0 -9999.0 -9999.0 -9999.0 -9999.0 -9999.0 -9999.0 -9999.0 -9999.0 -9999.0 -9999.0 -9999.0 -9999.0    80.3    74.7    78.7    75.7    68.0    79.0    77.9    86.6   102.5   117.9   129.4   118.7   119.5   127.2   129.9   141.2   163.7   161.5 -9999.0 -9999.0 -9999.0 -9999.0 -9999.0 -9999.0 -9999.0 -9999.0 -9999.0 -9999.0 -9999.0 -9999.0 -9999.0 -9999.0 -9999.0 -9999.0
 -9999.0 -9999.0 -9999.0 -9999.0 -9999.0 -9999.0 -9999.0 -9999.0 -9999.0 -9999.0 -9999.0 -9999.0 -9999.0 -9999.0 -9999.0 -9999.0 -9999.0 -9999.0 -9999.0 -9999.0 -9999.0 -9999.0 -9999.0 -9999.0 -9999.0 -9999.0 -9999.0 -9999.0 -9999.0 -9999.0 -9999.0 -9999.0 -9999.0 -9999.0 -9999.0 -9999.0 -9999.0 -9999.0 -9999.0 -9999.0 -9999.0 -9999.0 -9999.0 -9999.0 -9999.0 -9999.0 -9999.0 -9999.0 -9999.0 -9999.0 -9999.0 -9999.0 -9999.0 -9999.0 -9999.0 -9999.0 -9999.0 -9999.0 -9999.0 -9999.0 -9999.0 -9999.0 -9999.0 -9999.0 -9999.0 -9999.0 -9999.0 -9999.0 -9999.0 -9999.0 -9999.0 -9999.0 -9999.0 -9999.0 -9999.0 -9999.0 -9999.0 -9999.0 -9999.0 -9999.0 -9999.0 -9999.0 -9999.0 -9999.0 -9999.0 -9999.0 -9999.0 -9999.0 -9999.0    51.8 -9999.0 -9999.0    76.1    71.1    89.4    90.5    82.1    73.0    63.6    61.4    94.8    94.0    98.6   117.7   116.4   109.6   112.0   106.1   121.6   133.0   162.5   164.2 -9999.0 -9999.0 -9999.0 -9999.0 -9999.0 -9999.0 -9999.0 -9999.0 -9999.0 -9999.0 -9999.0 -9999.0 -9999.0 -9999.0 -9999.0 -9999.0
 -9999.0 -9999.0 -9999.0 -9999.0 -9999.0 -9999.0 -9999.0 -9999.0 -9999.0 -9999.0 -9999.0 -9999.0 -9999.0 -9999.0 -9999.0 -9999.0 -9999.0 -9999.0 -9999.0 -9999.0 -9999.0 -9999.0 -9999.0 -9999.0 -9999.0 -9999.0 -9999.0 -9999.0 -9999.0 -9999.0 -9999.0 -9999.0 -9999.0 -9999.0 -9999.0 -9999.0 -9999.0 -9999.0 -9999.0 -9999.0 -9999.0 -9999.0 -9999.0 -9999.0 -9999.0 -9999.0 -9999.0 -9999.0 -9999.0 -9999.0 -9999.0 -9999.0 -9999.0 -9999.0 -9999.0 -9999.0 -9999.0 -9999.0 -9999.0 -9999.0 -9999.0 -9999.0 -9999.0 -9999.0 -9999.0 -9999.0 -9999.0 -9999.0 -9999.0 -9999.0 -9999.0 -9999.0 -9999.0 -9999.0 -9999.0 -9999.0 -9999.0 -9999.0 -9999.0 -9999.0 -9999.0 -9999.0 -9999.0 -9999.0 -9999.0 -9999.0 -9999.0 -9999.0    77.4    74.9    62.6    69.8    78.6    66.5    83.8    67.1    69.3    58.5    58.1    61.7    63.6    76.8    93.6    91.7    85.5    81.4    89.6   104.4   120.3   134.5   149.3   166.5   157.0   153.0   161.8   178.1 -9999.0 -9999.0 -9999.0 -9999.0 -9999.0 -9999.0 -9999.0 -9999.0 -9999.0 -9999.0 -9999.0 -9999.0
 -9999.0 -9999.0 -9999.0 -9999.0 -9999.0 -9999.0 -9999.0 -9999.0 -9999.0 -9999.0 -9999.0 -9999.0 -9999.0 -9999.0 -9999.0 -9999.0 -9999.0 -9999.0 -9999.0 -9999.0 -9999.0 -9999.0 -9999.0 -9999.0 -9999.0 -9999.0 -9999.0 -9999.0 -9999.0    46.1    59.5    64.6    62.3 -9999.0 -9999.0 -9999.0 -9999.0 -9999.0 -9999.0 -9999.0 -9999.0 -9999.0 -9999.0 -9999.0 -9999.0 -9999.0 -9999.0 -9999.0 -9999.0 -9999.0 -9999.0 -9999.0 -9999.0 -9999.0 -9999.0 -9999.0 -9999.0 -9999.0 -9999.0 -9999.0 -9999.0 -9999.0 -9999.0 -9999.0 -9999.0 -9999.0 -9999.0 -9999.0 -9999.0 -9999.0 -9999.0 -9999.0 -9999.0 -9999.0 -9999.0 -9999.0 -9999.0 -9999.0 -9999.0 -9999.0 -9999.0 -9999.0 -9999.0 -9999.0 -9999.0 -9999.0 -9999.0    87.2    85.0    77.8    72.1    80.3    73.6    74.0    75.8    78.8    63.4    60.2    40.9    49.0    66.9    83.0    80.4    83.9    63.3    59.7    75.8    98.0   112.4   131.6   148.6   158.2   149.9   155.1   163.5   191.9   210.9   211.3 -9999.0 -9999.0 -9999.0 -9999.0 -9999.0 -9999.0 -9999.0 -9999.0 -9999.0 -9999.0
 -9999.0 -9999.0 -9999.0 -9999.0 -9999.0 -9999.0 -9999.0 -9999.0 -9999.0 -9999.0 -9999.0 -9999.0 -9999.0 -9999.0 -9999.0 -9999.0 -9999.0 -9999.0 -9999.0 -9999.0 -9999.0 -9999.0 -9999.0 -9999.0 -9999.0 -9999.0 -9999.0    15.6    28.6    28.4    55.9    57.3    67.5    43.2 -9999.0 -9999.0 -9999.0 -9999.0 -9999.0 -9999.0 -9999.0 -9999.0 -9999.0 -9999.0 -9999.0 -9999.0 -9999.0 -9999.0 -9999.0 -9999.0 -9999.0 -9999.0 -9999.0 -9999.0 -9999.0 -9999.0 -9999.0 -9999.0 -9999.0 -9999.0 -9999.0 -9999.0 -9999.0 -9999.0 -9999.0 -9999.0 -9999.0 -9999.0 -9999.0 -9999.0 -9999.0 -9999.0 -9999.0 -9999.0 -9999.0 -9999.0 -9999.0 -9999.0 -9999.0 -9999.0 -9999.0 -9999.0 -9999.0 -9999.0 -9999.0 -9999.0 -9999.0    78.5    81.0    96.8    94.2    84.3    76.5    69.1    72.0    67.1    63.4    45.6    45.8    43.4    61.0    75.7    71.9    65.7    55.3    51.2    66.4    90.5   122.0   139.5   140.4   141.5   139.1   152.0   166.0   182.4   210.1   220.3 -9999.0 -9999.0 -9999.0 -9999.0 -9999.0   186.4   160.4   134.9   112.8 -9999.0
 -9999.0 -9999.0 -9999.0 -9999.0 -9999.0 -9999.0 -9999.0 -9999.0 -9999.0 -9999.0 -9999.0 -9999.0 -9999.0 -9999.0 -9999.0 -9999.0 -9999.0 -9999.0 -9999.0 -9999.0 -9999.0 -9999.0 -9999.0 -9999.0 -9999.0 -9999.0     5.8     6.0    10.7    15.8    22.5    28.2    77.2    51.7    57.5    55.5    60.6 -9999.0 -9999.0 -9999.0 -9999.0 -9999.0 -9999.0 -9999.0 -9999.0 -9999.0 -9999.0 -9999.0 -9999.0 -9999.0 -9999.0 -9999.0 -9999.0 -9999.0 -9999.0 -9999.0 -9999.0 -9999.0 -9999.0 -9999.0 -9999.0 -9999.0 -9999.0 -9999.0 -9999.0 -9999.0 -9999.0 -9999.0 -9999.0 -9999.0 -9999.0 -9999.0 -9999.0 -9999.0 -9999.0 -9999.0 -9999.0 -9999.0 -9999.0 -9999.0 -9999.0 -9999.0 -9999.0 -9999.0 -9999.0 -9999.0    86.1    91.3   101.5   108.8    96.5    89.0    79.5    74.0    74.4    61.3    56.4    43.0    39.7    58.2    67.9    79.0    75.8    61.7    56.0    57.9    77.3   102.3   124.9   131.2   129.1   135.0   145.4   168.7   173.3   197.5   236.5   242.2   223.2 -9999.0 -9999.0   231.5   215.8   191.1   164.5   136.0   116.7 -9999.0
 -9999.0 -9999.0 -9999.0 -9999.0 -9999.0 -9999.0 -9999.0 -9999.0 -9999.0 -9999.0 -9999.0 -9999.0 -9999.0 -9999.0 -9999.0 -9999.0 -9999.0 -9999.0 -9999.0 -9999.0 -9999.0 -9999.0 -9999.0 -9999.0 -9999.0 -9999.0     4.0     6.1     7.5     8.4     8.8    11.9     9.8    23.7    27.6    51.8   120.1    49.1 -9999.0 -9999.0 -9999.0 -9999.0 -9999.0 -9999.0 -9999.0 -9999.0 -9999.0 -9999.0 -9999.0 -9999.0 -9999.0 -9999.0 -9999.0 -9999.0 -9999.0 -9999.0 -9999.0 -9999.0 -9999.0 -9999.0 -9999.0 -9999.0 -9999.0 -9999.0 -9999.0 -9999.0 -9999.0 -9999.0 -9999.0 -9999.0 -9999.0 -9999.0 -9999.0 -9999.0 -9999.0 -9999.0 -9999.0 -9999.0 -9999.0 -9999.0 -9999.0 -9999.0 -9999.0 -9999.0 -9999.0 -9999.0    91.9   106.2   108.5   106.8   105.1    99.6    86.3    83.4    73.0    64.7    45.5    48.0    57.7    58.4    67.0    75.2    69.3    61.3    58.5    72.9   100.9   118.1   123.1   125.4   127.4   133.4   147.3   187.9   211.4   197.1   246.3   253.0   245.6   229.2   224.7   221.2   207.9   188.3   165.3   142.2   119.9 -9999.0
 -9999.0 -9999.0 -9999.0 -9999.0 -9999.0 -9999.0 -9999.0 -9999.0 -9999.0 -9999.0 -9999.0 -9999.0 -9999.0 -9999.0 -9999.0 -9999.0 -9999.0 -9999.0 -9999.0 -9999.0 -9999.0    28.5    29.9    17.4     9.7    11.9    18.6    24.4    16.8    10.7     6.7     6.4     4.7     4.5     8.8    13.2    62.6    64.5    88.5 -9999.0 -9999.0 -9999.0 -9999.0 -9999.0 -9999.0 -9999.0 -9999.0 -9999.0 -9999.0 -9999.0 -9999.0 -9999.0 -9999.0 -9999.0 -9999.0 -9999.0 -9999.0 -9999.0 -9999.0 -9999.0 -9999.0 -9999.0 -9999.0 -9999.0 -9999.0 -9999.0 -9999.0 -9999.0 -9999.0 -9999.0 -9999.0 -9999.0 -9999.0 -9999.0 -9999.0 -9999.0 -9999.0 -9999.0 -9999.0 -9999.0 -9999.0 -9999.0 -9999.0 -9999.0 -9999.0 -9999.0 -9999.0    89.1 -9999.0 -9999.0   111.0 -9999.0 -9999.0    91.0    84.9    67.3    47.2    53.5    60.5    45.6    57.3    54.6    57.1    54.2    60.0    79.7   113.1   124.7   132.5   130.5   136.6   148.9   161.3   178.1   205.2   220.9   250.2   251.3   231.7   206.2   194.3   196.0   189.4   177.0   159.3   138.7 -9999.0 -9999.0
 -9999.0 -9999.0 -9999.0 -9999.0 -9999.0 -9999.0 -9999.0 -9999.0 -9999.0 -9999.0 -9999.0 -9999.0 -9999.0 -9999.0 -9999.0 -9999.0 -9999.0 -9999.0 -9999.0 -9999.0 -9999.0    10.1     9.9     9.9    11.0    41.0    22.0    18.9    17.6    12.0     6.5     5.9     6.0     3.3     2.9     4.4    13.0    79.2    39.0 -9999.0 -9999.0 -9999.0 -9999.0 -9999.0 -9999.0 -9999.0 -9999.0 -9999.0 -9999.0 -9999.0 -9999.0 -9999.0 -9999.0 -9999.0 -9999.0 -9999.0 -9999.0 -9999.0 -9999.0 -9999.0 -9999.0 -9999.0 -9999.0 -9999.0 -9999.0 -9999.0 -9999.0 -9999.0 -9999.0 -9999.0 -9999.0 -9999.0 -9999.0 -9999.0 -9999.0 -9999.0 -9999.0 -9999.0 -9999.0 -9999.0 -9999.0 -9999.0 -9999.0 -9999.0 -9999.0 -9999.0 -9999.0 -9999.0 -9999.0   104.1   106.0   105.7    98.9   105.7    94.4    71.0    69.8    60.6    57.1    52.1    47.1    42.4    44.9    50.7    65.9    96.6   133.2   143.2   144.9   149.4   151.5   151.0   153.3   162.3   179.0   215.8   229.5   227.0   210.1   185.1   171.3   166.5   162.2   156.3   146.7 -9999.0 -9999.0 -9999.0
 -9999.0 -9999.0 -9999.0 -9999.0 -9999.0 -9999.0 -9999.0 -9999.0 -9999.0 -9999.0 -9999.0 -9999.0 -9999.0 -9999.0 -9999.0 -9999.0 -9999.0 -9999.0 -9999.0 -9999.0    11.1    17.4    12.4    14.1    17.2    14.1    12.1    13.4     9.1     7.5     7.7     5.2     5.8     5.4     4.1     3.9    18.3    18.3    22.4 -9999.0 -9999.0 -9999.0 -9999.0 -9999.0 -9999.0 -9999.0 -9999.0 -9999.0 -9999.0 -9999.0 -9999.0 -9999.0 -9999.0 -9999.0 -9999.0 -9999.0 -9999.0 -9999.0 -9999.0 -9999.0 -9999.0 -9999.0 -9999.0 -9999.0 -9999.0 -9999.0 -9999.0 -9999.0 -9999.0 -9999.0 -9999.0 -9999.0 -9999.0 -9999.0 -9999.0 -9999.0 -9999.0 -9999.0 -9999.0 -9999.0 -9999.0 -9999.0 -9999.0 -9999.0 -9999.0 -9999.0 -9999.0 -9999.0    81.8    88.2    94.2   104.1   105.4   110.8   102.5    81.5    69.4    49.4    47.0    44.6    38.5    39.5    43.9    53.6    72.8   103.2   132.7   135.5   132.9   137.8   137.3   137.2   135.8   144.9   162.9   179.8   190.7   186.1   171.7   157.5   146.3   138.9   135.9   133.9   128.7 -9999.0 -9999.0 -9999.0
 -9999.0 -9999.0 -9999.0 -9999.0 -9999.0 -9999.0 -9999.0 -9999.0 -9999.0 -9999.0 -9999.0 -9999.0 -9999.0 -9999.0 -9999.0 -9999.0 -9999.0 -9999.0    24.4    17.8    14.6   115.4    50.8    52.7    32.7    25.6    13.1    10.3     7.3     7.1     6.2     6.8     7.8     7.0     6.9    10.0    15.1    13.5    13.1 -9999.0 -9999.0 -9999.0 -9999.0 -9999.0 -9999.0 -9999.0 -9999.0 -9999.0 -9999.0 -9999.0 -9999.0 -9999.0 -9999.0 -9999.0 -9999.0 -9999.0 -9999.0 -9999.0 -9999.0 -9999.0 -9999.0 -9999.0 -9999.0 -9999.0 -9999.0 -9999.0 -9999.0 -9999.0 -9999.0 -9999.0 -9999.0 -9999.0 -9999.0 -9999.0 -9999.0 -9999.0 -9999.0 -9999.0 -9999.0 -9999.0 -9999.0 -9999.0 -9999.0 -9999.0    29.4    37.8    44.5    61.9    75.4    67.4    74.4    82.4   100.5   106.5    99.1    74.3    61.6    45.7    43.5    42.5    42.4    46.3    52.2    60.1    74.6    92.2   100.5   103.4   106.7   105.3   102.1   104.6   109.9   119.2   132.2   148.3   160.8   150.8   142.0   134.2   125.7   117.4   114.0   113.5 -9999.0 -9999.0 -9999.0 -9999.0
 -9999.0 -9999.0 -9999.0 -9999.0 -9999.0 -9999.0 -9999.0 -9999.0 -9999.0 -9999.0 -9999.0 -9999.0 -9999.0 -9999.0 -9999.0    11.2    38.0   103.5   140.8    48.2    62.2    19.1    59.2    21.8    14.4    13.2    15.3    12.7     8.4     7.2     7.1     7.2     8.4     8.1    14.2    18.2    17.1    91.9    42.9    27.6    36.8    40.5    38.5    39.9 -9999.0 -9999.0 -9999.0 -9999.0 -9999.0 -9999.0 -9999.0 -9999.0 -9999.0 -9999.0 -9999.0 -9999.0 -9999.0 -9999.0 -9999.0 -9999.0 -9999.0 -9999.0 -9999.0 -9999.0 -9999.0 -9999.0 -9999.0 -9999.0 -9999.0 -9999.0 -9999.0 -9999.0 -9999.0 -9999.0 -9999.0 -9999.0 -9999.0 -9999.0 -9999.0     6.2     7.1     9.7    14.3    19.0    23.9    32.4    41.4    52.8    62.0    58.1    62.5    64.3    75.8    80.5    77.6    56.9    47.0    37.7    39.8    45.4    52.1    59.6    64.8    68.7    78.1    88.2    87.1    85.3    86.5    82.3    75.5    80.1    90.1   101.4   134.5   133.3   140.7   136.8   127.4   119.7   111.2   104.3   100.6   101.8 -9999.0 -9999.0 -9999.0 -9999.0
 -9999.0 -9999.0 -9999.0 -9999.0 -9999.0 -9999.0 -9999.0 -9999.0 -9999.0 -9999.0 -9999.0 -9999.0 -9999.0 -9999.0 -9999.0    99.9    86.8   141.1    77.4    42.6     9.0     6.5     5.8     7.0     7.2     9.9    12.9    11.2     8.5     6.9     6.3     6.1     7.3     5.5     5.3     5.9     4.9    11.8     9.3    14.1    15.0     9.5    11.6    14.3    13.0    19.0    83.2 -9999.0 -9999.0 -9999.0 -9999.0 -9999.0 -9999.0 -9999.0 -9999.0 -9999.0 -9999.0 -9999.0 -9999.0 -9999.0 -9999.0 -9999.0 -9999.0 -9999.0 -9999.0 -9999.0 -9999.0 -9999.0 -9999.0 -9999.0 -9999.0 -9999.0 -9999.0 -9999.0 -9999.0 -9999.0 -9999.0 -9999.0     5.3     5.8     6.7     7.7    11.0    18.2    26.9    37.7    46.9    49.8    50.2    48.3    43.4    44.6    49.8    59.0    51.2    55.9    43.9    43.0    43.0    51.5    62.0    74.3    81.5    81.7    84.3    87.8    85.3    82.7    84.2    81.2    73.8    75.9    94.7   109.8   123.4   128.2   149.8   147.8   131.7   117.8   105.5    99.1    98.0 -9999.0 -9999.0 -9999.0 -9999.0 -9999.0
 -9999.0 -9999.0 -9999.0 -9999.0 -9999.0 -9999.0 -9999.0 -9999.0 -9999.0 -9999.0 -9999.0 -9999.0 -9999.0 -9999.0 -9999.0 -9999.0    10.1    13.2    31.0    74.9   116.2    46.7   143.6    55.7    18.9    18.1    16.6    11.8    10.1     8.2     7.1     6.1     6.6     6.5     7.0     8.0     9.0    11.6    15.7    27.4    41.3    28.4    22.3    11.8     8.4     6.5     6.3     7.5 -9999.0 -9999.0 -9999.0 -9999.0 -9999.0 -9999.0 -9999.0 -9999.0 -9999.0 -9999.0 -9999.0 -9999.0 -9999.0 -9999.0 -9999.0 -9999.0 -9999.0 -9999.0 -9999.0 -9999.0 -9999.0 -9999.0 -9999.0 -9999.0 -9999.0 -9999.0 -9999.0 -9999.0 -9999.0 -9999.0     5.8     7.1     7.4     8.3    14.2    23.5    33.5    44.7    45.8    48.2    45.9    44.2    46.9    45.9    45.3    47.7    60.4    62.9    62.5    56.6    57.5    62.7    72.4    84.5    91.5    88.4    90.4    99.3   100.8   100.0   104.7   102.6    91.7    99.3   122.0   107.6   113.3   141.6   153.8   147.7   142.0   118.7 -9999.0 -9999.0 -9999.0 -9999.0 -9999.0 -9999.0 -9999.0 -9999.0
 -9999.0 -9999.0 -9999.0 -9999.0 -9999.0 -9999.0 -9999.0 -9999.0 -9999.0 -9999.0 -9999.0 -9999.0 -9999.0 -9999.0 -9999.0 -9999.0     8.5    13.7    19.0    20.3    47.8    39.5    42.8    66.1   124.5   131.1   104.5    43.9   104.3    60.4    20.2    28.5   139.4   104.5    27.4    19.2    29.1    23.4    26.6    43.0    59.1    40.1    51.0   125.6    12.9     3.9     2.3     2.4 -9999.0 -9999.0 -9999.0 -9999.0 -9999.0 -9999.0 -9999.0 -9999.0 -9999.0 -9999.0 -9999.0 -9999.0 -9999.0 -9999.0 -9999.0 -9999.0 -9999.0 -9999.0 -9999.0 -9999.0 -9999.0 -9999.0 -9999.0 -9999.0 -9999.0 -9999.0 -9999.0 -9999.0 -9999.0    11.1     9.5     9.7    10.1    12.8    16.7    22.8    38.6    49.2    53.5    52.3    53.3    59.0    64.4    66.2    60.8    52.3    51.6    68.0    75.2    76.7    78.4    79.3    81.2    82.5    78.9    77.3    90.6   104.0   113.3   119.1   127.8   125.5   110.9   106.3   107.9   104.7   125.9   136.2   154.7   152.8   153.8 -9999.0 -9999.0 -9999.0 -9999.0 -9999.0 -9999.0 -9999.0 -9999.0 -9999.0
 -9999.0 -9999.0 -9999.0 -9999.0 -9999.0 -9999.0 -9999.0 -9999.0 -9999.0 -9999.0 -9999.0 -9999.0 -9999.0 -9999.0 -9999.0 -9999.0    89.8   113.0   126.0    49.1    28.5    31.8    87.3    57.2    58.1    65.3   147.1   145.6   103.8    95.7    89.2    62.0    29.4    21.2    38.0    46.0    27.7    13.1    13.6     8.8    16.0    24.0    30.9    77.7    60.8    15.7     3.7     1.7     3.7     5.0     3.4 -9999.0 -9999.0 -9999.0 -9999.0 -9999.0 -9999.0 -9999.0 -9999.0 -9999.0 -9999.0 -9999.0 -9999.0 -9999.0 -9999.0 -9999.0 -9999.0 -9999.0 -9999.0 -9999.0 -9999.0 -9999.0 -9999.0 -9999.0 -9999.0 -9999.0    16.4    14.9    11.8    12.6    12.1    13.1    19.5    28.0    41.0    53.2    57.0    56.7    61.2    75.3    91.5    95.7    76.4    59.8    56.0    63.1    78.8    93.3    99.3    98.9    92.8    84.4    73.1    71.5    85.3    98.0   108.5   114.6   119.7   121.5   115.9   122.8   115.8   104.4   106.4   109.1   175.6   175.5   152.9   129.9 -9999.0 -9999.0 -9999.0 -9999.0 -9999.0 -9999.0 -9999.0 -9999.0
 -9999.0 -9999.0 -9999.0 -9999.0 -9999.0 -9999.0 -9999.0 -9999.0 -9999.0 -9999.0 -9999.0 -9999.0 -9999.0 -9999.0 -9999.0    54.1    44.9    58.9   132.7   166.7   169.2   183.9   131.8    69.3    60.5   103.8   114.2    86.4    84.1   107.3   114.5    37.0     5.6     4.0     4.6     6.1    10.7     7.3     4.5     4.2     2.7     4.0     6.8     6.6     8.2    11.6     7.5     4.3     3.8     2.8     2.6     2.5     3.0     4.7     3.8     4.1     4.0     4.3     4.7     5.2     5.7 -9999.0 -9999.0 -9999.0 -9999.0 -9999.0 -9999.0 -9999.0 -9999.0     5.1     7.8    11.6    15.7    20.1    23.0    25.6    22.9    23.3    21.4    16.6    15.8    17.0    22.2    29.8    42.5    53.9    58.0    57.9    64.5    83.3   106.5   115.2   101.0    76.5    61.6    58.9    72.5    92.9   107.3   116.3   115.1   108.7    94.8    86.1    92.6   105.7   108.6   111.8   119.8   118.1   113.6   108.5   103.1   108.0    74.1    86.5   114.0   135.7 -9999.0 -9999.0 -9999.0 -9999.0 -9999.0 -9999.0 -9999.0 -9999.0 -9999.0 -9999.0
 -9999.0 -9999.0 -9999.0 -9999.0 -9999.0 -9999.0 -9999.0 -9999.0 -9999.0 -9999.0 -9999.0 -9999.0 -9999.0 -9999.0    91.2   182.8   222.1   131.5   172.6   183.5   106.8    31.2    28.9    71.8    52.2    83.9    97.0    24.8    16.2    15.2    19.3    34.6    17.8    28.0    20.0    14.9    14.6    13.1    12.1     8.6     5.9     5.1     4.5     4.0     4.1     4.5     4.6     7.6     6.8     5.8     5.1     4.2     4.7     4.2     4.0     4.7     4.6     4.9     5.2     6.1     7.4     8.7     9.8    10.5    10.2     9.1     7.3     6.2     6.7     7.8     9.9    14.3    21.0    26.8    30.8    33.1    31.9    29.7    28.5    24.6    22.8    22.6    22.2    28.9    39.3    51.7    53.7    53.3    62.0    83.4   112.4   130.7   117.6   104.7    85.6    66.3    63.9    79.1   101.1   118.4   129.9   137.0   122.5   111.3   115.5   124.4   122.4   119.5   127.9   131.9   124.9   118.7   147.5   106.3   104.3    96.8   109.6 -9999.0 -9999.0 -9999.0 -9999.0 -9999.0 -9999.0 -9999.0 -9999.0 -9999.0 -9999.0 -9999.0
 -9999.0 -9999.0 -9999.0 -9999.0 -9999.0 -9999.0 -9999.0 -9999.0 -9999.0 -9999.0 -9999.0 -9999.0   116.7   127.4   159.6    64.7   143.7    60.6    35.7    20.7    13.9     8.8     3.4     2.2     2.7     3.7     5.6     7.9    12.6    13.2    14.4    19.2    29.5    23.9    16.6    17.6    18.2    15.8    11.1    10.1     8.4     8.1     7.8     7.2     7.0     9.6    11.1    11.1    13.2     7.8     6.5     5.4     6.2     6.2     5.5     5.6     5.7     5.9     6.3     7.2     9.0    11.5    13.7    15.3    15.5    14.4    12.1    10.0     8.3     8.8    12.2    19.0    27.4    34.8    40.3    42.3    40.4    38.3    37.9    38.2    33.3    31.6    27.9    32.3    40.2    46.4    48.1    50.6    65.4    85.3   108.7   122.0   150.9   143.3   112.4    92.5    69.0    65.9    77.2    90.2    95.0   110.7   113.3   116.0   132.0   145.9   147.0   146.0   156.6   167.0   159.5   191.8   174.8   169.8   325.7 -9999.0 -9999.0 -9999.0 -9999.0 -9999.0 -9999.0 -9999.0 -9999.0 -9999.0 -9999.0 -9999.0 -9999.0 -9999.0
 -9999.0 -9999.0 -9999.0 -9999.0 -9999.0 -9999.0 -9999.0 -9999.0 -9999.0    62.3   113.0   100.6   101.9    45.5    11.4    12.6    15.5    18.7    16.1    11.5     7.1     4.0     2.2     1.7     1.9     2.8     4.5     6.4     7.8     7.9    10.4    25.8    23.5    18.3    19.3    21.8    15.8    10.7     7.5     5.8     6.4     7.1     5.6     6.1     7.3    10.2    12.3    12.5    11.8    14.2     8.0     6.4     6.5     7.7     9.8     7.3     6.5     6.5     6.9     8.6    11.2    14.8    18.5    21.0    21.7    21.3    18.5    15.1    12.4    15.2    16.3    24.7    35.5    43.7    51.7    57.8    57.4    54.3    54.3    52.5    47.8    42.0    38.5    39.2    43.8    49.2    58.2    63.0    81.2    92.3   105.9   115.7   113.8   132.9   127.8   113.0    80.1    66.8    63.9    63.3    62.0    72.7    88.3   113.0   148.2   176.0   183.6   181.0   189.3   216.7   234.5   240.3   218.9 -9999.0 -9999.0 -9999.0 -9999.0 -9999.0 -9999.0 -9999.0 -9999.0 -9999.0 -9999.0 -9999.0 -9999.0 -9999.0 -9999.0 -9999.0
 -9999.0 -9999.0 -9999.0 -9999.0 -9999.0    29.2    58.5    49.0    54.5    65.3    46.3    59.3    63.3    33.2    22.8    17.6    14.7    16.5    15.1    11.6     7.1     4.0     2.4     1.7     1.8     2.5     3.6     4.9     5.9     6.1     6.1     7.0     8.9    11.1    12.8    12.0     9.8     7.7     5.7     5.1     5.3     4.2     5.0     7.6     7.6     8.1     7.0     7.4     7.4     7.2     9.2     8.8    11.2    12.1    11.7     8.4     6.9     6.4     7.0     9.6    13.8    20.0    24.4    27.7    30.7    30.1    26.5    23.1    21.2    18.4    20.7    27.7    39.2    51.1    66.6    69.8    69.0    66.4    76.9    85.1    72.9    60.8    49.1    46.1    53.8    73.3    74.2    91.3   110.6   124.7   130.4   135.8   125.6   137.3   142.1   132.6   113.0    93.0 -9999.0 -9999.0    70.6    79.5   112.1   134.0   156.7   186.5   201.3   219.6   240.4 -9999.0 -9999.0 -9999.0 -9999.0 -9999.0 -9999.0 -9999.0 -9999.0 -9999.0 -9999.0 -9999.0 -9999.0 -9999.0 -9999.0 -9999.0 -9999.0 -9999.0 -9999.0 -9999.0
 -9999.0 -9999.0 -9999.0    23.2    20.1    39.1    36.9    39.0    41.7    16.0    10.1    12.2    25.6    13.2    10.3    12.9    15.0    16.0    15.2    12.0     8.0     4.7     3.0     2.3     2.4     2.4     3.0     3.6     5.4     5.2     5.4     6.3     8.0     9.7    10.3     9.7     8.1     6.2     4.5     3.3     2.9     2.7     2.9     4.0     5.6     6.5     7.0     9.4     8.6    10.6     8.9     8.3     9.9    10.5     9.6     8.0     7.3     6.8     7.3     9.9    14.5    20.6    27.2    33.2    35.0    34.9    36.6    30.2    28.3    27.2    27.5    31.3    43.1    58.4    69.5    74.8    71.7    68.4    73.2    83.7    85.0    73.5    64.1    60.5    73.9    97.4   110.3   132.0   135.3   157.3   196.1   183.1   151.6   147.8   155.4   156.6   153.4 -9999.0 -9999.0 -9999.0   108.6   127.5   128.9   150.1   176.5   211.3   232.3 -9999.0 -9999.0 -9999.0 -9999.0 -9999.0 -9999.0 -9999.0 -9999.0 -9999.0 -9999.0 -9999.0 -9999.0 -9999.0 -9999.0 -9999.0 -9999.0 -9999.0 -9999.0 -9999.0 -9999.0 -9999.0
 -9999.0 -9999.0    18.1    20.8    22.2    18.8    18.1    13.7     6.4     5.2     4.5     4.4     4.8     6.1     9.0    11.9    14.4    14.9    14.2    11.7     8.5     5.8     4.1     3.4     3.1     2.8     3.5     4.3     4.5     5.5     5.9     7.3     8.7     9.9    10.0     8.8     7.1     5.3     3.9     3.0     2.6     3.2     4.7     7.2     9.7    15.7    41.7    50.0    44.9    36.6    48.4    31.8    19.0    13.4    10.9    10.9     6.7     6.5     6.6     9.1    12.6    21.6    23.3    28.0    30.5    32.5    32.5    32.3    36.6    39.0    40.2    40.3    48.2    62.6    74.7    80.0    76.3    67.6    64.5    75.1    84.4    83.8    84.0    83.2   108.2   126.0   146.7   162.1   163.0   201.5   249.9   224.4   173.3   146.5   148.1 -9999.0 -9999.0 -9999.0 -9999.0   170.0   164.4   165.1   174.0   189.0 -9999.0 -9999.0 -9999.0 -9999.0 -9999.0 -9999.0 -9999.0 -9999.0 -9999.0 -9999.0 -9999.0 -9999.0 -9999.0 -9999.0 -9999.0 -9999.0 -9999.0 -9999.0 -9999.0 -9999.0 -9999.0 -9999.0 -9999.0 -9999.0
 -9999.0 -9999.0    24.2    30.8    59.3    27.3    10.1     6.3     5.1     4.4     4.3     4.3     4.6     5.8     8.1    10.8    12.3    12.6    12.0    10.3     8.1     6.4     5.4     4.2     3.7     3.4     3.6     4.2     5.0     6.3     7.6     9.0    10.7    11.5    10.8     9.5     7.9     6.7     4.8     4.0     2.9     8.0    32.8   133.8    34.3    74.1   160.1    71.2   160.7   127.2   122.4   193.0   157.9   107.5    22.7    12.2     7.0    10.9     7.7    11.7    16.0    16.7    20.1    20.7    22.1    23.2    24.3    29.5    40.3    46.0    48.2    47.6    51.6    58.8    68.5    77.7    82.7    79.1    77.7    79.6    89.2    95.1    92.1   102.1   127.5   151.5   153.2   144.3   154.0   186.7   215.2   195.1   155.4   140.2 -9999.0 -9999.0 -9999.0 -9999.0 -9999.0   228.7 -9999.0 -9999.0 -9999.0 -9999.0 -9999.0 -9999.0 -9999.0 -9999.0 -9999.0 -9999.0 -9999.0 -9999.0 -9999.0 -9999.0 -9999.0 -9999.0 -9999.0 -9999.0 -9999.0 -9999.0 -9999.0 -9999.0 -9999.0 -9999.0 -9999.0 -9999.0 -9999.0 -9999.0
 -9999.0 -9999.0    15.7    32.6    33.5    25.4    18.1    20.3     4.8     3.7     3.8     4.2     4.8     5.9     7.9     9.1    10.2     9.5     8.7     7.9     7.0     6.5     5.9     5.0     4.5     4.2     4.2     4.8     5.7     7.1     9.2    11.8    21.2    28.9    24.9    25.5    13.0    10.4    11.8     9.2     3.9     5.6     6.7    18.6    20.9    36.2    62.5   101.0   107.1   126.4   246.5   165.5   165.8   217.4   154.9    95.3    19.8    11.9    16.9    21.3    12.4    13.6    13.9    13.8    14.4    15.5    16.8    28.7    27.2    39.6    49.0    51.4    53.0    56.7    65.1    79.3    95.4   103.5    98.9   104.5   110.9   114.1   109.2   128.7   154.1   144.2   126.5   115.6   121.1   139.9   150.0 -9999.0 -9999.0 -9999.0 -9999.0 -9999.0 -9999.0 -9999.0 -9999.0 -9999.0 -9999.0 -9999.0 -9999.0 -9999.0 -9999.0 -9999.0 -9999.0 -9999.0 -9999.0 -9999.0 -9999.0 -9999.0 -9999.0 -9999.0 -9999.0 -9999.0 -9999.0 -9999.0 -9999.0 -9999.0 -9999.0 -9999.0 -9999.0 -9999.0 -9999.0 -9999.0 -9999.0 -9999.0
 -9999.0 -9999.0 -9999.0    30.4    15.5    28.1    30.4    25.9    17.4     4.6     3.0     3.6     4.6     5.7     6.6     7.2     6.9     6.2     5.7     5.6     5.5     5.8     5.7     5.2     4.8     4.6     4.7     5.4     6.9    10.4    18.2    43.8    33.6    83.0    89.1    33.9    13.3     8.4     8.1     4.4     3.7     4.1     6.2     8.8    13.9    38.2    97.2   132.6   194.0   188.9   183.8   188.7   200.1   256.5   186.3   178.4   114.3    75.9    53.1    29.9    21.6    15.1    13.6    11.2    10.0     9.7    12.4    21.7    21.6    36.7    51.3    57.4    62.1    65.5    74.5    92.5   117.7   133.8   135.0   123.5   128.6   128.6   137.5   124.4   120.7   115.0   105.8   101.7   108.9   120.8   124.0   118.2 -9999.0 -9999.0 -9999.0 -9999.0 -9999.0 -9999.0 -9999.0 -9999.0 -9999.0 -9999.0 -9999.0 -9999.0 -9999.0 -9999.0 -9999.0 -9999.0 -9999.0 -9999.0 -9999.0 -9999.0 -9999.0 -9999.0 -9999.0 -9999.0 -9999.0 -9999.0 -9999.0 -9999.0 -9999.0 -9999.0 -9999.0 -9999.0 -9999.0 -9999.0 -9999.0 -9999.0
 -9999.0 -9999.0 -9999.0 -9999.0 -9999.0    11.1     5.2     6.8    23.6     4.7     2.7     3.3     3.9     4.8     5.4     5.3     4.3     3.4     3.2     3.4     4.7     5.2     5.2     5.3     5.3     5.6     7.2     9.7    28.5    45.4    42.9    69.1    73.7    57.0   109.5    39.9    37.8    29.0    13.2     7.2     5.8     5.6     5.8     8.2    12.2    21.1    38.9   115.2   118.9   193.1   170.6   249.5   220.3   189.3   195.1   182.7   172.6   151.4   105.9    88.1    71.0    26.1    20.1    12.9    11.7    10.3    13.4    17.4    25.1    41.0    58.9    72.3    83.2    90.7   100.3   118.0   143.6   152.2   151.8   151.4   147.8   136.8   144.1   124.0   106.3   104.5   101.3   105.8   121.6   137.0   143.5   143.1   151.4   171.7 -9999.0 -9999.0 -9999.0   319.8 -9999.0 -9999.0 -9999.0 -9999.0 -9999.0 -9999.0 -9999.0 -9999.0 -9999.0 -9999.0 -9999.0 -9999.0 -9999.0 -9999.0 -9999.0 -9999.0 -9999.0 -9999.0 -9999.0 -9999.0 -9999.0 -9999.0 -9999.0 -9999.0 -9999.0 -9999.0 -9999.0 -9999.0 -9999.0 -9999.0
 -9999.0 -9999.0 -9999.0 -9999.0     6.5    20.1    40.2    16.0    16.3     3.3     7.5     7.0     6.1     4.1     3.7     3.3     2.2     1.5     1.5     2.0     2.8     3.7     4.7     6.7     9.3    15.1    22.4   173.5    72.4    86.8    98.7    83.3    75.4    87.3    54.5    50.1    40.4    87.3    65.9    32.3    13.2     8.8     9.2     8.9     9.8    11.2    16.1    32.7    55.4    54.5    80.6   155.3   195.1   221.8   133.3   123.8   109.7   133.5   116.0   127.2   106.1    77.3    54.3    22.0    12.1    23.0    32.5    24.1    48.1    57.0    73.2    96.6   116.9   128.5   130.4   135.2   147.2   148.2   170.7   121.6   117.5   136.8   135.2   152.6   115.9   112.8   109.1   119.5   142.3   165.5   181.0   187.9   196.9   207.2 -9999.0 -9999.0   255.7   251.7   215.2   263.4   239.2 -9999.0 -9999.0 -9999.0 -9999.0 -9999.0 -9999.0 -9999.0 -9999.0 -9999.0 -9999.0 -9999.0 -9999.0 -9999.0 -9999.0 -9999.0 -9999.0 -9999.0 -9999.0 -9999.0 -9999.0 -9999.0 -9999.0 -9999.0 -9999.0 -9999.0 -9999.0 -9999.0
 -9999.0 -9999.0 -9999.0 -9999.0    12.1     7.3    30.5     9.1    61.0    59.4    10.5    53.5    32.5    36.3     6.9     6.3     5.7     1.6     1.0     1.2     3.1     5.5     9.3    29.9    96.9   156.4   100.1   106.4   100.3   100.7    97.9   114.6    93.3    89.7    92.5    75.6    93.4   108.1    66.2    38.1    59.7    20.7    17.9    12.3    11.0    10.1     9.6    10.8    15.8    32.7    56.6    92.3   190.4   147.9   113.6   108.1   101.3   108.8   112.9    80.7    88.8    51.8    29.2    27.2    24.3    22.5    49.3    45.4    53.5    77.8    86.1   112.8   139.6   152.2   136.5   125.7   122.9   137.4   143.7   118.4   118.2    92.3   120.5    97.1   120.4   126.8   127.3   141.0   165.8   193.3   219.9   261.9   237.7   220.6   214.4   223.2   238.9   210.6   165.4 -9999.0 -9999.0 -9999.0 -9999.0 -9999.0 -9999.0 -9999.0 -9999.0 -9999.0 -9999.0 -9999.0 -9999.0 -9999.0 -9999.0 -9999.0 -9999.0 -9999.0 -9999.0 -9999.0 -9999.0 -9999.0 -9999.0 -9999.0 -9999.0 -9999.0 -9999.0 -9999.0 -9999.0 -9999.0
 -9999.0 -9999.0 -9999.0 -9999.0 -9999.0 -9999.0 -9999.0    11.2    29.3    19.8    74.9    79.5    36.4    51.3    53.9     4.2    17.5     4.8     3.4    11.4    43.1    84.4    98.2    94.0    92.1    93.2   109.2   116.3   119.5   137.3   132.5   127.9   120.9   126.2   136.9   113.9   138.3   120.0   145.0   143.8    69.1   144.8   123.6    77.9    42.9    18.1    27.9    23.0    40.7    31.9    43.5    74.9   127.4   248.4   202.5    92.3    73.7    72.7   109.8    84.6    86.0    45.9    25.5    28.6    46.0    46.4    64.0    71.9    66.8    78.2    92.9   120.5   141.9   143.4   124.2   111.6    95.3   103.5   115.9    87.7    83.6    64.3    58.2    62.8   105.6   135.4   151.9   173.6   203.0   237.2   283.8   323.3   308.6   247.2   210.8   224.0   242.5 -9999.0 -9999.0 -9999.0 -9999.0 -9999.0 -9999.0 -9999.0 -9999.0 -9999.0 -9999.0 -9999.0 -9999.0 -9999.0 -9999.0 -9999.0 -9999.0 -9999.0 -9999.0 -9999.0 -9999.0 -9999.0 -9999.0 -9999.0 -9999.0 -9999.0 -9999.0 -9999.0 -9999.0 -9999.0 -9999.0 -9999.0
 -9999.0 -9999.0 -9999.0 -9999.0 -9999.0 -9999.0 -9999.0    53.8     7.4    33.9    53.6    37.4    55.5    96.0    61.7   134.3    60.8    57.0   106.8    60.0    60.3    92.5    82.4    88.8    88.2    95.2    98.5   126.9   110.3   110.2   136.0   139.0   138.5   160.5   140.1   144.6   136.8   154.9   150.4   137.6   136.5   129.0   132.4   182.2   100.0    56.9    72.2    79.2   144.0   127.0   226.2   217.5   147.0   173.6   216.4   105.2    83.6    89.4   107.0   104.5    74.2    53.9    35.2    44.4    55.9    67.0    73.3    70.6    80.1    78.3   100.5   124.5   132.8   122.8   106.4   104.4    95.0    66.0    51.4    54.3    66.4    48.0    76.0    58.0   104.4   144.0   171.2   204.6   248.2   284.5   325.7   364.9   321.5   242.3   215.9   211.7 -9999.0 -9999.0 -9999.0 -9999.0 -9999.0 -9999.0 -9999.0 -9999.0 -9999.0 -9999.0 -9999.0 -9999.0 -9999.0 -9999.0 -9999.0 -9999.0 -9999.0 -9999.0 -9999.0 -9999.0 -9999.0 -9999.0 -9999.0 -9999.0 -9999.0 -9999.0 -9999.0 -9999.0 -9999.0 -9999.0 -9999.0 -9999.0
 -9999.0 -9999.0 -9999.0 -9999.0 -9999.0 -9999.0 -9999.0 -9999.0 -9999.0    26.8    28.2    25.8    63.0    62.7    49.7    42.6    67.0   147.1    85.0   130.9    90.4    69.2    70.8    77.0    81.4    83.5    99.7   108.7   104.3   139.9   113.7   131.5   139.3   157.4   141.6   147.1   149.4   164.2   156.9   164.4   148.8   152.9   140.3   127.7   146.1   143.4   143.9   140.4   149.9   158.3   192.4   184.8   173.9   160.5   202.6   125.0    88.8    92.8   123.0   112.2    93.0    79.1    67.1    52.6    73.2    77.7    72.9    69.3    87.6    90.4   108.0   125.3   124.3   110.5   102.7    89.0    65.8    43.9    37.9    40.7    46.7    48.7    71.7    93.4   122.6   152.5   174.9   206.0   249.2   270.0   271.7   280.6   254.3   227.1   211.1 -9999.0 -9999.0 -9999.0 -9999.0 -9999.0 -9999.0 -9999.0 -9999.0 -9999.0 -9999.0 -9999.0 -9999.0 -9999.0 -9999.0 -9999.0 -9999.0 -9999.0 -9999.0 -9999.0 -9999.0 -9999.0 -9999.0 -9999.0 -9999.0 -9999.0 -9999.0 -9999.0 -9999.0 -9999.0 -9999.0 -9999.0 -9999.0 -9999.0
 -9999.0 -9999.0 -9999.0 -9999.0 -9999.0 -9999.0 -9999.0 -9999.0 -9999.0 -9999.0 -9999.0    54.0    15.2    69.8    50.5    64.2    58.9    54.3    53.7    66.6    90.3    70.9    79.3    71.7   110.3    96.9   114.3   121.4   123.4   122.6   130.5   161.2   146.2   156.1   155.1   194.8   172.9   180.4   233.2   187.4   199.2   174.6   157.1   149.5   195.1   161.4   209.1   175.7   185.0   174.9   154.0   164.7   171.5   184.8   203.4   166.7   136.6   145.8   142.3   140.6   131.4    92.6    70.8    75.8    92.6    69.5    56.4    84.8   107.2   113.6   116.0   117.7   114.0   105.6   106.4   103.1    85.2    64.2    56.2    59.8    71.1    89.8   104.7   127.8   140.3   150.6   157.7   167.4   190.1   201.0   187.8   181.5   196.1   213.4   228.6 -9999.0 -9999.0 -9999.0 -9999.0 -9999.0 -9999.0 -9999.0 -9999.0 -9999.0 -9999.0 -9999.0 -9999.0 -9999.0 -9999.0 -9999.0 -9999.0 -9999.0 -9999.0 -9999.0 -9999.0 -9999.0 -9999.0 -9999.0 -9999.0 -9999.0 -9999.0 -9999.0 -9999.0 -9999.0 -9999.0 -9999.0 -9999.0 -9999.0
 -9999.0 -9999.0 -9999.0 -9999.0 -9999.0 -9999.0 -9999.0 -9999.0 -9999.0 -9999.0 -9999.0 -9999.0    16.0    18.0    56.2    38.5    96.1    58.8    61.0   107.2    47.6    60.9    67.7    63.7   150.4    87.8    85.3   119.1   121.9   159.5   142.1   146.0   154.6   180.3   188.2   185.5   228.9   200.1   190.9   183.8   181.8   179.5   177.0   193.2   194.7   206.3   220.7   182.8   179.6   172.5   197.6   195.8   177.8   159.5   163.3   168.4   168.7   182.3   153.7   181.7   162.3   126.3    95.3    86.4    98.4   126.9   103.3   143.9   160.0   147.3   120.4    99.7    91.3    95.2   101.8   172.4   126.1   117.5   107.3   130.0   124.9   144.0   153.5   159.4   145.3   130.7   121.0   115.7   132.2   154.5   158.4   155.9   169.5   190.1   211.2   218.1   230.9 -9999.0 -9999.0 -9999.0 -9999.0 -9999.0 -9999.0 -9999.0 -9999.0 -9999.0 -9999.0 -9999.0 -9999.0 -9999.0 -9999.0 -9999.0 -9999.0 -9999.0 -9999.0 -9999.0 -9999.0 -9999.0 -9999.0 -9999.0 -9999.0 -9999.0 -9999.0 -9999.0 -9999.0 -9999.0 -9999.0 -9999.0
 -9999.0 -9999.0 -9999.0 -9999.0 -9999.0 -9999.0 -9999.0 -9999.0 -9999.0 -9999.0 -9999.0 -9999.0    58.4    10.1     8.1    40.6    17.6    30.2    66.2    58.5    57.8    73.3    70.3    59.0    52.2    72.5    84.0    82.5   108.5   110.9   140.8   171.8   164.9   168.6   183.4   181.1   215.1   221.4   210.9   201.6   186.4   183.9   212.1   193.0   220.9   243.3   217.5   199.5   163.6   176.6   172.4   190.0   174.8   179.2   144.3   158.7   150.6   165.7   163.9   180.4   165.4   119.8    99.6   103.0    91.1   138.2   128.3   193.9   201.1   170.0   145.6   164.6   177.4   135.3   140.5   138.5   150.9   169.5   156.1   156.8   182.6   218.9   197.9   171.0   136.4   116.7   114.3   111.4   133.9   167.4   173.4   158.7   156.6   160.7   168.7   189.1   225.3 -9999.0 -9999.0 -9999.0 -9999.0 -9999.0 -9999.0 -9999.0 -9999.0 -9999.0 -9999.0 -9999.0 -9999.0 -9999.0 -9999.0 -9999.0 -9999.0 -9999.0 -9999.0 -9999.0 -9999.0 -9999.0 -9999.0 -9999.0 -9999.0 -9999.0 -9999.0 -9999.0 -9999.0 -9999.0 -9999.0 -9999.0
 -9999.0 -9999.0 -9999.0 -9999.0 -9999.0 -9999.0 -9999.0 -9999.0 -9999.0 -9999.0 -9999.0 -9999.0 -9999.0    20.5    52.5     9.2    31.1    20.9    21.7    27.0    40.3    32.9    60.2    41.3    53.2    95.2   106.0   137.1   126.7   132.7   129.4   137.8   172.7   179.5   158.1   167.8   179.5   197.3   251.7   212.4   198.3   204.4   203.2   230.7   222.6   219.4   232.9   233.0   219.8   202.2   198.8   191.9   191.0   236.9   200.2   174.4   158.0   171.7   198.5   183.7   168.8   128.3   110.5    93.1    58.2   134.7   228.5   291.8   228.8   146.9    86.7   104.9   154.4   178.6   202.7   179.0   172.6   177.7   189.1   197.1   189.4   218.8   189.5   156.0   129.7   132.6   162.2   176.7   200.9   240.4   245.1   201.2   173.8   160.1   155.3   179.8   230.2 -9999.0 -9999.0 -9999.0 -9999.0 -9999.0 -9999.0 -9999.0 -9999.0 -9999.0 -9999.0 -9999.0 -9999.0 -9999.0 -9999.0 -9999.0 -9999.0 -9999.0 -9999.0 -9999.0 -9999.0 -9999.0 -9999.0 -9999.0 -9999.0 -9999.0 -9999.0 -9999.0 -9999.0 -9999.0 -9999.0 -9999.0
 -9999.0 -9999.0 -9999.0 -9999.0 -9999.0 -9999.0 -9999.0 -9999.0 -9999.0 -9999.0 -9999.0 -9999.0    16.8    49.4    40.0    15.7    55.7    34.3    35.4    16.1    20.2    25.8    38.1    39.3    42.6    83.1    84.9    86.9   101.2   122.6   130.3   127.2   169.2   152.5   158.4   150.2   176.4   161.1   164.7   167.4   199.5   221.6   239.3   197.3   219.4   229.2   219.8   199.8   199.3   198.8   223.9   250.3   225.1   231.8   199.4   184.9   199.1   171.4   192.5   187.1   176.2   160.7   133.3   140.7   130.1   171.2   366.9   307.8   234.1   213.2   183.4   172.3   202.2   228.6   237.3   205.9   176.3   157.8   139.1   133.3   140.8   149.3   142.4   126.6   118.7   144.4   201.3   237.7   258.2   283.1   282.6   240.0   218.9   211.2   200.1   208.0   247.7   279.8 -9999.0 -9999.0 -9999.0 -9999.0 -9999.0 -9999.0 -9999.0 -9999.0 -9999.0 -9999.0 -9999.0 -9999.0 -9999.0 -9999.0 -9999.0 -9999.0 -9999.0 -9999.0 -9999.0 -9999.0 -9999.0 -9999.0 -9999.0 -9999.0 -9999.0 -9999.0 -9999.0 -9999.0 -9999.0 -9999.0
 -9999.0 -9999.0 -9999.0 -9999.0 -9999.0 -9999.0 -9999.0 -9999.0 -9999.0 -9999.0 -9999.0 -9999.0    32.3     3.7    10.3    77.0    59.6    15.0    16.2    34.5    17.3    35.2    38.0    41.2    38.5    42.8    55.7    68.4    84.9    93.4   106.8   125.2   154.2   129.7   125.6   127.7   122.6   134.1   135.0   120.5   125.2   131.1   149.3   173.9   194.0   209.1   227.7   214.0   201.2   168.1   186.7   234.2   225.7   216.7   207.1   188.6   205.2   219.1   216.1   226.0   221.7   215.1   149.7   117.2   123.9   311.2   327.4   312.5   178.5   142.5   155.2   197.9   263.4   319.6   286.5   203.3   134.2    89.7    74.7    73.8    75.2    93.4   104.7   100.9    97.2   126.3   191.6   233.0   239.9   235.3   224.8   227.3   261.9   301.3   296.4   264.2   262.4   268.4   257.6 -9999.0 -9999.0 -9999.0 -9999.0 -9999.0 -9999.0 -9999.0 -9999.0 -9999.0 -9999.0 -9999.0 -9999.0 -9999.0 -9999.0 -9999.0 -9999.0 -9999.0 -9999.0 -9999.0 -9999.0 -9999.0 -9999.0 -9999.0 -9999.0 -9999.0 -9999.0 -9999.0 -9999.0 -9999.0
 -9999.0 -9999.0 -9999.0 -9999.0 -9999.0 -9999.0 -9999.0 -9999.0 -9999.0 -9999.0 -9999.0 -9999.0     0.9    22.2     3.5     9.7    10.8    53.9    27.3    31.3    67.1    73.2    40.6    58.6    50.2    79.7    73.2   108.1    76.8    89.6   102.5   142.6   124.5   117.0   111.0   106.3   103.6   108.1   103.4   106.5    98.8   102.1   148.1   133.0   166.2   200.6   210.4   178.1   141.7   149.1   176.9   189.6   290.4   306.9   259.6   196.4   222.9   243.3   253.2   229.8   219.4   205.7   253.7   122.8   119.9   368.7   396.4   261.4   166.1   156.1   173.0   210.0   265.7   290.4   295.0   187.2   173.8    59.9    58.4    64.8    69.7    81.4    93.9    90.7    86.3   104.4   149.2   141.5   183.6   176.6   176.7   209.8   269.7   349.3   372.2   300.1   251.7   235.9   226.6   203.4 -9999.0 -9999.0 -9999.0 -9999.0 -9999.0 -9999.0 -9999.0 -9999.0 -9999.0 -9999.0 -9999.0 -9999.0 -9999.0 -9999.0 -9999.0 -9999.0 -9999.0 -9999.0 -9999.0 -9999.0 -9999.0 -9999.0 -9999.0 -9999.0 -9999.0 -9999.0 -9999.0 -9999.0
 -9999.0 -9999.0 -9999.0 -9999.0 -9999.0 -9999.0 -9999.0 -9999.0 -9999.0 -9999.0 -9999.0 -9999.0 -9999.0    66.8    48.9    10.4    17.7    14.7    39.5    52.8   112.8    51.7    72.7    85.4    50.4    61.4    62.2    62.2    85.3    73.4   114.8   120.8   135.1   120.6   114.1   122.3   110.7    97.0    96.7    87.4    87.2   128.8   156.4   155.3   138.6   145.5   165.6   112.0   154.7   150.8   137.7   221.4   232.0   213.7   277.4   278.6   218.6   233.7   263.2   311.3   275.7   383.3   246.2    81.5   197.5   272.1   289.1   204.6   158.4   145.3   154.8   159.4   176.0   158.7   153.5    91.7    66.5    64.7    76.7   105.9    95.8    83.1    84.4    84.3    83.0    90.0   105.4   107.5   114.2   155.2   181.5   208.2   222.7   265.2   313.0   285.4   231.0   213.5   211.1 -9999.0 -9999.0 -9999.0 -9999.0 -9999.0 -9999.0 -9999.0 -9999.0 -9999.0 -9999.0 -9999.0 -9999.0 -9999.0 -9999.0 -9999.0 -9999.0 -9999.0 -9999.0 -9999.0 -9999.0 -9999.0 -9999.0 -9999.0 -9999.0 -9999.0 -9999.0 -9999.0 -9999.0 -9999.0
 -9999.0 -9999.0 -9999.0 -9999.0 -9999.0 -9999.0 -9999.0 -9999.0 -9999.0 -9999.0 -9999.0 -9999.0 -9999.0     0.5    42.0    11.4    54.8    14.3    21.6    38.6   104.6   101.4   107.8    87.8    44.2    61.0    68.8    56.0    67.4   141.8   128.9   132.2   123.3   128.1   133.4   121.3   101.4    99.9   103.9   131.6    99.2   111.8   127.9   140.4   188.0   143.1   138.0    96.1   105.9   115.1   166.7   142.4   222.0   278.8   313.9   289.8   245.7   254.5   292.5   205.4   294.1   163.5   127.0   200.9   188.7   203.9   204.9   169.0   134.3   128.6   102.9    78.4    79.1    87.5    85.3    86.3   104.0    85.3   122.2   131.5    86.6    62.6    70.2    88.1   100.1   105.5   107.9   119.1   146.4   200.4   217.5   209.6   194.2   203.3   238.7   247.2   226.1   218.9   213.4 -9999.0 -9999.0 -9999.0 -9999.0 -9999.0 -9999.0 -9999.0 -9999.0 -9999.0 -9999.0 -9999.0 -9999.0 -9999.0 -9999.0 -9999.0 -9999.0 -9999.0 -9999.0 -9999.0 -9999.0 -9999.0 -9999.0 -9999.0 -9999.0 -9999.0 -9999.0 -9999.0 -9999.0 -9999.0
 -9999.0 -9999.0 -9999.0 -9999.0 -9999.0 -9999.0 -9999.0 -9999.0 -9999.0 -9999.0 -9999.0 -9999.0 -9999.0 -9999.0 -9999.0    15.2    12.5    30.4    24.7    22.3    78.8    56.6    57.1    70.4    83.8    79.7   140.3    94.0   140.1    80.9   107.0   110.4   156.0   149.5   127.8   147.9   147.0    97.1   101.6   102.9   122.1   133.0   134.4   131.8   108.2    93.1   113.0    70.7   103.6    67.5   119.9   230.4   198.0   233.2   180.8   272.1   287.4   222.9   335.7   362.2   161.7   172.9   292.8   249.3   232.5   216.3   197.2   174.9   134.5    67.0    38.5    28.7    40.6    59.5    60.8    97.9   103.2   125.6   105.8    85.6    51.1    50.8    79.0   117.5   144.7   150.7   153.7   173.7   225.9   263.9   284.2   304.5   260.0   235.9   217.7   202.4   206.0 -9999.0   206.8 -9999.0 -9999.0 -9999.0 -9999.0 -9999.0 -9999.0 -9999.0 -9999.0 -9999.0 -9999.0 -9999.0 -9999.0 -9999.0 -9999.0 -9999.0 -9999.0 -9999.0 -9999.0 -9999.0 -9999.0 -9999.0 -9999.0 -9999.0 -9999.0 -9999.0 -9999.0 -9999.0 -9999.0 -9999.0
 -9999.0 -9999.0 -9999.0 -9999.0 -9999.0 -9999.0 -9999.0 -9999.0 -9999.0 -9999.0 -9999.0 -9999.0 -9999.0 -9999.0 -9999.0 -9999.0 -9999.0     0.1     1.2 -9999.0    11.5    70.3    42.1    49.4    93.1    86.0   153.1   108.0    71.2   109.8    88.7    78.1   161.7   105.1    94.7   109.7   149.8    76.8    95.9   100.5   110.8   136.5   127.3   118.4    91.5    83.7    81.8   131.8    70.4   104.5    66.8   128.0    99.1   222.6   263.9   292.5   267.0   344.4   345.1   362.7   154.0   223.2   289.1   289.3   248.1   205.7   185.5   152.4   121.3    56.1    45.8    28.4    43.2    49.0    67.4    93.9    96.6    96.9    95.5    82.6    74.1    88.3   127.0   167.6   196.2   177.4   163.7   207.4   247.1   273.6   310.5   361.6   296.1   221.2   195.1   200.3   165.6   193.2   223.4   197.3   135.2 -9999.0 -9999.0 -9999.0 -9999.0 -9999.0 -9999.0 -9999.0 -9999.0 -9999.0 -9999.0 -9999.0 -9999.0 -9999.0 -9999.0 -9999.0 -9999.0 -9999.0 -9999.0 -9999.0 -9999.0 -9999.0 -9999.0 -9999.0 -9999.0 -9999.0 -9999.0 -9999.0
 -9999.0 -9999.0 -9999.0 -9999.0 -9999.0 -9999.0 -9999.0 -9999.0 -9999.0 -9999.0 -9999.0 -9999.0 -9999.0 -9999.0 -9999.0 -9999.0 -9999.0 -9999.0 -9999.0 -9999.0 -9999.0    38.2    71.8   146.5    98.8    55.3    61.2    64.4    71.7    51.1    65.2    48.0    73.7    93.7    84.0    98.4    85.6    74.7    63.8    62.1    74.9   126.1   132.7   119.9    82.9    91.3    90.6    64.6   147.5   409.2   109.2   231.9   240.4   149.1   216.3   296.6   325.0   297.1   440.5   336.0   179.5   177.5   232.7   234.4   241.0   200.4   176.2   142.3   142.2    86.1    50.2    41.5    52.4    72.6    67.9    65.4    66.4    67.4    95.1   124.9   136.0   139.2   169.8   200.3   210.5   167.8   127.5   155.3   191.7   210.0   241.5   265.4   316.9   297.3   161.8   143.7   160.6   190.4   221.9   154.9 -9999.0 -9999.0 -9999.0 -9999.0 -9999.0 -9999.0 -9999.0 -9999.0 -9999.0 -9999.0 -9999.0 -9999.0 -9999.0 -9999.0 -9999.0 -9999.0 -9999.0 -9999.0 -9999.0 -9999.0 -9999.0 -9999.0 -9999.0 -9999.0 -9999.0 -9999.0 -9999.0 -9999.0
 -9999.0 -9999.0 -9999.0 -9999.0 -9999.0 -9999.0 -9999.0 -9999.0 -9999.0 -9999.0 -9999.0 -9999.0 -9999.0 -9999.0 -9999.0 -9999.0 -9999.0 -9999.0 -9999.0 -9999.0 -9999.0 -9999.0 -9999.0    17.9    70.0    67.6    69.4    77.9   115.1    66.7    77.6    95.0   170.1   126.6   142.3   119.7   123.6    73.4    95.4   104.4   100.6   124.7    98.8    84.4    73.7   101.3    63.1    58.1    54.2    55.8    68.2   171.9   102.1   153.5   165.9   166.7   273.1   355.5   210.3   327.1   189.8   180.9   155.2   149.5   144.6   175.0   170.7   137.1    91.4    90.6    61.7    70.7    84.2    84.8    84.1    73.4    82.2   105.6   146.4   174.3   167.5   150.3   179.3   228.9   245.2   228.1   157.2   143.3   162.5   176.6   198.1   253.2   215.1   232.2   175.9   160.9   179.9   212.0   140.4 -9999.0 -9999.0 -9999.0 -9999.0 -9999.0 -9999.0 -9999.0 -9999.0 -9999.0 -9999.0 -9999.0 -9999.0 -9999.0 -9999.0 -9999.0 -9999.0 -9999.0 -9999.0 -9999.0 -9999.0 -9999.0 -9999.0 -9999.0 -9999.0 -9999.0 -9999.0 -9999.0 -9999.0 -9999.0
 -9999.0 -9999.0 -9999.0 -9999.0 -9999.0 -9999.0 -9999.0 -9999.0 -9999.0 -9999.0 -9999.0 -9999.0 -9999.0 -9999.0 -9999.0 -9999.0 -9999.0 -9999.0 -9999.0 -9999.0 -9999.0 -9999.0 -9999.0 -9999.0 -9999.0    15.4    50.1   226.9   183.5   252.0   140.2    86.4    91.7   124.5    97.6   140.8   192.3    81.0   109.0    74.8   114.4    84.1    64.5    65.8    79.3    97.7    71.9   110.3    77.9    57.9   152.0   123.2   184.3   186.5   130.0   155.7   233.1   219.0   316.7   289.1   245.0   214.4   336.6   171.4   139.6   143.7   111.8    78.1    87.3    78.1    74.0    89.0   108.7    92.6    92.4   104.5   128.0   165.1   215.2   241.7   225.0   209.5   226.9   266.3   293.3   288.1   242.3   204.1   205.8   205.3   196.3   202.1   226.7   266.7   204.9   236.4   197.2   181.1 -9999.0 -9999.0 -9999.0 -9999.0 -9999.0 -9999.0 -9999.0 -9999.0 -9999.0 -9999.0 -9999.0 -9999.0 -9999.0 -9999.0 -9999.0 -9999.0 -9999.0 -9999.0 -9999.0 -9999.0 -9999.0 -9999.0 -9999.0 -9999.0 -9999.0 -9999.0 -9999.0 -9999.0 -9999.0 -9999.0
 -9999.0 -9999.0 -9999.0 -9999.0 -9999.0 -9999.0 -9999.0 -9999.0 -9999.0 -9999.0 -9999.0 -9999.0 -9999.0 -9999.0 -9999.0 -9999.0 -9999.0 -9999.0 -9999.0 -9999.0 -9999.0 -9999.0 -9999.0 -9999.0 -9999.0 -9999.0 -9999.0    23.1    26.7    58.7    64.6    69.6   192.3    68.1   123.0    41.6    69.7    56.9    36.9    53.5    77.2    53.6    56.5    74.0    79.7    92.3   108.4   113.6   115.0    70.6   102.8   117.2   118.0   122.5   140.7   190.4   150.8   143.1   247.2   182.7   207.3   223.9   141.9   117.7   116.3    78.5    73.1    86.9    94.2    86.4    87.5    91.9   103.8   105.9   134.2   161.7   150.3   196.9   271.5   290.8   285.2   266.8   271.2   285.5   284.6   288.3   277.6   270.2   261.9   251.9   264.0   283.2   233.0   192.6   231.7   231.7   188.5 -9999.0 -9999.0 -9999.0 -9999.0 -9999.0 -9999.0 -9999.0 -9999.0 -9999.0 -9999.0 -9999.0 -9999.0 -9999.0 -9999.0 -9999.0 -9999.0 -9999.0 -9999.0 -9999.0 -9999.0 -9999.0 -9999.0 -9999.0 -9999.0 -9999.0 -9999.0 -9999.0 -9999.0 -9999.0 -9999.0 -9999.0
 -9999.0 -9999.0 -9999.0 -9999.0 -9999.0 -9999.0 -9999.0 -9999.0 -9999.0 -9999.0 -9999.0 -9999.0 -9999.0 -9999.0 -9999.0 -9999.0 -9999.0 -9999.0 -9999.0 -9999.0 -9999.0 -9999.0 -9999.0 -9999.0 -9999.0 -9999.0 -9999.0 -9999.0 -9999.0 -9999.0 -9999.0 -9999.0 -9999.0    49.1    97.5 -9999.0 -9999.0 -9999.0    39.2    42.2    41.6    47.8    49.2    73.9    90.4    93.6 -9999.0 -9999.0 -9999.0 -9999.0 -9999.0 -9999.0   114.3   175.5   131.6   139.0   150.3   124.8   134.3   155.6   186.4   205.5   148.0   122.5   116.3   108.2    90.7    89.1   110.8   117.3   113.0   111.4   115.6   148.6   146.7   212.2   166.9   236.1   278.8   287.3   257.5   235.5   238.4   239.8   240.3   229.8   239.2   253.9   266.6   254.3   253.5   233.6   187.3   153.7   174.8   163.6   121.9 -9999.0 -9999.0 -9999.0 -9999.0 -9999.0 -9999.0 -9999.0 -9999.0 -9999.0 -9999.0 -9999.0 -9999.0 -9999.0 -9999.0 -9999.0 -9999.0 -9999.0 -9999.0 -9999.0 -9999.0 -9999.0 -9999.0 -9999.0 -9999.0 -9999.0 -9999.0 -9999.0 -9999.0 -9999.0 -9999.0 -9999.0
 -9999.0 -9999.0 -9999.0 -9999.0 -9999.0 -9999.0 -9999.0 -9999.0 -9999.0 -9999.0 -9999.0 -9999.0 -9999.0 -9999.0 -9999.0 -9999.0 -9999.0 -9999.0 -9999.0 -9999.0 -9999.0 -9999.0 -9999.0 -9999.0 -9999.0 -9999.0 -9999.0 -9999.0 -9999.0 -9999.0 -9999.0 -9999.0 -9999.0 -9999.0 -9999.0 -9999.0 -9999.0 -9999.0 -9999.0    66.9    67.8    71.8    76.2    79.6 -9999.0 -9999.0 -9999.0 -9999.0 -9999.0 -9999.0 -9999.0 -9999.0   122.4   213.2   183.7   160.0   156.1   142.1   142.3   162.5   177.1   170.9   154.7   108.2   138.8   169.0   168.0   138.3   142.1   143.9   140.7   130.7   140.9   148.7   221.0   235.8   225.3   259.1   232.7   245.8   201.0   172.0   168.8   202.0   186.8   181.2   192.6   216.0   223.9   230.5   220.7   193.8   160.0   153.2   167.7   133.5 -9999.0 -9999.0 -9999.0 -9999.0 -9999.0 -9999.0 -9999.0 -9999.0 -9999.0 -9999.0 -9999.0 -9999.0 -9999.0 -9999.0 -9999.0 -9999.0 -9999.0 -9999.0 -9999.0 -9999.0 -9999.0 -9999.0 -9999.0 -9999.0 -9999.0 -9999.0 -9999.0 -9999.0 -9999.0 -9999.0 -9999.0 -9999.0
 -9999.0 -9999.0 -9999.0 -9999.0 -9999.0 -9999.0 -9999.0 -9999.0 -9999.0 -9999.0 -9999.0 -9999.0 -9999.0 -9999.0 -9999.0 -9999.0 -9999.0 -9999.0 -9999.0 -9999.0 -9999.0 -9999.0 -9999.0 -9999.0 -9999.0 -9999.0 -9999.0 -9999.0 -9999.0 -9999.0 -9999.0 -9999.0 -9999.0 -9999.0 -9999.0 -9999.0 -9999.0 -9999.0 -9999.0 -9999.0 -9999.0 -9999.0 -9999.0 -9999.0 -9999.0 -9999.0 -9999.0 -9999.0 -9999.0 -9999.0 -9999.0 -9999.0    87.4   242.9   211.1   253.7   199.7   169.9   153.9   156.9   146.9   128.9   256.0    90.8   123.2   180.3   199.2   185.5   171.8   164.5   156.0   144.3   151.0   155.3   188.4   322.9   271.3   291.7   264.3   214.0   176.7   152.0   138.3   171.8   171.9   173.1   179.5   198.4   206.8   214.3   216.3   204.0   171.0   173.5   167.6 -9999.0 -9999.0 -9999.0 -9999.0 -9999.0 -9999.0 -9999.0 -9999.0 -9999.0 -9999.0 -9999.0 -9999.0 -9999.0 -9999.0 -9999.0 -9999.0 -9999.0 -9999.0 -9999.0 -9999.0 -9999.0 -9999.0 -9999.0 -9999.0 -9999.0 -9999.0 -9999.0 -9999.0 -9999.0 -9999.0 -9999.0 -9999.0 -9999.0
 -9999.0 -9999.0 -9999.0 -9999.0 -9999.0 -9999.0 -9999.0 -9999.0 -9999.0 -9999.0 -9999.0 -9999.0 -9999.0 -9999.0 -9999.0 -9999.0 -9999.0 -9999.0 -9999.0 -9999.0 -9999.0 -9999.0 -9999.0 -9999.0 -9999.0 -9999.0 -9999.0 -9999.0 -9999.0 -9999.0 -9999.0 -9999.0 -9999.0 -9999.0 -9999.0 -9999.0 -9999.0 -9999.0 -9999.0 -9999.0 -9999.0 -9999.0 -9999.0 -9999.0 -9999.0 -9999.0 -9999.0 -9999.0 -9999.0 -9999.0 -9999.0   115.3   136.3   239.1   136.4   217.7   209.6   215.3   169.7   120.0   164.4   138.3    86.9    89.0   121.1   186.5   205.8   170.5   179.2   168.0   169.4   170.9   185.2   248.3   303.9   426.0   318.0   370.6   215.4   189.7   184.5   169.3   226.7   170.4   174.3   188.5   179.8   206.2   185.7   199.0   197.2   205.0   194.6   172.7   176.1 -9999.0 -9999.0 -9999.0 -9999.0 -9999.0 -9999.0 -9999.0 -9999.0 -9999.0 -9999.0 -9999.0 -9999.0 -9999.0 -9999.0 -9999.0 -9999.0 -9999.0 -9999.0 -9999.0 -9999.0 -9999.0 -9999.0 -9999.0 -9999.0 -9999.0 -9999.0 -9999.0 -9999.0 -9999.0 -9999.0 -9999.0 -9999.0 -9999.0
 -9999.0 -9999.0 -9999.0 -9999.0 -9999.0 -9999.0 -9999.0 -9999.0 -9999.0 -9999.0 -9999.0 -9999.0 -9999.0 -9999.0 -9999.0 -9999.0 -9999.0 -9999.0 -9999.0 -9999.0 -9999.0 -9999.0 -9999.0 -9999.0 -9999.0 -9999.0 -9999.0 -9999.0 -9999.0 -9999.0 -9999.0 -9999.0 -9999.0 -9999.0 -9999.0 -9999.0 -9999.0 -9999.0 -9999.0 -9999.0 -9999.0 -9999.0 -9999.0 -9999.0 -9999.0 -9999.0 -9999.0 -9999.0 -9999.0 -9999.0   143.4   168.3   197.7   231.0   190.2   224.9   173.8   145.2   169.0   181.5   142.1   154.0   112.5   122.2   154.9   200.2   208.9   176.3   184.4   169.9   196.2   212.5   252.1   295.0   331.6   339.3   467.2   232.3   221.2   181.1   190.2   204.1   194.2   183.8   176.1   184.9   152.4   161.7   142.4   150.5   168.4   180.4   179.8   151.1   146.3 -9999.0 -9999.0 -9999.0 -9999.0 -9999.0 -9999.0 -9999.0 -9999.0 -9999.0 -9999.0 -9999.0 -9999.0 -9999.0 -9999.0 -9999.0 -9999.0 -9999.0 -9999.0 -9999.0 -9999.0 -9999.0 -9999.0 -9999.0 -9999.0 -9999.0 -9999.0 -9999.0 -9999.0 -9999.0 -9999.0 -9999.0 -9999.0 -9999.0
 -9999.0 -9999.0 -9999.0 -9999.0 -9999.0 -9999.0 -9999.0 -9999.0 -9999.0 -9999.0 -9999.0 -9999.0 -9999.0 -9999.0 -9999.0 -9999.0 -9999.0 -9999.0 -9999.0 -9999.0 -9999.0 -9999.0 -9999.0 -9999.0 -9999.0 -9999.0 -9999.0 -9999.0 -9999.0 -9999.0 -9999.0 -9999.0 -9999.0 -9999.0 -9999.0 -9999.0 -9999.0 -9999.0 -9999.0 -9999.0 -9999.0 -9999.0 -9999.0 -9999.0 -9999.0 -9999.0 -9999.0 -9999.0 -9999.0 -9999.0   174.4   223.1   246.8   230.9   229.8   198.4   124.0   222.2   222.1   185.6   150.8   145.8   132.8   148.5   173.5   176.5   186.5   170.6   182.3   196.9   245.1   289.9   332.0   374.8   383.6   362.4   269.3   220.8   178.5   155.6   180.4   190.5   199.1   185.2   152.7   141.9   121.2   109.0   115.7   131.0   139.8   149.5   133.3   106.8 -9999.0 -9999.0 -9999.0 -9999.0 -9999.0 -9999.0 -9999.0 -9999.0 -9999.0 -9999.0 -9999.0 -9999.0 -9999.0 -9999.0 -9999.0 -9999.0 -9999.0 -9999.0 -9999.0 -9999.0 -9999.0 -9999.0 -9999.0 -9999.0 -9999.0 -9999.0 -9999.0 -9999.0 -9999.0 -9999.0 -9999.0 -9999.0 -9999.0 -9999.0
 -9999.0 -9999.0 -9999.0 -9999.0 -9999.0 -9999.0 -9999.0 -9999.0 -9999.0 -9999.0 -9999.0 -9999.0 -9999.0 -9999.0 -9999.0 -9999.0 -9999.0 -9999.0 -9999.0 -9999.0 -9999.0 -9999.0 -9999.0 -9999.0 -9999.0 -9999.0 -9999.0 -9999.0 -9999.0 -9999.0 -9999.0 -9999.0 -9999.0 -9999.0 -9999.0 -9999.0 -9999.0 -9999.0 -9999.0 -9999.0 -9999.0 -9999.0 -9999.0 -9999.0 -9999.0 -9999.0 -9999.0 -9999.0 -9999.0 -9999.0   214.9   258.7   311.7   263.2   189.5   162.8   261.1   234.2   263.6   191.7   187.6   180.8   161.2   135.0   150.9   161.1   175.5   188.9   209.2   279.5   328.6   414.9   433.3   399.1   326.1   282.1   231.7   203.2   152.4   145.1   150.2   175.1   189.2   162.5   124.4   121.5   126.7   135.3   134.9   147.5   133.5   133.9 -9999.0 -9999.0 -9999.0 -9999.0 -9999.0 -9999.0 -9999.0 -9999.0 -9999.0 -9999.0 -9999.0 -9999.0 -9999.0 -9999.0 -9999.0 -9999.0 -9999.0 -9999.0 -9999.0 -9999.0 -9999.0 -9999.0 -9999.0 -9999.0 -9999.0 -9999.0 -9999.0 -9999.0 -9999.0 -9999.0 -9999.0 -9999.0 -9999.0 -9999.0 -9999.0 -9999.0
 -9999.0 -9999.0 -9999.0 -9999.0 -9999.0 -9999.0 -9999.0 -9999.0 -9999.0 -9999.0 -9999.0 -9999.0 -9999.0 -9999.0 -9999.0 -9999.0 -9999.0 -9999.0 -9999.0 -9999.0 -9999.0 -9999.0 -9999.0 -9999.0 -9999.0 -9999.0 -9999.0 -9999.0 -9999.0 -9999.0 -9999.0 -9999.0 -9999.0 -9999.0 -9999.0 -9999.0 -9999.0 -9999.0 -9999.0 -9999.0 -9999.0 -9999.0 -9999.0 -9999.0 -9999.0 -9999.0 -9999.0 -9999.0 -9999.0 -9999.0   250.4   298.4   326.2   274.6   216.7   233.5   187.0   263.6   276.9   193.6   215.4   185.3   107.0   138.1   146.6   154.8   192.8   232.3   296.8   278.0   400.7   480.3   485.5   386.3   285.2   276.9   250.5   210.1   147.4   138.4   142.7   150.2   165.2   135.7   128.3   131.0   128.8   168.0   152.9   152.1   160.1 -9999.0 -9999.0 -9999.0 -9999.0 -9999.0 -9999.0 -9999.0 -9999.0 -9999.0 -9999.0 -9999.0 -9999.0 -9999.0 -9999.0 -9999.0 -9999.0 -9999.0 -9999.0 -9999.0 -9999.0 -9999.0 -9999.0 -9999.0 -9999.0 -9999.0 -9999.0 -9999.0 -9999.0 -9999.0 -9999.0 -9999.0 -9999.0 -9999.0 -9999.0 -9999.0 -9999.0 -9999.0
 -9999.0 -9999.0 -9999.0 -9999.0 -9999.0 -9999.0 -9999.0 -9999.0 -9999.0 -9999.0 -9999.0 -9999.0 -9999.0 -9999.0 -9999.0 -9999.0 -9999.0 -9999.0 -9999.0 -9999.0 -9999.0 -9999.0 -9999.0 -9999.0 -9999.0 -9999.0 -9999.0 -9999.0 -9999.0 -9999.0 -9999.0 -9999.0 -9999.0 -9999.0 -9999.0 -9999.0 -9999.0 -9999.0 -9999.0 -9999.0 -9999.0 -9999.0 -9999.0 -9999.0 -9999.0 -9999.0 -9999.0 -9999.0 -9999.0 -9999.0 -9999.0 -9999.0 -9999.0   342.1   275.8   226.4   250.6   307.3   258.5   224.5   400.0   141.7   288.5   185.3   160.3   156.1   203.2   221.2   297.9   351.7   393.4   406.5   360.0   309.5   312.0   329.4   305.2   242.1   185.5   175.7   178.6   187.7   174.0   158.0   165.1   183.8   196.9   175.1   210.5   199.3 -9999.0 -9999.0 -9999.0 -9999.0 -9999.0 -9999.0 -9999.0 -9999.0 -9999.0 -9999.0 -9999.0 -9999.0 -9999.0 -9999.0 -9999.0 -9999.0 -9999.0 -9999.0 -9999.0 -9999.0 -9999.0 -9999.0 -9999.0 -9999.0 -9999.0 -9999.0 -9999.0 -9999.0 -9999.0 -9999.0 -9999.0 -9999.0 -9999.0 -9999.0 -9999.0 -9999.0 -9999.0 -9999.0
 -9999.0 -9999.0 -9999.0 -9999.0 -9999.0 -9999.0 -9999.0 -9999.0 -9999.0 -9999.0 -9999.0 -9999.0 -9999.0 -9999.0 -9999.0 -9999.0 -9999.0 -9999.0 -9999.0 -9999.0 -9999.0 -9999.0 -9999.0 -9999.0 -9999.0 -9999.0 -9999.0 -9999.0 -9999.0 -9999.0 -9999.0 -9999.0 -9999.0 -9999.0 -9999.0 -9999.0 -9999.0 -9999.0 -9999.0 -9999.0 -9999.0 -9999.0 -9999.0 -9999.0 -9999.0 -9999.0 -9999.0 -9999.0 -9999.0 -9999.0 -9999.0 -9999.0 -9999.0   379.4   333.6   324.5   285.1   300.7   340.6   432.3   312.7   221.4   396.0   222.6   195.1   170.8   143.5   219.9   197.4   247.6   291.3   300.1   269.2   286.5   367.0   393.0   357.1   285.4   244.0   243.6   259.6   245.3   229.0 -9999.0   248.0   287.2 -9999.0 -9999.0 -9999.0 -9999.0 -9999.0 -9999.0 -9999.0 -9999.0 -9999.0 -9999.0 -9999.0 -9999.0 -9999.0 -9999.0 -9999.0 -9999.0 -9999.0 -9999.0 -9999.0 -9999.0 -9999.0 -9999.0 -9999.0 -9999.0 -9999.0 -9999.0 -9999.0 -9999.0 -9999.0 -9999.0 -9999.0 -9999.0 -9999.0 -9999.0 -9999.0 -9999.0 -9999.0 -9999.0 -9999.0 -9999.0 -9999.0 -9999.0
 -9999.0 -9999.0 -9999.0 -9999.0 -9999.0 -9999.0 -9999.0 -9999.0 -9999.0 -9999.0 -9999.0 -9999.0 -9999.0 -9999.0 -9999.0 -9999.0 -9999.0 -9999.0 -9999.0 -9999.0 -9999.0 -9999.0 -9999.0 -9999.0 -9999.0 -9999.0 -9999.0 -9999.0 -9999.0 -9999.0 -9999.0 -9999.0 -9999.0 -9999.0 -9999.0 -9999.0 -9999.0 -9999.0 -9999.0 -9999.0 -9999.0 -9999.0 -9999.0 -9999.0 -9999.0 -9999.0 -9999.0 -9999.0 -9999.0 -9999.0 -9999.0 -9999.0 -9999.0   391.4   349.7   324.5   303.8   310.7   365.0   385.0   461.0   422.8   506.9   429.6   209.0 -9999.0 -9999.0 -9999.0   147.7   147.1   223.6   298.0   319.7   346.3   392.7   400.0   370.3   331.2   282.7   289.7   296.4   288.8   273.8 -9999.0 -9999.0 -9999.0 -9999.0 -9999.0 -9999.0 -9999.0 -9999.0 -9999.0 -9999.0 -9999.0 -9999.0 -9999.0 -9999.0 -9999.0 -9999.0 -9999.0 -9999.0 -9999.0 -9999.0 -9999.0 -9999.0 -9999.0 -9999.0 -9999.0 -9999.0 -9999.0 -9999.0 -9999.0 -9999.0 -9999.0 -9999.0 -9999.0 -9999.0 -9999.0 -9999.0 -9999.0 -9999.0 -9999.0 -9999.0 -9999.0 -9999.0 -9999.0 -9999.0 -9999.0
 -9999.0 -9999.0 -9999.0 -9999.0 -9999.0 -9999.0 -9999.0 -9999.0 -9999.0 -9999.0 -9999.0 -9999.0 -9999.0 -9999.0 -9999.0 -9999.0 -9999.0 -9999.0 -9999.0 -9999.0 -9999.0 -9999.0 -9999.0 -9999.0 -9999.0 -9999.0 -9999.0 -9999.0 -9999.0 -9999.0 -9999.0 -9999.0 -9999.0 -9999.0 -9999.0 -9999.0 -9999.0 -9999.0 -9999.0 -9999.0 -9999.0 -9999.0 -9999.0 -9999.0 -9999.0 -9999.0 -9999.0 -9999.0 -9999.0 -9999.0 -9999.0 -9999.0 -9999.0 -9999.0   346.1   308.5   262.7   265.6   361.0   473.6   348.4 -9999.0 -9999.0 -9999.0 -9999.0 -9999.0 -9999.0 -9999.0    86.3   128.6   238.6   328.3   386.7   384.2   353.4   328.7   323.5   342.7   342.3 -9999.0   289.5 -9999.0 -9999.0 -9999.0 -9999.0 -9999.0 -9999.0 -9999.0 -9999.0 -9999.0 -9999.0 -9999.0 -9999.0 -9999.0 -9999.0 -9999.0 -9999.0 -9999.0 -9999.0 -9999.0 -9999.0 -9999.0 -9999.0 -9999.0 -9999.0 -9999.0 -9999.0 -9999.0 -9999.0 -9999.0 -9999.0 -9999.0 -9999.0 -9999.0 -9999.0 -9999.0 -9999.0 -9999.0 -9999.0 -9999.0 -9999.0 -9999.0 -9999.0 -9999.0 -9999.0 -9999.0 -9999.0 -9999.0
 -9999.0 -9999.0 -9999.0 -9999.0 -9999.0 -9999.0 -9999.0 -9999.0 -9999.0 -9999.0 -9999.0 -9999.0 -9999.0 -9999.0 -9999.0 -9999.0 -9999.0 -9999.0 -9999.0 -9999.0 -9999.0 -9999.0 -9999.0 -9999.0 -9999.0 -9999.0 -9999.0 -9999.0 -9999.0 -9999.0 -9999.0 -9999.0 -9999.0 -9999.0 -9999.0 -9999.0 -9999.0 -9999.0 -9999.0 -9999.0 -9999.0 -9999.0 -9999.0 -9999.0 -9999.0 -9999.0 -9999.0 -9999.0 -9999.0 -9999.0 -9999.0 -9999.0 -9999.0 -9999.0 -9999.0   276.8   317.7   274.8   287.5   372.5   378.8 -9999.0 -9999.0 -9999.0 -9999.0 -9999.0 -9999.0 -9999.0 -9999.0 -9999.0   213.4 -9999.0 -9999.0 -9999.0 -9999.0 -9999.0   244.4 -9999.0 -9999.0 -9999.0 -9999.0 -9999.0 -9999.0 -9999.0 -9999.0 -9999.0 -9999.0 -9999.0 -9999.0 -9999.0 -9999.0 -9999.0 -9999.0 -9999.0 -9999.0 -9999.0 -9999.0 -9999.0 -9999.0 -9999.0 -9999.0 -9999.0 -9999.0 -9999.0 -9999.0 -9999.0 -9999.0 -9999.0 -9999.0 -9999.0 -9999.0 -9999.0 -9999.0 -9999.0 -9999.0 -9999.0 -9999.0 -9999.0 -9999.0 -9999.0 -9999.0 -9999.0 -9999.0 -9999.0 -9999.0 -9999.0 -9999.0 -9999.0
 -9999.0 -9999.0 -9999.0 -9999.0 -9999.0 -9999.0 -9999.0 -9999.0 -9999.0 -9999.0 -9999.0 -9999.0 -9999.0 -9999.0 -9999.0 -9999.0 -9999.0 -9999.0 -9999.0 -9999.0 -9999.0 -9999.0 -9999.0 -9999.0 -9999.0 -9999.0 -9999.0 -9999.0 -9999.0 -9999.0 -9999.0 -9999.0 -9999.0 -9999.0 -9999.0 -9999.0 -9999.0 -9999.0 -9999.0 -9999.0 -9999.0 -9999.0 -9999.0 -9999.0 -9999.0 -9999.0 -9999.0 -9999.0 -9999.0 -9999.0 -9999.0 -9999.0 -9999.0 -9999.0 -9999.0 -9999.0 -9999.0 -9999.0   287.9   288.6 -9999.0 -9999.0 -9999.0 -9999.0 -9999.0 -9999.0 -9999.0 -9999.0 -9999.0 -9999.0 -9999.0 -9999.0 -9999.0 -9999.0 -9999.0   187.3   191.4 -9999.0 -9999.0 -9999.0 -9999.0 -9999.0 -9999.0 -9999.0 -9999.0 -9999.0 -9999.0 -9999.0 -9999.0 -9999.0 -9999.0 -9999.0 -9999.0 -9999.0 -9999.0 -9999.0 -9999.0 -9999.0 -9999.0 -9999.0 -9999.0 -9999.0 -9999.0 -9999.0 -9999.0 -9999.0 -9999.0 -9999.0 -9999.0 -9999.0 -9999.0 -9999.0 -9999.0 -9999.0 -9999.0 -9999.0 -9999.0 -9999.0 -9999.0 -9999.0 -9999.0 -9999.0 -9999.0 -9999.0 -9999.0 -9999.0 -9999.0 -9999.0
 -9999.0 -9999.0 -9999.0 -9999.0 -9999.0 -9999.0 -9999.0 -9999.0 -9999.0 -9999.0 -9999.0 -9999.0 -9999.0 -9999.0 -9999.0 -9999.0 -9999.0 -9999.0 -9999.0 -9999.0 -9999.0 -9999.0 -9999.0 -9999.0 -9999.0 -9999.0 -9999.0 -9999.0 -9999.0 -9999.0 -9999.0 -9999.0 -9999.0 -9999.0 -9999.0 -9999.0 -9999.0 -9999.0 -9999.0 -9999.0 -9999.0 -9999.0 -9999.0 -9999.0 -9999.0 -9999.0 -9999.0 -9999.0 -9999.0 -9999.0 -9999.0 -9999.0 -9999.0 -9999.0 -9999.0 -9999.0 -9999.0 -9999.0 -9999.0 -9999.0 -9999.0 -9999.0 -9999.0 -9999.0 -9999.0 -9999.0 -9999.0 -9999.0 -9999.0 -9999.0 -9999.0 -9999.0 -9999.0 -9999.0 -9999.0 -9999.0 -9999.0 -9999.0 -9999.0 -9999.0 -9999.0 -9999.0 -9999.0 -9999.0 -9999.0 -9999.0 -9999.0 -9999.0 -9999.0 -9999.0 -9999.0 -9999.0 -9999.0 -9999.0 -9999.0 -9999.0 -9999.0 -9999.0 -9999.0 -9999.0 -9999.0 -9999.0 -9999.0 -9999.0 -9999.0 -9999.0 -9999.0 -9999.0 -9999.0 -9999.0 -9999.0 -9999.0 -9999.0 -9999.0 -9999.0 -9999.0 -9999.0 -9999.0 -9999.0 -9999.0 -9999.0 -9999.0 -9999.0 -9999.0 -9999.0 -9999.0 -9999.0 -9999.0
 -9999.0 -9999.0 -9999.0 -9999.0 -9999.0 -9999.0 -9999.0 -9999.0 -9999.0 -9999.0 -9999.0 -9999.0 -9999.0 -9999.0 -9999.0 -9999.0 -9999.0 -9999.0 -9999.0 -9999.0 -9999.0 -9999.0 -9999.0 -9999.0 -9999.0 -9999.0 -9999.0 -9999.0 -9999.0 -9999.0 -9999.0 -9999.0 -9999.0 -9999.0 -9999.0 -9999.0 -9999.0 -9999.0 -9999.0 -9999.0 -9999.0 -9999.0 -9999.0 -9999.0 -9999.0 -9999.0 -9999.0 -9999.0 -9999.0 -9999.0 -9999.0 -9999.0 -9999.0 -9999.0 -9999.0 -9999.0 -9999.0 -9999.0 -9999.0 -9999.0 -9999.0 -9999.0 -9999.0 -9999.0 -9999.0 -9999.0 -9999.0 -9999.0 -9999.0 -9999.0 -9999.0 -9999.0 -9999.0 -9999.0 -9999.0   235.2   213.5   197.4 -9999.0 -9999.0 -9999.0 -9999.0 -9999.0 -9999.0 -9999.0 -9999.0 -9999.0 -9999.0 -9999.0 -9999.0 -9999.0 -9999.0 -9999.0 -9999.0 -9999.0 -9999.0 -9999.0 -9999.0 -9999.0 -9999.0 -9999.0 -9999.0 -9999.0 -9999.0 -9999.0 -9999.0 -9999.0 -9999.0 -9999.0 -9999.0 -9999.0 -9999.0 -9999.0 -9999.0 -9999.0 -9999.0 -9999.0 -9999.0 -9999.0 -9999.0 -9999.0 -9999.0 -9999.0 -9999.0 -9999.0 -9999.0 -9999.0 -9999.0
 -9999.0 -9999.0 -9999.0 -9999.0 -9999.0 -9999.0 -9999.0 -9999.0 -9999.0 -9999.0 -9999.0 -9999.0 -9999.0 -9999.0 -9999.0 -9999.0 -9999.0 -9999.0 -9999.0 -9999.0 -9999.0 -9999.0 -9999.0 -9999.0 -9999.0 -9999.0 -9999.0 -9999.0 -9999.0 -9999.0 -9999.0 -9999.0 -9999.0 -9999.0 -9999.0 -9999.0 -9999.0 -9999.0 -9999.0 -9999.0 -9999.0 -9999.0 -9999.0 -9999.0 -9999.0 -9999.0 -9999.0 -9999.0 -9999.0 -9999.0 -9999.0 -9999.0 -9999.0 -9999.0 -9999.0 -9999.0 -9999.0 -9999.0 -9999.0 -9999.0 -9999.0 -9999.0 -9999.0 -9999.0 -9999.0 -9999.0 -9999.0 -9999.0 -9999.0 -9999.0 -9999.0 -9999.0 -9999.0   181.4   261.4   274.4   262.2 -9999.0 -9999.0 -9999.0 -9999.0 -9999.0 -9999.0 -9999.0 -9999.0 -9999.0 -9999.0 -9999.0 -9999.0 -9999.0 -9999.0 -9999.0 -9999.0 -9999.0 -9999.0 -9999.0 -9999.0 -9999.0 -9999.0 -9999.0 -9999.0 -9999.0 -9999.0 -9999.0 -9999.0 -9999.0 -9999.0 -9999.0 -9999.0 -9999.0 -9999.0 -9999.0 -9999.0 -9999.0 -9999.0 -9999.0 -9999.0 -9999.0 -9999.0 -9999.0 -9999.0 -9999.0 -9999.0 -9999.0 -9999.0 -9999.0 -9999.0 -9999.0
 -9999.0 -9999.0 -9999.0 -9999.0 -9999.0 -9999.0 -9999.0 -9999.0 -9999.0 -9999.0 -9999.0 -9999.0 -9999.0 -9999.0 -9999.0 -9999.0 -9999.0 -9999.0 -9999.0 -9999.0 -9999.0 -9999.0 -9999.0 -9999.0 -9999.0 -9999.0 -9999.0 -9999.0 -9999.0 -9999.0 -9999.0 -9999.0 -9999.0 -9999.0 -9999.0 -9999.0 -9999.0 -9999.0 -9999.0 -9999.0 -9999.0 -9999.0 -9999.0 -9999.0 -9999.0 -9999.0 -9999.0 -9999.0 -9999.0 -9999.0 -9999.0 -9999.0 -9999.0 -9999.0 -9999.0 -9999.0 -9999.0 -9999.0 -9999.0 -9999.0 -9999.0 -9999.0 -9999.0 -9999.0 -9999.0 -9999.0 -9999.0 -9999.0 -9999.0 -9999.0 -9999.0 -9999.0 -9999.0 -9999.0   235.2   287.2   274.2 -9999.0 -9999.0 -9999.0 -9999.0 -9999.0 -9999.0 -9999.0 -9999.0 -9999.0 -9999.0 -9999.0 -9999.0 -9999.0 -9999.0 -9999.0 -9999.0 -9999.0 -9999.0 -9999.0 -9999.0 -9999.0 -9999.0 -9999.0 -9999.0 -9999.0 -9999.0 -9999.0 -9999.0 -9999.0 -9999.0 -9999.0 -9999.0 -9999.0 -9999.0 -9999.0 -9999.0 -9999.0 -9999.0 -9999.0 -9999.0 -9999.0 -9999.0 -9999.0 -9999.0 -9999.0 -9999.0 -9999.0 -9999.0 -9999.0 -9999.0 -9999.0
 -9999.0 -9999.0 -9999.0 -9999.0 -9999.0 -9999.0 -9999.0 -9999.0 -9999.0 -9999.0 -9999.0 -9999.0 -9999.0 -9999.0 -9999.0 -9999.0 -9999.0 -9999.0 -9999.0 -9999.0 -9999.0 -9999.0 -9999.0 -9999.0 -9999.0 -9999.0 -9999.0 -9999.0 -9999.0 -9999.0 -9999.0 -9999.0 -9999.0 -9999.0 -9999.0 -9999.0 -9999.0 -9999.0 -9999.0 -9999.0 -9999.0 -9999.0 -9999.0 -9999.0 -9999.0 -9999.0 -9999.0 -9999.0 -9999.0 -9999.0 -9999.0 -9999.0 -9999.0 -9999.0 -9999.0 -9999.0 -9999.0 -9999.0 -9999.0 -9999.0 -9999.0 -9999.0 -9999.0 -9999.0 -9999.0 -9999.0 -9999.0 -9999.0 -9999.0 -9999.0 -9999.0 -9999.0 -9999.0 -9999.0 -9999.0 -9999.0 -9999.0 -9999.0 -9999.0 -9999.0 -9999.0 -9999.0 -9999.0 -9999.0 -9999.0 -9999.0 -9999.0 -9999.0 -9999.0 -9999.0 -9999.0 -9999.0 -9999.0 -9999.0 -9999.0 -9999.0 -9999.0 -9999.0 -9999.0 -9999.0 -9999.0 -9999.0 -9999.0 -9999.0 -9999.0 -9999.0 -9999.0 -9999.0 -9999.0 -9999.0 -9999.0 -9999.0 -9999.0 -9999.0 -9999.0 -9999.0 -9999.0 -9999.0 -9999.0 -9999.0 -9999.0 -9999.0 -9999.0 -9999.0 -9999.0 -9999.0 -9999.0 -9999.0
