NCOLS      128
NROWS       72
XLLCORNER    72.000000000000    
YLLCORNER    18.000000000000    
CELLSIZE    0.50000000000000    
NODATA_VALUE   -9999.000    
 -9999.0 -9999.0 -9999.0 -9999.0 -9999.0 -9999.0 -9999.0 -9999.0 -9999.0 -9999.0 -9999.0 -9999.0 -9999.0 -9999.0 -9999.0 -9999.0 -9999.0 -9999.0 -9999.0 -9999.0 -9999.0 -9999.0 -9999.0 -9999.0 -9999.0 -9999.0 -9999.0 -9999.0 -9999.0 -9999.0 -9999.0 -9999.0 -9999.0 -9999.0 -9999.0 -9999.0 -9999.0 -9999.0 -9999.0 -9999.0 -9999.0 -9999.0 -9999.0 -9999.0 -9999.0 -9999.0 -9999.0 -9999.0 -9999.0 -9999.0 -9999.0 -9999.0 -9999.0 -9999.0 -9999.0 -9999.0 -9999.0 -9999.0 -9999.0 -9999.0 -9999.0 -9999.0 -9999.0 -9999.0 -9999.0 -9999.0 -9999.0 -9999.0 -9999.0 -9999.0 -9999.0 -9999.0 -9999.0 -9999.0 -9999.0 -9999.0 -9999.0 -9999.0 -9999.0 -9999.0 -9999.0 -9999.0 -9999.0 -9999.0 -9999.0 -9999.0 -9999.0 -9999.0 -9999.0 -9999.0 -9999.0 -9999.0 -9999.0 -9999.0 -9999.0 -9999.0 -9999.0    38.6    40.9    42.8    42.2    43.4    43.0    42.2    38.6 -9999.0 -9999.0 -9999.0 -9999.0 -9999.0 -9999.0 -9999.0 -9999.0 -9999.0 -9999.0 -9999.0 -9999.0 -9999.0 -9999.0 -9999.0 -9999.0 -9999.0 -9999.0 -9999.0 -9999.0 -9999.0 -9999.0 -9999.0
 -9999.0 -9999.0 -9999.0 -9999.0 -9999.0 -9999.0 -9999.0 -9999.0 -9999.0 -9999.0 -9999.0 -9999.0 -9999.0 -9999.0 -9999.0 -9999.0 -9999.0 -9999.0 -9999.0 -9999.0 -9999.0 -9999.0 -9999.0 -9999.0 -9999.0 -9999.0 -9999.0 -9999.0 -9999.0 -9999.0 -9999.0 -9999.0 -9999.0 -9999.0 -9999.0 -9999.0 -9999.0 -9999.0 -9999.0 -9999.0 -9999.0 -9999.0 -9999.0 -9999.0 -9999.0 -9999.0 -9999.0 -9999.0 -9999.0 -9999.0 -9999.0 -9999.0 -9999.0 -9999.0 -9999.0 -9999.0 -9999.0 -9999.0 -9999.0 -9999.0 -9999.0 -9999.0 -9999.0 -9999.0 -9999.0 -9999.0 -9999.0 -9999.0 -9999.0 -9999.0 -9999.0 -9999.0 -9999.0 -9999.0 -9999.0 -9999.0 -9999.0 -9999.0 -9999.0 -9999.0 -9999.0 -9999.0 -9999.0 -9999.0 -9999.0 -9999.0 -9999.0 -9999.0 -9999.0 -9999.0 -9999.0 -9999.0 -9999.0 -9999.0 -9999.0 -9999.0    37.6    40.2    39.9    41.3    39.6    39.6    40.5    41.2    40.1    40.2    38.1    34.2    31.5 -9999.0 -9999.0 -9999.0 -9999.0 -9999.0 -9999.0 -9999.0 -9999.0 -9999.0 -9999.0 -9999.0 -9999.0 -9999.0 -9999.0 -9999.0 -9999.0 -9999.0 -9999.0 -9999.0
 -9999.0 -9999.0 -9999.0 -9999.0 -9999.0 -9999.0 -9999.0 -9999.0 -9999.0 -9999.0 -9999.0 -9999.0 -9999.0 -9999.0 -9999.0 -9999.0 -9999.0 -9999.0 -9999.0 -9999.0 -9999.0 -9999.0 -9999.0 -9999.0 -9999.0 -9999.0 -9999.0 -9999.0 -9999.0 -9999.0 -9999.0 -9999.0 -9999.0 -9999.0 -9999.0 -9999.0 -9999.0 -9999.0 -9999.0 -9999.0 -9999.0 -9999.0 -9999.0 -9999.0 -9999.0 -9999.0 -9999.0 -9999.0 -9999.0 -9999.0 -9999.0 -9999.0 -9999.0 -9999.0 -9999.0 -9999.0 -9999.0 -9999.0 -9999.0 -9999.0 -9999.0 -9999.0 -9999.0 -9999.0 -9999.0 -9999.0 -9999.0 -9999.0 -9999.0 -9999.0 -9999.0 -9999.0 -9999.0 -9999.0 -9999.0 -9999.0 -9999.0 -9999.0 -9999.0 -9999.0 -9999.0 -9999.0 -9999.0 -9999.0 -9999.0 -9999.0 -9999.0 -9999.0 -9999.0 -9999.0 -9999.0 -9999.0 -9999.0 -9999.0 -9999.0    33.2    37.5    40.0    39.9    40.7    39.2    37.5    37.1    37.2    37.7    33.9    35.3    32.2    31.1 -9999.0 -9999.0 -9999.0 -9999.0 -9999.0 -9999.0 -9999.0 -9999.0 -9999.0 -9999.0 -9999.0 -9999.0 -9999.0 -9999.0 -9999.0 -9999.0 -9999.0 -9999.0 -9999.0
 -9999.0 -9999.0 -9999.0 -9999.0 -9999.0 -9999.0 -9999.0 -9999.0 -9999.0 -9999.0 -9999.0 -9999.0 -9999.0 -9999.0 -9999.0 -9999.0 -9999.0 -9999.0 -9999.0 -9999.0 -9999.0 -9999.0 -9999.0 -9999.0 -9999.0 -9999.0 -9999.0 -9999.0 -9999.0 -9999.0 -9999.0 -9999.0 -9999.0 -9999.0 -9999.0 -9999.0 -9999.0 -9999.0 -9999.0 -9999.0 -9999.0 -9999.0 -9999.0 -9999.0 -9999.0 -9999.0 -9999.0 -9999.0 -9999.0 -9999.0 -9999.0 -9999.0 -9999.0 -9999.0 -9999.0 -9999.0 -9999.0 -9999.0 -9999.0 -9999.0 -9999.0 -9999.0 -9999.0 -9999.0 -9999.0 -9999.0 -9999.0 -9999.0 -9999.0 -9999.0 -9999.0 -9999.0 -9999.0 -9999.0 -9999.0 -9999.0 -9999.0 -9999.0 -9999.0 -9999.0 -9999.0 -9999.0 -9999.0 -9999.0 -9999.0 -9999.0 -9999.0 -9999.0 -9999.0 -9999.0 -9999.0 -9999.0 -9999.0 -9999.0 -9999.0    33.9    37.2    41.7    41.3    39.1    35.7    32.7    33.2    33.3    33.7    33.1    32.7    30.3    30.5    31.1 -9999.0 -9999.0 -9999.0 -9999.0 -9999.0 -9999.0 -9999.0 -9999.0 -9999.0 -9999.0 -9999.0 -9999.0 -9999.0 -9999.0 -9999.0 -9999.0 -9999.0 -9999.0
 -9999.0 -9999.0 -9999.0 -9999.0 -9999.0 -9999.0 -9999.0 -9999.0 -9999.0 -9999.0 -9999.0 -9999.0 -9999.0 -9999.0 -9999.0 -9999.0 -9999.0 -9999.0 -9999.0 -9999.0 -9999.0 -9999.0 -9999.0 -9999.0 -9999.0 -9999.0 -9999.0 -9999.0 -9999.0 -9999.0 -9999.0 -9999.0 -9999.0 -9999.0 -9999.0 -9999.0 -9999.0 -9999.0 -9999.0 -9999.0 -9999.0 -9999.0 -9999.0 -9999.0 -9999.0 -9999.0 -9999.0 -9999.0 -9999.0 -9999.0 -9999.0 -9999.0 -9999.0 -9999.0 -9999.0 -9999.0 -9999.0 -9999.0 -9999.0 -9999.0 -9999.0 -9999.0 -9999.0 -9999.0 -9999.0 -9999.0 -9999.0 -9999.0 -9999.0 -9999.0 -9999.0 -9999.0 -9999.0 -9999.0 -9999.0 -9999.0 -9999.0 -9999.0 -9999.0 -9999.0 -9999.0 -9999.0 -9999.0 -9999.0 -9999.0 -9999.0 -9999.0 -9999.0 -9999.0 -9999.0 -9999.0 -9999.0 -9999.0 -9999.0 -9999.0    33.4    38.7    39.9    39.6    38.1    35.2    29.8    27.8    27.5    28.2    27.0    28.5    28.0    28.7    32.4    34.0 -9999.0 -9999.0 -9999.0 -9999.0 -9999.0 -9999.0 -9999.0 -9999.0 -9999.0 -9999.0 -9999.0 -9999.0 -9999.0 -9999.0 -9999.0 -9999.0 -9999.0
 -9999.0 -9999.0 -9999.0 -9999.0 -9999.0 -9999.0 -9999.0 -9999.0 -9999.0 -9999.0 -9999.0 -9999.0 -9999.0 -9999.0 -9999.0 -9999.0 -9999.0 -9999.0 -9999.0 -9999.0 -9999.0 -9999.0 -9999.0 -9999.0 -9999.0 -9999.0 -9999.0 -9999.0 -9999.0 -9999.0 -9999.0 -9999.0 -9999.0 -9999.0 -9999.0 -9999.0 -9999.0 -9999.0 -9999.0 -9999.0 -9999.0 -9999.0 -9999.0 -9999.0 -9999.0 -9999.0 -9999.0 -9999.0 -9999.0 -9999.0 -9999.0 -9999.0 -9999.0 -9999.0 -9999.0 -9999.0 -9999.0 -9999.0 -9999.0 -9999.0 -9999.0 -9999.0 -9999.0 -9999.0 -9999.0 -9999.0 -9999.0 -9999.0 -9999.0 -9999.0 -9999.0 -9999.0 -9999.0 -9999.0 -9999.0 -9999.0 -9999.0 -9999.0 -9999.0 -9999.0 -9999.0 -9999.0 -9999.0 -9999.0 -9999.0 -9999.0 -9999.0 -9999.0 -9999.0 -9999.0 -9999.0 -9999.0 -9999.0 -9999.0    26.3    32.8    37.7    40.3    39.9    36.5    31.9    29.6    24.9    22.7    22.5    22.8    24.4    26.1    28.4    34.9    37.9 -9999.0 -9999.0 -9999.0 -9999.0 -9999.0 -9999.0 -9999.0 -9999.0 -9999.0 -9999.0 -9999.0 -9999.0 -9999.0 -9999.0 -9999.0 -9999.0 -9999.0
 -9999.0 -9999.0 -9999.0 -9999.0 -9999.0 -9999.0 -9999.0 -9999.0 -9999.0 -9999.0 -9999.0 -9999.0 -9999.0 -9999.0 -9999.0 -9999.0 -9999.0 -9999.0 -9999.0 -9999.0 -9999.0 -9999.0 -9999.0 -9999.0 -9999.0 -9999.0 -9999.0 -9999.0 -9999.0 -9999.0 -9999.0 -9999.0 -9999.0 -9999.0 -9999.0 -9999.0 -9999.0 -9999.0 -9999.0 -9999.0 -9999.0 -9999.0 -9999.0 -9999.0 -9999.0 -9999.0 -9999.0 -9999.0 -9999.0 -9999.0 -9999.0 -9999.0 -9999.0 -9999.0 -9999.0 -9999.0 -9999.0 -9999.0 -9999.0 -9999.0 -9999.0 -9999.0 -9999.0 -9999.0 -9999.0 -9999.0 -9999.0 -9999.0 -9999.0 -9999.0 -9999.0 -9999.0 -9999.0 -9999.0 -9999.0 -9999.0 -9999.0 -9999.0 -9999.0 -9999.0 -9999.0 -9999.0 -9999.0 -9999.0 -9999.0 -9999.0 -9999.0 -9999.0 -9999.0 -9999.0 -9999.0 -9999.0 -9999.0 -9999.0    24.2    31.0    36.3    38.7    38.0    36.0    31.7    27.7    23.8    20.2    18.9    19.5    22.2    25.7    28.6    34.1    44.1    47.1 -9999.0 -9999.0 -9999.0 -9999.0 -9999.0 -9999.0 -9999.0 -9999.0 -9999.0 -9999.0 -9999.0 -9999.0 -9999.0 -9999.0 -9999.0 -9999.0
 -9999.0 -9999.0 -9999.0 -9999.0 -9999.0 -9999.0 -9999.0 -9999.0 -9999.0 -9999.0 -9999.0 -9999.0 -9999.0 -9999.0 -9999.0 -9999.0 -9999.0 -9999.0 -9999.0 -9999.0 -9999.0 -9999.0 -9999.0 -9999.0 -9999.0 -9999.0 -9999.0 -9999.0 -9999.0 -9999.0 -9999.0 -9999.0 -9999.0 -9999.0 -9999.0 -9999.0 -9999.0 -9999.0 -9999.0 -9999.0 -9999.0 -9999.0 -9999.0 -9999.0 -9999.0 -9999.0 -9999.0 -9999.0 -9999.0 -9999.0 -9999.0 -9999.0 -9999.0 -9999.0 -9999.0 -9999.0 -9999.0 -9999.0 -9999.0 -9999.0 -9999.0 -9999.0 -9999.0 -9999.0 -9999.0 -9999.0 -9999.0 -9999.0 -9999.0 -9999.0 -9999.0 -9999.0 -9999.0 -9999.0 -9999.0 -9999.0 -9999.0 -9999.0 -9999.0 -9999.0 -9999.0 -9999.0 -9999.0 -9999.0 -9999.0 -9999.0 -9999.0 -9999.0 -9999.0    10.2 -9999.0 -9999.0    10.9    15.5    21.6    28.4    33.8    36.0    35.4    33.2    33.1    30.3    26.9    23.9    21.3    21.8    24.2    24.7    28.5    32.9    44.3    48.1 -9999.0 -9999.0 -9999.0 -9999.0 -9999.0 -9999.0 -9999.0 -9999.0 -9999.0 -9999.0 -9999.0 -9999.0 -9999.0 -9999.0 -9999.0 -9999.0
 -9999.0 -9999.0 -9999.0 -9999.0 -9999.0 -9999.0 -9999.0 -9999.0 -9999.0 -9999.0 -9999.0 -9999.0 -9999.0 -9999.0 -9999.0 -9999.0 -9999.0 -9999.0 -9999.0 -9999.0 -9999.0 -9999.0 -9999.0 -9999.0 -9999.0 -9999.0 -9999.0 -9999.0 -9999.0 -9999.0 -9999.0 -9999.0 -9999.0 -9999.0 -9999.0 -9999.0 -9999.0 -9999.0 -9999.0 -9999.0 -9999.0 -9999.0 -9999.0 -9999.0 -9999.0 -9999.0 -9999.0 -9999.0 -9999.0 -9999.0 -9999.0 -9999.0 -9999.0 -9999.0 -9999.0 -9999.0 -9999.0 -9999.0 -9999.0 -9999.0 -9999.0 -9999.0 -9999.0 -9999.0 -9999.0 -9999.0 -9999.0 -9999.0 -9999.0 -9999.0 -9999.0 -9999.0 -9999.0 -9999.0 -9999.0 -9999.0 -9999.0 -9999.0 -9999.0 -9999.0 -9999.0 -9999.0 -9999.0 -9999.0 -9999.0 -9999.0 -9999.0 -9999.0    14.0    10.4     8.2     7.5     9.1    13.5    18.8    25.5    29.9    31.7    31.2    30.5    30.5    32.5    35.0    33.2    29.9    28.0    28.5    29.4    30.5    33.0    38.1    45.7    44.1    39.5    35.0    30.6 -9999.0 -9999.0 -9999.0 -9999.0 -9999.0 -9999.0 -9999.0 -9999.0 -9999.0 -9999.0 -9999.0 -9999.0
 -9999.0 -9999.0 -9999.0 -9999.0 -9999.0 -9999.0 -9999.0 -9999.0 -9999.0 -9999.0 -9999.0 -9999.0 -9999.0 -9999.0 -9999.0 -9999.0 -9999.0 -9999.0 -9999.0 -9999.0 -9999.0 -9999.0 -9999.0 -9999.0 -9999.0 -9999.0 -9999.0 -9999.0 -9999.0    69.5    72.0    74.3    76.0 -9999.0 -9999.0 -9999.0 -9999.0 -9999.0 -9999.0 -9999.0 -9999.0 -9999.0 -9999.0 -9999.0 -9999.0 -9999.0 -9999.0 -9999.0 -9999.0 -9999.0 -9999.0 -9999.0 -9999.0 -9999.0 -9999.0 -9999.0 -9999.0 -9999.0 -9999.0 -9999.0 -9999.0 -9999.0 -9999.0 -9999.0 -9999.0 -9999.0 -9999.0 -9999.0 -9999.0 -9999.0 -9999.0 -9999.0 -9999.0 -9999.0 -9999.0 -9999.0 -9999.0 -9999.0 -9999.0 -9999.0 -9999.0 -9999.0 -9999.0 -9999.0 -9999.0 -9999.0 -9999.0    20.7    16.4    12.2     8.8     7.1     8.1    11.4    16.5    21.7    25.9    27.0    26.3    25.9    29.5    36.3    41.1    44.6    38.9    35.6    35.0    33.9    31.6    33.0    37.2    42.0    40.0    37.8    32.8    31.4    27.2    20.1 -9999.0 -9999.0 -9999.0 -9999.0 -9999.0 -9999.0 -9999.0 -9999.0 -9999.0 -9999.0
 -9999.0 -9999.0 -9999.0 -9999.0 -9999.0 -9999.0 -9999.0 -9999.0 -9999.0 -9999.0 -9999.0 -9999.0 -9999.0 -9999.0 -9999.0 -9999.0 -9999.0 -9999.0 -9999.0 -9999.0 -9999.0 -9999.0 -9999.0 -9999.0 -9999.0 -9999.0 -9999.0    53.1    53.4    53.6    60.8    64.9    67.8    70.2 -9999.0 -9999.0 -9999.0 -9999.0 -9999.0 -9999.0 -9999.0 -9999.0 -9999.0 -9999.0 -9999.0 -9999.0 -9999.0 -9999.0 -9999.0 -9999.0 -9999.0 -9999.0 -9999.0 -9999.0 -9999.0 -9999.0 -9999.0 -9999.0 -9999.0 -9999.0 -9999.0 -9999.0 -9999.0 -9999.0 -9999.0 -9999.0 -9999.0 -9999.0 -9999.0 -9999.0 -9999.0 -9999.0 -9999.0 -9999.0 -9999.0 -9999.0 -9999.0 -9999.0 -9999.0 -9999.0 -9999.0 -9999.0 -9999.0 -9999.0 -9999.0 -9999.0 -9999.0    24.0    19.3    13.8     9.5     7.2     7.4    10.3    14.7    19.7    22.6    23.8    22.5    22.3    26.3    34.0    39.1    40.7    38.5    37.6    37.7    35.9    36.1    38.3    40.3    41.0    36.8    34.6    30.7    25.7    24.2    20.7 -9999.0 -9999.0 -9999.0 -9999.0 -9999.0    22.7    22.6    20.5    19.4 -9999.0
 -9999.0 -9999.0 -9999.0 -9999.0 -9999.0 -9999.0 -9999.0 -9999.0 -9999.0 -9999.0 -9999.0 -9999.0 -9999.0 -9999.0 -9999.0 -9999.0 -9999.0 -9999.0 -9999.0 -9999.0 -9999.0 -9999.0 -9999.0 -9999.0 -9999.0 -9999.0    41.9    34.7    33.9    36.2    43.7    53.1    60.4    63.3    61.1    56.4    49.2 -9999.0 -9999.0 -9999.0 -9999.0 -9999.0 -9999.0 -9999.0 -9999.0 -9999.0 -9999.0 -9999.0 -9999.0 -9999.0 -9999.0 -9999.0 -9999.0 -9999.0 -9999.0 -9999.0 -9999.0 -9999.0 -9999.0 -9999.0 -9999.0 -9999.0 -9999.0 -9999.0 -9999.0 -9999.0 -9999.0 -9999.0 -9999.0 -9999.0 -9999.0 -9999.0 -9999.0 -9999.0 -9999.0 -9999.0 -9999.0 -9999.0 -9999.0 -9999.0 -9999.0 -9999.0 -9999.0 -9999.0 -9999.0 -9999.0    29.4    25.1    19.7    14.2    10.0     7.3     7.1     9.6    13.8    19.4    21.7    22.4    20.9    20.1    23.8    29.0    30.5    28.2    26.5    29.8    35.3    37.4    39.6    44.4    48.1    46.7    41.0    38.0    29.2    27.2    31.4    29.0    20.2 -9999.0 -9999.0    29.7    28.4    26.1    24.4    15.1    19.1 -9999.0
 -9999.0 -9999.0 -9999.0 -9999.0 -9999.0 -9999.0 -9999.0 -9999.0 -9999.0 -9999.0 -9999.0 -9999.0 -9999.0 -9999.0 -9999.0 -9999.0 -9999.0 -9999.0 -9999.0 -9999.0 -9999.0 -9999.0 -9999.0 -9999.0 -9999.0 -9999.0    29.0    25.6    22.7    22.4    26.5    38.1    48.2    58.8    58.1    51.5    44.2    36.7 -9999.0 -9999.0 -9999.0 -9999.0 -9999.0 -9999.0 -9999.0 -9999.0 -9999.0 -9999.0 -9999.0 -9999.0 -9999.0 -9999.0 -9999.0 -9999.0 -9999.0 -9999.0 -9999.0 -9999.0 -9999.0 -9999.0 -9999.0 -9999.0 -9999.0 -9999.0 -9999.0 -9999.0 -9999.0 -9999.0 -9999.0 -9999.0 -9999.0 -9999.0 -9999.0 -9999.0 -9999.0 -9999.0 -9999.0 -9999.0 -9999.0 -9999.0 -9999.0 -9999.0 -9999.0 -9999.0 -9999.0 -9999.0    29.3    24.1    18.9    13.9     9.6     7.2     7.4     9.7    14.9    20.0    24.5    21.6    17.9    17.9    19.8    21.5    19.8    16.1    14.5    18.8    27.6    34.0    41.3    53.1    59.3    52.9    43.5    43.5    40.3    24.2    36.2    37.9    43.8    45.3    42.4    36.8    32.2    28.9    26.1    24.2    21.4 -9999.0
 -9999.0 -9999.0 -9999.0 -9999.0 -9999.0 -9999.0 -9999.0 -9999.0 -9999.0 -9999.0 -9999.0 -9999.0 -9999.0 -9999.0 -9999.0 -9999.0 -9999.0 -9999.0 -9999.0 -9999.0 -9999.0    69.3    60.4    50.1    37.0    27.1    21.3    19.6    19.2    18.7    20.2    28.6    38.9    49.4    53.7    48.4    40.0    33.1    28.5 -9999.0 -9999.0 -9999.0 -9999.0 -9999.0 -9999.0 -9999.0 -9999.0 -9999.0 -9999.0 -9999.0 -9999.0 -9999.0 -9999.0 -9999.0 -9999.0 -9999.0 -9999.0 -9999.0 -9999.0 -9999.0 -9999.0 -9999.0 -9999.0 -9999.0 -9999.0 -9999.0 -9999.0 -9999.0 -9999.0 -9999.0 -9999.0 -9999.0 -9999.0 -9999.0 -9999.0 -9999.0 -9999.0 -9999.0 -9999.0 -9999.0 -9999.0 -9999.0 -9999.0 -9999.0 -9999.0 -9999.0 -9999.0    23.9 -9999.0 -9999.0     9.0 -9999.0 -9999.0    10.6    15.2    21.9    26.3    20.9    16.2    16.9    15.9    15.5    13.3    10.6    10.0    12.9    19.0    25.9    36.9    50.8    58.6    56.3    49.1    42.6    42.1    37.9    45.1    46.9    50.4    54.0    45.5    44.9    39.3    33.7    27.6    18.8 -9999.0 -9999.0
 -9999.0 -9999.0 -9999.0 -9999.0 -9999.0 -9999.0 -9999.0 -9999.0 -9999.0 -9999.0 -9999.0 -9999.0 -9999.0 -9999.0 -9999.0 -9999.0 -9999.0 -9999.0 -9999.0 -9999.0 -9999.0    62.1    54.3    40.6    28.6    22.1    14.9    12.6    14.2    16.4    18.8    27.1    38.7    45.1    47.9    43.5    34.9    31.1    21.9 -9999.0 -9999.0 -9999.0 -9999.0 -9999.0 -9999.0 -9999.0 -9999.0 -9999.0 -9999.0 -9999.0 -9999.0 -9999.0 -9999.0 -9999.0 -9999.0 -9999.0 -9999.0 -9999.0 -9999.0 -9999.0 -9999.0 -9999.0 -9999.0 -9999.0 -9999.0 -9999.0 -9999.0 -9999.0 -9999.0 -9999.0 -9999.0 -9999.0 -9999.0 -9999.0 -9999.0 -9999.0 -9999.0 -9999.0 -9999.0 -9999.0 -9999.0 -9999.0 -9999.0 -9999.0 -9999.0 -9999.0 -9999.0 -9999.0 -9999.0    11.6     8.7     7.6     8.8    10.5    15.4    22.6    21.3    19.2    16.0    15.1    14.7    13.5    12.3    11.5    11.9    13.8    16.9    21.9    30.7    40.7    47.6    48.9    45.8    41.7    38.2    50.6    50.2    48.4    51.4    55.2    55.7    53.1    43.4    27.9    34.9 -9999.0 -9999.0 -9999.0
 -9999.0 -9999.0 -9999.0 -9999.0 -9999.0 -9999.0 -9999.0 -9999.0 -9999.0 -9999.0 -9999.0 -9999.0 -9999.0 -9999.0 -9999.0 -9999.0 -9999.0 -9999.0 -9999.0 -9999.0    47.1    53.4    43.0    32.7    23.9    17.2    13.0    11.8    12.2    15.1    21.7    28.2    38.7    45.4    45.4    39.8    32.1    23.8    18.1 -9999.0 -9999.0 -9999.0 -9999.0 -9999.0 -9999.0 -9999.0 -9999.0 -9999.0 -9999.0 -9999.0 -9999.0 -9999.0 -9999.0 -9999.0 -9999.0 -9999.0 -9999.0 -9999.0 -9999.0 -9999.0 -9999.0 -9999.0 -9999.0 -9999.0 -9999.0 -9999.0 -9999.0 -9999.0 -9999.0 -9999.0 -9999.0 -9999.0 -9999.0 -9999.0 -9999.0 -9999.0 -9999.0 -9999.0 -9999.0 -9999.0 -9999.0 -9999.0 -9999.0 -9999.0 -9999.0 -9999.0 -9999.0 -9999.0    14.9    11.2     8.8     7.5     8.6    10.6    14.9    20.4    21.2    23.0    19.5    18.0    17.4    16.2    16.2    17.7    19.9    21.7    22.4    24.6    30.4    37.3    42.2    44.3    42.9    46.0    49.6    48.6    49.3    46.2    39.7    42.7    54.8    56.8    56.5    49.7    41.2 -9999.0 -9999.0 -9999.0
 -9999.0 -9999.0 -9999.0 -9999.0 -9999.0 -9999.0 -9999.0 -9999.0 -9999.0 -9999.0 -9999.0 -9999.0 -9999.0 -9999.0 -9999.0 -9999.0 -9999.0 -9999.0    31.1    35.5    36.5    39.8    40.3    32.6    24.1    18.8    13.4    12.6    13.9    18.7    24.8    33.8    42.4    46.1    45.5    40.4    31.7    22.9    16.1 -9999.0 -9999.0 -9999.0 -9999.0 -9999.0 -9999.0 -9999.0 -9999.0 -9999.0 -9999.0 -9999.0 -9999.0 -9999.0 -9999.0 -9999.0 -9999.0 -9999.0 -9999.0 -9999.0 -9999.0 -9999.0 -9999.0 -9999.0 -9999.0 -9999.0 -9999.0 -9999.0 -9999.0 -9999.0 -9999.0 -9999.0 -9999.0 -9999.0 -9999.0 -9999.0 -9999.0 -9999.0 -9999.0 -9999.0 -9999.0 -9999.0 -9999.0 -9999.0 -9999.0 -9999.0    29.8    28.1    24.0    17.4    12.6    11.5     9.6     9.0     8.8    11.3    15.6    22.1    22.8    25.1    24.0    23.0    21.8    21.0    22.3    26.1    31.3    34.7    33.7    33.6    37.7    41.1    43.1    43.7    42.5    45.0    40.9    40.6    28.3    45.7    42.5    45.7    48.5    62.1    65.4    58.7 -9999.0 -9999.0 -9999.0 -9999.0
 -9999.0 -9999.0 -9999.0 -9999.0 -9999.0 -9999.0 -9999.0 -9999.0 -9999.0 -9999.0 -9999.0 -9999.0 -9999.0 -9999.0 -9999.0    19.9    27.4    36.8    38.9    39.3    43.8    30.9    40.4    27.5    20.7    16.8    16.3    17.6    19.6    24.4    31.2    38.2    44.1    45.8    47.9    44.0    35.6    36.9    24.8    16.4    15.9    14.9    12.5    10.7 -9999.0 -9999.0 -9999.0 -9999.0 -9999.0 -9999.0 -9999.0 -9999.0 -9999.0 -9999.0 -9999.0 -9999.0 -9999.0 -9999.0 -9999.0 -9999.0 -9999.0 -9999.0 -9999.0 -9999.0 -9999.0 -9999.0 -9999.0 -9999.0 -9999.0 -9999.0 -9999.0 -9999.0 -9999.0 -9999.0 -9999.0 -9999.0 -9999.0 -9999.0 -9999.0     3.3     6.6    11.2    16.7    22.5    25.7    24.1    19.8    14.8    11.4    10.8     9.9    10.6    11.8    15.4    19.7    27.1    26.9    29.3    28.9    26.8    24.6    23.7    25.1    29.0    35.0    40.1    38.6    37.9    40.5    41.7    41.7    44.4    44.0    38.6    19.9    31.5    36.3    39.7    41.4    42.2    51.2    60.6    66.0    56.1 -9999.0 -9999.0 -9999.0 -9999.0
 -9999.0 -9999.0 -9999.0 -9999.0 -9999.0 -9999.0 -9999.0 -9999.0 -9999.0 -9999.0 -9999.0 -9999.0 -9999.0 -9999.0 -9999.0    37.1    36.6    40.1    42.6    47.1    29.6    22.7    21.5    23.9    22.5    21.5    21.7    23.9    26.0    28.6    33.8    37.8    39.9    37.5    38.3    38.6    31.1    28.5    15.6    11.7     8.4     4.1     4.6     5.0     3.2     3.3     6.0 -9999.0 -9999.0 -9999.0 -9999.0 -9999.0 -9999.0 -9999.0 -9999.0 -9999.0 -9999.0 -9999.0 -9999.0 -9999.0 -9999.0 -9999.0 -9999.0 -9999.0 -9999.0 -9999.0 -9999.0 -9999.0 -9999.0 -9999.0 -9999.0 -9999.0 -9999.0 -9999.0 -9999.0 -9999.0 -9999.0 -9999.0     0.7     2.0     4.1     7.3    11.5    16.0    18.7    17.1    13.9    12.0    11.3    11.8    13.6    15.2    18.4    20.4    28.4    24.8    28.0    28.5    29.6    26.5    23.4    21.5    21.0    21.5    23.4    25.2    25.9    28.5    30.4    33.0    36.5    39.2    27.7    21.5    17.4    22.4    18.5    20.4    25.5    32.3    46.3    54.8    53.5 -9999.0 -9999.0 -9999.0 -9999.0 -9999.0
 -9999.0 -9999.0 -9999.0 -9999.0 -9999.0 -9999.0 -9999.0 -9999.0 -9999.0 -9999.0 -9999.0 -9999.0 -9999.0 -9999.0 -9999.0 -9999.0    37.3    49.4    60.0    58.1    49.4    61.5    30.4    48.0    41.8    35.5    33.5    32.5    31.6    31.8    35.4    34.3    29.6    26.7    29.8    35.1    35.4    28.8    19.7    18.4    21.8    15.3    12.8     6.3     3.3     1.3     0.5     0.3 -9999.0 -9999.0 -9999.0 -9999.0 -9999.0 -9999.0 -9999.0 -9999.0 -9999.0 -9999.0 -9999.0 -9999.0 -9999.0 -9999.0 -9999.0 -9999.0 -9999.0 -9999.0 -9999.0 -9999.0 -9999.0 -9999.0 -9999.0 -9999.0 -9999.0 -9999.0 -9999.0 -9999.0 -9999.0 -9999.0     0.5     1.4     2.7     4.5     6.4     8.7    11.0    10.9    11.1    10.8    12.5    16.1    17.9    20.7    25.2    24.9    19.8    19.4    20.4    24.5    24.9    22.1    18.5    15.9    13.8    11.2    10.0    10.9    13.5    18.0    19.6    22.6    27.3    23.3    16.0    18.4    15.4    10.8    13.3    18.1    17.0    30.0 -9999.0 -9999.0 -9999.0 -9999.0 -9999.0 -9999.0 -9999.0 -9999.0
 -9999.0 -9999.0 -9999.0 -9999.0 -9999.0 -9999.0 -9999.0 -9999.0 -9999.0 -9999.0 -9999.0 -9999.0 -9999.0 -9999.0 -9999.0 -9999.0    39.5    55.5    68.4    70.7    69.8    72.5    67.8    41.0    14.1    11.1    14.8    28.3    26.6    43.1    40.9    31.5    33.2    30.2    22.0    32.2    42.7    33.9    23.5    25.0    30.4    23.5    30.5    31.0     9.6     1.5     0.3     0.2 -9999.0 -9999.0 -9999.0 -9999.0 -9999.0 -9999.0 -9999.0 -9999.0 -9999.0 -9999.0 -9999.0 -9999.0 -9999.0 -9999.0 -9999.0 -9999.0 -9999.0 -9999.0 -9999.0 -9999.0 -9999.0 -9999.0 -9999.0 -9999.0 -9999.0 -9999.0 -9999.0 -9999.0 -9999.0     0.3     0.7     1.5     2.6     3.6     4.4     5.7     7.0     8.2     9.3    11.4    14.8    19.7    24.8    25.4    21.4    20.4    19.3    14.9    16.7    19.9    19.9    17.2    13.6    11.2     9.1     6.5     5.5     7.5    11.3    15.3    17.7    21.3    24.5    25.9    21.6    15.4     7.4     8.0    10.9    15.9    14.1 -9999.0 -9999.0 -9999.0 -9999.0 -9999.0 -9999.0 -9999.0 -9999.0 -9999.0
 -9999.0 -9999.0 -9999.0 -9999.0 -9999.0 -9999.0 -9999.0 -9999.0 -9999.0 -9999.0 -9999.0 -9999.0 -9999.0 -9999.0 -9999.0 -9999.0    40.4    44.4    44.1    56.6    61.1    64.7    27.6    29.5    18.3    11.0     4.0     5.8    11.5    18.6    22.9    17.5     5.1     3.1    11.2    22.1    25.4    12.0     6.6     1.3     5.4    14.5    23.8    30.0    22.1    10.1     2.0     0.4     0.4     0.2     0.1 -9999.0 -9999.0 -9999.0 -9999.0 -9999.0 -9999.0 -9999.0 -9999.0 -9999.0 -9999.0 -9999.0 -9999.0 -9999.0 -9999.0 -9999.0 -9999.0 -9999.0 -9999.0 -9999.0 -9999.0 -9999.0 -9999.0 -9999.0 -9999.0 -9999.0     0.3     0.7     1.4     2.6     3.7     4.5     5.1     5.7     6.9     8.5    10.6    13.9    19.0    24.7    28.8    27.0    22.2    16.4    14.1    14.4    16.0    18.0    17.9    15.1    12.1    10.8    10.5    10.2    11.1    14.7    19.9    22.9    24.7    27.9    28.1    16.0    14.9     9.4     5.4     8.0     3.5     7.5    16.9    30.2 -9999.0 -9999.0 -9999.0 -9999.0 -9999.0 -9999.0 -9999.0 -9999.0
 -9999.0 -9999.0 -9999.0 -9999.0 -9999.0 -9999.0 -9999.0 -9999.0 -9999.0 -9999.0 -9999.0 -9999.0 -9999.0 -9999.0 -9999.0    24.5    29.8    36.2    29.3    20.1    13.5     7.1     5.5     7.8     4.8     0.8     0.7     1.2     2.7     5.4     8.3     5.1     1.5     0.7     0.6     0.8     2.6     0.8     0.1     0.1     0.1     1.0     7.3    10.8    11.9    10.0     5.3     2.3     1.0     0.4     0.2     0.1     0.1     0.0     0.0     0.1     0.1     0.2     0.3     0.3     0.4 -9999.0 -9999.0 -9999.0 -9999.0 -9999.0 -9999.0 -9999.0 -9999.0     0.4     0.4     0.3     0.3     0.3     0.4     0.6     1.2     2.5     3.9     4.8     6.2     7.4     7.7     7.7     8.6    10.3    12.4    15.9    21.9    28.3    31.2    28.7    23.9    17.0    14.8    15.3    16.1    17.9    17.9    14.7    12.9    14.2    19.2    24.4    28.8    35.0    39.8    41.1    41.6    34.4    27.5    18.9    12.2     5.1     6.6     8.6    14.3    18.6 -9999.0 -9999.0 -9999.0 -9999.0 -9999.0 -9999.0 -9999.0 -9999.0 -9999.0 -9999.0
 -9999.0 -9999.0 -9999.0 -9999.0 -9999.0 -9999.0 -9999.0 -9999.0 -9999.0 -9999.0 -9999.0 -9999.0 -9999.0 -9999.0    23.1    30.2    26.5    19.6    15.0     9.8     7.8    10.6     7.7     0.8     0.5     0.1     0.1     1.1     3.8     6.0     4.9     1.9     0.6     0.4     0.4     0.6     0.9     0.8     0.7     0.4     0.4     1.5     4.2     6.6     7.9     7.3     5.7     4.4     2.6     1.3     0.6     0.3     0.2     0.1     0.1     0.1     0.2     0.3     0.4     0.4     0.4     0.4     0.5     0.5     0.6     0.7     0.9     0.9     0.9     0.8     0.7     0.7     0.8     1.0     1.6     2.7     4.6     6.8     8.1     8.6    10.0    11.1    10.0     9.3     9.3    11.1    12.2    15.5    22.5    29.7    31.6    29.7    19.2    14.7    12.5    14.5    15.7    14.6    13.3    13.3    15.8    22.3    33.9    46.2    51.6    52.3    50.4    47.6    42.0    26.2    24.5    11.5     4.3     5.2     3.5     5.8    12.3 -9999.0 -9999.0 -9999.0 -9999.0 -9999.0 -9999.0 -9999.0 -9999.0 -9999.0 -9999.0 -9999.0
 -9999.0 -9999.0 -9999.0 -9999.0 -9999.0 -9999.0 -9999.0 -9999.0 -9999.0 -9999.0 -9999.0 -9999.0    36.0    31.1    29.3    11.1    15.8     8.5     6.2     4.4     3.3     2.6     3.0     3.0     2.1     1.5     1.1     1.2     1.3     2.4     2.8     1.6     0.6     0.4     0.3     0.3     0.6     0.6     0.3     0.5     0.8     2.5     5.0     6.9     7.7     7.9     7.2     6.1     4.4     3.1     1.8     0.9     0.4     0.2     0.2     0.2     0.2     0.3     0.4     0.4     0.4     0.4     0.4     0.5     0.6     0.8     1.1     1.3     1.5     1.4     1.4     1.6     1.9     2.8     4.2     6.4     9.9    12.5    12.9    13.6    13.9    14.5    11.6     9.9     9.5    10.1    11.1    14.3    21.4    29.6    29.9    24.7    24.5    20.1    12.5    12.7    10.3    10.3    12.2    16.0    27.9    41.2    56.1    64.2    55.8    52.4    44.7    37.9    28.1    26.0    14.2     4.7     4.6     3.2     0.2 -9999.0 -9999.0 -9999.0 -9999.0 -9999.0 -9999.0 -9999.0 -9999.0 -9999.0 -9999.0 -9999.0 -9999.0 -9999.0
 -9999.0 -9999.0 -9999.0 -9999.0 -9999.0 -9999.0 -9999.0 -9999.0 -9999.0    32.0    48.7    36.4    29.5     9.8     1.4     1.9     2.6     2.4     1.6     0.9     0.5     0.4     0.4     0.4     0.4     0.3     0.3     0.4     0.7     1.6     1.9     0.6     0.6     0.4     0.3     0.4     0.3     0.1     0.1     0.1     0.4     1.4     2.2     3.9     5.4     6.7     7.8     8.1     7.3     4.9     4.0     2.4     1.1     0.4     0.3     0.3     0.3     0.4     0.4     0.4     0.3     0.3     0.3     0.4     0.6     0.9     1.3     1.7     2.2     2.4     1.9     2.1     3.1     5.2     7.6    10.1    13.9    16.9    19.1    18.7    18.4    17.1    14.0    11.0    10.1    11.8    12.7    17.9    25.4    32.1    28.9    23.3    17.7    16.1    14.5    12.9    12.0    15.2    21.5    29.2    43.6    60.0    70.8    61.6    42.4    27.6    23.2    24.3    23.5    10.5     6.1     4.7     5.4 -9999.0 -9999.0 -9999.0 -9999.0 -9999.0 -9999.0 -9999.0 -9999.0 -9999.0 -9999.0 -9999.0 -9999.0 -9999.0 -9999.0 -9999.0
 -9999.0 -9999.0 -9999.0 -9999.0 -9999.0    13.9    42.4    29.7    30.0    32.0    18.0    20.1    17.1     6.0     2.4     1.3     1.1     0.7     0.4     0.2     0.1     0.1     0.1     0.1     0.1     0.1     0.2     0.2     0.4     1.0     1.9     1.9     1.2     0.5     0.3     0.2     0.1     0.1     0.0     0.1     0.3     0.4     1.1     2.5     3.7     5.7     8.4    11.2    12.1    10.7     7.2     4.4     2.0     0.9     0.5     0.5     0.5     0.5     0.4     0.4     0.3     0.3     0.3     0.4     0.7     1.1     1.6     2.2     2.8     2.5     2.4     2.8     4.2     7.2    10.8    13.5    17.2    22.0    27.9    30.0    25.0    20.6    16.3    13.6    13.8    22.1    23.3    31.4    35.7    36.5    32.1    26.7    23.4    23.3    23.9    24.6    26.6    37.8 -9999.0 -9999.0    45.9    51.2    37.6    37.8    38.8    28.4    23.0    15.1    11.0 -9999.0 -9999.0 -9999.0 -9999.0 -9999.0 -9999.0 -9999.0 -9999.0 -9999.0 -9999.0 -9999.0 -9999.0 -9999.0 -9999.0 -9999.0 -9999.0 -9999.0 -9999.0 -9999.0
 -9999.0 -9999.0 -9999.0    12.4     5.7    24.9    19.6    19.3    19.2     3.4     1.7     2.6     5.9     1.9     1.1     0.9     0.6     0.3     0.2     0.1     0.1     0.1     0.1     0.1     0.1     0.1     0.2     0.3     0.3     0.8     1.4     1.6     1.1     0.5     0.3     0.1     0.1     0.0     0.0     0.0     0.1     0.2     0.4     1.0     2.4     4.6     8.2    12.1    14.2    12.7    10.6     7.3     4.2     2.3     1.5     1.3     1.3     1.2     0.8     0.4     0.3     0.3     0.3     0.6     0.9     1.4     2.2     2.3     2.7     2.9     2.8     3.0     4.6     7.9    12.1    15.8    18.6    21.4    25.1    27.3    25.5    25.3    17.7    16.7    21.2    24.8    31.9    38.0    36.4    35.0    34.4    34.1    37.3    38.7    40.9    46.6    57.2 -9999.0 -9999.0 -9999.0    39.9    29.3    38.7    37.4    34.0    22.3    17.4 -9999.0 -9999.0 -9999.0 -9999.0 -9999.0 -9999.0 -9999.0 -9999.0 -9999.0 -9999.0 -9999.0 -9999.0 -9999.0 -9999.0 -9999.0 -9999.0 -9999.0 -9999.0 -9999.0 -9999.0 -9999.0
 -9999.0 -9999.0    10.6    10.7     9.3     4.0     3.3     2.2     0.6     0.5     0.6     0.8     0.8     0.8     0.8     0.7     0.4     0.3     0.2     0.1     0.1     0.1     0.1     0.1     0.1     0.2     0.2     0.2     0.4     0.6     1.0     1.0     0.7     0.4     0.2     0.1     0.1     0.1     0.1     0.1     0.1     0.3     0.5     1.0     2.1     4.2     4.4     4.5     5.3     5.9     2.8     3.6     4.4     4.0     3.6     3.6     3.5     2.9     1.7     0.8     0.4     0.4     0.5     0.9     1.5     2.1     2.5     2.5     2.8     2.9     2.5     2.4     3.6     7.2    12.7    17.6    20.2    18.7    21.5    24.9    26.6    26.1    18.2    19.7    21.4    36.5    37.3    36.5    30.1    27.7    28.7    36.1    48.9    60.8    70.0 -9999.0 -9999.0 -9999.0 -9999.0    41.1    39.7    45.6    43.3    39.0 -9999.0 -9999.0 -9999.0 -9999.0 -9999.0 -9999.0 -9999.0 -9999.0 -9999.0 -9999.0 -9999.0 -9999.0 -9999.0 -9999.0 -9999.0 -9999.0 -9999.0 -9999.0 -9999.0 -9999.0 -9999.0 -9999.0 -9999.0 -9999.0
 -9999.0 -9999.0    18.2    21.9    40.0    14.2     1.4     0.9     0.8     0.7     1.0     1.2     1.1     0.9     0.7     0.6     0.4     0.3     0.2     0.1     0.1     0.2     0.2     0.3     0.3     0.3     0.3     0.3     0.4     0.4     0.6     0.6     0.5     0.3     0.2     0.2     0.2     0.3     0.3     0.3     0.3     0.5     1.2     2.7     1.2     1.3     1.2     1.9     0.6     0.6     0.4     0.3     0.2     0.3     4.5     6.5     6.5     6.7     4.4     2.8     1.7     1.1     1.7     2.2     2.7     3.2     3.3     3.2     3.0     2.4     1.9     1.6     2.5     5.7    10.9    16.0    16.9    18.3    18.9    24.3    25.9    23.1    26.1    29.1    28.8    33.6    34.7    33.2    27.6    22.8    22.9    31.1    48.0    64.4 -9999.0 -9999.0 -9999.0 -9999.0 -9999.0    50.3 -9999.0 -9999.0 -9999.0 -9999.0 -9999.0 -9999.0 -9999.0 -9999.0 -9999.0 -9999.0 -9999.0 -9999.0 -9999.0 -9999.0 -9999.0 -9999.0 -9999.0 -9999.0 -9999.0 -9999.0 -9999.0 -9999.0 -9999.0 -9999.0 -9999.0 -9999.0 -9999.0 -9999.0
 -9999.0 -9999.0    10.5    22.3    20.9    13.4     7.0     7.5     1.2     0.9     1.2     1.4     1.2     0.9     0.7     0.5     0.4     0.3     0.2     0.2     0.2     0.3     0.3     0.4     0.4     0.4     0.3     0.3     0.4     0.4     0.4     0.4     0.1     0.2     0.2     0.4     0.3     0.4     0.6     0.5     0.3     0.4     0.4     0.6     0.8     1.0     0.9     0.7     0.7     0.5     0.5     0.3     0.4     0.5     0.6     2.0     9.3    10.0     9.4     6.6     3.9     4.0     4.5     4.2     4.2     4.5     4.5     4.8     2.7     2.3     2.2     2.1     3.0     6.0    10.8    16.6    19.8    20.7    29.1    37.2    39.8    26.4    31.2    45.3    29.8    39.3    47.4    46.1    37.1    28.1    24.5 -9999.0 -9999.0 -9999.0 -9999.0 -9999.0 -9999.0 -9999.0 -9999.0 -9999.0 -9999.0 -9999.0 -9999.0 -9999.0 -9999.0 -9999.0 -9999.0 -9999.0 -9999.0 -9999.0 -9999.0 -9999.0 -9999.0 -9999.0 -9999.0 -9999.0 -9999.0 -9999.0 -9999.0 -9999.0 -9999.0 -9999.0 -9999.0 -9999.0 -9999.0 -9999.0 -9999.0 -9999.0
 -9999.0 -9999.0 -9999.0    19.1     8.0    14.3    13.8    10.1     5.4     1.1     0.7     0.9     0.9     0.8     0.6     0.5     0.4     0.4     0.3     0.3     0.3     0.4     0.4     0.5     0.5     0.5     0.4     0.4     0.4     0.3     0.1     0.1     0.1     0.3     0.5     0.4     0.3     0.3     0.4     0.3     0.3     0.3     0.4     0.4     0.5     0.5     0.6     0.6     0.7     0.5     0.4     0.5     0.7     1.5     1.7     2.3     4.0     7.1     9.4     9.3     8.2     8.0     7.6     5.9     5.0     5.3     5.7     5.6     3.4     3.5     4.5     5.1     6.7     9.6    14.5    19.2    24.8    28.0    42.3    39.6    45.8    41.0    49.7    46.3    51.8    64.3    76.9    74.3    60.1    46.5    39.4    37.9 -9999.0 -9999.0 -9999.0 -9999.0 -9999.0 -9999.0 -9999.0 -9999.0 -9999.0 -9999.0 -9999.0 -9999.0 -9999.0 -9999.0 -9999.0 -9999.0 -9999.0 -9999.0 -9999.0 -9999.0 -9999.0 -9999.0 -9999.0 -9999.0 -9999.0 -9999.0 -9999.0 -9999.0 -9999.0 -9999.0 -9999.0 -9999.0 -9999.0 -9999.0 -9999.0 -9999.0
 -9999.0 -9999.0 -9999.0 -9999.0 -9999.0     4.5     1.3     1.7     6.7     0.8     0.4     0.4     0.5     0.5     0.5     0.4     0.4     0.4     0.4     0.3     0.3     0.4     0.5     0.5     0.6     0.5     0.3     0.2     0.0     0.0     0.0     0.1     0.1     0.2     0.6     0.4     0.6     0.8     0.6     0.4     0.4     0.4     0.4     0.4     0.4     0.4     0.4     0.5     0.4     0.8     0.5     1.5     1.6     2.4     3.8     4.8     5.6     6.3     7.6     8.8    10.5    12.1    10.4     7.0     5.8     6.3     7.3     6.5     5.7     6.7     9.4    12.1    14.9    19.3    25.9    31.0    36.4    40.8    51.8    60.8    61.2    55.8    60.9    66.8    73.6    86.9   110.4   105.5    87.3    73.3    65.6    61.4    59.8    61.8 -9999.0 -9999.0 -9999.0    87.1 -9999.0 -9999.0 -9999.0 -9999.0 -9999.0 -9999.0 -9999.0 -9999.0 -9999.0 -9999.0 -9999.0 -9999.0 -9999.0 -9999.0 -9999.0 -9999.0 -9999.0 -9999.0 -9999.0 -9999.0 -9999.0 -9999.0 -9999.0 -9999.0 -9999.0 -9999.0 -9999.0 -9999.0 -9999.0 -9999.0
 -9999.0 -9999.0 -9999.0 -9999.0     2.5     7.7    13.3     4.3     3.6     0.4     0.8     0.6     0.4     0.3     0.4     0.4     0.4     0.4     0.4     0.4     0.4     0.4     0.4     0.4     0.3     0.1     0.1     0.0     0.0     0.0     0.1     0.1     0.1     0.3     0.3     0.5     0.6     1.8     1.8     1.2     0.7     0.6     0.6     0.5     0.4     0.4     0.4     0.3     0.4     0.3     0.3     0.6     2.0     4.7     4.3     5.7     6.9     9.1    10.7    13.0    15.1    17.7    20.2    13.4     7.9    11.8    14.9    11.4    15.1    15.6    19.9    26.9    33.4    39.8    46.1    51.3    56.8    64.7    80.6    75.2    77.6    77.9    76.9    81.3    89.6    98.1   125.6   122.0   104.6    92.9    86.7    81.9    76.5    73.1 -9999.0 -9999.0    83.3    81.2    84.9    67.5    94.2 -9999.0 -9999.0 -9999.0 -9999.0 -9999.0 -9999.0 -9999.0 -9999.0 -9999.0 -9999.0 -9999.0 -9999.0 -9999.0 -9999.0 -9999.0 -9999.0 -9999.0 -9999.0 -9999.0 -9999.0 -9999.0 -9999.0 -9999.0 -9999.0 -9999.0 -9999.0 -9999.0
 -9999.0 -9999.0 -9999.0 -9999.0     4.4     2.1     8.4     1.7    12.2     9.9     0.9     5.7     2.4     2.1     0.4     0.4     0.4     0.4     0.4     0.4     0.3     0.3     0.2     0.1     0.0     0.0     0.0     0.0     0.0     0.0     0.1     0.1     0.2     0.3     0.4     0.6     1.3     2.1     1.7     1.3     2.1     0.9     0.8     0.6     0.5     0.4     0.4     0.3     0.3     0.3     0.3     0.3     2.8     2.7     3.3     5.3     7.1    10.5    14.9    16.5    24.0    26.3    27.9    27.9    21.1    18.7    27.9    25.6    27.1    35.5    37.9    46.7    53.1    59.3    62.0    70.3    76.4    92.2    93.6    94.6    97.9    99.5    89.8    98.0   108.3   111.0   123.3   121.8   110.6    97.9    90.1    95.4    83.3    77.8    78.0    79.4    76.4    74.5    78.5 -9999.0 -9999.0 -9999.0 -9999.0 -9999.0 -9999.0 -9999.0 -9999.0 -9999.0 -9999.0 -9999.0 -9999.0 -9999.0 -9999.0 -9999.0 -9999.0 -9999.0 -9999.0 -9999.0 -9999.0 -9999.0 -9999.0 -9999.0 -9999.0 -9999.0 -9999.0 -9999.0 -9999.0 -9999.0
 -9999.0 -9999.0 -9999.0 -9999.0 -9999.0 -9999.0 -9999.0     1.7     4.5     2.2     8.7     7.5     2.3     2.8     2.2     0.3     0.5     0.3     0.3     0.2     0.2     0.2     0.1     0.1     0.1     0.0     0.0     0.0     0.1     0.1     0.1     0.2     0.2     0.4     0.7     0.9     1.8     2.2     3.7     4.4     2.2     5.3     4.4     2.4     1.1     0.5     0.6     0.5     0.7     0.4     0.3     0.4     1.3    11.8    11.3     4.4     5.6     8.8    20.5    22.3    33.3    32.9    37.7    43.1    47.7    39.1    43.8    47.4    47.0    50.6    53.9    62.9    76.6    84.0    81.8    90.3    88.6   102.3   103.4   107.5   108.6   100.7    92.3    94.1   100.8   102.7   105.7   107.2   104.3    96.8    88.2    88.5    89.2    82.3    77.9    76.7    71.0 -9999.0 -9999.0 -9999.0 -9999.0 -9999.0 -9999.0 -9999.0 -9999.0 -9999.0 -9999.0 -9999.0 -9999.0 -9999.0 -9999.0 -9999.0 -9999.0 -9999.0 -9999.0 -9999.0 -9999.0 -9999.0 -9999.0 -9999.0 -9999.0 -9999.0 -9999.0 -9999.0 -9999.0 -9999.0 -9999.0 -9999.0
 -9999.0 -9999.0 -9999.0 -9999.0 -9999.0 -9999.0 -9999.0     8.8     0.6     3.6     5.1     2.6     3.4     5.2     2.4     4.5     1.2     0.8     1.0     0.4     0.3     0.2     0.1     0.1     0.1     0.1     0.1     0.1     0.1     0.1     0.1     0.2     0.3     0.5     0.6     1.1     1.6     2.7     3.5     3.9     4.5     4.5     4.9     7.7     3.3     1.6     2.4     2.9     6.2     4.8    11.4    10.4     4.3     8.3    17.6     7.5     9.2    15.9    26.5    33.8    38.6    48.7    53.0    63.7    61.1    57.6    55.8    56.2    61.3    59.5    64.0    78.0    92.2    99.9    80.9   104.6   101.0    96.2   100.3    97.5    90.3    79.3    73.1    74.3    78.2    77.2    78.0    83.0    88.8    87.5    85.7    88.8    88.4    82.9    80.0    75.2 -9999.0 -9999.0 -9999.0 -9999.0 -9999.0 -9999.0 -9999.0 -9999.0 -9999.0 -9999.0 -9999.0 -9999.0 -9999.0 -9999.0 -9999.0 -9999.0 -9999.0 -9999.0 -9999.0 -9999.0 -9999.0 -9999.0 -9999.0 -9999.0 -9999.0 -9999.0 -9999.0 -9999.0 -9999.0 -9999.0 -9999.0 -9999.0
 -9999.0 -9999.0 -9999.0 -9999.0 -9999.0 -9999.0 -9999.0 -9999.0 -9999.0     2.2     1.9     1.4     3.6     2.9     1.8     1.2     1.4     2.6     0.9     1.0     0.4     0.3     0.2     0.1     0.1     0.1     0.1     0.1     0.1     0.1     0.2     0.2     0.3     0.5     0.6     1.0     1.5     2.5     3.2     4.4     4.5     5.2     4.8     4.3     5.8     6.3     7.2     8.1     9.6    10.6    13.7    12.4    11.1    11.1    21.9    15.3    14.6    21.7    34.7    37.7    42.4    51.9    63.6    62.0    66.6    62.9    59.2    59.8    62.9    71.7    77.1    82.8    86.7    94.9   106.6    69.8    74.3    83.6    83.8    80.2    72.3    62.2    67.5    65.9    63.9    60.3    59.0    63.4    73.3    81.9    92.6    98.2    93.6    87.6    76.7 -9999.0 -9999.0 -9999.0 -9999.0 -9999.0 -9999.0 -9999.0 -9999.0 -9999.0 -9999.0 -9999.0 -9999.0 -9999.0 -9999.0 -9999.0 -9999.0 -9999.0 -9999.0 -9999.0 -9999.0 -9999.0 -9999.0 -9999.0 -9999.0 -9999.0 -9999.0 -9999.0 -9999.0 -9999.0 -9999.0 -9999.0 -9999.0 -9999.0
 -9999.0 -9999.0 -9999.0 -9999.0 -9999.0 -9999.0 -9999.0 -9999.0 -9999.0 -9999.0 -9999.0     3.3     0.5     3.1     1.7     1.9     1.3     0.9     0.7     0.6     0.5     0.3     0.3     0.2     0.2     0.2     0.1     0.1     0.1     0.2     0.2     0.3     0.3     0.4     0.6     1.4     1.6     2.5     5.7     4.7     6.5     5.7     4.9     4.8     9.2     7.5    14.0    13.0    16.4    16.9    14.6    15.4    16.2    20.3    28.4    29.6    32.5    40.2    40.1    39.8    43.4    46.0    53.8    56.3    60.9    59.0    60.7    62.2    64.3    72.8    82.6    83.1    74.5    69.8    68.6    78.4    87.1    82.9    73.7    70.7    71.2    67.6    61.0    61.0    59.1    56.3    55.7    58.7    67.4    82.8    99.4   100.9    96.4    87.1    72.9 -9999.0 -9999.0 -9999.0 -9999.0 -9999.0 -9999.0 -9999.0 -9999.0 -9999.0 -9999.0 -9999.0 -9999.0 -9999.0 -9999.0 -9999.0 -9999.0 -9999.0 -9999.0 -9999.0 -9999.0 -9999.0 -9999.0 -9999.0 -9999.0 -9999.0 -9999.0 -9999.0 -9999.0 -9999.0 -9999.0 -9999.0 -9999.0 -9999.0
 -9999.0 -9999.0 -9999.0 -9999.0 -9999.0 -9999.0 -9999.0 -9999.0 -9999.0 -9999.0 -9999.0 -9999.0     0.5     0.6     2.0     1.1     2.5     1.1     0.9     1.2     0.4     0.4     0.3     0.3     0.3     0.2     0.2     0.2     0.2     0.2     0.2     0.3     0.3     0.5     0.8     1.1     2.7     2.6     3.1     3.7     4.5     5.0     5.2     7.2     8.3    11.3    16.1    15.1    18.6    20.9    26.6    26.4    22.7    20.5    25.5    34.1    43.2    51.2    39.8    45.7    40.7    43.7    46.7    49.0    49.7    59.8    60.6    62.7    65.5    71.6    87.8    90.6    81.4    79.0    86.5   145.8   101.9    90.4    77.4    79.2    68.2    65.2    62.6    64.1    64.4    64.0    64.9    67.3    73.4    84.9    95.8    95.0    89.6    80.0    70.3    64.0    59.4 -9999.0 -9999.0 -9999.0 -9999.0 -9999.0 -9999.0 -9999.0 -9999.0 -9999.0 -9999.0 -9999.0 -9999.0 -9999.0 -9999.0 -9999.0 -9999.0 -9999.0 -9999.0 -9999.0 -9999.0 -9999.0 -9999.0 -9999.0 -9999.0 -9999.0 -9999.0 -9999.0 -9999.0 -9999.0 -9999.0 -9999.0
 -9999.0 -9999.0 -9999.0 -9999.0 -9999.0 -9999.0 -9999.0 -9999.0 -9999.0 -9999.0 -9999.0 -9999.0     2.7     0.4     0.3     1.2     0.5     0.7     1.1     0.8     0.6     0.5     0.4     0.3     0.3     0.2     0.2     0.2     0.2     0.2     0.2     0.3     0.4     0.5     0.7     0.9     2.2     3.3     3.9     4.6     4.5     4.9     8.6     6.5    10.9    16.5    15.8    17.9    17.6    24.6    26.4    29.9    25.7    27.6    23.4    33.8    40.9    49.7    44.2    41.2    38.1    36.5    43.1    52.4    50.4    57.4    63.0    74.7    78.9    81.0    89.7   116.7   140.7   128.2   129.8   109.5    96.4   105.2    89.1    80.3    88.7    71.6    74.2    81.7    86.0    86.9    87.8    89.6    89.7    91.3    92.6    89.9    83.9    76.9    69.0    62.5    57.9 -9999.0 -9999.0 -9999.0 -9999.0 -9999.0 -9999.0 -9999.0 -9999.0 -9999.0 -9999.0 -9999.0 -9999.0 -9999.0 -9999.0 -9999.0 -9999.0 -9999.0 -9999.0 -9999.0 -9999.0 -9999.0 -9999.0 -9999.0 -9999.0 -9999.0 -9999.0 -9999.0 -9999.0 -9999.0 -9999.0 -9999.0
 -9999.0 -9999.0 -9999.0 -9999.0 -9999.0 -9999.0 -9999.0 -9999.0 -9999.0 -9999.0 -9999.0 -9999.0 -9999.0     0.7     1.9     0.4     0.9     0.6     0.6     0.6     0.6     0.4     0.4     0.3     0.3     0.3     0.3     0.3     0.2     0.2     0.3     0.3     0.4     0.5     0.5     0.8     1.3     2.6     8.2     7.0     7.5     9.6     9.6    14.6    12.9    13.9    20.4    26.1    29.5    30.9    33.0    31.2    29.6    41.6    36.9    37.7    42.5    51.8    59.0    52.7    49.4    44.7    49.0    48.2    50.7    55.4    63.5    79.4    88.4   102.8   132.1   132.2   140.0   150.0   157.3   125.8   109.2   104.4   104.8    96.2    91.6    91.9   104.6   120.7   127.0   127.6   128.5   127.0   119.8   107.9    98.4    92.0    86.7    81.2    72.6    63.5    60.5 -9999.0 -9999.0 -9999.0 -9999.0 -9999.0 -9999.0 -9999.0 -9999.0 -9999.0 -9999.0 -9999.0 -9999.0 -9999.0 -9999.0 -9999.0 -9999.0 -9999.0 -9999.0 -9999.0 -9999.0 -9999.0 -9999.0 -9999.0 -9999.0 -9999.0 -9999.0 -9999.0 -9999.0 -9999.0 -9999.0 -9999.0
 -9999.0 -9999.0 -9999.0 -9999.0 -9999.0 -9999.0 -9999.0 -9999.0 -9999.0 -9999.0 -9999.0 -9999.0     0.5     1.9     1.4     0.6     1.7     1.0     0.9     0.5     0.5     0.5     0.5     0.4     0.3     0.3     0.3     0.3     0.2     0.3     0.3     0.3     0.4     0.4     0.6     0.7     1.8     1.8     3.0     5.6    13.7    21.0    26.6    13.7    19.1    23.2    24.1    23.9    28.1    31.0    38.1    43.4    35.6    38.0    33.7    37.2    48.2    45.7    55.3    53.7    55.9    59.5    60.0    66.1    60.2    55.7    84.8    91.5    95.9   110.2   134.0   158.5   160.4   139.9   131.6   125.9   131.3   138.0   131.0   121.8   121.3   135.0   159.6   172.3   168.7   168.1   172.4   170.4   156.8   131.0   109.3    99.9   100.4    93.9    84.5    75.3    75.3    80.0 -9999.0 -9999.0 -9999.0 -9999.0 -9999.0 -9999.0 -9999.0 -9999.0 -9999.0 -9999.0 -9999.0 -9999.0 -9999.0 -9999.0 -9999.0 -9999.0 -9999.0 -9999.0 -9999.0 -9999.0 -9999.0 -9999.0 -9999.0 -9999.0 -9999.0 -9999.0 -9999.0 -9999.0 -9999.0 -9999.0
 -9999.0 -9999.0 -9999.0 -9999.0 -9999.0 -9999.0 -9999.0 -9999.0 -9999.0 -9999.0 -9999.0 -9999.0     1.1     0.2     0.4     2.9     2.0     0.6     0.6     0.9     0.6     0.6     0.5     0.5     0.4     0.3     0.3     0.3     0.2     0.2     0.3     0.3     0.4     0.4     0.5     0.7     0.9     1.9     3.4     4.6     8.6    10.5    13.5    18.7    24.7    32.1    41.4    39.2    35.7    25.7    28.5    36.9    31.1    27.4    28.4    29.1    40.8    49.1    50.6    58.4    63.4    69.0    63.2    56.7    51.1    66.7    64.1    97.5   114.3   131.7   155.6   175.5   182.0   201.2   196.0   156.7   153.9   141.6   141.9   144.6   147.2   165.3   189.4   190.3   174.4   175.6   184.5   187.8   174.8   141.6   110.2   100.5   107.9   105.4    98.3    93.4    96.7   102.2   102.9 -9999.0 -9999.0 -9999.0 -9999.0 -9999.0 -9999.0 -9999.0 -9999.0 -9999.0 -9999.0 -9999.0 -9999.0 -9999.0 -9999.0 -9999.0 -9999.0 -9999.0 -9999.0 -9999.0 -9999.0 -9999.0 -9999.0 -9999.0 -9999.0 -9999.0 -9999.0 -9999.0 -9999.0 -9999.0
 -9999.0 -9999.0 -9999.0 -9999.0 -9999.0 -9999.0 -9999.0 -9999.0 -9999.0 -9999.0 -9999.0 -9999.0     0.0     0.7     0.2     0.4     0.5     1.8     0.9     1.0     1.4     1.2     0.7     0.6     0.4     0.4     0.3     0.3     0.2     0.2     0.3     0.3     0.4     0.4     0.5     0.7     1.1     2.1     3.7     9.3    12.3    11.4    31.5    15.0    33.1    50.2    54.0    42.8    28.4    25.0    26.6    24.4    42.9    44.1    33.6    20.6    31.6    40.1    46.4    45.4    51.8    58.3    75.4    47.4    34.4    96.7    93.9    95.1   111.3   138.6   156.6   187.6   207.2   229.7   251.8   198.7   195.1   153.7   147.7   152.5   150.5   156.8   159.5   156.0   147.3   145.8   156.1   172.3   152.7   130.0   104.4    93.0    95.0    99.1    99.8   101.2   107.5   115.3   117.5   110.6 -9999.0 -9999.0 -9999.0 -9999.0 -9999.0 -9999.0 -9999.0 -9999.0 -9999.0 -9999.0 -9999.0 -9999.0 -9999.0 -9999.0 -9999.0 -9999.0 -9999.0 -9999.0 -9999.0 -9999.0 -9999.0 -9999.0 -9999.0 -9999.0 -9999.0 -9999.0 -9999.0 -9999.0
 -9999.0 -9999.0 -9999.0 -9999.0 -9999.0 -9999.0 -9999.0 -9999.0 -9999.0 -9999.0 -9999.0 -9999.0 -9999.0     2.8     1.9     0.4     0.7     0.7     1.4     1.6     2.7     1.1     1.2     1.0     0.5     0.4     0.3     0.3     0.3     0.2     0.3     0.3     0.4     0.5     0.6     1.4     2.2     2.6     5.8     9.8    16.4    41.3    55.9    53.8    40.4    48.1    55.7    34.7    37.7    27.7    18.8    29.2    25.6    17.7    29.6    30.0    18.3    23.0    34.1    51.0    51.9    79.8    62.2    22.9    46.8    58.7    76.0    91.2   117.6   134.2   148.8   157.4   199.3   159.5   211.4   192.6   183.2   173.4   167.1   160.7   146.1   139.7   137.7   130.0   119.8   113.2   117.7   152.3   135.6   117.2   101.1    90.7    83.4    81.7    87.7    98.1    99.6   109.0   118.7 -9999.0 -9999.0 -9999.0 -9999.0 -9999.0 -9999.0 -9999.0 -9999.0 -9999.0 -9999.0 -9999.0 -9999.0 -9999.0 -9999.0 -9999.0 -9999.0 -9999.0 -9999.0 -9999.0 -9999.0 -9999.0 -9999.0 -9999.0 -9999.0 -9999.0 -9999.0 -9999.0 -9999.0 -9999.0
 -9999.0 -9999.0 -9999.0 -9999.0 -9999.0 -9999.0 -9999.0 -9999.0 -9999.0 -9999.0 -9999.0 -9999.0 -9999.0     0.0     1.5     0.4     2.2     0.6     0.9     1.4     2.8     2.3     2.0     1.2     0.6     0.5     0.4     0.3     0.2     0.3     0.3     0.3     0.4     0.5     0.9     1.4     1.7     3.3     9.1    27.4    27.9    43.1    56.4    63.9    85.6    63.0    56.3    33.3    26.3    19.5    23.3    13.5    21.6    27.8    30.9    24.2    15.6    18.1    29.3    20.9    44.9    29.1    24.7    37.4    29.6    33.1    53.1    82.7   104.8   118.5   127.2   143.3   156.3   184.8   206.5   222.7   225.0   194.0   178.6   168.2   151.8   137.7   133.7   131.4   120.3   108.2   101.9    98.5    96.3    94.9    98.9    89.5    81.2    76.1    78.0    84.2    84.0    89.2   106.6 -9999.0 -9999.0 -9999.0 -9999.0 -9999.0 -9999.0 -9999.0 -9999.0 -9999.0 -9999.0 -9999.0 -9999.0 -9999.0 -9999.0 -9999.0 -9999.0 -9999.0 -9999.0 -9999.0 -9999.0 -9999.0 -9999.0 -9999.0 -9999.0 -9999.0 -9999.0 -9999.0 -9999.0 -9999.0
 -9999.0 -9999.0 -9999.0 -9999.0 -9999.0 -9999.0 -9999.0 -9999.0 -9999.0 -9999.0 -9999.0 -9999.0 -9999.0 -9999.0 -9999.0     0.5     0.5     1.2     1.1     1.0     2.5     1.7     1.4     1.3     1.1     0.7     0.9     0.4     0.4     0.2     0.3     0.3     0.6     0.8     0.8     2.4     5.0     2.9     8.4    18.6    40.6    58.5    67.3    67.4    46.5    40.6    51.1    25.8    26.6     9.2    13.3    30.1    17.9    19.5    10.4    17.5    17.5     9.3    30.0    41.2    19.6    23.8    54.7    37.3    26.4    28.6    47.3    76.3    87.0    94.6   112.6   134.1   193.9   210.9   202.5   245.1   236.4   235.7   189.8   166.5   158.3   143.1   135.5   132.2   120.7   108.0    96.3    86.5    76.5    77.5    85.2    96.4    83.7    85.4    81.4    82.6    84.4 -9999.0   108.8 -9999.0 -9999.0 -9999.0 -9999.0 -9999.0 -9999.0 -9999.0 -9999.0 -9999.0 -9999.0 -9999.0 -9999.0 -9999.0 -9999.0 -9999.0 -9999.0 -9999.0 -9999.0 -9999.0 -9999.0 -9999.0 -9999.0 -9999.0 -9999.0 -9999.0 -9999.0 -9999.0 -9999.0 -9999.0
 -9999.0 -9999.0 -9999.0 -9999.0 -9999.0 -9999.0 -9999.0 -9999.0 -9999.0 -9999.0 -9999.0 -9999.0 -9999.0 -9999.0 -9999.0 -9999.0 -9999.0     0.0     0.2 -9999.0     0.7     2.3     1.4     1.3     1.6     1.0     1.3     0.6     0.3     0.3     0.3     0.3     0.8     0.6     0.7     1.0     5.2     1.9     8.2    17.7    32.9    58.0    60.6    56.7    23.7    36.7    41.9    50.5    18.7    19.3     9.4    13.9    12.8    22.3    22.9    21.6    14.3    25.6    30.0    40.3    14.4    34.3    53.4    42.4    27.4    26.3    42.5    60.4    68.7    80.3    99.3   169.4   207.4   199.7   222.1   244.7   225.3   202.2   176.1   146.1   143.6   134.6   122.4   110.7   101.1    95.2    90.2    79.4    70.6    67.5    78.8    88.9    76.9    78.8    93.5   113.1   111.4   121.9   137.4   145.1   142.3 -9999.0 -9999.0 -9999.0 -9999.0 -9999.0 -9999.0 -9999.0 -9999.0 -9999.0 -9999.0 -9999.0 -9999.0 -9999.0 -9999.0 -9999.0 -9999.0 -9999.0 -9999.0 -9999.0 -9999.0 -9999.0 -9999.0 -9999.0 -9999.0 -9999.0 -9999.0 -9999.0
 -9999.0 -9999.0 -9999.0 -9999.0 -9999.0 -9999.0 -9999.0 -9999.0 -9999.0 -9999.0 -9999.0 -9999.0 -9999.0 -9999.0 -9999.0 -9999.0 -9999.0 -9999.0 -9999.0 -9999.0 -9999.0     1.7     2.5     3.8     2.2     1.2     0.8     0.6     0.4     0.3     0.3     0.4     0.6     0.8     0.7     0.8     1.0     2.0     3.3     2.3     3.6    47.6    59.4    56.0    20.6    44.2    51.4    30.5    47.9   103.8    21.2    42.4    38.7    23.8    25.3    28.2    27.2    23.3    46.3    43.8    23.7    31.7    47.1    38.5    33.0    33.8    47.6    58.5    68.7    80.7   113.5   170.3   198.9   189.0   192.3   197.1   180.0   140.7   131.1   128.5   123.0   117.2   103.0    86.6    97.2    85.8    88.2    83.8    79.2    77.5    87.4    98.2   120.4   114.6   135.1   158.1   153.2   146.4   153.1   165.7 -9999.0 -9999.0 -9999.0 -9999.0 -9999.0 -9999.0 -9999.0 -9999.0 -9999.0 -9999.0 -9999.0 -9999.0 -9999.0 -9999.0 -9999.0 -9999.0 -9999.0 -9999.0 -9999.0 -9999.0 -9999.0 -9999.0 -9999.0 -9999.0 -9999.0 -9999.0 -9999.0 -9999.0
 -9999.0 -9999.0 -9999.0 -9999.0 -9999.0 -9999.0 -9999.0 -9999.0 -9999.0 -9999.0 -9999.0 -9999.0 -9999.0 -9999.0 -9999.0 -9999.0 -9999.0 -9999.0 -9999.0 -9999.0 -9999.0 -9999.0 -9999.0     1.1     2.3     1.8     1.4     1.1     1.0     0.5     0.5     0.7     2.0     1.5     2.1     1.8     3.5     2.1     8.6    17.5    23.3    42.0    30.8    21.4    18.4    45.8    39.2    38.4    41.6    42.0    29.5    44.6    36.5    40.7    33.9    22.4    30.1    39.9    37.3    55.7    51.4    57.2    50.0    31.3    29.0    41.3    57.8    66.7    69.8    89.3   134.1   175.3   197.2   202.2   171.2   160.7   166.9   142.7   119.2   121.4   117.1   107.5    96.5    90.7    91.6   121.9    98.1   104.5   110.7   120.6   138.0   156.6   166.6   162.1   168.2   176.9   160.6   145.8   156.1 -9999.0 -9999.0 -9999.0 -9999.0 -9999.0 -9999.0 -9999.0 -9999.0 -9999.0 -9999.0 -9999.0 -9999.0 -9999.0 -9999.0 -9999.0 -9999.0 -9999.0 -9999.0 -9999.0 -9999.0 -9999.0 -9999.0 -9999.0 -9999.0 -9999.0 -9999.0 -9999.0 -9999.0 -9999.0
 -9999.0 -9999.0 -9999.0 -9999.0 -9999.0 -9999.0 -9999.0 -9999.0 -9999.0 -9999.0 -9999.0 -9999.0 -9999.0 -9999.0 -9999.0 -9999.0 -9999.0 -9999.0 -9999.0 -9999.0 -9999.0 -9999.0 -9999.0 -9999.0 -9999.0     0.7     1.9     4.8     3.1     4.7     1.9     1.3     1.7     2.5     1.8     3.9    11.0     3.2    10.9     8.4    26.2    17.6     2.2     8.0    25.3    50.3    57.6    94.3    47.1    53.4    59.7    57.1    64.4    61.9    43.2    36.2    40.1    41.4    55.8    69.6    88.2    91.7    98.0    36.1    34.9    49.0    62.0    73.4    91.8   114.7   138.4   175.0   172.2   184.5   170.0   141.8   131.8   140.6   178.3   125.7   113.2   107.9   103.1   106.7   117.7   116.6   126.2   139.9   161.1   178.7   196.4   208.9   205.1   157.8   157.3   136.6   144.8   143.2 -9999.0 -9999.0 -9999.0 -9999.0 -9999.0 -9999.0 -9999.0 -9999.0 -9999.0 -9999.0 -9999.0 -9999.0 -9999.0 -9999.0 -9999.0 -9999.0 -9999.0 -9999.0 -9999.0 -9999.0 -9999.0 -9999.0 -9999.0 -9999.0 -9999.0 -9999.0 -9999.0 -9999.0 -9999.0 -9999.0
 -9999.0 -9999.0 -9999.0 -9999.0 -9999.0 -9999.0 -9999.0 -9999.0 -9999.0 -9999.0 -9999.0 -9999.0 -9999.0 -9999.0 -9999.0 -9999.0 -9999.0 -9999.0 -9999.0 -9999.0 -9999.0 -9999.0 -9999.0 -9999.0 -9999.0 -9999.0 -9999.0     0.4     0.5     1.8     1.9     2.1     5.9     2.0     4.0     0.3     1.7     1.5     0.3     2.8    11.2     2.7     3.0    14.2    30.0    53.0    79.1   104.1   126.0    97.8   130.8   125.0    81.8    74.1    61.9    57.2    46.0    53.2    67.1    87.8   108.1   108.9    59.8    39.3    47.1    53.5    75.7    90.1   105.1   117.3   134.3   163.0   137.1   147.3   127.8   124.6   167.7   170.1   122.3   109.5   118.3   111.3   126.5   148.1   150.6   156.9   164.3   172.7   201.7   216.2   211.2   179.7   208.0   183.9   143.6   123.6   126.8 -9999.0 -9999.0 -9999.0 -9999.0 -9999.0 -9999.0 -9999.0 -9999.0 -9999.0 -9999.0 -9999.0 -9999.0 -9999.0 -9999.0 -9999.0 -9999.0 -9999.0 -9999.0 -9999.0 -9999.0 -9999.0 -9999.0 -9999.0 -9999.0 -9999.0 -9999.0 -9999.0 -9999.0 -9999.0 -9999.0 -9999.0
 -9999.0 -9999.0 -9999.0 -9999.0 -9999.0 -9999.0 -9999.0 -9999.0 -9999.0 -9999.0 -9999.0 -9999.0 -9999.0 -9999.0 -9999.0 -9999.0 -9999.0 -9999.0 -9999.0 -9999.0 -9999.0 -9999.0 -9999.0 -9999.0 -9999.0 -9999.0 -9999.0 -9999.0 -9999.0 -9999.0 -9999.0 -9999.0 -9999.0     0.6     3.7 -9999.0 -9999.0 -9999.0     0.1     0.6     0.3     1.0     3.9    15.5    32.1    53.6 -9999.0 -9999.0 -9999.0 -9999.0 -9999.0 -9999.0   114.4    98.0    74.8    58.3    56.8    66.0    82.8   106.4   117.2   109.1    68.9    48.4    51.9    70.0    95.5   116.6   120.8   112.4   106.0   125.5   130.6   111.5   133.6   128.8   181.4   154.9   132.4   120.6   125.8   141.9   175.6   193.8   199.3   197.5   200.4   204.4   196.2   227.0   207.7   204.4   194.8   168.1   146.1   127.2   131.1 -9999.0 -9999.0 -9999.0 -9999.0 -9999.0 -9999.0 -9999.0 -9999.0 -9999.0 -9999.0 -9999.0 -9999.0 -9999.0 -9999.0 -9999.0 -9999.0 -9999.0 -9999.0 -9999.0 -9999.0 -9999.0 -9999.0 -9999.0 -9999.0 -9999.0 -9999.0 -9999.0 -9999.0 -9999.0 -9999.0 -9999.0
 -9999.0 -9999.0 -9999.0 -9999.0 -9999.0 -9999.0 -9999.0 -9999.0 -9999.0 -9999.0 -9999.0 -9999.0 -9999.0 -9999.0 -9999.0 -9999.0 -9999.0 -9999.0 -9999.0 -9999.0 -9999.0 -9999.0 -9999.0 -9999.0 -9999.0 -9999.0 -9999.0 -9999.0 -9999.0 -9999.0 -9999.0 -9999.0 -9999.0 -9999.0 -9999.0 -9999.0 -9999.0 -9999.0 -9999.0     0.1     0.3     1.4     5.4    14.1 -9999.0 -9999.0 -9999.0 -9999.0 -9999.0 -9999.0 -9999.0 -9999.0   134.8   119.8   100.9    77.3    67.3    76.9    96.4   115.7   118.5   101.1    85.9    68.1    88.0   104.5   119.0   111.5   102.2   105.6   106.9   100.7    90.5   126.6   126.5   147.9   163.6   151.4   174.5   143.8   172.4   199.5   232.0   249.8   232.3   223.9   211.4   199.3   225.2   196.3   186.7   180.8   154.0   146.5   135.4   132.2 -9999.0 -9999.0 -9999.0 -9999.0 -9999.0 -9999.0 -9999.0 -9999.0 -9999.0 -9999.0 -9999.0 -9999.0 -9999.0 -9999.0 -9999.0 -9999.0 -9999.0 -9999.0 -9999.0 -9999.0 -9999.0 -9999.0 -9999.0 -9999.0 -9999.0 -9999.0 -9999.0 -9999.0 -9999.0 -9999.0 -9999.0 -9999.0
 -9999.0 -9999.0 -9999.0 -9999.0 -9999.0 -9999.0 -9999.0 -9999.0 -9999.0 -9999.0 -9999.0 -9999.0 -9999.0 -9999.0 -9999.0 -9999.0 -9999.0 -9999.0 -9999.0 -9999.0 -9999.0 -9999.0 -9999.0 -9999.0 -9999.0 -9999.0 -9999.0 -9999.0 -9999.0 -9999.0 -9999.0 -9999.0 -9999.0 -9999.0 -9999.0 -9999.0 -9999.0 -9999.0 -9999.0 -9999.0 -9999.0 -9999.0 -9999.0 -9999.0 -9999.0 -9999.0 -9999.0 -9999.0 -9999.0 -9999.0 -9999.0 -9999.0   167.2   143.0   128.0   114.0    97.4   100.4   116.3   123.5   116.7    98.3   105.6    92.1   108.0   109.0   101.5    95.2    84.6    85.5    93.3    98.9   148.3   144.4   169.7   156.3   163.1   146.0   158.6   192.6   241.8   278.8   287.6   267.3   234.5   209.9   196.2   193.7   179.5   135.8   117.2   124.3   105.3   113.2    95.3 -9999.0 -9999.0 -9999.0 -9999.0 -9999.0 -9999.0 -9999.0 -9999.0 -9999.0 -9999.0 -9999.0 -9999.0 -9999.0 -9999.0 -9999.0 -9999.0 -9999.0 -9999.0 -9999.0 -9999.0 -9999.0 -9999.0 -9999.0 -9999.0 -9999.0 -9999.0 -9999.0 -9999.0 -9999.0 -9999.0 -9999.0 -9999.0 -9999.0
 -9999.0 -9999.0 -9999.0 -9999.0 -9999.0 -9999.0 -9999.0 -9999.0 -9999.0 -9999.0 -9999.0 -9999.0 -9999.0 -9999.0 -9999.0 -9999.0 -9999.0 -9999.0 -9999.0 -9999.0 -9999.0 -9999.0 -9999.0 -9999.0 -9999.0 -9999.0 -9999.0 -9999.0 -9999.0 -9999.0 -9999.0 -9999.0 -9999.0 -9999.0 -9999.0 -9999.0 -9999.0 -9999.0 -9999.0 -9999.0 -9999.0 -9999.0 -9999.0 -9999.0 -9999.0 -9999.0 -9999.0 -9999.0 -9999.0 -9999.0 -9999.0   207.3   183.8   168.7   145.9   142.3   131.6   131.9   140.7   141.4   102.1    96.7    96.7    98.5   105.9   105.3    98.2    93.2    89.9    91.1   102.8   117.7   127.1   147.7   179.1   168.2   175.1   148.5   205.2   246.9   267.6   289.8   282.7   241.3   206.6   179.5   119.3   130.2    88.5    77.9    82.4    88.5    84.1    50.6    45.9 -9999.0 -9999.0 -9999.0 -9999.0 -9999.0 -9999.0 -9999.0 -9999.0 -9999.0 -9999.0 -9999.0 -9999.0 -9999.0 -9999.0 -9999.0 -9999.0 -9999.0 -9999.0 -9999.0 -9999.0 -9999.0 -9999.0 -9999.0 -9999.0 -9999.0 -9999.0 -9999.0 -9999.0 -9999.0 -9999.0 -9999.0 -9999.0 -9999.0
 -9999.0 -9999.0 -9999.0 -9999.0 -9999.0 -9999.0 -9999.0 -9999.0 -9999.0 -9999.0 -9999.0 -9999.0 -9999.0 -9999.0 -9999.0 -9999.0 -9999.0 -9999.0 -9999.0 -9999.0 -9999.0 -9999.0 -9999.0 -9999.0 -9999.0 -9999.0 -9999.0 -9999.0 -9999.0 -9999.0 -9999.0 -9999.0 -9999.0 -9999.0 -9999.0 -9999.0 -9999.0 -9999.0 -9999.0 -9999.0 -9999.0 -9999.0 -9999.0 -9999.0 -9999.0 -9999.0 -9999.0 -9999.0 -9999.0 -9999.0   170.2   220.6   209.6   197.0   187.0   174.6   164.0   160.8   150.4   110.0   100.0    87.8    97.2    90.2    96.2   103.7   111.7   122.9   132.8   129.6   143.7   147.5   175.1   212.7   221.2   208.8   154.9   206.1   205.3   246.9   270.4   255.0   225.9   187.3   145.6   123.1    75.2    69.5    49.8    50.9    67.0    74.5    59.3    27.5    13.7 -9999.0 -9999.0 -9999.0 -9999.0 -9999.0 -9999.0 -9999.0 -9999.0 -9999.0 -9999.0 -9999.0 -9999.0 -9999.0 -9999.0 -9999.0 -9999.0 -9999.0 -9999.0 -9999.0 -9999.0 -9999.0 -9999.0 -9999.0 -9999.0 -9999.0 -9999.0 -9999.0 -9999.0 -9999.0 -9999.0 -9999.0 -9999.0 -9999.0
 -9999.0 -9999.0 -9999.0 -9999.0 -9999.0 -9999.0 -9999.0 -9999.0 -9999.0 -9999.0 -9999.0 -9999.0 -9999.0 -9999.0 -9999.0 -9999.0 -9999.0 -9999.0 -9999.0 -9999.0 -9999.0 -9999.0 -9999.0 -9999.0 -9999.0 -9999.0 -9999.0 -9999.0 -9999.0 -9999.0 -9999.0 -9999.0 -9999.0 -9999.0 -9999.0 -9999.0 -9999.0 -9999.0 -9999.0 -9999.0 -9999.0 -9999.0 -9999.0 -9999.0 -9999.0 -9999.0 -9999.0 -9999.0 -9999.0 -9999.0   146.2   216.8   247.3   229.1   213.8   201.0   177.9   158.4   123.6   101.9    96.4    90.3    89.4    80.3    90.2   116.0   139.1   164.2   183.6   170.5   185.6   214.1   247.6   251.6   217.0   177.4   188.0   181.5   194.3   228.3   223.6   222.7   173.6   135.9   104.8    78.0    52.6    38.0    37.8    51.4    58.5    65.4    31.4     7.2 -9999.0 -9999.0 -9999.0 -9999.0 -9999.0 -9999.0 -9999.0 -9999.0 -9999.0 -9999.0 -9999.0 -9999.0 -9999.0 -9999.0 -9999.0 -9999.0 -9999.0 -9999.0 -9999.0 -9999.0 -9999.0 -9999.0 -9999.0 -9999.0 -9999.0 -9999.0 -9999.0 -9999.0 -9999.0 -9999.0 -9999.0 -9999.0 -9999.0 -9999.0
 -9999.0 -9999.0 -9999.0 -9999.0 -9999.0 -9999.0 -9999.0 -9999.0 -9999.0 -9999.0 -9999.0 -9999.0 -9999.0 -9999.0 -9999.0 -9999.0 -9999.0 -9999.0 -9999.0 -9999.0 -9999.0 -9999.0 -9999.0 -9999.0 -9999.0 -9999.0 -9999.0 -9999.0 -9999.0 -9999.0 -9999.0 -9999.0 -9999.0 -9999.0 -9999.0 -9999.0 -9999.0 -9999.0 -9999.0 -9999.0 -9999.0 -9999.0 -9999.0 -9999.0 -9999.0 -9999.0 -9999.0 -9999.0 -9999.0 -9999.0    94.5   175.7   204.3   228.0   231.0   203.6   181.3   156.2   120.2   100.4    87.3    78.3    72.6    74.2    81.2   120.7   175.4   211.2   211.8   243.1   208.3   286.6   265.7   283.2   207.3   172.0   185.3   155.5   158.7   156.2   205.5   173.9   137.2   111.1    92.3    74.1    64.1    53.8    43.4    44.2    35.4    24.2 -9999.0 -9999.0 -9999.0 -9999.0 -9999.0 -9999.0 -9999.0 -9999.0 -9999.0 -9999.0 -9999.0 -9999.0 -9999.0 -9999.0 -9999.0 -9999.0 -9999.0 -9999.0 -9999.0 -9999.0 -9999.0 -9999.0 -9999.0 -9999.0 -9999.0 -9999.0 -9999.0 -9999.0 -9999.0 -9999.0 -9999.0 -9999.0 -9999.0 -9999.0 -9999.0 -9999.0
 -9999.0 -9999.0 -9999.0 -9999.0 -9999.0 -9999.0 -9999.0 -9999.0 -9999.0 -9999.0 -9999.0 -9999.0 -9999.0 -9999.0 -9999.0 -9999.0 -9999.0 -9999.0 -9999.0 -9999.0 -9999.0 -9999.0 -9999.0 -9999.0 -9999.0 -9999.0 -9999.0 -9999.0 -9999.0 -9999.0 -9999.0 -9999.0 -9999.0 -9999.0 -9999.0 -9999.0 -9999.0 -9999.0 -9999.0 -9999.0 -9999.0 -9999.0 -9999.0 -9999.0 -9999.0 -9999.0 -9999.0 -9999.0 -9999.0 -9999.0    94.9   156.5   179.4   207.9   203.7   196.6   138.7   147.4   123.2    80.0    86.5    74.6    69.2    63.2    67.6   107.9   176.1   261.6   297.5   173.3   213.6   233.8   265.2   263.4   188.8   164.5   159.3   120.4   131.7   117.9   151.8   176.3   143.6   120.4    99.6    90.8    76.0    70.1    44.2    27.5    12.1 -9999.0 -9999.0 -9999.0 -9999.0 -9999.0 -9999.0 -9999.0 -9999.0 -9999.0 -9999.0 -9999.0 -9999.0 -9999.0 -9999.0 -9999.0 -9999.0 -9999.0 -9999.0 -9999.0 -9999.0 -9999.0 -9999.0 -9999.0 -9999.0 -9999.0 -9999.0 -9999.0 -9999.0 -9999.0 -9999.0 -9999.0 -9999.0 -9999.0 -9999.0 -9999.0 -9999.0 -9999.0
 -9999.0 -9999.0 -9999.0 -9999.0 -9999.0 -9999.0 -9999.0 -9999.0 -9999.0 -9999.0 -9999.0 -9999.0 -9999.0 -9999.0 -9999.0 -9999.0 -9999.0 -9999.0 -9999.0 -9999.0 -9999.0 -9999.0 -9999.0 -9999.0 -9999.0 -9999.0 -9999.0 -9999.0 -9999.0 -9999.0 -9999.0 -9999.0 -9999.0 -9999.0 -9999.0 -9999.0 -9999.0 -9999.0 -9999.0 -9999.0 -9999.0 -9999.0 -9999.0 -9999.0 -9999.0 -9999.0 -9999.0 -9999.0 -9999.0 -9999.0 -9999.0 -9999.0 -9999.0   142.0   144.0   143.8   148.7   155.2    80.4    76.9   122.3    65.3    68.5    66.8    70.0   112.8   171.9   277.2   304.5   263.7   207.1   197.9   209.3   198.7   169.5   142.3   143.3   123.5   108.9   118.5   158.3   185.6   182.2   146.1   116.9   103.0    91.9    64.6    41.3    15.7 -9999.0 -9999.0 -9999.0 -9999.0 -9999.0 -9999.0 -9999.0 -9999.0 -9999.0 -9999.0 -9999.0 -9999.0 -9999.0 -9999.0 -9999.0 -9999.0 -9999.0 -9999.0 -9999.0 -9999.0 -9999.0 -9999.0 -9999.0 -9999.0 -9999.0 -9999.0 -9999.0 -9999.0 -9999.0 -9999.0 -9999.0 -9999.0 -9999.0 -9999.0 -9999.0 -9999.0 -9999.0 -9999.0
 -9999.0 -9999.0 -9999.0 -9999.0 -9999.0 -9999.0 -9999.0 -9999.0 -9999.0 -9999.0 -9999.0 -9999.0 -9999.0 -9999.0 -9999.0 -9999.0 -9999.0 -9999.0 -9999.0 -9999.0 -9999.0 -9999.0 -9999.0 -9999.0 -9999.0 -9999.0 -9999.0 -9999.0 -9999.0 -9999.0 -9999.0 -9999.0 -9999.0 -9999.0 -9999.0 -9999.0 -9999.0 -9999.0 -9999.0 -9999.0 -9999.0 -9999.0 -9999.0 -9999.0 -9999.0 -9999.0 -9999.0 -9999.0 -9999.0 -9999.0 -9999.0 -9999.0 -9999.0   108.9   109.2   189.3   134.2   108.5   131.2   177.7   115.9   100.6    99.7   152.2   154.2   177.9   254.4   266.3   245.4   208.4   166.2   165.2   179.5   169.8   154.9   189.4   185.5   207.9   183.7   174.0   185.9   232.9   233.4 -9999.0   130.8    99.9 -9999.0 -9999.0 -9999.0 -9999.0 -9999.0 -9999.0 -9999.0 -9999.0 -9999.0 -9999.0 -9999.0 -9999.0 -9999.0 -9999.0 -9999.0 -9999.0 -9999.0 -9999.0 -9999.0 -9999.0 -9999.0 -9999.0 -9999.0 -9999.0 -9999.0 -9999.0 -9999.0 -9999.0 -9999.0 -9999.0 -9999.0 -9999.0 -9999.0 -9999.0 -9999.0 -9999.0 -9999.0 -9999.0 -9999.0 -9999.0 -9999.0 -9999.0
 -9999.0 -9999.0 -9999.0 -9999.0 -9999.0 -9999.0 -9999.0 -9999.0 -9999.0 -9999.0 -9999.0 -9999.0 -9999.0 -9999.0 -9999.0 -9999.0 -9999.0 -9999.0 -9999.0 -9999.0 -9999.0 -9999.0 -9999.0 -9999.0 -9999.0 -9999.0 -9999.0 -9999.0 -9999.0 -9999.0 -9999.0 -9999.0 -9999.0 -9999.0 -9999.0 -9999.0 -9999.0 -9999.0 -9999.0 -9999.0 -9999.0 -9999.0 -9999.0 -9999.0 -9999.0 -9999.0 -9999.0 -9999.0 -9999.0 -9999.0 -9999.0 -9999.0 -9999.0    97.2    76.0   150.6   149.0   129.4   160.5   166.6   198.1   182.9   164.3   139.6   292.7 -9999.0 -9999.0 -9999.0   238.2   177.6   167.9   181.7   176.1   156.9   173.0   243.2   246.9   267.7   352.6   253.7   228.9   244.7   256.0 -9999.0 -9999.0 -9999.0 -9999.0 -9999.0 -9999.0 -9999.0 -9999.0 -9999.0 -9999.0 -9999.0 -9999.0 -9999.0 -9999.0 -9999.0 -9999.0 -9999.0 -9999.0 -9999.0 -9999.0 -9999.0 -9999.0 -9999.0 -9999.0 -9999.0 -9999.0 -9999.0 -9999.0 -9999.0 -9999.0 -9999.0 -9999.0 -9999.0 -9999.0 -9999.0 -9999.0 -9999.0 -9999.0 -9999.0 -9999.0 -9999.0 -9999.0 -9999.0 -9999.0 -9999.0
 -9999.0 -9999.0 -9999.0 -9999.0 -9999.0 -9999.0 -9999.0 -9999.0 -9999.0 -9999.0 -9999.0 -9999.0 -9999.0 -9999.0 -9999.0 -9999.0 -9999.0 -9999.0 -9999.0 -9999.0 -9999.0 -9999.0 -9999.0 -9999.0 -9999.0 -9999.0 -9999.0 -9999.0 -9999.0 -9999.0 -9999.0 -9999.0 -9999.0 -9999.0 -9999.0 -9999.0 -9999.0 -9999.0 -9999.0 -9999.0 -9999.0 -9999.0 -9999.0 -9999.0 -9999.0 -9999.0 -9999.0 -9999.0 -9999.0 -9999.0 -9999.0 -9999.0 -9999.0 -9999.0   116.6   136.5   103.0   104.8   211.8   281.7   223.2 -9999.0 -9999.0 -9999.0 -9999.0 -9999.0 -9999.0 -9999.0   197.9   194.0   228.5   203.5   187.5   182.5   199.2   231.6   263.2   252.3   255.0 -9999.0   243.0 -9999.0 -9999.0 -9999.0 -9999.0 -9999.0 -9999.0 -9999.0 -9999.0 -9999.0 -9999.0 -9999.0 -9999.0 -9999.0 -9999.0 -9999.0 -9999.0 -9999.0 -9999.0 -9999.0 -9999.0 -9999.0 -9999.0 -9999.0 -9999.0 -9999.0 -9999.0 -9999.0 -9999.0 -9999.0 -9999.0 -9999.0 -9999.0 -9999.0 -9999.0 -9999.0 -9999.0 -9999.0 -9999.0 -9999.0 -9999.0 -9999.0 -9999.0 -9999.0 -9999.0 -9999.0 -9999.0 -9999.0
 -9999.0 -9999.0 -9999.0 -9999.0 -9999.0 -9999.0 -9999.0 -9999.0 -9999.0 -9999.0 -9999.0 -9999.0 -9999.0 -9999.0 -9999.0 -9999.0 -9999.0 -9999.0 -9999.0 -9999.0 -9999.0 -9999.0 -9999.0 -9999.0 -9999.0 -9999.0 -9999.0 -9999.0 -9999.0 -9999.0 -9999.0 -9999.0 -9999.0 -9999.0 -9999.0 -9999.0 -9999.0 -9999.0 -9999.0 -9999.0 -9999.0 -9999.0 -9999.0 -9999.0 -9999.0 -9999.0 -9999.0 -9999.0 -9999.0 -9999.0 -9999.0 -9999.0 -9999.0 -9999.0 -9999.0   123.3   227.8   188.1   210.7   301.1   315.6 -9999.0 -9999.0 -9999.0 -9999.0 -9999.0 -9999.0 -9999.0 -9999.0 -9999.0   203.6 -9999.0 -9999.0 -9999.0 -9999.0 -9999.0   264.7 -9999.0 -9999.0 -9999.0 -9999.0 -9999.0 -9999.0 -9999.0 -9999.0 -9999.0 -9999.0 -9999.0 -9999.0 -9999.0 -9999.0 -9999.0 -9999.0 -9999.0 -9999.0 -9999.0 -9999.0 -9999.0 -9999.0 -9999.0 -9999.0 -9999.0 -9999.0 -9999.0 -9999.0 -9999.0 -9999.0 -9999.0 -9999.0 -9999.0 -9999.0 -9999.0 -9999.0 -9999.0 -9999.0 -9999.0 -9999.0 -9999.0 -9999.0 -9999.0 -9999.0 -9999.0 -9999.0 -9999.0 -9999.0 -9999.0 -9999.0 -9999.0
 -9999.0 -9999.0 -9999.0 -9999.0 -9999.0 -9999.0 -9999.0 -9999.0 -9999.0 -9999.0 -9999.0 -9999.0 -9999.0 -9999.0 -9999.0 -9999.0 -9999.0 -9999.0 -9999.0 -9999.0 -9999.0 -9999.0 -9999.0 -9999.0 -9999.0 -9999.0 -9999.0 -9999.0 -9999.0 -9999.0 -9999.0 -9999.0 -9999.0 -9999.0 -9999.0 -9999.0 -9999.0 -9999.0 -9999.0 -9999.0 -9999.0 -9999.0 -9999.0 -9999.0 -9999.0 -9999.0 -9999.0 -9999.0 -9999.0 -9999.0 -9999.0 -9999.0 -9999.0 -9999.0 -9999.0 -9999.0 -9999.0 -9999.0   279.4   300.2 -9999.0 -9999.0 -9999.0 -9999.0 -9999.0 -9999.0 -9999.0 -9999.0 -9999.0 -9999.0 -9999.0 -9999.0 -9999.0 -9999.0 -9999.0   337.4   366.0 -9999.0 -9999.0 -9999.0 -9999.0 -9999.0 -9999.0 -9999.0 -9999.0 -9999.0 -9999.0 -9999.0 -9999.0 -9999.0 -9999.0 -9999.0 -9999.0 -9999.0 -9999.0 -9999.0 -9999.0 -9999.0 -9999.0 -9999.0 -9999.0 -9999.0 -9999.0 -9999.0 -9999.0 -9999.0 -9999.0 -9999.0 -9999.0 -9999.0 -9999.0 -9999.0 -9999.0 -9999.0 -9999.0 -9999.0 -9999.0 -9999.0 -9999.0 -9999.0 -9999.0 -9999.0 -9999.0 -9999.0 -9999.0 -9999.0 -9999.0 -9999.0
 -9999.0 -9999.0 -9999.0 -9999.0 -9999.0 -9999.0 -9999.0 -9999.0 -9999.0 -9999.0 -9999.0 -9999.0 -9999.0 -9999.0 -9999.0 -9999.0 -9999.0 -9999.0 -9999.0 -9999.0 -9999.0 -9999.0 -9999.0 -9999.0 -9999.0 -9999.0 -9999.0 -9999.0 -9999.0 -9999.0 -9999.0 -9999.0 -9999.0 -9999.0 -9999.0 -9999.0 -9999.0 -9999.0 -9999.0 -9999.0 -9999.0 -9999.0 -9999.0 -9999.0 -9999.0 -9999.0 -9999.0 -9999.0 -9999.0 -9999.0 -9999.0 -9999.0 -9999.0 -9999.0 -9999.0 -9999.0 -9999.0 -9999.0 -9999.0 -9999.0 -9999.0 -9999.0 -9999.0 -9999.0 -9999.0 -9999.0 -9999.0 -9999.0 -9999.0 -9999.0 -9999.0 -9999.0 -9999.0 -9999.0 -9999.0 -9999.0 -9999.0 -9999.0 -9999.0 -9999.0 -9999.0 -9999.0 -9999.0 -9999.0 -9999.0 -9999.0 -9999.0 -9999.0 -9999.0 -9999.0 -9999.0 -9999.0 -9999.0 -9999.0 -9999.0 -9999.0 -9999.0 -9999.0 -9999.0 -9999.0 -9999.0 -9999.0 -9999.0 -9999.0 -9999.0 -9999.0 -9999.0 -9999.0 -9999.0 -9999.0 -9999.0 -9999.0 -9999.0 -9999.0 -9999.0 -9999.0 -9999.0 -9999.0 -9999.0 -9999.0 -9999.0 -9999.0 -9999.0 -9999.0 -9999.0 -9999.0 -9999.0 -9999.0
 -9999.0 -9999.0 -9999.0 -9999.0 -9999.0 -9999.0 -9999.0 -9999.0 -9999.0 -9999.0 -9999.0 -9999.0 -9999.0 -9999.0 -9999.0 -9999.0 -9999.0 -9999.0 -9999.0 -9999.0 -9999.0 -9999.0 -9999.0 -9999.0 -9999.0 -9999.0 -9999.0 -9999.0 -9999.0 -9999.0 -9999.0 -9999.0 -9999.0 -9999.0 -9999.0 -9999.0 -9999.0 -9999.0 -9999.0 -9999.0 -9999.0 -9999.0 -9999.0 -9999.0 -9999.0 -9999.0 -9999.0 -9999.0 -9999.0 -9999.0 -9999.0 -9999.0 -9999.0 -9999.0 -9999.0 -9999.0 -9999.0 -9999.0 -9999.0 -9999.0 -9999.0 -9999.0 -9999.0 -9999.0 -9999.0 -9999.0 -9999.0 -9999.0 -9999.0 -9999.0 -9999.0 -9999.0 -9999.0 -9999.0 -9999.0   661.7   830.6   877.0 -9999.0 -9999.0 -9999.0 -9999.0 -9999.0 -9999.0 -9999.0 -9999.0 -9999.0 -9999.0 -9999.0 -9999.0 -9999.0 -9999.0 -9999.0 -9999.0 -9999.0 -9999.0 -9999.0 -9999.0 -9999.0 -9999.0 -9999.0 -9999.0 -9999.0 -9999.0 -9999.0 -9999.0 -9999.0 -9999.0 -9999.0 -9999.0 -9999.0 -9999.0 -9999.0 -9999.0 -9999.0 -9999.0 -9999.0 -9999.0 -9999.0 -9999.0 -9999.0 -9999.0 -9999.0 -9999.0 -9999.0 -9999.0 -9999.0 -9999.0
 -9999.0 -9999.0 -9999.0 -9999.0 -9999.0 -9999.0 -9999.0 -9999.0 -9999.0 -9999.0 -9999.0 -9999.0 -9999.0 -9999.0 -9999.0 -9999.0 -9999.0 -9999.0 -9999.0 -9999.0 -9999.0 -9999.0 -9999.0 -9999.0 -9999.0 -9999.0 -9999.0 -9999.0 -9999.0 -9999.0 -9999.0 -9999.0 -9999.0 -9999.0 -9999.0 -9999.0 -9999.0 -9999.0 -9999.0 -9999.0 -9999.0 -9999.0 -9999.0 -9999.0 -9999.0 -9999.0 -9999.0 -9999.0 -9999.0 -9999.0 -9999.0 -9999.0 -9999.0 -9999.0 -9999.0 -9999.0 -9999.0 -9999.0 -9999.0 -9999.0 -9999.0 -9999.0 -9999.0 -9999.0 -9999.0 -9999.0 -9999.0 -9999.0 -9999.0 -9999.0 -9999.0 -9999.0 -9999.0   205.5   477.9   691.9   930.9 -9999.0 -9999.0 -9999.0 -9999.0 -9999.0 -9999.0 -9999.0 -9999.0 -9999.0 -9999.0 -9999.0 -9999.0 -9999.0 -9999.0 -9999.0 -9999.0 -9999.0 -9999.0 -9999.0 -9999.0 -9999.0 -9999.0 -9999.0 -9999.0 -9999.0 -9999.0 -9999.0 -9999.0 -9999.0 -9999.0 -9999.0 -9999.0 -9999.0 -9999.0 -9999.0 -9999.0 -9999.0 -9999.0 -9999.0 -9999.0 -9999.0 -9999.0 -9999.0 -9999.0 -9999.0 -9999.0 -9999.0 -9999.0 -9999.0 -9999.0 -9999.0
 -9999.0 -9999.0 -9999.0 -9999.0 -9999.0 -9999.0 -9999.0 -9999.0 -9999.0 -9999.0 -9999.0 -9999.0 -9999.0 -9999.0 -9999.0 -9999.0 -9999.0 -9999.0 -9999.0 -9999.0 -9999.0 -9999.0 -9999.0 -9999.0 -9999.0 -9999.0 -9999.0 -9999.0 -9999.0 -9999.0 -9999.0 -9999.0 -9999.0 -9999.0 -9999.0 -9999.0 -9999.0 -9999.0 -9999.0 -9999.0 -9999.0 -9999.0 -9999.0 -9999.0 -9999.0 -9999.0 -9999.0 -9999.0 -9999.0 -9999.0 -9999.0 -9999.0 -9999.0 -9999.0 -9999.0 -9999.0 -9999.0 -9999.0 -9999.0 -9999.0 -9999.0 -9999.0 -9999.0 -9999.0 -9999.0 -9999.0 -9999.0 -9999.0 -9999.0 -9999.0 -9999.0 -9999.0 -9999.0 -9999.0   341.3   652.5   778.1 -9999.0 -9999.0 -9999.0 -9999.0 -9999.0 -9999.0 -9999.0 -9999.0 -9999.0 -9999.0 -9999.0 -9999.0 -9999.0 -9999.0 -9999.0 -9999.0 -9999.0 -9999.0 -9999.0 -9999.0 -9999.0 -9999.0 -9999.0 -9999.0 -9999.0 -9999.0 -9999.0 -9999.0 -9999.0 -9999.0 -9999.0 -9999.0 -9999.0 -9999.0 -9999.0 -9999.0 -9999.0 -9999.0 -9999.0 -9999.0 -9999.0 -9999.0 -9999.0 -9999.0 -9999.0 -9999.0 -9999.0 -9999.0 -9999.0 -9999.0 -9999.0
 -9999.0 -9999.0 -9999.0 -9999.0 -9999.0 -9999.0 -9999.0 -9999.0 -9999.0 -9999.0 -9999.0 -9999.0 -9999.0 -9999.0 -9999.0 -9999.0 -9999.0 -9999.0 -9999.0 -9999.0 -9999.0 -9999.0 -9999.0 -9999.0 -9999.0 -9999.0 -9999.0 -9999.0 -9999.0 -9999.0 -9999.0 -9999.0 -9999.0 -9999.0 -9999.0 -9999.0 -9999.0 -9999.0 -9999.0 -9999.0 -9999.0 -9999.0 -9999.0 -9999.0 -9999.0 -9999.0 -9999.0 -9999.0 -9999.0 -9999.0 -9999.0 -9999.0 -9999.0 -9999.0 -9999.0 -9999.0 -9999.0 -9999.0 -9999.0 -9999.0 -9999.0 -9999.0 -9999.0 -9999.0 -9999.0 -9999.0 -9999.0 -9999.0 -9999.0 -9999.0 -9999.0 -9999.0 -9999.0 -9999.0 -9999.0 -9999.0 -9999.0 -9999.0 -9999.0 -9999.0 -9999.0 -9999.0 -9999.0 -9999.0 -9999.0 -9999.0 -9999.0 -9999.0 -9999.0 -9999.0 -9999.0 -9999.0 -9999.0 -9999.0 -9999.0 -9999.0 -9999.0 -9999.0 -9999.0 -9999.0 -9999.0 -9999.0 -9999.0 -9999.0 -9999.0 -9999.0 -9999.0 -9999.0 -9999.0 -9999.0 -9999.0 -9999.0 -9999.0 -9999.0 -9999.0 -9999.0 -9999.0 -9999.0 -9999.0 -9999.0 -9999.0 -9999.0 -9999.0 -9999.0 -9999.0 -9999.0 -9999.0 -9999.0
