NCOLS      128
NROWS       72
XLLCORNER    72.000000000000    
YLLCORNER    18.000000000000    
CELLSIZE    0.50000000000000    
NODATA_VALUE   -9999.000    
 -9999.0 -9999.0 -9999.0 -9999.0 -9999.0 -9999.0 -9999.0 -9999.0 -9999.0 -9999.0 -9999.0 -9999.0 -9999.0 -9999.0 -9999.0 -9999.0 -9999.0 -9999.0 -9999.0 -9999.0 -9999.0 -9999.0 -9999.0 -9999.0 -9999.0 -9999.0 -9999.0 -9999.0 -9999.0 -9999.0 -9999.0 -9999.0 -9999.0 -9999.0 -9999.0 -9999.0 -9999.0 -9999.0 -9999.0 -9999.0 -9999.0 -9999.0 -9999.0 -9999.0 -9999.0 -9999.0 -9999.0 -9999.0 -9999.0 -9999.0 -9999.0 -9999.0 -9999.0 -9999.0 -9999.0 -9999.0 -9999.0 -9999.0 -9999.0 -9999.0 -9999.0 -9999.0 -9999.0 -9999.0 -9999.0 -9999.0 -9999.0 -9999.0 -9999.0 -9999.0 -9999.0 -9999.0 -9999.0 -9999.0 -9999.0 -9999.0 -9999.0 -9999.0 -9999.0 -9999.0 -9999.0 -9999.0 -9999.0 -9999.0 -9999.0 -9999.0 -9999.0 -9999.0 -9999.0 -9999.0 -9999.0 -9999.0 -9999.0 -9999.0 -9999.0 -9999.0 -9999.0    12.1    11.3    10.9    11.1    11.5    12.6    14.1    16.1 -9999.0 -9999.0 -9999.0 -9999.0 -9999.0 -9999.0 -9999.0 -9999.0 -9999.0 -9999.0 -9999.0 -9999.0 -9999.0 -9999.0 -9999.0 -9999.0 -9999.0 -9999.0 -9999.0 -9999.0 -9999.0 -9999.0 -9999.0
 -9999.0 -9999.0 -9999.0 -9999.0 -9999.0 -9999.0 -9999.0 -9999.0 -9999.0 -9999.0 -9999.0 -9999.0 -9999.0 -9999.0 -9999.0 -9999.0 -9999.0 -9999.0 -9999.0 -9999.0 -9999.0 -9999.0 -9999.0 -9999.0 -9999.0 -9999.0 -9999.0 -9999.0 -9999.0 -9999.0 -9999.0 -9999.0 -9999.0 -9999.0 -9999.0 -9999.0 -9999.0 -9999.0 -9999.0 -9999.0 -9999.0 -9999.0 -9999.0 -9999.0 -9999.0 -9999.0 -9999.0 -9999.0 -9999.0 -9999.0 -9999.0 -9999.0 -9999.0 -9999.0 -9999.0 -9999.0 -9999.0 -9999.0 -9999.0 -9999.0 -9999.0 -9999.0 -9999.0 -9999.0 -9999.0 -9999.0 -9999.0 -9999.0 -9999.0 -9999.0 -9999.0 -9999.0 -9999.0 -9999.0 -9999.0 -9999.0 -9999.0 -9999.0 -9999.0 -9999.0 -9999.0 -9999.0 -9999.0 -9999.0 -9999.0 -9999.0 -9999.0 -9999.0 -9999.0 -9999.0 -9999.0 -9999.0 -9999.0 -9999.0 -9999.0 -9999.0    11.3    10.5    10.3     9.6     9.8    10.1    10.7    11.8    13.2    14.8    16.6    18.6    20.7 -9999.0 -9999.0 -9999.0 -9999.0 -9999.0 -9999.0 -9999.0 -9999.0 -9999.0 -9999.0 -9999.0 -9999.0 -9999.0 -9999.0 -9999.0 -9999.0 -9999.0 -9999.0 -9999.0
 -9999.0 -9999.0 -9999.0 -9999.0 -9999.0 -9999.0 -9999.0 -9999.0 -9999.0 -9999.0 -9999.0 -9999.0 -9999.0 -9999.0 -9999.0 -9999.0 -9999.0 -9999.0 -9999.0 -9999.0 -9999.0 -9999.0 -9999.0 -9999.0 -9999.0 -9999.0 -9999.0 -9999.0 -9999.0 -9999.0 -9999.0 -9999.0 -9999.0 -9999.0 -9999.0 -9999.0 -9999.0 -9999.0 -9999.0 -9999.0 -9999.0 -9999.0 -9999.0 -9999.0 -9999.0 -9999.0 -9999.0 -9999.0 -9999.0 -9999.0 -9999.0 -9999.0 -9999.0 -9999.0 -9999.0 -9999.0 -9999.0 -9999.0 -9999.0 -9999.0 -9999.0 -9999.0 -9999.0 -9999.0 -9999.0 -9999.0 -9999.0 -9999.0 -9999.0 -9999.0 -9999.0 -9999.0 -9999.0 -9999.0 -9999.0 -9999.0 -9999.0 -9999.0 -9999.0 -9999.0 -9999.0 -9999.0 -9999.0 -9999.0 -9999.0 -9999.0 -9999.0 -9999.0 -9999.0 -9999.0 -9999.0 -9999.0 -9999.0 -9999.0 -9999.0    11.8    10.7     9.8     9.4     8.5     8.5     8.8     9.4    10.2    11.2    12.8    13.8    15.3    16.8 -9999.0 -9999.0 -9999.0 -9999.0 -9999.0 -9999.0 -9999.0 -9999.0 -9999.0 -9999.0 -9999.0 -9999.0 -9999.0 -9999.0 -9999.0 -9999.0 -9999.0 -9999.0 -9999.0
 -9999.0 -9999.0 -9999.0 -9999.0 -9999.0 -9999.0 -9999.0 -9999.0 -9999.0 -9999.0 -9999.0 -9999.0 -9999.0 -9999.0 -9999.0 -9999.0 -9999.0 -9999.0 -9999.0 -9999.0 -9999.0 -9999.0 -9999.0 -9999.0 -9999.0 -9999.0 -9999.0 -9999.0 -9999.0 -9999.0 -9999.0 -9999.0 -9999.0 -9999.0 -9999.0 -9999.0 -9999.0 -9999.0 -9999.0 -9999.0 -9999.0 -9999.0 -9999.0 -9999.0 -9999.0 -9999.0 -9999.0 -9999.0 -9999.0 -9999.0 -9999.0 -9999.0 -9999.0 -9999.0 -9999.0 -9999.0 -9999.0 -9999.0 -9999.0 -9999.0 -9999.0 -9999.0 -9999.0 -9999.0 -9999.0 -9999.0 -9999.0 -9999.0 -9999.0 -9999.0 -9999.0 -9999.0 -9999.0 -9999.0 -9999.0 -9999.0 -9999.0 -9999.0 -9999.0 -9999.0 -9999.0 -9999.0 -9999.0 -9999.0 -9999.0 -9999.0 -9999.0 -9999.0 -9999.0 -9999.0 -9999.0 -9999.0 -9999.0 -9999.0 -9999.0    10.7    10.6     8.6     8.3     8.1     8.3     8.7     8.5     8.9     9.6    10.4    11.3    12.4    13.5    14.9 -9999.0 -9999.0 -9999.0 -9999.0 -9999.0 -9999.0 -9999.0 -9999.0 -9999.0 -9999.0 -9999.0 -9999.0 -9999.0 -9999.0 -9999.0 -9999.0 -9999.0 -9999.0
 -9999.0 -9999.0 -9999.0 -9999.0 -9999.0 -9999.0 -9999.0 -9999.0 -9999.0 -9999.0 -9999.0 -9999.0 -9999.0 -9999.0 -9999.0 -9999.0 -9999.0 -9999.0 -9999.0 -9999.0 -9999.0 -9999.0 -9999.0 -9999.0 -9999.0 -9999.0 -9999.0 -9999.0 -9999.0 -9999.0 -9999.0 -9999.0 -9999.0 -9999.0 -9999.0 -9999.0 -9999.0 -9999.0 -9999.0 -9999.0 -9999.0 -9999.0 -9999.0 -9999.0 -9999.0 -9999.0 -9999.0 -9999.0 -9999.0 -9999.0 -9999.0 -9999.0 -9999.0 -9999.0 -9999.0 -9999.0 -9999.0 -9999.0 -9999.0 -9999.0 -9999.0 -9999.0 -9999.0 -9999.0 -9999.0 -9999.0 -9999.0 -9999.0 -9999.0 -9999.0 -9999.0 -9999.0 -9999.0 -9999.0 -9999.0 -9999.0 -9999.0 -9999.0 -9999.0 -9999.0 -9999.0 -9999.0 -9999.0 -9999.0 -9999.0 -9999.0 -9999.0 -9999.0 -9999.0 -9999.0 -9999.0 -9999.0 -9999.0 -9999.0 -9999.0    10.5     9.1     9.3     8.4     7.6     7.3     8.3     8.3     8.3     8.5     9.1     9.3    10.0    10.8    11.7    13.2 -9999.0 -9999.0 -9999.0 -9999.0 -9999.0 -9999.0 -9999.0 -9999.0 -9999.0 -9999.0 -9999.0 -9999.0 -9999.0 -9999.0 -9999.0 -9999.0 -9999.0
 -9999.0 -9999.0 -9999.0 -9999.0 -9999.0 -9999.0 -9999.0 -9999.0 -9999.0 -9999.0 -9999.0 -9999.0 -9999.0 -9999.0 -9999.0 -9999.0 -9999.0 -9999.0 -9999.0 -9999.0 -9999.0 -9999.0 -9999.0 -9999.0 -9999.0 -9999.0 -9999.0 -9999.0 -9999.0 -9999.0 -9999.0 -9999.0 -9999.0 -9999.0 -9999.0 -9999.0 -9999.0 -9999.0 -9999.0 -9999.0 -9999.0 -9999.0 -9999.0 -9999.0 -9999.0 -9999.0 -9999.0 -9999.0 -9999.0 -9999.0 -9999.0 -9999.0 -9999.0 -9999.0 -9999.0 -9999.0 -9999.0 -9999.0 -9999.0 -9999.0 -9999.0 -9999.0 -9999.0 -9999.0 -9999.0 -9999.0 -9999.0 -9999.0 -9999.0 -9999.0 -9999.0 -9999.0 -9999.0 -9999.0 -9999.0 -9999.0 -9999.0 -9999.0 -9999.0 -9999.0 -9999.0 -9999.0 -9999.0 -9999.0 -9999.0 -9999.0 -9999.0 -9999.0 -9999.0 -9999.0 -9999.0 -9999.0 -9999.0 -9999.0    10.1     9.7     9.4     8.5     7.6     7.4     7.6     6.9     7.6     7.8     7.8     7.8     7.8     8.1     8.6     9.0    10.3 -9999.0 -9999.0 -9999.0 -9999.0 -9999.0 -9999.0 -9999.0 -9999.0 -9999.0 -9999.0 -9999.0 -9999.0 -9999.0 -9999.0 -9999.0 -9999.0 -9999.0
 -9999.0 -9999.0 -9999.0 -9999.0 -9999.0 -9999.0 -9999.0 -9999.0 -9999.0 -9999.0 -9999.0 -9999.0 -9999.0 -9999.0 -9999.0 -9999.0 -9999.0 -9999.0 -9999.0 -9999.0 -9999.0 -9999.0 -9999.0 -9999.0 -9999.0 -9999.0 -9999.0 -9999.0 -9999.0 -9999.0 -9999.0 -9999.0 -9999.0 -9999.0 -9999.0 -9999.0 -9999.0 -9999.0 -9999.0 -9999.0 -9999.0 -9999.0 -9999.0 -9999.0 -9999.0 -9999.0 -9999.0 -9999.0 -9999.0 -9999.0 -9999.0 -9999.0 -9999.0 -9999.0 -9999.0 -9999.0 -9999.0 -9999.0 -9999.0 -9999.0 -9999.0 -9999.0 -9999.0 -9999.0 -9999.0 -9999.0 -9999.0 -9999.0 -9999.0 -9999.0 -9999.0 -9999.0 -9999.0 -9999.0 -9999.0 -9999.0 -9999.0 -9999.0 -9999.0 -9999.0 -9999.0 -9999.0 -9999.0 -9999.0 -9999.0 -9999.0 -9999.0 -9999.0 -9999.0 -9999.0 -9999.0 -9999.0 -9999.0 -9999.0     9.6    10.1     9.3     8.3     7.5     6.5     6.6     6.8     7.0     7.3     7.2     7.0     6.6     6.6     7.0     7.5     8.1     9.6 -9999.0 -9999.0 -9999.0 -9999.0 -9999.0 -9999.0 -9999.0 -9999.0 -9999.0 -9999.0 -9999.0 -9999.0 -9999.0 -9999.0 -9999.0 -9999.0
 -9999.0 -9999.0 -9999.0 -9999.0 -9999.0 -9999.0 -9999.0 -9999.0 -9999.0 -9999.0 -9999.0 -9999.0 -9999.0 -9999.0 -9999.0 -9999.0 -9999.0 -9999.0 -9999.0 -9999.0 -9999.0 -9999.0 -9999.0 -9999.0 -9999.0 -9999.0 -9999.0 -9999.0 -9999.0 -9999.0 -9999.0 -9999.0 -9999.0 -9999.0 -9999.0 -9999.0 -9999.0 -9999.0 -9999.0 -9999.0 -9999.0 -9999.0 -9999.0 -9999.0 -9999.0 -9999.0 -9999.0 -9999.0 -9999.0 -9999.0 -9999.0 -9999.0 -9999.0 -9999.0 -9999.0 -9999.0 -9999.0 -9999.0 -9999.0 -9999.0 -9999.0 -9999.0 -9999.0 -9999.0 -9999.0 -9999.0 -9999.0 -9999.0 -9999.0 -9999.0 -9999.0 -9999.0 -9999.0 -9999.0 -9999.0 -9999.0 -9999.0 -9999.0 -9999.0 -9999.0 -9999.0 -9999.0 -9999.0 -9999.0 -9999.0 -9999.0 -9999.0 -9999.0 -9999.0     4.5 -9999.0 -9999.0     6.7     8.2     8.3     8.5     8.3     7.5     6.8     6.3     5.0     5.4     5.9     6.0     6.1     5.8     5.4     5.9     6.2     6.8     7.1     8.4 -9999.0 -9999.0 -9999.0 -9999.0 -9999.0 -9999.0 -9999.0 -9999.0 -9999.0 -9999.0 -9999.0 -9999.0 -9999.0 -9999.0 -9999.0 -9999.0
 -9999.0 -9999.0 -9999.0 -9999.0 -9999.0 -9999.0 -9999.0 -9999.0 -9999.0 -9999.0 -9999.0 -9999.0 -9999.0 -9999.0 -9999.0 -9999.0 -9999.0 -9999.0 -9999.0 -9999.0 -9999.0 -9999.0 -9999.0 -9999.0 -9999.0 -9999.0 -9999.0 -9999.0 -9999.0 -9999.0 -9999.0 -9999.0 -9999.0 -9999.0 -9999.0 -9999.0 -9999.0 -9999.0 -9999.0 -9999.0 -9999.0 -9999.0 -9999.0 -9999.0 -9999.0 -9999.0 -9999.0 -9999.0 -9999.0 -9999.0 -9999.0 -9999.0 -9999.0 -9999.0 -9999.0 -9999.0 -9999.0 -9999.0 -9999.0 -9999.0 -9999.0 -9999.0 -9999.0 -9999.0 -9999.0 -9999.0 -9999.0 -9999.0 -9999.0 -9999.0 -9999.0 -9999.0 -9999.0 -9999.0 -9999.0 -9999.0 -9999.0 -9999.0 -9999.0 -9999.0 -9999.0 -9999.0 -9999.0 -9999.0 -9999.0 -9999.0 -9999.0 -9999.0     2.0     2.8     4.1     4.7     5.4     7.3     7.4     8.5     7.7     7.1     6.0     5.2     5.0     4.6     4.4     4.7     4.8     4.7     4.5     4.9     5.8     6.6     7.2     7.9     9.3    10.4    10.9    11.2 -9999.0 -9999.0 -9999.0 -9999.0 -9999.0 -9999.0 -9999.0 -9999.0 -9999.0 -9999.0 -9999.0 -9999.0
 -9999.0 -9999.0 -9999.0 -9999.0 -9999.0 -9999.0 -9999.0 -9999.0 -9999.0 -9999.0 -9999.0 -9999.0 -9999.0 -9999.0 -9999.0 -9999.0 -9999.0 -9999.0 -9999.0 -9999.0 -9999.0 -9999.0 -9999.0 -9999.0 -9999.0 -9999.0 -9999.0 -9999.0 -9999.0    36.9    35.0    33.8    32.8 -9999.0 -9999.0 -9999.0 -9999.0 -9999.0 -9999.0 -9999.0 -9999.0 -9999.0 -9999.0 -9999.0 -9999.0 -9999.0 -9999.0 -9999.0 -9999.0 -9999.0 -9999.0 -9999.0 -9999.0 -9999.0 -9999.0 -9999.0 -9999.0 -9999.0 -9999.0 -9999.0 -9999.0 -9999.0 -9999.0 -9999.0 -9999.0 -9999.0 -9999.0 -9999.0 -9999.0 -9999.0 -9999.0 -9999.0 -9999.0 -9999.0 -9999.0 -9999.0 -9999.0 -9999.0 -9999.0 -9999.0 -9999.0 -9999.0 -9999.0 -9999.0 -9999.0 -9999.0 -9999.0     1.0     1.5     2.3     3.1     3.5     4.7     5.8     6.6     6.7     6.9     6.0     6.3     4.9     3.7     3.1     3.3     3.2     3.7     3.9     3.9     4.7     6.1     6.9     7.3     7.7     8.4     8.6     8.4     7.9     7.9     8.6 -9999.0 -9999.0 -9999.0 -9999.0 -9999.0 -9999.0 -9999.0 -9999.0 -9999.0 -9999.0
 -9999.0 -9999.0 -9999.0 -9999.0 -9999.0 -9999.0 -9999.0 -9999.0 -9999.0 -9999.0 -9999.0 -9999.0 -9999.0 -9999.0 -9999.0 -9999.0 -9999.0 -9999.0 -9999.0 -9999.0 -9999.0 -9999.0 -9999.0 -9999.0 -9999.0 -9999.0 -9999.0    34.3    28.5    26.0    24.7    24.3    24.5    23.6 -9999.0 -9999.0 -9999.0 -9999.0 -9999.0 -9999.0 -9999.0 -9999.0 -9999.0 -9999.0 -9999.0 -9999.0 -9999.0 -9999.0 -9999.0 -9999.0 -9999.0 -9999.0 -9999.0 -9999.0 -9999.0 -9999.0 -9999.0 -9999.0 -9999.0 -9999.0 -9999.0 -9999.0 -9999.0 -9999.0 -9999.0 -9999.0 -9999.0 -9999.0 -9999.0 -9999.0 -9999.0 -9999.0 -9999.0 -9999.0 -9999.0 -9999.0 -9999.0 -9999.0 -9999.0 -9999.0 -9999.0 -9999.0 -9999.0 -9999.0 -9999.0 -9999.0 -9999.0     1.1     1.6     1.6     2.0     2.8     3.8     5.2     5.9     6.5     6.2     6.6     5.4     4.7     3.0     2.4     2.5     2.7     3.0     3.5     4.1     5.2     6.1     6.8     7.1     7.2     7.3     6.9     6.2     5.6     5.1     5.5 -9999.0 -9999.0 -9999.0 -9999.0 -9999.0    24.7    29.0    33.4    37.9 -9999.0
 -9999.0 -9999.0 -9999.0 -9999.0 -9999.0 -9999.0 -9999.0 -9999.0 -9999.0 -9999.0 -9999.0 -9999.0 -9999.0 -9999.0 -9999.0 -9999.0 -9999.0 -9999.0 -9999.0 -9999.0 -9999.0 -9999.0 -9999.0 -9999.0 -9999.0 -9999.0    31.8    26.7    20.9    17.8    16.8    17.1    18.5    17.8    18.0    17.6    17.6 -9999.0 -9999.0 -9999.0 -9999.0 -9999.0 -9999.0 -9999.0 -9999.0 -9999.0 -9999.0 -9999.0 -9999.0 -9999.0 -9999.0 -9999.0 -9999.0 -9999.0 -9999.0 -9999.0 -9999.0 -9999.0 -9999.0 -9999.0 -9999.0 -9999.0 -9999.0 -9999.0 -9999.0 -9999.0 -9999.0 -9999.0 -9999.0 -9999.0 -9999.0 -9999.0 -9999.0 -9999.0 -9999.0 -9999.0 -9999.0 -9999.0 -9999.0 -9999.0 -9999.0 -9999.0 -9999.0 -9999.0 -9999.0 -9999.0     0.4     0.8     1.1     1.3     2.0     2.6     3.5     4.7     5.5     6.9     6.9     7.2     6.1     3.3     2.1     1.6     1.8     2.2     2.5     3.1     4.0     4.9     5.7     6.1     6.0     5.9     5.8     5.2     4.8     3.8     2.9     3.3     5.6 -9999.0 -9999.0    14.5    18.1    21.8    25.5    29.8    33.4 -9999.0
 -9999.0 -9999.0 -9999.0 -9999.0 -9999.0 -9999.0 -9999.0 -9999.0 -9999.0 -9999.0 -9999.0 -9999.0 -9999.0 -9999.0 -9999.0 -9999.0 -9999.0 -9999.0 -9999.0 -9999.0 -9999.0 -9999.0 -9999.0 -9999.0 -9999.0 -9999.0    23.4    17.6    13.8    12.1    12.2    12.7    13.6    12.6    12.5    13.7    17.7    12.9 -9999.0 -9999.0 -9999.0 -9999.0 -9999.0 -9999.0 -9999.0 -9999.0 -9999.0 -9999.0 -9999.0 -9999.0 -9999.0 -9999.0 -9999.0 -9999.0 -9999.0 -9999.0 -9999.0 -9999.0 -9999.0 -9999.0 -9999.0 -9999.0 -9999.0 -9999.0 -9999.0 -9999.0 -9999.0 -9999.0 -9999.0 -9999.0 -9999.0 -9999.0 -9999.0 -9999.0 -9999.0 -9999.0 -9999.0 -9999.0 -9999.0 -9999.0 -9999.0 -9999.0 -9999.0 -9999.0 -9999.0 -9999.0     0.3     0.6     1.0     1.6     2.1     2.7     3.9     4.8     6.3     7.2     9.1     7.4     4.7     3.1     1.7     1.1     1.3     1.6     1.9     2.4     3.1     3.9     4.4     4.5     4.4     4.6     4.7     4.2     3.5     4.2     2.6     3.0     4.8     7.7    10.8    14.0    16.8    19.6    22.7    25.9    29.5 -9999.0
 -9999.0 -9999.0 -9999.0 -9999.0 -9999.0 -9999.0 -9999.0 -9999.0 -9999.0 -9999.0 -9999.0 -9999.0 -9999.0 -9999.0 -9999.0 -9999.0 -9999.0 -9999.0 -9999.0 -9999.0 -9999.0    37.5    33.8    30.2    25.3    19.2    13.7     9.6     7.0     6.4     7.7     8.7     9.6     9.2     8.7     8.7    11.9    11.6    12.6 -9999.0 -9999.0 -9999.0 -9999.0 -9999.0 -9999.0 -9999.0 -9999.0 -9999.0 -9999.0 -9999.0 -9999.0 -9999.0 -9999.0 -9999.0 -9999.0 -9999.0 -9999.0 -9999.0 -9999.0 -9999.0 -9999.0 -9999.0 -9999.0 -9999.0 -9999.0 -9999.0 -9999.0 -9999.0 -9999.0 -9999.0 -9999.0 -9999.0 -9999.0 -9999.0 -9999.0 -9999.0 -9999.0 -9999.0 -9999.0 -9999.0 -9999.0 -9999.0 -9999.0 -9999.0 -9999.0 -9999.0 -9999.0     1.0 -9999.0 -9999.0     2.6 -9999.0 -9999.0     5.8     6.6     8.3    10.5     7.7     4.7     3.9     1.6     1.3     1.2     1.4     1.6     1.9     2.4     2.9     3.3     3.5     3.6     3.7     4.0     4.3     4.0     4.1     4.3     6.2     8.8    10.9    12.6    14.2    16.0    18.1    20.5    23.6 -9999.0 -9999.0
 -9999.0 -9999.0 -9999.0 -9999.0 -9999.0 -9999.0 -9999.0 -9999.0 -9999.0 -9999.0 -9999.0 -9999.0 -9999.0 -9999.0 -9999.0 -9999.0 -9999.0 -9999.0 -9999.0 -9999.0 -9999.0    30.0    27.5    23.0    18.0    13.1     9.3     6.5     4.6     4.3     5.4     6.4     7.2     7.3     6.8     6.5     7.1    11.0     7.9 -9999.0 -9999.0 -9999.0 -9999.0 -9999.0 -9999.0 -9999.0 -9999.0 -9999.0 -9999.0 -9999.0 -9999.0 -9999.0 -9999.0 -9999.0 -9999.0 -9999.0 -9999.0 -9999.0 -9999.0 -9999.0 -9999.0 -9999.0 -9999.0 -9999.0 -9999.0 -9999.0 -9999.0 -9999.0 -9999.0 -9999.0 -9999.0 -9999.0 -9999.0 -9999.0 -9999.0 -9999.0 -9999.0 -9999.0 -9999.0 -9999.0 -9999.0 -9999.0 -9999.0 -9999.0 -9999.0 -9999.0 -9999.0 -9999.0 -9999.0     2.7     3.6     4.7     6.4     6.2     7.2     9.2     7.5     6.8     4.8     2.6     1.5     1.4     1.4     1.5     1.7     1.9     2.2     2.6     3.0     3.4     3.7     4.1     4.8     5.7     6.5     6.7     9.3    13.7    16.6    15.8    14.7    14.8    15.8    17.6    19.1 -9999.0 -9999.0 -9999.0
 -9999.0 -9999.0 -9999.0 -9999.0 -9999.0 -9999.0 -9999.0 -9999.0 -9999.0 -9999.0 -9999.0 -9999.0 -9999.0 -9999.0 -9999.0 -9999.0 -9999.0 -9999.0 -9999.0 -9999.0    20.8    20.8    18.6    15.6    12.1     9.1     6.9     5.3     4.7     4.6     5.1     6.2     6.9     7.2     6.9     6.3     7.2     6.4     5.9 -9999.0 -9999.0 -9999.0 -9999.0 -9999.0 -9999.0 -9999.0 -9999.0 -9999.0 -9999.0 -9999.0 -9999.0 -9999.0 -9999.0 -9999.0 -9999.0 -9999.0 -9999.0 -9999.0 -9999.0 -9999.0 -9999.0 -9999.0 -9999.0 -9999.0 -9999.0 -9999.0 -9999.0 -9999.0 -9999.0 -9999.0 -9999.0 -9999.0 -9999.0 -9999.0 -9999.0 -9999.0 -9999.0 -9999.0 -9999.0 -9999.0 -9999.0 -9999.0 -9999.0 -9999.0 -9999.0 -9999.0 -9999.0 -9999.0     2.9     4.0     4.9     5.3     6.5     6.6     6.9     7.6     6.4     6.9     4.4     2.3     1.6     1.4     1.5     1.8     2.2     2.6     2.8     3.0     3.2     3.7     4.4     5.4     7.0     8.9    10.4    12.5    16.6    21.4    22.6    19.8    16.6    15.7    16.0    17.0    18.6 -9999.0 -9999.0 -9999.0
 -9999.0 -9999.0 -9999.0 -9999.0 -9999.0 -9999.0 -9999.0 -9999.0 -9999.0 -9999.0 -9999.0 -9999.0 -9999.0 -9999.0 -9999.0 -9999.0 -9999.0 -9999.0    15.1    14.3    13.6    16.8    14.3    12.3     8.8     6.4     5.1     4.8     5.0     5.5     6.3     7.2     7.9     8.2     7.9     7.6     7.1     5.7     4.5 -9999.0 -9999.0 -9999.0 -9999.0 -9999.0 -9999.0 -9999.0 -9999.0 -9999.0 -9999.0 -9999.0 -9999.0 -9999.0 -9999.0 -9999.0 -9999.0 -9999.0 -9999.0 -9999.0 -9999.0 -9999.0 -9999.0 -9999.0 -9999.0 -9999.0 -9999.0 -9999.0 -9999.0 -9999.0 -9999.0 -9999.0 -9999.0 -9999.0 -9999.0 -9999.0 -9999.0 -9999.0 -9999.0 -9999.0 -9999.0 -9999.0 -9999.0 -9999.0 -9999.0 -9999.0     0.7     1.4     2.6     2.6     2.9     5.7     6.2     6.5     5.6     5.8     5.7     6.6     4.5     4.1     2.5     1.7     1.4     1.4     1.7     2.5     3.4     4.0     4.0     3.6     3.5     4.3     5.9     7.9    10.7    14.1    16.4    19.0    22.2    26.2    25.7    21.8    18.6    17.3    17.2    17.8 -9999.0 -9999.0 -9999.0 -9999.0
 -9999.0 -9999.0 -9999.0 -9999.0 -9999.0 -9999.0 -9999.0 -9999.0 -9999.0 -9999.0 -9999.0 -9999.0 -9999.0 -9999.0 -9999.0    16.6    13.7    13.6    13.6    12.0    13.0     9.4    12.2     7.6     5.3     4.2     4.1     4.6     5.6     6.8     7.9     8.6     9.0     9.0     9.5     9.1     7.6    10.6     6.2     3.8     3.6     3.3     3.0     3.1 -9999.0 -9999.0 -9999.0 -9999.0 -9999.0 -9999.0 -9999.0 -9999.0 -9999.0 -9999.0 -9999.0 -9999.0 -9999.0 -9999.0 -9999.0 -9999.0 -9999.0 -9999.0 -9999.0 -9999.0 -9999.0 -9999.0 -9999.0 -9999.0 -9999.0 -9999.0 -9999.0 -9999.0 -9999.0 -9999.0 -9999.0 -9999.0 -9999.0 -9999.0 -9999.0     0.4     0.4     0.4     0.4     0.7     1.5     2.4     3.2     3.2     3.3     5.0     5.1     5.7     5.1     5.4     5.1     6.6     3.8     2.7     1.6     1.4     1.6     2.0     2.9     4.1     5.4     6.2     5.7     4.9     4.9     6.4     8.9    12.1    16.1    20.1    21.3    24.9    27.3    29.5    28.7    24.9    21.6    19.9    19.3    19.4 -9999.0 -9999.0 -9999.0 -9999.0
 -9999.0 -9999.0 -9999.0 -9999.0 -9999.0 -9999.0 -9999.0 -9999.0 -9999.0 -9999.0 -9999.0 -9999.0 -9999.0 -9999.0 -9999.0    13.8    11.3    10.9     9.5    10.1     7.3     6.2     5.5     4.9     3.9     3.4     3.8     4.9     6.5     8.1     9.0     8.9     8.6     8.0     7.6     6.9     5.1     4.7     2.6     2.0     1.4     1.0     1.2     1.5     1.6     1.8     3.5 -9999.0 -9999.0 -9999.0 -9999.0 -9999.0 -9999.0 -9999.0 -9999.0 -9999.0 -9999.0 -9999.0 -9999.0 -9999.0 -9999.0 -9999.0 -9999.0 -9999.0 -9999.0 -9999.0 -9999.0 -9999.0 -9999.0 -9999.0 -9999.0 -9999.0 -9999.0 -9999.0 -9999.0 -9999.0 -9999.0 -9999.0     0.9     0.7     0.7     0.9     1.0     1.1     1.6     2.2     2.6     3.1     3.7     4.6     5.9     5.8     5.9     4.4     7.1     3.2     3.1     1.5     1.5     1.8     2.5     3.5     5.1     6.9     8.3     8.6     7.8     7.5     8.7    11.2    14.3    18.0    20.9    24.6    27.5    30.9    30.6    32.3    32.4    29.5    26.1    23.6    22.2 -9999.0 -9999.0 -9999.0 -9999.0 -9999.0
 -9999.0 -9999.0 -9999.0 -9999.0 -9999.0 -9999.0 -9999.0 -9999.0 -9999.0 -9999.0 -9999.0 -9999.0 -9999.0 -9999.0 -9999.0 -9999.0    10.5     9.4     8.7     8.9     9.8    12.3    10.3    10.2     5.8     4.3     4.0     5.0     6.6     8.1     8.3     7.3     6.2     5.9     5.9     5.7     4.8     3.5     2.3     2.0     2.0     1.2     1.0     0.9     1.0     1.1     1.1     1.0 -9999.0 -9999.0 -9999.0 -9999.0 -9999.0 -9999.0 -9999.0 -9999.0 -9999.0 -9999.0 -9999.0 -9999.0 -9999.0 -9999.0 -9999.0 -9999.0 -9999.0 -9999.0 -9999.0 -9999.0 -9999.0 -9999.0 -9999.0 -9999.0 -9999.0 -9999.0 -9999.0 -9999.0 -9999.0 -9999.0     1.3     0.9     0.9     1.2     1.0     1.0     1.5     2.2     4.0     3.5     4.1     5.9     4.8     5.0     6.5     4.3     1.8     1.9     1.9     2.0     2.3     3.0     4.0     5.6     7.9    10.5    11.7    11.1    10.3    11.1    14.0    17.1    19.7    21.9    24.8    31.4    34.9    33.4    34.0    36.0    35.8    34.2 -9999.0 -9999.0 -9999.0 -9999.0 -9999.0 -9999.0 -9999.0 -9999.0
 -9999.0 -9999.0 -9999.0 -9999.0 -9999.0 -9999.0 -9999.0 -9999.0 -9999.0 -9999.0 -9999.0 -9999.0 -9999.0 -9999.0 -9999.0 -9999.0     8.3     7.4     7.3     8.1     9.9    11.8    11.5     9.4     6.8     5.5     4.3     3.5     3.6     4.2     5.1     4.2     8.1     8.1     4.9     4.8     5.5     3.5     2.2     2.2     2.2     1.1     1.4     3.7     0.6     0.6     0.7     0.7 -9999.0 -9999.0 -9999.0 -9999.0 -9999.0 -9999.0 -9999.0 -9999.0 -9999.0 -9999.0 -9999.0 -9999.0 -9999.0 -9999.0 -9999.0 -9999.0 -9999.0 -9999.0 -9999.0 -9999.0 -9999.0 -9999.0 -9999.0 -9999.0 -9999.0 -9999.0 -9999.0 -9999.0 -9999.0     1.3     1.2     1.0     0.9     0.8     1.0     1.7     1.5     2.4     3.1     3.3     3.3     4.1     5.4     3.6     1.6     1.9     2.3     2.0     2.7     3.4     4.0     4.7     5.5     7.1     9.9    13.0    14.3    13.9    13.2    14.3    17.8    20.9    23.0    27.4    32.6    37.1    35.9    37.0    36.9    38.8    38.0 -9999.0 -9999.0 -9999.0 -9999.0 -9999.0 -9999.0 -9999.0 -9999.0 -9999.0
 -9999.0 -9999.0 -9999.0 -9999.0 -9999.0 -9999.0 -9999.0 -9999.0 -9999.0 -9999.0 -9999.0 -9999.0 -9999.0 -9999.0 -9999.0 -9999.0     4.8     3.5     3.2     4.2     6.5     8.4     7.0     6.9     5.1     3.4     3.1     2.9     1.9     1.9     2.3     2.1     1.1     1.0     2.7     4.0     2.8     0.8     0.4     0.1     0.2     0.3     0.5     1.7     1.2     0.3     0.3     0.3     0.3     0.3     0.3 -9999.0 -9999.0 -9999.0 -9999.0 -9999.0 -9999.0 -9999.0 -9999.0 -9999.0 -9999.0 -9999.0 -9999.0 -9999.0 -9999.0 -9999.0 -9999.0 -9999.0 -9999.0 -9999.0 -9999.0 -9999.0 -9999.0 -9999.0 -9999.0 -9999.0     1.7     1.5     1.6     1.1     1.1     1.1     0.9     1.1     1.4     2.0     2.9     3.5     3.7     3.7     3.7     2.0     1.5     1.4     1.9     2.6     3.3     4.1     4.9     5.5     6.3     7.5     9.8    13.1    15.6    16.2    15.7    16.3    18.5    21.4    24.4    26.0    31.9    36.7    39.1    43.3    36.1    38.5    41.5    42.0 -9999.0 -9999.0 -9999.0 -9999.0 -9999.0 -9999.0 -9999.0 -9999.0
 -9999.0 -9999.0 -9999.0 -9999.0 -9999.0 -9999.0 -9999.0 -9999.0 -9999.0 -9999.0 -9999.0 -9999.0 -9999.0 -9999.0 -9999.0     5.6     3.0     1.7     1.9     2.3     2.6     2.9     3.2     3.5     2.7     1.9     1.4     0.6     0.4     1.4     2.1     0.3     0.1     0.1     0.1     0.1     0.1     0.0     0.0     0.0     0.0     0.0     0.1     0.1     0.1     0.2     0.2     0.1     0.1     0.1     0.1     0.1     0.2     0.2     0.2     0.2     0.2     0.2     0.2     0.2     0.2 -9999.0 -9999.0 -9999.0 -9999.0 -9999.0 -9999.0 -9999.0 -9999.0     0.8     0.8     1.0     1.4     1.6     1.8     1.6     1.7     1.2     1.1     1.3     1.2     1.0     0.7     0.8     1.1     1.9     2.7     2.8     3.1     3.3     3.3     2.5     2.6     2.1     2.5     2.8     3.1     3.9     4.8     5.6     6.9     8.3     9.8    13.4    17.0    18.1    18.2    18.6    20.2    22.0    24.2    26.4    29.4    32.1    43.8    48.1    49.2    47.8 -9999.0 -9999.0 -9999.0 -9999.0 -9999.0 -9999.0 -9999.0 -9999.0 -9999.0 -9999.0
 -9999.0 -9999.0 -9999.0 -9999.0 -9999.0 -9999.0 -9999.0 -9999.0 -9999.0 -9999.0 -9999.0 -9999.0 -9999.0 -9999.0     7.7     5.4     4.0     1.8     1.6     1.4     1.0     1.3     1.5     1.3     0.9     0.7     0.5     0.1     0.1     0.1     0.1     0.1     0.1     0.1     0.1     0.1     0.1     0.1     0.0     0.0     0.0     0.0     0.0     0.1     0.1     0.1     0.1     0.1     0.1     0.1     0.1     0.1     0.1     0.1     0.1     0.1     0.1     0.1     0.1     0.1     0.1     0.2     0.2     0.2     0.3     0.4     0.4     0.4     0.4     0.4     0.7     1.1     1.3     1.5     1.7     1.6     1.4     1.3     1.2     1.3     1.2     0.9     1.1     0.9     1.4     1.7     2.6     2.2     2.4     2.4     3.3     3.9     1.3     1.6     1.7     2.5     3.1     3.2     4.0     6.0     8.5    11.9    14.8    17.6    20.3    21.1    21.0    20.9    21.8    22.6    24.4    24.1    24.0    29.8    35.1    43.2    48.5 -9999.0 -9999.0 -9999.0 -9999.0 -9999.0 -9999.0 -9999.0 -9999.0 -9999.0 -9999.0 -9999.0
 -9999.0 -9999.0 -9999.0 -9999.0 -9999.0 -9999.0 -9999.0 -9999.0 -9999.0 -9999.0 -9999.0 -9999.0     9.4     8.0     6.0     3.8     2.6     0.5     0.1     0.1     0.1     0.2     0.3     0.2     0.1     0.1     0.1     0.1     0.1     0.1     0.1     0.1     0.1     0.1     0.0     0.0     0.1     0.1     0.0     0.0     0.0     0.0     0.0     0.1     0.1     0.1     0.1     0.1     0.2     0.1     0.1     0.1     0.1     0.1     0.1     0.1     0.1     0.1     0.1     0.1     0.1     0.1     0.1     0.1     0.1     0.2     0.2     0.2     0.4     0.5     0.8     1.2     1.1     1.6     2.0     1.9     1.6     1.6     1.5     1.2     1.5     0.9     1.5     1.0     1.2     1.9     2.3     1.9     2.2     1.2     1.2     1.2     3.8     3.8     1.7     2.4     2.4     3.0     5.3     8.5    12.1    18.1    22.4    25.1    26.4    24.7    23.2    22.7    22.7    23.4    22.9    21.6    22.2    24.6    25.4 -9999.0 -9999.0 -9999.0 -9999.0 -9999.0 -9999.0 -9999.0 -9999.0 -9999.0 -9999.0 -9999.0 -9999.0 -9999.0
 -9999.0 -9999.0 -9999.0 -9999.0 -9999.0 -9999.0 -9999.0 -9999.0 -9999.0     8.4     8.1     8.2     7.6     6.7     3.1     1.1     0.3     0.1     0.1     0.1     0.1     0.1     0.1     0.1     0.0     0.0     0.1     0.1     0.1     0.1     0.1     0.1     0.1     0.1     0.1     0.1     0.1     0.0     0.0     0.0     0.0     0.0     0.0     0.1     0.1     0.1     0.2     0.2     0.2     0.2     0.1     0.1     0.1     0.1     0.1     0.1     0.1     0.1     0.1     0.1     0.1     0.1     0.1     0.1     0.1     0.1     0.2     0.2     0.4     0.9     0.3     0.3     0.5     0.8     1.2     1.2     1.2     1.7     1.4     1.9     2.5     2.4     1.0     0.9     1.4     1.7     4.2     1.6     1.1     0.2     0.5     1.1     1.1     1.5     1.2     1.8     2.9     5.2     7.8    10.9    16.1    22.6    27.2    30.5    29.8    26.8    24.1    22.6    22.6    21.5    20.6    19.9    20.5 -9999.0 -9999.0 -9999.0 -9999.0 -9999.0 -9999.0 -9999.0 -9999.0 -9999.0 -9999.0 -9999.0 -9999.0 -9999.0 -9999.0 -9999.0
 -9999.0 -9999.0 -9999.0 -9999.0 -9999.0     7.0     6.4     6.5     6.5     6.5     6.1     6.2     5.7     3.9     2.1     0.6     0.1     0.1     0.1     0.0     0.0     0.0     0.0     0.0     0.0     0.0     0.1     0.1     0.1     0.1     0.1     0.1     0.1     0.1     0.0     0.0     0.0     0.0     0.0     0.0     0.0     0.0     0.0     0.1     0.1     0.1     0.1     0.1     0.1     0.1     0.1     0.1     0.1     0.1     0.1     0.1     0.1     0.1     0.1     0.1     0.1     0.1     0.1     0.1     0.1     0.1     0.1     0.2     0.4     0.1     0.1     0.2     0.3     0.5     0.9     0.6     0.5     0.7     0.3     0.3     0.8     0.9     0.8     1.0     1.2     0.2     0.9     0.2     0.2     0.2     0.2     0.9     1.0     1.2     1.4     2.1     4.0     6.6 -9999.0 -9999.0    16.7    21.4    25.6    27.3    25.1    22.2    20.4    20.2    20.0 -9999.0 -9999.0 -9999.0 -9999.0 -9999.0 -9999.0 -9999.0 -9999.0 -9999.0 -9999.0 -9999.0 -9999.0 -9999.0 -9999.0 -9999.0 -9999.0 -9999.0 -9999.0 -9999.0
 -9999.0 -9999.0 -9999.0     7.2     7.3     5.8     5.7     5.4     5.1     2.9     1.7     1.6     2.4     0.7     0.2     0.1     0.1     0.1     0.1     0.0     0.0     0.0     0.0     0.0     0.0     0.0     0.1     0.1     0.1     0.2     0.2     0.2     0.1     0.1     0.1     0.1     0.0     0.0     0.0     0.0     0.0     0.0     0.0     0.1     0.1     0.1     0.1     0.2     0.1     0.2     0.1     0.1     0.1     0.1     0.1     0.1     0.1     0.1     0.1     0.1     0.1     0.1     0.1     0.1     0.1     0.1     0.2     0.1     0.1     0.1     0.1     0.1     0.2     0.2     0.2     0.2     0.2     0.2     0.2     0.4     0.6     2.1     0.3     0.4     2.5     0.3     0.5     0.3     0.1     0.1     0.4     0.5     0.5     0.9     1.6     2.6     4.4 -9999.0 -9999.0 -9999.0    12.8    15.3    14.4    15.6    15.7    15.8    15.5 -9999.0 -9999.0 -9999.0 -9999.0 -9999.0 -9999.0 -9999.0 -9999.0 -9999.0 -9999.0 -9999.0 -9999.0 -9999.0 -9999.0 -9999.0 -9999.0 -9999.0 -9999.0 -9999.0 -9999.0 -9999.0
 -9999.0 -9999.0     7.1     6.7     6.5     6.7     5.9     4.6     2.8     1.7     1.0     0.6     0.3     0.1     0.1     0.1     0.1     0.1     0.1     0.1     0.0     0.0     0.0     0.0     0.0     0.1     0.1     0.2     0.3     0.3     0.4     0.3     0.3     0.2     0.2     0.1     0.1     0.1     0.1     0.1     0.1     0.1     0.1     0.1     0.2     0.4     1.1     1.3     1.0     0.7     0.9     0.4     0.1     0.1     0.1     0.1     0.1     0.1     0.1     0.1     0.1     0.1     0.1     0.1     0.1     0.1     0.1     0.1     0.1     0.1     0.1     0.1     0.1     0.1     0.1     0.1     0.1     0.1     0.2     0.4     0.7     0.8     0.2     0.3     0.3     2.9     1.0     0.5     0.5     0.7     0.9     0.9     0.7     0.8     1.5 -9999.0 -9999.0 -9999.0 -9999.0     7.6     7.7     7.5     7.7     8.3 -9999.0 -9999.0 -9999.0 -9999.0 -9999.0 -9999.0 -9999.0 -9999.0 -9999.0 -9999.0 -9999.0 -9999.0 -9999.0 -9999.0 -9999.0 -9999.0 -9999.0 -9999.0 -9999.0 -9999.0 -9999.0 -9999.0 -9999.0 -9999.0
 -9999.0 -9999.0     5.2     4.6     3.1     5.2     7.4     6.1     4.3     2.8     1.8     1.0     0.4     0.2     0.1     0.1     0.1     0.1     0.1     0.1     0.1     0.1     0.1     0.1     0.1     0.1     0.3     0.4     0.6     0.7     0.7     0.7     0.6     0.5     0.4     0.5     0.6     0.6     0.4     0.3     0.1     0.2     0.5     1.6     0.6     1.4     2.8     1.6     3.2     2.6     2.4     3.6     2.7     1.5     0.1     0.1     0.1     0.1     0.1     0.1     0.1     0.1     0.1     0.1     0.1     0.1     0.1     0.1     0.1     0.1     0.1     0.1     0.1     0.1     0.1     0.1     0.1     0.1     0.2     0.3     0.3     0.1     0.3     0.5     0.5     0.7     0.7     0.9     1.4     2.1     2.4     2.2     1.9     2.0 -9999.0 -9999.0 -9999.0 -9999.0 -9999.0     6.2 -9999.0 -9999.0 -9999.0 -9999.0 -9999.0 -9999.0 -9999.0 -9999.0 -9999.0 -9999.0 -9999.0 -9999.0 -9999.0 -9999.0 -9999.0 -9999.0 -9999.0 -9999.0 -9999.0 -9999.0 -9999.0 -9999.0 -9999.0 -9999.0 -9999.0 -9999.0 -9999.0 -9999.0
 -9999.0 -9999.0     5.6     3.7     3.7     4.6     6.0     5.8     7.6     6.0     4.3     2.6     1.3     0.6     0.3     0.2     0.1     0.1     0.1     0.1     0.1     0.1     0.1     0.2     0.2     0.4     0.6     0.9     1.1     1.3     1.3     1.3     1.1     1.2     1.4     1.4     1.4     1.1     0.8     0.5     0.2     0.1     0.1     0.2     0.4     0.7     1.2     1.9     1.9     2.1     3.8     2.3     2.1     2.5     1.4     0.6     0.2     0.1     0.2     0.1     0.1     0.1     0.1     0.1     0.1     0.1     0.1     0.2     0.1     0.1     0.2     0.2     0.2     0.2     0.1     0.1     0.1     0.2     0.5     0.7     0.7     0.1     0.1     0.8     0.4     0.5     0.6     1.3     2.8     4.3     4.8 -9999.0 -9999.0 -9999.0 -9999.0 -9999.0 -9999.0 -9999.0 -9999.0 -9999.0 -9999.0 -9999.0 -9999.0 -9999.0 -9999.0 -9999.0 -9999.0 -9999.0 -9999.0 -9999.0 -9999.0 -9999.0 -9999.0 -9999.0 -9999.0 -9999.0 -9999.0 -9999.0 -9999.0 -9999.0 -9999.0 -9999.0 -9999.0 -9999.0 -9999.0 -9999.0 -9999.0 -9999.0
 -9999.0 -9999.0 -9999.0     3.3     5.1     3.7     3.7     4.5     6.3    10.2     8.6     5.7     3.1     1.5     0.8     0.5     0.3     0.2     0.2     0.2     0.3     0.4     0.4     0.5     0.7     1.0     1.3     1.7     2.0     1.9     1.6     0.9     1.3     0.9     0.9     1.4     1.6     1.3     0.8     0.4     0.2     0.1     0.1     0.1     0.2     0.6     1.3     1.9     2.7     2.5     2.1     1.8     1.7     2.2     1.2     1.1     0.7     0.5     0.3     0.2     0.1     0.1     0.1     0.1     0.1     0.1     0.1     0.1     0.1     0.3     0.5     0.6     0.5     0.4     0.3     0.2     0.2     0.2     0.7     0.3     0.4     0.1     0.3     0.6     1.2     1.0     0.9     1.8     4.4     6.6     7.4     7.0 -9999.0 -9999.0 -9999.0 -9999.0 -9999.0 -9999.0 -9999.0 -9999.0 -9999.0 -9999.0 -9999.0 -9999.0 -9999.0 -9999.0 -9999.0 -9999.0 -9999.0 -9999.0 -9999.0 -9999.0 -9999.0 -9999.0 -9999.0 -9999.0 -9999.0 -9999.0 -9999.0 -9999.0 -9999.0 -9999.0 -9999.0 -9999.0 -9999.0 -9999.0 -9999.0 -9999.0
 -9999.0 -9999.0 -9999.0 -9999.0 -9999.0     5.7     9.2     9.1     4.7    12.5    13.2     9.3     5.5     3.2     1.9     1.1     0.7     0.5     0.3     0.4     0.6     0.9     1.2     1.3     1.5     1.9     2.0     2.2     1.0     0.8     1.0     0.7     0.8     1.2     0.7     1.4     1.2     1.0     0.8     0.5     0.2     0.1     0.1     0.1     0.2     0.3     0.6     1.4     1.4     2.0     1.3     2.0     1.3     0.8     0.9     0.9     0.9     0.8     0.5     0.3     0.3     0.1     0.1     0.1     0.1     0.1     0.1     0.1     0.2     0.4     0.8     1.2     1.2     1.0     0.8     0.5     0.3     0.2     0.5     0.7     0.6     0.2     0.3     0.5     1.3     1.2     1.4     3.0     5.8     7.6     8.4     8.7     8.7     9.6 -9999.0 -9999.0 -9999.0    22.2 -9999.0 -9999.0 -9999.0 -9999.0 -9999.0 -9999.0 -9999.0 -9999.0 -9999.0 -9999.0 -9999.0 -9999.0 -9999.0 -9999.0 -9999.0 -9999.0 -9999.0 -9999.0 -9999.0 -9999.0 -9999.0 -9999.0 -9999.0 -9999.0 -9999.0 -9999.0 -9999.0 -9999.0 -9999.0 -9999.0
 -9999.0 -9999.0 -9999.0 -9999.0     6.4     3.7     2.2     4.9     5.4    14.1     9.6     8.7     6.8     5.1     3.4     2.2     1.4     0.8     0.6     0.6     1.2     1.9     2.3     2.2     2.0     1.5     1.3     0.0     0.3     0.3     0.3     0.6     0.9     0.8     1.3     1.3     1.2     0.5     0.4     0.3     0.2     0.1     0.1     0.1     0.1     0.2     0.3     0.4     0.6     0.4     0.3     0.5     0.6     0.8     0.5     0.7     0.9     0.8     0.6     0.6     0.5     0.5     0.5     0.2     0.1     0.1     0.1     0.1     0.2     0.5     1.1     1.9     2.3     2.1     1.7     1.3     0.9     0.8     1.7     0.4     0.4     0.8     0.7     0.9     0.7     1.1     1.8     3.5     5.3     6.2     7.1     8.4     9.3    10.3 -9999.0 -9999.0    16.4    18.2    20.0    19.7    17.5 -9999.0 -9999.0 -9999.0 -9999.0 -9999.0 -9999.0 -9999.0 -9999.0 -9999.0 -9999.0 -9999.0 -9999.0 -9999.0 -9999.0 -9999.0 -9999.0 -9999.0 -9999.0 -9999.0 -9999.0 -9999.0 -9999.0 -9999.0 -9999.0 -9999.0 -9999.0 -9999.0
 -9999.0 -9999.0 -9999.0 -9999.0     4.6     6.1     2.6     6.3     1.2     1.2     6.9     1.1     1.8     1.0     2.9     1.7     0.9     0.9     0.9     1.0     1.2     1.7     1.7     0.3     0.0     0.0     0.1     0.1     0.1     0.2     0.4     0.4     0.7     0.8     0.8     0.9     0.6     0.3     0.3     0.2     0.1     0.1     0.1     0.1     0.1     0.2     0.2     0.2     0.2     0.2     0.2     0.2     0.5     0.3     0.4     0.7     1.0     0.9     0.7     0.7     0.7     0.6     0.5     0.4     0.1     0.1     0.1     0.1     0.2     0.6     1.4     2.7     3.3     3.1     2.7     2.7     2.3     2.8     2.4     1.2     1.8     1.5     2.0     0.7     0.4     1.0     1.8     2.6     3.2     3.6     4.6     6.3     8.1     9.2     9.9    10.2    10.2    10.5    11.5 -9999.0 -9999.0 -9999.0 -9999.0 -9999.0 -9999.0 -9999.0 -9999.0 -9999.0 -9999.0 -9999.0 -9999.0 -9999.0 -9999.0 -9999.0 -9999.0 -9999.0 -9999.0 -9999.0 -9999.0 -9999.0 -9999.0 -9999.0 -9999.0 -9999.0 -9999.0 -9999.0 -9999.0 -9999.0
 -9999.0 -9999.0 -9999.0 -9999.0 -9999.0 -9999.0 -9999.0     5.2     2.5     3.6     0.5     0.3     1.1     0.3     0.1     2.1     0.2     0.5     0.5     0.2     0.0     0.0     0.0     0.0     0.0     0.0     0.0     0.0     0.1     0.1     0.2     0.3     0.4     0.5     0.4     0.6     0.4     0.3     0.2     0.1     0.1     0.1     0.1     0.1     0.2     0.2     0.4     0.4     0.5     0.3     0.2     0.3     0.3     0.8     0.5     0.6     0.8     0.7     0.5     0.6     0.7     0.5     0.2     0.2     0.2     0.1     0.1     0.2     0.2     0.6     1.6     3.0     4.4     4.8     4.8     5.3     4.9     5.0     4.2     2.5     2.7     2.7     2.1     0.6     0.4     1.0     1.8     2.1     2.1     2.2     3.0     4.8     6.6     7.8     7.7     6.7     5.7 -9999.0 -9999.0 -9999.0 -9999.0 -9999.0 -9999.0 -9999.0 -9999.0 -9999.0 -9999.0 -9999.0 -9999.0 -9999.0 -9999.0 -9999.0 -9999.0 -9999.0 -9999.0 -9999.0 -9999.0 -9999.0 -9999.0 -9999.0 -9999.0 -9999.0 -9999.0 -9999.0 -9999.0 -9999.0 -9999.0 -9999.0
 -9999.0 -9999.0 -9999.0 -9999.0 -9999.0 -9999.0 -9999.0     1.2     6.2     1.7     0.7     1.0     0.3     0.0     0.1     0.0     0.0     0.0     0.0     0.0     0.0     0.0     0.0     0.0     0.0     0.0     0.0     0.0     0.1     0.2     0.1     0.2     0.3     0.3     0.5     0.4     0.4     0.3     0.2     0.1     0.1     0.1     0.1     0.3     0.4     0.5     0.9     1.2     2.1     1.5     2.1     1.3     0.4     0.4     0.6     0.4     0.3     0.2     0.2     0.4     0.6     0.7     0.3     0.3     0.2     0.1     0.2     0.2     0.5     0.5     1.3     2.9     4.7     5.8     5.9     7.5     7.9     7.4     5.8     4.9     4.9     4.1     5.2     0.8     0.7     1.7     2.5     2.6     2.2     2.2     2.8     4.4     6.2     7.4     7.3     5.7 -9999.0 -9999.0 -9999.0 -9999.0 -9999.0 -9999.0 -9999.0 -9999.0 -9999.0 -9999.0 -9999.0 -9999.0 -9999.0 -9999.0 -9999.0 -9999.0 -9999.0 -9999.0 -9999.0 -9999.0 -9999.0 -9999.0 -9999.0 -9999.0 -9999.0 -9999.0 -9999.0 -9999.0 -9999.0 -9999.0 -9999.0 -9999.0
 -9999.0 -9999.0 -9999.0 -9999.0 -9999.0 -9999.0 -9999.0 -9999.0 -9999.0     2.0     1.6     1.4     0.1     0.1     0.1     0.0     0.0     0.0     0.0     0.0     0.0     0.0     0.0     0.0     0.0     0.0     0.0     0.0     0.1     0.1     0.3     0.3     0.3     0.3     0.5     0.5     0.5     0.3     0.3     0.2     0.2     0.2     0.2     0.3     0.8     1.4     2.1     2.5     2.6     2.2     2.0     1.2     0.7     0.4     0.6     0.3     0.1     0.1     0.2     0.3     0.6     1.0     1.2     0.3     0.3     0.2     0.3     0.5     1.0     0.6     1.2     2.0     3.7     5.6     7.1     7.1     8.3     8.5     8.2     7.7     6.7     5.6     1.8     1.2     2.0     3.6     4.4     4.1     3.4     3.1     3.5     5.0     6.8     8.2     8.5 -9999.0 -9999.0 -9999.0 -9999.0 -9999.0 -9999.0 -9999.0 -9999.0 -9999.0 -9999.0 -9999.0 -9999.0 -9999.0 -9999.0 -9999.0 -9999.0 -9999.0 -9999.0 -9999.0 -9999.0 -9999.0 -9999.0 -9999.0 -9999.0 -9999.0 -9999.0 -9999.0 -9999.0 -9999.0 -9999.0 -9999.0 -9999.0 -9999.0
 -9999.0 -9999.0 -9999.0 -9999.0 -9999.0 -9999.0 -9999.0 -9999.0 -9999.0 -9999.0 -9999.0     0.3     1.6     0.0     0.0     0.0     0.0     0.0     0.0     0.0     0.0     0.0     0.0     0.0     0.0     0.0     0.0     0.0     0.0     0.1     0.1     0.1     0.3     0.3     0.5     0.3     0.5     0.4     0.4     0.4     0.4     0.4     0.5     0.8     1.5     1.9     3.2     3.3     3.3     2.6     1.6     1.1     0.8     0.7     0.9     0.7     0.4     0.3     0.3     0.4     0.8     1.0     1.0     0.7     0.8     0.1     0.2     0.8     1.4     1.3     1.1     1.8     2.4     3.3     3.1     5.0     6.7     8.3     8.7     9.4     8.1     5.2     3.7     3.3     4.8     6.8     7.0     6.1     5.4     5.1     5.5     6.4     7.6     8.9     9.5 -9999.0 -9999.0 -9999.0 -9999.0 -9999.0 -9999.0 -9999.0 -9999.0 -9999.0 -9999.0 -9999.0 -9999.0 -9999.0 -9999.0 -9999.0 -9999.0 -9999.0 -9999.0 -9999.0 -9999.0 -9999.0 -9999.0 -9999.0 -9999.0 -9999.0 -9999.0 -9999.0 -9999.0 -9999.0 -9999.0 -9999.0 -9999.0 -9999.0
 -9999.0 -9999.0 -9999.0 -9999.0 -9999.0 -9999.0 -9999.0 -9999.0 -9999.0 -9999.0 -9999.0 -9999.0     1.3     0.7     0.0     0.0     0.0     0.0     0.0     0.0     0.0     0.0     0.0     0.0     0.0     0.0     0.0     0.0     0.0     0.0     0.1     0.1     0.2     0.2     0.3     0.4     0.3     0.5     0.7     0.8     1.0     1.1     1.2     1.5     2.0     2.7     3.5     3.1     2.9     2.3     2.1     1.5     1.0     0.9     1.2     1.5     1.4     1.3     0.3     0.9     1.0     1.5     1.8     1.4     0.4     1.3     0.5     1.5     2.4     2.6     0.7     0.2     0.3     0.7     2.9     6.0     6.3     6.4     7.1     7.8     8.3     5.7     4.5     5.1     7.1     8.7     8.3     7.3     7.2     7.7     7.9     7.5     7.4     7.7     7.9     7.7     6.9 -9999.0 -9999.0 -9999.0 -9999.0 -9999.0 -9999.0 -9999.0 -9999.0 -9999.0 -9999.0 -9999.0 -9999.0 -9999.0 -9999.0 -9999.0 -9999.0 -9999.0 -9999.0 -9999.0 -9999.0 -9999.0 -9999.0 -9999.0 -9999.0 -9999.0 -9999.0 -9999.0 -9999.0 -9999.0 -9999.0 -9999.0
 -9999.0 -9999.0 -9999.0 -9999.0 -9999.0 -9999.0 -9999.0 -9999.0 -9999.0 -9999.0 -9999.0 -9999.0     0.1     1.4     1.1     0.0     0.1     0.0     0.0     0.0     0.0     0.0     0.0     0.0     0.0     0.0     0.0     0.1     0.0     0.1     0.1     0.1     0.1     0.2     0.3     0.4     0.4     0.6     0.8     1.2     1.6     1.8     2.1     2.2     2.7     3.2     2.9     2.5     1.5     1.5     1.1     1.1     1.0     1.5     1.9     2.4     1.7     1.2     0.5     0.6     0.7     1.0     1.7     2.2     0.4     1.0     0.4     1.4     2.5     3.3     5.0     7.3     7.8     5.4     5.5     4.8     4.1     4.4     4.6     5.6     7.8     4.1     4.0     5.2     7.4     8.5     8.1     7.7     8.7     9.6     9.1     7.9     7.0     7.2     7.6     8.5     9.0 -9999.0 -9999.0 -9999.0 -9999.0 -9999.0 -9999.0 -9999.0 -9999.0 -9999.0 -9999.0 -9999.0 -9999.0 -9999.0 -9999.0 -9999.0 -9999.0 -9999.0 -9999.0 -9999.0 -9999.0 -9999.0 -9999.0 -9999.0 -9999.0 -9999.0 -9999.0 -9999.0 -9999.0 -9999.0 -9999.0 -9999.0
 -9999.0 -9999.0 -9999.0 -9999.0 -9999.0 -9999.0 -9999.0 -9999.0 -9999.0 -9999.0 -9999.0 -9999.0 -9999.0     0.7     0.0     0.7     0.0     0.1     0.0     0.0     0.0     0.0     0.0     0.0     0.0     0.0     0.0     0.0     0.0     0.0     0.1     0.1     0.1     0.1     0.4     0.5     0.6     0.7     0.9     1.4     2.0     2.6     2.9     3.2     2.9     2.4     2.3     2.0     1.6     1.0     0.8     0.7     1.0     2.6     2.8     2.7     1.5     1.2     1.7     1.0     0.9     0.8     1.3     0.7     0.1     0.7     2.2     4.0     6.2     5.6     1.8     2.2     4.7     4.9     5.5     3.7     2.7     1.9     1.9     2.9     4.5     3.7     3.9     5.0     6.9     7.8     7.8     8.5    10.5    11.4    10.4     9.4     9.3    10.8    12.9    14.2    14.4 -9999.0 -9999.0 -9999.0 -9999.0 -9999.0 -9999.0 -9999.0 -9999.0 -9999.0 -9999.0 -9999.0 -9999.0 -9999.0 -9999.0 -9999.0 -9999.0 -9999.0 -9999.0 -9999.0 -9999.0 -9999.0 -9999.0 -9999.0 -9999.0 -9999.0 -9999.0 -9999.0 -9999.0 -9999.0 -9999.0 -9999.0
 -9999.0 -9999.0 -9999.0 -9999.0 -9999.0 -9999.0 -9999.0 -9999.0 -9999.0 -9999.0 -9999.0 -9999.0     1.7     0.2     0.1     0.4     0.0     0.0     0.0     0.1     0.1     0.0     0.0     0.0     0.0     0.0     0.0     0.0     0.0     0.0     0.0     0.1     0.1     0.2     0.3     0.6     0.6     0.8     1.1     1.7     2.5     3.4     4.0     3.3     3.0     2.3     1.4     0.7     0.6     0.5     0.8     1.4     1.3     2.3     2.5     2.2     2.2     0.2     0.6     0.3     0.5     1.0     1.0     1.9     1.4     1.6     2.0     5.0     9.9    12.1    11.5     7.3     2.6     0.3     0.4     0.7     0.6     0.6     1.2     2.6     4.1     5.0     5.1     5.3     6.3     7.3     8.6    10.7    13.4    14.5    14.1    14.7    16.7    19.7    23.2    24.3    24.0    26.1 -9999.0 -9999.0 -9999.0 -9999.0 -9999.0 -9999.0 -9999.0 -9999.0 -9999.0 -9999.0 -9999.0 -9999.0 -9999.0 -9999.0 -9999.0 -9999.0 -9999.0 -9999.0 -9999.0 -9999.0 -9999.0 -9999.0 -9999.0 -9999.0 -9999.0 -9999.0 -9999.0 -9999.0 -9999.0 -9999.0
 -9999.0 -9999.0 -9999.0 -9999.0 -9999.0 -9999.0 -9999.0 -9999.0 -9999.0 -9999.0 -9999.0 -9999.0     1.2     4.5     1.8     0.0     0.0     0.3     0.2     0.0     0.2     0.0     0.0     0.0     0.1     0.1     0.1     0.0     0.0     0.1     0.1     0.1     0.1     0.4     0.5     0.6     0.9     0.9     1.2     1.8     2.6     3.3     3.5     3.3     2.6     1.9     1.6     0.9     0.6     0.2     0.3     1.1     1.3     2.0     2.5     1.8     1.7     1.6     0.7     1.5     1.8     2.3     0.6     0.6     0.9     1.6     3.7     5.4     7.2     9.3     8.5     5.0     2.1     2.7     3.0     0.8     0.3     0.9     1.7     3.4     5.8     7.5     7.1     6.0     6.1     7.9    11.2    15.3    19.0    21.0    22.5    25.3    29.1    31.6    33.3    33.7    34.6    38.3    42.3 -9999.0 -9999.0 -9999.0 -9999.0 -9999.0 -9999.0 -9999.0 -9999.0 -9999.0 -9999.0 -9999.0 -9999.0 -9999.0 -9999.0 -9999.0 -9999.0 -9999.0 -9999.0 -9999.0 -9999.0 -9999.0 -9999.0 -9999.0 -9999.0 -9999.0 -9999.0 -9999.0 -9999.0 -9999.0
 -9999.0 -9999.0 -9999.0 -9999.0 -9999.0 -9999.0 -9999.0 -9999.0 -9999.0 -9999.0 -9999.0 -9999.0    11.4     2.0     4.9     2.1     1.4     0.0     0.2     0.1     0.0     0.0     0.1     0.0     0.0     0.0     0.0     0.0     0.0     0.0     0.1     0.0     0.1     0.4     0.6     0.7     0.9     1.0     1.3     1.9     2.6     2.9     4.0     2.4     2.3     2.1     1.6     0.6     0.2     0.3     0.5     0.8     3.5     5.3     4.8     3.0     3.6     3.9     3.8     1.7     1.3     1.2     3.5     0.7     0.7     2.1     3.0     4.5     6.4     6.0     4.9     6.4     3.8     4.3    13.1     3.6     8.4     1.6     3.6     5.3     7.2     9.2     9.2     8.3     8.7    11.9    17.2    25.6    27.8    31.2    35.2    40.0    44.1    45.0    43.3    42.7    45.4    49.7    52.2    51.4 -9999.0 -9999.0 -9999.0 -9999.0 -9999.0 -9999.0 -9999.0 -9999.0 -9999.0 -9999.0 -9999.0 -9999.0 -9999.0 -9999.0 -9999.0 -9999.0 -9999.0 -9999.0 -9999.0 -9999.0 -9999.0 -9999.0 -9999.0 -9999.0 -9999.0 -9999.0 -9999.0 -9999.0
 -9999.0 -9999.0 -9999.0 -9999.0 -9999.0 -9999.0 -9999.0 -9999.0 -9999.0 -9999.0 -9999.0 -9999.0 -9999.0     1.0     1.0     3.3     1.7     1.6     0.2     0.1     0.0     0.1     0.0     0.0     0.1     0.0     0.0     0.0     0.0     0.1     0.0     0.0     0.1     0.2     0.4     0.4     0.7     0.9     1.1     1.6     2.2     3.7     4.3     3.5     1.7     1.2     1.2     0.3     0.7     0.6     0.5     1.6     2.2     2.9     7.0     9.2     6.7     7.0     7.5     8.9     5.2     9.7     2.9     0.8     1.3     1.6     2.2     3.4     4.3     5.4     4.3     2.7     3.9     0.5     2.3     1.6     2.3     4.0     7.6     7.9     9.4    11.9    14.1    15.2    17.7    22.5    28.8    46.0    44.4    45.6    51.8    57.5    60.6    59.9    56.1    54.7    57.0    59.3    58.4 -9999.0 -9999.0 -9999.0 -9999.0 -9999.0 -9999.0 -9999.0 -9999.0 -9999.0 -9999.0 -9999.0 -9999.0 -9999.0 -9999.0 -9999.0 -9999.0 -9999.0 -9999.0 -9999.0 -9999.0 -9999.0 -9999.0 -9999.0 -9999.0 -9999.0 -9999.0 -9999.0 -9999.0 -9999.0
 -9999.0 -9999.0 -9999.0 -9999.0 -9999.0 -9999.0 -9999.0 -9999.0 -9999.0 -9999.0 -9999.0 -9999.0 -9999.0    20.6     2.6     5.4     0.9     3.4     2.1     0.8     0.0     0.0     0.0     0.0     0.5     0.1     0.1     0.1     0.0     0.0     0.0     0.0     0.0     0.1     0.1     0.3     0.5     0.6     0.9     2.0     1.9     2.7     3.1     2.9     4.0     1.7     1.3     0.6     0.7     0.7     1.2     0.7     2.3     5.8    10.4    12.7    12.5    13.3    13.7     6.9     8.0     2.8     3.1     3.6     1.9     1.4     1.9     2.9     3.6     3.3     3.0     2.8     2.1     2.5     3.4     6.5    12.7     7.6     8.8    11.6    14.5    19.3    24.4    29.1    34.7    40.6    46.7    53.5    59.6    66.1    72.3    75.0    74.0    72.3    68.3    64.6    64.2    63.2    59.2 -9999.0 -9999.0 -9999.0 -9999.0 -9999.0 -9999.0 -9999.0 -9999.0 -9999.0 -9999.0 -9999.0 -9999.0 -9999.0 -9999.0 -9999.0 -9999.0 -9999.0 -9999.0 -9999.0 -9999.0 -9999.0 -9999.0 -9999.0 -9999.0 -9999.0 -9999.0 -9999.0 -9999.0 -9999.0
 -9999.0 -9999.0 -9999.0 -9999.0 -9999.0 -9999.0 -9999.0 -9999.0 -9999.0 -9999.0 -9999.0 -9999.0 -9999.0 -9999.0 -9999.0     7.9     7.7     3.8     4.2     4.5     0.6     1.3     1.2     0.6     0.2     0.1     0.0     0.0     0.0     0.0     0.0     0.0     0.0     0.0     0.1     0.1     0.3     0.3     0.5     0.9     2.0     2.8     2.8     2.4     1.1     0.9     1.4     1.2     1.3     1.0     0.9     3.5     1.9     4.0     3.3    12.8    17.3     8.8    18.1    15.9     6.0     5.3     9.8     6.5     3.1     1.8     2.3     3.3     2.7     2.4     2.3     2.2     5.3     5.8     4.9    14.2    17.2    24.1    15.8    16.7    22.1    30.3    38.8    46.2    53.5    59.8    65.8    73.7    81.0    88.0    91.1    85.9    76.4    70.7    66.7    63.4    60.7 -9999.0    53.0 -9999.0 -9999.0 -9999.0 -9999.0 -9999.0 -9999.0 -9999.0 -9999.0 -9999.0 -9999.0 -9999.0 -9999.0 -9999.0 -9999.0 -9999.0 -9999.0 -9999.0 -9999.0 -9999.0 -9999.0 -9999.0 -9999.0 -9999.0 -9999.0 -9999.0 -9999.0 -9999.0 -9999.0 -9999.0
 -9999.0 -9999.0 -9999.0 -9999.0 -9999.0 -9999.0 -9999.0 -9999.0 -9999.0 -9999.0 -9999.0 -9999.0 -9999.0 -9999.0 -9999.0 -9999.0 -9999.0    70.4    28.0 -9999.0    14.4     2.8     5.5     4.2     0.9     0.6     0.0     0.0     0.1     0.0     0.0     0.0     0.0     0.0     0.1     0.1     0.2     0.1     0.3     0.5     1.1     2.4     2.1     1.6     0.7     1.1     5.2     3.1     2.0     2.0     1.9     1.2     1.6     4.4     8.7    13.4    11.0    18.9    16.6    14.8     3.8     6.1     8.8     7.0     4.0     2.8     3.8     4.5     2.7     1.3     0.8     4.7     7.5     5.7    10.1    19.4    21.9    23.3    24.0    24.4    31.2    41.8    53.5    63.6    71.1    75.5    79.1    84.9    92.4    98.3    96.6    84.6    70.3    60.3    53.9    47.9    47.3    43.5    38.3    36.1    36.7 -9999.0 -9999.0 -9999.0 -9999.0 -9999.0 -9999.0 -9999.0 -9999.0 -9999.0 -9999.0 -9999.0 -9999.0 -9999.0 -9999.0 -9999.0 -9999.0 -9999.0 -9999.0 -9999.0 -9999.0 -9999.0 -9999.0 -9999.0 -9999.0 -9999.0 -9999.0 -9999.0
 -9999.0 -9999.0 -9999.0 -9999.0 -9999.0 -9999.0 -9999.0 -9999.0 -9999.0 -9999.0 -9999.0 -9999.0 -9999.0 -9999.0 -9999.0 -9999.0 -9999.0 -9999.0 -9999.0 -9999.0 -9999.0    12.6     6.6     1.6     2.9     6.0     3.3     1.3     0.2     0.1     0.0     0.1     0.0     0.0     0.1     0.1     0.1     0.1     0.1     0.1     0.1     1.7     2.3     1.9     0.6     1.7     9.0     3.3     5.9    21.6     3.6     9.3     9.3     2.8     6.0    13.2    14.8     9.1    21.0    10.4     3.0     4.9     5.8     5.4     5.0     5.8     8.4     8.2     4.5     1.3     0.8     4.0     6.0     6.2    10.9    19.2    26.0    28.5    34.8    40.5    46.7    57.4    68.9    78.6    84.4    82.8    82.5    85.1    89.9    93.6    88.0    75.5    54.9    45.0    39.0    32.5    29.2    27.9    27.3    32.4 -9999.0 -9999.0 -9999.0 -9999.0 -9999.0 -9999.0 -9999.0 -9999.0 -9999.0 -9999.0 -9999.0 -9999.0 -9999.0 -9999.0 -9999.0 -9999.0 -9999.0 -9999.0 -9999.0 -9999.0 -9999.0 -9999.0 -9999.0 -9999.0 -9999.0 -9999.0 -9999.0 -9999.0
 -9999.0 -9999.0 -9999.0 -9999.0 -9999.0 -9999.0 -9999.0 -9999.0 -9999.0 -9999.0 -9999.0 -9999.0 -9999.0 -9999.0 -9999.0 -9999.0 -9999.0 -9999.0 -9999.0 -9999.0 -9999.0 -9999.0 -9999.0    38.5    12.2    10.5     7.1     2.9     0.2     0.2     0.0     0.0     0.0     0.0     0.0     0.1     0.1     0.1     0.3     0.6     0.8     1.8     1.0     0.5     0.7     8.9     4.3     5.8     9.1    10.9     7.5    11.3     6.5     8.0     4.7     0.4     8.2    14.5     1.8     8.4     4.8     7.4     8.3     4.8     5.5     9.3    14.6    13.2     6.5     2.6     4.1     4.8     6.9    13.1    18.7    29.9    41.7    50.0    58.5    64.9    68.9    74.4    79.9    83.4    83.2    84.9    78.1    79.3    80.5    78.8    67.6    49.4    40.7    28.3    22.8    18.5    17.5    18.5    24.9 -9999.0 -9999.0 -9999.0 -9999.0 -9999.0 -9999.0 -9999.0 -9999.0 -9999.0 -9999.0 -9999.0 -9999.0 -9999.0 -9999.0 -9999.0 -9999.0 -9999.0 -9999.0 -9999.0 -9999.0 -9999.0 -9999.0 -9999.0 -9999.0 -9999.0 -9999.0 -9999.0 -9999.0 -9999.0
 -9999.0 -9999.0 -9999.0 -9999.0 -9999.0 -9999.0 -9999.0 -9999.0 -9999.0 -9999.0 -9999.0 -9999.0 -9999.0 -9999.0 -9999.0 -9999.0 -9999.0 -9999.0 -9999.0 -9999.0 -9999.0 -9999.0 -9999.0 -9999.0 -9999.0    64.6    24.0     0.7     0.3     0.0     0.0     0.1     0.0     0.0     0.1     0.1     0.2     0.2     0.5     0.3     1.3     0.7     0.3     0.4     4.0     9.9     9.1    19.7    10.0    13.4    17.3    16.4    20.6    18.8     4.5     2.4     6.8     3.4     9.7     7.2     6.3     7.5     9.7     3.0     4.9     9.9    14.3    10.8    10.3     9.9     6.4     7.1     8.0    19.9    31.3    42.9    53.6    65.7    74.0    80.7    79.6    77.9    76.6    74.9    72.1    68.8    67.3    66.7    64.1    57.6    44.9    30.9    20.3    16.1    12.7    12.5    11.9    14.8 -9999.0 -9999.0 -9999.0 -9999.0 -9999.0 -9999.0 -9999.0 -9999.0 -9999.0 -9999.0 -9999.0 -9999.0 -9999.0 -9999.0 -9999.0 -9999.0 -9999.0 -9999.0 -9999.0 -9999.0 -9999.0 -9999.0 -9999.0 -9999.0 -9999.0 -9999.0 -9999.0 -9999.0 -9999.0 -9999.0
 -9999.0 -9999.0 -9999.0 -9999.0 -9999.0 -9999.0 -9999.0 -9999.0 -9999.0 -9999.0 -9999.0 -9999.0 -9999.0 -9999.0 -9999.0 -9999.0 -9999.0 -9999.0 -9999.0 -9999.0 -9999.0 -9999.0 -9999.0 -9999.0 -9999.0 -9999.0 -9999.0    66.5    52.1    10.8     4.6     2.1     0.0     1.0     0.1     2.4     0.2     0.2     0.2     0.3     0.8     0.3     0.7     3.5     5.9    10.2    15.6    20.3    25.1    21.4    30.3    30.5    22.0    15.8    11.3    11.7     2.9     2.1     7.8     4.7     3.4     6.6     3.0     3.3     5.0     5.6    10.2    10.8    10.6    10.7     9.6    14.5    11.9    24.9    34.2    46.0    57.9    64.8    73.1    75.7    71.7    66.4    61.7    57.3    52.7    49.7    47.9    45.4    42.2    35.9    22.7    15.8     9.2     9.1    11.2    11.3    10.3 -9999.0 -9999.0 -9999.0 -9999.0 -9999.0 -9999.0 -9999.0 -9999.0 -9999.0 -9999.0 -9999.0 -9999.0 -9999.0 -9999.0 -9999.0 -9999.0 -9999.0 -9999.0 -9999.0 -9999.0 -9999.0 -9999.0 -9999.0 -9999.0 -9999.0 -9999.0 -9999.0 -9999.0 -9999.0 -9999.0 -9999.0
 -9999.0 -9999.0 -9999.0 -9999.0 -9999.0 -9999.0 -9999.0 -9999.0 -9999.0 -9999.0 -9999.0 -9999.0 -9999.0 -9999.0 -9999.0 -9999.0 -9999.0 -9999.0 -9999.0 -9999.0 -9999.0 -9999.0 -9999.0 -9999.0 -9999.0 -9999.0 -9999.0 -9999.0 -9999.0 -9999.0 -9999.0 -9999.0 -9999.0     8.5     0.6 -9999.0 -9999.0 -9999.0     1.3     0.4     0.5     1.0     1.0     4.9     8.2    10.6 -9999.0 -9999.0 -9999.0 -9999.0 -9999.0 -9999.0    27.0    29.0    12.9     6.8     4.7     2.9     4.1     3.7     3.8     5.5     3.0     3.0     3.0     4.2     7.6    12.0    14.9    13.5    11.5    18.1    24.6    26.5    40.8    45.8    54.9    55.1    59.3    60.9    57.3    50.7    43.1    36.2    30.9    27.9    26.6    25.2    23.8    19.6    13.5     8.6     6.3     8.6    11.4    12.4    10.2 -9999.0 -9999.0 -9999.0 -9999.0 -9999.0 -9999.0 -9999.0 -9999.0 -9999.0 -9999.0 -9999.0 -9999.0 -9999.0 -9999.0 -9999.0 -9999.0 -9999.0 -9999.0 -9999.0 -9999.0 -9999.0 -9999.0 -9999.0 -9999.0 -9999.0 -9999.0 -9999.0 -9999.0 -9999.0 -9999.0 -9999.0
 -9999.0 -9999.0 -9999.0 -9999.0 -9999.0 -9999.0 -9999.0 -9999.0 -9999.0 -9999.0 -9999.0 -9999.0 -9999.0 -9999.0 -9999.0 -9999.0 -9999.0 -9999.0 -9999.0 -9999.0 -9999.0 -9999.0 -9999.0 -9999.0 -9999.0 -9999.0 -9999.0 -9999.0 -9999.0 -9999.0 -9999.0 -9999.0 -9999.0 -9999.0 -9999.0 -9999.0 -9999.0 -9999.0 -9999.0     7.1     5.8     5.6     5.8     6.5 -9999.0 -9999.0 -9999.0 -9999.0 -9999.0 -9999.0 -9999.0 -9999.0    31.8    36.2    21.0    11.0     6.7     5.0     4.5     3.5     2.5     3.5     4.2     2.7     4.2     4.9     7.4    12.3    15.9    19.9    22.0    22.5    22.4    35.5    39.3    47.6    49.8    49.0    47.9    47.9    41.7    34.9    26.5    19.2    14.3    12.3    12.1    13.5    12.2    12.5    10.5     8.0     8.2    11.1    14.4    15.2 -9999.0 -9999.0 -9999.0 -9999.0 -9999.0 -9999.0 -9999.0 -9999.0 -9999.0 -9999.0 -9999.0 -9999.0 -9999.0 -9999.0 -9999.0 -9999.0 -9999.0 -9999.0 -9999.0 -9999.0 -9999.0 -9999.0 -9999.0 -9999.0 -9999.0 -9999.0 -9999.0 -9999.0 -9999.0 -9999.0 -9999.0 -9999.0
 -9999.0 -9999.0 -9999.0 -9999.0 -9999.0 -9999.0 -9999.0 -9999.0 -9999.0 -9999.0 -9999.0 -9999.0 -9999.0 -9999.0 -9999.0 -9999.0 -9999.0 -9999.0 -9999.0 -9999.0 -9999.0 -9999.0 -9999.0 -9999.0 -9999.0 -9999.0 -9999.0 -9999.0 -9999.0 -9999.0 -9999.0 -9999.0 -9999.0 -9999.0 -9999.0 -9999.0 -9999.0 -9999.0 -9999.0 -9999.0 -9999.0 -9999.0 -9999.0 -9999.0 -9999.0 -9999.0 -9999.0 -9999.0 -9999.0 -9999.0 -9999.0 -9999.0    35.5    41.1    26.4    22.6    12.1     8.4     6.7     5.3     2.9     2.5    11.4     3.6     5.1     6.2     8.9    11.7    15.0    18.7    21.6    24.0    37.0    36.9    45.0    50.0    51.1    48.5    43.9    35.2    25.6    19.5    13.9     9.2     6.5     5.9     6.5     7.9     9.4    11.7    11.7    11.5    10.4    13.2    16.0 -9999.0 -9999.0 -9999.0 -9999.0 -9999.0 -9999.0 -9999.0 -9999.0 -9999.0 -9999.0 -9999.0 -9999.0 -9999.0 -9999.0 -9999.0 -9999.0 -9999.0 -9999.0 -9999.0 -9999.0 -9999.0 -9999.0 -9999.0 -9999.0 -9999.0 -9999.0 -9999.0 -9999.0 -9999.0 -9999.0 -9999.0 -9999.0 -9999.0
 -9999.0 -9999.0 -9999.0 -9999.0 -9999.0 -9999.0 -9999.0 -9999.0 -9999.0 -9999.0 -9999.0 -9999.0 -9999.0 -9999.0 -9999.0 -9999.0 -9999.0 -9999.0 -9999.0 -9999.0 -9999.0 -9999.0 -9999.0 -9999.0 -9999.0 -9999.0 -9999.0 -9999.0 -9999.0 -9999.0 -9999.0 -9999.0 -9999.0 -9999.0 -9999.0 -9999.0 -9999.0 -9999.0 -9999.0 -9999.0 -9999.0 -9999.0 -9999.0 -9999.0 -9999.0 -9999.0 -9999.0 -9999.0 -9999.0 -9999.0 -9999.0    23.2    35.2    42.1    33.7    26.2    18.7    14.9    10.5     4.7     7.8     5.7     2.8     4.1     5.8     7.7     8.4     8.9    11.4    14.0    16.6    19.4    20.8    28.5    41.9    50.2    51.1    49.0    38.3    26.1    16.0    10.4    13.4     4.9     3.9     4.5     9.0     8.9    13.3    13.7    16.7    11.9    11.0    10.0    10.6 -9999.0 -9999.0 -9999.0 -9999.0 -9999.0 -9999.0 -9999.0 -9999.0 -9999.0 -9999.0 -9999.0 -9999.0 -9999.0 -9999.0 -9999.0 -9999.0 -9999.0 -9999.0 -9999.0 -9999.0 -9999.0 -9999.0 -9999.0 -9999.0 -9999.0 -9999.0 -9999.0 -9999.0 -9999.0 -9999.0 -9999.0 -9999.0 -9999.0
 -9999.0 -9999.0 -9999.0 -9999.0 -9999.0 -9999.0 -9999.0 -9999.0 -9999.0 -9999.0 -9999.0 -9999.0 -9999.0 -9999.0 -9999.0 -9999.0 -9999.0 -9999.0 -9999.0 -9999.0 -9999.0 -9999.0 -9999.0 -9999.0 -9999.0 -9999.0 -9999.0 -9999.0 -9999.0 -9999.0 -9999.0 -9999.0 -9999.0 -9999.0 -9999.0 -9999.0 -9999.0 -9999.0 -9999.0 -9999.0 -9999.0 -9999.0 -9999.0 -9999.0 -9999.0 -9999.0 -9999.0 -9999.0 -9999.0 -9999.0    10.4    26.9    39.3    44.4    39.8    33.1    23.5    15.4    12.5    11.2     7.0     7.3     3.9     4.8     5.7     6.6     5.7     6.0     7.9     9.9    12.6    11.6    15.4    26.8    37.3    43.7    45.1    41.1    34.8    22.0    12.7     6.8     4.5     3.4     4.6     5.6    10.3    10.8    14.6    15.9    14.6    15.1     7.2     5.1     4.0 -9999.0 -9999.0 -9999.0 -9999.0 -9999.0 -9999.0 -9999.0 -9999.0 -9999.0 -9999.0 -9999.0 -9999.0 -9999.0 -9999.0 -9999.0 -9999.0 -9999.0 -9999.0 -9999.0 -9999.0 -9999.0 -9999.0 -9999.0 -9999.0 -9999.0 -9999.0 -9999.0 -9999.0 -9999.0 -9999.0 -9999.0 -9999.0 -9999.0
 -9999.0 -9999.0 -9999.0 -9999.0 -9999.0 -9999.0 -9999.0 -9999.0 -9999.0 -9999.0 -9999.0 -9999.0 -9999.0 -9999.0 -9999.0 -9999.0 -9999.0 -9999.0 -9999.0 -9999.0 -9999.0 -9999.0 -9999.0 -9999.0 -9999.0 -9999.0 -9999.0 -9999.0 -9999.0 -9999.0 -9999.0 -9999.0 -9999.0 -9999.0 -9999.0 -9999.0 -9999.0 -9999.0 -9999.0 -9999.0 -9999.0 -9999.0 -9999.0 -9999.0 -9999.0 -9999.0 -9999.0 -9999.0 -9999.0 -9999.0     8.6    34.6    22.3    41.2    40.9    32.5    23.2    19.3    14.8     9.9     6.6     5.6     4.2     4.9     5.4     5.5     4.6     4.3     5.5     7.7    10.5    12.3    15.6    21.5    26.5    29.6    33.5    32.1    26.9    18.2    10.3     7.4     4.3     3.6     6.0     7.9    11.2    13.6    13.4    11.1    12.8     6.4     4.8     2.2 -9999.0 -9999.0 -9999.0 -9999.0 -9999.0 -9999.0 -9999.0 -9999.0 -9999.0 -9999.0 -9999.0 -9999.0 -9999.0 -9999.0 -9999.0 -9999.0 -9999.0 -9999.0 -9999.0 -9999.0 -9999.0 -9999.0 -9999.0 -9999.0 -9999.0 -9999.0 -9999.0 -9999.0 -9999.0 -9999.0 -9999.0 -9999.0 -9999.0 -9999.0
 -9999.0 -9999.0 -9999.0 -9999.0 -9999.0 -9999.0 -9999.0 -9999.0 -9999.0 -9999.0 -9999.0 -9999.0 -9999.0 -9999.0 -9999.0 -9999.0 -9999.0 -9999.0 -9999.0 -9999.0 -9999.0 -9999.0 -9999.0 -9999.0 -9999.0 -9999.0 -9999.0 -9999.0 -9999.0 -9999.0 -9999.0 -9999.0 -9999.0 -9999.0 -9999.0 -9999.0 -9999.0 -9999.0 -9999.0 -9999.0 -9999.0 -9999.0 -9999.0 -9999.0 -9999.0 -9999.0 -9999.0 -9999.0 -9999.0 -9999.0     8.0    16.0    14.8    42.6    26.7    22.6    24.0    15.9    14.0     9.5     8.4     7.9     6.9     5.8     5.9     4.9     3.9     3.4     4.2     7.9    10.3    17.7    18.1    22.9    20.5    21.2    24.1    20.4    17.3    11.9     9.6     5.3     3.9     4.1     7.9     8.9    10.1     9.7     9.7     7.1    11.2     6.2 -9999.0 -9999.0 -9999.0 -9999.0 -9999.0 -9999.0 -9999.0 -9999.0 -9999.0 -9999.0 -9999.0 -9999.0 -9999.0 -9999.0 -9999.0 -9999.0 -9999.0 -9999.0 -9999.0 -9999.0 -9999.0 -9999.0 -9999.0 -9999.0 -9999.0 -9999.0 -9999.0 -9999.0 -9999.0 -9999.0 -9999.0 -9999.0 -9999.0 -9999.0 -9999.0 -9999.0
 -9999.0 -9999.0 -9999.0 -9999.0 -9999.0 -9999.0 -9999.0 -9999.0 -9999.0 -9999.0 -9999.0 -9999.0 -9999.0 -9999.0 -9999.0 -9999.0 -9999.0 -9999.0 -9999.0 -9999.0 -9999.0 -9999.0 -9999.0 -9999.0 -9999.0 -9999.0 -9999.0 -9999.0 -9999.0 -9999.0 -9999.0 -9999.0 -9999.0 -9999.0 -9999.0 -9999.0 -9999.0 -9999.0 -9999.0 -9999.0 -9999.0 -9999.0 -9999.0 -9999.0 -9999.0 -9999.0 -9999.0 -9999.0 -9999.0 -9999.0    18.6    28.9    22.8    26.2    22.5    22.2    13.4    13.2    12.1    10.9    10.9    10.7     7.9     7.7     6.6     4.8     4.2     3.7     5.6     3.8     8.8    14.6    20.8    21.8    17.1    17.5    17.1    11.9     9.7     5.6     4.5     4.7     3.3     4.2     4.9     8.2    12.2     6.9     8.1     7.7     5.0 -9999.0 -9999.0 -9999.0 -9999.0 -9999.0 -9999.0 -9999.0 -9999.0 -9999.0 -9999.0 -9999.0 -9999.0 -9999.0 -9999.0 -9999.0 -9999.0 -9999.0 -9999.0 -9999.0 -9999.0 -9999.0 -9999.0 -9999.0 -9999.0 -9999.0 -9999.0 -9999.0 -9999.0 -9999.0 -9999.0 -9999.0 -9999.0 -9999.0 -9999.0 -9999.0 -9999.0 -9999.0
 -9999.0 -9999.0 -9999.0 -9999.0 -9999.0 -9999.0 -9999.0 -9999.0 -9999.0 -9999.0 -9999.0 -9999.0 -9999.0 -9999.0 -9999.0 -9999.0 -9999.0 -9999.0 -9999.0 -9999.0 -9999.0 -9999.0 -9999.0 -9999.0 -9999.0 -9999.0 -9999.0 -9999.0 -9999.0 -9999.0 -9999.0 -9999.0 -9999.0 -9999.0 -9999.0 -9999.0 -9999.0 -9999.0 -9999.0 -9999.0 -9999.0 -9999.0 -9999.0 -9999.0 -9999.0 -9999.0 -9999.0 -9999.0 -9999.0 -9999.0 -9999.0 -9999.0 -9999.0    14.5    12.1    11.2    11.2    11.7    11.3    11.2    16.7    13.1    15.8     9.4     6.2     4.1     4.6     2.9     4.8     5.1     5.3     8.5    12.3    13.6    13.9    13.1    11.8     7.0     3.4     1.9     1.8     1.8     1.8     1.8     2.9     5.3     6.2     9.2     2.6     2.4 -9999.0 -9999.0 -9999.0 -9999.0 -9999.0 -9999.0 -9999.0 -9999.0 -9999.0 -9999.0 -9999.0 -9999.0 -9999.0 -9999.0 -9999.0 -9999.0 -9999.0 -9999.0 -9999.0 -9999.0 -9999.0 -9999.0 -9999.0 -9999.0 -9999.0 -9999.0 -9999.0 -9999.0 -9999.0 -9999.0 -9999.0 -9999.0 -9999.0 -9999.0 -9999.0 -9999.0 -9999.0 -9999.0
 -9999.0 -9999.0 -9999.0 -9999.0 -9999.0 -9999.0 -9999.0 -9999.0 -9999.0 -9999.0 -9999.0 -9999.0 -9999.0 -9999.0 -9999.0 -9999.0 -9999.0 -9999.0 -9999.0 -9999.0 -9999.0 -9999.0 -9999.0 -9999.0 -9999.0 -9999.0 -9999.0 -9999.0 -9999.0 -9999.0 -9999.0 -9999.0 -9999.0 -9999.0 -9999.0 -9999.0 -9999.0 -9999.0 -9999.0 -9999.0 -9999.0 -9999.0 -9999.0 -9999.0 -9999.0 -9999.0 -9999.0 -9999.0 -9999.0 -9999.0 -9999.0 -9999.0 -9999.0    11.9     7.4    17.6     7.9     7.8     9.4    13.2    14.1    15.6    18.1    10.3     6.4     4.0     2.3     4.6     2.4     2.4     2.3     4.1     6.2     7.7     9.8    12.8     8.6     5.7     1.9     0.5     0.3     0.4     0.4 -9999.0     0.8     1.3 -9999.0 -9999.0 -9999.0 -9999.0 -9999.0 -9999.0 -9999.0 -9999.0 -9999.0 -9999.0 -9999.0 -9999.0 -9999.0 -9999.0 -9999.0 -9999.0 -9999.0 -9999.0 -9999.0 -9999.0 -9999.0 -9999.0 -9999.0 -9999.0 -9999.0 -9999.0 -9999.0 -9999.0 -9999.0 -9999.0 -9999.0 -9999.0 -9999.0 -9999.0 -9999.0 -9999.0 -9999.0 -9999.0 -9999.0 -9999.0 -9999.0 -9999.0
 -9999.0 -9999.0 -9999.0 -9999.0 -9999.0 -9999.0 -9999.0 -9999.0 -9999.0 -9999.0 -9999.0 -9999.0 -9999.0 -9999.0 -9999.0 -9999.0 -9999.0 -9999.0 -9999.0 -9999.0 -9999.0 -9999.0 -9999.0 -9999.0 -9999.0 -9999.0 -9999.0 -9999.0 -9999.0 -9999.0 -9999.0 -9999.0 -9999.0 -9999.0 -9999.0 -9999.0 -9999.0 -9999.0 -9999.0 -9999.0 -9999.0 -9999.0 -9999.0 -9999.0 -9999.0 -9999.0 -9999.0 -9999.0 -9999.0 -9999.0 -9999.0 -9999.0 -9999.0    10.9     3.6     8.5     6.5     6.2     9.1    12.5    17.4    20.0    21.3    17.3     8.6 -9999.0 -9999.0 -9999.0     4.2     2.9     4.4     6.9     6.8     6.0     8.5    11.2     5.5     2.7     6.3     0.3     0.1     0.1     0.3 -9999.0 -9999.0 -9999.0 -9999.0 -9999.0 -9999.0 -9999.0 -9999.0 -9999.0 -9999.0 -9999.0 -9999.0 -9999.0 -9999.0 -9999.0 -9999.0 -9999.0 -9999.0 -9999.0 -9999.0 -9999.0 -9999.0 -9999.0 -9999.0 -9999.0 -9999.0 -9999.0 -9999.0 -9999.0 -9999.0 -9999.0 -9999.0 -9999.0 -9999.0 -9999.0 -9999.0 -9999.0 -9999.0 -9999.0 -9999.0 -9999.0 -9999.0 -9999.0 -9999.0 -9999.0
 -9999.0 -9999.0 -9999.0 -9999.0 -9999.0 -9999.0 -9999.0 -9999.0 -9999.0 -9999.0 -9999.0 -9999.0 -9999.0 -9999.0 -9999.0 -9999.0 -9999.0 -9999.0 -9999.0 -9999.0 -9999.0 -9999.0 -9999.0 -9999.0 -9999.0 -9999.0 -9999.0 -9999.0 -9999.0 -9999.0 -9999.0 -9999.0 -9999.0 -9999.0 -9999.0 -9999.0 -9999.0 -9999.0 -9999.0 -9999.0 -9999.0 -9999.0 -9999.0 -9999.0 -9999.0 -9999.0 -9999.0 -9999.0 -9999.0 -9999.0 -9999.0 -9999.0 -9999.0 -9999.0     8.2     6.5     3.9     5.6    12.1    18.7    21.9 -9999.0 -9999.0 -9999.0 -9999.0 -9999.0 -9999.0 -9999.0     5.6     8.6    15.4    17.3    15.2    12.6    11.6     7.1     2.2     0.5     0.2 -9999.0     0.1 -9999.0 -9999.0 -9999.0 -9999.0 -9999.0 -9999.0 -9999.0 -9999.0 -9999.0 -9999.0 -9999.0 -9999.0 -9999.0 -9999.0 -9999.0 -9999.0 -9999.0 -9999.0 -9999.0 -9999.0 -9999.0 -9999.0 -9999.0 -9999.0 -9999.0 -9999.0 -9999.0 -9999.0 -9999.0 -9999.0 -9999.0 -9999.0 -9999.0 -9999.0 -9999.0 -9999.0 -9999.0 -9999.0 -9999.0 -9999.0 -9999.0 -9999.0 -9999.0 -9999.0 -9999.0 -9999.0 -9999.0
 -9999.0 -9999.0 -9999.0 -9999.0 -9999.0 -9999.0 -9999.0 -9999.0 -9999.0 -9999.0 -9999.0 -9999.0 -9999.0 -9999.0 -9999.0 -9999.0 -9999.0 -9999.0 -9999.0 -9999.0 -9999.0 -9999.0 -9999.0 -9999.0 -9999.0 -9999.0 -9999.0 -9999.0 -9999.0 -9999.0 -9999.0 -9999.0 -9999.0 -9999.0 -9999.0 -9999.0 -9999.0 -9999.0 -9999.0 -9999.0 -9999.0 -9999.0 -9999.0 -9999.0 -9999.0 -9999.0 -9999.0 -9999.0 -9999.0 -9999.0 -9999.0 -9999.0 -9999.0 -9999.0 -9999.0     6.8    13.6    10.7    16.0    24.1    28.3 -9999.0 -9999.0 -9999.0 -9999.0 -9999.0 -9999.0 -9999.0 -9999.0 -9999.0    23.3 -9999.0 -9999.0 -9999.0 -9999.0 -9999.0     1.8 -9999.0 -9999.0 -9999.0 -9999.0 -9999.0 -9999.0 -9999.0 -9999.0 -9999.0 -9999.0 -9999.0 -9999.0 -9999.0 -9999.0 -9999.0 -9999.0 -9999.0 -9999.0 -9999.0 -9999.0 -9999.0 -9999.0 -9999.0 -9999.0 -9999.0 -9999.0 -9999.0 -9999.0 -9999.0 -9999.0 -9999.0 -9999.0 -9999.0 -9999.0 -9999.0 -9999.0 -9999.0 -9999.0 -9999.0 -9999.0 -9999.0 -9999.0 -9999.0 -9999.0 -9999.0 -9999.0 -9999.0 -9999.0 -9999.0 -9999.0 -9999.0
 -9999.0 -9999.0 -9999.0 -9999.0 -9999.0 -9999.0 -9999.0 -9999.0 -9999.0 -9999.0 -9999.0 -9999.0 -9999.0 -9999.0 -9999.0 -9999.0 -9999.0 -9999.0 -9999.0 -9999.0 -9999.0 -9999.0 -9999.0 -9999.0 -9999.0 -9999.0 -9999.0 -9999.0 -9999.0 -9999.0 -9999.0 -9999.0 -9999.0 -9999.0 -9999.0 -9999.0 -9999.0 -9999.0 -9999.0 -9999.0 -9999.0 -9999.0 -9999.0 -9999.0 -9999.0 -9999.0 -9999.0 -9999.0 -9999.0 -9999.0 -9999.0 -9999.0 -9999.0 -9999.0 -9999.0 -9999.0 -9999.0 -9999.0    22.5    28.0 -9999.0 -9999.0 -9999.0 -9999.0 -9999.0 -9999.0 -9999.0 -9999.0 -9999.0 -9999.0 -9999.0 -9999.0 -9999.0 -9999.0 -9999.0    10.0     2.4 -9999.0 -9999.0 -9999.0 -9999.0 -9999.0 -9999.0 -9999.0 -9999.0 -9999.0 -9999.0 -9999.0 -9999.0 -9999.0 -9999.0 -9999.0 -9999.0 -9999.0 -9999.0 -9999.0 -9999.0 -9999.0 -9999.0 -9999.0 -9999.0 -9999.0 -9999.0 -9999.0 -9999.0 -9999.0 -9999.0 -9999.0 -9999.0 -9999.0 -9999.0 -9999.0 -9999.0 -9999.0 -9999.0 -9999.0 -9999.0 -9999.0 -9999.0 -9999.0 -9999.0 -9999.0 -9999.0 -9999.0 -9999.0 -9999.0 -9999.0 -9999.0
 -9999.0 -9999.0 -9999.0 -9999.0 -9999.0 -9999.0 -9999.0 -9999.0 -9999.0 -9999.0 -9999.0 -9999.0 -9999.0 -9999.0 -9999.0 -9999.0 -9999.0 -9999.0 -9999.0 -9999.0 -9999.0 -9999.0 -9999.0 -9999.0 -9999.0 -9999.0 -9999.0 -9999.0 -9999.0 -9999.0 -9999.0 -9999.0 -9999.0 -9999.0 -9999.0 -9999.0 -9999.0 -9999.0 -9999.0 -9999.0 -9999.0 -9999.0 -9999.0 -9999.0 -9999.0 -9999.0 -9999.0 -9999.0 -9999.0 -9999.0 -9999.0 -9999.0 -9999.0 -9999.0 -9999.0 -9999.0 -9999.0 -9999.0 -9999.0 -9999.0 -9999.0 -9999.0 -9999.0 -9999.0 -9999.0 -9999.0 -9999.0 -9999.0 -9999.0 -9999.0 -9999.0 -9999.0 -9999.0 -9999.0 -9999.0 -9999.0 -9999.0 -9999.0 -9999.0 -9999.0 -9999.0 -9999.0 -9999.0 -9999.0 -9999.0 -9999.0 -9999.0 -9999.0 -9999.0 -9999.0 -9999.0 -9999.0 -9999.0 -9999.0 -9999.0 -9999.0 -9999.0 -9999.0 -9999.0 -9999.0 -9999.0 -9999.0 -9999.0 -9999.0 -9999.0 -9999.0 -9999.0 -9999.0 -9999.0 -9999.0 -9999.0 -9999.0 -9999.0 -9999.0 -9999.0 -9999.0 -9999.0 -9999.0 -9999.0 -9999.0 -9999.0 -9999.0 -9999.0 -9999.0 -9999.0 -9999.0 -9999.0 -9999.0
 -9999.0 -9999.0 -9999.0 -9999.0 -9999.0 -9999.0 -9999.0 -9999.0 -9999.0 -9999.0 -9999.0 -9999.0 -9999.0 -9999.0 -9999.0 -9999.0 -9999.0 -9999.0 -9999.0 -9999.0 -9999.0 -9999.0 -9999.0 -9999.0 -9999.0 -9999.0 -9999.0 -9999.0 -9999.0 -9999.0 -9999.0 -9999.0 -9999.0 -9999.0 -9999.0 -9999.0 -9999.0 -9999.0 -9999.0 -9999.0 -9999.0 -9999.0 -9999.0 -9999.0 -9999.0 -9999.0 -9999.0 -9999.0 -9999.0 -9999.0 -9999.0 -9999.0 -9999.0 -9999.0 -9999.0 -9999.0 -9999.0 -9999.0 -9999.0 -9999.0 -9999.0 -9999.0 -9999.0 -9999.0 -9999.0 -9999.0 -9999.0 -9999.0 -9999.0 -9999.0 -9999.0 -9999.0 -9999.0 -9999.0 -9999.0     4.6     3.2     2.9 -9999.0 -9999.0 -9999.0 -9999.0 -9999.0 -9999.0 -9999.0 -9999.0 -9999.0 -9999.0 -9999.0 -9999.0 -9999.0 -9999.0 -9999.0 -9999.0 -9999.0 -9999.0 -9999.0 -9999.0 -9999.0 -9999.0 -9999.0 -9999.0 -9999.0 -9999.0 -9999.0 -9999.0 -9999.0 -9999.0 -9999.0 -9999.0 -9999.0 -9999.0 -9999.0 -9999.0 -9999.0 -9999.0 -9999.0 -9999.0 -9999.0 -9999.0 -9999.0 -9999.0 -9999.0 -9999.0 -9999.0 -9999.0 -9999.0 -9999.0
 -9999.0 -9999.0 -9999.0 -9999.0 -9999.0 -9999.0 -9999.0 -9999.0 -9999.0 -9999.0 -9999.0 -9999.0 -9999.0 -9999.0 -9999.0 -9999.0 -9999.0 -9999.0 -9999.0 -9999.0 -9999.0 -9999.0 -9999.0 -9999.0 -9999.0 -9999.0 -9999.0 -9999.0 -9999.0 -9999.0 -9999.0 -9999.0 -9999.0 -9999.0 -9999.0 -9999.0 -9999.0 -9999.0 -9999.0 -9999.0 -9999.0 -9999.0 -9999.0 -9999.0 -9999.0 -9999.0 -9999.0 -9999.0 -9999.0 -9999.0 -9999.0 -9999.0 -9999.0 -9999.0 -9999.0 -9999.0 -9999.0 -9999.0 -9999.0 -9999.0 -9999.0 -9999.0 -9999.0 -9999.0 -9999.0 -9999.0 -9999.0 -9999.0 -9999.0 -9999.0 -9999.0 -9999.0 -9999.0     1.5     4.0     4.1     6.7 -9999.0 -9999.0 -9999.0 -9999.0 -9999.0 -9999.0 -9999.0 -9999.0 -9999.0 -9999.0 -9999.0 -9999.0 -9999.0 -9999.0 -9999.0 -9999.0 -9999.0 -9999.0 -9999.0 -9999.0 -9999.0 -9999.0 -9999.0 -9999.0 -9999.0 -9999.0 -9999.0 -9999.0 -9999.0 -9999.0 -9999.0 -9999.0 -9999.0 -9999.0 -9999.0 -9999.0 -9999.0 -9999.0 -9999.0 -9999.0 -9999.0 -9999.0 -9999.0 -9999.0 -9999.0 -9999.0 -9999.0 -9999.0 -9999.0 -9999.0 -9999.0
 -9999.0 -9999.0 -9999.0 -9999.0 -9999.0 -9999.0 -9999.0 -9999.0 -9999.0 -9999.0 -9999.0 -9999.0 -9999.0 -9999.0 -9999.0 -9999.0 -9999.0 -9999.0 -9999.0 -9999.0 -9999.0 -9999.0 -9999.0 -9999.0 -9999.0 -9999.0 -9999.0 -9999.0 -9999.0 -9999.0 -9999.0 -9999.0 -9999.0 -9999.0 -9999.0 -9999.0 -9999.0 -9999.0 -9999.0 -9999.0 -9999.0 -9999.0 -9999.0 -9999.0 -9999.0 -9999.0 -9999.0 -9999.0 -9999.0 -9999.0 -9999.0 -9999.0 -9999.0 -9999.0 -9999.0 -9999.0 -9999.0 -9999.0 -9999.0 -9999.0 -9999.0 -9999.0 -9999.0 -9999.0 -9999.0 -9999.0 -9999.0 -9999.0 -9999.0 -9999.0 -9999.0 -9999.0 -9999.0 -9999.0     1.8     7.4     9.5 -9999.0 -9999.0 -9999.0 -9999.0 -9999.0 -9999.0 -9999.0 -9999.0 -9999.0 -9999.0 -9999.0 -9999.0 -9999.0 -9999.0 -9999.0 -9999.0 -9999.0 -9999.0 -9999.0 -9999.0 -9999.0 -9999.0 -9999.0 -9999.0 -9999.0 -9999.0 -9999.0 -9999.0 -9999.0 -9999.0 -9999.0 -9999.0 -9999.0 -9999.0 -9999.0 -9999.0 -9999.0 -9999.0 -9999.0 -9999.0 -9999.0 -9999.0 -9999.0 -9999.0 -9999.0 -9999.0 -9999.0 -9999.0 -9999.0 -9999.0 -9999.0
 -9999.0 -9999.0 -9999.0 -9999.0 -9999.0 -9999.0 -9999.0 -9999.0 -9999.0 -9999.0 -9999.0 -9999.0 -9999.0 -9999.0 -9999.0 -9999.0 -9999.0 -9999.0 -9999.0 -9999.0 -9999.0 -9999.0 -9999.0 -9999.0 -9999.0 -9999.0 -9999.0 -9999.0 -9999.0 -9999.0 -9999.0 -9999.0 -9999.0 -9999.0 -9999.0 -9999.0 -9999.0 -9999.0 -9999.0 -9999.0 -9999.0 -9999.0 -9999.0 -9999.0 -9999.0 -9999.0 -9999.0 -9999.0 -9999.0 -9999.0 -9999.0 -9999.0 -9999.0 -9999.0 -9999.0 -9999.0 -9999.0 -9999.0 -9999.0 -9999.0 -9999.0 -9999.0 -9999.0 -9999.0 -9999.0 -9999.0 -9999.0 -9999.0 -9999.0 -9999.0 -9999.0 -9999.0 -9999.0 -9999.0 -9999.0 -9999.0 -9999.0 -9999.0 -9999.0 -9999.0 -9999.0 -9999.0 -9999.0 -9999.0 -9999.0 -9999.0 -9999.0 -9999.0 -9999.0 -9999.0 -9999.0 -9999.0 -9999.0 -9999.0 -9999.0 -9999.0 -9999.0 -9999.0 -9999.0 -9999.0 -9999.0 -9999.0 -9999.0 -9999.0 -9999.0 -9999.0 -9999.0 -9999.0 -9999.0 -9999.0 -9999.0 -9999.0 -9999.0 -9999.0 -9999.0 -9999.0 -9999.0 -9999.0 -9999.0 -9999.0 -9999.0 -9999.0 -9999.0 -9999.0 -9999.0 -9999.0 -9999.0 -9999.0
