NCOLS      128
NROWS       72
XLLCORNER    72.000000000000    
YLLCORNER    18.000000000000    
CELLSIZE    0.50000000000000    
NODATA_VALUE   -9999.000    
 -9999.0 -9999.0 -9999.0 -9999.0 -9999.0 -9999.0 -9999.0 -9999.0 -9999.0 -9999.0 -9999.0 -9999.0 -9999.0 -9999.0 -9999.0 -9999.0 -9999.0 -9999.0 -9999.0 -9999.0 -9999.0 -9999.0 -9999.0 -9999.0 -9999.0 -9999.0 -9999.0 -9999.0 -9999.0 -9999.0 -9999.0 -9999.0 -9999.0 -9999.0 -9999.0 -9999.0 -9999.0 -9999.0 -9999.0 -9999.0 -9999.0 -9999.0 -9999.0 -9999.0 -9999.0 -9999.0 -9999.0 -9999.0 -9999.0 -9999.0 -9999.0 -9999.0 -9999.0 -9999.0 -9999.0 -9999.0 -9999.0 -9999.0 -9999.0 -9999.0 -9999.0 -9999.0 -9999.0 -9999.0 -9999.0 -9999.0 -9999.0 -9999.0 -9999.0 -9999.0 -9999.0 -9999.0 -9999.0 -9999.0 -9999.0 -9999.0 -9999.0 -9999.0 -9999.0 -9999.0 -9999.0 -9999.0 -9999.0 -9999.0 -9999.0 -9999.0 -9999.0 -9999.0 -9999.0 -9999.0 -9999.0 -9999.0 -9999.0 -9999.0 -9999.0 -9999.0 -9999.0    98.1    82.7    70.6    59.7    51.8    46.1    43.3    44.6 -9999.0 -9999.0 -9999.0 -9999.0 -9999.0 -9999.0 -9999.0 -9999.0 -9999.0 -9999.0 -9999.0 -9999.0 -9999.0 -9999.0 -9999.0 -9999.0 -9999.0 -9999.0 -9999.0 -9999.0 -9999.0 -9999.0 -9999.0
 -9999.0 -9999.0 -9999.0 -9999.0 -9999.0 -9999.0 -9999.0 -9999.0 -9999.0 -9999.0 -9999.0 -9999.0 -9999.0 -9999.0 -9999.0 -9999.0 -9999.0 -9999.0 -9999.0 -9999.0 -9999.0 -9999.0 -9999.0 -9999.0 -9999.0 -9999.0 -9999.0 -9999.0 -9999.0 -9999.0 -9999.0 -9999.0 -9999.0 -9999.0 -9999.0 -9999.0 -9999.0 -9999.0 -9999.0 -9999.0 -9999.0 -9999.0 -9999.0 -9999.0 -9999.0 -9999.0 -9999.0 -9999.0 -9999.0 -9999.0 -9999.0 -9999.0 -9999.0 -9999.0 -9999.0 -9999.0 -9999.0 -9999.0 -9999.0 -9999.0 -9999.0 -9999.0 -9999.0 -9999.0 -9999.0 -9999.0 -9999.0 -9999.0 -9999.0 -9999.0 -9999.0 -9999.0 -9999.0 -9999.0 -9999.0 -9999.0 -9999.0 -9999.0 -9999.0 -9999.0 -9999.0 -9999.0 -9999.0 -9999.0 -9999.0 -9999.0 -9999.0 -9999.0 -9999.0 -9999.0 -9999.0 -9999.0 -9999.0 -9999.0 -9999.0 -9999.0   111.2    90.1    69.5    59.3    49.5    45.1    43.4    44.1    47.2    46.0    44.5    45.4    46.7 -9999.0 -9999.0 -9999.0 -9999.0 -9999.0 -9999.0 -9999.0 -9999.0 -9999.0 -9999.0 -9999.0 -9999.0 -9999.0 -9999.0 -9999.0 -9999.0 -9999.0 -9999.0 -9999.0
 -9999.0 -9999.0 -9999.0 -9999.0 -9999.0 -9999.0 -9999.0 -9999.0 -9999.0 -9999.0 -9999.0 -9999.0 -9999.0 -9999.0 -9999.0 -9999.0 -9999.0 -9999.0 -9999.0 -9999.0 -9999.0 -9999.0 -9999.0 -9999.0 -9999.0 -9999.0 -9999.0 -9999.0 -9999.0 -9999.0 -9999.0 -9999.0 -9999.0 -9999.0 -9999.0 -9999.0 -9999.0 -9999.0 -9999.0 -9999.0 -9999.0 -9999.0 -9999.0 -9999.0 -9999.0 -9999.0 -9999.0 -9999.0 -9999.0 -9999.0 -9999.0 -9999.0 -9999.0 -9999.0 -9999.0 -9999.0 -9999.0 -9999.0 -9999.0 -9999.0 -9999.0 -9999.0 -9999.0 -9999.0 -9999.0 -9999.0 -9999.0 -9999.0 -9999.0 -9999.0 -9999.0 -9999.0 -9999.0 -9999.0 -9999.0 -9999.0 -9999.0 -9999.0 -9999.0 -9999.0 -9999.0 -9999.0 -9999.0 -9999.0 -9999.0 -9999.0 -9999.0 -9999.0 -9999.0 -9999.0 -9999.0 -9999.0 -9999.0 -9999.0 -9999.0   124.5   102.2    79.8    59.6    50.3    42.8    40.1    42.5    49.9    58.3    68.8    59.8    58.2    54.7 -9999.0 -9999.0 -9999.0 -9999.0 -9999.0 -9999.0 -9999.0 -9999.0 -9999.0 -9999.0 -9999.0 -9999.0 -9999.0 -9999.0 -9999.0 -9999.0 -9999.0 -9999.0 -9999.0
 -9999.0 -9999.0 -9999.0 -9999.0 -9999.0 -9999.0 -9999.0 -9999.0 -9999.0 -9999.0 -9999.0 -9999.0 -9999.0 -9999.0 -9999.0 -9999.0 -9999.0 -9999.0 -9999.0 -9999.0 -9999.0 -9999.0 -9999.0 -9999.0 -9999.0 -9999.0 -9999.0 -9999.0 -9999.0 -9999.0 -9999.0 -9999.0 -9999.0 -9999.0 -9999.0 -9999.0 -9999.0 -9999.0 -9999.0 -9999.0 -9999.0 -9999.0 -9999.0 -9999.0 -9999.0 -9999.0 -9999.0 -9999.0 -9999.0 -9999.0 -9999.0 -9999.0 -9999.0 -9999.0 -9999.0 -9999.0 -9999.0 -9999.0 -9999.0 -9999.0 -9999.0 -9999.0 -9999.0 -9999.0 -9999.0 -9999.0 -9999.0 -9999.0 -9999.0 -9999.0 -9999.0 -9999.0 -9999.0 -9999.0 -9999.0 -9999.0 -9999.0 -9999.0 -9999.0 -9999.0 -9999.0 -9999.0 -9999.0 -9999.0 -9999.0 -9999.0 -9999.0 -9999.0 -9999.0 -9999.0 -9999.0 -9999.0 -9999.0 -9999.0 -9999.0   126.8    95.1    80.5    57.0    42.7    36.7    38.4    45.9    60.3    78.7    86.9    78.5    74.0    66.3    69.9 -9999.0 -9999.0 -9999.0 -9999.0 -9999.0 -9999.0 -9999.0 -9999.0 -9999.0 -9999.0 -9999.0 -9999.0 -9999.0 -9999.0 -9999.0 -9999.0 -9999.0 -9999.0
 -9999.0 -9999.0 -9999.0 -9999.0 -9999.0 -9999.0 -9999.0 -9999.0 -9999.0 -9999.0 -9999.0 -9999.0 -9999.0 -9999.0 -9999.0 -9999.0 -9999.0 -9999.0 -9999.0 -9999.0 -9999.0 -9999.0 -9999.0 -9999.0 -9999.0 -9999.0 -9999.0 -9999.0 -9999.0 -9999.0 -9999.0 -9999.0 -9999.0 -9999.0 -9999.0 -9999.0 -9999.0 -9999.0 -9999.0 -9999.0 -9999.0 -9999.0 -9999.0 -9999.0 -9999.0 -9999.0 -9999.0 -9999.0 -9999.0 -9999.0 -9999.0 -9999.0 -9999.0 -9999.0 -9999.0 -9999.0 -9999.0 -9999.0 -9999.0 -9999.0 -9999.0 -9999.0 -9999.0 -9999.0 -9999.0 -9999.0 -9999.0 -9999.0 -9999.0 -9999.0 -9999.0 -9999.0 -9999.0 -9999.0 -9999.0 -9999.0 -9999.0 -9999.0 -9999.0 -9999.0 -9999.0 -9999.0 -9999.0 -9999.0 -9999.0 -9999.0 -9999.0 -9999.0 -9999.0 -9999.0 -9999.0 -9999.0 -9999.0 -9999.0 -9999.0   128.0   106.0    70.2    50.0    40.9    39.1    43.2    57.1    79.2   105.1   118.4   102.6    93.8    88.8    87.0   111.0 -9999.0 -9999.0 -9999.0 -9999.0 -9999.0 -9999.0 -9999.0 -9999.0 -9999.0 -9999.0 -9999.0 -9999.0 -9999.0 -9999.0 -9999.0 -9999.0 -9999.0
 -9999.0 -9999.0 -9999.0 -9999.0 -9999.0 -9999.0 -9999.0 -9999.0 -9999.0 -9999.0 -9999.0 -9999.0 -9999.0 -9999.0 -9999.0 -9999.0 -9999.0 -9999.0 -9999.0 -9999.0 -9999.0 -9999.0 -9999.0 -9999.0 -9999.0 -9999.0 -9999.0 -9999.0 -9999.0 -9999.0 -9999.0 -9999.0 -9999.0 -9999.0 -9999.0 -9999.0 -9999.0 -9999.0 -9999.0 -9999.0 -9999.0 -9999.0 -9999.0 -9999.0 -9999.0 -9999.0 -9999.0 -9999.0 -9999.0 -9999.0 -9999.0 -9999.0 -9999.0 -9999.0 -9999.0 -9999.0 -9999.0 -9999.0 -9999.0 -9999.0 -9999.0 -9999.0 -9999.0 -9999.0 -9999.0 -9999.0 -9999.0 -9999.0 -9999.0 -9999.0 -9999.0 -9999.0 -9999.0 -9999.0 -9999.0 -9999.0 -9999.0 -9999.0 -9999.0 -9999.0 -9999.0 -9999.0 -9999.0 -9999.0 -9999.0 -9999.0 -9999.0 -9999.0 -9999.0 -9999.0 -9999.0 -9999.0 -9999.0 -9999.0   157.2   137.9   107.9    79.5    56.1    43.5    43.9    55.9    73.5    98.8   121.3   129.7   120.5   113.5   114.5   113.1   141.3 -9999.0 -9999.0 -9999.0 -9999.0 -9999.0 -9999.0 -9999.0 -9999.0 -9999.0 -9999.0 -9999.0 -9999.0 -9999.0 -9999.0 -9999.0 -9999.0 -9999.0
 -9999.0 -9999.0 -9999.0 -9999.0 -9999.0 -9999.0 -9999.0 -9999.0 -9999.0 -9999.0 -9999.0 -9999.0 -9999.0 -9999.0 -9999.0 -9999.0 -9999.0 -9999.0 -9999.0 -9999.0 -9999.0 -9999.0 -9999.0 -9999.0 -9999.0 -9999.0 -9999.0 -9999.0 -9999.0 -9999.0 -9999.0 -9999.0 -9999.0 -9999.0 -9999.0 -9999.0 -9999.0 -9999.0 -9999.0 -9999.0 -9999.0 -9999.0 -9999.0 -9999.0 -9999.0 -9999.0 -9999.0 -9999.0 -9999.0 -9999.0 -9999.0 -9999.0 -9999.0 -9999.0 -9999.0 -9999.0 -9999.0 -9999.0 -9999.0 -9999.0 -9999.0 -9999.0 -9999.0 -9999.0 -9999.0 -9999.0 -9999.0 -9999.0 -9999.0 -9999.0 -9999.0 -9999.0 -9999.0 -9999.0 -9999.0 -9999.0 -9999.0 -9999.0 -9999.0 -9999.0 -9999.0 -9999.0 -9999.0 -9999.0 -9999.0 -9999.0 -9999.0 -9999.0 -9999.0 -9999.0 -9999.0 -9999.0 -9999.0 -9999.0   157.9   140.0   118.0    89.6    64.9    57.6    60.2    74.0    94.7   115.3   125.2   131.5   127.2   124.6   139.6   156.5   163.0   189.3 -9999.0 -9999.0 -9999.0 -9999.0 -9999.0 -9999.0 -9999.0 -9999.0 -9999.0 -9999.0 -9999.0 -9999.0 -9999.0 -9999.0 -9999.0 -9999.0
 -9999.0 -9999.0 -9999.0 -9999.0 -9999.0 -9999.0 -9999.0 -9999.0 -9999.0 -9999.0 -9999.0 -9999.0 -9999.0 -9999.0 -9999.0 -9999.0 -9999.0 -9999.0 -9999.0 -9999.0 -9999.0 -9999.0 -9999.0 -9999.0 -9999.0 -9999.0 -9999.0 -9999.0 -9999.0 -9999.0 -9999.0 -9999.0 -9999.0 -9999.0 -9999.0 -9999.0 -9999.0 -9999.0 -9999.0 -9999.0 -9999.0 -9999.0 -9999.0 -9999.0 -9999.0 -9999.0 -9999.0 -9999.0 -9999.0 -9999.0 -9999.0 -9999.0 -9999.0 -9999.0 -9999.0 -9999.0 -9999.0 -9999.0 -9999.0 -9999.0 -9999.0 -9999.0 -9999.0 -9999.0 -9999.0 -9999.0 -9999.0 -9999.0 -9999.0 -9999.0 -9999.0 -9999.0 -9999.0 -9999.0 -9999.0 -9999.0 -9999.0 -9999.0 -9999.0 -9999.0 -9999.0 -9999.0 -9999.0 -9999.0 -9999.0 -9999.0 -9999.0 -9999.0 -9999.0   161.8 -9999.0 -9999.0   162.3   158.9   156.3   148.7   132.3   107.6    86.1    78.3    89.6   102.2   119.3   127.6   126.4   122.6   119.2   142.2   158.0   186.8   188.3   206.2 -9999.0 -9999.0 -9999.0 -9999.0 -9999.0 -9999.0 -9999.0 -9999.0 -9999.0 -9999.0 -9999.0 -9999.0 -9999.0 -9999.0 -9999.0 -9999.0
 -9999.0 -9999.0 -9999.0 -9999.0 -9999.0 -9999.0 -9999.0 -9999.0 -9999.0 -9999.0 -9999.0 -9999.0 -9999.0 -9999.0 -9999.0 -9999.0 -9999.0 -9999.0 -9999.0 -9999.0 -9999.0 -9999.0 -9999.0 -9999.0 -9999.0 -9999.0 -9999.0 -9999.0 -9999.0 -9999.0 -9999.0 -9999.0 -9999.0 -9999.0 -9999.0 -9999.0 -9999.0 -9999.0 -9999.0 -9999.0 -9999.0 -9999.0 -9999.0 -9999.0 -9999.0 -9999.0 -9999.0 -9999.0 -9999.0 -9999.0 -9999.0 -9999.0 -9999.0 -9999.0 -9999.0 -9999.0 -9999.0 -9999.0 -9999.0 -9999.0 -9999.0 -9999.0 -9999.0 -9999.0 -9999.0 -9999.0 -9999.0 -9999.0 -9999.0 -9999.0 -9999.0 -9999.0 -9999.0 -9999.0 -9999.0 -9999.0 -9999.0 -9999.0 -9999.0 -9999.0 -9999.0 -9999.0 -9999.0 -9999.0 -9999.0 -9999.0 -9999.0 -9999.0   140.0   139.8   143.4   145.4   146.7   146.3   146.1   140.9   134.4   119.7   109.9   109.0   116.6   132.1   143.8   143.9   131.3   118.2   112.2   124.2   152.7   186.7   207.8   199.5   214.2   231.4   247.4   262.7 -9999.0 -9999.0 -9999.0 -9999.0 -9999.0 -9999.0 -9999.0 -9999.0 -9999.0 -9999.0 -9999.0 -9999.0
 -9999.0 -9999.0 -9999.0 -9999.0 -9999.0 -9999.0 -9999.0 -9999.0 -9999.0 -9999.0 -9999.0 -9999.0 -9999.0 -9999.0 -9999.0 -9999.0 -9999.0 -9999.0 -9999.0 -9999.0 -9999.0 -9999.0 -9999.0 -9999.0 -9999.0 -9999.0 -9999.0 -9999.0 -9999.0    68.2    58.2    46.4    34.9 -9999.0 -9999.0 -9999.0 -9999.0 -9999.0 -9999.0 -9999.0 -9999.0 -9999.0 -9999.0 -9999.0 -9999.0 -9999.0 -9999.0 -9999.0 -9999.0 -9999.0 -9999.0 -9999.0 -9999.0 -9999.0 -9999.0 -9999.0 -9999.0 -9999.0 -9999.0 -9999.0 -9999.0 -9999.0 -9999.0 -9999.0 -9999.0 -9999.0 -9999.0 -9999.0 -9999.0 -9999.0 -9999.0 -9999.0 -9999.0 -9999.0 -9999.0 -9999.0 -9999.0 -9999.0 -9999.0 -9999.0 -9999.0 -9999.0 -9999.0 -9999.0 -9999.0 -9999.0 -9999.0   126.3   121.7   121.2   123.9   126.7   130.9   133.4   134.8   136.4   134.7   132.0   127.1   134.1   146.9   157.8   161.8   144.1   126.8   106.7    96.3   111.3   150.9   178.3   190.8   188.9   202.5   205.6   222.7   221.6   233.3   255.4 -9999.0 -9999.0 -9999.0 -9999.0 -9999.0 -9999.0 -9999.0 -9999.0 -9999.0 -9999.0
 -9999.0 -9999.0 -9999.0 -9999.0 -9999.0 -9999.0 -9999.0 -9999.0 -9999.0 -9999.0 -9999.0 -9999.0 -9999.0 -9999.0 -9999.0 -9999.0 -9999.0 -9999.0 -9999.0 -9999.0 -9999.0 -9999.0 -9999.0 -9999.0 -9999.0 -9999.0 -9999.0    70.0    72.4    56.6    57.8    44.9    36.4    22.2 -9999.0 -9999.0 -9999.0 -9999.0 -9999.0 -9999.0 -9999.0 -9999.0 -9999.0 -9999.0 -9999.0 -9999.0 -9999.0 -9999.0 -9999.0 -9999.0 -9999.0 -9999.0 -9999.0 -9999.0 -9999.0 -9999.0 -9999.0 -9999.0 -9999.0 -9999.0 -9999.0 -9999.0 -9999.0 -9999.0 -9999.0 -9999.0 -9999.0 -9999.0 -9999.0 -9999.0 -9999.0 -9999.0 -9999.0 -9999.0 -9999.0 -9999.0 -9999.0 -9999.0 -9999.0 -9999.0 -9999.0 -9999.0 -9999.0 -9999.0 -9999.0 -9999.0 -9999.0   118.7   111.5   104.3   105.9   111.5   117.4   123.0   127.3   132.0   135.9   138.3   144.0   152.4   164.2   169.1   164.0   139.6   107.5    90.4    95.3   119.0   131.5   149.2   172.5   181.9   194.8   188.2   194.0   208.7   203.4   205.6 -9999.0 -9999.0 -9999.0 -9999.0 -9999.0   128.1   120.9   117.6   111.4 -9999.0
 -9999.0 -9999.0 -9999.0 -9999.0 -9999.0 -9999.0 -9999.0 -9999.0 -9999.0 -9999.0 -9999.0 -9999.0 -9999.0 -9999.0 -9999.0 -9999.0 -9999.0 -9999.0 -9999.0 -9999.0 -9999.0 -9999.0 -9999.0 -9999.0 -9999.0 -9999.0    50.8    37.8    42.1    39.7    36.1    30.8    40.7    25.7    20.4    14.9    11.4 -9999.0 -9999.0 -9999.0 -9999.0 -9999.0 -9999.0 -9999.0 -9999.0 -9999.0 -9999.0 -9999.0 -9999.0 -9999.0 -9999.0 -9999.0 -9999.0 -9999.0 -9999.0 -9999.0 -9999.0 -9999.0 -9999.0 -9999.0 -9999.0 -9999.0 -9999.0 -9999.0 -9999.0 -9999.0 -9999.0 -9999.0 -9999.0 -9999.0 -9999.0 -9999.0 -9999.0 -9999.0 -9999.0 -9999.0 -9999.0 -9999.0 -9999.0 -9999.0 -9999.0 -9999.0 -9999.0 -9999.0 -9999.0 -9999.0   117.9   110.1   101.4    95.9    98.0   101.9   108.1   115.2   122.1   130.6   137.0   143.1   150.2   158.2   164.1   160.0   143.4   118.5    90.0    83.4   101.2   123.4   132.0   144.8   159.0   159.7   158.4   143.7   167.7   162.3   131.0   129.6   158.3 -9999.0 -9999.0   106.5   102.0   100.9    99.0   116.7    98.4 -9999.0
 -9999.0 -9999.0 -9999.0 -9999.0 -9999.0 -9999.0 -9999.0 -9999.0 -9999.0 -9999.0 -9999.0 -9999.0 -9999.0 -9999.0 -9999.0 -9999.0 -9999.0 -9999.0 -9999.0 -9999.0 -9999.0 -9999.0 -9999.0 -9999.0 -9999.0 -9999.0    34.0    36.0    31.0    23.9    17.7    17.0    12.0    19.1    16.3    16.4    17.7     8.5 -9999.0 -9999.0 -9999.0 -9999.0 -9999.0 -9999.0 -9999.0 -9999.0 -9999.0 -9999.0 -9999.0 -9999.0 -9999.0 -9999.0 -9999.0 -9999.0 -9999.0 -9999.0 -9999.0 -9999.0 -9999.0 -9999.0 -9999.0 -9999.0 -9999.0 -9999.0 -9999.0 -9999.0 -9999.0 -9999.0 -9999.0 -9999.0 -9999.0 -9999.0 -9999.0 -9999.0 -9999.0 -9999.0 -9999.0 -9999.0 -9999.0 -9999.0 -9999.0 -9999.0 -9999.0 -9999.0 -9999.0 -9999.0   112.8   104.3    99.6    96.5    94.9    96.5   102.3   108.8   118.9   128.7   137.8   142.1   144.6   149.5   147.4   135.0   116.4    88.8    75.7    78.1    98.0   123.4   139.6   141.2   139.7   140.3   139.4   105.5   103.2   160.6    96.2    83.5    74.2    76.7    79.8    83.0    84.2    83.2    82.6    81.6    83.5 -9999.0
 -9999.0 -9999.0 -9999.0 -9999.0 -9999.0 -9999.0 -9999.0 -9999.0 -9999.0 -9999.0 -9999.0 -9999.0 -9999.0 -9999.0 -9999.0 -9999.0 -9999.0 -9999.0 -9999.0 -9999.0 -9999.0    93.7   102.6    84.2    64.2    68.6    79.7    80.2    54.2    31.0    16.4    13.3    10.0    10.1    12.5    11.1    15.6    11.5    10.4 -9999.0 -9999.0 -9999.0 -9999.0 -9999.0 -9999.0 -9999.0 -9999.0 -9999.0 -9999.0 -9999.0 -9999.0 -9999.0 -9999.0 -9999.0 -9999.0 -9999.0 -9999.0 -9999.0 -9999.0 -9999.0 -9999.0 -9999.0 -9999.0 -9999.0 -9999.0 -9999.0 -9999.0 -9999.0 -9999.0 -9999.0 -9999.0 -9999.0 -9999.0 -9999.0 -9999.0 -9999.0 -9999.0 -9999.0 -9999.0 -9999.0 -9999.0 -9999.0 -9999.0 -9999.0 -9999.0 -9999.0 -9999.0   111.1 -9999.0 -9999.0    95.6 -9999.0 -9999.0   103.5   112.5   125.0   134.6   134.3   131.1   137.9   123.0   109.5    89.0    70.4    64.0    72.0    88.6   119.3   130.2   141.4   131.8   112.5   106.3   111.1   104.0   110.5    79.9    69.2    66.2    66.9    78.3    73.1    73.7    73.3    76.0    89.8 -9999.0 -9999.0
 -9999.0 -9999.0 -9999.0 -9999.0 -9999.0 -9999.0 -9999.0 -9999.0 -9999.0 -9999.0 -9999.0 -9999.0 -9999.0 -9999.0 -9999.0 -9999.0 -9999.0 -9999.0 -9999.0 -9999.0 -9999.0    30.0    38.1    47.5    53.4   115.8    76.5    62.5    52.3    34.2    19.0    16.9    17.2    12.8    11.3     9.8     9.6    15.7     7.6 -9999.0 -9999.0 -9999.0 -9999.0 -9999.0 -9999.0 -9999.0 -9999.0 -9999.0 -9999.0 -9999.0 -9999.0 -9999.0 -9999.0 -9999.0 -9999.0 -9999.0 -9999.0 -9999.0 -9999.0 -9999.0 -9999.0 -9999.0 -9999.0 -9999.0 -9999.0 -9999.0 -9999.0 -9999.0 -9999.0 -9999.0 -9999.0 -9999.0 -9999.0 -9999.0 -9999.0 -9999.0 -9999.0 -9999.0 -9999.0 -9999.0 -9999.0 -9999.0 -9999.0 -9999.0 -9999.0 -9999.0 -9999.0 -9999.0 -9999.0   104.2    99.7    95.3    94.8    95.5   104.6   117.8   120.6   120.9   117.1   114.0   102.2    84.6    73.0    67.6    66.7    71.2    81.0    97.6   114.3   134.2   134.4   120.8   118.6   130.3   142.5   102.0    94.0    88.7    80.4    74.6    73.4    75.2    82.2    96.8    72.6 -9999.0 -9999.0 -9999.0
 -9999.0 -9999.0 -9999.0 -9999.0 -9999.0 -9999.0 -9999.0 -9999.0 -9999.0 -9999.0 -9999.0 -9999.0 -9999.0 -9999.0 -9999.0 -9999.0 -9999.0 -9999.0 -9999.0 -9999.0    23.9    36.5    31.2    44.7    54.0    37.8    26.9    32.2    23.0    21.4    23.8    19.2    21.8    20.9    16.7    12.2    14.1     9.0     6.7 -9999.0 -9999.0 -9999.0 -9999.0 -9999.0 -9999.0 -9999.0 -9999.0 -9999.0 -9999.0 -9999.0 -9999.0 -9999.0 -9999.0 -9999.0 -9999.0 -9999.0 -9999.0 -9999.0 -9999.0 -9999.0 -9999.0 -9999.0 -9999.0 -9999.0 -9999.0 -9999.0 -9999.0 -9999.0 -9999.0 -9999.0 -9999.0 -9999.0 -9999.0 -9999.0 -9999.0 -9999.0 -9999.0 -9999.0 -9999.0 -9999.0 -9999.0 -9999.0 -9999.0 -9999.0 -9999.0 -9999.0 -9999.0 -9999.0   112.6   110.2   103.4    93.7    88.9    88.3    95.9   107.8   112.6   117.1   110.5   103.9    96.2    82.5    77.9    79.8    84.4    89.3    92.2    95.3   113.7   140.5   150.1   140.7   144.6   138.3   134.6   141.7   133.5   128.4   129.0   112.4    91.7    93.3    90.4    86.5    84.4 -9999.0 -9999.0 -9999.0
 -9999.0 -9999.0 -9999.0 -9999.0 -9999.0 -9999.0 -9999.0 -9999.0 -9999.0 -9999.0 -9999.0 -9999.0 -9999.0 -9999.0 -9999.0 -9999.0 -9999.0 -9999.0    71.7    46.7    30.5   158.5   105.5   114.5    77.6    51.8    14.6    12.9    13.1    18.7    20.8    25.8    30.3    28.8    25.3    21.9    16.9    10.0     6.1 -9999.0 -9999.0 -9999.0 -9999.0 -9999.0 -9999.0 -9999.0 -9999.0 -9999.0 -9999.0 -9999.0 -9999.0 -9999.0 -9999.0 -9999.0 -9999.0 -9999.0 -9999.0 -9999.0 -9999.0 -9999.0 -9999.0 -9999.0 -9999.0 -9999.0 -9999.0 -9999.0 -9999.0 -9999.0 -9999.0 -9999.0 -9999.0 -9999.0 -9999.0 -9999.0 -9999.0 -9999.0 -9999.0 -9999.0 -9999.0 -9999.0 -9999.0 -9999.0 -9999.0 -9999.0   105.7   107.3   110.2   106.7   106.3   112.1   104.6    93.8    83.9    83.1    91.3   104.9   109.5   110.6   103.6    97.7    92.1    88.0    90.3    98.8   112.0   124.2   129.3   129.5   143.4   171.4   182.9   177.7   174.8   163.3   183.2   193.7   229.7   169.6   152.7   128.5   123.3   113.0   108.3   103.7 -9999.0 -9999.0 -9999.0 -9999.0
 -9999.0 -9999.0 -9999.0 -9999.0 -9999.0 -9999.0 -9999.0 -9999.0 -9999.0 -9999.0 -9999.0 -9999.0 -9999.0 -9999.0 -9999.0    66.5    97.1   123.6   135.2    99.3   115.2    41.8   118.9    52.9    28.2    14.4    12.8    13.3    13.4    17.9    23.0    28.2    35.2    36.0    41.2    35.1    23.3    35.6    16.3     8.8     8.9     9.0     9.0    10.0 -9999.0 -9999.0 -9999.0 -9999.0 -9999.0 -9999.0 -9999.0 -9999.0 -9999.0 -9999.0 -9999.0 -9999.0 -9999.0 -9999.0 -9999.0 -9999.0 -9999.0 -9999.0 -9999.0 -9999.0 -9999.0 -9999.0 -9999.0 -9999.0 -9999.0 -9999.0 -9999.0 -9999.0 -9999.0 -9999.0 -9999.0 -9999.0 -9999.0 -9999.0 -9999.0    84.0    83.2    81.3    80.6    85.5    92.3    93.2    93.7    93.8    95.9   101.8    96.3    89.6    83.8    85.7    94.0   107.1   111.8   108.6    99.1    92.2    87.4    86.6    92.9   107.3   127.6   148.9   159.0   166.6   186.6   205.2   220.9   205.4   187.4   187.1   258.0   217.4   219.1   199.7   170.4   150.8   136.6   132.5   127.6   131.1 -9999.0 -9999.0 -9999.0 -9999.0
 -9999.0 -9999.0 -9999.0 -9999.0 -9999.0 -9999.0 -9999.0 -9999.0 -9999.0 -9999.0 -9999.0 -9999.0 -9999.0 -9999.0 -9999.0   105.4   119.0   129.2   127.5    91.7    23.6    17.1    16.6    21.1    17.5    14.8    12.0    11.5    13.6    16.2    20.2    25.4    34.7    32.4    30.4    25.7    15.4    15.4     7.4     6.3     4.9     2.9     4.2     6.3     7.5    10.0    15.5 -9999.0 -9999.0 -9999.0 -9999.0 -9999.0 -9999.0 -9999.0 -9999.0 -9999.0 -9999.0 -9999.0 -9999.0 -9999.0 -9999.0 -9999.0 -9999.0 -9999.0 -9999.0 -9999.0 -9999.0 -9999.0 -9999.0 -9999.0 -9999.0 -9999.0 -9999.0 -9999.0 -9999.0 -9999.0 -9999.0 -9999.0    73.5    69.9    65.9    65.5    65.4    65.2    67.9    67.7    68.6    75.2    82.9    88.5    90.3    87.5    87.8    89.9   100.0   105.6   109.4    99.6    92.5    86.5    81.9    78.8    82.3    96.3   119.5   145.4   159.9   170.0   191.7   209.3   220.4   215.7   245.1   239.6   232.7   208.3   237.7   224.4   194.3   172.2   153.3   150.1   156.3 -9999.0 -9999.0 -9999.0 -9999.0 -9999.0
 -9999.0 -9999.0 -9999.0 -9999.0 -9999.0 -9999.0 -9999.0 -9999.0 -9999.0 -9999.0 -9999.0 -9999.0 -9999.0 -9999.0 -9999.0 -9999.0    49.6    47.3    75.4   131.4   164.9   111.6   180.4   132.5    65.8    51.6    34.2    18.8    17.8    18.2    21.1    24.5    33.0    36.5    36.0    31.8    24.0    17.4    12.6    12.8    14.3     9.4     8.4     6.4     6.7     7.4     8.1     8.5 -9999.0 -9999.0 -9999.0 -9999.0 -9999.0 -9999.0 -9999.0 -9999.0 -9999.0 -9999.0 -9999.0 -9999.0 -9999.0 -9999.0 -9999.0 -9999.0 -9999.0 -9999.0 -9999.0 -9999.0 -9999.0 -9999.0 -9999.0 -9999.0 -9999.0 -9999.0 -9999.0 -9999.0 -9999.0 -9999.0    62.7    54.4    50.3    47.9    41.3    39.3    43.2    45.5    55.5    60.9    71.5    81.3    82.0    85.1    91.4    93.5    95.1   100.6    99.0    92.1    85.3    81.5    76.8    70.2    68.2    78.1    97.9   115.1   129.4   143.6   166.6   195.5   221.5   259.9   281.3   224.3   209.4   231.7   227.6   210.1   204.5   178.7 -9999.0 -9999.0 -9999.0 -9999.0 -9999.0 -9999.0 -9999.0 -9999.0
 -9999.0 -9999.0 -9999.0 -9999.0 -9999.0 -9999.0 -9999.0 -9999.0 -9999.0 -9999.0 -9999.0 -9999.0 -9999.0 -9999.0 -9999.0 -9999.0    41.1    46.3    51.9    55.2   113.7   111.6   124.9   145.7   173.6   180.1   167.0    81.6   157.2    89.3    43.1    63.0   159.4   131.1    73.0    52.3    50.3    30.2    21.1    22.1    23.7    15.1    19.0    33.3     9.9     6.2     5.1     5.7 -9999.0 -9999.0 -9999.0 -9999.0 -9999.0 -9999.0 -9999.0 -9999.0 -9999.0 -9999.0 -9999.0 -9999.0 -9999.0 -9999.0 -9999.0 -9999.0 -9999.0 -9999.0 -9999.0 -9999.0 -9999.0 -9999.0 -9999.0 -9999.0 -9999.0 -9999.0 -9999.0 -9999.0 -9999.0    48.9    47.3    42.1    37.1    31.1    28.8    31.9    30.5    35.6    42.4    51.1    60.1    69.6    78.8    81.9    82.1    88.7    92.8    91.6    89.5    83.5    78.8    77.0    75.5    69.2    64.3    69.8    83.1    97.3   108.8   121.3   143.8   181.3   216.5   223.7   225.4   225.5   254.6   244.6   236.8   220.6   222.4 -9999.0 -9999.0 -9999.0 -9999.0 -9999.0 -9999.0 -9999.0 -9999.0 -9999.0
 -9999.0 -9999.0 -9999.0 -9999.0 -9999.0 -9999.0 -9999.0 -9999.0 -9999.0 -9999.0 -9999.0 -9999.0 -9999.0 -9999.0 -9999.0 -9999.0   130.6   140.7   150.1   114.4    90.1   105.7   152.5   132.4   127.8   131.0   188.0   195.8   170.0   149.9   133.7    97.6    67.8    59.9    78.8    77.1    45.6    15.3    10.3     3.7     6.8    10.9    15.5    31.3    26.4    13.3     7.4     4.5     6.3     6.5     4.9 -9999.0 -9999.0 -9999.0 -9999.0 -9999.0 -9999.0 -9999.0 -9999.0 -9999.0 -9999.0 -9999.0 -9999.0 -9999.0 -9999.0 -9999.0 -9999.0 -9999.0 -9999.0 -9999.0 -9999.0 -9999.0 -9999.0 -9999.0 -9999.0 -9999.0    44.9    42.3    42.0    35.0    31.5    28.7    25.1    26.6    29.7    34.0    41.4    49.3    56.4    62.5    70.2    74.7    82.3    83.5    83.5    81.1    77.4    73.9    71.7    72.7    77.4    79.0    77.8    81.4    91.2   102.9   110.2   123.5   152.4   184.9   208.1   254.1   245.1   255.4   272.6   259.2   298.7   272.3   238.1   211.0 -9999.0 -9999.0 -9999.0 -9999.0 -9999.0 -9999.0 -9999.0 -9999.0
 -9999.0 -9999.0 -9999.0 -9999.0 -9999.0 -9999.0 -9999.0 -9999.0 -9999.0 -9999.0 -9999.0 -9999.0 -9999.0 -9999.0 -9999.0   116.0   104.9   111.4   141.5   142.9   144.1   142.2   145.0   125.2   119.1   155.1   172.5   152.0   145.0   188.4   188.9    62.2     7.2     2.7     1.9     2.3     8.0     2.6     0.9     0.9     0.5     1.2     4.2     6.5    10.5    14.4    11.6     8.2     6.6     4.6     3.6     3.0     3.4     6.3     5.3     6.5     6.7     7.9     9.0    10.2    10.5 -9999.0 -9999.0 -9999.0 -9999.0 -9999.0 -9999.0 -9999.0 -9999.0    33.3    31.2    31.6    35.4    37.7    40.5    37.0    40.2    33.4    31.2    32.5    30.1    28.3    27.7    31.3    34.9    40.7    45.8    49.3    53.8    57.8    63.8    71.9    86.4    89.8    84.2    75.3    70.4    69.9    70.7    74.6    87.0   100.5   108.6   114.2   120.2   121.7   125.8   132.5   147.0   180.8   201.1   221.9   244.4   283.7   270.4   273.6   266.7   259.9 -9999.0 -9999.0 -9999.0 -9999.0 -9999.0 -9999.0 -9999.0 -9999.0 -9999.0 -9999.0
 -9999.0 -9999.0 -9999.0 -9999.0 -9999.0 -9999.0 -9999.0 -9999.0 -9999.0 -9999.0 -9999.0 -9999.0 -9999.0 -9999.0   106.6    88.8    87.5   125.2   123.0   123.1   123.5    80.7    78.1   111.0   100.3   132.9   154.4    47.1    24.5    20.4    26.2    53.5    19.8    41.5    23.9    11.2     9.5     7.2     6.0     2.9     1.6     1.9     2.8     4.2     6.9     9.7    10.2    12.7    10.3     8.0     6.4     4.8     5.1     4.2     3.6     5.6     5.9     6.6     6.1     6.7     7.8     8.8    10.7    14.7    21.7    30.6    27.7    27.6    22.3    23.1    27.7    32.9    32.1    35.3    38.1    36.0    35.7    34.3    32.0    33.3    33.1    33.6    40.1    43.9    48.7    48.1    51.6    51.8    55.3    56.3    62.5    74.8    76.2    90.0    87.9    81.3    75.1    76.0    81.9    89.8   106.2   127.7   144.1   151.2   154.2   153.8   152.4   152.5   159.3   184.2   182.1   218.4   278.2   270.4   297.7   297.8   285.9 -9999.0 -9999.0 -9999.0 -9999.0 -9999.0 -9999.0 -9999.0 -9999.0 -9999.0 -9999.0 -9999.0
 -9999.0 -9999.0 -9999.0 -9999.0 -9999.0 -9999.0 -9999.0 -9999.0 -9999.0 -9999.0 -9999.0 -9999.0    60.1    73.6    76.6   111.1   106.9    97.1    68.7    48.4    39.6    32.1    19.7    15.6    15.4    13.6    12.5    11.4    16.2    16.1    17.4    23.7    43.2    27.4    10.7    12.2    13.8    10.2     4.6     4.5     3.8     5.2     7.3     9.7    12.7    18.7    20.2    18.7    18.9    11.6     8.8     6.5     6.6     6.3     5.0     5.8     7.4     8.3     7.5     6.0     5.8     7.3     8.4    10.8    12.4    16.7    21.0    21.5    26.5    29.0    34.1    37.9    31.3    41.1    48.9    47.9    44.5    42.1    39.8    38.4    42.8    44.3    52.4    53.5    53.6    54.7    55.2    56.9    64.2    62.3    59.3    61.1    96.0   111.7   109.4   104.1    89.6    85.1    91.2    99.2   113.3   139.2   162.1   172.5   180.0   179.2   175.1   175.0   182.1   172.0   187.6   251.1   253.8   282.1   419.2 -9999.0 -9999.0 -9999.0 -9999.0 -9999.0 -9999.0 -9999.0 -9999.0 -9999.0 -9999.0 -9999.0 -9999.0 -9999.0
 -9999.0 -9999.0 -9999.0 -9999.0 -9999.0 -9999.0 -9999.0 -9999.0 -9999.0    35.8    27.5    48.8    65.5    96.9    73.3    59.0    47.1    42.0    32.6    24.3    17.8    13.0     9.3     7.7     7.3     7.3     7.6     7.4     7.5     7.7    13.1    47.6    37.3    18.5    17.8    23.8    10.4     3.2     1.3     1.2     2.5     4.9     4.8     8.2    13.0    19.9    22.9    22.4    20.6    22.3    12.9     8.3     6.3     7.3    12.3     9.1     9.6    10.7     9.9     9.7     8.8     9.7    11.1    11.6    10.9    16.5    20.4    21.1    31.8    43.0    19.3    15.2    17.1    26.0    42.0    45.5    46.3    51.6    48.4    53.7    58.6    62.0    60.0    57.7    57.7    55.5    69.7    68.0    78.1    73.9    69.9    73.4    87.0   118.8   129.6   123.1    98.2    82.2    79.1    87.2   102.2   128.4   153.6   167.0   188.8   209.8   213.0   202.5   196.4   214.5   229.6   240.3   237.4 -9999.0 -9999.0 -9999.0 -9999.0 -9999.0 -9999.0 -9999.0 -9999.0 -9999.0 -9999.0 -9999.0 -9999.0 -9999.0 -9999.0 -9999.0
 -9999.0 -9999.0 -9999.0 -9999.0 -9999.0    26.3    11.9    24.0    30.1    36.1    58.4    68.1    81.0    91.8    83.3    61.9    39.7    33.7    26.2    19.4    12.7     8.1     5.5     4.1     3.8     4.2     4.5     5.0     5.7     6.4     7.3     8.3     7.6     6.5     6.3     3.8     1.5     1.0     0.6     1.1     2.0     1.7     3.8     9.9    11.5    13.3    11.3    12.6    14.1    14.7    16.9    12.5    13.1    13.6    15.2    12.3    13.1    14.5    14.5    16.6    17.9    21.0    19.6    18.2    21.6    22.2    20.5    26.2    32.7    15.8    13.7    13.3    16.7    30.4    57.4    46.7    41.2    49.7    44.8    56.7    71.1    73.4    68.8    63.2    57.1    37.3    58.7    74.9    95.8    97.4    82.7    91.0   102.0   133.7   150.3   134.3    97.9    63.0 -9999.0 -9999.0    88.2   112.3   139.0   155.4   176.9   211.6   220.5   232.5   235.3 -9999.0 -9999.0 -9999.0 -9999.0 -9999.0 -9999.0 -9999.0 -9999.0 -9999.0 -9999.0 -9999.0 -9999.0 -9999.0 -9999.0 -9999.0 -9999.0 -9999.0 -9999.0 -9999.0
 -9999.0 -9999.0 -9999.0    21.7    31.5    20.5    29.4    34.5    40.9    46.4    49.2    64.0    83.6    68.5    49.4    44.6    38.1    31.6    25.0    18.0    11.5     6.7     4.3     3.3     3.2     2.8     3.0     3.0     6.1     5.9     6.4     7.0     5.9     4.3     2.7     1.5     0.9     0.5     0.3     0.2     0.4     0.5     1.0     2.3     5.1     6.7     7.8    13.4    14.5    21.1    16.0     9.9     9.0     9.5    11.0    14.4    21.9    26.0    26.3    26.8    26.2    25.2    25.9    27.9    24.3    21.0    29.5    17.2    14.3    13.8    16.3    16.4    26.1    42.4    55.3    58.1    53.1    51.1    58.0    67.0    74.7    81.7    67.7    58.2    74.2    44.4    64.2    92.0    96.4    92.4    96.0    88.7   100.8   143.0   163.7   139.8    85.0 -9999.0 -9999.0 -9999.0    82.3   113.9   120.1   137.3   164.9   210.7   234.8 -9999.0 -9999.0 -9999.0 -9999.0 -9999.0 -9999.0 -9999.0 -9999.0 -9999.0 -9999.0 -9999.0 -9999.0 -9999.0 -9999.0 -9999.0 -9999.0 -9999.0 -9999.0 -9999.0 -9999.0 -9999.0
 -9999.0 -9999.0    18.0    24.1    32.0    41.4    42.8    35.0    20.6    27.3    39.1    51.2    55.7    53.0    49.3    43.9    38.9    31.8    25.4    18.3    11.9     7.4     4.8     3.8     3.4     2.9     3.6     4.7     4.6     6.3     5.4     5.7     4.3     2.9     1.6     0.9     0.5     0.4     0.5     0.5     0.6     1.4     3.4     6.6     9.5    18.5    55.7    66.9    63.1    54.4    63.8    43.1    22.0    14.4    16.8    29.7    28.9    36.9    36.2    36.0    29.4    35.8    24.3    23.3    20.6    19.3    16.3    11.7    13.0    13.2    23.7    28.9    43.6    69.8    94.8   100.9    96.2    78.7    71.4    65.0    67.5    74.4    65.3    65.7    55.5    94.3    83.8   103.0   102.3   100.9    89.5    85.1    98.2   125.5   142.6 -9999.0 -9999.0 -9999.0 -9999.0    58.2    88.4   115.2   131.2   145.6 -9999.0 -9999.0 -9999.0 -9999.0 -9999.0 -9999.0 -9999.0 -9999.0 -9999.0 -9999.0 -9999.0 -9999.0 -9999.0 -9999.0 -9999.0 -9999.0 -9999.0 -9999.0 -9999.0 -9999.0 -9999.0 -9999.0 -9999.0 -9999.0
 -9999.0 -9999.0     8.8    10.1     2.5    30.0    32.8    19.1    20.7    29.7    46.4    59.6    62.1    57.6    51.6    46.0    39.4    32.8    26.6    19.8    13.6     9.2     6.8     4.7     4.0     3.6     4.0     4.6     5.4     6.3     6.0     4.1     3.0     2.5     1.6     2.8     5.1     7.0     4.5     3.8     1.9    12.2    48.9   132.9    46.1    88.7   144.7    86.2   141.1   121.3   114.0   136.3   119.6    97.6    41.2    36.7    36.0    60.2    50.7    54.2    47.8    32.1    27.0    20.4    17.4    15.1    12.1    12.2    17.8    13.8    25.1    42.9    73.8   107.4   129.9   127.7    99.7    83.6    60.4    51.3    51.4    59.1    77.4    88.8    84.7    84.4    82.9    93.7   104.6    98.5    85.1    82.2    93.8   116.5 -9999.0 -9999.0 -9999.0 -9999.0 -9999.0    58.3 -9999.0 -9999.0 -9999.0 -9999.0 -9999.0 -9999.0 -9999.0 -9999.0 -9999.0 -9999.0 -9999.0 -9999.0 -9999.0 -9999.0 -9999.0 -9999.0 -9999.0 -9999.0 -9999.0 -9999.0 -9999.0 -9999.0 -9999.0 -9999.0 -9999.0 -9999.0 -9999.0 -9999.0
 -9999.0 -9999.0    11.9     5.5     9.9    24.8    43.0    47.7    27.6    32.7    48.8    62.6    64.7    59.4    53.5    45.7    41.1    33.8    27.7    21.9    16.4    12.6     9.5     7.2     6.1     5.7     5.8     6.2     6.0     5.5     5.3     5.2    33.8    50.6    43.0    44.6    20.7    17.1    21.6    16.5     4.4     7.6     8.1    26.4    26.3    46.0    76.6   110.2   111.8   120.0   162.8   127.8   122.3   134.4   113.2    93.2    59.2    57.3    68.4    65.0    36.5    27.3    20.5    16.0    14.3    13.7    12.0    18.0     9.5    14.6    31.5    56.8    96.4   139.9   154.9   143.1   107.7    71.8    56.9    49.1    53.0    58.0    84.5   115.3    96.1    86.4    86.2    97.6   104.2    88.6    72.2 -9999.0 -9999.0 -9999.0 -9999.0 -9999.0 -9999.0 -9999.0 -9999.0 -9999.0 -9999.0 -9999.0 -9999.0 -9999.0 -9999.0 -9999.0 -9999.0 -9999.0 -9999.0 -9999.0 -9999.0 -9999.0 -9999.0 -9999.0 -9999.0 -9999.0 -9999.0 -9999.0 -9999.0 -9999.0 -9999.0 -9999.0 -9999.0 -9999.0 -9999.0 -9999.0 -9999.0 -9999.0
 -9999.0 -9999.0 -9999.0     3.3    19.9    14.1    19.2    32.0    49.6    44.6    44.4    54.4    57.7    54.5    47.8    42.6    38.2    34.1    29.9    25.5    20.2    16.7    13.5    10.4     8.7     7.9     7.6     7.6     8.0    12.1    26.9    64.6    51.4    91.2    96.5    51.6    17.2     9.3    11.0     3.8     2.9     3.4     6.0     8.5    14.6    48.8   109.7   131.6   159.0   149.4   138.9   133.0   131.3   143.2   118.0   111.6    88.6    78.4    72.6    56.4    37.2    21.8    16.4    12.7    11.5    11.5    13.1    17.0    10.6    19.7    40.6    64.6   101.6   132.2   145.2   125.0    96.5    62.8    56.0    38.3    48.7    66.2   100.0   119.8   109.4   102.0    99.0   104.9   100.0    77.6    60.9    62.7 -9999.0 -9999.0 -9999.0 -9999.0 -9999.0 -9999.0 -9999.0 -9999.0 -9999.0 -9999.0 -9999.0 -9999.0 -9999.0 -9999.0 -9999.0 -9999.0 -9999.0 -9999.0 -9999.0 -9999.0 -9999.0 -9999.0 -9999.0 -9999.0 -9999.0 -9999.0 -9999.0 -9999.0 -9999.0 -9999.0 -9999.0 -9999.0 -9999.0 -9999.0 -9999.0 -9999.0
 -9999.0 -9999.0 -9999.0 -9999.0 -9999.0    23.1    37.9    41.8    31.7    46.5    40.7    45.9    46.5    44.6    40.9    38.0    35.8    34.1    32.3    29.1    28.1    23.3    18.4    15.4    13.2    12.7    15.3    18.8    45.3    58.6    56.7    72.9    76.7    67.1    99.4    52.1    52.0    42.5    16.8     6.1     4.1     3.5     3.2     5.6    10.8    23.9    47.7   116.2   111.6   145.0   123.8   150.0   131.9   114.8   114.8   106.2    98.3    88.0    72.6    64.5    51.7    20.2    15.1    10.8    11.1    11.9    15.4    15.5    14.5    24.1    46.4    69.3    91.7   110.1   124.8   113.1    84.3    48.2    46.5    46.1    53.1    72.2   108.9   140.3   132.3   110.8   108.9    99.2    84.1    65.1    54.7    57.8    75.3    95.1 -9999.0 -9999.0 -9999.0    75.6 -9999.0 -9999.0 -9999.0 -9999.0 -9999.0 -9999.0 -9999.0 -9999.0 -9999.0 -9999.0 -9999.0 -9999.0 -9999.0 -9999.0 -9999.0 -9999.0 -9999.0 -9999.0 -9999.0 -9999.0 -9999.0 -9999.0 -9999.0 -9999.0 -9999.0 -9999.0 -9999.0 -9999.0 -9999.0 -9999.0
 -9999.0 -9999.0 -9999.0 -9999.0    13.1     6.4     2.7    20.2    26.7    39.6    46.1    48.9    47.7    38.0    33.3    32.6    32.8    33.6    33.3    32.8    30.6    27.6    24.7    26.1    28.5    34.9    40.5    49.8    60.1    65.4    71.0    71.0    69.9    78.3    57.8    55.3    46.7   102.3    89.4    47.0    12.0     4.5     4.7     4.1     5.7     9.0    17.8    39.0    57.8    49.2    57.9    94.4   110.7   122.1    80.5    76.1    67.3    76.5    68.1    70.0    58.9    42.8    30.1    13.8     8.8    16.6    23.5    17.7    31.0    38.7    58.5    84.4    98.9   106.0   111.4   103.6    79.9    57.3    61.6    30.5    44.8    80.0   116.6   151.2   130.0    93.9    88.6    73.4    57.9    49.3    48.0    55.4    69.4    89.6 -9999.0 -9999.0   129.4   129.1   130.8   199.8   172.7 -9999.0 -9999.0 -9999.0 -9999.0 -9999.0 -9999.0 -9999.0 -9999.0 -9999.0 -9999.0 -9999.0 -9999.0 -9999.0 -9999.0 -9999.0 -9999.0 -9999.0 -9999.0 -9999.0 -9999.0 -9999.0 -9999.0 -9999.0 -9999.0 -9999.0 -9999.0 -9999.0
 -9999.0 -9999.0 -9999.0 -9999.0     2.7     9.0     1.9    16.7     1.3     3.0    31.7    11.4    26.4    28.7    41.5    42.8    45.1    40.5    36.0    35.4    40.7    41.9    43.1    47.8    39.3    33.8    47.0    51.1    56.4    61.0    65.1    72.1    71.0    72.6    78.0    70.6    91.1   112.3    80.6    44.8    86.7    16.8    11.9     4.7     4.8     6.0     8.3    12.3    18.1    29.2    37.9    50.9   101.2    81.6    69.0    70.2    65.5    65.6    65.8    41.2    53.9    26.7    17.3    16.3    13.2    12.8    28.3    27.6    33.7    61.8    72.3    89.7    94.2    96.3    95.2    89.2    67.9    69.8    57.1    37.6    55.5    80.9   117.3   142.9   102.7    69.2    55.0    44.6    39.3    39.3    44.1    74.6    67.4    82.1   102.7   119.7   136.7   155.2   177.2 -9999.0 -9999.0 -9999.0 -9999.0 -9999.0 -9999.0 -9999.0 -9999.0 -9999.0 -9999.0 -9999.0 -9999.0 -9999.0 -9999.0 -9999.0 -9999.0 -9999.0 -9999.0 -9999.0 -9999.0 -9999.0 -9999.0 -9999.0 -9999.0 -9999.0 -9999.0 -9999.0 -9999.0 -9999.0
 -9999.0 -9999.0 -9999.0 -9999.0 -9999.0 -9999.0 -9999.0     6.7     3.0     9.2     1.0     1.5    13.5    11.6    14.0    36.1    35.7    42.5    44.4    45.7    36.0    26.3    26.4    31.0    35.3    39.2    41.3    45.7    51.1    56.4    63.1    69.1    73.7    80.9    91.7    88.8   111.9   111.7   144.1   159.7    86.1   186.4   166.5    98.8    40.5    10.9    23.4    20.7    34.1    24.6    26.2    38.7    65.3   124.8   116.7    69.8    57.5    51.5    72.1    52.5    59.1    26.9    14.8    15.3    23.0    20.9    32.1    41.7    45.8    64.0    74.6    81.4    88.9    87.0    81.1    75.9    57.2    60.1    58.9    42.4    61.5    89.3   117.5   122.4    85.6    58.3    39.8    31.9    31.8    40.0    48.5    62.5    79.1    85.4    90.4   113.6   133.7 -9999.0 -9999.0 -9999.0 -9999.0 -9999.0 -9999.0 -9999.0 -9999.0 -9999.0 -9999.0 -9999.0 -9999.0 -9999.0 -9999.0 -9999.0 -9999.0 -9999.0 -9999.0 -9999.0 -9999.0 -9999.0 -9999.0 -9999.0 -9999.0 -9999.0 -9999.0 -9999.0 -9999.0 -9999.0 -9999.0 -9999.0
 -9999.0 -9999.0 -9999.0 -9999.0 -9999.0 -9999.0 -9999.0     0.1     5.9     1.3     0.9     3.7     2.7     1.0     5.5     1.0    10.7    14.6     7.2    20.1    23.5    18.8    24.9    27.4    31.8    35.0    39.4    40.8    48.6    54.0    59.7    66.5    73.1    84.4    87.2    96.9   101.6   123.9   134.8   139.3   153.8   157.4   162.2   194.1    95.8    40.0    49.7    50.3    81.8    67.0   105.1    99.3    74.2    96.6   123.2    89.9    77.1    74.8    77.6    71.4    56.4    41.9    22.2    23.2    25.0    29.1    34.8    40.5    57.6    57.0    69.5    75.7    76.9    72.0    59.6    63.4    59.9    55.3    47.4    56.2    84.4   108.1   128.5   109.8    83.5    65.0    45.6    34.4    35.1    39.9    51.7    65.4    73.9    80.6   104.4   113.4 -9999.0 -9999.0 -9999.0 -9999.0 -9999.0 -9999.0 -9999.0 -9999.0 -9999.0 -9999.0 -9999.0 -9999.0 -9999.0 -9999.0 -9999.0 -9999.0 -9999.0 -9999.0 -9999.0 -9999.0 -9999.0 -9999.0 -9999.0 -9999.0 -9999.0 -9999.0 -9999.0 -9999.0 -9999.0 -9999.0 -9999.0 -9999.0
 -9999.0 -9999.0 -9999.0 -9999.0 -9999.0 -9999.0 -9999.0 -9999.0 -9999.0     0.7     1.1     2.3     0.7     1.2     3.5     6.9     4.8     0.9     6.6     3.6    11.3    19.6    23.4    26.2    29.9    34.4    36.6    40.9    47.4    50.4    57.7    63.9    70.7    80.5    83.2    91.6    99.5   116.9   121.9   140.3   139.5   156.1   143.6   116.0   117.2    96.3    82.5    71.2    70.8    71.1    82.9    79.9    81.9    90.9   119.9   107.2    86.7    81.0    86.8    72.2    59.9    54.1    48.7    26.7    33.6    33.2    33.8    39.7    60.4    57.6    65.7    60.2    60.4    58.4    56.2    48.2    50.2    50.5    49.9    59.6    92.1   122.8    82.6    90.2    97.4    88.7    65.2    50.1    50.5    52.9    66.3    83.8    91.5   107.6   117.2 -9999.0 -9999.0 -9999.0 -9999.0 -9999.0 -9999.0 -9999.0 -9999.0 -9999.0 -9999.0 -9999.0 -9999.0 -9999.0 -9999.0 -9999.0 -9999.0 -9999.0 -9999.0 -9999.0 -9999.0 -9999.0 -9999.0 -9999.0 -9999.0 -9999.0 -9999.0 -9999.0 -9999.0 -9999.0 -9999.0 -9999.0 -9999.0 -9999.0
 -9999.0 -9999.0 -9999.0 -9999.0 -9999.0 -9999.0 -9999.0 -9999.0 -9999.0 -9999.0 -9999.0     0.1     2.6     0.3     1.3     1.3     2.9     5.5     8.3     8.9     8.1    15.4    17.8    24.6    21.1    29.5    32.1    37.6    44.2    51.2    57.2    63.4    70.5    78.5    84.9   103.6   104.5   115.1   151.4   134.7   153.4   140.7   123.5   105.1   129.2    84.4   103.6    74.7    76.7    71.1    62.2    68.3    77.9    96.4   117.4   123.5   116.9   111.7    92.9    77.2    70.5    56.5    48.8    44.1    50.3    28.3    28.2    42.5    57.9    64.8    58.9    55.0    46.4    41.4    32.9    42.2    47.4    55.6    53.7    66.2    67.5    73.9   102.9   109.7   120.4   115.1    96.2    80.0    79.2    86.7    96.6   112.8   138.2   157.3   159.3 -9999.0 -9999.0 -9999.0 -9999.0 -9999.0 -9999.0 -9999.0 -9999.0 -9999.0 -9999.0 -9999.0 -9999.0 -9999.0 -9999.0 -9999.0 -9999.0 -9999.0 -9999.0 -9999.0 -9999.0 -9999.0 -9999.0 -9999.0 -9999.0 -9999.0 -9999.0 -9999.0 -9999.0 -9999.0 -9999.0 -9999.0 -9999.0 -9999.0
 -9999.0 -9999.0 -9999.0 -9999.0 -9999.0 -9999.0 -9999.0 -9999.0 -9999.0 -9999.0 -9999.0 -9999.0     0.9     1.4     0.4     1.6     0.4     2.5     4.3     2.1    14.0    15.1    18.3    24.9    13.1    30.7    38.1    37.7    44.8    46.7    57.0    64.1    71.2    80.2    90.4    99.1   118.8   118.6   118.1   115.0   114.4   114.5   110.8   115.8   101.7    95.3    93.6    66.5    67.4    67.6    79.2    78.8    77.8    85.1   103.4   119.4   126.7   127.1    92.4    96.1    78.4    77.8    73.4    63.7    45.7    61.9    42.3    54.9    65.4    69.8    42.6    20.3    19.1    23.5    38.7    54.3    64.8    73.4    71.0   110.8    98.2    94.2   112.4   122.4   136.5   138.5   127.1   118.6   119.5   130.8   149.0   166.9   191.6   203.4   196.9   187.5   177.7 -9999.0 -9999.0 -9999.0 -9999.0 -9999.0 -9999.0 -9999.0 -9999.0 -9999.0 -9999.0 -9999.0 -9999.0 -9999.0 -9999.0 -9999.0 -9999.0 -9999.0 -9999.0 -9999.0 -9999.0 -9999.0 -9999.0 -9999.0 -9999.0 -9999.0 -9999.0 -9999.0 -9999.0 -9999.0 -9999.0 -9999.0
 -9999.0 -9999.0 -9999.0 -9999.0 -9999.0 -9999.0 -9999.0 -9999.0 -9999.0 -9999.0 -9999.0 -9999.0     0.0     1.0     2.1     0.7     4.2     4.3     2.2     5.5     9.4    10.7    16.5    26.0    35.6    35.8    40.0    48.4    49.5    56.7    58.8    62.7    71.7    80.0    89.6    98.7   114.1   125.0   127.4   124.4   113.0   108.3   125.1    99.2   107.1   109.9    84.3    73.5    59.9    72.4    71.5    76.8    74.4    86.4    91.1   108.5   113.8   118.4   100.4    89.3    79.9    76.3    84.6    89.1    45.6    55.5    51.0    54.4    55.6    58.1    65.2    70.9    66.1    55.3    56.4    59.1    68.8    84.3   101.9   113.8   152.6    85.0    98.2   119.4   146.0   162.8   168.0   173.3   168.2   174.3   196.2   213.8   216.1   210.9   188.1   164.1   149.2 -9999.0 -9999.0 -9999.0 -9999.0 -9999.0 -9999.0 -9999.0 -9999.0 -9999.0 -9999.0 -9999.0 -9999.0 -9999.0 -9999.0 -9999.0 -9999.0 -9999.0 -9999.0 -9999.0 -9999.0 -9999.0 -9999.0 -9999.0 -9999.0 -9999.0 -9999.0 -9999.0 -9999.0 -9999.0 -9999.0 -9999.0
 -9999.0 -9999.0 -9999.0 -9999.0 -9999.0 -9999.0 -9999.0 -9999.0 -9999.0 -9999.0 -9999.0 -9999.0 -9999.0     0.1     0.0     1.8     1.1     4.2     7.8    11.2    12.8    22.7    19.7    35.2    37.9    31.3    36.5    37.0    48.4    55.4    64.2    69.6    71.5    79.4    89.4    99.1   110.1   122.0   138.5   136.6   130.8   130.3   121.5   128.4   110.1    97.6   103.0   105.1   101.8    94.6    89.2    79.9    79.1    99.6    98.9   102.2   104.5   113.0   123.6   110.3   100.9    87.9    94.4    64.5    43.1    49.5    58.0    61.6    57.6    44.4    18.4    25.0    46.6    53.8    58.3    62.0    73.9    90.8    85.3    75.3   121.8    90.3   102.4   124.9   161.0   202.1   239.5   254.7   236.1   211.8   210.8   208.8   192.7   173.9   143.5   110.6   103.4 -9999.0 -9999.0 -9999.0 -9999.0 -9999.0 -9999.0 -9999.0 -9999.0 -9999.0 -9999.0 -9999.0 -9999.0 -9999.0 -9999.0 -9999.0 -9999.0 -9999.0 -9999.0 -9999.0 -9999.0 -9999.0 -9999.0 -9999.0 -9999.0 -9999.0 -9999.0 -9999.0 -9999.0 -9999.0 -9999.0 -9999.0
 -9999.0 -9999.0 -9999.0 -9999.0 -9999.0 -9999.0 -9999.0 -9999.0 -9999.0 -9999.0 -9999.0 -9999.0     0.0     0.0     0.0     0.6     0.2     1.4     3.5    15.0    21.8    28.7    31.9    41.4    49.6    39.8    48.6    57.6    61.5    62.9    68.5    76.1    72.3    82.3    89.3   100.0   111.0   122.3   130.0   133.8   141.8   146.0   148.2   121.6   125.8   127.0   121.6   114.0   117.5   114.4   115.5   113.7    97.3   100.6    95.6    96.3   107.1    95.3   111.2   102.2   102.6   110.9   101.3   109.2    72.2    52.3    68.6    57.6    54.9    60.1    55.4    43.6    38.7    40.5    51.7    60.3    69.8    81.1    79.0    66.5    66.7    82.7   111.0   144.9   189.8   256.1   322.7   340.5   298.4   234.5   191.1   165.6   151.8   127.9   104.1    78.3    76.4    88.3 -9999.0 -9999.0 -9999.0 -9999.0 -9999.0 -9999.0 -9999.0 -9999.0 -9999.0 -9999.0 -9999.0 -9999.0 -9999.0 -9999.0 -9999.0 -9999.0 -9999.0 -9999.0 -9999.0 -9999.0 -9999.0 -9999.0 -9999.0 -9999.0 -9999.0 -9999.0 -9999.0 -9999.0 -9999.0 -9999.0
 -9999.0 -9999.0 -9999.0 -9999.0 -9999.0 -9999.0 -9999.0 -9999.0 -9999.0 -9999.0 -9999.0 -9999.0     0.0     0.1     0.1     0.0     0.1     2.7     6.9     8.0    26.2    27.7    38.8    49.2    63.6    72.1    73.8    76.3    76.9    81.6    83.1    81.8    76.7    88.2    93.7   100.7   113.7   125.5   135.3   138.4   138.0   133.4   130.1   132.1   138.1   148.2   161.1   161.2   155.9   132.4   127.6   130.7   116.3   108.1   101.7    93.1   100.7   111.4   111.2   126.0   133.0   140.4    94.7    70.6    57.4    63.2    49.3    49.3    41.9    41.3    41.9    43.1    48.5    58.0    62.4    65.2    66.6    81.4    84.1    66.3    70.6    89.5   134.5   185.5   227.6   298.3   350.9   354.3   301.4   217.8   147.4   114.7   104.9    89.0    83.5    74.9    74.6    84.3   100.7 -9999.0 -9999.0 -9999.0 -9999.0 -9999.0 -9999.0 -9999.0 -9999.0 -9999.0 -9999.0 -9999.0 -9999.0 -9999.0 -9999.0 -9999.0 -9999.0 -9999.0 -9999.0 -9999.0 -9999.0 -9999.0 -9999.0 -9999.0 -9999.0 -9999.0 -9999.0 -9999.0 -9999.0 -9999.0
 -9999.0 -9999.0 -9999.0 -9999.0 -9999.0 -9999.0 -9999.0 -9999.0 -9999.0 -9999.0 -9999.0 -9999.0     0.0     0.0     0.1     0.2     0.8     0.3     3.8     9.8     9.1    17.0    47.8    50.2    69.9    60.8    75.0    64.3    91.3    91.8    92.3    78.9    91.1    96.1    98.7   103.1   114.7   127.7   141.5   144.7   149.7   149.6   147.8   140.5   154.2   170.1   180.8   184.2   170.8   163.4   159.0   145.5   158.2   151.4   132.2   103.0   110.1   121.6   131.5   120.1   120.8   122.4   164.7    74.0    56.6    78.4    51.7    40.7    40.3    44.4    49.0    61.9    70.3    75.1    86.0    82.1   101.4    83.7   103.2    95.6    84.7   112.1   137.5   198.6   268.9   315.3   343.4   374.7   240.2   170.8   111.5    83.9    74.2    73.6    80.2    82.6    85.8    96.4   110.9   127.1 -9999.0 -9999.0 -9999.0 -9999.0 -9999.0 -9999.0 -9999.0 -9999.0 -9999.0 -9999.0 -9999.0 -9999.0 -9999.0 -9999.0 -9999.0 -9999.0 -9999.0 -9999.0 -9999.0 -9999.0 -9999.0 -9999.0 -9999.0 -9999.0 -9999.0 -9999.0 -9999.0 -9999.0
 -9999.0 -9999.0 -9999.0 -9999.0 -9999.0 -9999.0 -9999.0 -9999.0 -9999.0 -9999.0 -9999.0 -9999.0 -9999.0     0.0     0.0     0.1     0.3     1.7     2.2     5.9     3.9    33.7    39.2    47.3    89.8    90.3    98.0   104.9    93.4   109.8    89.7    93.0    88.9    97.7    97.0    91.3   104.1   130.4   142.5   158.5   165.6   148.1   149.3   160.4   170.9   180.0   189.7   186.9   198.0   193.0   173.7   186.3   176.2   156.1   161.1   152.4   123.6   127.3   143.5   173.0   163.5   214.7   161.7    71.3   130.3    68.2    50.2    45.6    51.9    57.7    67.0    83.4    98.9   114.6   110.2   107.2   103.3   112.4   143.9   125.5   116.7   131.5   146.3   173.3   231.0   282.8   306.1   341.7   254.9   147.5    95.4    81.8    78.4    80.7    89.9   107.8   103.7   117.4   134.8 -9999.0 -9999.0 -9999.0 -9999.0 -9999.0 -9999.0 -9999.0 -9999.0 -9999.0 -9999.0 -9999.0 -9999.0 -9999.0 -9999.0 -9999.0 -9999.0 -9999.0 -9999.0 -9999.0 -9999.0 -9999.0 -9999.0 -9999.0 -9999.0 -9999.0 -9999.0 -9999.0 -9999.0 -9999.0
 -9999.0 -9999.0 -9999.0 -9999.0 -9999.0 -9999.0 -9999.0 -9999.0 -9999.0 -9999.0 -9999.0 -9999.0 -9999.0     0.0     0.0     0.1     0.0     1.6     5.7    11.7     7.0    19.4    32.0    60.2   121.7   109.3   105.4   120.4   112.0    70.0    82.2    86.5    97.4    94.4    86.2    91.7   113.8   130.8   134.1   116.8   158.9   160.5   162.6   165.7   153.9   179.1   186.9   185.8   193.3   196.5   205.8   185.9   203.5   202.9   198.4   183.9   158.0   155.2   172.5   124.2   184.4   117.6   152.3   259.0   139.1    64.7    49.5    58.3    70.0    81.0    89.7   109.3   134.6   145.3   149.2   153.8   168.6   156.0   147.4   155.7   147.2   138.0   141.2   163.2   211.9   261.4   272.0   233.8   182.0   116.5    97.8    93.6   101.8   112.5   119.9   126.8   131.3   145.4   164.3 -9999.0 -9999.0 -9999.0 -9999.0 -9999.0 -9999.0 -9999.0 -9999.0 -9999.0 -9999.0 -9999.0 -9999.0 -9999.0 -9999.0 -9999.0 -9999.0 -9999.0 -9999.0 -9999.0 -9999.0 -9999.0 -9999.0 -9999.0 -9999.0 -9999.0 -9999.0 -9999.0 -9999.0 -9999.0
 -9999.0 -9999.0 -9999.0 -9999.0 -9999.0 -9999.0 -9999.0 -9999.0 -9999.0 -9999.0 -9999.0 -9999.0 -9999.0 -9999.0 -9999.0     0.0     0.4     0.8     6.2    23.7    17.4    54.1    83.8    93.4    93.7   103.9    61.5    90.5    65.3   103.0    91.4    96.5    74.7    78.9    90.8    77.5    80.4   147.7   143.7   144.5   123.6   126.4   142.1   158.7   188.7   185.5   175.8   167.0   188.8   171.8   204.5   223.4   223.4   225.5   182.5   212.2   204.9   145.6   212.8   225.9   124.6   163.8   310.9   245.7   142.7    73.9    57.6    74.8    94.6    97.2   105.8   121.8   132.9   149.4   164.9   187.7   212.2   246.0   224.1   184.9   179.7   174.1   186.2   213.0   251.7   271.9   246.4   204.7   149.6   122.1   121.3   144.5   151.3   187.1   186.4   158.8   166.0 -9999.0   192.3 -9999.0 -9999.0 -9999.0 -9999.0 -9999.0 -9999.0 -9999.0 -9999.0 -9999.0 -9999.0 -9999.0 -9999.0 -9999.0 -9999.0 -9999.0 -9999.0 -9999.0 -9999.0 -9999.0 -9999.0 -9999.0 -9999.0 -9999.0 -9999.0 -9999.0 -9999.0 -9999.0 -9999.0 -9999.0
 -9999.0 -9999.0 -9999.0 -9999.0 -9999.0 -9999.0 -9999.0 -9999.0 -9999.0 -9999.0 -9999.0 -9999.0 -9999.0 -9999.0 -9999.0 -9999.0 -9999.0    14.7    28.2 -9999.0    83.1    54.3   124.8   143.0    96.4   105.2    56.5    78.7   100.4    77.9    95.8   113.8    67.9   108.5   124.1   104.0    75.2   185.7   137.8   131.1   119.3    99.5   122.8   147.5   231.1   184.1   168.9   163.2   171.0   192.5   169.4   214.7   174.4   248.6   254.0   254.0   231.3   251.3   243.5   248.3   148.6   208.3   260.6   221.0   139.5    83.8    70.7    82.7   106.6   114.9   119.0   119.7   128.5   138.1   159.2   198.1   229.9   253.6   258.3   202.2   205.2   230.3   269.3   304.1   330.1   296.4   230.4   176.2   152.7   152.8   179.2   199.6   190.7   213.6   235.4   242.3   187.5   208.8   259.6   280.5   278.4 -9999.0 -9999.0 -9999.0 -9999.0 -9999.0 -9999.0 -9999.0 -9999.0 -9999.0 -9999.0 -9999.0 -9999.0 -9999.0 -9999.0 -9999.0 -9999.0 -9999.0 -9999.0 -9999.0 -9999.0 -9999.0 -9999.0 -9999.0 -9999.0 -9999.0 -9999.0 -9999.0
 -9999.0 -9999.0 -9999.0 -9999.0 -9999.0 -9999.0 -9999.0 -9999.0 -9999.0 -9999.0 -9999.0 -9999.0 -9999.0 -9999.0 -9999.0 -9999.0 -9999.0 -9999.0 -9999.0 -9999.0 -9999.0   100.2    93.9    49.8    95.6   141.0   115.8    98.4    87.1   103.4   101.5   133.7   123.7   112.6   124.2   106.5   125.6   146.1   173.8   222.2   211.4    77.3    81.9   105.4   228.5   146.7   174.1   157.1   159.7   138.8   200.4   224.8   247.6   237.4   268.0   285.5   289.0   270.7   298.4   259.5   183.6   192.5   204.8   179.8   145.6   109.4    97.9   103.3   128.1   137.5   133.8   120.5   120.5   122.9   138.3   170.9   204.2   211.9   232.8   228.4   226.7   272.3   334.4   377.7   412.0   284.8   202.3   162.2   160.6   185.4   226.7   231.4   282.9   296.0   235.5   209.3   204.8   222.4   272.4   223.6 -9999.0 -9999.0 -9999.0 -9999.0 -9999.0 -9999.0 -9999.0 -9999.0 -9999.0 -9999.0 -9999.0 -9999.0 -9999.0 -9999.0 -9999.0 -9999.0 -9999.0 -9999.0 -9999.0 -9999.0 -9999.0 -9999.0 -9999.0 -9999.0 -9999.0 -9999.0 -9999.0 -9999.0
 -9999.0 -9999.0 -9999.0 -9999.0 -9999.0 -9999.0 -9999.0 -9999.0 -9999.0 -9999.0 -9999.0 -9999.0 -9999.0 -9999.0 -9999.0 -9999.0 -9999.0 -9999.0 -9999.0 -9999.0 -9999.0 -9999.0 -9999.0   191.4   122.6   112.3    91.5    72.2    52.9    76.4    80.9    83.7    56.1    81.7    72.5    82.6    75.8   115.6    78.7    62.0    60.4    48.1    78.1   130.1   210.4   199.1   171.6   154.8   152.2   150.8   177.2   219.2   216.4   253.5   268.8   266.1   310.0   315.0   232.8   281.5   211.6   207.2   189.0   154.9   137.5   134.3   131.8   131.5   125.1   146.9   125.9   119.0   115.8   124.9   144.6   172.9   219.6   247.0   245.1   255.4   257.7   280.9   324.1   371.7   352.1   353.1   180.9   168.0   178.1   214.6   256.5   285.6   262.0   290.6   240.9   201.0   191.6   228.7   158.2 -9999.0 -9999.0 -9999.0 -9999.0 -9999.0 -9999.0 -9999.0 -9999.0 -9999.0 -9999.0 -9999.0 -9999.0 -9999.0 -9999.0 -9999.0 -9999.0 -9999.0 -9999.0 -9999.0 -9999.0 -9999.0 -9999.0 -9999.0 -9999.0 -9999.0 -9999.0 -9999.0 -9999.0 -9999.0
 -9999.0 -9999.0 -9999.0 -9999.0 -9999.0 -9999.0 -9999.0 -9999.0 -9999.0 -9999.0 -9999.0 -9999.0 -9999.0 -9999.0 -9999.0 -9999.0 -9999.0 -9999.0 -9999.0 -9999.0 -9999.0 -9999.0 -9999.0 -9999.0 -9999.0   128.7    82.5    18.0    25.4    16.7    45.0    80.9    94.3    81.5    99.6    65.2    36.4    83.2    48.6    58.8    30.2    46.7   223.0   194.1   227.0   195.0   182.8   157.0   144.4   159.7   181.7   208.4   238.5   265.5   279.1   303.9   324.2   312.1   316.6   289.4   247.2   214.7   271.4   149.2   142.8   146.7   141.4   124.8   125.6   126.4   128.2   116.1   120.0   125.0   154.5   191.3   221.5   262.9   331.4   280.2   266.3   266.0   257.8   280.4   304.2   213.1   180.7   174.3   207.2   239.5   251.0   247.9   264.6   299.1   245.1   257.4   161.7   167.9 -9999.0 -9999.0 -9999.0 -9999.0 -9999.0 -9999.0 -9999.0 -9999.0 -9999.0 -9999.0 -9999.0 -9999.0 -9999.0 -9999.0 -9999.0 -9999.0 -9999.0 -9999.0 -9999.0 -9999.0 -9999.0 -9999.0 -9999.0 -9999.0 -9999.0 -9999.0 -9999.0 -9999.0 -9999.0 -9999.0
 -9999.0 -9999.0 -9999.0 -9999.0 -9999.0 -9999.0 -9999.0 -9999.0 -9999.0 -9999.0 -9999.0 -9999.0 -9999.0 -9999.0 -9999.0 -9999.0 -9999.0 -9999.0 -9999.0 -9999.0 -9999.0 -9999.0 -9999.0 -9999.0 -9999.0 -9999.0 -9999.0    87.1    87.9    54.0    65.6    82.5    41.5   119.8    80.8   183.9    97.8    94.9   145.9    65.6    32.0    86.5   206.8   226.5   210.3   189.0   167.5   157.2   153.7   168.4   175.2   195.6   236.3   269.4   302.8   325.2   341.4   328.1   316.0   268.6   218.3   217.9   149.1   138.5   148.9   137.5   145.9   150.4   149.7   145.1   132.1   110.2   120.0   123.2   158.6   192.0   237.1   266.2   230.4   227.6   262.1   228.9   221.0   261.3   225.2   207.4   200.5   246.2   231.4   249.0   268.1   274.2   246.7   218.4   274.0   253.1   175.2 -9999.0 -9999.0 -9999.0 -9999.0 -9999.0 -9999.0 -9999.0 -9999.0 -9999.0 -9999.0 -9999.0 -9999.0 -9999.0 -9999.0 -9999.0 -9999.0 -9999.0 -9999.0 -9999.0 -9999.0 -9999.0 -9999.0 -9999.0 -9999.0 -9999.0 -9999.0 -9999.0 -9999.0 -9999.0 -9999.0 -9999.0
 -9999.0 -9999.0 -9999.0 -9999.0 -9999.0 -9999.0 -9999.0 -9999.0 -9999.0 -9999.0 -9999.0 -9999.0 -9999.0 -9999.0 -9999.0 -9999.0 -9999.0 -9999.0 -9999.0 -9999.0 -9999.0 -9999.0 -9999.0 -9999.0 -9999.0 -9999.0 -9999.0 -9999.0 -9999.0 -9999.0 -9999.0 -9999.0 -9999.0   128.9    90.0 -9999.0 -9999.0 -9999.0   184.2    94.6   147.6   184.9   159.0   204.6   187.2   177.9 -9999.0 -9999.0 -9999.0 -9999.0 -9999.0 -9999.0   251.6   275.6   323.4   354.0   363.0   350.2   311.1   267.1   231.3   218.5   158.3   140.4   132.8   141.7   157.9   164.2   155.8   150.6   140.8   116.0   110.6   125.8   151.2   184.2   224.3   211.0   202.2   207.3   227.4   231.8   246.5   246.9   272.2   232.2   230.7   248.9   286.9   246.8   251.8   235.9   187.2   157.6   212.4   173.6   139.8 -9999.0 -9999.0 -9999.0 -9999.0 -9999.0 -9999.0 -9999.0 -9999.0 -9999.0 -9999.0 -9999.0 -9999.0 -9999.0 -9999.0 -9999.0 -9999.0 -9999.0 -9999.0 -9999.0 -9999.0 -9999.0 -9999.0 -9999.0 -9999.0 -9999.0 -9999.0 -9999.0 -9999.0 -9999.0 -9999.0 -9999.0
 -9999.0 -9999.0 -9999.0 -9999.0 -9999.0 -9999.0 -9999.0 -9999.0 -9999.0 -9999.0 -9999.0 -9999.0 -9999.0 -9999.0 -9999.0 -9999.0 -9999.0 -9999.0 -9999.0 -9999.0 -9999.0 -9999.0 -9999.0 -9999.0 -9999.0 -9999.0 -9999.0 -9999.0 -9999.0 -9999.0 -9999.0 -9999.0 -9999.0 -9999.0 -9999.0 -9999.0 -9999.0 -9999.0 -9999.0   181.6   186.8   187.3   185.3   182.0 -9999.0 -9999.0 -9999.0 -9999.0 -9999.0 -9999.0 -9999.0 -9999.0   263.7   276.0   321.8   349.5   355.6   335.9   298.6   257.2   220.0   211.5   193.4   138.8   149.5   157.4   170.2   168.0   156.1   140.6   133.5   135.0   137.8   138.1   161.4   180.8   197.9   192.6   242.8   209.3   251.3   253.2   247.6   327.8   278.0   258.5   300.5   317.8   265.1   254.1   223.2   191.8   153.1   185.8   215.6   129.6 -9999.0 -9999.0 -9999.0 -9999.0 -9999.0 -9999.0 -9999.0 -9999.0 -9999.0 -9999.0 -9999.0 -9999.0 -9999.0 -9999.0 -9999.0 -9999.0 -9999.0 -9999.0 -9999.0 -9999.0 -9999.0 -9999.0 -9999.0 -9999.0 -9999.0 -9999.0 -9999.0 -9999.0 -9999.0 -9999.0 -9999.0 -9999.0
 -9999.0 -9999.0 -9999.0 -9999.0 -9999.0 -9999.0 -9999.0 -9999.0 -9999.0 -9999.0 -9999.0 -9999.0 -9999.0 -9999.0 -9999.0 -9999.0 -9999.0 -9999.0 -9999.0 -9999.0 -9999.0 -9999.0 -9999.0 -9999.0 -9999.0 -9999.0 -9999.0 -9999.0 -9999.0 -9999.0 -9999.0 -9999.0 -9999.0 -9999.0 -9999.0 -9999.0 -9999.0 -9999.0 -9999.0 -9999.0 -9999.0 -9999.0 -9999.0 -9999.0 -9999.0 -9999.0 -9999.0 -9999.0 -9999.0 -9999.0 -9999.0 -9999.0   221.7   276.4   314.1   325.2   322.4   298.8   268.7   245.7   203.6   189.2   245.4   153.7   151.3   143.6   154.3   164.2   156.7   150.5   158.4   170.2   169.1   174.9   182.3   182.4   205.9   204.9   223.5   272.4   337.8   348.3   289.0   336.7   306.3   304.8   302.6   289.7   268.7   245.1   223.1   225.1   167.8   224.4   191.0 -9999.0 -9999.0 -9999.0 -9999.0 -9999.0 -9999.0 -9999.0 -9999.0 -9999.0 -9999.0 -9999.0 -9999.0 -9999.0 -9999.0 -9999.0 -9999.0 -9999.0 -9999.0 -9999.0 -9999.0 -9999.0 -9999.0 -9999.0 -9999.0 -9999.0 -9999.0 -9999.0 -9999.0 -9999.0 -9999.0 -9999.0 -9999.0 -9999.0
 -9999.0 -9999.0 -9999.0 -9999.0 -9999.0 -9999.0 -9999.0 -9999.0 -9999.0 -9999.0 -9999.0 -9999.0 -9999.0 -9999.0 -9999.0 -9999.0 -9999.0 -9999.0 -9999.0 -9999.0 -9999.0 -9999.0 -9999.0 -9999.0 -9999.0 -9999.0 -9999.0 -9999.0 -9999.0 -9999.0 -9999.0 -9999.0 -9999.0 -9999.0 -9999.0 -9999.0 -9999.0 -9999.0 -9999.0 -9999.0 -9999.0 -9999.0 -9999.0 -9999.0 -9999.0 -9999.0 -9999.0 -9999.0 -9999.0 -9999.0 -9999.0   234.5   271.5   284.7   283.4   296.2   281.7   271.8   237.3   168.6   232.3   217.8   163.0   163.0   150.3   139.1   146.8   160.4   170.9   180.5   197.7   207.4   206.8   200.6   201.0   198.1   237.6   226.1   322.4   396.9   401.1   394.1   569.0   318.3   255.3   236.6   308.5   252.2   258.4   232.6   245.5   236.6   240.2   207.4   230.2 -9999.0 -9999.0 -9999.0 -9999.0 -9999.0 -9999.0 -9999.0 -9999.0 -9999.0 -9999.0 -9999.0 -9999.0 -9999.0 -9999.0 -9999.0 -9999.0 -9999.0 -9999.0 -9999.0 -9999.0 -9999.0 -9999.0 -9999.0 -9999.0 -9999.0 -9999.0 -9999.0 -9999.0 -9999.0 -9999.0 -9999.0 -9999.0 -9999.0
 -9999.0 -9999.0 -9999.0 -9999.0 -9999.0 -9999.0 -9999.0 -9999.0 -9999.0 -9999.0 -9999.0 -9999.0 -9999.0 -9999.0 -9999.0 -9999.0 -9999.0 -9999.0 -9999.0 -9999.0 -9999.0 -9999.0 -9999.0 -9999.0 -9999.0 -9999.0 -9999.0 -9999.0 -9999.0 -9999.0 -9999.0 -9999.0 -9999.0 -9999.0 -9999.0 -9999.0 -9999.0 -9999.0 -9999.0 -9999.0 -9999.0 -9999.0 -9999.0 -9999.0 -9999.0 -9999.0 -9999.0 -9999.0 -9999.0 -9999.0   209.0   270.4   285.5   290.9   285.0   281.1   254.5   220.9   207.7   212.7   189.8   210.7   180.2   183.3   163.7   146.5   156.7   174.6   198.1   207.9   221.5   212.7   213.5   228.1   240.4   259.9   230.2   335.2   343.7   455.8   522.6   453.4   389.5   279.8   284.6   209.2   239.1   207.2   228.4   236.5   245.2   258.0   257.5   254.6   275.2 -9999.0 -9999.0 -9999.0 -9999.0 -9999.0 -9999.0 -9999.0 -9999.0 -9999.0 -9999.0 -9999.0 -9999.0 -9999.0 -9999.0 -9999.0 -9999.0 -9999.0 -9999.0 -9999.0 -9999.0 -9999.0 -9999.0 -9999.0 -9999.0 -9999.0 -9999.0 -9999.0 -9999.0 -9999.0 -9999.0 -9999.0 -9999.0 -9999.0
 -9999.0 -9999.0 -9999.0 -9999.0 -9999.0 -9999.0 -9999.0 -9999.0 -9999.0 -9999.0 -9999.0 -9999.0 -9999.0 -9999.0 -9999.0 -9999.0 -9999.0 -9999.0 -9999.0 -9999.0 -9999.0 -9999.0 -9999.0 -9999.0 -9999.0 -9999.0 -9999.0 -9999.0 -9999.0 -9999.0 -9999.0 -9999.0 -9999.0 -9999.0 -9999.0 -9999.0 -9999.0 -9999.0 -9999.0 -9999.0 -9999.0 -9999.0 -9999.0 -9999.0 -9999.0 -9999.0 -9999.0 -9999.0 -9999.0 -9999.0   228.8   290.6   293.8   306.4   299.2   286.2   260.7   244.1   220.5   188.1   161.3   170.7   163.9   178.6   176.4   141.0   166.1   189.6   228.3   231.7   239.7   239.3   237.2   236.9   249.0   266.5   305.9   305.0   379.3   499.1   520.0   547.4   446.0   337.2   310.4   234.3   206.9   205.6   215.9   229.3   247.1   238.6   248.0   260.2 -9999.0 -9999.0 -9999.0 -9999.0 -9999.0 -9999.0 -9999.0 -9999.0 -9999.0 -9999.0 -9999.0 -9999.0 -9999.0 -9999.0 -9999.0 -9999.0 -9999.0 -9999.0 -9999.0 -9999.0 -9999.0 -9999.0 -9999.0 -9999.0 -9999.0 -9999.0 -9999.0 -9999.0 -9999.0 -9999.0 -9999.0 -9999.0 -9999.0 -9999.0
 -9999.0 -9999.0 -9999.0 -9999.0 -9999.0 -9999.0 -9999.0 -9999.0 -9999.0 -9999.0 -9999.0 -9999.0 -9999.0 -9999.0 -9999.0 -9999.0 -9999.0 -9999.0 -9999.0 -9999.0 -9999.0 -9999.0 -9999.0 -9999.0 -9999.0 -9999.0 -9999.0 -9999.0 -9999.0 -9999.0 -9999.0 -9999.0 -9999.0 -9999.0 -9999.0 -9999.0 -9999.0 -9999.0 -9999.0 -9999.0 -9999.0 -9999.0 -9999.0 -9999.0 -9999.0 -9999.0 -9999.0 -9999.0 -9999.0 -9999.0   236.7   298.5   304.8   328.2   333.0   319.7   285.3   266.9   236.1   180.4   168.4   171.6   173.7   163.6   176.3   175.9   186.0   218.4   250.8   294.8   275.5   312.7   263.9   281.9   267.5   308.5   365.9   330.9   373.5   402.6   511.9   499.2   460.1   405.7   356.0   273.4   223.0   214.2   232.1   242.9   250.9   234.2 -9999.0 -9999.0 -9999.0 -9999.0 -9999.0 -9999.0 -9999.0 -9999.0 -9999.0 -9999.0 -9999.0 -9999.0 -9999.0 -9999.0 -9999.0 -9999.0 -9999.0 -9999.0 -9999.0 -9999.0 -9999.0 -9999.0 -9999.0 -9999.0 -9999.0 -9999.0 -9999.0 -9999.0 -9999.0 -9999.0 -9999.0 -9999.0 -9999.0 -9999.0 -9999.0 -9999.0
 -9999.0 -9999.0 -9999.0 -9999.0 -9999.0 -9999.0 -9999.0 -9999.0 -9999.0 -9999.0 -9999.0 -9999.0 -9999.0 -9999.0 -9999.0 -9999.0 -9999.0 -9999.0 -9999.0 -9999.0 -9999.0 -9999.0 -9999.0 -9999.0 -9999.0 -9999.0 -9999.0 -9999.0 -9999.0 -9999.0 -9999.0 -9999.0 -9999.0 -9999.0 -9999.0 -9999.0 -9999.0 -9999.0 -9999.0 -9999.0 -9999.0 -9999.0 -9999.0 -9999.0 -9999.0 -9999.0 -9999.0 -9999.0 -9999.0 -9999.0   300.3   342.2   361.3   376.4   370.3   339.3   334.5   299.0   267.6   210.8   195.7   181.3   154.9   177.9   190.4   203.9   239.1   272.7   317.7   259.2   303.4   305.6   309.7   309.9   289.2   344.6   374.9   314.1   325.7   310.0   376.4   442.7   425.3   407.0   354.9   317.0   287.5   282.8   292.9   290.9   263.0 -9999.0 -9999.0 -9999.0 -9999.0 -9999.0 -9999.0 -9999.0 -9999.0 -9999.0 -9999.0 -9999.0 -9999.0 -9999.0 -9999.0 -9999.0 -9999.0 -9999.0 -9999.0 -9999.0 -9999.0 -9999.0 -9999.0 -9999.0 -9999.0 -9999.0 -9999.0 -9999.0 -9999.0 -9999.0 -9999.0 -9999.0 -9999.0 -9999.0 -9999.0 -9999.0 -9999.0 -9999.0
 -9999.0 -9999.0 -9999.0 -9999.0 -9999.0 -9999.0 -9999.0 -9999.0 -9999.0 -9999.0 -9999.0 -9999.0 -9999.0 -9999.0 -9999.0 -9999.0 -9999.0 -9999.0 -9999.0 -9999.0 -9999.0 -9999.0 -9999.0 -9999.0 -9999.0 -9999.0 -9999.0 -9999.0 -9999.0 -9999.0 -9999.0 -9999.0 -9999.0 -9999.0 -9999.0 -9999.0 -9999.0 -9999.0 -9999.0 -9999.0 -9999.0 -9999.0 -9999.0 -9999.0 -9999.0 -9999.0 -9999.0 -9999.0 -9999.0 -9999.0 -9999.0 -9999.0 -9999.0   401.3   400.1   374.4   341.8   316.2   282.8   262.7   281.3   213.2   260.9   230.9   218.4   223.2   265.8   272.7   318.4   320.7   300.6   289.3   292.0   309.7   347.3   376.8   378.7   309.4   255.1   259.3   306.1   337.4   349.9   334.5   317.2   313.7   332.6   347.5   381.1   361.9 -9999.0 -9999.0 -9999.0 -9999.0 -9999.0 -9999.0 -9999.0 -9999.0 -9999.0 -9999.0 -9999.0 -9999.0 -9999.0 -9999.0 -9999.0 -9999.0 -9999.0 -9999.0 -9999.0 -9999.0 -9999.0 -9999.0 -9999.0 -9999.0 -9999.0 -9999.0 -9999.0 -9999.0 -9999.0 -9999.0 -9999.0 -9999.0 -9999.0 -9999.0 -9999.0 -9999.0 -9999.0 -9999.0
 -9999.0 -9999.0 -9999.0 -9999.0 -9999.0 -9999.0 -9999.0 -9999.0 -9999.0 -9999.0 -9999.0 -9999.0 -9999.0 -9999.0 -9999.0 -9999.0 -9999.0 -9999.0 -9999.0 -9999.0 -9999.0 -9999.0 -9999.0 -9999.0 -9999.0 -9999.0 -9999.0 -9999.0 -9999.0 -9999.0 -9999.0 -9999.0 -9999.0 -9999.0 -9999.0 -9999.0 -9999.0 -9999.0 -9999.0 -9999.0 -9999.0 -9999.0 -9999.0 -9999.0 -9999.0 -9999.0 -9999.0 -9999.0 -9999.0 -9999.0 -9999.0 -9999.0 -9999.0   411.1   393.5   376.4   330.6   302.4   324.5   370.1   362.1   317.6   380.7   278.1   254.3   243.6   206.6   297.5   257.8   262.9   250.8   257.9   291.3   350.5   423.6   480.4   439.6   386.0   318.3   295.6   296.0   308.9   304.9 -9999.0   279.6   297.9 -9999.0 -9999.0 -9999.0 -9999.0 -9999.0 -9999.0 -9999.0 -9999.0 -9999.0 -9999.0 -9999.0 -9999.0 -9999.0 -9999.0 -9999.0 -9999.0 -9999.0 -9999.0 -9999.0 -9999.0 -9999.0 -9999.0 -9999.0 -9999.0 -9999.0 -9999.0 -9999.0 -9999.0 -9999.0 -9999.0 -9999.0 -9999.0 -9999.0 -9999.0 -9999.0 -9999.0 -9999.0 -9999.0 -9999.0 -9999.0 -9999.0 -9999.0
 -9999.0 -9999.0 -9999.0 -9999.0 -9999.0 -9999.0 -9999.0 -9999.0 -9999.0 -9999.0 -9999.0 -9999.0 -9999.0 -9999.0 -9999.0 -9999.0 -9999.0 -9999.0 -9999.0 -9999.0 -9999.0 -9999.0 -9999.0 -9999.0 -9999.0 -9999.0 -9999.0 -9999.0 -9999.0 -9999.0 -9999.0 -9999.0 -9999.0 -9999.0 -9999.0 -9999.0 -9999.0 -9999.0 -9999.0 -9999.0 -9999.0 -9999.0 -9999.0 -9999.0 -9999.0 -9999.0 -9999.0 -9999.0 -9999.0 -9999.0 -9999.0 -9999.0 -9999.0   409.4   362.8   369.4   334.3   322.4   380.3   451.5   518.3   516.0   520.4   460.5   267.2 -9999.0 -9999.0 -9999.0   252.6   214.6   226.5   266.1   325.4   410.5   502.9   559.0   517.1   462.0   449.8   391.0   359.0   336.7   318.7 -9999.0 -9999.0 -9999.0 -9999.0 -9999.0 -9999.0 -9999.0 -9999.0 -9999.0 -9999.0 -9999.0 -9999.0 -9999.0 -9999.0 -9999.0 -9999.0 -9999.0 -9999.0 -9999.0 -9999.0 -9999.0 -9999.0 -9999.0 -9999.0 -9999.0 -9999.0 -9999.0 -9999.0 -9999.0 -9999.0 -9999.0 -9999.0 -9999.0 -9999.0 -9999.0 -9999.0 -9999.0 -9999.0 -9999.0 -9999.0 -9999.0 -9999.0 -9999.0 -9999.0 -9999.0
 -9999.0 -9999.0 -9999.0 -9999.0 -9999.0 -9999.0 -9999.0 -9999.0 -9999.0 -9999.0 -9999.0 -9999.0 -9999.0 -9999.0 -9999.0 -9999.0 -9999.0 -9999.0 -9999.0 -9999.0 -9999.0 -9999.0 -9999.0 -9999.0 -9999.0 -9999.0 -9999.0 -9999.0 -9999.0 -9999.0 -9999.0 -9999.0 -9999.0 -9999.0 -9999.0 -9999.0 -9999.0 -9999.0 -9999.0 -9999.0 -9999.0 -9999.0 -9999.0 -9999.0 -9999.0 -9999.0 -9999.0 -9999.0 -9999.0 -9999.0 -9999.0 -9999.0 -9999.0 -9999.0   396.4   374.8   338.8   358.5   476.1   590.6   587.9 -9999.0 -9999.0 -9999.0 -9999.0 -9999.0 -9999.0 -9999.0   203.7   214.4   256.4   264.1   339.7   451.7   530.8   553.2   536.6   506.5   487.0 -9999.0   433.9 -9999.0 -9999.0 -9999.0 -9999.0 -9999.0 -9999.0 -9999.0 -9999.0 -9999.0 -9999.0 -9999.0 -9999.0 -9999.0 -9999.0 -9999.0 -9999.0 -9999.0 -9999.0 -9999.0 -9999.0 -9999.0 -9999.0 -9999.0 -9999.0 -9999.0 -9999.0 -9999.0 -9999.0 -9999.0 -9999.0 -9999.0 -9999.0 -9999.0 -9999.0 -9999.0 -9999.0 -9999.0 -9999.0 -9999.0 -9999.0 -9999.0 -9999.0 -9999.0 -9999.0 -9999.0 -9999.0 -9999.0
 -9999.0 -9999.0 -9999.0 -9999.0 -9999.0 -9999.0 -9999.0 -9999.0 -9999.0 -9999.0 -9999.0 -9999.0 -9999.0 -9999.0 -9999.0 -9999.0 -9999.0 -9999.0 -9999.0 -9999.0 -9999.0 -9999.0 -9999.0 -9999.0 -9999.0 -9999.0 -9999.0 -9999.0 -9999.0 -9999.0 -9999.0 -9999.0 -9999.0 -9999.0 -9999.0 -9999.0 -9999.0 -9999.0 -9999.0 -9999.0 -9999.0 -9999.0 -9999.0 -9999.0 -9999.0 -9999.0 -9999.0 -9999.0 -9999.0 -9999.0 -9999.0 -9999.0 -9999.0 -9999.0 -9999.0   406.7   457.0   479.5   569.1   700.2   747.4 -9999.0 -9999.0 -9999.0 -9999.0 -9999.0 -9999.0 -9999.0 -9999.0 -9999.0   222.0 -9999.0 -9999.0 -9999.0 -9999.0 -9999.0   487.1 -9999.0 -9999.0 -9999.0 -9999.0 -9999.0 -9999.0 -9999.0 -9999.0 -9999.0 -9999.0 -9999.0 -9999.0 -9999.0 -9999.0 -9999.0 -9999.0 -9999.0 -9999.0 -9999.0 -9999.0 -9999.0 -9999.0 -9999.0 -9999.0 -9999.0 -9999.0 -9999.0 -9999.0 -9999.0 -9999.0 -9999.0 -9999.0 -9999.0 -9999.0 -9999.0 -9999.0 -9999.0 -9999.0 -9999.0 -9999.0 -9999.0 -9999.0 -9999.0 -9999.0 -9999.0 -9999.0 -9999.0 -9999.0 -9999.0 -9999.0 -9999.0
 -9999.0 -9999.0 -9999.0 -9999.0 -9999.0 -9999.0 -9999.0 -9999.0 -9999.0 -9999.0 -9999.0 -9999.0 -9999.0 -9999.0 -9999.0 -9999.0 -9999.0 -9999.0 -9999.0 -9999.0 -9999.0 -9999.0 -9999.0 -9999.0 -9999.0 -9999.0 -9999.0 -9999.0 -9999.0 -9999.0 -9999.0 -9999.0 -9999.0 -9999.0 -9999.0 -9999.0 -9999.0 -9999.0 -9999.0 -9999.0 -9999.0 -9999.0 -9999.0 -9999.0 -9999.0 -9999.0 -9999.0 -9999.0 -9999.0 -9999.0 -9999.0 -9999.0 -9999.0 -9999.0 -9999.0 -9999.0 -9999.0 -9999.0   695.5   778.1 -9999.0 -9999.0 -9999.0 -9999.0 -9999.0 -9999.0 -9999.0 -9999.0 -9999.0 -9999.0 -9999.0 -9999.0 -9999.0 -9999.0 -9999.0   412.9   415.2 -9999.0 -9999.0 -9999.0 -9999.0 -9999.0 -9999.0 -9999.0 -9999.0 -9999.0 -9999.0 -9999.0 -9999.0 -9999.0 -9999.0 -9999.0 -9999.0 -9999.0 -9999.0 -9999.0 -9999.0 -9999.0 -9999.0 -9999.0 -9999.0 -9999.0 -9999.0 -9999.0 -9999.0 -9999.0 -9999.0 -9999.0 -9999.0 -9999.0 -9999.0 -9999.0 -9999.0 -9999.0 -9999.0 -9999.0 -9999.0 -9999.0 -9999.0 -9999.0 -9999.0 -9999.0 -9999.0 -9999.0 -9999.0 -9999.0 -9999.0 -9999.0
 -9999.0 -9999.0 -9999.0 -9999.0 -9999.0 -9999.0 -9999.0 -9999.0 -9999.0 -9999.0 -9999.0 -9999.0 -9999.0 -9999.0 -9999.0 -9999.0 -9999.0 -9999.0 -9999.0 -9999.0 -9999.0 -9999.0 -9999.0 -9999.0 -9999.0 -9999.0 -9999.0 -9999.0 -9999.0 -9999.0 -9999.0 -9999.0 -9999.0 -9999.0 -9999.0 -9999.0 -9999.0 -9999.0 -9999.0 -9999.0 -9999.0 -9999.0 -9999.0 -9999.0 -9999.0 -9999.0 -9999.0 -9999.0 -9999.0 -9999.0 -9999.0 -9999.0 -9999.0 -9999.0 -9999.0 -9999.0 -9999.0 -9999.0 -9999.0 -9999.0 -9999.0 -9999.0 -9999.0 -9999.0 -9999.0 -9999.0 -9999.0 -9999.0 -9999.0 -9999.0 -9999.0 -9999.0 -9999.0 -9999.0 -9999.0 -9999.0 -9999.0 -9999.0 -9999.0 -9999.0 -9999.0 -9999.0 -9999.0 -9999.0 -9999.0 -9999.0 -9999.0 -9999.0 -9999.0 -9999.0 -9999.0 -9999.0 -9999.0 -9999.0 -9999.0 -9999.0 -9999.0 -9999.0 -9999.0 -9999.0 -9999.0 -9999.0 -9999.0 -9999.0 -9999.0 -9999.0 -9999.0 -9999.0 -9999.0 -9999.0 -9999.0 -9999.0 -9999.0 -9999.0 -9999.0 -9999.0 -9999.0 -9999.0 -9999.0 -9999.0 -9999.0 -9999.0 -9999.0 -9999.0 -9999.0 -9999.0 -9999.0 -9999.0
 -9999.0 -9999.0 -9999.0 -9999.0 -9999.0 -9999.0 -9999.0 -9999.0 -9999.0 -9999.0 -9999.0 -9999.0 -9999.0 -9999.0 -9999.0 -9999.0 -9999.0 -9999.0 -9999.0 -9999.0 -9999.0 -9999.0 -9999.0 -9999.0 -9999.0 -9999.0 -9999.0 -9999.0 -9999.0 -9999.0 -9999.0 -9999.0 -9999.0 -9999.0 -9999.0 -9999.0 -9999.0 -9999.0 -9999.0 -9999.0 -9999.0 -9999.0 -9999.0 -9999.0 -9999.0 -9999.0 -9999.0 -9999.0 -9999.0 -9999.0 -9999.0 -9999.0 -9999.0 -9999.0 -9999.0 -9999.0 -9999.0 -9999.0 -9999.0 -9999.0 -9999.0 -9999.0 -9999.0 -9999.0 -9999.0 -9999.0 -9999.0 -9999.0 -9999.0 -9999.0 -9999.0 -9999.0 -9999.0 -9999.0 -9999.0   261.1   294.4   335.8 -9999.0 -9999.0 -9999.0 -9999.0 -9999.0 -9999.0 -9999.0 -9999.0 -9999.0 -9999.0 -9999.0 -9999.0 -9999.0 -9999.0 -9999.0 -9999.0 -9999.0 -9999.0 -9999.0 -9999.0 -9999.0 -9999.0 -9999.0 -9999.0 -9999.0 -9999.0 -9999.0 -9999.0 -9999.0 -9999.0 -9999.0 -9999.0 -9999.0 -9999.0 -9999.0 -9999.0 -9999.0 -9999.0 -9999.0 -9999.0 -9999.0 -9999.0 -9999.0 -9999.0 -9999.0 -9999.0 -9999.0 -9999.0 -9999.0 -9999.0
 -9999.0 -9999.0 -9999.0 -9999.0 -9999.0 -9999.0 -9999.0 -9999.0 -9999.0 -9999.0 -9999.0 -9999.0 -9999.0 -9999.0 -9999.0 -9999.0 -9999.0 -9999.0 -9999.0 -9999.0 -9999.0 -9999.0 -9999.0 -9999.0 -9999.0 -9999.0 -9999.0 -9999.0 -9999.0 -9999.0 -9999.0 -9999.0 -9999.0 -9999.0 -9999.0 -9999.0 -9999.0 -9999.0 -9999.0 -9999.0 -9999.0 -9999.0 -9999.0 -9999.0 -9999.0 -9999.0 -9999.0 -9999.0 -9999.0 -9999.0 -9999.0 -9999.0 -9999.0 -9999.0 -9999.0 -9999.0 -9999.0 -9999.0 -9999.0 -9999.0 -9999.0 -9999.0 -9999.0 -9999.0 -9999.0 -9999.0 -9999.0 -9999.0 -9999.0 -9999.0 -9999.0 -9999.0 -9999.0   212.2   218.1   222.0   249.7 -9999.0 -9999.0 -9999.0 -9999.0 -9999.0 -9999.0 -9999.0 -9999.0 -9999.0 -9999.0 -9999.0 -9999.0 -9999.0 -9999.0 -9999.0 -9999.0 -9999.0 -9999.0 -9999.0 -9999.0 -9999.0 -9999.0 -9999.0 -9999.0 -9999.0 -9999.0 -9999.0 -9999.0 -9999.0 -9999.0 -9999.0 -9999.0 -9999.0 -9999.0 -9999.0 -9999.0 -9999.0 -9999.0 -9999.0 -9999.0 -9999.0 -9999.0 -9999.0 -9999.0 -9999.0 -9999.0 -9999.0 -9999.0 -9999.0 -9999.0 -9999.0
 -9999.0 -9999.0 -9999.0 -9999.0 -9999.0 -9999.0 -9999.0 -9999.0 -9999.0 -9999.0 -9999.0 -9999.0 -9999.0 -9999.0 -9999.0 -9999.0 -9999.0 -9999.0 -9999.0 -9999.0 -9999.0 -9999.0 -9999.0 -9999.0 -9999.0 -9999.0 -9999.0 -9999.0 -9999.0 -9999.0 -9999.0 -9999.0 -9999.0 -9999.0 -9999.0 -9999.0 -9999.0 -9999.0 -9999.0 -9999.0 -9999.0 -9999.0 -9999.0 -9999.0 -9999.0 -9999.0 -9999.0 -9999.0 -9999.0 -9999.0 -9999.0 -9999.0 -9999.0 -9999.0 -9999.0 -9999.0 -9999.0 -9999.0 -9999.0 -9999.0 -9999.0 -9999.0 -9999.0 -9999.0 -9999.0 -9999.0 -9999.0 -9999.0 -9999.0 -9999.0 -9999.0 -9999.0 -9999.0 -9999.0   216.1   224.2   235.5 -9999.0 -9999.0 -9999.0 -9999.0 -9999.0 -9999.0 -9999.0 -9999.0 -9999.0 -9999.0 -9999.0 -9999.0 -9999.0 -9999.0 -9999.0 -9999.0 -9999.0 -9999.0 -9999.0 -9999.0 -9999.0 -9999.0 -9999.0 -9999.0 -9999.0 -9999.0 -9999.0 -9999.0 -9999.0 -9999.0 -9999.0 -9999.0 -9999.0 -9999.0 -9999.0 -9999.0 -9999.0 -9999.0 -9999.0 -9999.0 -9999.0 -9999.0 -9999.0 -9999.0 -9999.0 -9999.0 -9999.0 -9999.0 -9999.0 -9999.0 -9999.0
 -9999.0 -9999.0 -9999.0 -9999.0 -9999.0 -9999.0 -9999.0 -9999.0 -9999.0 -9999.0 -9999.0 -9999.0 -9999.0 -9999.0 -9999.0 -9999.0 -9999.0 -9999.0 -9999.0 -9999.0 -9999.0 -9999.0 -9999.0 -9999.0 -9999.0 -9999.0 -9999.0 -9999.0 -9999.0 -9999.0 -9999.0 -9999.0 -9999.0 -9999.0 -9999.0 -9999.0 -9999.0 -9999.0 -9999.0 -9999.0 -9999.0 -9999.0 -9999.0 -9999.0 -9999.0 -9999.0 -9999.0 -9999.0 -9999.0 -9999.0 -9999.0 -9999.0 -9999.0 -9999.0 -9999.0 -9999.0 -9999.0 -9999.0 -9999.0 -9999.0 -9999.0 -9999.0 -9999.0 -9999.0 -9999.0 -9999.0 -9999.0 -9999.0 -9999.0 -9999.0 -9999.0 -9999.0 -9999.0 -9999.0 -9999.0 -9999.0 -9999.0 -9999.0 -9999.0 -9999.0 -9999.0 -9999.0 -9999.0 -9999.0 -9999.0 -9999.0 -9999.0 -9999.0 -9999.0 -9999.0 -9999.0 -9999.0 -9999.0 -9999.0 -9999.0 -9999.0 -9999.0 -9999.0 -9999.0 -9999.0 -9999.0 -9999.0 -9999.0 -9999.0 -9999.0 -9999.0 -9999.0 -9999.0 -9999.0 -9999.0 -9999.0 -9999.0 -9999.0 -9999.0 -9999.0 -9999.0 -9999.0 -9999.0 -9999.0 -9999.0 -9999.0 -9999.0 -9999.0 -9999.0 -9999.0 -9999.0 -9999.0 -9999.0
