NCOLS      128
NROWS       72
XLLCORNER    72.000000000000    
YLLCORNER    18.000000000000    
CELLSIZE    0.50000000000000    
NODATA_VALUE   -9999.000    
 -9999.0 -9999.0 -9999.0 -9999.0 -9999.0 -9999.0 -9999.0 -9999.0 -9999.0 -9999.0 -9999.0 -9999.0 -9999.0 -9999.0 -9999.0 -9999.0 -9999.0 -9999.0 -9999.0 -9999.0 -9999.0 -9999.0 -9999.0 -9999.0 -9999.0 -9999.0 -9999.0 -9999.0 -9999.0 -9999.0 -9999.0 -9999.0 -9999.0 -9999.0 -9999.0 -9999.0 -9999.0 -9999.0 -9999.0 -9999.0 -9999.0 -9999.0 -9999.0 -9999.0 -9999.0 -9999.0 -9999.0 -9999.0 -9999.0 -9999.0 -9999.0 -9999.0 -9999.0 -9999.0 -9999.0 -9999.0 -9999.0 -9999.0 -9999.0 -9999.0 -9999.0 -9999.0 -9999.0 -9999.0 -9999.0 -9999.0 -9999.0 -9999.0 -9999.0 -9999.0 -9999.0 -9999.0 -9999.0 -9999.0 -9999.0 -9999.0 -9999.0 -9999.0 -9999.0 -9999.0 -9999.0 -9999.0 -9999.0 -9999.0 -9999.0 -9999.0 -9999.0 -9999.0 -9999.0 -9999.0 -9999.0 -9999.0 -9999.0 -9999.0 -9999.0 -9999.0 -9999.0   107.2    80.2    58.8    52.6    42.4    42.9    47.4    62.5 -9999.0 -9999.0 -9999.0 -9999.0 -9999.0 -9999.0 -9999.0 -9999.0 -9999.0 -9999.0 -9999.0 -9999.0 -9999.0 -9999.0 -9999.0 -9999.0 -9999.0 -9999.0 -9999.0 -9999.0 -9999.0 -9999.0 -9999.0
 -9999.0 -9999.0 -9999.0 -9999.0 -9999.0 -9999.0 -9999.0 -9999.0 -9999.0 -9999.0 -9999.0 -9999.0 -9999.0 -9999.0 -9999.0 -9999.0 -9999.0 -9999.0 -9999.0 -9999.0 -9999.0 -9999.0 -9999.0 -9999.0 -9999.0 -9999.0 -9999.0 -9999.0 -9999.0 -9999.0 -9999.0 -9999.0 -9999.0 -9999.0 -9999.0 -9999.0 -9999.0 -9999.0 -9999.0 -9999.0 -9999.0 -9999.0 -9999.0 -9999.0 -9999.0 -9999.0 -9999.0 -9999.0 -9999.0 -9999.0 -9999.0 -9999.0 -9999.0 -9999.0 -9999.0 -9999.0 -9999.0 -9999.0 -9999.0 -9999.0 -9999.0 -9999.0 -9999.0 -9999.0 -9999.0 -9999.0 -9999.0 -9999.0 -9999.0 -9999.0 -9999.0 -9999.0 -9999.0 -9999.0 -9999.0 -9999.0 -9999.0 -9999.0 -9999.0 -9999.0 -9999.0 -9999.0 -9999.0 -9999.0 -9999.0 -9999.0 -9999.0 -9999.0 -9999.0 -9999.0 -9999.0 -9999.0 -9999.0 -9999.0 -9999.0 -9999.0   121.3    97.0    91.1    65.9    62.8    53.9    48.0    50.1    60.0    60.7    62.4    64.9    62.3 -9999.0 -9999.0 -9999.0 -9999.0 -9999.0 -9999.0 -9999.0 -9999.0 -9999.0 -9999.0 -9999.0 -9999.0 -9999.0 -9999.0 -9999.0 -9999.0 -9999.0 -9999.0 -9999.0
 -9999.0 -9999.0 -9999.0 -9999.0 -9999.0 -9999.0 -9999.0 -9999.0 -9999.0 -9999.0 -9999.0 -9999.0 -9999.0 -9999.0 -9999.0 -9999.0 -9999.0 -9999.0 -9999.0 -9999.0 -9999.0 -9999.0 -9999.0 -9999.0 -9999.0 -9999.0 -9999.0 -9999.0 -9999.0 -9999.0 -9999.0 -9999.0 -9999.0 -9999.0 -9999.0 -9999.0 -9999.0 -9999.0 -9999.0 -9999.0 -9999.0 -9999.0 -9999.0 -9999.0 -9999.0 -9999.0 -9999.0 -9999.0 -9999.0 -9999.0 -9999.0 -9999.0 -9999.0 -9999.0 -9999.0 -9999.0 -9999.0 -9999.0 -9999.0 -9999.0 -9999.0 -9999.0 -9999.0 -9999.0 -9999.0 -9999.0 -9999.0 -9999.0 -9999.0 -9999.0 -9999.0 -9999.0 -9999.0 -9999.0 -9999.0 -9999.0 -9999.0 -9999.0 -9999.0 -9999.0 -9999.0 -9999.0 -9999.0 -9999.0 -9999.0 -9999.0 -9999.0 -9999.0 -9999.0 -9999.0 -9999.0 -9999.0 -9999.0 -9999.0 -9999.0   162.8   127.3   105.3    96.3    70.0    61.2    57.2    55.9    62.2    70.9    92.6    77.3    75.1    65.2 -9999.0 -9999.0 -9999.0 -9999.0 -9999.0 -9999.0 -9999.0 -9999.0 -9999.0 -9999.0 -9999.0 -9999.0 -9999.0 -9999.0 -9999.0 -9999.0 -9999.0 -9999.0 -9999.0
 -9999.0 -9999.0 -9999.0 -9999.0 -9999.0 -9999.0 -9999.0 -9999.0 -9999.0 -9999.0 -9999.0 -9999.0 -9999.0 -9999.0 -9999.0 -9999.0 -9999.0 -9999.0 -9999.0 -9999.0 -9999.0 -9999.0 -9999.0 -9999.0 -9999.0 -9999.0 -9999.0 -9999.0 -9999.0 -9999.0 -9999.0 -9999.0 -9999.0 -9999.0 -9999.0 -9999.0 -9999.0 -9999.0 -9999.0 -9999.0 -9999.0 -9999.0 -9999.0 -9999.0 -9999.0 -9999.0 -9999.0 -9999.0 -9999.0 -9999.0 -9999.0 -9999.0 -9999.0 -9999.0 -9999.0 -9999.0 -9999.0 -9999.0 -9999.0 -9999.0 -9999.0 -9999.0 -9999.0 -9999.0 -9999.0 -9999.0 -9999.0 -9999.0 -9999.0 -9999.0 -9999.0 -9999.0 -9999.0 -9999.0 -9999.0 -9999.0 -9999.0 -9999.0 -9999.0 -9999.0 -9999.0 -9999.0 -9999.0 -9999.0 -9999.0 -9999.0 -9999.0 -9999.0 -9999.0 -9999.0 -9999.0 -9999.0 -9999.0 -9999.0 -9999.0   143.6   137.8    91.3    89.2    85.2    83.0    81.5    64.5    71.2    86.6    96.3    87.5    82.1    67.9    60.8 -9999.0 -9999.0 -9999.0 -9999.0 -9999.0 -9999.0 -9999.0 -9999.0 -9999.0 -9999.0 -9999.0 -9999.0 -9999.0 -9999.0 -9999.0 -9999.0 -9999.0 -9999.0
 -9999.0 -9999.0 -9999.0 -9999.0 -9999.0 -9999.0 -9999.0 -9999.0 -9999.0 -9999.0 -9999.0 -9999.0 -9999.0 -9999.0 -9999.0 -9999.0 -9999.0 -9999.0 -9999.0 -9999.0 -9999.0 -9999.0 -9999.0 -9999.0 -9999.0 -9999.0 -9999.0 -9999.0 -9999.0 -9999.0 -9999.0 -9999.0 -9999.0 -9999.0 -9999.0 -9999.0 -9999.0 -9999.0 -9999.0 -9999.0 -9999.0 -9999.0 -9999.0 -9999.0 -9999.0 -9999.0 -9999.0 -9999.0 -9999.0 -9999.0 -9999.0 -9999.0 -9999.0 -9999.0 -9999.0 -9999.0 -9999.0 -9999.0 -9999.0 -9999.0 -9999.0 -9999.0 -9999.0 -9999.0 -9999.0 -9999.0 -9999.0 -9999.0 -9999.0 -9999.0 -9999.0 -9999.0 -9999.0 -9999.0 -9999.0 -9999.0 -9999.0 -9999.0 -9999.0 -9999.0 -9999.0 -9999.0 -9999.0 -9999.0 -9999.0 -9999.0 -9999.0 -9999.0 -9999.0 -9999.0 -9999.0 -9999.0 -9999.0 -9999.0 -9999.0   140.3   110.3   123.6   115.3    98.5    84.4    96.7    88.0    89.2   101.4   115.0    97.8    88.2    76.3    63.1    65.7 -9999.0 -9999.0 -9999.0 -9999.0 -9999.0 -9999.0 -9999.0 -9999.0 -9999.0 -9999.0 -9999.0 -9999.0 -9999.0 -9999.0 -9999.0 -9999.0 -9999.0
 -9999.0 -9999.0 -9999.0 -9999.0 -9999.0 -9999.0 -9999.0 -9999.0 -9999.0 -9999.0 -9999.0 -9999.0 -9999.0 -9999.0 -9999.0 -9999.0 -9999.0 -9999.0 -9999.0 -9999.0 -9999.0 -9999.0 -9999.0 -9999.0 -9999.0 -9999.0 -9999.0 -9999.0 -9999.0 -9999.0 -9999.0 -9999.0 -9999.0 -9999.0 -9999.0 -9999.0 -9999.0 -9999.0 -9999.0 -9999.0 -9999.0 -9999.0 -9999.0 -9999.0 -9999.0 -9999.0 -9999.0 -9999.0 -9999.0 -9999.0 -9999.0 -9999.0 -9999.0 -9999.0 -9999.0 -9999.0 -9999.0 -9999.0 -9999.0 -9999.0 -9999.0 -9999.0 -9999.0 -9999.0 -9999.0 -9999.0 -9999.0 -9999.0 -9999.0 -9999.0 -9999.0 -9999.0 -9999.0 -9999.0 -9999.0 -9999.0 -9999.0 -9999.0 -9999.0 -9999.0 -9999.0 -9999.0 -9999.0 -9999.0 -9999.0 -9999.0 -9999.0 -9999.0 -9999.0 -9999.0 -9999.0 -9999.0 -9999.0 -9999.0   142.4   122.0   120.4   115.9   115.6   118.5   117.8    88.6    95.6    96.5   101.2   108.1   101.7    92.8    83.2    68.4    70.7 -9999.0 -9999.0 -9999.0 -9999.0 -9999.0 -9999.0 -9999.0 -9999.0 -9999.0 -9999.0 -9999.0 -9999.0 -9999.0 -9999.0 -9999.0 -9999.0 -9999.0
 -9999.0 -9999.0 -9999.0 -9999.0 -9999.0 -9999.0 -9999.0 -9999.0 -9999.0 -9999.0 -9999.0 -9999.0 -9999.0 -9999.0 -9999.0 -9999.0 -9999.0 -9999.0 -9999.0 -9999.0 -9999.0 -9999.0 -9999.0 -9999.0 -9999.0 -9999.0 -9999.0 -9999.0 -9999.0 -9999.0 -9999.0 -9999.0 -9999.0 -9999.0 -9999.0 -9999.0 -9999.0 -9999.0 -9999.0 -9999.0 -9999.0 -9999.0 -9999.0 -9999.0 -9999.0 -9999.0 -9999.0 -9999.0 -9999.0 -9999.0 -9999.0 -9999.0 -9999.0 -9999.0 -9999.0 -9999.0 -9999.0 -9999.0 -9999.0 -9999.0 -9999.0 -9999.0 -9999.0 -9999.0 -9999.0 -9999.0 -9999.0 -9999.0 -9999.0 -9999.0 -9999.0 -9999.0 -9999.0 -9999.0 -9999.0 -9999.0 -9999.0 -9999.0 -9999.0 -9999.0 -9999.0 -9999.0 -9999.0 -9999.0 -9999.0 -9999.0 -9999.0 -9999.0 -9999.0 -9999.0 -9999.0 -9999.0 -9999.0 -9999.0   129.9   124.0   117.0   119.5   127.6   121.4   121.4   114.6   104.7    98.0    94.9   103.4   101.7    94.0    90.0    82.7    72.4    76.8 -9999.0 -9999.0 -9999.0 -9999.0 -9999.0 -9999.0 -9999.0 -9999.0 -9999.0 -9999.0 -9999.0 -9999.0 -9999.0 -9999.0 -9999.0 -9999.0
 -9999.0 -9999.0 -9999.0 -9999.0 -9999.0 -9999.0 -9999.0 -9999.0 -9999.0 -9999.0 -9999.0 -9999.0 -9999.0 -9999.0 -9999.0 -9999.0 -9999.0 -9999.0 -9999.0 -9999.0 -9999.0 -9999.0 -9999.0 -9999.0 -9999.0 -9999.0 -9999.0 -9999.0 -9999.0 -9999.0 -9999.0 -9999.0 -9999.0 -9999.0 -9999.0 -9999.0 -9999.0 -9999.0 -9999.0 -9999.0 -9999.0 -9999.0 -9999.0 -9999.0 -9999.0 -9999.0 -9999.0 -9999.0 -9999.0 -9999.0 -9999.0 -9999.0 -9999.0 -9999.0 -9999.0 -9999.0 -9999.0 -9999.0 -9999.0 -9999.0 -9999.0 -9999.0 -9999.0 -9999.0 -9999.0 -9999.0 -9999.0 -9999.0 -9999.0 -9999.0 -9999.0 -9999.0 -9999.0 -9999.0 -9999.0 -9999.0 -9999.0 -9999.0 -9999.0 -9999.0 -9999.0 -9999.0 -9999.0 -9999.0 -9999.0 -9999.0 -9999.0 -9999.0 -9999.0   202.9 -9999.0 -9999.0   142.8   130.2   106.5    99.5   103.0   112.5   125.8   133.7   116.5   116.3   111.6    98.1    96.1    99.6    98.5   103.3    95.4    91.9    79.9    82.9 -9999.0 -9999.0 -9999.0 -9999.0 -9999.0 -9999.0 -9999.0 -9999.0 -9999.0 -9999.0 -9999.0 -9999.0 -9999.0 -9999.0 -9999.0 -9999.0
 -9999.0 -9999.0 -9999.0 -9999.0 -9999.0 -9999.0 -9999.0 -9999.0 -9999.0 -9999.0 -9999.0 -9999.0 -9999.0 -9999.0 -9999.0 -9999.0 -9999.0 -9999.0 -9999.0 -9999.0 -9999.0 -9999.0 -9999.0 -9999.0 -9999.0 -9999.0 -9999.0 -9999.0 -9999.0 -9999.0 -9999.0 -9999.0 -9999.0 -9999.0 -9999.0 -9999.0 -9999.0 -9999.0 -9999.0 -9999.0 -9999.0 -9999.0 -9999.0 -9999.0 -9999.0 -9999.0 -9999.0 -9999.0 -9999.0 -9999.0 -9999.0 -9999.0 -9999.0 -9999.0 -9999.0 -9999.0 -9999.0 -9999.0 -9999.0 -9999.0 -9999.0 -9999.0 -9999.0 -9999.0 -9999.0 -9999.0 -9999.0 -9999.0 -9999.0 -9999.0 -9999.0 -9999.0 -9999.0 -9999.0 -9999.0 -9999.0 -9999.0 -9999.0 -9999.0 -9999.0 -9999.0 -9999.0 -9999.0 -9999.0 -9999.0 -9999.0 -9999.0 -9999.0   142.2   146.5   155.7   138.5   118.1   112.5    93.1    97.7    98.9   113.1   125.1   133.8   139.1   132.4   119.4   112.4   107.2   105.1    99.8    93.5    89.6    89.2    89.0    85.4    92.2    98.0   101.8   107.6 -9999.0 -9999.0 -9999.0 -9999.0 -9999.0 -9999.0 -9999.0 -9999.0 -9999.0 -9999.0 -9999.0 -9999.0
 -9999.0 -9999.0 -9999.0 -9999.0 -9999.0 -9999.0 -9999.0 -9999.0 -9999.0 -9999.0 -9999.0 -9999.0 -9999.0 -9999.0 -9999.0 -9999.0 -9999.0 -9999.0 -9999.0 -9999.0 -9999.0 -9999.0 -9999.0 -9999.0 -9999.0 -9999.0 -9999.0 -9999.0 -9999.0   151.4   171.4   190.6   209.4 -9999.0 -9999.0 -9999.0 -9999.0 -9999.0 -9999.0 -9999.0 -9999.0 -9999.0 -9999.0 -9999.0 -9999.0 -9999.0 -9999.0 -9999.0 -9999.0 -9999.0 -9999.0 -9999.0 -9999.0 -9999.0 -9999.0 -9999.0 -9999.0 -9999.0 -9999.0 -9999.0 -9999.0 -9999.0 -9999.0 -9999.0 -9999.0 -9999.0 -9999.0 -9999.0 -9999.0 -9999.0 -9999.0 -9999.0 -9999.0 -9999.0 -9999.0 -9999.0 -9999.0 -9999.0 -9999.0 -9999.0 -9999.0 -9999.0 -9999.0 -9999.0 -9999.0 -9999.0 -9999.0   105.7   109.7   115.8   118.2   105.5   100.1    90.7    84.1    83.0    95.6   109.0   135.5   144.8   144.4   137.3   130.4   115.3   111.0   103.7    92.4    82.8    81.3    80.7    82.6    84.3    89.8    89.0    90.5    90.9    99.5   115.0 -9999.0 -9999.0 -9999.0 -9999.0 -9999.0 -9999.0 -9999.0 -9999.0 -9999.0 -9999.0
 -9999.0 -9999.0 -9999.0 -9999.0 -9999.0 -9999.0 -9999.0 -9999.0 -9999.0 -9999.0 -9999.0 -9999.0 -9999.0 -9999.0 -9999.0 -9999.0 -9999.0 -9999.0 -9999.0 -9999.0 -9999.0 -9999.0 -9999.0 -9999.0 -9999.0 -9999.0 -9999.0    90.8    97.4    97.1   128.2   143.2   169.9   174.4 -9999.0 -9999.0 -9999.0 -9999.0 -9999.0 -9999.0 -9999.0 -9999.0 -9999.0 -9999.0 -9999.0 -9999.0 -9999.0 -9999.0 -9999.0 -9999.0 -9999.0 -9999.0 -9999.0 -9999.0 -9999.0 -9999.0 -9999.0 -9999.0 -9999.0 -9999.0 -9999.0 -9999.0 -9999.0 -9999.0 -9999.0 -9999.0 -9999.0 -9999.0 -9999.0 -9999.0 -9999.0 -9999.0 -9999.0 -9999.0 -9999.0 -9999.0 -9999.0 -9999.0 -9999.0 -9999.0 -9999.0 -9999.0 -9999.0 -9999.0 -9999.0 -9999.0 -9999.0    96.5    94.8    82.1    82.3    84.4    83.1    81.9    78.8    84.3    95.7   118.9   137.4   154.8   157.1   149.2   136.5   118.5   103.3    92.6    81.8    72.7    63.3    63.2    72.1    80.2    86.4    81.7    77.8    81.9    86.5    95.6 -9999.0 -9999.0 -9999.0 -9999.0 -9999.0    49.8    35.6    26.5    18.2 -9999.0
 -9999.0 -9999.0 -9999.0 -9999.0 -9999.0 -9999.0 -9999.0 -9999.0 -9999.0 -9999.0 -9999.0 -9999.0 -9999.0 -9999.0 -9999.0 -9999.0 -9999.0 -9999.0 -9999.0 -9999.0 -9999.0 -9999.0 -9999.0 -9999.0 -9999.0 -9999.0    67.8    55.5    53.8    57.3    69.0    86.7   140.3   146.0   173.1   195.5   222.2 -9999.0 -9999.0 -9999.0 -9999.0 -9999.0 -9999.0 -9999.0 -9999.0 -9999.0 -9999.0 -9999.0 -9999.0 -9999.0 -9999.0 -9999.0 -9999.0 -9999.0 -9999.0 -9999.0 -9999.0 -9999.0 -9999.0 -9999.0 -9999.0 -9999.0 -9999.0 -9999.0 -9999.0 -9999.0 -9999.0 -9999.0 -9999.0 -9999.0 -9999.0 -9999.0 -9999.0 -9999.0 -9999.0 -9999.0 -9999.0 -9999.0 -9999.0 -9999.0 -9999.0 -9999.0 -9999.0 -9999.0 -9999.0 -9999.0    76.5    78.0    73.0    68.4    73.1    74.3    75.3    75.7    76.7    87.5   102.1   125.4   146.8   160.3   166.8   158.6   138.4   116.8    96.7    82.5    71.5    63.4    55.9    56.3    65.3    74.7    79.5    72.6    72.9    68.3    59.6    63.6    85.3 -9999.0 -9999.0    65.2    55.8    46.0    35.7    40.9    23.0 -9999.0
 -9999.0 -9999.0 -9999.0 -9999.0 -9999.0 -9999.0 -9999.0 -9999.0 -9999.0 -9999.0 -9999.0 -9999.0 -9999.0 -9999.0 -9999.0 -9999.0 -9999.0 -9999.0 -9999.0 -9999.0 -9999.0 -9999.0 -9999.0 -9999.0 -9999.0 -9999.0    49.1    39.6    34.1    32.4    35.0    47.7    59.3    97.0   120.7   157.6   211.6   192.5 -9999.0 -9999.0 -9999.0 -9999.0 -9999.0 -9999.0 -9999.0 -9999.0 -9999.0 -9999.0 -9999.0 -9999.0 -9999.0 -9999.0 -9999.0 -9999.0 -9999.0 -9999.0 -9999.0 -9999.0 -9999.0 -9999.0 -9999.0 -9999.0 -9999.0 -9999.0 -9999.0 -9999.0 -9999.0 -9999.0 -9999.0 -9999.0 -9999.0 -9999.0 -9999.0 -9999.0 -9999.0 -9999.0 -9999.0 -9999.0 -9999.0 -9999.0 -9999.0 -9999.0 -9999.0 -9999.0 -9999.0 -9999.0    68.4    67.6    70.7    72.9    72.8    73.0    75.4    74.8    79.7    89.2   109.0   128.3   150.1   167.3   174.5   168.6   149.8   123.8   101.6    85.2    74.3    69.1    63.2    59.0    63.9    75.7    82.6    69.1    59.2    75.5    47.6    43.1    39.7    43.3    49.2    53.8    52.0    45.5    38.2    31.0    26.5 -9999.0
 -9999.0 -9999.0 -9999.0 -9999.0 -9999.0 -9999.0 -9999.0 -9999.0 -9999.0 -9999.0 -9999.0 -9999.0 -9999.0 -9999.0 -9999.0 -9999.0 -9999.0 -9999.0 -9999.0 -9999.0 -9999.0   102.3    99.6    88.6    74.6    59.7    48.2    41.6    31.4    25.5    23.2    29.1    37.4    52.5    78.0    99.2   148.5   164.6   194.6 -9999.0 -9999.0 -9999.0 -9999.0 -9999.0 -9999.0 -9999.0 -9999.0 -9999.0 -9999.0 -9999.0 -9999.0 -9999.0 -9999.0 -9999.0 -9999.0 -9999.0 -9999.0 -9999.0 -9999.0 -9999.0 -9999.0 -9999.0 -9999.0 -9999.0 -9999.0 -9999.0 -9999.0 -9999.0 -9999.0 -9999.0 -9999.0 -9999.0 -9999.0 -9999.0 -9999.0 -9999.0 -9999.0 -9999.0 -9999.0 -9999.0 -9999.0 -9999.0 -9999.0 -9999.0 -9999.0 -9999.0 -9999.0    81.7 -9999.0 -9999.0    81.9 -9999.0 -9999.0    79.0    80.7    90.7   108.4   128.5   151.5   163.9   171.3   170.5   158.3   136.7   117.0   104.6    96.3    92.1    80.0    70.7    70.9    78.5    83.3    79.0    65.0    59.4    41.8    35.7    33.4    33.0    44.0    44.3    47.4    46.6    45.8    53.4 -9999.0 -9999.0
 -9999.0 -9999.0 -9999.0 -9999.0 -9999.0 -9999.0 -9999.0 -9999.0 -9999.0 -9999.0 -9999.0 -9999.0 -9999.0 -9999.0 -9999.0 -9999.0 -9999.0 -9999.0 -9999.0 -9999.0 -9999.0    60.1    69.8    73.3    65.5    62.5    43.2    32.4    27.4    22.8    19.5    24.0    33.7    39.6    50.2    63.9    85.2   138.0   121.7 -9999.0 -9999.0 -9999.0 -9999.0 -9999.0 -9999.0 -9999.0 -9999.0 -9999.0 -9999.0 -9999.0 -9999.0 -9999.0 -9999.0 -9999.0 -9999.0 -9999.0 -9999.0 -9999.0 -9999.0 -9999.0 -9999.0 -9999.0 -9999.0 -9999.0 -9999.0 -9999.0 -9999.0 -9999.0 -9999.0 -9999.0 -9999.0 -9999.0 -9999.0 -9999.0 -9999.0 -9999.0 -9999.0 -9999.0 -9999.0 -9999.0 -9999.0 -9999.0 -9999.0 -9999.0 -9999.0 -9999.0 -9999.0 -9999.0 -9999.0    98.6    99.7    96.1    91.8    83.1    82.9    90.6   104.6   125.0   143.3   150.2   152.6   154.1   149.6   137.8   126.0   119.8   116.8   111.7    97.4    83.6    81.6    89.2    93.3    89.2    83.1    54.8    47.2    44.4    38.8    33.0    33.4    41.3    56.0    78.1    52.1 -9999.0 -9999.0 -9999.0
 -9999.0 -9999.0 -9999.0 -9999.0 -9999.0 -9999.0 -9999.0 -9999.0 -9999.0 -9999.0 -9999.0 -9999.0 -9999.0 -9999.0 -9999.0 -9999.0 -9999.0 -9999.0 -9999.0 -9999.0    39.5    50.2    53.4    60.8    58.2    45.6    33.0    27.2    20.6    18.9    21.3    22.2    29.8    36.8    41.5    45.9    67.0    69.4    75.7 -9999.0 -9999.0 -9999.0 -9999.0 -9999.0 -9999.0 -9999.0 -9999.0 -9999.0 -9999.0 -9999.0 -9999.0 -9999.0 -9999.0 -9999.0 -9999.0 -9999.0 -9999.0 -9999.0 -9999.0 -9999.0 -9999.0 -9999.0 -9999.0 -9999.0 -9999.0 -9999.0 -9999.0 -9999.0 -9999.0 -9999.0 -9999.0 -9999.0 -9999.0 -9999.0 -9999.0 -9999.0 -9999.0 -9999.0 -9999.0 -9999.0 -9999.0 -9999.0 -9999.0 -9999.0 -9999.0 -9999.0 -9999.0 -9999.0   110.5   118.9   118.6   108.9    99.8    89.5    85.6    89.4   101.6   112.8   122.8   123.2   122.4   124.9   125.2   121.3   118.0   120.5   126.0   124.9   113.2    99.3    95.4    99.4   101.9    87.9    73.8    69.3    62.7    63.9    69.7    57.5    42.5    53.6    63.0    68.7    70.8 -9999.0 -9999.0 -9999.0
 -9999.0 -9999.0 -9999.0 -9999.0 -9999.0 -9999.0 -9999.0 -9999.0 -9999.0 -9999.0 -9999.0 -9999.0 -9999.0 -9999.0 -9999.0 -9999.0 -9999.0 -9999.0    66.8    46.2    35.9   107.5    70.5    70.3    58.1    47.6    28.6    22.8    19.5    20.8    21.7    26.0    31.7    34.6    37.5    42.5    46.7    44.7    43.7 -9999.0 -9999.0 -9999.0 -9999.0 -9999.0 -9999.0 -9999.0 -9999.0 -9999.0 -9999.0 -9999.0 -9999.0 -9999.0 -9999.0 -9999.0 -9999.0 -9999.0 -9999.0 -9999.0 -9999.0 -9999.0 -9999.0 -9999.0 -9999.0 -9999.0 -9999.0 -9999.0 -9999.0 -9999.0 -9999.0 -9999.0 -9999.0 -9999.0 -9999.0 -9999.0 -9999.0 -9999.0 -9999.0 -9999.0 -9999.0 -9999.0 -9999.0 -9999.0 -9999.0 -9999.0    73.6    86.3   100.4   102.1   110.9   132.7   131.9   121.9   106.8    97.0    91.6    92.0   101.8   106.4   104.0    95.9    92.4    93.3    94.8    95.6    98.1   107.5   124.0   131.2   125.3   115.3   110.6   112.8   111.6    95.4    94.4    91.8   119.2    84.3    84.0    68.6    70.7    71.7    80.8    87.7 -9999.0 -9999.0 -9999.0 -9999.0
 -9999.0 -9999.0 -9999.0 -9999.0 -9999.0 -9999.0 -9999.0 -9999.0 -9999.0 -9999.0 -9999.0 -9999.0 -9999.0 -9999.0 -9999.0    35.4    77.0   118.3   126.9    80.8    84.2    39.2    73.1    48.6    40.8    32.6    28.4    25.8    23.4    24.3    26.2    28.5    32.2    33.2    40.1    41.8    38.5    79.0    55.6    45.8    57.8    66.8    70.9    82.4 -9999.0 -9999.0 -9999.0 -9999.0 -9999.0 -9999.0 -9999.0 -9999.0 -9999.0 -9999.0 -9999.0 -9999.0 -9999.0 -9999.0 -9999.0 -9999.0 -9999.0 -9999.0 -9999.0 -9999.0 -9999.0 -9999.0 -9999.0 -9999.0 -9999.0 -9999.0 -9999.0 -9999.0 -9999.0 -9999.0 -9999.0 -9999.0 -9999.0 -9999.0 -9999.0    19.5    25.3    32.7    42.5    58.6    78.2    88.1    93.6    96.3   105.0   123.1   125.2   121.9   113.3   107.4   102.9    99.6   105.6   106.2    95.8    80.3    71.5    68.6    69.6    73.9    80.6    91.8   113.1   129.0   131.8   125.5   123.0   121.9   116.2   109.4   143.5   107.2   101.8    99.4    93.0    87.7    83.4    91.3    99.8   118.9 -9999.0 -9999.0 -9999.0 -9999.0
 -9999.0 -9999.0 -9999.0 -9999.0 -9999.0 -9999.0 -9999.0 -9999.0 -9999.0 -9999.0 -9999.0 -9999.0 -9999.0 -9999.0 -9999.0   100.4   100.7   120.1   100.4    70.1    24.8    23.1    26.1    32.7    33.8    32.8    29.1    26.6    26.1    25.6    26.2    26.9    29.6    25.8    24.8    24.5    19.6    26.1    19.2    22.5    22.1    13.4    17.3    24.9    27.3    51.4   179.4 -9999.0 -9999.0 -9999.0 -9999.0 -9999.0 -9999.0 -9999.0 -9999.0 -9999.0 -9999.0 -9999.0 -9999.0 -9999.0 -9999.0 -9999.0 -9999.0 -9999.0 -9999.0 -9999.0 -9999.0 -9999.0 -9999.0 -9999.0 -9999.0 -9999.0 -9999.0 -9999.0 -9999.0 -9999.0 -9999.0 -9999.0    17.6    18.8    23.2    34.0    46.6    57.1    69.0    74.1    75.7    82.6    93.7   107.1   117.5   117.6   116.3   113.2   110.7   112.3   111.0   114.6    96.6    74.4    58.7    52.0    53.3    62.6    76.9    94.7   115.8   130.1   135.0   133.1   130.7   129.1   138.8   137.1   132.9   109.1   127.4   127.3   117.1   108.5    97.4   106.4   130.0 -9999.0 -9999.0 -9999.0 -9999.0 -9999.0
 -9999.0 -9999.0 -9999.0 -9999.0 -9999.0 -9999.0 -9999.0 -9999.0 -9999.0 -9999.0 -9999.0 -9999.0 -9999.0 -9999.0 -9999.0 -9999.0    16.7    22.8    50.7    90.3   106.9    70.5   100.4    78.3    56.5    53.3    45.0    33.4    30.5    28.1    27.1    25.2    25.6    24.0    23.7    24.4    23.6    23.1    23.1    31.5    44.2    32.4    27.8    15.3    12.5    12.4    17.1    28.3 -9999.0 -9999.0 -9999.0 -9999.0 -9999.0 -9999.0 -9999.0 -9999.0 -9999.0 -9999.0 -9999.0 -9999.0 -9999.0 -9999.0 -9999.0 -9999.0 -9999.0 -9999.0 -9999.0 -9999.0 -9999.0 -9999.0 -9999.0 -9999.0 -9999.0 -9999.0 -9999.0 -9999.0 -9999.0 -9999.0    19.7    17.4    22.5    33.0    39.3    48.0    59.8    65.2    75.8    75.1    85.0   101.4   104.5   108.9   114.4   109.1   108.8   109.3   109.6   105.8    89.9    67.0    49.9    42.1    44.7    59.7    84.7   112.8   133.5   139.5   139.6   142.3   145.1   145.1   146.6   121.5   111.3   123.9   119.3   109.7   122.8   103.3 -9999.0 -9999.0 -9999.0 -9999.0 -9999.0 -9999.0 -9999.0 -9999.0
 -9999.0 -9999.0 -9999.0 -9999.0 -9999.0 -9999.0 -9999.0 -9999.0 -9999.0 -9999.0 -9999.0 -9999.0 -9999.0 -9999.0 -9999.0 -9999.0    15.6    23.7    33.2    38.6    69.6    67.7    74.1    85.2    87.5    84.5    88.4    70.5    97.6    91.0    47.0    53.2    78.6    73.2    42.8    36.6    44.2    34.8    32.1    43.0    57.2    41.4    60.4   145.0    21.7     4.6     2.1     4.8 -9999.0 -9999.0 -9999.0 -9999.0 -9999.0 -9999.0 -9999.0 -9999.0 -9999.0 -9999.0 -9999.0 -9999.0 -9999.0 -9999.0 -9999.0 -9999.0 -9999.0 -9999.0 -9999.0 -9999.0 -9999.0 -9999.0 -9999.0 -9999.0 -9999.0 -9999.0 -9999.0 -9999.0 -9999.0    18.7    18.6    18.8    23.6    31.1    42.8    58.6    62.5    69.6    73.0    75.7    81.0    92.9   105.8   102.1    90.6    90.5    91.8    90.7    88.7    83.6    72.2    55.5    42.2    37.0    41.8    61.1    94.9   125.8   143.7   143.2   139.4   143.6   148.0   132.6   112.3   101.0   113.8   108.3   105.1    96.7   117.0 -9999.0 -9999.0 -9999.0 -9999.0 -9999.0 -9999.0 -9999.0 -9999.0 -9999.0
 -9999.0 -9999.0 -9999.0 -9999.0 -9999.0 -9999.0 -9999.0 -9999.0 -9999.0 -9999.0 -9999.0 -9999.0 -9999.0 -9999.0 -9999.0 -9999.0    92.6   102.7   105.9    66.9    54.1    63.5    89.0    83.0    82.3    81.7    69.7    67.3    86.0    91.0    90.1    73.5    42.8    33.2    46.7    52.4    39.7    18.2    15.2     6.6    13.2    22.4    34.8    99.7    95.8    38.1     8.2     2.4    14.4    23.1    16.0 -9999.0 -9999.0 -9999.0 -9999.0 -9999.0 -9999.0 -9999.0 -9999.0 -9999.0 -9999.0 -9999.0 -9999.0 -9999.0 -9999.0 -9999.0 -9999.0 -9999.0 -9999.0 -9999.0 -9999.0 -9999.0 -9999.0 -9999.0 -9999.0 -9999.0    28.2    25.1    26.9    25.8    33.0    45.0    55.8    69.3    78.7    83.0    86.6    89.6    93.6    98.5   103.9    97.6    90.9    80.6    77.8    74.9    70.2    63.5    54.4    44.6    37.1    36.4    44.5    64.7    95.3   119.1   130.2   128.9   127.8   131.8   130.3   119.3    96.8    88.5    92.2    80.0   124.6   112.6    92.0    79.5 -9999.0 -9999.0 -9999.0 -9999.0 -9999.0 -9999.0 -9999.0 -9999.0
 -9999.0 -9999.0 -9999.0 -9999.0 -9999.0 -9999.0 -9999.0 -9999.0 -9999.0 -9999.0 -9999.0 -9999.0 -9999.0 -9999.0 -9999.0    79.6    81.6    87.1   101.8    96.0    89.4    79.9    80.0    79.7    78.6    72.1    67.6    72.8    72.8    65.1    62.2    47.0     6.4     2.4     1.9     2.9     9.9     4.6     1.3     1.2     0.4     1.0     4.1     5.8    12.8    27.8    22.7    15.0    15.2    11.2     9.9     8.3    10.3    21.7    13.6    15.0    13.7    16.9    21.7    28.8    32.4 -9999.0 -9999.0 -9999.0 -9999.0 -9999.0 -9999.0 -9999.0 -9999.0    47.7    44.9    43.7    45.2    42.0    40.1    32.6    35.4    28.7    29.6    37.9    46.9    60.7    76.2    92.1   100.7   104.4   104.7   104.0   106.3   108.3   109.8   106.7   104.3    88.0    76.1    68.7    61.6    51.8    43.4    40.0    38.6    42.4    52.7    68.0    90.2   112.5   115.2   114.1   116.1   115.9   109.9    94.9    80.4    84.4    65.2    59.0    53.3    57.1 -9999.0 -9999.0 -9999.0 -9999.0 -9999.0 -9999.0 -9999.0 -9999.0 -9999.0 -9999.0
 -9999.0 -9999.0 -9999.0 -9999.0 -9999.0 -9999.0 -9999.0 -9999.0 -9999.0 -9999.0 -9999.0 -9999.0 -9999.0 -9999.0    68.4    69.2    69.4    93.1    84.8    78.4    78.2    59.3    64.2    70.5    71.7    65.0    59.5    42.3    25.6    20.3    23.6    38.9    19.4    32.2    22.2    14.1    14.1    12.4    11.0     6.0     2.8     2.2     2.3     2.7     4.7     9.1    13.3    28.1    28.5    26.5    23.6    18.0    19.0    13.2     8.8    12.2    11.0    12.4    13.0    18.5    25.0    27.9    29.2    32.5    39.6    50.0    39.5    38.3    32.0    36.8    47.6    57.0    50.1    46.9    44.4    39.5    40.2    41.3    43.1    51.3    61.5    77.3    98.6   114.3   120.4   118.2   116.1   114.4   116.5   115.4   115.7   114.9    94.6    85.6    79.8    73.6    63.9    54.6    48.5    45.2    49.4    54.5    60.0    71.4    87.9   105.4   109.1   108.2   108.3   108.0    97.6    91.3   101.0    75.0    76.0    62.9    50.6 -9999.0 -9999.0 -9999.0 -9999.0 -9999.0 -9999.0 -9999.0 -9999.0 -9999.0 -9999.0 -9999.0
 -9999.0 -9999.0 -9999.0 -9999.0 -9999.0 -9999.0 -9999.0 -9999.0 -9999.0 -9999.0 -9999.0 -9999.0    38.4    45.8    51.3    79.5    71.8    89.3    67.7    44.9    36.6    36.0    38.4    48.0    56.0    51.7    40.4    28.5    22.7    18.8    19.2    24.2    35.5    28.7    17.2    19.4    21.6    18.4    11.2    10.1     7.8     8.4     9.4    10.4    13.2    24.5    35.1    41.4    51.4    36.8    31.8    25.0    25.3    21.8    14.2    13.1    14.3    15.4    15.6    16.0    18.8    22.8    21.6    21.4    19.2    22.5    27.2    28.8    40.4    51.2    67.6    76.3    56.3    62.3    66.8    63.0    61.0    62.7    63.7    65.0    75.5    88.1   105.5   118.0   120.3   116.5   114.8   116.5   121.3   119.1   112.0   101.4   107.0    97.1    89.7    87.2    85.7    76.6    60.7    55.0    61.2    64.2    66.5    71.3    80.0    97.6   105.6   107.1   107.2   103.2   100.2   116.3   101.9    98.2   186.2 -9999.0 -9999.0 -9999.0 -9999.0 -9999.0 -9999.0 -9999.0 -9999.0 -9999.0 -9999.0 -9999.0 -9999.0 -9999.0
 -9999.0 -9999.0 -9999.0 -9999.0 -9999.0 -9999.0 -9999.0 -9999.0 -9999.0    22.1    22.9    25.8    30.7    42.4    59.9    79.3    82.7    63.3    38.1    24.4    20.3    22.4    29.2    39.1    46.2    44.9    37.0    27.5    20.5    16.9    19.3    35.1    34.8    27.5    27.9    31.9    22.1    12.6     7.4     5.5     7.9    10.3     8.4    11.6    17.4    30.2    42.7    50.3    53.0    61.4    42.1    31.1    24.8    25.9    35.2    21.1    18.3    18.8    18.5    21.6    22.7    24.0    22.8    18.8    14.0    19.7    24.8    27.8    50.8    83.5    42.5    34.9    32.1    35.1    52.6    62.4    72.3    86.2    82.2    87.5    92.6    97.3   105.2   113.1   111.6   108.1   110.0   115.4   121.8   121.9   117.3   107.7   100.1   100.3   110.0   114.2   112.3    96.1    83.2    77.0    76.1    77.4    76.7    75.0    77.8    85.9    96.3   104.5   106.5   112.4   119.0   119.6   106.3 -9999.0 -9999.0 -9999.0 -9999.0 -9999.0 -9999.0 -9999.0 -9999.0 -9999.0 -9999.0 -9999.0 -9999.0 -9999.0 -9999.0 -9999.0
 -9999.0 -9999.0 -9999.0 -9999.0 -9999.0    35.4    25.6    23.1    19.4    17.5    16.2    19.5    24.8    36.4    53.2    66.6    59.0    39.3    20.7    13.3    12.3    15.5    22.4    30.7    36.8    37.1    32.2    25.9    21.2    19.0    19.2    21.2    22.3    22.6    22.9    19.3    13.8    10.2     7.1     7.9     9.8     7.9    11.3    20.4    23.4    29.6    31.7    39.6    44.2    44.8    49.7    41.7    43.6    42.2    39.7    26.3    22.3    21.7    21.9    27.4    31.6    36.3    30.5    24.3    26.5    26.0    24.6    37.2    56.1    30.5    31.0    30.0    29.0    37.7    73.8    61.7    67.4    84.0    74.9    86.1    96.2    99.3   103.6   105.9   105.3   123.2   112.5   118.8   121.4   127.0   130.2   122.7   119.8   122.9   128.4   129.1   119.3   106.2 -9999.0 -9999.0    96.6    98.2    86.3    85.9    89.0    89.4    95.8   102.5   108.9 -9999.0 -9999.0 -9999.0 -9999.0 -9999.0 -9999.0 -9999.0 -9999.0 -9999.0 -9999.0 -9999.0 -9999.0 -9999.0 -9999.0 -9999.0 -9999.0 -9999.0 -9999.0 -9999.0
 -9999.0 -9999.0 -9999.0    42.8    41.1    27.3    24.3    19.4    15.3     8.8     7.8    12.0    19.8    31.6    42.1    45.0    36.9    22.3    11.4     7.8     8.4    12.0    18.3    25.5    30.5    30.3    27.2    23.0    21.9    20.7    21.9    24.3    25.6    25.2    22.9    19.3    15.0    11.1     7.9     6.0     6.6     6.6     8.4    14.0    22.1    28.4    35.2    49.4    49.4    55.9    46.2    35.0    32.6    30.3    27.6    26.1    30.6    31.8    31.2    32.8    32.8    30.9    31.0    33.8    28.2    24.5    44.9    25.6    23.7    25.6    32.8    31.3    37.2    45.6    53.9    64.2    70.9    72.2    79.9    94.9   102.3   113.5   101.9   102.3   104.0   120.5   119.4   117.4   109.8   120.2   130.8   127.8   133.2   137.9   136.1   127.4   108.2 -9999.0 -9999.0 -9999.0   100.3   103.1   111.8   109.5   106.1    99.2    99.2 -9999.0 -9999.0 -9999.0 -9999.0 -9999.0 -9999.0 -9999.0 -9999.0 -9999.0 -9999.0 -9999.0 -9999.0 -9999.0 -9999.0 -9999.0 -9999.0 -9999.0 -9999.0 -9999.0 -9999.0 -9999.0
 -9999.0 -9999.0    39.6    35.4    32.4    32.0    25.5    17.5     9.2     6.0     6.1     9.1    14.9    22.5    28.5    28.4    22.2    13.6     7.9     6.1     7.4    11.2    17.2    23.1    26.3    25.5    23.5    21.5    20.2    21.7    23.6    27.0    28.5    28.1    25.5    21.0    16.5    13.7    12.2    10.8    10.4    13.7    19.8    29.3    40.0    58.9    82.1    85.4    83.8    78.6    88.1    75.1    50.9    35.7    32.3    41.1    31.8    36.1    33.8    34.2    26.3    35.4    21.4    22.9    22.8    26.0    26.5    21.6    25.2    23.8    39.0    38.1    41.7    54.5    73.1    88.7   102.0    92.4   100.3   111.3   117.6   116.1   105.0   101.7   112.4   109.5   121.7   125.1   106.2   103.2   104.5   102.7   112.2   122.4   122.7 -9999.0 -9999.0 -9999.0 -9999.0    66.8    84.6   104.1   114.2   116.7 -9999.0 -9999.0 -9999.0 -9999.0 -9999.0 -9999.0 -9999.0 -9999.0 -9999.0 -9999.0 -9999.0 -9999.0 -9999.0 -9999.0 -9999.0 -9999.0 -9999.0 -9999.0 -9999.0 -9999.0 -9999.0 -9999.0 -9999.0 -9999.0
 -9999.0 -9999.0    21.0    15.6     6.1    15.5    26.8    19.5    12.3     8.1     7.5     9.1    12.4    16.2    18.6    17.8    13.9     9.4     6.8     6.4     8.3    12.5    18.3    22.5    23.6    21.9    19.5    18.1    18.6    21.1    24.8    28.2    30.8    31.6    29.3    28.5    25.4    21.1    16.9    14.1    12.4    15.2    22.6    40.6    38.6    46.4    60.9    61.0    75.4    78.5    89.6   124.1   132.8   126.6    54.6    41.1    32.6    54.6    41.8    48.3    42.3    24.1    22.0    19.1    21.5    25.2    26.5    31.8    43.2    27.3    34.4    38.6    45.5    53.4    67.8    86.2    96.3   112.4   113.7   128.5   128.4   122.2   117.0   111.3   113.3   126.8   155.8   142.1   111.6    91.8    81.1    78.1    83.0    90.0 -9999.0 -9999.0 -9999.0 -9999.0 -9999.0    43.3 -9999.0 -9999.0 -9999.0 -9999.0 -9999.0 -9999.0 -9999.0 -9999.0 -9999.0 -9999.0 -9999.0 -9999.0 -9999.0 -9999.0 -9999.0 -9999.0 -9999.0 -9999.0 -9999.0 -9999.0 -9999.0 -9999.0 -9999.0 -9999.0 -9999.0 -9999.0 -9999.0 -9999.0
 -9999.0 -9999.0    17.7     7.1     6.0     7.8    11.2     9.1    17.0    13.1    11.4    11.3    12.0    12.9    13.1    11.9     9.8     7.7     6.9     7.9    10.8    15.4    20.4    23.1    22.3    19.4    16.5    15.3    16.4    19.5    24.2    29.5    30.9    26.6    26.5    23.6    22.7    18.8    15.5    12.7    10.1    10.1    12.0    17.0    24.5    30.1    32.4    36.6    40.0    48.2    88.1    84.5   103.2   129.9   122.5   105.3    57.7    48.8    63.5    64.8    26.9    19.4    16.3    17.2    22.0    28.9    33.4    52.6    31.0    33.0    40.7    43.1    46.0    51.7    60.3    78.8   101.3   119.1   142.6   151.5   147.9   133.5   126.4   121.4   130.5   139.4   139.1   122.8   100.3    81.1    67.2 -9999.0 -9999.0 -9999.0 -9999.0 -9999.0 -9999.0 -9999.0 -9999.0 -9999.0 -9999.0 -9999.0 -9999.0 -9999.0 -9999.0 -9999.0 -9999.0 -9999.0 -9999.0 -9999.0 -9999.0 -9999.0 -9999.0 -9999.0 -9999.0 -9999.0 -9999.0 -9999.0 -9999.0 -9999.0 -9999.0 -9999.0 -9999.0 -9999.0 -9999.0 -9999.0 -9999.0 -9999.0
 -9999.0 -9999.0 -9999.0     3.1     6.7     2.4     1.9     2.7     5.6    17.0    17.4    15.1    13.1    11.7    10.7     9.4     8.0     7.4     8.2    10.7    14.7    19.6    23.5    24.4    22.1    18.2    14.8    13.7    15.1    18.8    22.5    18.1    22.6    15.3    16.0    20.4    21.1    17.6    13.7    10.4     8.3     7.4     8.0    10.4    13.7    14.8    20.0    24.9    38.0    39.3    44.7    59.5    80.4   109.3   105.5   114.5   109.0   107.8    98.9    62.9    36.5    20.3    19.1    19.8    23.5    28.4    37.0    48.8    35.9    42.6    49.7    49.7    50.8    50.4    55.1    65.0    88.5   110.3   132.7   129.6   130.9   126.0   121.2   114.0   117.4   118.5   109.5    90.2    73.3    66.2    60.6    53.8 -9999.0 -9999.0 -9999.0 -9999.0 -9999.0 -9999.0 -9999.0 -9999.0 -9999.0 -9999.0 -9999.0 -9999.0 -9999.0 -9999.0 -9999.0 -9999.0 -9999.0 -9999.0 -9999.0 -9999.0 -9999.0 -9999.0 -9999.0 -9999.0 -9999.0 -9999.0 -9999.0 -9999.0 -9999.0 -9999.0 -9999.0 -9999.0 -9999.0 -9999.0 -9999.0 -9999.0
 -9999.0 -9999.0 -9999.0 -9999.0 -9999.0     3.4     8.3     7.3     1.5    15.7    21.8    18.4    14.8    12.2    10.4     8.9     8.0     8.2    10.4    14.7    20.4    25.3    27.9    27.2    23.7    19.1    15.4    14.1    13.4    12.7    15.2    13.2    14.3    17.5    14.6    19.3    18.0    16.3    13.4    10.2     7.8     6.5     6.3     6.9     7.6     7.6     7.1    14.1    12.6    26.9    23.6    54.1    61.6    72.2    87.4    97.2   108.3   116.5   114.1   105.0    82.6    30.9    29.0    26.0    29.2    31.2    38.2    41.2    41.7    46.7    52.8    56.7    57.9    57.6    61.0    66.8    79.7    94.4   106.1   108.4   106.4   105.6   101.2   101.0   106.6   109.5    93.3    71.3    58.2    61.1    63.2    55.2    44.0    35.5 -9999.0 -9999.0 -9999.0    26.0 -9999.0 -9999.0 -9999.0 -9999.0 -9999.0 -9999.0 -9999.0 -9999.0 -9999.0 -9999.0 -9999.0 -9999.0 -9999.0 -9999.0 -9999.0 -9999.0 -9999.0 -9999.0 -9999.0 -9999.0 -9999.0 -9999.0 -9999.0 -9999.0 -9999.0 -9999.0 -9999.0 -9999.0 -9999.0 -9999.0
 -9999.0 -9999.0 -9999.0 -9999.0     3.2     0.7     0.2     1.0     1.3    14.6     9.1    11.4    12.4    13.3    11.8    10.2     9.4    10.2    13.9    20.2    27.0    32.0    33.5    30.6    25.0    18.7    14.7     2.4     8.2     8.2     8.8    11.9    14.5    14.9    19.0    19.2    18.7    18.2    17.2    13.2     9.0     6.9     6.1     5.7     5.5     4.9     3.8     3.2     3.4     2.8     5.2    20.8    43.1    63.6    63.8    73.1    82.1    99.5   104.1   105.3    92.3    68.1    51.9    34.6    28.5    37.7    46.5    43.4    57.3    55.8    59.1    68.5    73.1    71.9    70.5    70.0    72.0    77.4    81.0    90.1    87.9    81.0    82.9    85.0   101.9   100.1    79.8    62.9    56.5    64.6    71.8    61.7    45.4    33.6 -9999.0 -9999.0    25.5    26.7    25.6    39.9    23.1 -9999.0 -9999.0 -9999.0 -9999.0 -9999.0 -9999.0 -9999.0 -9999.0 -9999.0 -9999.0 -9999.0 -9999.0 -9999.0 -9999.0 -9999.0 -9999.0 -9999.0 -9999.0 -9999.0 -9999.0 -9999.0 -9999.0 -9999.0 -9999.0 -9999.0 -9999.0 -9999.0
 -9999.0 -9999.0 -9999.0 -9999.0     0.8     1.2     0.2     1.2     0.1     0.1     4.1     0.4     1.4     1.6     9.3     9.1     9.5    13.1    19.0    26.6    31.6    34.1    31.7    16.7     4.2     1.8     4.7     5.0     6.3     7.6     9.5    10.2    13.9    16.0    17.3    19.3    19.3    20.4    18.8    15.3    16.9     9.6     7.9     6.3     5.5     4.5     3.3     2.2     1.8     2.2     4.4    12.4    37.3    45.4    52.2    60.7    70.3    83.2    92.4    66.1    80.4    49.4    39.0    38.0    34.5    34.0    51.4    58.1    64.9    74.0    70.9    79.6    82.5    77.6    71.5    64.4    58.9    56.0    54.9    60.3    62.0    69.5    72.9    78.2    84.2    70.1    52.5    43.4    45.3    57.5    68.1    67.3    47.9    35.6    27.9    22.2    20.0    20.9    24.0 -9999.0 -9999.0 -9999.0 -9999.0 -9999.0 -9999.0 -9999.0 -9999.0 -9999.0 -9999.0 -9999.0 -9999.0 -9999.0 -9999.0 -9999.0 -9999.0 -9999.0 -9999.0 -9999.0 -9999.0 -9999.0 -9999.0 -9999.0 -9999.0 -9999.0 -9999.0 -9999.0 -9999.0 -9999.0
 -9999.0 -9999.0 -9999.0 -9999.0 -9999.0 -9999.0 -9999.0     0.7     0.2     0.7     0.1     0.1     0.9     0.7     0.9    11.5     6.4    13.7    19.0    17.0     7.8     3.3     2.9     3.7     4.3     4.8     4.3     4.7     5.7     6.1     8.2    10.6    13.4    15.4    17.2    20.1    21.6    23.3    26.2    28.4    20.7    32.6    30.2    20.9    12.5     6.9     7.2     4.9     5.8     3.8     5.5    12.7    27.5    55.1    55.4    50.2    57.5    66.2    85.0    74.5    82.6    56.4    46.9    45.3    46.9    43.8    59.7    80.5    86.6    86.2    78.9    79.9    78.0    65.9    54.7    45.1    40.8    38.6    38.8    48.7    53.7    64.4    69.9    66.7    53.8    37.0    24.9    21.6    26.6    38.3    50.8    55.8    53.6    44.7    33.3    28.0    21.1 -9999.0 -9999.0 -9999.0 -9999.0 -9999.0 -9999.0 -9999.0 -9999.0 -9999.0 -9999.0 -9999.0 -9999.0 -9999.0 -9999.0 -9999.0 -9999.0 -9999.0 -9999.0 -9999.0 -9999.0 -9999.0 -9999.0 -9999.0 -9999.0 -9999.0 -9999.0 -9999.0 -9999.0 -9999.0 -9999.0 -9999.0
 -9999.0 -9999.0 -9999.0 -9999.0 -9999.0 -9999.0 -9999.0     0.0     1.5     0.3     0.1     0.5     0.4     0.1     0.7     0.1     1.3     2.1     0.8     3.5     4.5     2.4     3.8     3.9     4.7     4.8     5.5     4.7     7.4     9.3     9.5    11.7    14.4    15.8    19.7    22.1    24.7    27.3    29.9    31.5    33.8    34.8    37.0    48.7    29.9    18.3    21.0    20.9    34.9    26.7    49.8    44.3    30.5    39.9    54.7    45.7    55.4    69.2    79.7    82.7    79.6    77.7    69.6    66.9    57.4    54.7    68.8    95.2   107.9    89.0    76.0    68.6    59.8    44.4    34.2    25.4    23.9    26.0    32.8    41.1    49.6    62.1    62.8    47.4    29.9    17.4    12.0    12.2    14.6    19.8    32.2    42.9    44.9    43.6    47.8    38.3 -9999.0 -9999.0 -9999.0 -9999.0 -9999.0 -9999.0 -9999.0 -9999.0 -9999.0 -9999.0 -9999.0 -9999.0 -9999.0 -9999.0 -9999.0 -9999.0 -9999.0 -9999.0 -9999.0 -9999.0 -9999.0 -9999.0 -9999.0 -9999.0 -9999.0 -9999.0 -9999.0 -9999.0 -9999.0 -9999.0 -9999.0 -9999.0
 -9999.0 -9999.0 -9999.0 -9999.0 -9999.0 -9999.0 -9999.0 -9999.0 -9999.0     0.4     0.6     1.0     0.3     0.5     1.0     2.0     1.1     0.2     1.2     0.6     1.9     4.3     4.9     5.1     5.6     6.5     6.2     7.0     9.6     8.6    14.0    15.0    17.3    18.9    23.0    25.5    28.1    31.1    33.9    37.8    39.3    43.2    43.2    41.3    47.6    47.9    48.9    47.6    49.0    48.0    53.7    45.4    39.7    38.6    52.8    46.7    55.6    68.3    76.6    77.1    76.9    78.4    80.2    78.6    69.1    62.5    78.3   109.7   118.1    95.7    73.7    51.3    41.9    30.4    21.1    24.7    21.2    20.7    26.6    38.5    50.1    55.6    43.6    28.7    17.1    10.8     9.1     9.8    10.3    11.8    20.5    30.4    31.9    37.8    44.9 -9999.0 -9999.0 -9999.0 -9999.0 -9999.0 -9999.0 -9999.0 -9999.0 -9999.0 -9999.0 -9999.0 -9999.0 -9999.0 -9999.0 -9999.0 -9999.0 -9999.0 -9999.0 -9999.0 -9999.0 -9999.0 -9999.0 -9999.0 -9999.0 -9999.0 -9999.0 -9999.0 -9999.0 -9999.0 -9999.0 -9999.0 -9999.0 -9999.0
 -9999.0 -9999.0 -9999.0 -9999.0 -9999.0 -9999.0 -9999.0 -9999.0 -9999.0 -9999.0 -9999.0     0.4     4.2     0.5     1.3     1.1     1.8     2.9     3.8     3.2     2.0     4.2     4.1     6.0     3.3     5.6     5.7     7.1     9.4    12.6    15.1    15.3    20.2    22.5    25.8    26.9    31.4    35.0    41.5    43.6    49.9    50.4    49.7    49.7    67.0    58.1    79.9    70.1    75.5    69.1    53.9    50.4    47.1    50.3    58.6    55.3    60.8    70.7    73.4    71.6    71.1    72.8    78.2    78.5    70.8    61.8    84.5   113.7   123.0   109.3    72.4    47.3    31.2    25.8    32.3    30.8    25.4    19.0    24.1    35.4    47.3    44.9    32.9    20.2    12.4     9.7    10.0    10.3    10.6    12.7    17.6    22.3    26.2    32.4    40.8 -9999.0 -9999.0 -9999.0 -9999.0 -9999.0 -9999.0 -9999.0 -9999.0 -9999.0 -9999.0 -9999.0 -9999.0 -9999.0 -9999.0 -9999.0 -9999.0 -9999.0 -9999.0 -9999.0 -9999.0 -9999.0 -9999.0 -9999.0 -9999.0 -9999.0 -9999.0 -9999.0 -9999.0 -9999.0 -9999.0 -9999.0 -9999.0 -9999.0
 -9999.0 -9999.0 -9999.0 -9999.0 -9999.0 -9999.0 -9999.0 -9999.0 -9999.0 -9999.0 -9999.0 -9999.0     5.4     6.4     1.5     4.1     0.8     3.3     3.7     1.2     7.4     6.0     5.9     7.7     1.8     7.5    10.4     8.8    11.8    11.3    17.2    20.7    23.3    23.8    26.6    30.4    33.2    38.4    42.6    46.2    50.0    53.5    56.3    64.9    68.5    77.5    90.3    78.0    82.5    81.0    90.1    78.5    60.9    51.3    54.9    61.7    68.9    78.2    71.0    73.3    66.9    68.2    67.6    67.0    63.3    65.6    65.7    97.9   123.1   123.7    67.1    28.3    24.4    27.3    25.6    29.5    17.8    19.3    25.0    34.0    38.0    34.6    26.2    18.1    12.7    10.8    11.2    12.0    13.5    18.1    24.8    28.2    31.1    33.2    37.8    41.4    44.5 -9999.0 -9999.0 -9999.0 -9999.0 -9999.0 -9999.0 -9999.0 -9999.0 -9999.0 -9999.0 -9999.0 -9999.0 -9999.0 -9999.0 -9999.0 -9999.0 -9999.0 -9999.0 -9999.0 -9999.0 -9999.0 -9999.0 -9999.0 -9999.0 -9999.0 -9999.0 -9999.0 -9999.0 -9999.0 -9999.0 -9999.0
 -9999.0 -9999.0 -9999.0 -9999.0 -9999.0 -9999.0 -9999.0 -9999.0 -9999.0 -9999.0 -9999.0 -9999.0     1.0    13.8    18.4     5.6    15.1    10.8     4.2     5.9     6.6     5.1     6.2     9.4    13.2    11.1    12.3    17.1    16.8    21.9    21.5    21.4    26.1    28.7    29.9    33.3    35.7    40.9    46.3    51.0    53.8    57.5    70.3    66.4    81.3    97.4    88.4    86.3    71.2    89.9    85.8    88.1    70.0    70.8    58.2    69.4    72.8    83.1    79.7    76.3    71.6    68.1    68.2    68.6    56.6    58.4    73.1   114.0   138.0   135.0   125.9   116.8    94.4    47.3    34.6    24.5    21.7    28.8    31.4    36.6    37.4    33.2    28.0    22.0    17.2    14.4    14.9    17.9    22.0    30.2    40.5    49.8    53.5    49.7    45.2    48.6    57.6 -9999.0 -9999.0 -9999.0 -9999.0 -9999.0 -9999.0 -9999.0 -9999.0 -9999.0 -9999.0 -9999.0 -9999.0 -9999.0 -9999.0 -9999.0 -9999.0 -9999.0 -9999.0 -9999.0 -9999.0 -9999.0 -9999.0 -9999.0 -9999.0 -9999.0 -9999.0 -9999.0 -9999.0 -9999.0 -9999.0 -9999.0
 -9999.0 -9999.0 -9999.0 -9999.0 -9999.0 -9999.0 -9999.0 -9999.0 -9999.0 -9999.0 -9999.0 -9999.0 -9999.0    11.4     4.6    25.3    12.6    19.0    19.6    17.5    12.7    16.3     9.1    15.8    14.3     8.7    10.4    10.4    16.7    21.7    28.8    32.5    29.4    30.8    35.5    36.2    38.6    42.7    50.9    55.7    60.9    69.4    74.9    91.0    88.7    87.0   102.4   115.3   119.3   114.2   110.9    94.5    87.5   118.3    99.0    91.1    90.0   102.6   117.6   109.9   103.4    87.8    80.0    60.4    62.2    62.2    80.3   141.0   170.8   162.9   109.6    90.4    88.9    74.9    65.8    47.5    40.6    39.2    41.1    42.2    43.7    45.4    43.1    36.7    28.9    23.1    24.4    32.1    43.8    56.5    72.0    90.9   100.5    93.0    82.7    87.3    99.3 -9999.0 -9999.0 -9999.0 -9999.0 -9999.0 -9999.0 -9999.0 -9999.0 -9999.0 -9999.0 -9999.0 -9999.0 -9999.0 -9999.0 -9999.0 -9999.0 -9999.0 -9999.0 -9999.0 -9999.0 -9999.0 -9999.0 -9999.0 -9999.0 -9999.0 -9999.0 -9999.0 -9999.0 -9999.0 -9999.0 -9999.0
 -9999.0 -9999.0 -9999.0 -9999.0 -9999.0 -9999.0 -9999.0 -9999.0 -9999.0 -9999.0 -9999.0 -9999.0    15.7     6.4    10.4    25.3     9.2    16.8    17.0    29.9    26.7    23.3    17.8    18.8    20.2    12.2    16.0    21.7    25.6    28.3    34.4    42.2    34.9    39.2    37.3    38.7    39.0    44.8    49.8    55.4    68.7    84.7   101.8    89.9   104.4   113.3   109.4   100.3   114.7   123.5   148.2   161.7   127.3   132.9   114.2   111.7   126.8   113.3   136.5   134.6   134.1   126.5   100.0    91.7    69.5    79.7   227.1   222.2   191.1   176.8   173.2   151.6   128.8   114.4   108.3    96.1    86.4    74.8    64.9    61.5    66.4    72.2    73.0    64.5    49.0    38.5    42.0    56.6    76.1    89.8   107.9   138.6   171.8   165.5   165.5   169.9   169.5   168.7 -9999.0 -9999.0 -9999.0 -9999.0 -9999.0 -9999.0 -9999.0 -9999.0 -9999.0 -9999.0 -9999.0 -9999.0 -9999.0 -9999.0 -9999.0 -9999.0 -9999.0 -9999.0 -9999.0 -9999.0 -9999.0 -9999.0 -9999.0 -9999.0 -9999.0 -9999.0 -9999.0 -9999.0 -9999.0 -9999.0
 -9999.0 -9999.0 -9999.0 -9999.0 -9999.0 -9999.0 -9999.0 -9999.0 -9999.0 -9999.0 -9999.0 -9999.0    13.4    46.7    36.8     7.6    12.3    37.2    36.4    22.8    35.4    22.4    21.4    21.1    25.0    27.5    27.9    31.0    34.7    42.9    49.1    50.7    44.6    51.1    46.8    42.0    44.1    47.0    52.4    57.0    64.1    72.8    84.5    99.6   114.3   130.3   156.7   157.2   156.4   120.4   136.8   174.4   148.7   134.1   130.4   119.9   140.8   156.9   158.9   174.1   173.4   163.7   110.1    85.4    85.0   204.3   170.4   234.2   193.9   173.8   175.1   175.6   171.2   169.8   149.8   137.0   129.1   107.2    91.8    84.5    88.6    96.2    99.8    91.6    74.3    62.2    66.6    84.1   105.9   112.1   114.4   143.4   192.2   199.0   211.3   209.2   196.6   192.3   191.9 -9999.0 -9999.0 -9999.0 -9999.0 -9999.0 -9999.0 -9999.0 -9999.0 -9999.0 -9999.0 -9999.0 -9999.0 -9999.0 -9999.0 -9999.0 -9999.0 -9999.0 -9999.0 -9999.0 -9999.0 -9999.0 -9999.0 -9999.0 -9999.0 -9999.0 -9999.0 -9999.0 -9999.0 -9999.0
 -9999.0 -9999.0 -9999.0 -9999.0 -9999.0 -9999.0 -9999.0 -9999.0 -9999.0 -9999.0 -9999.0 -9999.0    73.3    29.7    64.4    51.7    51.9    20.4    34.6    31.5    16.0    14.3    25.1    18.7    23.5    17.6    24.2    21.7    41.1    48.6    56.9    51.2    64.8    65.2    56.7    48.0    47.5    51.9    58.9    64.2    72.2    81.4   107.4    95.9   125.8   161.5   181.8   168.2   138.8   150.7   171.7   160.0   233.0   228.8   186.9   122.8   155.4   175.5   187.4   171.1   167.9   156.9   171.0   103.4   151.8   318.5   275.0   206.7   155.4   156.5   172.7   192.6   197.4   194.8   169.4   156.4   130.7   134.8   115.5   103.6   103.3   110.4   119.7   122.3   113.9   106.1   108.2   159.4   128.7   131.4   119.8   126.0   147.0   169.2   184.9   175.1   166.7   175.6   189.5   200.8 -9999.0 -9999.0 -9999.0 -9999.0 -9999.0 -9999.0 -9999.0 -9999.0 -9999.0 -9999.0 -9999.0 -9999.0 -9999.0 -9999.0 -9999.0 -9999.0 -9999.0 -9999.0 -9999.0 -9999.0 -9999.0 -9999.0 -9999.0 -9999.0 -9999.0 -9999.0 -9999.0 -9999.0
 -9999.0 -9999.0 -9999.0 -9999.0 -9999.0 -9999.0 -9999.0 -9999.0 -9999.0 -9999.0 -9999.0 -9999.0 -9999.0    16.6    25.6    62.9    53.5    59.0    35.3    27.9    11.7    26.8    19.2    16.4    28.4    26.7    31.2    38.7    38.9    58.5    54.0    65.9    67.9    73.8    62.7    50.0    51.4    62.6    70.5    79.8    89.0   108.6   130.9   142.2   132.3   145.7   176.2   130.9   190.5   190.3   162.1   221.7   204.4   153.2   208.4   202.1   138.2   154.8   188.1   220.9   200.3   229.8   170.3   123.4   308.7   343.9   278.8   193.8   157.0   152.9   175.5   181.7   197.8   156.6   180.8   162.1   166.5   160.7   142.7   123.6   120.8   132.6   150.5   169.0   171.7   163.0   166.2   256.4   273.9   217.4   173.2   157.2   149.8   154.3   168.7   187.4   157.9   175.6   197.1 -9999.0 -9999.0 -9999.0 -9999.0 -9999.0 -9999.0 -9999.0 -9999.0 -9999.0 -9999.0 -9999.0 -9999.0 -9999.0 -9999.0 -9999.0 -9999.0 -9999.0 -9999.0 -9999.0 -9999.0 -9999.0 -9999.0 -9999.0 -9999.0 -9999.0 -9999.0 -9999.0 -9999.0 -9999.0
 -9999.0 -9999.0 -9999.0 -9999.0 -9999.0 -9999.0 -9999.0 -9999.0 -9999.0 -9999.0 -9999.0 -9999.0 -9999.0   131.5    39.1    75.7    36.0    73.9    62.9    45.9    18.8    18.8    17.0    21.1    38.5    31.7    31.8    43.4    46.3    33.2    47.9    60.6    78.0    76.5    64.1    60.7    67.1    77.7    85.5    92.1   109.0   123.4   139.4   152.4   181.7   164.8   168.4   128.3   151.2   162.6   202.5   142.8   201.3   226.8   236.2   207.2   156.1   165.8   203.2   142.8   206.7   138.0   155.7   236.8   289.3   305.4   248.1   193.7   171.4   180.4   184.3   178.7   172.5   185.1   198.5   216.4   210.1   196.5   159.5   146.5   150.1   168.3   189.6   206.6   210.5   205.6   215.9   250.5   307.7   294.1   286.2   245.4   231.0   232.5   225.9   213.8   211.9   234.7   232.1 -9999.0 -9999.0 -9999.0 -9999.0 -9999.0 -9999.0 -9999.0 -9999.0 -9999.0 -9999.0 -9999.0 -9999.0 -9999.0 -9999.0 -9999.0 -9999.0 -9999.0 -9999.0 -9999.0 -9999.0 -9999.0 -9999.0 -9999.0 -9999.0 -9999.0 -9999.0 -9999.0 -9999.0 -9999.0
 -9999.0 -9999.0 -9999.0 -9999.0 -9999.0 -9999.0 -9999.0 -9999.0 -9999.0 -9999.0 -9999.0 -9999.0 -9999.0 -9999.0 -9999.0    85.3    93.6    67.9    74.5    77.0    34.8    43.6    41.6    34.2    28.9    30.5    18.8    30.4    25.8    47.7    50.8    64.7    59.7    66.9    72.6    65.6    70.1    98.3   106.1   113.2   117.9   132.1   146.9   155.2   138.1   117.1   148.3    89.3   144.2    79.4   143.1   227.4   172.6   181.2    90.7   184.2   190.4   112.1   226.1   238.7   148.5   161.6   198.8   206.5   227.4   235.1   214.4   194.4   191.9   198.1   187.9   166.2   201.3   219.8   230.9   275.5   272.4   239.2   206.1   171.9   178.5   194.9   210.3   220.7   224.0   223.3   232.9   277.9   318.7   364.4   390.6   420.1   385.5   430.1   374.4   278.7   287.6 -9999.0   270.0 -9999.0 -9999.0 -9999.0 -9999.0 -9999.0 -9999.0 -9999.0 -9999.0 -9999.0 -9999.0 -9999.0 -9999.0 -9999.0 -9999.0 -9999.0 -9999.0 -9999.0 -9999.0 -9999.0 -9999.0 -9999.0 -9999.0 -9999.0 -9999.0 -9999.0 -9999.0 -9999.0 -9999.0 -9999.0
 -9999.0 -9999.0 -9999.0 -9999.0 -9999.0 -9999.0 -9999.0 -9999.0 -9999.0 -9999.0 -9999.0 -9999.0 -9999.0 -9999.0 -9999.0 -9999.0 -9999.0   295.4   182.8 -9999.0   119.0    49.0    66.1    57.7    34.0    35.2    20.4    29.2    41.6    36.1    50.1    69.9    54.4    85.0    88.5    77.5    76.4   111.8   110.6   114.1   117.9   126.7   138.8   144.6   118.1   113.0    72.7   161.9    89.9   128.6    55.4   117.8    53.8   169.0   188.2   199.5   169.0   226.7   229.4   239.3   153.1   160.2   150.8   154.1   165.7   177.4   181.1   182.2   191.4   198.4   158.4   199.4   212.0   201.4   264.7   306.4   303.0   260.3   218.5   180.5   185.8   194.6   206.3   219.6   234.2   242.5   253.5   280.1   344.8   402.1   476.5   507.8   415.9   408.1   427.1   433.1   309.4   337.3   373.4   353.9   333.2 -9999.0 -9999.0 -9999.0 -9999.0 -9999.0 -9999.0 -9999.0 -9999.0 -9999.0 -9999.0 -9999.0 -9999.0 -9999.0 -9999.0 -9999.0 -9999.0 -9999.0 -9999.0 -9999.0 -9999.0 -9999.0 -9999.0 -9999.0 -9999.0 -9999.0 -9999.0 -9999.0
 -9999.0 -9999.0 -9999.0 -9999.0 -9999.0 -9999.0 -9999.0 -9999.0 -9999.0 -9999.0 -9999.0 -9999.0 -9999.0 -9999.0 -9999.0 -9999.0 -9999.0 -9999.0 -9999.0 -9999.0 -9999.0    91.9    60.8    30.6    42.2    62.2    53.8    48.1    42.4    52.1    51.3    78.6    82.7    81.2    80.4    74.1    83.8    96.8   105.1   105.1   101.8   108.9   121.2   129.8   117.7   123.0    74.6    84.0   160.5   268.1   113.7   200.4   194.7   106.8   150.3   198.3   211.2   199.4   254.6   233.2   164.6   162.6   114.3   113.7   129.9   152.5   165.8   173.1   164.0   159.9   148.8   179.1   172.5   154.8   194.6   236.6   221.1   169.4   172.2   176.8   180.8   189.5   204.9   231.0   291.7   275.1   293.5   328.5   372.3   409.8   470.6   438.5   555.9   594.9   365.0   332.2   338.6   369.6   422.3   329.0 -9999.0 -9999.0 -9999.0 -9999.0 -9999.0 -9999.0 -9999.0 -9999.0 -9999.0 -9999.0 -9999.0 -9999.0 -9999.0 -9999.0 -9999.0 -9999.0 -9999.0 -9999.0 -9999.0 -9999.0 -9999.0 -9999.0 -9999.0 -9999.0 -9999.0 -9999.0 -9999.0 -9999.0
 -9999.0 -9999.0 -9999.0 -9999.0 -9999.0 -9999.0 -9999.0 -9999.0 -9999.0 -9999.0 -9999.0 -9999.0 -9999.0 -9999.0 -9999.0 -9999.0 -9999.0 -9999.0 -9999.0 -9999.0 -9999.0 -9999.0 -9999.0   155.3    72.7    69.5    62.2    50.6    34.5    46.6    45.2    49.3    45.3    59.4    60.0    65.2    70.2    76.9    73.5    71.8    73.9    84.8    93.0   103.2   108.1    85.4    87.2    77.4    61.6    53.7    71.6   151.3    87.1   120.0   112.4    90.8   175.1   213.4   183.1   226.5   219.7   221.0   201.2   131.1   137.9   150.2   161.6   163.4   186.6   140.1   176.2   152.9   138.5   155.9   133.2   144.2   168.2   151.0   149.1   171.2   188.1   203.6   220.3   255.3   293.4   366.2   327.1   385.0   394.4   419.5   477.9   504.6   378.3   432.3   344.9   302.8   312.1   380.9   309.8 -9999.0 -9999.0 -9999.0 -9999.0 -9999.0 -9999.0 -9999.0 -9999.0 -9999.0 -9999.0 -9999.0 -9999.0 -9999.0 -9999.0 -9999.0 -9999.0 -9999.0 -9999.0 -9999.0 -9999.0 -9999.0 -9999.0 -9999.0 -9999.0 -9999.0 -9999.0 -9999.0 -9999.0 -9999.0
 -9999.0 -9999.0 -9999.0 -9999.0 -9999.0 -9999.0 -9999.0 -9999.0 -9999.0 -9999.0 -9999.0 -9999.0 -9999.0 -9999.0 -9999.0 -9999.0 -9999.0 -9999.0 -9999.0 -9999.0 -9999.0 -9999.0 -9999.0 -9999.0 -9999.0   205.6   103.4    25.2    28.9    23.0    35.7    52.7    59.6    54.8    57.2    54.1    53.3    53.7    50.7    44.1    51.7    55.5    81.5    88.4    90.4    82.8    81.7    71.3    94.2    68.5   135.9   113.6   142.5   133.8    77.9    89.1   141.6   154.0   195.9   207.1   221.7   227.3   219.9   135.4   150.0   157.3   169.6   204.3   218.6   205.9   146.1   127.3    97.8   137.8   142.4   121.0   117.2   134.7   179.3   183.6   216.4   237.9   229.0   239.2   280.4   276.7   308.1   329.9   347.5   379.6   411.0   379.9   369.3   474.4   347.4   367.9   257.7   289.2 -9999.0 -9999.0 -9999.0 -9999.0 -9999.0 -9999.0 -9999.0 -9999.0 -9999.0 -9999.0 -9999.0 -9999.0 -9999.0 -9999.0 -9999.0 -9999.0 -9999.0 -9999.0 -9999.0 -9999.0 -9999.0 -9999.0 -9999.0 -9999.0 -9999.0 -9999.0 -9999.0 -9999.0 -9999.0 -9999.0
 -9999.0 -9999.0 -9999.0 -9999.0 -9999.0 -9999.0 -9999.0 -9999.0 -9999.0 -9999.0 -9999.0 -9999.0 -9999.0 -9999.0 -9999.0 -9999.0 -9999.0 -9999.0 -9999.0 -9999.0 -9999.0 -9999.0 -9999.0 -9999.0 -9999.0 -9999.0 -9999.0   207.6   186.2    84.9    73.3    70.3    39.6    69.6    48.6    77.2    40.4    35.3    39.4    26.6    28.5    41.3    68.7    79.9    80.6    78.3    74.5    72.2    70.7    74.5    72.5    74.0    91.4    76.8    75.9    99.1   101.4   134.1   167.8   187.7   219.9   204.5   187.4   177.1   173.6   166.7   166.4   161.0   155.7   147.7   124.5   136.7    91.9   118.8   114.5   121.2   144.9   144.0   139.0   164.1   211.5   225.3   208.7   213.1   203.2   216.9   241.2   295.0   264.4   293.0   368.6   441.0   347.0   316.9   382.3   332.4   249.1 -9999.0 -9999.0 -9999.0 -9999.0 -9999.0 -9999.0 -9999.0 -9999.0 -9999.0 -9999.0 -9999.0 -9999.0 -9999.0 -9999.0 -9999.0 -9999.0 -9999.0 -9999.0 -9999.0 -9999.0 -9999.0 -9999.0 -9999.0 -9999.0 -9999.0 -9999.0 -9999.0 -9999.0 -9999.0 -9999.0 -9999.0
 -9999.0 -9999.0 -9999.0 -9999.0 -9999.0 -9999.0 -9999.0 -9999.0 -9999.0 -9999.0 -9999.0 -9999.0 -9999.0 -9999.0 -9999.0 -9999.0 -9999.0 -9999.0 -9999.0 -9999.0 -9999.0 -9999.0 -9999.0 -9999.0 -9999.0 -9999.0 -9999.0 -9999.0 -9999.0 -9999.0 -9999.0 -9999.0 -9999.0    89.9    46.0 -9999.0 -9999.0 -9999.0    47.2    23.7    37.1    50.7    52.2    69.6    70.8    71.6 -9999.0 -9999.0 -9999.0 -9999.0 -9999.0 -9999.0    76.6    97.2    64.8    76.8   103.7   142.1   163.8   193.3   195.4   178.4   173.1   164.2   160.3   158.9   166.0   179.7   171.2   139.2   118.4   133.0   131.7   107.4   132.7   136.4   141.3   136.0   129.9   128.2   134.9   151.4   167.0   166.3   174.5   159.0   164.4   182.5   234.2   205.1   272.0   294.1   254.6   256.2   299.2   244.8   194.1 -9999.0 -9999.0 -9999.0 -9999.0 -9999.0 -9999.0 -9999.0 -9999.0 -9999.0 -9999.0 -9999.0 -9999.0 -9999.0 -9999.0 -9999.0 -9999.0 -9999.0 -9999.0 -9999.0 -9999.0 -9999.0 -9999.0 -9999.0 -9999.0 -9999.0 -9999.0 -9999.0 -9999.0 -9999.0 -9999.0 -9999.0
 -9999.0 -9999.0 -9999.0 -9999.0 -9999.0 -9999.0 -9999.0 -9999.0 -9999.0 -9999.0 -9999.0 -9999.0 -9999.0 -9999.0 -9999.0 -9999.0 -9999.0 -9999.0 -9999.0 -9999.0 -9999.0 -9999.0 -9999.0 -9999.0 -9999.0 -9999.0 -9999.0 -9999.0 -9999.0 -9999.0 -9999.0 -9999.0 -9999.0 -9999.0 -9999.0 -9999.0 -9999.0 -9999.0 -9999.0    62.0    58.4    57.9    58.7    60.3 -9999.0 -9999.0 -9999.0 -9999.0 -9999.0 -9999.0 -9999.0 -9999.0    82.9   104.9    83.3    81.6   106.2   143.8   181.1   196.2   186.1   159.2   142.5   144.4   148.0   156.1   173.6   181.1   177.0   193.8   186.0   167.0   137.9   145.4   147.2   150.9   136.4   137.7   128.5   110.3    98.9   109.2   134.0   176.4   149.5   124.6   134.0   152.7   126.8   156.6   182.0   205.2   219.1   271.4   271.2   192.4 -9999.0 -9999.0 -9999.0 -9999.0 -9999.0 -9999.0 -9999.0 -9999.0 -9999.0 -9999.0 -9999.0 -9999.0 -9999.0 -9999.0 -9999.0 -9999.0 -9999.0 -9999.0 -9999.0 -9999.0 -9999.0 -9999.0 -9999.0 -9999.0 -9999.0 -9999.0 -9999.0 -9999.0 -9999.0 -9999.0 -9999.0 -9999.0
 -9999.0 -9999.0 -9999.0 -9999.0 -9999.0 -9999.0 -9999.0 -9999.0 -9999.0 -9999.0 -9999.0 -9999.0 -9999.0 -9999.0 -9999.0 -9999.0 -9999.0 -9999.0 -9999.0 -9999.0 -9999.0 -9999.0 -9999.0 -9999.0 -9999.0 -9999.0 -9999.0 -9999.0 -9999.0 -9999.0 -9999.0 -9999.0 -9999.0 -9999.0 -9999.0 -9999.0 -9999.0 -9999.0 -9999.0 -9999.0 -9999.0 -9999.0 -9999.0 -9999.0 -9999.0 -9999.0 -9999.0 -9999.0 -9999.0 -9999.0 -9999.0 -9999.0    68.3   112.6    91.1   103.6   100.3   133.1   175.6   193.6   177.8   147.3   137.1   135.8   152.0   168.7   174.8   172.2   179.7   204.9   223.8   223.0   231.4   197.6   193.8   200.2   159.4   163.5   158.8   138.3   127.1   134.8   144.7   180.4   163.0   142.0   126.6   119.2   118.6   139.6   178.2   251.7   239.3   275.7   229.2 -9999.0 -9999.0 -9999.0 -9999.0 -9999.0 -9999.0 -9999.0 -9999.0 -9999.0 -9999.0 -9999.0 -9999.0 -9999.0 -9999.0 -9999.0 -9999.0 -9999.0 -9999.0 -9999.0 -9999.0 -9999.0 -9999.0 -9999.0 -9999.0 -9999.0 -9999.0 -9999.0 -9999.0 -9999.0 -9999.0 -9999.0 -9999.0 -9999.0
 -9999.0 -9999.0 -9999.0 -9999.0 -9999.0 -9999.0 -9999.0 -9999.0 -9999.0 -9999.0 -9999.0 -9999.0 -9999.0 -9999.0 -9999.0 -9999.0 -9999.0 -9999.0 -9999.0 -9999.0 -9999.0 -9999.0 -9999.0 -9999.0 -9999.0 -9999.0 -9999.0 -9999.0 -9999.0 -9999.0 -9999.0 -9999.0 -9999.0 -9999.0 -9999.0 -9999.0 -9999.0 -9999.0 -9999.0 -9999.0 -9999.0 -9999.0 -9999.0 -9999.0 -9999.0 -9999.0 -9999.0 -9999.0 -9999.0 -9999.0 -9999.0   103.8   101.4   113.7    62.0    76.0    82.8   127.3   164.1   156.6   158.2   132.7   125.4   141.0   168.4   186.2   159.4   125.7   164.4   206.2   249.9   264.1   246.9   253.5   273.8   279.3   219.7   233.0   192.0   181.0   166.2   163.1   224.4   180.8   161.2   149.3   188.5   153.9   173.9   178.2   269.6   269.3   278.2   227.7   178.2 -9999.0 -9999.0 -9999.0 -9999.0 -9999.0 -9999.0 -9999.0 -9999.0 -9999.0 -9999.0 -9999.0 -9999.0 -9999.0 -9999.0 -9999.0 -9999.0 -9999.0 -9999.0 -9999.0 -9999.0 -9999.0 -9999.0 -9999.0 -9999.0 -9999.0 -9999.0 -9999.0 -9999.0 -9999.0 -9999.0 -9999.0 -9999.0 -9999.0
 -9999.0 -9999.0 -9999.0 -9999.0 -9999.0 -9999.0 -9999.0 -9999.0 -9999.0 -9999.0 -9999.0 -9999.0 -9999.0 -9999.0 -9999.0 -9999.0 -9999.0 -9999.0 -9999.0 -9999.0 -9999.0 -9999.0 -9999.0 -9999.0 -9999.0 -9999.0 -9999.0 -9999.0 -9999.0 -9999.0 -9999.0 -9999.0 -9999.0 -9999.0 -9999.0 -9999.0 -9999.0 -9999.0 -9999.0 -9999.0 -9999.0 -9999.0 -9999.0 -9999.0 -9999.0 -9999.0 -9999.0 -9999.0 -9999.0 -9999.0   101.1   141.0   133.8   118.4    77.8    74.0    59.8    75.2   133.1   158.4   143.2   118.4   117.8   141.1   177.6   173.4   150.8   122.5   160.8   207.0   254.1   245.3   253.3   292.2   301.9   282.6   304.7   230.0   233.2   209.6   204.1   189.5   188.0   171.4   195.7   176.3   205.8   194.9   227.6   264.9   305.7   328.1   260.4   191.3   124.5 -9999.0 -9999.0 -9999.0 -9999.0 -9999.0 -9999.0 -9999.0 -9999.0 -9999.0 -9999.0 -9999.0 -9999.0 -9999.0 -9999.0 -9999.0 -9999.0 -9999.0 -9999.0 -9999.0 -9999.0 -9999.0 -9999.0 -9999.0 -9999.0 -9999.0 -9999.0 -9999.0 -9999.0 -9999.0 -9999.0 -9999.0 -9999.0 -9999.0
 -9999.0 -9999.0 -9999.0 -9999.0 -9999.0 -9999.0 -9999.0 -9999.0 -9999.0 -9999.0 -9999.0 -9999.0 -9999.0 -9999.0 -9999.0 -9999.0 -9999.0 -9999.0 -9999.0 -9999.0 -9999.0 -9999.0 -9999.0 -9999.0 -9999.0 -9999.0 -9999.0 -9999.0 -9999.0 -9999.0 -9999.0 -9999.0 -9999.0 -9999.0 -9999.0 -9999.0 -9999.0 -9999.0 -9999.0 -9999.0 -9999.0 -9999.0 -9999.0 -9999.0 -9999.0 -9999.0 -9999.0 -9999.0 -9999.0 -9999.0   109.9   171.8   175.6   142.4   110.9    78.6    70.3    98.7   124.0   123.0   110.1   102.1   108.9   136.0   166.2   135.9   124.5   124.0   160.5   201.8   230.3   232.4   241.1   270.7   272.9   262.0   257.9   257.3   236.2   221.9   215.9   222.1   207.9   195.7   218.1   206.7   213.5   233.2   263.4   301.0   344.8   298.3   232.3   153.3 -9999.0 -9999.0 -9999.0 -9999.0 -9999.0 -9999.0 -9999.0 -9999.0 -9999.0 -9999.0 -9999.0 -9999.0 -9999.0 -9999.0 -9999.0 -9999.0 -9999.0 -9999.0 -9999.0 -9999.0 -9999.0 -9999.0 -9999.0 -9999.0 -9999.0 -9999.0 -9999.0 -9999.0 -9999.0 -9999.0 -9999.0 -9999.0 -9999.0 -9999.0
 -9999.0 -9999.0 -9999.0 -9999.0 -9999.0 -9999.0 -9999.0 -9999.0 -9999.0 -9999.0 -9999.0 -9999.0 -9999.0 -9999.0 -9999.0 -9999.0 -9999.0 -9999.0 -9999.0 -9999.0 -9999.0 -9999.0 -9999.0 -9999.0 -9999.0 -9999.0 -9999.0 -9999.0 -9999.0 -9999.0 -9999.0 -9999.0 -9999.0 -9999.0 -9999.0 -9999.0 -9999.0 -9999.0 -9999.0 -9999.0 -9999.0 -9999.0 -9999.0 -9999.0 -9999.0 -9999.0 -9999.0 -9999.0 -9999.0 -9999.0   106.3   167.8   194.5   186.8   157.6   119.7   119.9   101.2   119.6    94.8    99.0    96.9   101.1   121.6   144.9   146.2   132.5   142.6   168.6   196.2   206.0   234.8   222.9   236.0   204.3   198.9   217.7   237.5   240.5   235.8   229.7   220.1   213.1   224.0   245.2   227.4   221.5   237.6   278.1   303.7   345.6   279.8 -9999.0 -9999.0 -9999.0 -9999.0 -9999.0 -9999.0 -9999.0 -9999.0 -9999.0 -9999.0 -9999.0 -9999.0 -9999.0 -9999.0 -9999.0 -9999.0 -9999.0 -9999.0 -9999.0 -9999.0 -9999.0 -9999.0 -9999.0 -9999.0 -9999.0 -9999.0 -9999.0 -9999.0 -9999.0 -9999.0 -9999.0 -9999.0 -9999.0 -9999.0 -9999.0 -9999.0
 -9999.0 -9999.0 -9999.0 -9999.0 -9999.0 -9999.0 -9999.0 -9999.0 -9999.0 -9999.0 -9999.0 -9999.0 -9999.0 -9999.0 -9999.0 -9999.0 -9999.0 -9999.0 -9999.0 -9999.0 -9999.0 -9999.0 -9999.0 -9999.0 -9999.0 -9999.0 -9999.0 -9999.0 -9999.0 -9999.0 -9999.0 -9999.0 -9999.0 -9999.0 -9999.0 -9999.0 -9999.0 -9999.0 -9999.0 -9999.0 -9999.0 -9999.0 -9999.0 -9999.0 -9999.0 -9999.0 -9999.0 -9999.0 -9999.0 -9999.0   140.0   204.6   226.7   236.7   209.1   172.9   123.6   117.7   118.6   106.9   117.9   108.5   108.9   117.4   132.8   142.9   149.0   153.0   159.9   158.7   170.7   198.2   222.8   205.6   165.0   166.4   193.4   235.2   251.4   252.4   230.4   212.8   203.0   233.1   249.5   257.4   287.5   298.7   338.5   353.1   312.9 -9999.0 -9999.0 -9999.0 -9999.0 -9999.0 -9999.0 -9999.0 -9999.0 -9999.0 -9999.0 -9999.0 -9999.0 -9999.0 -9999.0 -9999.0 -9999.0 -9999.0 -9999.0 -9999.0 -9999.0 -9999.0 -9999.0 -9999.0 -9999.0 -9999.0 -9999.0 -9999.0 -9999.0 -9999.0 -9999.0 -9999.0 -9999.0 -9999.0 -9999.0 -9999.0 -9999.0 -9999.0
 -9999.0 -9999.0 -9999.0 -9999.0 -9999.0 -9999.0 -9999.0 -9999.0 -9999.0 -9999.0 -9999.0 -9999.0 -9999.0 -9999.0 -9999.0 -9999.0 -9999.0 -9999.0 -9999.0 -9999.0 -9999.0 -9999.0 -9999.0 -9999.0 -9999.0 -9999.0 -9999.0 -9999.0 -9999.0 -9999.0 -9999.0 -9999.0 -9999.0 -9999.0 -9999.0 -9999.0 -9999.0 -9999.0 -9999.0 -9999.0 -9999.0 -9999.0 -9999.0 -9999.0 -9999.0 -9999.0 -9999.0 -9999.0 -9999.0 -9999.0 -9999.0 -9999.0 -9999.0   251.9   239.1   195.1   153.1   140.0   117.2   142.4   202.8   140.7   144.7   134.8   134.7   135.8   140.0   136.3   128.0   115.7   120.3   165.3   208.4   195.7   160.1   153.9   179.5   225.1   254.4   230.7   190.5   166.7   179.3   221.9   257.9   291.5   351.3   416.0   424.1   399.3 -9999.0 -9999.0 -9999.0 -9999.0 -9999.0 -9999.0 -9999.0 -9999.0 -9999.0 -9999.0 -9999.0 -9999.0 -9999.0 -9999.0 -9999.0 -9999.0 -9999.0 -9999.0 -9999.0 -9999.0 -9999.0 -9999.0 -9999.0 -9999.0 -9999.0 -9999.0 -9999.0 -9999.0 -9999.0 -9999.0 -9999.0 -9999.0 -9999.0 -9999.0 -9999.0 -9999.0 -9999.0 -9999.0
 -9999.0 -9999.0 -9999.0 -9999.0 -9999.0 -9999.0 -9999.0 -9999.0 -9999.0 -9999.0 -9999.0 -9999.0 -9999.0 -9999.0 -9999.0 -9999.0 -9999.0 -9999.0 -9999.0 -9999.0 -9999.0 -9999.0 -9999.0 -9999.0 -9999.0 -9999.0 -9999.0 -9999.0 -9999.0 -9999.0 -9999.0 -9999.0 -9999.0 -9999.0 -9999.0 -9999.0 -9999.0 -9999.0 -9999.0 -9999.0 -9999.0 -9999.0 -9999.0 -9999.0 -9999.0 -9999.0 -9999.0 -9999.0 -9999.0 -9999.0 -9999.0 -9999.0 -9999.0   256.5   236.3   244.0   162.4   130.5   160.6   244.1   224.7   199.8   202.3   181.9   161.6   143.5   132.7   116.3    89.9    76.3    89.1   148.6   204.6   202.8   165.7   146.1   164.1   195.4   222.4   203.9   162.4   162.4   199.0 -9999.0   298.5   348.2 -9999.0 -9999.0 -9999.0 -9999.0 -9999.0 -9999.0 -9999.0 -9999.0 -9999.0 -9999.0 -9999.0 -9999.0 -9999.0 -9999.0 -9999.0 -9999.0 -9999.0 -9999.0 -9999.0 -9999.0 -9999.0 -9999.0 -9999.0 -9999.0 -9999.0 -9999.0 -9999.0 -9999.0 -9999.0 -9999.0 -9999.0 -9999.0 -9999.0 -9999.0 -9999.0 -9999.0 -9999.0 -9999.0 -9999.0 -9999.0 -9999.0 -9999.0
 -9999.0 -9999.0 -9999.0 -9999.0 -9999.0 -9999.0 -9999.0 -9999.0 -9999.0 -9999.0 -9999.0 -9999.0 -9999.0 -9999.0 -9999.0 -9999.0 -9999.0 -9999.0 -9999.0 -9999.0 -9999.0 -9999.0 -9999.0 -9999.0 -9999.0 -9999.0 -9999.0 -9999.0 -9999.0 -9999.0 -9999.0 -9999.0 -9999.0 -9999.0 -9999.0 -9999.0 -9999.0 -9999.0 -9999.0 -9999.0 -9999.0 -9999.0 -9999.0 -9999.0 -9999.0 -9999.0 -9999.0 -9999.0 -9999.0 -9999.0 -9999.0 -9999.0 -9999.0   254.3   210.1   228.4   188.0   163.1   199.0   244.5   300.3   280.6   267.0   224.7   199.2 -9999.0 -9999.0 -9999.0    81.4    76.0   102.5   162.1   217.1   215.3   174.3   149.3   161.2   179.9   186.1   214.9   201.1   216.9   272.4 -9999.0 -9999.0 -9999.0 -9999.0 -9999.0 -9999.0 -9999.0 -9999.0 -9999.0 -9999.0 -9999.0 -9999.0 -9999.0 -9999.0 -9999.0 -9999.0 -9999.0 -9999.0 -9999.0 -9999.0 -9999.0 -9999.0 -9999.0 -9999.0 -9999.0 -9999.0 -9999.0 -9999.0 -9999.0 -9999.0 -9999.0 -9999.0 -9999.0 -9999.0 -9999.0 -9999.0 -9999.0 -9999.0 -9999.0 -9999.0 -9999.0 -9999.0 -9999.0 -9999.0 -9999.0
 -9999.0 -9999.0 -9999.0 -9999.0 -9999.0 -9999.0 -9999.0 -9999.0 -9999.0 -9999.0 -9999.0 -9999.0 -9999.0 -9999.0 -9999.0 -9999.0 -9999.0 -9999.0 -9999.0 -9999.0 -9999.0 -9999.0 -9999.0 -9999.0 -9999.0 -9999.0 -9999.0 -9999.0 -9999.0 -9999.0 -9999.0 -9999.0 -9999.0 -9999.0 -9999.0 -9999.0 -9999.0 -9999.0 -9999.0 -9999.0 -9999.0 -9999.0 -9999.0 -9999.0 -9999.0 -9999.0 -9999.0 -9999.0 -9999.0 -9999.0 -9999.0 -9999.0 -9999.0 -9999.0   244.6   225.7   179.1   173.4   242.4   317.4   284.5 -9999.0 -9999.0 -9999.0 -9999.0 -9999.0 -9999.0 -9999.0    94.0    98.1   128.8   203.1   247.8   228.5   186.6   163.3   163.4   165.8   184.4 -9999.0   242.7 -9999.0 -9999.0 -9999.0 -9999.0 -9999.0 -9999.0 -9999.0 -9999.0 -9999.0 -9999.0 -9999.0 -9999.0 -9999.0 -9999.0 -9999.0 -9999.0 -9999.0 -9999.0 -9999.0 -9999.0 -9999.0 -9999.0 -9999.0 -9999.0 -9999.0 -9999.0 -9999.0 -9999.0 -9999.0 -9999.0 -9999.0 -9999.0 -9999.0 -9999.0 -9999.0 -9999.0 -9999.0 -9999.0 -9999.0 -9999.0 -9999.0 -9999.0 -9999.0 -9999.0 -9999.0 -9999.0 -9999.0
 -9999.0 -9999.0 -9999.0 -9999.0 -9999.0 -9999.0 -9999.0 -9999.0 -9999.0 -9999.0 -9999.0 -9999.0 -9999.0 -9999.0 -9999.0 -9999.0 -9999.0 -9999.0 -9999.0 -9999.0 -9999.0 -9999.0 -9999.0 -9999.0 -9999.0 -9999.0 -9999.0 -9999.0 -9999.0 -9999.0 -9999.0 -9999.0 -9999.0 -9999.0 -9999.0 -9999.0 -9999.0 -9999.0 -9999.0 -9999.0 -9999.0 -9999.0 -9999.0 -9999.0 -9999.0 -9999.0 -9999.0 -9999.0 -9999.0 -9999.0 -9999.0 -9999.0 -9999.0 -9999.0 -9999.0   224.4   270.9   232.4   246.9   310.8   325.6 -9999.0 -9999.0 -9999.0 -9999.0 -9999.0 -9999.0 -9999.0 -9999.0 -9999.0   170.3 -9999.0 -9999.0 -9999.0 -9999.0 -9999.0   140.2 -9999.0 -9999.0 -9999.0 -9999.0 -9999.0 -9999.0 -9999.0 -9999.0 -9999.0 -9999.0 -9999.0 -9999.0 -9999.0 -9999.0 -9999.0 -9999.0 -9999.0 -9999.0 -9999.0 -9999.0 -9999.0 -9999.0 -9999.0 -9999.0 -9999.0 -9999.0 -9999.0 -9999.0 -9999.0 -9999.0 -9999.0 -9999.0 -9999.0 -9999.0 -9999.0 -9999.0 -9999.0 -9999.0 -9999.0 -9999.0 -9999.0 -9999.0 -9999.0 -9999.0 -9999.0 -9999.0 -9999.0 -9999.0 -9999.0 -9999.0 -9999.0
 -9999.0 -9999.0 -9999.0 -9999.0 -9999.0 -9999.0 -9999.0 -9999.0 -9999.0 -9999.0 -9999.0 -9999.0 -9999.0 -9999.0 -9999.0 -9999.0 -9999.0 -9999.0 -9999.0 -9999.0 -9999.0 -9999.0 -9999.0 -9999.0 -9999.0 -9999.0 -9999.0 -9999.0 -9999.0 -9999.0 -9999.0 -9999.0 -9999.0 -9999.0 -9999.0 -9999.0 -9999.0 -9999.0 -9999.0 -9999.0 -9999.0 -9999.0 -9999.0 -9999.0 -9999.0 -9999.0 -9999.0 -9999.0 -9999.0 -9999.0 -9999.0 -9999.0 -9999.0 -9999.0 -9999.0 -9999.0 -9999.0 -9999.0   292.5   303.5 -9999.0 -9999.0 -9999.0 -9999.0 -9999.0 -9999.0 -9999.0 -9999.0 -9999.0 -9999.0 -9999.0 -9999.0 -9999.0 -9999.0 -9999.0   137.8   113.1 -9999.0 -9999.0 -9999.0 -9999.0 -9999.0 -9999.0 -9999.0 -9999.0 -9999.0 -9999.0 -9999.0 -9999.0 -9999.0 -9999.0 -9999.0 -9999.0 -9999.0 -9999.0 -9999.0 -9999.0 -9999.0 -9999.0 -9999.0 -9999.0 -9999.0 -9999.0 -9999.0 -9999.0 -9999.0 -9999.0 -9999.0 -9999.0 -9999.0 -9999.0 -9999.0 -9999.0 -9999.0 -9999.0 -9999.0 -9999.0 -9999.0 -9999.0 -9999.0 -9999.0 -9999.0 -9999.0 -9999.0 -9999.0 -9999.0 -9999.0 -9999.0
 -9999.0 -9999.0 -9999.0 -9999.0 -9999.0 -9999.0 -9999.0 -9999.0 -9999.0 -9999.0 -9999.0 -9999.0 -9999.0 -9999.0 -9999.0 -9999.0 -9999.0 -9999.0 -9999.0 -9999.0 -9999.0 -9999.0 -9999.0 -9999.0 -9999.0 -9999.0 -9999.0 -9999.0 -9999.0 -9999.0 -9999.0 -9999.0 -9999.0 -9999.0 -9999.0 -9999.0 -9999.0 -9999.0 -9999.0 -9999.0 -9999.0 -9999.0 -9999.0 -9999.0 -9999.0 -9999.0 -9999.0 -9999.0 -9999.0 -9999.0 -9999.0 -9999.0 -9999.0 -9999.0 -9999.0 -9999.0 -9999.0 -9999.0 -9999.0 -9999.0 -9999.0 -9999.0 -9999.0 -9999.0 -9999.0 -9999.0 -9999.0 -9999.0 -9999.0 -9999.0 -9999.0 -9999.0 -9999.0 -9999.0 -9999.0 -9999.0 -9999.0 -9999.0 -9999.0 -9999.0 -9999.0 -9999.0 -9999.0 -9999.0 -9999.0 -9999.0 -9999.0 -9999.0 -9999.0 -9999.0 -9999.0 -9999.0 -9999.0 -9999.0 -9999.0 -9999.0 -9999.0 -9999.0 -9999.0 -9999.0 -9999.0 -9999.0 -9999.0 -9999.0 -9999.0 -9999.0 -9999.0 -9999.0 -9999.0 -9999.0 -9999.0 -9999.0 -9999.0 -9999.0 -9999.0 -9999.0 -9999.0 -9999.0 -9999.0 -9999.0 -9999.0 -9999.0 -9999.0 -9999.0 -9999.0 -9999.0 -9999.0 -9999.0
 -9999.0 -9999.0 -9999.0 -9999.0 -9999.0 -9999.0 -9999.0 -9999.0 -9999.0 -9999.0 -9999.0 -9999.0 -9999.0 -9999.0 -9999.0 -9999.0 -9999.0 -9999.0 -9999.0 -9999.0 -9999.0 -9999.0 -9999.0 -9999.0 -9999.0 -9999.0 -9999.0 -9999.0 -9999.0 -9999.0 -9999.0 -9999.0 -9999.0 -9999.0 -9999.0 -9999.0 -9999.0 -9999.0 -9999.0 -9999.0 -9999.0 -9999.0 -9999.0 -9999.0 -9999.0 -9999.0 -9999.0 -9999.0 -9999.0 -9999.0 -9999.0 -9999.0 -9999.0 -9999.0 -9999.0 -9999.0 -9999.0 -9999.0 -9999.0 -9999.0 -9999.0 -9999.0 -9999.0 -9999.0 -9999.0 -9999.0 -9999.0 -9999.0 -9999.0 -9999.0 -9999.0 -9999.0 -9999.0 -9999.0 -9999.0   157.0   115.9    88.8 -9999.0 -9999.0 -9999.0 -9999.0 -9999.0 -9999.0 -9999.0 -9999.0 -9999.0 -9999.0 -9999.0 -9999.0 -9999.0 -9999.0 -9999.0 -9999.0 -9999.0 -9999.0 -9999.0 -9999.0 -9999.0 -9999.0 -9999.0 -9999.0 -9999.0 -9999.0 -9999.0 -9999.0 -9999.0 -9999.0 -9999.0 -9999.0 -9999.0 -9999.0 -9999.0 -9999.0 -9999.0 -9999.0 -9999.0 -9999.0 -9999.0 -9999.0 -9999.0 -9999.0 -9999.0 -9999.0 -9999.0 -9999.0 -9999.0 -9999.0
 -9999.0 -9999.0 -9999.0 -9999.0 -9999.0 -9999.0 -9999.0 -9999.0 -9999.0 -9999.0 -9999.0 -9999.0 -9999.0 -9999.0 -9999.0 -9999.0 -9999.0 -9999.0 -9999.0 -9999.0 -9999.0 -9999.0 -9999.0 -9999.0 -9999.0 -9999.0 -9999.0 -9999.0 -9999.0 -9999.0 -9999.0 -9999.0 -9999.0 -9999.0 -9999.0 -9999.0 -9999.0 -9999.0 -9999.0 -9999.0 -9999.0 -9999.0 -9999.0 -9999.0 -9999.0 -9999.0 -9999.0 -9999.0 -9999.0 -9999.0 -9999.0 -9999.0 -9999.0 -9999.0 -9999.0 -9999.0 -9999.0 -9999.0 -9999.0 -9999.0 -9999.0 -9999.0 -9999.0 -9999.0 -9999.0 -9999.0 -9999.0 -9999.0 -9999.0 -9999.0 -9999.0 -9999.0 -9999.0   169.9   203.1   190.0   153.3 -9999.0 -9999.0 -9999.0 -9999.0 -9999.0 -9999.0 -9999.0 -9999.0 -9999.0 -9999.0 -9999.0 -9999.0 -9999.0 -9999.0 -9999.0 -9999.0 -9999.0 -9999.0 -9999.0 -9999.0 -9999.0 -9999.0 -9999.0 -9999.0 -9999.0 -9999.0 -9999.0 -9999.0 -9999.0 -9999.0 -9999.0 -9999.0 -9999.0 -9999.0 -9999.0 -9999.0 -9999.0 -9999.0 -9999.0 -9999.0 -9999.0 -9999.0 -9999.0 -9999.0 -9999.0 -9999.0 -9999.0 -9999.0 -9999.0 -9999.0 -9999.0
 -9999.0 -9999.0 -9999.0 -9999.0 -9999.0 -9999.0 -9999.0 -9999.0 -9999.0 -9999.0 -9999.0 -9999.0 -9999.0 -9999.0 -9999.0 -9999.0 -9999.0 -9999.0 -9999.0 -9999.0 -9999.0 -9999.0 -9999.0 -9999.0 -9999.0 -9999.0 -9999.0 -9999.0 -9999.0 -9999.0 -9999.0 -9999.0 -9999.0 -9999.0 -9999.0 -9999.0 -9999.0 -9999.0 -9999.0 -9999.0 -9999.0 -9999.0 -9999.0 -9999.0 -9999.0 -9999.0 -9999.0 -9999.0 -9999.0 -9999.0 -9999.0 -9999.0 -9999.0 -9999.0 -9999.0 -9999.0 -9999.0 -9999.0 -9999.0 -9999.0 -9999.0 -9999.0 -9999.0 -9999.0 -9999.0 -9999.0 -9999.0 -9999.0 -9999.0 -9999.0 -9999.0 -9999.0 -9999.0 -9999.0   216.3   220.2   189.8 -9999.0 -9999.0 -9999.0 -9999.0 -9999.0 -9999.0 -9999.0 -9999.0 -9999.0 -9999.0 -9999.0 -9999.0 -9999.0 -9999.0 -9999.0 -9999.0 -9999.0 -9999.0 -9999.0 -9999.0 -9999.0 -9999.0 -9999.0 -9999.0 -9999.0 -9999.0 -9999.0 -9999.0 -9999.0 -9999.0 -9999.0 -9999.0 -9999.0 -9999.0 -9999.0 -9999.0 -9999.0 -9999.0 -9999.0 -9999.0 -9999.0 -9999.0 -9999.0 -9999.0 -9999.0 -9999.0 -9999.0 -9999.0 -9999.0 -9999.0 -9999.0
 -9999.0 -9999.0 -9999.0 -9999.0 -9999.0 -9999.0 -9999.0 -9999.0 -9999.0 -9999.0 -9999.0 -9999.0 -9999.0 -9999.0 -9999.0 -9999.0 -9999.0 -9999.0 -9999.0 -9999.0 -9999.0 -9999.0 -9999.0 -9999.0 -9999.0 -9999.0 -9999.0 -9999.0 -9999.0 -9999.0 -9999.0 -9999.0 -9999.0 -9999.0 -9999.0 -9999.0 -9999.0 -9999.0 -9999.0 -9999.0 -9999.0 -9999.0 -9999.0 -9999.0 -9999.0 -9999.0 -9999.0 -9999.0 -9999.0 -9999.0 -9999.0 -9999.0 -9999.0 -9999.0 -9999.0 -9999.0 -9999.0 -9999.0 -9999.0 -9999.0 -9999.0 -9999.0 -9999.0 -9999.0 -9999.0 -9999.0 -9999.0 -9999.0 -9999.0 -9999.0 -9999.0 -9999.0 -9999.0 -9999.0 -9999.0 -9999.0 -9999.0 -9999.0 -9999.0 -9999.0 -9999.0 -9999.0 -9999.0 -9999.0 -9999.0 -9999.0 -9999.0 -9999.0 -9999.0 -9999.0 -9999.0 -9999.0 -9999.0 -9999.0 -9999.0 -9999.0 -9999.0 -9999.0 -9999.0 -9999.0 -9999.0 -9999.0 -9999.0 -9999.0 -9999.0 -9999.0 -9999.0 -9999.0 -9999.0 -9999.0 -9999.0 -9999.0 -9999.0 -9999.0 -9999.0 -9999.0 -9999.0 -9999.0 -9999.0 -9999.0 -9999.0 -9999.0 -9999.0 -9999.0 -9999.0 -9999.0 -9999.0 -9999.0
