NCOLS      128
NROWS       72
XLLCORNER    72.000000000000    
YLLCORNER    18.000000000000    
CELLSIZE    0.50000000000000    
NODATA_VALUE   -9999.000    
 -9999.0 -9999.0 -9999.0 -9999.0 -9999.0 -9999.0 -9999.0 -9999.0 -9999.0 -9999.0 -9999.0 -9999.0 -9999.0 -9999.0 -9999.0 -9999.0 -9999.0 -9999.0 -9999.0 -9999.0 -9999.0 -9999.0 -9999.0 -9999.0 -9999.0 -9999.0 -9999.0 -9999.0 -9999.0 -9999.0 -9999.0 -9999.0 -9999.0 -9999.0 -9999.0 -9999.0 -9999.0 -9999.0 -9999.0 -9999.0 -9999.0 -9999.0 -9999.0 -9999.0 -9999.0 -9999.0 -9999.0 -9999.0 -9999.0 -9999.0 -9999.0 -9999.0 -9999.0 -9999.0 -9999.0 -9999.0 -9999.0 -9999.0 -9999.0 -9999.0 -9999.0 -9999.0 -9999.0 -9999.0 -9999.0 -9999.0 -9999.0 -9999.0 -9999.0 -9999.0 -9999.0 -9999.0 -9999.0 -9999.0 -9999.0 -9999.0 -9999.0 -9999.0 -9999.0 -9999.0 -9999.0 -9999.0 -9999.0 -9999.0 -9999.0 -9999.0 -9999.0 -9999.0 -9999.0 -9999.0 -9999.0 -9999.0 -9999.0 -9999.0 -9999.0 -9999.0    51.9    65.8    68.4    70.9    85.0    87.8    99.0   109.9   133.8   130.5   132.4   136.3 -9999.0 -9999.0 -9999.0 -9999.0 -9999.0 -9999.0 -9999.0 -9999.0 -9999.0 -9999.0 -9999.0 -9999.0 -9999.0 -9999.0 -9999.0 -9999.0 -9999.0 -9999.0 -9999.0 -9999.0
 -9999.0 -9999.0 -9999.0 -9999.0 -9999.0 -9999.0 -9999.0 -9999.0 -9999.0 -9999.0 -9999.0 -9999.0 -9999.0 -9999.0 -9999.0 -9999.0 -9999.0 -9999.0 -9999.0 -9999.0 -9999.0 -9999.0 -9999.0 -9999.0 -9999.0 -9999.0 -9999.0 -9999.0 -9999.0 -9999.0 -9999.0 -9999.0 -9999.0 -9999.0 -9999.0 -9999.0 -9999.0 -9999.0 -9999.0 -9999.0 -9999.0 -9999.0 -9999.0 -9999.0 -9999.0 -9999.0 -9999.0 -9999.0 -9999.0 -9999.0 -9999.0 -9999.0 -9999.0 -9999.0 -9999.0 -9999.0 -9999.0 -9999.0 -9999.0 -9999.0 -9999.0 -9999.0 -9999.0 -9999.0 -9999.0 -9999.0 -9999.0 -9999.0 -9999.0 -9999.0 -9999.0 -9999.0 -9999.0 -9999.0 -9999.0 -9999.0 -9999.0 -9999.0 -9999.0 -9999.0 -9999.0 -9999.0 -9999.0 -9999.0 -9999.0 -9999.0 -9999.0 -9999.0 -9999.0 -9999.0 -9999.0 -9999.0 -9999.0 -9999.0 -9999.0    45.2    47.2    52.5    71.7    73.2    93.6   101.5   103.2   106.6   116.2   111.6   115.3   127.4   134.0 -9999.0 -9999.0 -9999.0 -9999.0 -9999.0 -9999.0 -9999.0 -9999.0 -9999.0 -9999.0 -9999.0 -9999.0 -9999.0 -9999.0 -9999.0 -9999.0 -9999.0 -9999.0 -9999.0
 -9999.0 -9999.0 -9999.0 -9999.0 -9999.0 -9999.0 -9999.0 -9999.0 -9999.0 -9999.0 -9999.0 -9999.0 -9999.0 -9999.0 -9999.0 -9999.0 -9999.0 -9999.0 -9999.0 -9999.0 -9999.0 -9999.0 -9999.0 -9999.0 -9999.0 -9999.0 -9999.0 -9999.0 -9999.0 -9999.0 -9999.0 -9999.0 -9999.0 -9999.0 -9999.0 -9999.0 -9999.0 -9999.0 -9999.0 -9999.0 -9999.0 -9999.0 -9999.0 -9999.0 -9999.0 -9999.0 -9999.0 -9999.0 -9999.0 -9999.0 -9999.0 -9999.0 -9999.0 -9999.0 -9999.0 -9999.0 -9999.0 -9999.0 -9999.0 -9999.0 -9999.0 -9999.0 -9999.0 -9999.0 -9999.0 -9999.0 -9999.0 -9999.0 -9999.0 -9999.0 -9999.0 -9999.0 -9999.0 -9999.0 -9999.0 -9999.0 -9999.0 -9999.0 -9999.0 -9999.0 -9999.0 -9999.0 -9999.0 -9999.0 -9999.0 -9999.0 -9999.0 -9999.0 -9999.0 -9999.0 -9999.0 -9999.0 -9999.0 -9999.0 -9999.0    45.2    44.8    51.5    68.3    70.0    85.0   100.8   110.6   118.1   118.5   140.6   117.8   125.2   123.1   125.6 -9999.0 -9999.0 -9999.0 -9999.0 -9999.0 -9999.0 -9999.0 -9999.0 -9999.0 -9999.0 -9999.0 -9999.0 -9999.0 -9999.0 -9999.0 -9999.0 -9999.0 -9999.0
 -9999.0 -9999.0 -9999.0 -9999.0 -9999.0 -9999.0 -9999.0 -9999.0 -9999.0 -9999.0 -9999.0 -9999.0 -9999.0 -9999.0 -9999.0 -9999.0 -9999.0 -9999.0 -9999.0 -9999.0 -9999.0 -9999.0 -9999.0 -9999.0 -9999.0 -9999.0 -9999.0 -9999.0 -9999.0 -9999.0 -9999.0 -9999.0 -9999.0 -9999.0 -9999.0 -9999.0 -9999.0 -9999.0 -9999.0 -9999.0 -9999.0 -9999.0 -9999.0 -9999.0 -9999.0 -9999.0 -9999.0 -9999.0 -9999.0 -9999.0 -9999.0 -9999.0 -9999.0 -9999.0 -9999.0 -9999.0 -9999.0 -9999.0 -9999.0 -9999.0 -9999.0 -9999.0 -9999.0 -9999.0 -9999.0 -9999.0 -9999.0 -9999.0 -9999.0 -9999.0 -9999.0 -9999.0 -9999.0 -9999.0 -9999.0 -9999.0 -9999.0 -9999.0 -9999.0 -9999.0 -9999.0 -9999.0 -9999.0 -9999.0 -9999.0 -9999.0 -9999.0 -9999.0 -9999.0 -9999.0 -9999.0 -9999.0 -9999.0 -9999.0 -9999.0    32.4    45.3    35.8    53.9    74.8    99.6   122.4   115.6   122.2   126.3   124.7   112.8   117.4   111.3   110.5   115.0 -9999.0 -9999.0 -9999.0 -9999.0 -9999.0 -9999.0 -9999.0 -9999.0 -9999.0 -9999.0 -9999.0 -9999.0 -9999.0 -9999.0 -9999.0 -9999.0 -9999.0
 -9999.0 -9999.0 -9999.0 -9999.0 -9999.0 -9999.0 -9999.0 -9999.0 -9999.0 -9999.0 -9999.0 -9999.0 -9999.0 -9999.0 -9999.0 -9999.0 -9999.0 -9999.0 -9999.0 -9999.0 -9999.0 -9999.0 -9999.0 -9999.0 -9999.0 -9999.0 -9999.0 -9999.0 -9999.0 -9999.0 -9999.0 -9999.0 -9999.0 -9999.0 -9999.0 -9999.0 -9999.0 -9999.0 -9999.0 -9999.0 -9999.0 -9999.0 -9999.0 -9999.0 -9999.0 -9999.0 -9999.0 -9999.0 -9999.0 -9999.0 -9999.0 -9999.0 -9999.0 -9999.0 -9999.0 -9999.0 -9999.0 -9999.0 -9999.0 -9999.0 -9999.0 -9999.0 -9999.0 -9999.0 -9999.0 -9999.0 -9999.0 -9999.0 -9999.0 -9999.0 -9999.0 -9999.0 -9999.0 -9999.0 -9999.0 -9999.0 -9999.0 -9999.0 -9999.0 -9999.0 -9999.0 -9999.0 -9999.0 -9999.0 -9999.0 -9999.0 -9999.0 -9999.0 -9999.0 -9999.0 -9999.0 -9999.0 -9999.0 -9999.0    31.2    28.8    27.2    50.1    64.7    75.1    87.9   126.1   132.6   133.5   131.8   135.2   109.9   107.8   105.9    95.6   100.2 -9999.0 -9999.0 -9999.0 -9999.0 -9999.0 -9999.0 -9999.0 -9999.0 -9999.0 -9999.0 -9999.0 -9999.0 -9999.0 -9999.0 -9999.0 -9999.0 -9999.0
 -9999.0 -9999.0 -9999.0 -9999.0 -9999.0 -9999.0 -9999.0 -9999.0 -9999.0 -9999.0 -9999.0 -9999.0 -9999.0 -9999.0 -9999.0 -9999.0 -9999.0 -9999.0 -9999.0 -9999.0 -9999.0 -9999.0 -9999.0 -9999.0 -9999.0 -9999.0 -9999.0 -9999.0 -9999.0 -9999.0 -9999.0 -9999.0 -9999.0 -9999.0 -9999.0 -9999.0 -9999.0 -9999.0 -9999.0 -9999.0 -9999.0 -9999.0 -9999.0 -9999.0 -9999.0 -9999.0 -9999.0 -9999.0 -9999.0 -9999.0 -9999.0 -9999.0 -9999.0 -9999.0 -9999.0 -9999.0 -9999.0 -9999.0 -9999.0 -9999.0 -9999.0 -9999.0 -9999.0 -9999.0 -9999.0 -9999.0 -9999.0 -9999.0 -9999.0 -9999.0 -9999.0 -9999.0 -9999.0 -9999.0 -9999.0 -9999.0 -9999.0 -9999.0 -9999.0 -9999.0 -9999.0 -9999.0 -9999.0 -9999.0 -9999.0 -9999.0 -9999.0 -9999.0 -9999.0 -9999.0 -9999.0 -9999.0 -9999.0 -9999.0    20.0    21.1    30.9    41.1    56.7    80.8   106.8   100.5   124.5   126.6   118.3   112.5    99.8    95.1    93.8    80.4    84.2    81.7 -9999.0 -9999.0 -9999.0 -9999.0 -9999.0 -9999.0 -9999.0 -9999.0 -9999.0 -9999.0 -9999.0 -9999.0 -9999.0 -9999.0 -9999.0 -9999.0
 -9999.0 -9999.0 -9999.0 -9999.0 -9999.0 -9999.0 -9999.0 -9999.0 -9999.0 -9999.0 -9999.0 -9999.0 -9999.0 -9999.0 -9999.0 -9999.0 -9999.0 -9999.0 -9999.0 -9999.0 -9999.0 -9999.0 -9999.0 -9999.0 -9999.0 -9999.0 -9999.0 -9999.0 -9999.0 -9999.0 -9999.0 -9999.0 -9999.0 -9999.0 -9999.0 -9999.0 -9999.0 -9999.0 -9999.0 -9999.0 -9999.0 -9999.0 -9999.0 -9999.0 -9999.0 -9999.0 -9999.0 -9999.0 -9999.0 -9999.0 -9999.0 -9999.0 -9999.0 -9999.0 -9999.0 -9999.0 -9999.0 -9999.0 -9999.0 -9999.0 -9999.0 -9999.0 -9999.0 -9999.0 -9999.0 -9999.0 -9999.0 -9999.0 -9999.0 -9999.0 -9999.0 -9999.0 -9999.0 -9999.0 -9999.0 -9999.0 -9999.0 -9999.0 -9999.0 -9999.0 -9999.0 -9999.0 -9999.0 -9999.0 -9999.0 -9999.0 -9999.0 -9999.0 -9999.0 -9999.0 -9999.0 -9999.0 -9999.0    17.9    18.4    24.7    31.3    43.5    61.8    73.2    95.8   111.6   116.8   112.0    97.4    94.0    84.4    77.5    81.1    77.9    63.2    63.5 -9999.0 -9999.0 -9999.0 -9999.0 -9999.0 -9999.0 -9999.0 -9999.0 -9999.0 -9999.0 -9999.0 -9999.0 -9999.0 -9999.0 -9999.0 -9999.0
 -9999.0 -9999.0 -9999.0 -9999.0 -9999.0 -9999.0 -9999.0 -9999.0 -9999.0 -9999.0 -9999.0 -9999.0 -9999.0 -9999.0 -9999.0 -9999.0 -9999.0 -9999.0 -9999.0 -9999.0 -9999.0 -9999.0 -9999.0 -9999.0 -9999.0 -9999.0 -9999.0 -9999.0 -9999.0 -9999.0 -9999.0 -9999.0 -9999.0 -9999.0 -9999.0 -9999.0 -9999.0 -9999.0 -9999.0 -9999.0 -9999.0 -9999.0 -9999.0 -9999.0 -9999.0 -9999.0 -9999.0 -9999.0 -9999.0 -9999.0 -9999.0 -9999.0 -9999.0 -9999.0 -9999.0 -9999.0 -9999.0 -9999.0 -9999.0 -9999.0 -9999.0 -9999.0 -9999.0 -9999.0 -9999.0 -9999.0 -9999.0 -9999.0 -9999.0 -9999.0 -9999.0 -9999.0 -9999.0 -9999.0 -9999.0 -9999.0 -9999.0 -9999.0 -9999.0 -9999.0 -9999.0 -9999.0 -9999.0 -9999.0 -9999.0 -9999.0 -9999.0 -9999.0    18.2    26.9    22.1    23.9    16.4    17.0    14.0    18.1    28.4    43.0    61.0    79.0    77.5    95.8   105.7    93.0    82.2    72.8    64.0    74.5    72.0    73.3    55.7    54.5    60.1    67.0 -9999.0 -9999.0 -9999.0 -9999.0 -9999.0 -9999.0 -9999.0 -9999.0 -9999.0 -9999.0 -9999.0 -9999.0 -9999.0 -9999.0
 -9999.0 -9999.0 -9999.0 -9999.0 -9999.0 -9999.0 -9999.0 -9999.0 -9999.0 -9999.0 -9999.0 -9999.0 -9999.0 -9999.0 -9999.0 -9999.0 -9999.0 -9999.0 -9999.0 -9999.0 -9999.0 -9999.0 -9999.0 -9999.0 -9999.0 -9999.0 -9999.0 -9999.0 -9999.0    41.1    28.7    30.7    28.6 -9999.0 -9999.0 -9999.0 -9999.0 -9999.0 -9999.0 -9999.0 -9999.0 -9999.0 -9999.0 -9999.0 -9999.0 -9999.0 -9999.0 -9999.0 -9999.0 -9999.0 -9999.0 -9999.0 -9999.0 -9999.0 -9999.0 -9999.0 -9999.0 -9999.0 -9999.0 -9999.0 -9999.0 -9999.0 -9999.0 -9999.0 -9999.0 -9999.0 -9999.0 -9999.0 -9999.0 -9999.0 -9999.0 -9999.0 -9999.0 -9999.0 -9999.0 -9999.0 -9999.0 -9999.0 -9999.0 -9999.0 -9999.0 -9999.0 -9999.0 -9999.0 -9999.0 -9999.0 -9999.0    12.1    15.7    18.3    22.7    19.5    15.5    17.8    14.5    24.6    33.6    50.7    62.8    73.5    88.7    96.5    94.9    90.9    77.5    63.8    53.4    52.8    58.3    62.9    59.6    48.3    52.8    58.7    62.8    67.2    89.1 -9999.0 -9999.0 -9999.0 -9999.0 -9999.0 -9999.0 -9999.0 -9999.0 -9999.0 -9999.0 -9999.0
 -9999.0 -9999.0 -9999.0 -9999.0 -9999.0 -9999.0 -9999.0 -9999.0 -9999.0 -9999.0 -9999.0 -9999.0 -9999.0 -9999.0 -9999.0 -9999.0 -9999.0 -9999.0 -9999.0 -9999.0 -9999.0 -9999.0 -9999.0 -9999.0 -9999.0 -9999.0 -9999.0 -9999.0    37.3    34.3    30.5    27.1    24.3 -9999.0 -9999.0 -9999.0 -9999.0 -9999.0 -9999.0 -9999.0 -9999.0 -9999.0 -9999.0 -9999.0 -9999.0 -9999.0 -9999.0 -9999.0 -9999.0 -9999.0 -9999.0 -9999.0 -9999.0 -9999.0 -9999.0 -9999.0 -9999.0 -9999.0 -9999.0 -9999.0 -9999.0 -9999.0 -9999.0 -9999.0 -9999.0 -9999.0 -9999.0 -9999.0 -9999.0 -9999.0 -9999.0 -9999.0 -9999.0 -9999.0 -9999.0 -9999.0 -9999.0 -9999.0 -9999.0 -9999.0 -9999.0 -9999.0 -9999.0 -9999.0 -9999.0 -9999.0 -9999.0     9.1    12.0    16.0    19.3    17.3    18.1    17.4    18.2    22.9    38.9    51.9    73.3    76.9    78.8    83.8    91.2    77.8    70.1    54.6    42.5    44.2    57.1    59.8    55.4    49.5    54.7    56.2    63.5    63.2    71.4    91.8   124.5 -9999.0 -9999.0 -9999.0 -9999.0 -9999.0 -9999.0 -9999.0 -9999.0 -9999.0
 -9999.0 -9999.0 -9999.0 -9999.0 -9999.0 -9999.0 -9999.0 -9999.0 -9999.0 -9999.0 -9999.0 -9999.0 -9999.0 -9999.0 -9999.0 -9999.0 -9999.0 -9999.0 -9999.0 -9999.0 -9999.0 -9999.0 -9999.0 -9999.0 -9999.0 -9999.0    50.3    38.8    33.7    26.9    26.9    23.6    23.6    19.4    22.9    22.4 -9999.0 -9999.0 -9999.0 -9999.0 -9999.0 -9999.0 -9999.0 -9999.0 -9999.0 -9999.0 -9999.0 -9999.0 -9999.0 -9999.0 -9999.0 -9999.0 -9999.0 -9999.0 -9999.0 -9999.0 -9999.0 -9999.0 -9999.0 -9999.0 -9999.0 -9999.0 -9999.0 -9999.0 -9999.0 -9999.0 -9999.0 -9999.0 -9999.0 -9999.0 -9999.0 -9999.0 -9999.0 -9999.0 -9999.0 -9999.0 -9999.0 -9999.0 -9999.0 -9999.0 -9999.0 -9999.0 -9999.0 -9999.0 -9999.0 -9999.0     5.6     8.1    10.6    10.9    13.8    17.5    20.3    23.3    24.8    32.5    43.1    62.4    68.6    77.2    76.5    80.9    86.7    77.6    60.3    47.6    45.0    51.9    51.2    51.9    55.8    56.9    63.3    62.0    68.0    80.1    84.6    98.3    99.0 -9999.0 -9999.0    90.8    86.2    89.4    92.6   100.9   108.5   121.3
 -9999.0 -9999.0 -9999.0 -9999.0 -9999.0 -9999.0 -9999.0 -9999.0 -9999.0 -9999.0 -9999.0 -9999.0 -9999.0 -9999.0 -9999.0 -9999.0 -9999.0 -9999.0 -9999.0 -9999.0 -9999.0 -9999.0 -9999.0 -9999.0 -9999.0 -9999.0    34.2    27.8    25.1    21.4    18.2    16.4    25.8    21.5    23.5    24.6    26.5    27.8 -9999.0 -9999.0 -9999.0 -9999.0 -9999.0 -9999.0 -9999.0 -9999.0 -9999.0 -9999.0 -9999.0 -9999.0 -9999.0 -9999.0 -9999.0 -9999.0 -9999.0 -9999.0 -9999.0 -9999.0 -9999.0 -9999.0 -9999.0 -9999.0 -9999.0 -9999.0 -9999.0 -9999.0 -9999.0 -9999.0 -9999.0 -9999.0 -9999.0 -9999.0 -9999.0 -9999.0 -9999.0 -9999.0 -9999.0 -9999.0 -9999.0 -9999.0 -9999.0 -9999.0 -9999.0 -9999.0 -9999.0 -9999.0     3.4     4.8     6.1     8.1    13.2    18.0    23.4    27.9    31.4    43.1    52.7    67.8    74.8    66.1    69.5    73.2    76.0    73.6    59.8    51.8    55.0    60.5    58.6    57.8    59.3    59.4    60.9    56.9    75.1    82.1    76.9    89.1   116.6    86.3    83.1    82.1    80.4    84.5    90.6   115.3   111.8   120.7
 -9999.0 -9999.0 -9999.0 -9999.0 -9999.0 -9999.0 -9999.0 -9999.0 -9999.0 -9999.0 -9999.0 -9999.0 -9999.0 -9999.0 -9999.0 -9999.0 -9999.0 -9999.0 -9999.0 -9999.0 -9999.0    61.7    52.3    43.6    33.4    27.1    23.0    21.2    19.1    16.7    14.1    12.8    11.8    18.5    21.6    25.6    32.3    26.4 -9999.0 -9999.0 -9999.0 -9999.0 -9999.0 -9999.0 -9999.0 -9999.0 -9999.0 -9999.0 -9999.0 -9999.0 -9999.0 -9999.0 -9999.0 -9999.0 -9999.0 -9999.0 -9999.0 -9999.0 -9999.0 -9999.0 -9999.0 -9999.0 -9999.0 -9999.0 -9999.0 -9999.0 -9999.0 -9999.0 -9999.0 -9999.0 -9999.0 -9999.0 -9999.0 -9999.0 -9999.0 -9999.0 -9999.0 -9999.0 -9999.0 -9999.0 -9999.0 -9999.0 -9999.0 -9999.0 -9999.0 -9999.0     2.0     2.6     4.4     7.4    11.5    17.0    25.1    30.6    39.6    49.0    66.8    68.0    62.7    64.2    63.7    64.7    68.9    67.8    64.8    61.1    64.9    71.6    71.9    64.0    60.6    65.4    68.7    53.5    57.7    99.2    77.8    82.3    81.0    80.7    76.6    74.8    76.9    81.8    89.6    98.4   110.7 -9999.0
 -9999.0 -9999.0 -9999.0 -9999.0 -9999.0 -9999.0 -9999.0 -9999.0 -9999.0 -9999.0 -9999.0 -9999.0 -9999.0 -9999.0 -9999.0 -9999.0 -9999.0 -9999.0 -9999.0 -9999.0   102.6    76.0    63.4    44.9    31.1    25.4    24.1    23.9    19.9    16.7    14.0    13.4    12.9    15.7    21.1    23.5    27.3    26.5    29.3 -9999.0 -9999.0 -9999.0 -9999.0 -9999.0 -9999.0 -9999.0 -9999.0 -9999.0 -9999.0 -9999.0 -9999.0 -9999.0 -9999.0 -9999.0 -9999.0 -9999.0 -9999.0 -9999.0 -9999.0 -9999.0 -9999.0 -9999.0 -9999.0 -9999.0 -9999.0 -9999.0 -9999.0 -9999.0 -9999.0 -9999.0 -9999.0 -9999.0 -9999.0 -9999.0 -9999.0 -9999.0 -9999.0 -9999.0 -9999.0 -9999.0 -9999.0 -9999.0 -9999.0 -9999.0 -9999.0 -9999.0     2.0     2.9     3.7     6.6    10.3    16.1    22.4    32.2    39.5    52.5    69.4    65.5    59.9    68.5    57.9    60.7    61.2    64.6    66.0    68.2    74.3    86.7    83.3    78.3    71.4    69.3    69.7    70.2    67.4    77.0    69.1    71.8    74.5    72.6    75.0    67.5    71.0    78.9    91.5   114.2   121.3 -9999.0
 -9999.0 -9999.0 -9999.0 -9999.0 -9999.0 -9999.0 -9999.0 -9999.0 -9999.0 -9999.0 -9999.0 -9999.0 -9999.0 -9999.0 -9999.0 -9999.0 -9999.0 -9999.0 -9999.0 -9999.0    44.6    36.9    32.2    27.1    21.0    31.7    18.9    16.8    17.9    17.0    15.0    16.2    18.3    18.5    20.7    22.1    22.3    26.9    21.0    40.0 -9999.0 -9999.0 -9999.0 -9999.0 -9999.0 -9999.0 -9999.0 -9999.0 -9999.0 -9999.0 -9999.0 -9999.0 -9999.0 -9999.0 -9999.0 -9999.0 -9999.0 -9999.0 -9999.0 -9999.0 -9999.0 -9999.0 -9999.0 -9999.0 -9999.0 -9999.0 -9999.0 -9999.0 -9999.0 -9999.0 -9999.0 -9999.0 -9999.0 -9999.0 -9999.0 -9999.0 -9999.0 -9999.0 -9999.0 -9999.0 -9999.0 -9999.0 -9999.0 -9999.0 -9999.0 -9999.0 -9999.0 -9999.0     4.0     6.4    10.5    16.4    25.1    29.0    36.8    50.0    51.6    57.8    58.4    55.8    53.4    55.0    57.9    62.4    65.5    69.5    78.8    90.5    93.9    93.7    89.6    86.3    85.7    85.9    86.3    63.2    59.7    62.5    64.5    61.5    58.4    60.3    71.8    95.5    89.1   102.9 -9999.0 -9999.0
 -9999.0 -9999.0 -9999.0 -9999.0 -9999.0 -9999.0 -9999.0 -9999.0 -9999.0 -9999.0 -9999.0 -9999.0 -9999.0 -9999.0 -9999.0 -9999.0 -9999.0 -9999.0 -9999.0    34.9    33.5    31.5    21.7    19.2    16.0     9.7     7.1     9.6     9.9    12.5    16.9    17.4    21.6    23.5    22.7    20.4    20.2    16.4    15.4    20.0 -9999.0 -9999.0 -9999.0 -9999.0 -9999.0 -9999.0 -9999.0 -9999.0 -9999.0 -9999.0 -9999.0 -9999.0 -9999.0 -9999.0 -9999.0 -9999.0 -9999.0 -9999.0 -9999.0 -9999.0 -9999.0 -9999.0 -9999.0 -9999.0 -9999.0 -9999.0 -9999.0 -9999.0 -9999.0 -9999.0 -9999.0 -9999.0 -9999.0 -9999.0 -9999.0 -9999.0 -9999.0 -9999.0 -9999.0 -9999.0 -9999.0 -9999.0 -9999.0 -9999.0 -9999.0 -9999.0 -9999.0     4.2     5.8     8.3    11.9    16.1    22.9    26.9    31.3    39.0    44.3    58.3    59.7    56.8    56.8    56.1    58.9    61.9    64.2    68.5    77.8    88.5    97.5   101.4   100.6    94.1    94.1    85.2    73.5    65.6    54.9    55.2    65.9    63.4    53.7    59.2    66.8    78.6    93.0 -9999.0 -9999.0 -9999.0
 -9999.0 -9999.0 -9999.0 -9999.0 -9999.0 -9999.0 -9999.0 -9999.0 -9999.0 -9999.0 -9999.0 -9999.0 -9999.0 -9999.0 -9999.0 -9999.0    33.4    56.1    81.5    51.6    32.0   100.9    44.5    39.0    21.7    13.3     4.8     5.6     7.3    11.7    15.2    20.6    26.0    26.9    25.6    22.9    17.9    13.3    11.6    12.5    17.6    23.7    31.5 -9999.0 -9999.0 -9999.0 -9999.0 -9999.0 -9999.0 -9999.0 -9999.0 -9999.0 -9999.0 -9999.0 -9999.0 -9999.0 -9999.0 -9999.0 -9999.0 -9999.0 -9999.0 -9999.0 -9999.0 -9999.0 -9999.0 -9999.0 -9999.0 -9999.0 -9999.0 -9999.0 -9999.0 -9999.0 -9999.0 -9999.0 -9999.0 -9999.0 -9999.0 -9999.0 -9999.0    13.1    11.0     7.0 -9999.0 -9999.0     3.9     4.8     6.8     7.3     8.0    13.0    16.0    20.3    22.2    25.6    27.6    34.7    38.6    50.8    56.9    59.9    60.9    61.8    63.5    64.7    64.9    66.6    72.8    82.3    90.2    98.0   101.0    98.7    97.5    89.0    87.3    76.0    86.1    57.5    60.7    56.9    60.1    60.5    68.7    81.6   105.1 -9999.0 -9999.0 -9999.0
 -9999.0 -9999.0 -9999.0 -9999.0 -9999.0 -9999.0 -9999.0 -9999.0 -9999.0 -9999.0 -9999.0 -9999.0 -9999.0 -9999.0    50.5    73.6   125.9   179.9   178.7    84.6    80.1    26.1    53.8    21.5    12.0     7.2     7.3     8.7     9.7    12.6    16.2    20.4    26.5    28.5    34.8    30.6    21.3    39.3    19.8    15.9    20.8    25.7    29.1    34.1    47.2 -9999.0 -9999.0 -9999.0 -9999.0 -9999.0 -9999.0 -9999.0 -9999.0 -9999.0 -9999.0 -9999.0 -9999.0 -9999.0 -9999.0 -9999.0 -9999.0 -9999.0 -9999.0 -9999.0 -9999.0 -9999.0 -9999.0 -9999.0 -9999.0 -9999.0 -9999.0 -9999.0 -9999.0 -9999.0 -9999.0 -9999.0 -9999.0 -9999.0    16.7    15.4    12.8     9.8     7.3     6.0     6.7     8.9    11.8    13.5    14.2    18.0    19.9    24.8    27.1    30.3    30.9    38.8    39.1    48.6    56.4    62.7    66.6    70.2    72.9    71.9    68.4    66.9    69.0    75.9    85.6    92.9   101.0    98.6    95.0    95.6   117.9    86.2    74.7    70.5    67.7    66.1    64.1    68.5    76.3    93.9 -9999.0 -9999.0 -9999.0 -9999.0
 -9999.0 -9999.0 -9999.0 -9999.0 -9999.0 -9999.0 -9999.0 -9999.0 -9999.0 -9999.0 -9999.0 -9999.0 -9999.0 -9999.0   124.7   206.3   174.5   194.5   125.0    68.5    17.6    11.8    11.7    15.5    15.0    14.5    13.7    13.6    13.5    13.0    13.8    16.0    21.8    21.2    22.6    22.9    17.1    18.9    11.9    12.3    12.1     8.9    11.9    16.4    17.2    25.3    61.9    24.2 -9999.0 -9999.0 -9999.0 -9999.0 -9999.0 -9999.0 -9999.0 -9999.0 -9999.0 -9999.0 -9999.0 -9999.0 -9999.0 -9999.0 -9999.0 -9999.0 -9999.0 -9999.0 -9999.0 -9999.0 -9999.0 -9999.0 -9999.0 -9999.0 -9999.0 -9999.0 -9999.0 -9999.0 -9999.0 -9999.0    18.2    17.1    15.0    12.8    10.7     9.4    10.4    14.1    18.7    22.6    25.0    27.7    32.6    35.7    39.2    36.8    44.8    33.1    37.9    40.9    52.3    62.1    71.8    80.3    85.1    82.9    78.5    77.2    75.7    77.9    88.7    94.9    97.8    98.2   113.9   113.4   108.4    90.5    93.4    93.6    90.6    85.0    77.3    81.0    94.0   106.6 -9999.0 -9999.0 -9999.0 -9999.0
 -9999.0 -9999.0 -9999.0 -9999.0 -9999.0 -9999.0 -9999.0 -9999.0 -9999.0 -9999.0 -9999.0 -9999.0 -9999.0 -9999.0 -9999.0    25.6    19.4    19.3    46.5    99.5   123.2    67.5   107.5    81.8    54.3    47.5    38.5    26.3    21.0    16.1    14.1    13.4    16.7    19.7    23.8    27.7    27.4    24.5    20.5    23.7    29.9    22.5    20.4    13.1    10.7     9.2     9.7    12.0    11.0 -9999.0 -9999.0 -9999.0 -9999.0 -9999.0 -9999.0 -9999.0 -9999.0 -9999.0 -9999.0 -9999.0 -9999.0 -9999.0 -9999.0 -9999.0 -9999.0 -9999.0 -9999.0 -9999.0 -9999.0 -9999.0 -9999.0 -9999.0 -9999.0 -9999.0 -9999.0 -9999.0 -9999.0    15.9    17.5    17.0    16.0    14.7    13.9    14.2    16.5    22.1    29.7    33.9    37.6    42.3    41.8    44.7    50.6    43.8    28.8    26.3    27.3    35.3    46.1    59.0    73.1    87.6    97.0    95.5    91.1    86.5    84.9    86.5    97.7   105.2   105.2   114.1   117.5   102.2    95.9    93.7    86.1    85.9    99.0    91.1 -9999.0 -9999.0 -9999.0 -9999.0 -9999.0 -9999.0 -9999.0 -9999.0
 -9999.0 -9999.0 -9999.0 -9999.0 -9999.0 -9999.0 -9999.0 -9999.0 -9999.0 -9999.0 -9999.0 -9999.0 -9999.0 -9999.0 -9999.0    10.3     9.9    13.9    20.8    26.8    72.7    77.4    95.6    96.2    87.4    86.3    92.0    72.7   119.4    98.2    36.7    52.2   161.6   151.1    61.8    51.5    66.2    46.1    35.7    40.0    45.8    31.8    41.3    75.0    15.4     4.0     1.6     2.1     2.2 -9999.0 -9999.0 -9999.0 -9999.0 -9999.0 -9999.0 -9999.0 -9999.0 -9999.0 -9999.0 -9999.0 -9999.0 -9999.0 -9999.0 -9999.0 -9999.0 -9999.0 -9999.0 -9999.0 -9999.0 -9999.0 -9999.0 -9999.0 -9999.0 -9999.0 -9999.0 -9999.0 -9999.0    12.8    14.4    14.8    14.2    13.6    14.9    17.9    21.8    28.4    35.3    40.3    43.2    46.3    51.1    48.4    37.3    33.9    29.4    20.8    23.2    30.9    42.2    56.3    72.8    91.0   103.2   103.7    97.4    92.8    89.8    89.0    97.4   105.2   103.5    96.6    93.3    91.2    91.2    81.8    74.5    78.0    94.8    92.4 -9999.0 -9999.0 -9999.0 -9999.0 -9999.0 -9999.0 -9999.0 -9999.0
 -9999.0 -9999.0 -9999.0 -9999.0 -9999.0 -9999.0 -9999.0 -9999.0 -9999.0 -9999.0 -9999.0 -9999.0 -9999.0 -9999.0 -9999.0   167.1   139.7   144.3   142.4    77.7    62.6    86.4   102.2    90.9    78.6    74.9    83.4    91.5   111.9   127.0   135.5   105.3    48.2    35.6    72.4    87.9    58.1    21.2    16.2     5.7    11.6    19.0    26.4    56.8    48.4    17.4     3.1     0.7     3.5     5.7     3.2     2.8     2.0     1.6     0.7     3.1    12.9    17.4    11.0    15.1 -9999.0 -9999.0 -9999.0 -9999.0 -9999.0 -9999.0 -9999.0 -9999.0 -9999.0 -9999.0 -9999.0 -9999.0 -9999.0 -9999.0 -9999.0     6.2     7.8     9.4    10.9    10.9    10.4    10.4    12.2    16.5    22.2    28.6    35.0    40.1    43.7    46.4    49.5    45.0    38.9    26.4    20.7    20.0    21.8    28.2    40.1    54.9    72.8    93.0   107.2   107.8    99.6    89.3    78.6    76.6    85.2    92.0    90.7    92.2    82.8    81.0    80.2    75.7    78.5    81.3    86.9    90.9 -9999.0 -9999.0 -9999.0 -9999.0 -9999.0 -9999.0 -9999.0 -9999.0
 -9999.0 -9999.0 -9999.0 -9999.0 -9999.0 -9999.0 -9999.0 -9999.0 -9999.0 -9999.0 -9999.0 -9999.0 -9999.0 -9999.0 -9999.0   111.8    72.5    75.1   130.7   130.9   117.0   102.5    85.9    71.7    61.3    65.9    73.2    81.6    95.4   111.7   125.9    54.9     4.6     2.6     1.8     1.7     6.5     2.1     0.5     0.5     0.2     0.6     3.2     3.9     6.0    10.2     6.5     3.1     2.9     1.6     1.2     0.9     1.1     3.4     1.5     1.7     1.5     2.2     3.2     5.0     6.0     6.3 -9999.0 -9999.0 -9999.0 -9999.0 -9999.0 -9999.0     6.5     4.3     2.4     1.6     1.4     1.6     2.4     3.5     5.1     6.0     7.1     7.9     7.4     7.1     9.2    14.1    20.0    26.1    31.3    35.4    39.3    43.5    48.2    48.9    48.4    33.4    25.2    24.0    24.7    30.3    42.1    55.8    72.4    92.0   107.9   109.4    97.9    79.9    62.9    56.8    61.3    72.3    76.0    72.2    66.3    66.4    72.6    74.3    74.4    76.8    82.9    91.0 -9999.0 -9999.0 -9999.0 -9999.0 -9999.0 -9999.0 -9999.0 -9999.0
 -9999.0 -9999.0 -9999.0 -9999.0 -9999.0 -9999.0 -9999.0 -9999.0 -9999.0 -9999.0 -9999.0 -9999.0 -9999.0   181.8   150.1   170.0   164.0   124.4   125.8   114.2    86.4    60.8    57.1    54.1    43.3    51.1    60.7    32.9    28.7    29.1    31.8    49.9    14.3    29.9    16.4     8.0     7.9     6.7     5.9     2.2     0.7     0.7     0.7     0.7     0.9     1.4     1.9     6.4     6.6     5.9     4.8     2.7     2.6     1.2     0.6     0.9     0.7     0.9     0.9     1.8     3.1     3.9     4.7     6.1     8.3    11.1     7.8     6.1     3.2     2.2     1.8     1.4     0.9     1.1     1.7     2.4     3.3     4.4     6.0     7.7     7.7     7.5    10.9    15.4    20.7    24.2    28.1    31.8    36.3    40.8    48.6    55.4    37.7    29.8    23.2    30.3    35.1    35.2    41.8    56.2    68.3    84.6    99.6   101.6    91.7    73.9    55.7    47.4    49.0    58.8    59.9    60.1    54.5    51.5    56.6    65.0    71.4    76.2    82.3 -9999.0 -9999.0 -9999.0 -9999.0 -9999.0 -9999.0 -9999.0 -9999.0 -9999.0
 -9999.0 -9999.0 -9999.0 -9999.0 -9999.0 -9999.0 -9999.0 -9999.0 -9999.0    81.9   113.6   128.5   141.1   145.3   149.5   102.6   125.6    56.2    24.6    15.8    20.6    26.8    20.6    11.2     5.8     5.0     7.6    13.1    23.7    29.3    30.7    31.6    42.7    24.9     9.6    10.4    13.0     9.9     3.6     3.0     1.7     1.8     1.9     1.7     1.8     4.7     8.5    11.7    17.4    10.4     8.0     4.8     4.2     2.6     0.9     0.7     0.8     0.9     0.8     0.8     1.2     2.0     2.2     2.7     2.6     3.4     4.1     3.5     4.1     3.5     3.1     2.4     1.1     1.5     2.5     3.3     3.8     5.3     8.5    11.1    13.6    13.6    19.1    21.7    23.7    25.2    27.8    32.0    38.6    41.8    43.6    42.0    58.5    54.9    30.5    37.7    35.1    34.0    43.3    55.5    63.1    76.5    87.4    89.8    80.4    65.3    50.5    43.8    44.4    44.5    48.8    47.9    40.4    39.0    48.8    59.1 -9999.0    72.1 -9999.0 -9999.0 -9999.0 -9999.0 -9999.0 -9999.0 -9999.0 -9999.0 -9999.0 -9999.0
 -9999.0 -9999.0 -9999.0 -9999.0 -9999.0    18.2    30.3    29.0    45.0    80.6   110.9   108.9   112.2    88.7    48.8    27.8    13.7     9.6     6.8     6.6     8.7    11.1     9.0     4.6     2.2     2.3     4.8    10.3    18.3    25.1    33.2    57.2    45.4    23.5    19.5    25.2    10.3     2.4     0.6     0.4     0.7     1.2     0.7     1.0     2.1     6.2    12.2    17.1    19.7    25.4    13.7     7.2     3.9     3.6     5.8     1.7     1.1     1.0     0.8     1.0     1.2     1.7     2.0     1.8     1.4     2.4     3.0     2.8     5.4     7.5     1.6     1.2     1.5     2.1     3.5     4.7     5.9     9.3    13.4    19.8    24.8    28.0    27.5    29.7    29.6    27.3    33.0    36.6    43.8    40.5    40.7    42.0    38.5    42.2    35.5    36.0    36.7    38.9    38.4    48.0    60.8    71.2    77.8    77.7    67.8    55.2    46.1    42.5    43.0    41.8    40.2    35.6    30.5    32.9 -9999.0 -9999.0 -9999.0 -9999.0 -9999.0 -9999.0 -9999.0 -9999.0 -9999.0 -9999.0 -9999.0 -9999.0 -9999.0 -9999.0
 -9999.0 -9999.0 -9999.0    18.7    41.6    28.9    59.6    52.3    58.4    67.8    57.1    68.7    73.7    58.4    48.3    27.5    11.0     8.3     7.2     7.0     6.9     6.5     4.8     2.5     1.5     1.7     3.7     8.6    16.4    24.3    29.3    28.9    21.5    13.9     9.6     4.8     1.4     0.6     0.2     0.4     0.6     0.3     0.6     2.7     3.5     5.7     6.4    11.0    15.3    17.1    20.0    13.2    12.1     9.9     8.0     3.1     1.8     1.3     1.0     1.4     2.1     3.5     3.2     2.7     3.4     3.1     2.3     3.5     5.1     1.4     1.5     2.3     3.4     4.7     6.0     5.9     6.4    10.4    13.4    20.6    29.1    32.7    35.8    36.8    32.8    25.6    33.6    41.4    47.9    46.0    40.4    49.0    49.5    52.3    46.7    40.2    40.3    39.2    41.1    49.6    60.5    67.2    70.1    68.0    62.7    52.6    46.4    43.1    41.5    37.9    33.6    31.9    26.3 -9999.0 -9999.0 -9999.0 -9999.0 -9999.0 -9999.0 -9999.0 -9999.0 -9999.0 -9999.0 -9999.0 -9999.0 -9999.0 -9999.0 -9999.0
 -9999.0 -9999.0    13.3    24.2    16.6    37.6    34.4    36.6    39.8    19.7    15.9    19.7    33.2    22.3    14.6    13.1    10.8     9.7     9.4     8.7     7.4     5.6     3.8     2.3     1.7     1.9     3.4     6.8    14.8    20.1    23.6    22.8    16.5     9.7     4.8     2.0     0.7     0.3     0.1     0.1     0.1     0.1     0.2     0.7     2.8     5.6     9.5    20.2    22.2    29.6    20.9    11.3     8.3     6.3     4.9     4.2     5.0     3.9     2.6     2.3     2.4     2.9     4.1     5.6     4.2     2.8     4.7     1.5     1.1     1.3     2.6     3.9     5.5     6.2     6.2     6.1     6.8     9.9    17.8    28.0    34.2    44.2    36.8    34.4    40.6    28.3    36.6    45.2    41.5    38.0    46.6    53.5    56.1    57.7    50.1    38.9    34.0    38.0    42.0    48.4    56.2    61.5    63.5    65.8    64.6    56.4    50.8    45.5    45.1 -9999.0 -9999.0 -9999.0 -9999.0 -9999.0 -9999.0 -9999.0 -9999.0 -9999.0 -9999.0 -9999.0 -9999.0 -9999.0 -9999.0 -9999.0 -9999.0 -9999.0 -9999.0 -9999.0
 -9999.0 -9999.0    23.2    23.1    21.6    14.5    13.4    11.3     6.9     6.9     6.3     6.1     6.2     6.9     8.6     9.8    10.9    11.2    11.5    10.5     8.6     6.4     4.4     3.1     2.5     2.5     4.1     7.1    10.2    14.5    14.3    12.8     8.4     4.7     2.2     0.8     0.4     0.3     0.3     0.3     0.2     0.6     1.7     6.1    14.2    33.5    64.2    70.0    69.0    61.7    63.3    46.4    23.2    11.9    10.1    15.3     8.5     7.8     4.4     3.4     2.2     5.9     3.8     5.1     4.6     3.8     2.3     1.2     1.2     1.6     4.0     5.5     6.5     7.2     8.0     9.1    12.2    16.8    27.4    36.4    41.3    44.8    37.0    37.1    30.3    44.3    41.5    49.7    47.1    44.7    46.1    51.7    50.7    43.4    33.5    28.5    29.8    33.8    38.4    44.2    49.6    54.2    59.6    65.3    67.9    65.5    61.0 -9999.0 -9999.0 -9999.0 -9999.0 -9999.0 -9999.0 -9999.0 -9999.0 -9999.0 -9999.0 -9999.0 -9999.0 -9999.0 -9999.0 -9999.0 -9999.0 -9999.0 -9999.0 -9999.0 -9999.0 -9999.0
 -9999.0    30.2    30.9    34.0    46.0    28.7     9.5     7.2     7.0     6.4     5.5     4.4     3.9     4.4     6.1     8.6    10.9    12.5    13.3    12.4    10.4     8.1     6.2     4.4     3.5     3.4     4.3     5.8     7.5     8.8     7.8     4.8     2.8     2.0     1.3     3.7     9.6    13.4     7.3     3.7     0.9     3.0    11.0    33.6    20.0    30.2    40.1    54.4    53.7    62.0    67.1    71.6    74.0    70.0    32.5    22.9    14.5    25.1    10.7    11.3    10.2     6.3     8.3     8.0     7.6     5.9     3.7     2.8     3.6     2.9     5.5     7.6     8.8     9.6    11.1    13.7    17.4    26.1    34.6    43.0    43.6    41.9    46.5    46.1    39.2    40.0    50.2    56.7    55.0    49.8    44.6    41.9    40.7    37.0    30.6    26.5 -9999.0    29.9    34.5    39.7    45.4    51.9    59.2    66.4    70.8 -9999.0 -9999.0 -9999.0 -9999.0 -9999.0 -9999.0 -9999.0 -9999.0 -9999.0 -9999.0 -9999.0 -9999.0 -9999.0 -9999.0 -9999.0 -9999.0 -9999.0 -9999.0 -9999.0 -9999.0 -9999.0 -9999.0 -9999.0
 -9999.0 -9999.0    26.4    34.8    34.7    30.1    23.7    24.2     9.5     7.3     5.8     4.3     3.5     3.8     5.7     8.3    11.9    14.0    14.8    14.1    12.4    10.5     8.4     6.5     5.3     4.8     4.9     5.3     5.2     4.5     3.4     2.4    27.3    52.9    52.9    59.4    35.8    29.1    25.0    12.4     1.8     1.2     1.1     4.3    10.5    20.0    26.6    32.2    40.3    47.7    55.4    62.0    66.4    68.4    66.9    65.9    43.5    28.8    32.6    28.5     9.1    10.0    12.0    13.2    13.5    12.2     9.2     8.9     5.7     7.4    11.6    13.8    14.3    15.1    17.0    21.4    27.0    34.2    47.0    53.5    55.2    45.1    50.9    58.5    41.9    51.1    60.9    63.7    59.0    50.7    42.8    38.5    39.2    36.7    30.9 -9999.0 -9999.0    27.5    32.3    38.5    45.7    53.8    62.3    70.0 -9999.0 -9999.0 -9999.0 -9999.0 -9999.0 -9999.0 -9999.0 -9999.0 -9999.0 -9999.0 -9999.0 -9999.0 -9999.0 -9999.0 -9999.0 -9999.0 -9999.0 -9999.0 -9999.0 -9999.0 -9999.0 -9999.0 -9999.0 -9999.0
 -9999.0 -9999.0    23.0    32.9    27.0    31.6    31.6    28.9    23.4    12.0     7.0     5.0     3.8     4.0     5.5     8.8    12.7    15.6    16.5    15.8    14.2    12.7    10.9     8.7     7.0     6.0     5.3     4.7     4.3     5.3    13.4    49.5    43.9    86.5    92.8    62.5    31.2    20.0    16.4     4.4     1.3     0.6     0.7     1.5     4.8     8.8    14.7    20.6    29.4    35.1    42.9    51.2    57.8    60.7    61.8    63.6    70.7    76.7    66.8    33.5    18.8    15.3    18.8    20.2    20.6    20.0    19.1    17.2    13.2    16.9    22.6    24.1    23.7    22.9    24.6    26.8    32.5    38.8    54.6    51.6    55.2    51.0    62.6    54.5    58.2    67.9    72.1    66.6    55.7    46.9    42.4    41.1    41.5    38.0    31.7    27.1    25.3    26.9 -9999.0 -9999.0 -9999.0 -9999.0 -9999.0 -9999.0 -9999.0 -9999.0 -9999.0 -9999.0 -9999.0 -9999.0 -9999.0 -9999.0 -9999.0 -9999.0 -9999.0 -9999.0 -9999.0 -9999.0 -9999.0 -9999.0 -9999.0 -9999.0 -9999.0 -9999.0 -9999.0 -9999.0 -9999.0 -9999.0
 -9999.0 -9999.0 -9999.0 -9999.0    26.8    25.6    21.4    21.3    25.4    15.1     9.4     6.4     4.4     4.5     6.3    10.0    14.6    17.6    17.8    16.3    16.0    14.9    13.0    11.0     9.0     7.6     7.6     8.1    21.5    33.7    35.5    56.9    66.0    62.8    89.6    57.6    55.5    43.3    19.3     6.0     2.0     0.8     0.6     1.0     2.6     4.8     6.8    13.0    16.6    26.2    32.0    42.4    49.5    54.6    56.6    57.9    61.8    67.7    71.6    66.0    52.1    22.0    25.4    25.6    26.6    26.3    27.1    25.1    22.9    25.6    30.2    31.4    30.8    31.3    33.3    32.9    33.7    34.9    51.6    59.4    57.0    44.5    63.7    69.9    77.8    83.5    80.4    65.5    48.3    40.7    41.5    42.0    40.0    35.2    30.4    27.4    26.4    29.0    34.4    43.6    54.5    65.7    75.4 -9999.0 -9999.0 -9999.0 -9999.0 -9999.0 -9999.0 -9999.0 -9999.0 -9999.0 -9999.0 -9999.0 -9999.0 -9999.0 -9999.0 -9999.0 -9999.0 -9999.0 -9999.0 -9999.0 -9999.0 -9999.0 -9999.0 -9999.0 -9999.0 -9999.0
 -9999.0 -9999.0 -9999.0    25.8    24.1    26.4    27.2    24.0    22.3    15.8    14.9    11.4     8.2     6.1     7.5    11.4    16.3    19.1    17.5    15.3    15.0    15.3    14.5    13.9    13.4    14.5    16.5    42.4    35.0    43.3    52.2    53.5    55.9    66.7    53.0    52.7    45.4    66.8    49.9    22.8     5.1     1.5     1.1     1.3     2.4     4.0     5.4     6.8     9.9    14.4    20.7    32.6    42.5    48.2    49.7    50.0    52.0    59.5    61.6    62.4    57.1    46.6    40.3    29.3    25.8    27.7    27.5    29.6    32.4    33.4    33.6    35.7    36.9    38.6    40.2    38.6    35.5    38.6    62.3    46.9    41.5    57.5    71.5    91.9    90.4    89.3    80.9    62.0    41.0    36.5    42.2    42.2    36.8    31.1    28.2    27.6    29.7    33.2    39.4    55.0    61.7    73.2    83.2 -9999.0 -9999.0 -9999.0 -9999.0 -9999.0 -9999.0 -9999.0 -9999.0 -9999.0 -9999.0 -9999.0 -9999.0 -9999.0 -9999.0 -9999.0 -9999.0 -9999.0 -9999.0 -9999.0 -9999.0 -9999.0 -9999.0 -9999.0 -9999.0 -9999.0
 -9999.0 -9999.0 -9999.0 -9999.0    23.7    22.8    23.0    21.1    20.7    19.1    15.4    15.9    13.9    13.4    11.3    13.8    16.4    18.4    16.1    13.5    14.5    15.7    16.4    17.8    21.8    27.0    27.7    31.9    35.3    39.8    43.9    53.4    52.1    55.1    59.9    54.1    62.2    65.1    42.1    20.9    26.4     5.2     3.4     2.6     3.6     4.9     5.8     6.6     8.1    11.6    17.6    26.1    37.2    42.7    43.8    45.4    46.8    50.5    51.6    24.4    40.6    23.6    25.1    29.5    28.3    29.7    33.5    35.6    38.4    42.7    36.5    35.5    34.8    37.2    39.2    40.6    36.1    49.0    58.7    49.8    55.1    55.5    85.6    90.7    86.3    80.0    68.8    53.6    40.4    39.4    44.5    43.3    36.3    30.7    28.7    28.2    29.8    35.0    44.4    55.6    68.1    80.1    90.1 -9999.0 -9999.0 -9999.0 -9999.0 -9999.0 -9999.0 -9999.0 -9999.0 -9999.0 -9999.0 -9999.0 -9999.0 -9999.0 -9999.0 -9999.0 -9999.0 -9999.0 -9999.0 -9999.0 -9999.0 -9999.0 -9999.0 -9999.0 -9999.0 -9999.0
 -9999.0 -9999.0 -9999.0 -9999.0 -9999.0    19.1    18.9    18.5    16.7    15.3    13.4    12.1    11.2    10.5    10.1    12.5    11.8    14.0    13.8    13.1    12.6    13.1    14.5    16.3    18.3    20.7    24.3    28.2    32.3    38.9    43.0    46.9    49.6    55.1    61.7    56.3    65.3    58.0    63.9    59.6    27.0    49.2    36.6    19.0     9.9     7.5     8.1     8.0     9.8    12.3    18.0    26.2    34.6    35.9    41.5    44.5    43.2    38.7    51.8    25.8    40.3    18.8    20.5    28.6    42.8    44.5    50.5    52.6    52.0    50.8    40.3    34.2    36.6    39.9    41.9    46.3    39.8    49.8    59.1    41.7    50.4    64.2    83.2    84.2    70.5    60.0    50.7    44.2    41.5    44.5    46.2    43.6    40.7    38.0    34.1    32.3    32.2    37.9    48.6    61.4    74.4    86.2 -9999.0 -9999.0 -9999.0 -9999.0 -9999.0 -9999.0 -9999.0 -9999.0 -9999.0 -9999.0 -9999.0 -9999.0 -9999.0 -9999.0 -9999.0 -9999.0 -9999.0 -9999.0 -9999.0 -9999.0 -9999.0 -9999.0 -9999.0 -9999.0 -9999.0 -9999.0
 -9999.0 -9999.0 -9999.0 -9999.0 -9999.0 -9999.0 -9999.0    13.9    14.6    11.8    10.1     9.3     8.0     6.9     6.9     5.9     6.9     7.3     6.8     8.2     9.1     9.7    11.3    13.0    14.9    17.2    19.7    24.2    25.9    28.6    35.7    39.8    43.2    51.7    49.2    52.5    50.9    57.1    55.0    49.5    47.7    43.1    40.5    47.2    23.0    14.1    14.7    14.9    21.3    20.6    28.4    27.7    31.4    34.5    37.9    49.1    55.0    59.3    57.3    51.1    37.9    35.5    32.4    47.5    58.4    69.6    74.5    72.1    76.0    57.5    47.0    40.3    40.3    43.3    40.3    53.1    55.2    48.6    39.3    43.1    62.0    73.7   101.0    74.2    53.3    40.9    38.2    39.3    41.8    45.4    46.9    45.1    45.4    46.8    44.8    38.6    38.0    43.9    54.9    67.9 -9999.0 -9999.0 -9999.0 -9999.0 -9999.0 -9999.0 -9999.0 -9999.0 -9999.0 -9999.0 -9999.0 -9999.0 -9999.0 -9999.0 -9999.0 -9999.0 -9999.0 -9999.0 -9999.0 -9999.0 -9999.0 -9999.0 -9999.0 -9999.0 -9999.0 -9999.0 -9999.0 -9999.0
 -9999.0 -9999.0 -9999.0 -9999.0 -9999.0 -9999.0 -9999.0    12.9    14.8     9.2     8.0     7.1     5.3     4.8     4.8     4.8     4.3     3.6     4.6     4.7     5.9     7.3     8.6    10.0    11.7    13.6    16.1    18.7    20.4    26.3    25.0    29.9    33.4    39.6    37.1    39.8    41.2    46.6    44.6    47.9    43.6    45.9    40.8    33.9    34.5    30.1    27.6    26.4    28.3    30.1    32.4    29.8    29.7    34.3    37.6    52.7    63.4    66.8    62.3    55.0    51.9    59.3    71.8    63.1    81.5    87.2    87.0    82.8    92.2    69.9    56.9    42.4    40.4    45.8    54.4    45.4    46.1    46.5    43.0    44.7    60.1    75.9    69.3    64.2    46.6    34.3    36.8    42.3    45.9    48.0    49.1    47.4    49.5    54.5    49.4    43.4    44.5 -9999.0 -9999.0 -9999.0 -9999.0 -9999.0 -9999.0 -9999.0 -9999.0 -9999.0 -9999.0 -9999.0 -9999.0 -9999.0 -9999.0 -9999.0 -9999.0 -9999.0 -9999.0 -9999.0 -9999.0 -9999.0 -9999.0 -9999.0 -9999.0 -9999.0 -9999.0 -9999.0 -9999.0 -9999.0 -9999.0 -9999.0
 -9999.0 -9999.0 -9999.0 -9999.0 -9999.0 -9999.0 -9999.0 -9999.0 -9999.0 -9999.0     6.3     4.2     5.1     2.9     2.9     2.6     2.7     2.9     3.3     3.5     3.8     5.0     6.1     7.5     8.9    10.8    13.0    15.4    17.5    19.2    21.5    27.3    26.4    29.4    30.0    41.2    36.1    39.0    56.8    43.8    50.0    44.2    39.8    36.8    46.4    35.5    44.1    37.8    42.5    43.5    40.3    37.3    34.7    35.9    39.2    49.6    64.6    65.5    62.7    56.4    55.2    65.1    81.6    89.1    99.6    80.9    66.7    81.3    89.7    80.1    59.1    46.0    40.2    46.4    52.1    52.5    51.7    61.6    52.9    52.6    56.7    68.5    79.6    75.2    59.7    48.9    50.5    55.5    56.9    55.3    52.8    51.1    53.1    54.3    48.6    45.5    52.4    65.0 -9999.0 -9999.0 -9999.0 -9999.0 -9999.0 -9999.0 -9999.0 -9999.0 -9999.0 -9999.0 -9999.0 -9999.0 -9999.0 -9999.0 -9999.0 -9999.0 -9999.0 -9999.0 -9999.0 -9999.0 -9999.0 -9999.0 -9999.0 -9999.0 -9999.0 -9999.0 -9999.0 -9999.0 -9999.0 -9999.0
 -9999.0 -9999.0 -9999.0 -9999.0 -9999.0 -9999.0 -9999.0 -9999.0 -9999.0 -9999.0 -9999.0     4.1     3.5     3.0     1.6     1.9     1.1     1.6     1.8     1.7     3.1     3.5     4.4     5.6     6.4     8.1     9.6    11.8    13.5    17.4    17.6    19.0    20.9    26.2    28.9    29.2    41.6    34.8    33.1    32.4    34.2    36.9    39.2    45.7    45.8    48.2    52.1    45.9    52.5    58.1    60.8    52.5    44.9    44.7    46.7    50.2    55.5    54.9    64.7    53.3    53.6    59.0    73.0    93.8    97.2   115.0    82.4    93.2    96.0    86.8    55.5    40.0    44.9    58.4    74.8   102.3    96.5    92.7    72.8   104.7    79.8    83.7    88.2    87.2    82.2    75.8    72.9    74.5    71.6    64.9    59.3    57.3    57.7    55.9    51.1    53.1    68.5    85.4 -9999.0 -9999.0 -9999.0 -9999.0 -9999.0 -9999.0 -9999.0 -9999.0 -9999.0 -9999.0 -9999.0 -9999.0 -9999.0 -9999.0 -9999.0 -9999.0 -9999.0 -9999.0 -9999.0 -9999.0 -9999.0 -9999.0 -9999.0 -9999.0 -9999.0 -9999.0 -9999.0 -9999.0 -9999.0 -9999.0
 -9999.0 -9999.0 -9999.0 -9999.0 -9999.0 -9999.0 -9999.0 -9999.0 -9999.0 -9999.0 -9999.0 -9999.0     1.3     2.6     2.6     1.1     1.7     1.4     1.0     1.3     1.8     2.1     2.9     4.1     5.4     6.1     7.3     8.2     9.8    10.6    13.3    16.9    17.0    18.1    21.4    21.6    31.1    34.7    33.6    33.1    31.1    34.1    48.1    44.2    55.5    64.3    58.6    58.8    58.6    71.4    71.5    64.4    56.0    51.3    56.6    53.5    60.2    59.5    68.2    63.6    61.8    66.7    75.3    90.9   102.2   115.7    61.4    72.1    82.1    86.4    86.5    94.1    97.1    95.3   108.1   113.9   108.4   125.3   119.5   117.5   127.5    99.3    92.7    89.2    94.2    92.0    81.4    83.1    80.4    74.6    69.6    66.5    65.8    67.2    68.6    78.0    98.9   113.0   112.3 -9999.0 -9999.0 -9999.0 -9999.0 -9999.0 -9999.0 -9999.0 -9999.0 -9999.0 -9999.0 -9999.0 -9999.0 -9999.0 -9999.0 -9999.0 -9999.0 -9999.0 -9999.0 -9999.0 -9999.0 -9999.0 -9999.0 -9999.0 -9999.0 -9999.0 -9999.0 -9999.0 -9999.0 -9999.0
 -9999.0 -9999.0 -9999.0 -9999.0 -9999.0 -9999.0 -9999.0 -9999.0 -9999.0 -9999.0 -9999.0 -9999.0     1.8     1.3     0.6     1.7     0.8     1.1     1.3     1.4     1.4     2.2     2.1     3.5     4.0     4.3     5.3     6.7     7.8     8.9     9.3    10.1    13.9    15.6    12.8    15.3    19.0    25.5    46.6    38.2    37.9    45.2    48.7    63.7    63.4    66.3    75.4    80.5    82.3    81.7    78.6    70.0    64.0    54.5    52.3    53.9    60.0    60.2    57.8    68.6    73.1    83.9    91.4   114.1    85.9   101.8   109.0    92.0    96.0    94.5    94.7   107.5   114.4   121.0   128.5   131.2   126.9   113.2    98.1   111.5   136.9   119.0    96.0    79.9    81.6    82.8    71.6    77.3    84.4    84.2    81.2    75.2    73.4    80.7    92.0   107.9   128.8   131.7   117.3 -9999.0 -9999.0 -9999.0 -9999.0 -9999.0 -9999.0 -9999.0 -9999.0 -9999.0 -9999.0 -9999.0 -9999.0 -9999.0 -9999.0 -9999.0 -9999.0 -9999.0 -9999.0 -9999.0 -9999.0 -9999.0 -9999.0 -9999.0 -9999.0 -9999.0 -9999.0 -9999.0 -9999.0 -9999.0
 -9999.0 -9999.0 -9999.0 -9999.0 -9999.0 -9999.0 -9999.0 -9999.0 -9999.0 -9999.0 -9999.0     1.6     1.2     0.6     0.6     0.9     0.4     0.6     0.7     1.5     1.8     2.0     2.1     2.8     3.4     3.2     4.0     4.7     5.4     6.4     7.1     7.0    10.6     9.4    11.1    10.9    18.7    17.1    21.8    28.7    48.7    64.9    78.2    62.2    76.8    86.1    87.5    83.3    83.3    81.4    80.5    73.9    66.7    60.1    60.4    59.6    56.1    84.3    76.8    94.6    99.6   103.1   119.8   127.7   138.4   123.8    64.7    74.9   103.8   122.5   125.6   135.7   141.9   134.6   133.3   129.5   116.1   104.3   105.5   126.5   145.5   130.0   102.5    76.7    70.5    78.7    84.3    93.0    99.2    95.9    89.3    80.6    78.4    87.7   105.8   121.8   130.2   121.5   104.7    93.0 -9999.0 -9999.0 -9999.0 -9999.0 -9999.0 -9999.0 -9999.0 -9999.0 -9999.0 -9999.0 -9999.0 -9999.0 -9999.0 -9999.0 -9999.0 -9999.0 -9999.0 -9999.0 -9999.0 -9999.0 -9999.0 -9999.0 -9999.0 -9999.0 -9999.0 -9999.0 -9999.0 -9999.0
 -9999.0 -9999.0 -9999.0 -9999.0 -9999.0 -9999.0 -9999.0 -9999.0 -9999.0 -9999.0 -9999.0     1.1     0.7     2.0     1.1     0.3     0.3     0.9     1.0     0.7     1.7     1.3     1.8     2.2     3.0     3.4     3.5     3.7     4.0     4.3     4.7     5.4     7.5     5.6     5.7     7.6     8.5    14.4    19.8    21.4    31.3    39.7    53.3    70.8    86.5    99.3   108.1   101.4    91.3    76.9    75.1    71.5    70.7    73.1    70.8    75.6    66.7    71.1    90.7    94.8   106.4   118.7   150.3   148.6   136.5    94.7   103.7    74.2    77.9    96.1   120.5   140.8   145.9   141.7   144.2   141.8   128.9   122.2   115.0   124.9   139.2   129.3   114.7    95.3    86.8    99.6   117.1   128.2   122.2   104.2    91.3    86.5    88.5   100.4   119.4   128.1   121.5   105.4    91.2    83.5    86.5 -9999.0 -9999.0 -9999.0 -9999.0 -9999.0 -9999.0 -9999.0 -9999.0 -9999.0 -9999.0 -9999.0 -9999.0 -9999.0 -9999.0 -9999.0 -9999.0 -9999.0 -9999.0 -9999.0 -9999.0 -9999.0 -9999.0 -9999.0 -9999.0 -9999.0 -9999.0 -9999.0
 -9999.0 -9999.0 -9999.0 -9999.0 -9999.0 -9999.0 -9999.0 -9999.0 -9999.0 -9999.0 -9999.0 -9999.0     3.9     0.7     2.0     1.1     1.0     0.4     0.7     0.8     0.5     0.6     1.5     1.4     2.1     1.7     2.3     2.2     3.0     3.2     3.6     5.1     4.5     3.9     4.0     5.4     7.7    13.2    17.8    29.4    34.9    41.1    78.5    69.5    98.1   116.5   116.7   102.1    84.9    75.7    70.7    71.7    63.9    61.4    62.3    84.0    73.6    78.1    90.1   112.2   128.4   145.2   154.7   149.2    87.0    73.1    74.3    76.4    82.6    90.1   108.5   137.5   143.6   146.3   175.0   157.9   178.9   134.8   132.0   123.9   129.1   131.0   122.7   114.9   115.7   130.5   159.3   189.0   144.9   109.5    95.2    99.0   107.9   124.0   139.5   139.3   123.3   105.5    92.8    87.2    91.5 -9999.0 -9999.0 -9999.0 -9999.0 -9999.0 -9999.0 -9999.0 -9999.0 -9999.0 -9999.0 -9999.0 -9999.0 -9999.0 -9999.0 -9999.0 -9999.0 -9999.0 -9999.0 -9999.0 -9999.0 -9999.0 -9999.0 -9999.0 -9999.0 -9999.0 -9999.0 -9999.0
 -9999.0 -9999.0 -9999.0 -9999.0 -9999.0 -9999.0 -9999.0 -9999.0 -9999.0 -9999.0 -9999.0 -9999.0     1.8     0.3     0.4     1.2     0.9     1.2     0.6     0.6     0.3     0.9     0.8     0.9     2.0     1.8     2.0     2.2     2.0     2.4     2.8     3.5     4.6     4.2     4.9    10.2    13.6    15.4    24.6    30.9    42.7    82.5   107.0   113.1   107.7   113.7   112.3    94.2    81.4    66.9    61.6    56.1    56.3    67.1    60.9    65.3    76.7    83.6    95.8   113.6   133.4   154.0   171.7   100.9    61.1    66.6    71.7    79.8    86.7    99.8   115.2   135.8   151.6   156.5   156.2   165.3   171.2   162.6   161.8   131.6   132.9   139.8   137.4   129.0   131.7   152.2   197.9   241.3   212.3   140.7   116.6   125.3   136.9   145.9   150.2   146.7   121.6   108.8   103.1    98.3   102.1   108.6   112.4 -9999.0 -9999.0 -9999.0 -9999.0 -9999.0 -9999.0 -9999.0 -9999.0 -9999.0 -9999.0 -9999.0 -9999.0 -9999.0 -9999.0 -9999.0 -9999.0 -9999.0 -9999.0 -9999.0 -9999.0 -9999.0 -9999.0 -9999.0 -9999.0 -9999.0
 -9999.0 -9999.0 -9999.0 -9999.0 -9999.0 -9999.0 -9999.0 -9999.0 -9999.0 -9999.0 -9999.0 -9999.0 -9999.0     7.5     0.5     1.7     0.5     1.8     1.5     1.0     0.4     0.6     0.6     0.9     2.7     1.8     1.5     1.9     1.5     1.4     2.0     3.0     3.7     5.0     8.4    11.8    13.6    21.6    36.8    66.6    64.5    88.2   110.2   122.4   136.0   116.4   102.5    80.8    62.7    48.8    43.1    42.9    42.9    49.9    58.0    63.9    67.7    77.9    98.3   102.0   141.2   129.9    81.4    65.9    65.4    67.5    74.8    86.9   101.2   112.0   129.5   153.5   167.8   169.1   167.6   178.0   203.6   190.7   158.4   149.7   154.7   161.2   161.4   155.7   155.2   170.2   215.7   256.1   233.5   181.8   171.2   176.4   182.2   174.3   155.2   133.1   111.6   105.7   105.5   103.9   107.5   111.4   112.4 -9999.0 -9999.0 -9999.0 -9999.0 -9999.0 -9999.0 -9999.0 -9999.0 -9999.0 -9999.0 -9999.0 -9999.0 -9999.0 -9999.0 -9999.0 -9999.0 -9999.0 -9999.0 -9999.0 -9999.0 -9999.0 -9999.0 -9999.0 -9999.0 -9999.0
 -9999.0 -9999.0 -9999.0 -9999.0 -9999.0 -9999.0 -9999.0 -9999.0 -9999.0 -9999.0 -9999.0 -9999.0 -9999.0 -9999.0    50.9     2.2     2.9     1.5     2.4     3.4     0.9     1.9     2.3     1.9     1.5     1.5     0.6     0.8     0.7     0.9     1.2     1.9     4.4     7.0     8.7    19.5    30.9    22.9    39.9    56.9    86.1   106.4   117.6   119.7   106.1   100.4    85.6    68.1    45.6    34.3    23.1    31.9    27.6    36.0    38.8    54.9    65.8    51.7   103.9   129.8   108.6    85.9    90.9    92.5    79.8    72.2    77.7    93.7   114.2   129.9   146.9   168.3   177.4   180.0   181.6   201.5   221.6   245.0   206.8   183.2   196.4   207.9   216.1   216.8   202.9   186.1   194.8   228.9   225.2   228.5   251.6   271.1   262.4   243.8   187.6   130.1   108.7   106.9   108.2   105.1   102.6   104.6   106.9 -9999.0 -9999.0 -9999.0 -9999.0 -9999.0 -9999.0 -9999.0 -9999.0 -9999.0 -9999.0 -9999.0 -9999.0 -9999.0 -9999.0 -9999.0 -9999.0 -9999.0 -9999.0 -9999.0 -9999.0 -9999.0 -9999.0 -9999.0 -9999.0 -9999.0
 -9999.0 -9999.0 -9999.0 -9999.0 -9999.0 -9999.0 -9999.0 -9999.0 -9999.0 -9999.0 -9999.0 -9999.0 -9999.0 -9999.0 -9999.0 -9999.0 -9999.0    53.6    21.0    20.9    12.9     2.7     6.4     5.8     2.1     2.0     0.6     0.7     0.8     0.6     0.8     1.3     4.3     4.0     4.9    14.3    35.7    16.3    41.8    58.2    78.0   103.8   104.5   100.1    95.8    86.3   150.3    54.0    31.4    18.6    21.1    10.4    23.2    25.0    37.4    50.5    49.7    84.8   102.2   129.4    81.7    85.8   111.8   113.6    91.5    79.5    84.6   103.3   125.6   138.7   149.1   158.8   167.8   174.3   192.2   217.4   235.1   240.7   226.3   210.0   235.7   261.0   280.8   288.3   264.8   219.2   194.6   205.9   229.2   277.0   354.7   377.4   330.4   275.8   225.5   188.0   127.1   132.8   139.5   124.2   107.6   102.3   102.8 -9999.0 -9999.0 -9999.0 -9999.0 -9999.0 -9999.0 -9999.0 -9999.0 -9999.0 -9999.0 -9999.0 -9999.0 -9999.0 -9999.0 -9999.0 -9999.0 -9999.0 -9999.0 -9999.0 -9999.0 -9999.0 -9999.0 -9999.0 -9999.0 -9999.0
 -9999.0 -9999.0 -9999.0 -9999.0 -9999.0 -9999.0 -9999.0 -9999.0 -9999.0 -9999.0 -9999.0 -9999.0 -9999.0 -9999.0 -9999.0 -9999.0 -9999.0 -9999.0 -9999.0 -9999.0    49.3    11.5     6.3     1.9     3.8     8.0     4.9     2.5     0.9     0.9     0.7     1.9     2.4     4.6     6.8    16.7    21.3    24.9    25.9    25.9    36.3    87.8    92.7    83.7    80.3    63.4   188.6    44.4    28.9    64.2     6.9    17.0    17.8    10.7    22.3    45.3    61.9    65.2   117.4   119.7    81.9   106.1   112.9   113.8    93.4    88.5   100.8   124.9   145.5   148.5   142.1   141.6   145.6   160.5   197.5   225.2   235.3   219.4   210.1   222.6   253.2   293.6   323.5   334.5   329.6   277.1   250.0   244.0   249.7   301.5   401.9   394.8   426.2   418.1   258.6   212.5   183.2   177.4   172.0   139.4   122.2   110.7 -9999.0 -9999.0 -9999.0 -9999.0 -9999.0 -9999.0 -9999.0 -9999.0 -9999.0 -9999.0 -9999.0 -9999.0 -9999.0 -9999.0 -9999.0 -9999.0 -9999.0 -9999.0 -9999.0 -9999.0 -9999.0 -9999.0 -9999.0 -9999.0 -9999.0 -9999.0
 -9999.0 -9999.0 -9999.0 -9999.0 -9999.0 -9999.0 -9999.0 -9999.0 -9999.0 -9999.0 -9999.0 -9999.0 -9999.0 -9999.0 -9999.0 -9999.0 -9999.0 -9999.0 -9999.0 -9999.0 -9999.0 -9999.0     6.4    45.8    13.7    12.7     9.1     4.2     0.9     1.0     0.8     1.5     5.3     9.1    18.5    26.3    38.8    31.9    51.2    62.6    62.6    76.3    57.0    48.5    68.2   207.7    80.2    52.6    61.1    56.5     9.9     7.7     5.8     8.4     9.5     5.8    43.5    77.1    53.3   111.8   119.1   143.8   149.2   128.9   119.1   107.9   125.7   155.5   154.6   159.5   141.3   130.9   131.1   158.5   200.1   223.1   230.6   221.7   206.7   215.1   242.9   288.4   323.8   348.7   354.6   373.7   319.9   320.1   289.5   305.5   388.4   433.0   347.1   375.4   315.1   276.2   237.0   212.1   176.6   158.3   138.4 -9999.0 -9999.0 -9999.0 -9999.0 -9999.0 -9999.0 -9999.0 -9999.0 -9999.0 -9999.0 -9999.0 -9999.0 -9999.0 -9999.0 -9999.0 -9999.0 -9999.0 -9999.0 -9999.0 -9999.0 -9999.0 -9999.0 -9999.0 -9999.0 -9999.0 -9999.0 -9999.0
 -9999.0 -9999.0 -9999.0 -9999.0 -9999.0 -9999.0 -9999.0 -9999.0 -9999.0 -9999.0 -9999.0 -9999.0 -9999.0 -9999.0 -9999.0 -9999.0 -9999.0 -9999.0 -9999.0 -9999.0 -9999.0 -9999.0 -9999.0 -9999.0   120.7    88.0    32.8     1.7     1.5     1.4     1.6     3.6     6.8    12.9    19.0    34.8    55.8    41.1    59.6    46.8    66.4    43.8    49.4    52.1   143.8   219.8   155.1   263.1    17.1    34.4     7.7     5.1     8.3     9.9     3.6     6.0    29.5    37.7    79.5    95.8   114.4   127.7   150.0   114.8   117.3   125.7   150.9   153.9   153.8   159.7   158.4   146.0   149.7   173.3   206.3   218.7   211.9   202.8   210.9   195.1   205.2   234.9   269.3   314.2   353.6   349.7   359.1   360.1   358.8   366.0   381.6   358.4   371.9   449.8   342.0   307.6   242.5   201.9   173.5   157.5   138.8 -9999.0 -9999.0 -9999.0 -9999.0 -9999.0 -9999.0 -9999.0 -9999.0 -9999.0 -9999.0 -9999.0 -9999.0 -9999.0 -9999.0 -9999.0 -9999.0 -9999.0 -9999.0 -9999.0 -9999.0 -9999.0 -9999.0 -9999.0 -9999.0 -9999.0 -9999.0 -9999.0
 -9999.0 -9999.0 -9999.0 -9999.0 -9999.0 -9999.0 -9999.0 -9999.0 -9999.0 -9999.0 -9999.0 -9999.0 -9999.0 -9999.0 -9999.0 -9999.0 -9999.0 -9999.0 -9999.0 -9999.0 -9999.0 -9999.0 -9999.0 -9999.0 -9999.0   144.7   107.3   104.4    87.4    23.2    15.8    14.7    12.6    20.5    28.4    26.7    35.0    35.3    25.6    35.5    45.2    27.9    62.2   140.8   176.4   227.6   271.4   280.2   266.9    88.1   136.5    92.3     5.7     4.5     3.9    11.2    10.7    21.8    58.0    68.3    85.4    96.4    86.4    82.5    83.8   120.7   156.8   173.2   172.8   184.2   190.6   184.0   191.5   187.2   202.5   204.0   183.3   173.7   168.9   162.8   165.5   173.2   211.6   279.4   316.8   342.9   377.0   455.2   436.0   450.9   518.5   555.4   408.1   343.4   348.9   267.7   201.8   165.2   146.7   134.2 -9999.0 -9999.0 -9999.0 -9999.0 -9999.0 -9999.0 -9999.0 -9999.0 -9999.0 -9999.0 -9999.0 -9999.0 -9999.0 -9999.0 -9999.0 -9999.0 -9999.0 -9999.0 -9999.0 -9999.0 -9999.0 -9999.0 -9999.0 -9999.0 -9999.0 -9999.0 -9999.0 -9999.0
 -9999.0 -9999.0 -9999.0 -9999.0 -9999.0 -9999.0 -9999.0 -9999.0 -9999.0 -9999.0 -9999.0 -9999.0 -9999.0 -9999.0 -9999.0 -9999.0 -9999.0 -9999.0 -9999.0 -9999.0 -9999.0 -9999.0 -9999.0 -9999.0 -9999.0 -9999.0 -9999.0   167.4   145.8    90.1   108.3    82.4    71.5    46.4    36.3    39.3 -9999.0    38.7    44.8    34.6    41.7    63.7    59.0   169.8   225.6   247.0   262.8 -9999.0 -9999.0   162.5   174.6   126.9    16.2     5.3     3.7     4.8     9.6    18.8    33.2    52.9    66.2    69.9    52.2    49.2    67.8   104.5   144.9   176.8   199.5   214.6   229.3   227.5   213.6   182.4   175.2   181.6   153.1   153.1   154.1   148.3   140.7   146.3   187.5   251.1   300.2   337.9   395.3   474.3   560.8   520.3   541.0   473.5   346.4   287.9   275.2   194.0   149.8   125.5   111.6   102.7 -9999.0 -9999.0 -9999.0 -9999.0 -9999.0 -9999.0 -9999.0 -9999.0 -9999.0 -9999.0 -9999.0 -9999.0 -9999.0 -9999.0 -9999.0 -9999.0 -9999.0 -9999.0 -9999.0 -9999.0 -9999.0 -9999.0 -9999.0 -9999.0 -9999.0 -9999.0 -9999.0 -9999.0
 -9999.0 -9999.0 -9999.0 -9999.0 -9999.0 -9999.0 -9999.0 -9999.0 -9999.0 -9999.0 -9999.0 -9999.0 -9999.0 -9999.0 -9999.0 -9999.0 -9999.0 -9999.0 -9999.0 -9999.0 -9999.0 -9999.0 -9999.0 -9999.0 -9999.0 -9999.0 -9999.0 -9999.0 -9999.0 -9999.0 -9999.0 -9999.0 -9999.0   123.6   111.6 -9999.0 -9999.0 -9999.0 -9999.0   133.0   142.4   160.9   183.0   204.5   221.8 -9999.0 -9999.0 -9999.0 -9999.0 -9999.0 -9999.0 -9999.0    12.9     6.2     3.5     5.3    10.3    16.4    26.8    40.5    51.2    53.7    51.0    47.6    60.4    90.6   134.1   192.8   231.5   260.5   267.2   283.4   259.1   205.9   186.5   172.5   156.9   172.9   151.9   169.5   152.0   160.5   197.3   241.7   291.2   343.6   416.8   518.6   605.9   597.1   514.3   405.8   310.2   290.0   236.7   154.1   117.1    94.4    81.8 -9999.0 -9999.0 -9999.0 -9999.0 -9999.0 -9999.0 -9999.0 -9999.0 -9999.0 -9999.0 -9999.0 -9999.0 -9999.0 -9999.0 -9999.0 -9999.0 -9999.0 -9999.0 -9999.0 -9999.0 -9999.0 -9999.0 -9999.0 -9999.0 -9999.0 -9999.0 -9999.0 -9999.0 -9999.0
 -9999.0 -9999.0 -9999.0 -9999.0 -9999.0 -9999.0 -9999.0 -9999.0 -9999.0 -9999.0 -9999.0 -9999.0 -9999.0 -9999.0 -9999.0 -9999.0 -9999.0 -9999.0 -9999.0 -9999.0 -9999.0 -9999.0 -9999.0 -9999.0 -9999.0 -9999.0 -9999.0 -9999.0 -9999.0 -9999.0 -9999.0 -9999.0 -9999.0 -9999.0 -9999.0 -9999.0 -9999.0 -9999.0 -9999.0   151.2   162.0   167.2   169.3   202.3 -9999.0 -9999.0 -9999.0 -9999.0 -9999.0 -9999.0 -9999.0 -9999.0    56.9     7.5     4.1     6.8     8.2     9.6    14.0    24.0    35.5    45.0    74.5    62.8    80.7   114.0   155.6   193.7   231.6   261.6   277.4   304.3   283.2   247.4   209.1   232.8   212.5   262.7   265.4   223.2   185.3   185.2   227.8   239.3   286.9   337.1   403.6   492.9   602.5   568.4   473.0   375.0   309.3   257.6   197.0   140.8    99.4    74.8 -9999.0 -9999.0 -9999.0 -9999.0 -9999.0 -9999.0 -9999.0 -9999.0 -9999.0 -9999.0 -9999.0 -9999.0 -9999.0 -9999.0 -9999.0 -9999.0 -9999.0 -9999.0 -9999.0 -9999.0 -9999.0 -9999.0 -9999.0 -9999.0 -9999.0 -9999.0 -9999.0 -9999.0 -9999.0 -9999.0
 -9999.0 -9999.0 -9999.0 -9999.0 -9999.0 -9999.0 -9999.0 -9999.0 -9999.0 -9999.0 -9999.0 -9999.0 -9999.0 -9999.0 -9999.0 -9999.0 -9999.0 -9999.0 -9999.0 -9999.0 -9999.0 -9999.0 -9999.0 -9999.0 -9999.0 -9999.0 -9999.0 -9999.0 -9999.0 -9999.0 -9999.0 -9999.0 -9999.0 -9999.0 -9999.0 -9999.0 -9999.0 -9999.0 -9999.0 -9999.0 -9999.0 -9999.0 -9999.0 -9999.0 -9999.0 -9999.0 -9999.0 -9999.0 -9999.0 -9999.0 -9999.0    84.5    24.4     8.8     3.9     4.8     4.9     6.2     6.1    13.5    29.2    43.6    57.2    82.1   114.0   148.9   173.3   198.6   217.7   238.9   243.4   254.2   260.3   270.3   268.9   335.5   302.8   459.9   293.5   255.9   277.1   246.5   166.6   267.5   337.7   388.0   329.3   396.8   432.2   471.9   345.6   340.1   278.8   252.8   186.1   133.8    89.9    62.8 -9999.0 -9999.0 -9999.0 -9999.0 -9999.0 -9999.0 -9999.0 -9999.0 -9999.0 -9999.0 -9999.0 -9999.0 -9999.0 -9999.0 -9999.0 -9999.0 -9999.0 -9999.0 -9999.0 -9999.0 -9999.0 -9999.0 -9999.0 -9999.0 -9999.0 -9999.0 -9999.0 -9999.0 -9999.0 -9999.0
 -9999.0 -9999.0 -9999.0 -9999.0 -9999.0 -9999.0 -9999.0 -9999.0 -9999.0 -9999.0 -9999.0 -9999.0 -9999.0 -9999.0 -9999.0 -9999.0 -9999.0 -9999.0 -9999.0 -9999.0 -9999.0 -9999.0 -9999.0 -9999.0 -9999.0 -9999.0 -9999.0 -9999.0 -9999.0 -9999.0 -9999.0 -9999.0 -9999.0 -9999.0 -9999.0 -9999.0 -9999.0 -9999.0 -9999.0 -9999.0 -9999.0 -9999.0 -9999.0 -9999.0 -9999.0 -9999.0 -9999.0 -9999.0 -9999.0 -9999.0   155.9    61.9    26.8    13.1     5.6     4.8     2.8     3.8     5.0    11.7    20.2    44.4    65.8   105.0   160.3   197.9   202.5   212.1   226.9   249.1   238.4   220.9   229.2   245.8   268.7   301.4   590.3   310.2   456.2   343.5   299.8   366.1   344.0   434.4   364.7   451.3   342.3   399.9   403.6   384.0   337.4   248.7   292.3   233.6   177.5   123.9    81.6 -9999.0 -9999.0 -9999.0 -9999.0 -9999.0 -9999.0 -9999.0 -9999.0 -9999.0 -9999.0 -9999.0 -9999.0 -9999.0 -9999.0 -9999.0 -9999.0 -9999.0 -9999.0 -9999.0 -9999.0 -9999.0 -9999.0 -9999.0 -9999.0 -9999.0 -9999.0 -9999.0 -9999.0 -9999.0 -9999.0 -9999.0
 -9999.0 -9999.0 -9999.0 -9999.0 -9999.0 -9999.0 -9999.0 -9999.0 -9999.0 -9999.0 -9999.0 -9999.0 -9999.0 -9999.0 -9999.0 -9999.0 -9999.0 -9999.0 -9999.0 -9999.0 -9999.0 -9999.0 -9999.0 -9999.0 -9999.0 -9999.0 -9999.0 -9999.0 -9999.0 -9999.0 -9999.0 -9999.0 -9999.0 -9999.0 -9999.0 -9999.0 -9999.0 -9999.0 -9999.0 -9999.0 -9999.0 -9999.0 -9999.0 -9999.0 -9999.0 -9999.0 -9999.0 -9999.0 -9999.0 -9999.0   142.9    59.9    53.2    22.1    12.8     6.6     7.0     8.8    11.1    14.1    21.3    41.0    76.2   131.7   195.2   217.1   227.0   239.9   261.3   293.6   286.3   254.4   241.2   269.8   332.3   435.5   399.8   521.7   460.7   308.4   467.2   358.7   548.9   671.4   474.1   475.8   389.5   357.6   384.5   410.1   295.7   377.3   297.6   225.2   162.8   111.1    72.2 -9999.0 -9999.0 -9999.0 -9999.0 -9999.0 -9999.0 -9999.0 -9999.0 -9999.0 -9999.0 -9999.0 -9999.0 -9999.0 -9999.0 -9999.0 -9999.0 -9999.0 -9999.0 -9999.0 -9999.0 -9999.0 -9999.0 -9999.0 -9999.0 -9999.0 -9999.0 -9999.0 -9999.0 -9999.0 -9999.0 -9999.0
 -9999.0 -9999.0 -9999.0 -9999.0 -9999.0 -9999.0 -9999.0 -9999.0 -9999.0 -9999.0 -9999.0 -9999.0 -9999.0 -9999.0 -9999.0 -9999.0 -9999.0 -9999.0 -9999.0 -9999.0 -9999.0 -9999.0 -9999.0 -9999.0 -9999.0 -9999.0 -9999.0 -9999.0 -9999.0 -9999.0 -9999.0 -9999.0 -9999.0 -9999.0 -9999.0 -9999.0 -9999.0 -9999.0 -9999.0 -9999.0 -9999.0 -9999.0 -9999.0 -9999.0 -9999.0 -9999.0 -9999.0 -9999.0 -9999.0 -9999.0   136.1    89.6    69.1    39.2    24.4    16.4    19.4    22.2    22.5    26.6    29.8    50.4    83.1   136.9   191.9   220.4   232.3   253.6   277.7   284.1   327.0   254.6   295.3   261.9   339.6   374.7   277.3   440.5   363.7   466.3   311.6   654.9   902.8   894.0   551.6   561.2   448.7   391.8   321.9   319.0   217.5   301.1   261.6   199.3   142.5    96.4 -9999.0 -9999.0 -9999.0 -9999.0 -9999.0 -9999.0 -9999.0 -9999.0 -9999.0 -9999.0 -9999.0 -9999.0 -9999.0 -9999.0 -9999.0 -9999.0 -9999.0 -9999.0 -9999.0 -9999.0 -9999.0 -9999.0 -9999.0 -9999.0 -9999.0 -9999.0 -9999.0 -9999.0 -9999.0 -9999.0 -9999.0 -9999.0
 -9999.0 -9999.0 -9999.0 -9999.0 -9999.0 -9999.0 -9999.0 -9999.0 -9999.0 -9999.0 -9999.0 -9999.0 -9999.0 -9999.0 -9999.0 -9999.0 -9999.0 -9999.0 -9999.0 -9999.0 -9999.0 -9999.0 -9999.0 -9999.0 -9999.0 -9999.0 -9999.0 -9999.0 -9999.0 -9999.0 -9999.0 -9999.0 -9999.0 -9999.0 -9999.0 -9999.0 -9999.0 -9999.0 -9999.0 -9999.0 -9999.0 -9999.0 -9999.0 -9999.0 -9999.0 -9999.0 -9999.0 -9999.0 -9999.0 -9999.0   112.2    92.6    80.3    66.0    52.5    42.0    51.2    42.9    41.3    44.5    50.7    66.5    88.9   126.5   166.8   191.7   208.6   230.9   230.8   271.4   272.9   273.7   273.1   254.0   316.8   325.4   287.1   379.2   265.7   393.7   458.1   510.9   874.9   845.1   840.7   577.8   344.2   404.5   234.2   171.6   221.8   229.9   205.0   163.0 -9999.0 -9999.0 -9999.0 -9999.0 -9999.0 -9999.0 -9999.0 -9999.0 -9999.0 -9999.0 -9999.0 -9999.0 -9999.0 -9999.0 -9999.0 -9999.0 -9999.0 -9999.0 -9999.0 -9999.0 -9999.0 -9999.0 -9999.0 -9999.0 -9999.0 -9999.0 -9999.0 -9999.0 -9999.0 -9999.0 -9999.0 -9999.0 -9999.0 -9999.0
 -9999.0 -9999.0 -9999.0 -9999.0 -9999.0 -9999.0 -9999.0 -9999.0 -9999.0 -9999.0 -9999.0 -9999.0 -9999.0 -9999.0 -9999.0 -9999.0 -9999.0 -9999.0 -9999.0 -9999.0 -9999.0 -9999.0 -9999.0 -9999.0 -9999.0 -9999.0 -9999.0 -9999.0 -9999.0 -9999.0 -9999.0 -9999.0 -9999.0 -9999.0 -9999.0 -9999.0 -9999.0 -9999.0 -9999.0 -9999.0 -9999.0 -9999.0 -9999.0 -9999.0 -9999.0 -9999.0 -9999.0 -9999.0 -9999.0 -9999.0   123.4   122.3   110.4   107.2    97.4    84.2    71.1    59.9    69.1    66.4    96.4    89.8   110.7   122.5   142.2   160.2   179.5   209.4   199.3   192.1   183.9   180.9   208.6   231.9   267.6   344.6   359.9   384.2   362.1   371.4   393.3   551.6   686.5   741.2   650.0   492.5   462.3   278.9   354.2   235.1   190.9   177.4   158.8 -9999.0 -9999.0 -9999.0 -9999.0 -9999.0 -9999.0 -9999.0 -9999.0 -9999.0 -9999.0 -9999.0 -9999.0 -9999.0 -9999.0 -9999.0 -9999.0 -9999.0 -9999.0 -9999.0 -9999.0 -9999.0 -9999.0 -9999.0 -9999.0 -9999.0 -9999.0 -9999.0 -9999.0 -9999.0 -9999.0 -9999.0 -9999.0 -9999.0 -9999.0 -9999.0
 -9999.0 -9999.0 -9999.0 -9999.0 -9999.0 -9999.0 -9999.0 -9999.0 -9999.0 -9999.0 -9999.0 -9999.0 -9999.0 -9999.0 -9999.0 -9999.0 -9999.0 -9999.0 -9999.0 -9999.0 -9999.0 -9999.0 -9999.0 -9999.0 -9999.0 -9999.0 -9999.0 -9999.0 -9999.0 -9999.0 -9999.0 -9999.0 -9999.0 -9999.0 -9999.0 -9999.0 -9999.0 -9999.0 -9999.0 -9999.0 -9999.0 -9999.0 -9999.0 -9999.0 -9999.0 -9999.0 -9999.0 -9999.0 -9999.0 -9999.0 -9999.0 -9999.0 -9999.0   153.2   150.2   103.8    95.5    78.1    69.1    95.4   109.2   104.2   136.3   124.9   136.3   152.6   192.2   184.7   201.0   183.8   160.9   151.3   162.8   182.7   215.6   240.8   340.3   328.8   363.7   379.5   418.5   449.7   504.7   526.6   498.6   492.2   552.4   556.3   421.9   281.8   201.8   162.0 -9999.0 -9999.0 -9999.0 -9999.0 -9999.0 -9999.0 -9999.0 -9999.0 -9999.0 -9999.0 -9999.0 -9999.0 -9999.0 -9999.0 -9999.0 -9999.0 -9999.0 -9999.0 -9999.0 -9999.0 -9999.0 -9999.0 -9999.0 -9999.0 -9999.0 -9999.0 -9999.0 -9999.0 -9999.0 -9999.0 -9999.0 -9999.0 -9999.0 -9999.0 -9999.0 -9999.0
 -9999.0 -9999.0 -9999.0 -9999.0 -9999.0 -9999.0 -9999.0 -9999.0 -9999.0 -9999.0 -9999.0 -9999.0 -9999.0 -9999.0 -9999.0 -9999.0 -9999.0 -9999.0 -9999.0 -9999.0 -9999.0 -9999.0 -9999.0 -9999.0 -9999.0 -9999.0 -9999.0 -9999.0 -9999.0 -9999.0 -9999.0 -9999.0 -9999.0 -9999.0 -9999.0 -9999.0 -9999.0 -9999.0 -9999.0 -9999.0 -9999.0 -9999.0 -9999.0 -9999.0 -9999.0 -9999.0 -9999.0 -9999.0 -9999.0 -9999.0 -9999.0 -9999.0 -9999.0   189.6   189.6   141.6   104.0    76.9    71.1    85.0   119.2   126.4   147.0   143.3   142.0   165.9 -9999.0   208.8   219.4   224.4   198.6   178.4   171.8   166.4   158.1   166.1   265.0   324.7   184.1   389.8   439.3   417.4   337.1   395.1   404.6   440.1   505.0   521.3   435.9   315.6 -9999.0 -9999.0 -9999.0 -9999.0 -9999.0 -9999.0 -9999.0 -9999.0 -9999.0 -9999.0 -9999.0 -9999.0 -9999.0 -9999.0 -9999.0 -9999.0 -9999.0 -9999.0 -9999.0 -9999.0 -9999.0 -9999.0 -9999.0 -9999.0 -9999.0 -9999.0 -9999.0 -9999.0 -9999.0 -9999.0 -9999.0 -9999.0 -9999.0 -9999.0 -9999.0 -9999.0 -9999.0 -9999.0
 -9999.0 -9999.0 -9999.0 -9999.0 -9999.0 -9999.0 -9999.0 -9999.0 -9999.0 -9999.0 -9999.0 -9999.0 -9999.0 -9999.0 -9999.0 -9999.0 -9999.0 -9999.0 -9999.0 -9999.0 -9999.0 -9999.0 -9999.0 -9999.0 -9999.0 -9999.0 -9999.0 -9999.0 -9999.0 -9999.0 -9999.0 -9999.0 -9999.0 -9999.0 -9999.0 -9999.0 -9999.0 -9999.0 -9999.0 -9999.0 -9999.0 -9999.0 -9999.0 -9999.0 -9999.0 -9999.0 -9999.0 -9999.0 -9999.0 -9999.0 -9999.0 -9999.0 -9999.0   198.0   184.8   147.9   106.4    73.5    67.8    86.3    77.7   108.4   115.2 -9999.0 -9999.0 -9999.0 -9999.0 -9999.0   256.3   259.8   230.9   226.3   194.7   143.3   109.8   121.7   178.3   257.0   335.0   428.3   439.3   426.4   376.5   353.9   364.3   402.2 -9999.0 -9999.0 -9999.0 -9999.0 -9999.0 -9999.0 -9999.0 -9999.0 -9999.0 -9999.0 -9999.0 -9999.0 -9999.0 -9999.0 -9999.0 -9999.0 -9999.0 -9999.0 -9999.0 -9999.0 -9999.0 -9999.0 -9999.0 -9999.0 -9999.0 -9999.0 -9999.0 -9999.0 -9999.0 -9999.0 -9999.0 -9999.0 -9999.0 -9999.0 -9999.0 -9999.0 -9999.0 -9999.0 -9999.0 -9999.0 -9999.0 -9999.0
 -9999.0 -9999.0 -9999.0 -9999.0 -9999.0 -9999.0 -9999.0 -9999.0 -9999.0 -9999.0 -9999.0 -9999.0 -9999.0 -9999.0 -9999.0 -9999.0 -9999.0 -9999.0 -9999.0 -9999.0 -9999.0 -9999.0 -9999.0 -9999.0 -9999.0 -9999.0 -9999.0 -9999.0 -9999.0 -9999.0 -9999.0 -9999.0 -9999.0 -9999.0 -9999.0 -9999.0 -9999.0 -9999.0 -9999.0 -9999.0 -9999.0 -9999.0 -9999.0 -9999.0 -9999.0 -9999.0 -9999.0 -9999.0 -9999.0 -9999.0 -9999.0 -9999.0 -9999.0 -9999.0 -9999.0   134.1    98.8    67.9    52.9    59.8    65.5 -9999.0 -9999.0 -9999.0 -9999.0 -9999.0 -9999.0 -9999.0 -9999.0   262.2   252.5   227.1   168.5   101.8    65.0    68.3   107.0   181.9   279.8   384.0   437.2   424.2   382.6   354.3   354.0 -9999.0 -9999.0 -9999.0 -9999.0 -9999.0 -9999.0 -9999.0 -9999.0 -9999.0 -9999.0 -9999.0 -9999.0 -9999.0 -9999.0 -9999.0 -9999.0 -9999.0 -9999.0 -9999.0 -9999.0 -9999.0 -9999.0 -9999.0 -9999.0 -9999.0 -9999.0 -9999.0 -9999.0 -9999.0 -9999.0 -9999.0 -9999.0 -9999.0 -9999.0 -9999.0 -9999.0 -9999.0 -9999.0 -9999.0 -9999.0 -9999.0 -9999.0 -9999.0
 -9999.0 -9999.0 -9999.0 -9999.0 -9999.0 -9999.0 -9999.0 -9999.0 -9999.0 -9999.0 -9999.0 -9999.0 -9999.0 -9999.0 -9999.0 -9999.0 -9999.0 -9999.0 -9999.0 -9999.0 -9999.0 -9999.0 -9999.0 -9999.0 -9999.0 -9999.0 -9999.0 -9999.0 -9999.0 -9999.0 -9999.0 -9999.0 -9999.0 -9999.0 -9999.0 -9999.0 -9999.0 -9999.0 -9999.0 -9999.0 -9999.0 -9999.0 -9999.0 -9999.0 -9999.0 -9999.0 -9999.0 -9999.0 -9999.0 -9999.0 -9999.0 -9999.0 -9999.0 -9999.0 -9999.0 -9999.0    70.6    53.8    45.6    39.1    46.7 -9999.0 -9999.0 -9999.0 -9999.0 -9999.0 -9999.0 -9999.0 -9999.0 -9999.0 -9999.0 -9999.0   124.1    76.5    53.2    58.4    92.6   167.1   262.7 -9999.0 -9999.0 -9999.0 -9999.0 -9999.0 -9999.0 -9999.0 -9999.0 -9999.0 -9999.0 -9999.0 -9999.0 -9999.0 -9999.0 -9999.0 -9999.0 -9999.0 -9999.0 -9999.0 -9999.0 -9999.0 -9999.0 -9999.0 -9999.0 -9999.0 -9999.0 -9999.0 -9999.0 -9999.0 -9999.0 -9999.0 -9999.0 -9999.0 -9999.0 -9999.0 -9999.0 -9999.0 -9999.0 -9999.0 -9999.0 -9999.0 -9999.0 -9999.0 -9999.0 -9999.0 -9999.0 -9999.0 -9999.0 -9999.0
 -9999.0 -9999.0 -9999.0 -9999.0 -9999.0 -9999.0 -9999.0 -9999.0 -9999.0 -9999.0 -9999.0 -9999.0 -9999.0 -9999.0 -9999.0 -9999.0 -9999.0 -9999.0 -9999.0 -9999.0 -9999.0 -9999.0 -9999.0 -9999.0 -9999.0 -9999.0 -9999.0 -9999.0 -9999.0 -9999.0 -9999.0 -9999.0 -9999.0 -9999.0 -9999.0 -9999.0 -9999.0 -9999.0 -9999.0 -9999.0 -9999.0 -9999.0 -9999.0 -9999.0 -9999.0 -9999.0 -9999.0 -9999.0 -9999.0 -9999.0 -9999.0 -9999.0 -9999.0 -9999.0 -9999.0 -9999.0 -9999.0 -9999.0 -9999.0 -9999.0 -9999.0 -9999.0 -9999.0 -9999.0 -9999.0 -9999.0 -9999.0 -9999.0 -9999.0 -9999.0 -9999.0 -9999.0 -9999.0    70.9    72.0    92.0   133.7   200.5   278.1   346.2 -9999.0 -9999.0 -9999.0 -9999.0 -9999.0 -9999.0 -9999.0 -9999.0 -9999.0 -9999.0 -9999.0 -9999.0 -9999.0 -9999.0 -9999.0 -9999.0 -9999.0 -9999.0 -9999.0 -9999.0 -9999.0 -9999.0 -9999.0 -9999.0 -9999.0 -9999.0 -9999.0 -9999.0 -9999.0 -9999.0 -9999.0 -9999.0 -9999.0 -9999.0 -9999.0 -9999.0 -9999.0 -9999.0 -9999.0 -9999.0 -9999.0 -9999.0 -9999.0 -9999.0 -9999.0 -9999.0 -9999.0 -9999.0
 -9999.0 -9999.0 -9999.0 -9999.0 -9999.0 -9999.0 -9999.0 -9999.0 -9999.0 -9999.0 -9999.0 -9999.0 -9999.0 -9999.0 -9999.0 -9999.0 -9999.0 -9999.0 -9999.0 -9999.0 -9999.0 -9999.0 -9999.0 -9999.0 -9999.0 -9999.0 -9999.0 -9999.0 -9999.0 -9999.0 -9999.0 -9999.0 -9999.0 -9999.0 -9999.0 -9999.0 -9999.0 -9999.0 -9999.0 -9999.0 -9999.0 -9999.0 -9999.0 -9999.0 -9999.0 -9999.0 -9999.0 -9999.0 -9999.0 -9999.0 -9999.0 -9999.0 -9999.0 -9999.0 -9999.0 -9999.0 -9999.0 -9999.0 -9999.0 -9999.0 -9999.0 -9999.0 -9999.0 -9999.0 -9999.0 -9999.0 -9999.0 -9999.0 -9999.0 -9999.0 -9999.0 -9999.0    52.4    62.3    92.6   135.3   178.5   233.8   287.0   328.8 -9999.0 -9999.0 -9999.0 -9999.0 -9999.0 -9999.0 -9999.0 -9999.0 -9999.0 -9999.0 -9999.0 -9999.0 -9999.0 -9999.0 -9999.0 -9999.0 -9999.0 -9999.0 -9999.0 -9999.0 -9999.0 -9999.0 -9999.0 -9999.0 -9999.0 -9999.0 -9999.0 -9999.0 -9999.0 -9999.0 -9999.0 -9999.0 -9999.0 -9999.0 -9999.0 -9999.0 -9999.0 -9999.0 -9999.0 -9999.0 -9999.0 -9999.0 -9999.0 -9999.0 -9999.0 -9999.0 -9999.0 -9999.0
 -9999.0 -9999.0 -9999.0 -9999.0 -9999.0 -9999.0 -9999.0 -9999.0 -9999.0 -9999.0 -9999.0 -9999.0 -9999.0 -9999.0 -9999.0 -9999.0 -9999.0 -9999.0 -9999.0 -9999.0 -9999.0 -9999.0 -9999.0 -9999.0 -9999.0 -9999.0 -9999.0 -9999.0 -9999.0 -9999.0 -9999.0 -9999.0 -9999.0 -9999.0 -9999.0 -9999.0 -9999.0 -9999.0 -9999.0 -9999.0 -9999.0 -9999.0 -9999.0 -9999.0 -9999.0 -9999.0 -9999.0 -9999.0 -9999.0 -9999.0 -9999.0 -9999.0 -9999.0 -9999.0 -9999.0 -9999.0 -9999.0 -9999.0 -9999.0 -9999.0 -9999.0 -9999.0 -9999.0 -9999.0 -9999.0 -9999.0 -9999.0 -9999.0 -9999.0 -9999.0 -9999.0 -9999.0    20.3    37.1    79.0   125.1   161.2   207.5   248.0 -9999.0 -9999.0 -9999.0 -9999.0 -9999.0 -9999.0 -9999.0 -9999.0 -9999.0 -9999.0 -9999.0 -9999.0 -9999.0 -9999.0 -9999.0 -9999.0 -9999.0 -9999.0 -9999.0 -9999.0 -9999.0 -9999.0 -9999.0 -9999.0 -9999.0 -9999.0 -9999.0 -9999.0 -9999.0 -9999.0 -9999.0 -9999.0 -9999.0 -9999.0 -9999.0 -9999.0 -9999.0 -9999.0 -9999.0 -9999.0 -9999.0 -9999.0 -9999.0 -9999.0 -9999.0 -9999.0 -9999.0 -9999.0 -9999.0
 -9999.0 -9999.0 -9999.0 -9999.0 -9999.0 -9999.0 -9999.0 -9999.0 -9999.0 -9999.0 -9999.0 -9999.0 -9999.0 -9999.0 -9999.0 -9999.0 -9999.0 -9999.0 -9999.0 -9999.0 -9999.0 -9999.0 -9999.0 -9999.0 -9999.0 -9999.0 -9999.0 -9999.0 -9999.0 -9999.0 -9999.0 -9999.0 -9999.0 -9999.0 -9999.0 -9999.0 -9999.0 -9999.0 -9999.0 -9999.0 -9999.0 -9999.0 -9999.0 -9999.0 -9999.0 -9999.0 -9999.0 -9999.0 -9999.0 -9999.0 -9999.0 -9999.0 -9999.0 -9999.0 -9999.0 -9999.0 -9999.0 -9999.0 -9999.0 -9999.0 -9999.0 -9999.0 -9999.0 -9999.0 -9999.0 -9999.0 -9999.0 -9999.0 -9999.0 -9999.0 -9999.0 -9999.0     2.1    11.2    33.7    62.3    94.1   130.6   167.3 -9999.0 -9999.0 -9999.0 -9999.0 -9999.0 -9999.0 -9999.0 -9999.0 -9999.0 -9999.0 -9999.0 -9999.0 -9999.0 -9999.0 -9999.0 -9999.0 -9999.0 -9999.0 -9999.0 -9999.0 -9999.0 -9999.0 -9999.0 -9999.0 -9999.0 -9999.0 -9999.0 -9999.0 -9999.0 -9999.0 -9999.0 -9999.0 -9999.0 -9999.0 -9999.0 -9999.0 -9999.0 -9999.0 -9999.0 -9999.0 -9999.0 -9999.0 -9999.0 -9999.0 -9999.0 -9999.0 -9999.0 -9999.0 -9999.0
 -9999.0 -9999.0 -9999.0 -9999.0 -9999.0 -9999.0 -9999.0 -9999.0 -9999.0 -9999.0 -9999.0 -9999.0 -9999.0 -9999.0 -9999.0 -9999.0 -9999.0 -9999.0 -9999.0 -9999.0 -9999.0 -9999.0 -9999.0 -9999.0 -9999.0 -9999.0 -9999.0 -9999.0 -9999.0 -9999.0 -9999.0 -9999.0 -9999.0 -9999.0 -9999.0 -9999.0 -9999.0 -9999.0 -9999.0 -9999.0 -9999.0 -9999.0 -9999.0 -9999.0 -9999.0 -9999.0 -9999.0 -9999.0 -9999.0 -9999.0 -9999.0 -9999.0 -9999.0 -9999.0 -9999.0 -9999.0 -9999.0 -9999.0 -9999.0 -9999.0 -9999.0 -9999.0 -9999.0 -9999.0 -9999.0 -9999.0 -9999.0 -9999.0 -9999.0 -9999.0 -9999.0 -9999.0     0.0     0.2     2.9    13.5    30.9    55.0 -9999.0 -9999.0 -9999.0 -9999.0 -9999.0 -9999.0 -9999.0 -9999.0 -9999.0 -9999.0 -9999.0 -9999.0 -9999.0 -9999.0 -9999.0 -9999.0 -9999.0 -9999.0 -9999.0 -9999.0 -9999.0 -9999.0 -9999.0 -9999.0 -9999.0 -9999.0 -9999.0 -9999.0 -9999.0 -9999.0 -9999.0 -9999.0 -9999.0 -9999.0 -9999.0 -9999.0 -9999.0 -9999.0 -9999.0 -9999.0 -9999.0 -9999.0 -9999.0 -9999.0 -9999.0 -9999.0 -9999.0 -9999.0 -9999.0 -9999.0
