NCOLS      128
NROWS       72
XLLCORNER    72.000000000000    
YLLCORNER    18.000000000000    
CELLSIZE    0.50000000000000    
NODATA_VALUE   -9999.000    
 -9999.0 -9999.0 -9999.0 -9999.0 -9999.0 -9999.0 -9999.0 -9999.0 -9999.0 -9999.0 -9999.0 -9999.0 -9999.0 -9999.0 -9999.0 -9999.0 -9999.0 -9999.0 -9999.0 -9999.0 -9999.0 -9999.0 -9999.0 -9999.0 -9999.0 -9999.0 -9999.0 -9999.0 -9999.0 -9999.0 -9999.0 -9999.0 -9999.0 -9999.0 -9999.0 -9999.0 -9999.0 -9999.0 -9999.0 -9999.0 -9999.0 -9999.0 -9999.0 -9999.0 -9999.0 -9999.0 -9999.0 -9999.0 -9999.0 -9999.0 -9999.0 -9999.0 -9999.0 -9999.0 -9999.0 -9999.0 -9999.0 -9999.0 -9999.0 -9999.0 -9999.0 -9999.0 -9999.0 -9999.0 -9999.0 -9999.0 -9999.0 -9999.0 -9999.0 -9999.0 -9999.0 -9999.0 -9999.0 -9999.0 -9999.0 -9999.0 -9999.0 -9999.0 -9999.0 -9999.0 -9999.0 -9999.0 -9999.0 -9999.0 -9999.0 -9999.0 -9999.0 -9999.0 -9999.0 -9999.0 -9999.0 -9999.0 -9999.0 -9999.0 -9999.0 -9999.0 -9999.0   163.4   157.7   150.6   142.1   130.5   117.3   102.4    89.9 -9999.0 -9999.0 -9999.0 -9999.0 -9999.0 -9999.0 -9999.0 -9999.0 -9999.0 -9999.0 -9999.0 -9999.0 -9999.0 -9999.0 -9999.0 -9999.0 -9999.0 -9999.0 -9999.0 -9999.0 -9999.0 -9999.0 -9999.0
 -9999.0 -9999.0 -9999.0 -9999.0 -9999.0 -9999.0 -9999.0 -9999.0 -9999.0 -9999.0 -9999.0 -9999.0 -9999.0 -9999.0 -9999.0 -9999.0 -9999.0 -9999.0 -9999.0 -9999.0 -9999.0 -9999.0 -9999.0 -9999.0 -9999.0 -9999.0 -9999.0 -9999.0 -9999.0 -9999.0 -9999.0 -9999.0 -9999.0 -9999.0 -9999.0 -9999.0 -9999.0 -9999.0 -9999.0 -9999.0 -9999.0 -9999.0 -9999.0 -9999.0 -9999.0 -9999.0 -9999.0 -9999.0 -9999.0 -9999.0 -9999.0 -9999.0 -9999.0 -9999.0 -9999.0 -9999.0 -9999.0 -9999.0 -9999.0 -9999.0 -9999.0 -9999.0 -9999.0 -9999.0 -9999.0 -9999.0 -9999.0 -9999.0 -9999.0 -9999.0 -9999.0 -9999.0 -9999.0 -9999.0 -9999.0 -9999.0 -9999.0 -9999.0 -9999.0 -9999.0 -9999.0 -9999.0 -9999.0 -9999.0 -9999.0 -9999.0 -9999.0 -9999.0 -9999.0 -9999.0 -9999.0 -9999.0 -9999.0 -9999.0 -9999.0 -9999.0   175.6   170.9   166.1   160.6   155.7   147.3   134.2   118.0   101.8    84.8    73.6    67.4    62.6 -9999.0 -9999.0 -9999.0 -9999.0 -9999.0 -9999.0 -9999.0 -9999.0 -9999.0 -9999.0 -9999.0 -9999.0 -9999.0 -9999.0 -9999.0 -9999.0 -9999.0 -9999.0 -9999.0
 -9999.0 -9999.0 -9999.0 -9999.0 -9999.0 -9999.0 -9999.0 -9999.0 -9999.0 -9999.0 -9999.0 -9999.0 -9999.0 -9999.0 -9999.0 -9999.0 -9999.0 -9999.0 -9999.0 -9999.0 -9999.0 -9999.0 -9999.0 -9999.0 -9999.0 -9999.0 -9999.0 -9999.0 -9999.0 -9999.0 -9999.0 -9999.0 -9999.0 -9999.0 -9999.0 -9999.0 -9999.0 -9999.0 -9999.0 -9999.0 -9999.0 -9999.0 -9999.0 -9999.0 -9999.0 -9999.0 -9999.0 -9999.0 -9999.0 -9999.0 -9999.0 -9999.0 -9999.0 -9999.0 -9999.0 -9999.0 -9999.0 -9999.0 -9999.0 -9999.0 -9999.0 -9999.0 -9999.0 -9999.0 -9999.0 -9999.0 -9999.0 -9999.0 -9999.0 -9999.0 -9999.0 -9999.0 -9999.0 -9999.0 -9999.0 -9999.0 -9999.0 -9999.0 -9999.0 -9999.0 -9999.0 -9999.0 -9999.0 -9999.0 -9999.0 -9999.0 -9999.0 -9999.0 -9999.0 -9999.0 -9999.0 -9999.0 -9999.0 -9999.0 -9999.0   182.7   179.0   174.4   170.9   166.8   164.2   160.7   152.7   139.3   120.0   108.7    89.2    82.7    76.4 -9999.0 -9999.0 -9999.0 -9999.0 -9999.0 -9999.0 -9999.0 -9999.0 -9999.0 -9999.0 -9999.0 -9999.0 -9999.0 -9999.0 -9999.0 -9999.0 -9999.0 -9999.0 -9999.0
 -9999.0 -9999.0 -9999.0 -9999.0 -9999.0 -9999.0 -9999.0 -9999.0 -9999.0 -9999.0 -9999.0 -9999.0 -9999.0 -9999.0 -9999.0 -9999.0 -9999.0 -9999.0 -9999.0 -9999.0 -9999.0 -9999.0 -9999.0 -9999.0 -9999.0 -9999.0 -9999.0 -9999.0 -9999.0 -9999.0 -9999.0 -9999.0 -9999.0 -9999.0 -9999.0 -9999.0 -9999.0 -9999.0 -9999.0 -9999.0 -9999.0 -9999.0 -9999.0 -9999.0 -9999.0 -9999.0 -9999.0 -9999.0 -9999.0 -9999.0 -9999.0 -9999.0 -9999.0 -9999.0 -9999.0 -9999.0 -9999.0 -9999.0 -9999.0 -9999.0 -9999.0 -9999.0 -9999.0 -9999.0 -9999.0 -9999.0 -9999.0 -9999.0 -9999.0 -9999.0 -9999.0 -9999.0 -9999.0 -9999.0 -9999.0 -9999.0 -9999.0 -9999.0 -9999.0 -9999.0 -9999.0 -9999.0 -9999.0 -9999.0 -9999.0 -9999.0 -9999.0 -9999.0 -9999.0 -9999.0 -9999.0 -9999.0 -9999.0 -9999.0 -9999.0   185.2   179.8   175.4   170.4   169.8   173.1   176.8   168.7   159.5   143.3   123.9   107.0   100.2    92.4    86.2 -9999.0 -9999.0 -9999.0 -9999.0 -9999.0 -9999.0 -9999.0 -9999.0 -9999.0 -9999.0 -9999.0 -9999.0 -9999.0 -9999.0 -9999.0 -9999.0 -9999.0 -9999.0
 -9999.0 -9999.0 -9999.0 -9999.0 -9999.0 -9999.0 -9999.0 -9999.0 -9999.0 -9999.0 -9999.0 -9999.0 -9999.0 -9999.0 -9999.0 -9999.0 -9999.0 -9999.0 -9999.0 -9999.0 -9999.0 -9999.0 -9999.0 -9999.0 -9999.0 -9999.0 -9999.0 -9999.0 -9999.0 -9999.0 -9999.0 -9999.0 -9999.0 -9999.0 -9999.0 -9999.0 -9999.0 -9999.0 -9999.0 -9999.0 -9999.0 -9999.0 -9999.0 -9999.0 -9999.0 -9999.0 -9999.0 -9999.0 -9999.0 -9999.0 -9999.0 -9999.0 -9999.0 -9999.0 -9999.0 -9999.0 -9999.0 -9999.0 -9999.0 -9999.0 -9999.0 -9999.0 -9999.0 -9999.0 -9999.0 -9999.0 -9999.0 -9999.0 -9999.0 -9999.0 -9999.0 -9999.0 -9999.0 -9999.0 -9999.0 -9999.0 -9999.0 -9999.0 -9999.0 -9999.0 -9999.0 -9999.0 -9999.0 -9999.0 -9999.0 -9999.0 -9999.0 -9999.0 -9999.0 -9999.0 -9999.0 -9999.0 -9999.0 -9999.0 -9999.0   184.6   179.4   172.5   169.0   167.5   169.6   182.7   183.0   177.4   164.9   151.1   127.9   118.8   111.4   101.3    94.1 -9999.0 -9999.0 -9999.0 -9999.0 -9999.0 -9999.0 -9999.0 -9999.0 -9999.0 -9999.0 -9999.0 -9999.0 -9999.0 -9999.0 -9999.0 -9999.0 -9999.0
 -9999.0 -9999.0 -9999.0 -9999.0 -9999.0 -9999.0 -9999.0 -9999.0 -9999.0 -9999.0 -9999.0 -9999.0 -9999.0 -9999.0 -9999.0 -9999.0 -9999.0 -9999.0 -9999.0 -9999.0 -9999.0 -9999.0 -9999.0 -9999.0 -9999.0 -9999.0 -9999.0 -9999.0 -9999.0 -9999.0 -9999.0 -9999.0 -9999.0 -9999.0 -9999.0 -9999.0 -9999.0 -9999.0 -9999.0 -9999.0 -9999.0 -9999.0 -9999.0 -9999.0 -9999.0 -9999.0 -9999.0 -9999.0 -9999.0 -9999.0 -9999.0 -9999.0 -9999.0 -9999.0 -9999.0 -9999.0 -9999.0 -9999.0 -9999.0 -9999.0 -9999.0 -9999.0 -9999.0 -9999.0 -9999.0 -9999.0 -9999.0 -9999.0 -9999.0 -9999.0 -9999.0 -9999.0 -9999.0 -9999.0 -9999.0 -9999.0 -9999.0 -9999.0 -9999.0 -9999.0 -9999.0 -9999.0 -9999.0 -9999.0 -9999.0 -9999.0 -9999.0 -9999.0 -9999.0 -9999.0 -9999.0 -9999.0 -9999.0 -9999.0   187.5   183.3   175.2   166.8   161.4   164.0   173.4   169.3   179.5   177.9   168.2   157.0   143.0   134.4   127.6   114.8   106.8 -9999.0 -9999.0 -9999.0 -9999.0 -9999.0 -9999.0 -9999.0 -9999.0 -9999.0 -9999.0 -9999.0 -9999.0 -9999.0 -9999.0 -9999.0 -9999.0 -9999.0
 -9999.0 -9999.0 -9999.0 -9999.0 -9999.0 -9999.0 -9999.0 -9999.0 -9999.0 -9999.0 -9999.0 -9999.0 -9999.0 -9999.0 -9999.0 -9999.0 -9999.0 -9999.0 -9999.0 -9999.0 -9999.0 -9999.0 -9999.0 -9999.0 -9999.0 -9999.0 -9999.0 -9999.0 -9999.0 -9999.0 -9999.0 -9999.0 -9999.0 -9999.0 -9999.0 -9999.0 -9999.0 -9999.0 -9999.0 -9999.0 -9999.0 -9999.0 -9999.0 -9999.0 -9999.0 -9999.0 -9999.0 -9999.0 -9999.0 -9999.0 -9999.0 -9999.0 -9999.0 -9999.0 -9999.0 -9999.0 -9999.0 -9999.0 -9999.0 -9999.0 -9999.0 -9999.0 -9999.0 -9999.0 -9999.0 -9999.0 -9999.0 -9999.0 -9999.0 -9999.0 -9999.0 -9999.0 -9999.0 -9999.0 -9999.0 -9999.0 -9999.0 -9999.0 -9999.0 -9999.0 -9999.0 -9999.0 -9999.0 -9999.0 -9999.0 -9999.0 -9999.0 -9999.0 -9999.0 -9999.0 -9999.0 -9999.0 -9999.0 -9999.0   183.3   178.3   170.4   161.2   156.5   154.7   162.5   168.6   169.1   165.1   156.9   155.0   148.6   142.6   140.3   132.0   116.3   106.4 -9999.0 -9999.0 -9999.0 -9999.0 -9999.0 -9999.0 -9999.0 -9999.0 -9999.0 -9999.0 -9999.0 -9999.0 -9999.0 -9999.0 -9999.0 -9999.0
 -9999.0 -9999.0 -9999.0 -9999.0 -9999.0 -9999.0 -9999.0 -9999.0 -9999.0 -9999.0 -9999.0 -9999.0 -9999.0 -9999.0 -9999.0 -9999.0 -9999.0 -9999.0 -9999.0 -9999.0 -9999.0 -9999.0 -9999.0 -9999.0 -9999.0 -9999.0 -9999.0 -9999.0 -9999.0 -9999.0 -9999.0 -9999.0 -9999.0 -9999.0 -9999.0 -9999.0 -9999.0 -9999.0 -9999.0 -9999.0 -9999.0 -9999.0 -9999.0 -9999.0 -9999.0 -9999.0 -9999.0 -9999.0 -9999.0 -9999.0 -9999.0 -9999.0 -9999.0 -9999.0 -9999.0 -9999.0 -9999.0 -9999.0 -9999.0 -9999.0 -9999.0 -9999.0 -9999.0 -9999.0 -9999.0 -9999.0 -9999.0 -9999.0 -9999.0 -9999.0 -9999.0 -9999.0 -9999.0 -9999.0 -9999.0 -9999.0 -9999.0 -9999.0 -9999.0 -9999.0 -9999.0 -9999.0 -9999.0 -9999.0 -9999.0 -9999.0 -9999.0 -9999.0 -9999.0   178.1 -9999.0 -9999.0   180.2   178.9   177.6   171.8   163.0   153.8   150.6   153.9   148.0   152.8   153.9   144.5   142.8   144.0   144.0   152.6   150.0   146.9   130.2   120.2 -9999.0 -9999.0 -9999.0 -9999.0 -9999.0 -9999.0 -9999.0 -9999.0 -9999.0 -9999.0 -9999.0 -9999.0 -9999.0 -9999.0 -9999.0 -9999.0
 -9999.0 -9999.0 -9999.0 -9999.0 -9999.0 -9999.0 -9999.0 -9999.0 -9999.0 -9999.0 -9999.0 -9999.0 -9999.0 -9999.0 -9999.0 -9999.0 -9999.0 -9999.0 -9999.0 -9999.0 -9999.0 -9999.0 -9999.0 -9999.0 -9999.0 -9999.0 -9999.0 -9999.0 -9999.0 -9999.0 -9999.0 -9999.0 -9999.0 -9999.0 -9999.0 -9999.0 -9999.0 -9999.0 -9999.0 -9999.0 -9999.0 -9999.0 -9999.0 -9999.0 -9999.0 -9999.0 -9999.0 -9999.0 -9999.0 -9999.0 -9999.0 -9999.0 -9999.0 -9999.0 -9999.0 -9999.0 -9999.0 -9999.0 -9999.0 -9999.0 -9999.0 -9999.0 -9999.0 -9999.0 -9999.0 -9999.0 -9999.0 -9999.0 -9999.0 -9999.0 -9999.0 -9999.0 -9999.0 -9999.0 -9999.0 -9999.0 -9999.0 -9999.0 -9999.0 -9999.0 -9999.0 -9999.0 -9999.0 -9999.0 -9999.0 -9999.0 -9999.0 -9999.0   182.3   178.7   173.7   173.9   174.4   171.4   168.4   161.6   152.5   146.9   146.5   150.0   155.4   151.7   140.3   135.3   134.4   137.4   139.5   143.2   148.6   152.7   149.7   136.5   129.9   127.0   128.8   134.7 -9999.0 -9999.0 -9999.0 -9999.0 -9999.0 -9999.0 -9999.0 -9999.0 -9999.0 -9999.0 -9999.0 -9999.0
 -9999.0 -9999.0 -9999.0 -9999.0 -9999.0 -9999.0 -9999.0 -9999.0 -9999.0 -9999.0 -9999.0 -9999.0 -9999.0 -9999.0 -9999.0 -9999.0 -9999.0 -9999.0 -9999.0 -9999.0 -9999.0 -9999.0 -9999.0 -9999.0 -9999.0 -9999.0 -9999.0 -9999.0 -9999.0    80.7    96.6    99.7    92.7 -9999.0 -9999.0 -9999.0 -9999.0 -9999.0 -9999.0 -9999.0 -9999.0 -9999.0 -9999.0 -9999.0 -9999.0 -9999.0 -9999.0 -9999.0 -9999.0 -9999.0 -9999.0 -9999.0 -9999.0 -9999.0 -9999.0 -9999.0 -9999.0 -9999.0 -9999.0 -9999.0 -9999.0 -9999.0 -9999.0 -9999.0 -9999.0 -9999.0 -9999.0 -9999.0 -9999.0 -9999.0 -9999.0 -9999.0 -9999.0 -9999.0 -9999.0 -9999.0 -9999.0 -9999.0 -9999.0 -9999.0 -9999.0 -9999.0 -9999.0 -9999.0 -9999.0 -9999.0 -9999.0   182.7   179.2   174.9   171.2   170.6   167.3   163.8   158.4   150.2   142.6   138.4   150.8   155.5   153.1   145.3   139.3   125.5   129.2   130.4   129.4   132.6   144.1   151.8   156.5   154.9   155.2   152.5   154.6   157.1   163.8   171.5 -9999.0 -9999.0 -9999.0 -9999.0 -9999.0 -9999.0 -9999.0 -9999.0 -9999.0 -9999.0
 -9999.0 -9999.0 -9999.0 -9999.0 -9999.0 -9999.0 -9999.0 -9999.0 -9999.0 -9999.0 -9999.0 -9999.0 -9999.0 -9999.0 -9999.0 -9999.0 -9999.0 -9999.0 -9999.0 -9999.0 -9999.0 -9999.0 -9999.0 -9999.0 -9999.0 -9999.0 -9999.0    38.0    60.8    58.7    97.9    95.8   102.4    67.6 -9999.0 -9999.0 -9999.0 -9999.0 -9999.0 -9999.0 -9999.0 -9999.0 -9999.0 -9999.0 -9999.0 -9999.0 -9999.0 -9999.0 -9999.0 -9999.0 -9999.0 -9999.0 -9999.0 -9999.0 -9999.0 -9999.0 -9999.0 -9999.0 -9999.0 -9999.0 -9999.0 -9999.0 -9999.0 -9999.0 -9999.0 -9999.0 -9999.0 -9999.0 -9999.0 -9999.0 -9999.0 -9999.0 -9999.0 -9999.0 -9999.0 -9999.0 -9999.0 -9999.0 -9999.0 -9999.0 -9999.0 -9999.0 -9999.0 -9999.0 -9999.0 -9999.0 -9999.0   173.2   172.1   173.7   170.5   165.5   160.4   154.8   148.4   141.4   135.1   139.5   145.7   158.6   156.7   150.5   146.3   136.5   128.5   124.1   122.7   124.6   123.8   133.9   154.2   171.2   185.1   186.3   185.4   186.2   185.9   186.5 -9999.0 -9999.0 -9999.0 -9999.0 -9999.0   245.4   266.0   285.2   302.4 -9999.0
 -9999.0 -9999.0 -9999.0 -9999.0 -9999.0 -9999.0 -9999.0 -9999.0 -9999.0 -9999.0 -9999.0 -9999.0 -9999.0 -9999.0 -9999.0 -9999.0 -9999.0 -9999.0 -9999.0 -9999.0 -9999.0 -9999.0 -9999.0 -9999.0 -9999.0 -9999.0    19.7    17.6    27.1    37.1    49.5    57.3   114.5    78.7    77.1    67.5    66.0 -9999.0 -9999.0 -9999.0 -9999.0 -9999.0 -9999.0 -9999.0 -9999.0 -9999.0 -9999.0 -9999.0 -9999.0 -9999.0 -9999.0 -9999.0 -9999.0 -9999.0 -9999.0 -9999.0 -9999.0 -9999.0 -9999.0 -9999.0 -9999.0 -9999.0 -9999.0 -9999.0 -9999.0 -9999.0 -9999.0 -9999.0 -9999.0 -9999.0 -9999.0 -9999.0 -9999.0 -9999.0 -9999.0 -9999.0 -9999.0 -9999.0 -9999.0 -9999.0 -9999.0 -9999.0 -9999.0 -9999.0 -9999.0 -9999.0   169.3   168.4   169.1   168.5   162.8   157.6   151.3   144.8   138.2   134.2   131.1   137.4   145.8   144.2   148.0   147.1   147.3   144.3   132.7   122.3   115.3   109.3   106.1   118.6   145.5   174.1   198.8   208.8   214.5   207.1   196.9   191.4   189.1 -9999.0 -9999.0   199.8   218.2   238.2   258.2   276.4   292.3 -9999.0
 -9999.0 -9999.0 -9999.0 -9999.0 -9999.0 -9999.0 -9999.0 -9999.0 -9999.0 -9999.0 -9999.0 -9999.0 -9999.0 -9999.0 -9999.0 -9999.0 -9999.0 -9999.0 -9999.0 -9999.0 -9999.0 -9999.0 -9999.0 -9999.0 -9999.0 -9999.0    14.2    18.8    21.3    22.0    22.5    29.2    25.1    45.4    43.9    59.9   114.0    46.1 -9999.0 -9999.0 -9999.0 -9999.0 -9999.0 -9999.0 -9999.0 -9999.0 -9999.0 -9999.0 -9999.0 -9999.0 -9999.0 -9999.0 -9999.0 -9999.0 -9999.0 -9999.0 -9999.0 -9999.0 -9999.0 -9999.0 -9999.0 -9999.0 -9999.0 -9999.0 -9999.0 -9999.0 -9999.0 -9999.0 -9999.0 -9999.0 -9999.0 -9999.0 -9999.0 -9999.0 -9999.0 -9999.0 -9999.0 -9999.0 -9999.0 -9999.0 -9999.0 -9999.0 -9999.0 -9999.0 -9999.0 -9999.0   161.1   162.8   160.8   157.5   153.2   147.0   139.3   133.0   128.6   126.1   131.8   128.3   125.2   131.9   134.8   135.4   138.2   135.2   128.4   115.0   100.8    91.0    90.4   102.0   128.4   165.1   198.1   208.6   212.0   218.2   197.7   188.5   176.1   167.9   172.9   188.1   206.6   226.7   246.2   263.7   278.2 -9999.0
 -9999.0 -9999.0 -9999.0 -9999.0 -9999.0 -9999.0 -9999.0 -9999.0 -9999.0 -9999.0 -9999.0 -9999.0 -9999.0 -9999.0 -9999.0 -9999.0 -9999.0 -9999.0 -9999.0 -9999.0 -9999.0    30.6    33.8    27.7    21.4    23.9    34.4    48.0    43.1    31.1    20.1    19.5    16.2    16.0    20.6    20.6    56.1    53.2    71.6 -9999.0 -9999.0 -9999.0 -9999.0 -9999.0 -9999.0 -9999.0 -9999.0 -9999.0 -9999.0 -9999.0 -9999.0 -9999.0 -9999.0 -9999.0 -9999.0 -9999.0 -9999.0 -9999.0 -9999.0 -9999.0 -9999.0 -9999.0 -9999.0 -9999.0 -9999.0 -9999.0 -9999.0 -9999.0 -9999.0 -9999.0 -9999.0 -9999.0 -9999.0 -9999.0 -9999.0 -9999.0 -9999.0 -9999.0 -9999.0 -9999.0 -9999.0 -9999.0 -9999.0 -9999.0 -9999.0 -9999.0 -9999.0   146.5 -9999.0 -9999.0   141.6 -9999.0 -9999.0   120.6   117.4   118.9   126.6   116.5   111.1   124.2   120.7   123.4   120.1   117.0   110.1    98.0    82.7    74.4    73.5    89.0   111.9   137.8   164.9   185.5   189.2   190.2   180.9   176.9   167.7   156.7   160.1   174.2   192.6   212.3   230.9   247.1 -9999.0 -9999.0
 -9999.0 -9999.0 -9999.0 -9999.0 -9999.0 -9999.0 -9999.0 -9999.0 -9999.0 -9999.0 -9999.0 -9999.0 -9999.0 -9999.0 -9999.0 -9999.0 -9999.0 -9999.0 -9999.0 -9999.0 -9999.0    20.6    20.6    19.9    19.4    44.9    29.6    30.3    35.7    30.3    19.2    18.1    18.2    12.2    10.0     9.2    13.0    58.4    28.1 -9999.0 -9999.0 -9999.0 -9999.0 -9999.0 -9999.0 -9999.0 -9999.0 -9999.0 -9999.0 -9999.0 -9999.0 -9999.0 -9999.0 -9999.0 -9999.0 -9999.0 -9999.0 -9999.0 -9999.0 -9999.0 -9999.0 -9999.0 -9999.0 -9999.0 -9999.0 -9999.0 -9999.0 -9999.0 -9999.0 -9999.0 -9999.0 -9999.0 -9999.0 -9999.0 -9999.0 -9999.0 -9999.0 -9999.0 -9999.0 -9999.0 -9999.0 -9999.0 -9999.0 -9999.0 -9999.0 -9999.0 -9999.0 -9999.0 -9999.0   134.6   129.3   121.5   113.9   108.4   107.2   111.8   105.9   103.0   100.3   104.0   108.0   108.4   104.4    99.3    91.3    79.9    67.6    59.4    61.6    78.0    97.6   114.8   131.2   146.9   160.0   151.8   156.3   161.2   160.4   152.7   152.9   163.1   178.4   196.5   213.9 -9999.0 -9999.0 -9999.0
 -9999.0 -9999.0 -9999.0 -9999.0 -9999.0 -9999.0 -9999.0 -9999.0 -9999.0 -9999.0 -9999.0 -9999.0 -9999.0 -9999.0 -9999.0 -9999.0 -9999.0 -9999.0 -9999.0 -9999.0    20.7    23.8    20.4    20.4    20.4    15.5    12.3    15.0    13.6    14.9    17.6    13.6    14.1    12.1     8.7     6.5    13.9    12.8    15.9 -9999.0 -9999.0 -9999.0 -9999.0 -9999.0 -9999.0 -9999.0 -9999.0 -9999.0 -9999.0 -9999.0 -9999.0 -9999.0 -9999.0 -9999.0 -9999.0 -9999.0 -9999.0 -9999.0 -9999.0 -9999.0 -9999.0 -9999.0 -9999.0 -9999.0 -9999.0 -9999.0 -9999.0 -9999.0 -9999.0 -9999.0 -9999.0 -9999.0 -9999.0 -9999.0 -9999.0 -9999.0 -9999.0 -9999.0 -9999.0 -9999.0 -9999.0 -9999.0 -9999.0 -9999.0 -9999.0 -9999.0 -9999.0 -9999.0   122.4   122.7   119.3   112.7   104.4    99.2    99.2   102.9   101.2   103.7    97.6    97.5   100.8    97.9    92.8    86.4    78.3    68.9    59.7    52.8    57.8    73.4    88.0    96.3   104.3   105.4   115.9   131.1   139.0   146.9   152.5   150.2   149.6   155.4   166.9   181.4   195.8 -9999.0 -9999.0 -9999.0
 -9999.0 -9999.0 -9999.0 -9999.0 -9999.0 -9999.0 -9999.0 -9999.0 -9999.0 -9999.0 -9999.0 -9999.0 -9999.0 -9999.0 -9999.0 -9999.0 -9999.0 -9999.0    24.3    23.5    22.3    62.2    36.4    37.6    26.8    19.8     9.1     7.7     7.6    10.1    10.7    11.8    12.1     9.9     8.3     8.8    10.5     9.7    10.8 -9999.0 -9999.0 -9999.0 -9999.0 -9999.0 -9999.0 -9999.0 -9999.0 -9999.0 -9999.0 -9999.0 -9999.0 -9999.0 -9999.0 -9999.0 -9999.0 -9999.0 -9999.0 -9999.0 -9999.0 -9999.0 -9999.0 -9999.0 -9999.0 -9999.0 -9999.0 -9999.0 -9999.0 -9999.0 -9999.0 -9999.0 -9999.0 -9999.0 -9999.0 -9999.0 -9999.0 -9999.0 -9999.0 -9999.0 -9999.0 -9999.0 -9999.0 -9999.0 -9999.0 -9999.0    91.8    93.6    97.1   105.3   112.5   111.9   112.0   107.2   100.2    94.9    96.4   102.9   102.4   101.3    95.8    94.4    94.9    92.7    87.9    81.5    73.7    65.9    59.9    58.8    66.8    81.1    91.7    97.4    99.7    98.2   117.3   134.2   154.3   146.1   148.3   147.9   147.2   150.5   157.8   168.0 -9999.0 -9999.0 -9999.0 -9999.0
 -9999.0 -9999.0 -9999.0 -9999.0 -9999.0 -9999.0 -9999.0 -9999.0 -9999.0 -9999.0 -9999.0 -9999.0 -9999.0 -9999.0 -9999.0    20.2    31.9    56.0    69.4    35.6    40.6    22.5    38.5    21.8    15.8    11.0     8.5     7.1     6.5     7.7     8.5     8.4     8.6     7.5    10.1    11.3    10.8    56.2    29.5    24.4    35.1    42.2    44.3    49.6 -9999.0 -9999.0 -9999.0 -9999.0 -9999.0 -9999.0 -9999.0 -9999.0 -9999.0 -9999.0 -9999.0 -9999.0 -9999.0 -9999.0 -9999.0 -9999.0 -9999.0 -9999.0 -9999.0 -9999.0 -9999.0 -9999.0 -9999.0 -9999.0 -9999.0 -9999.0 -9999.0 -9999.0 -9999.0 -9999.0 -9999.0 -9999.0 -9999.0 -9999.0 -9999.0   108.3    99.8    91.3    84.3    78.7    76.9    79.6    84.4    91.9   100.7   104.5   108.5   105.9   101.0    97.4    99.5   107.8   107.8   104.3    96.6    92.9    92.9    93.5    92.1    86.3    77.5    70.2    66.6    72.4    86.8    98.5   109.7   112.6   112.2   118.8   161.3   152.0   157.8   155.0   151.2   148.5   147.3   147.5   151.0   156.1 -9999.0 -9999.0 -9999.0 -9999.0
 -9999.0 -9999.0 -9999.0 -9999.0 -9999.0 -9999.0 -9999.0 -9999.0 -9999.0 -9999.0 -9999.0 -9999.0 -9999.0 -9999.0 -9999.0    57.9    55.4    73.5    50.7    36.0    18.9    14.6    13.1    14.0    13.1    11.1     7.9     6.0     5.8     6.1     6.0     5.4     5.6     4.4     4.3     4.9     5.1    10.3    11.2    17.5    20.4    15.6    18.1    21.5    21.4    31.9   116.0 -9999.0 -9999.0 -9999.0 -9999.0 -9999.0 -9999.0 -9999.0 -9999.0 -9999.0 -9999.0 -9999.0 -9999.0 -9999.0 -9999.0 -9999.0 -9999.0 -9999.0 -9999.0 -9999.0 -9999.0 -9999.0 -9999.0 -9999.0 -9999.0 -9999.0 -9999.0 -9999.0 -9999.0 -9999.0 -9999.0 -9999.0   103.4    99.8    91.2    78.9    70.2    66.9    67.0    70.5    75.6    80.7    87.4    94.9   100.4   103.3   101.6   100.3   105.0   104.6   106.9    99.8    94.2    90.8    92.6    97.4   101.9   100.6    91.9    82.7    78.7    87.8   105.8   117.6   125.7   132.9   157.0   161.2   165.8   167.7   168.3   160.5   153.0   148.7   147.2   144.9   143.7 -9999.0 -9999.0 -9999.0 -9999.0 -9999.0
 -9999.0 -9999.0 -9999.0 -9999.0 -9999.0 -9999.0 -9999.0 -9999.0 -9999.0 -9999.0 -9999.0 -9999.0 -9999.0 -9999.0 -9999.0 -9999.0    27.2    28.2    36.0    52.1    62.5    35.3    65.5    35.9    21.9    18.6    12.8     7.4     6.8     6.5     5.7     4.4     4.2     4.2     4.7     5.7     7.5    11.3    17.7    30.2    44.1    34.7    28.3    16.8    13.3    12.1    13.6    18.0 -9999.0 -9999.0 -9999.0 -9999.0 -9999.0 -9999.0 -9999.0 -9999.0 -9999.0 -9999.0 -9999.0 -9999.0 -9999.0 -9999.0 -9999.0 -9999.0 -9999.0 -9999.0 -9999.0 -9999.0 -9999.0 -9999.0 -9999.0 -9999.0 -9999.0 -9999.0 -9999.0 -9999.0 -9999.0 -9999.0    95.0    95.4    84.8    70.9    63.8    60.8    61.1    64.8    66.7    70.0    74.4    81.2    91.5    96.7    97.3    97.9    98.5    98.4    97.1    93.4    87.9    85.9    89.0    97.2   107.5   113.5   107.5    95.3    93.4   104.3   121.7   136.2   148.2   172.9   186.4   163.6   163.8   167.2   162.9   158.2   151.1   149.6 -9999.0 -9999.0 -9999.0 -9999.0 -9999.0 -9999.0 -9999.0 -9999.0
 -9999.0 -9999.0 -9999.0 -9999.0 -9999.0 -9999.0 -9999.0 -9999.0 -9999.0 -9999.0 -9999.0 -9999.0 -9999.0 -9999.0 -9999.0 -9999.0    26.5    29.5    30.8    29.0    40.1    33.6    32.9    37.2    54.0    60.1    53.3    25.4    67.1    40.8    12.3    15.0    89.2    55.5    11.8    10.1    17.5    19.1    26.4    42.6    58.0    44.2    52.7   121.7    16.0     6.3     4.6     5.8 -9999.0 -9999.0 -9999.0 -9999.0 -9999.0 -9999.0 -9999.0 -9999.0 -9999.0 -9999.0 -9999.0 -9999.0 -9999.0 -9999.0 -9999.0 -9999.0 -9999.0 -9999.0 -9999.0 -9999.0 -9999.0 -9999.0 -9999.0 -9999.0 -9999.0 -9999.0 -9999.0 -9999.0 -9999.0    92.3    93.2    91.6    81.3    69.1    58.7    54.3    58.4    62.2    64.0    63.9    66.2    71.7    78.6    86.2    92.5    91.3    90.1    91.0    90.7    87.7    82.2    79.7    82.3    90.0   100.1   106.4   104.9   106.4   112.6   117.9   125.6   137.6   153.0   159.0   158.9   152.3   152.7   148.3   148.8   152.1   146.7 -9999.0 -9999.0 -9999.0 -9999.0 -9999.0 -9999.0 -9999.0 -9999.0 -9999.0
 -9999.0 -9999.0 -9999.0 -9999.0 -9999.0 -9999.0 -9999.0 -9999.0 -9999.0 -9999.0 -9999.0 -9999.0 -9999.0 -9999.0 -9999.0 -9999.0    69.7    76.5    77.0    44.8    31.6    30.9    42.7    32.3    30.1    30.9    65.5    72.4    57.0    58.2    55.7    33.5    12.9     9.1    16.1    22.3    16.9    12.9    17.2    15.4    22.0    27.0    30.6    73.5    60.9    18.2     5.3     3.0     7.3    10.8     8.6 -9999.0 -9999.0 -9999.0 -9999.0 -9999.0 -9999.0 -9999.0 -9999.0 -9999.0 -9999.0 -9999.0 -9999.0 -9999.0 -9999.0 -9999.0 -9999.0 -9999.0 -9999.0 -9999.0 -9999.0 -9999.0 -9999.0 -9999.0 -9999.0 -9999.0    80.5    85.6    84.7    85.6    75.4    63.2    57.5    56.3    60.6    65.5    66.0    62.8    61.1    63.7    69.0    75.7    78.6    81.3    82.1    85.5    88.4    86.7    81.1    76.9    77.0    81.2    87.3    92.3    97.3   109.5   117.8   117.5   120.1   126.4   137.8   164.2   148.7   134.3   125.6   126.6   131.8   136.4   143.2   144.7 -9999.0 -9999.0 -9999.0 -9999.0 -9999.0 -9999.0 -9999.0 -9999.0
 -9999.0 -9999.0 -9999.0 -9999.0 -9999.0 -9999.0 -9999.0 -9999.0 -9999.0 -9999.0 -9999.0 -9999.0 -9999.0 -9999.0 -9999.0    52.6    46.1    50.9    73.9    76.7    70.5    69.0    49.4    31.2    27.0    37.1    43.2    34.7    36.7    55.7    63.8    17.0     4.5     4.6     5.1     5.8     8.2     8.2     7.5     7.9     5.2     5.1     5.8     4.7     6.4    10.9     8.1     5.3     5.4     4.3     4.2     4.2     5.6    11.0     9.5    11.9    13.1    15.7    17.7    18.9    17.7 -9999.0 -9999.0 -9999.0 -9999.0 -9999.0 -9999.0 -9999.0 -9999.0    17.2    25.0    35.6    47.1    58.1    66.6    75.6    78.4    87.7    90.4    83.2    76.1    67.3    63.0    64.1    70.4    76.5    75.4    67.7    61.9    60.9    63.3    66.7    69.8    72.6    77.8    85.5    90.2    89.6    85.3    79.9    77.0    77.0    80.2    87.5   100.0   112.8   113.3   109.5   109.6   120.0   130.6   135.7   126.7   119.0    99.5   108.6   128.4   137.4 -9999.0 -9999.0 -9999.0 -9999.0 -9999.0 -9999.0 -9999.0 -9999.0 -9999.0 -9999.0
 -9999.0 -9999.0 -9999.0 -9999.0 -9999.0 -9999.0 -9999.0 -9999.0 -9999.0 -9999.0 -9999.0 -9999.0 -9999.0 -9999.0    65.9    93.6   102.6    71.4    78.4    75.2    47.7    24.6    23.1    28.1    22.6    27.4    31.7    12.0     8.6     8.1     9.4    14.6     8.1    11.3     9.4     8.7     9.6    10.7    11.9    10.0     6.8     4.6     3.0     2.1     2.2     2.9     3.5     6.9     6.9     6.5     6.0     5.0     6.1     5.4     5.4     8.3     9.5    11.5    11.9    13.0    13.4    12.1    10.4     9.2     8.8     9.0     6.8     7.3     9.3    14.8    24.0    36.3    49.2    61.0    69.9    77.5    82.8    88.4    93.9    92.9    91.3    85.6    83.3    84.4    91.7    94.8    91.2    78.7    70.4    68.1    69.5    74.9    80.9    86.2    92.5    95.0    96.5    92.3    89.1    87.6    83.3    81.7    84.8    93.9   112.5   134.4   135.9   129.4   128.9   142.7   136.1   141.8   143.2   103.5    92.6    91.7   107.6 -9999.0 -9999.0 -9999.0 -9999.0 -9999.0 -9999.0 -9999.0 -9999.0 -9999.0 -9999.0 -9999.0
 -9999.0 -9999.0 -9999.0 -9999.0 -9999.0 -9999.0 -9999.0 -9999.0 -9999.0 -9999.0 -9999.0 -9999.0    66.8    73.8    84.4    48.0    74.1    36.7    22.7    15.7    14.0    13.9    13.1    13.1    12.8    11.1     9.1     7.6     7.4     7.4     8.0     9.5    12.6    10.8     9.1     9.8    11.0    11.2     9.4     9.0     6.9     5.6     4.3     3.3     3.2     5.2     6.9     7.7    10.4     6.4     5.7     4.6     5.5     5.8     5.2     6.5     8.7    10.4    10.8    10.2     9.8     9.6     8.0     6.7     5.2     4.8     4.9     5.7     9.1    15.6    27.4    42.0    54.8    67.2    74.6    79.6    85.1    93.2   103.8   115.9   123.0   123.1   123.8   118.7   117.0   115.1   107.3    95.8    89.8    90.4    97.1   107.2   109.0   114.7   118.5   113.3   103.3    92.9    93.1    95.6    95.6    98.4   102.6   112.1   134.8   161.4   171.8   169.6   169.8   163.5   163.1   172.2   137.7   114.4   157.8 -9999.0 -9999.0 -9999.0 -9999.0 -9999.0 -9999.0 -9999.0 -9999.0 -9999.0 -9999.0 -9999.0 -9999.0 -9999.0
 -9999.0 -9999.0 -9999.0 -9999.0 -9999.0 -9999.0 -9999.0 -9999.0 -9999.0    30.5    50.2    55.4    61.3    41.7    16.0    13.9    13.4    13.6    11.8    10.1     9.4     9.7    10.2    10.6    10.3     9.3     8.0     6.8     6.3     6.4     7.5    11.6    11.4    10.1    10.3    11.7     9.7     7.6     5.9     4.6     4.3     3.9     2.3     2.2     2.5     4.0     5.5     6.4     6.9     9.7     5.5     4.0     3.7     5.2     9.8     7.4     8.3     9.7     9.9    10.5    10.0     9.6     8.5     6.6     4.6     4.7     4.8     5.7    11.6    25.7    27.6    43.0    61.7    77.1    85.1    89.6    95.5   105.4   124.1   140.9   155.6   162.3   152.5   143.2   136.1   125.0   127.5   113.5   113.1   131.8   151.4   168.7   182.8   167.8   151.2   130.5   109.6    96.3    90.9    94.8   106.4   119.7   126.4   136.6   160.5   189.1   206.3   211.2   207.3   207.2   198.9   175.8   138.2 -9999.0 -9999.0 -9999.0 -9999.0 -9999.0 -9999.0 -9999.0 -9999.0 -9999.0 -9999.0 -9999.0 -9999.0 -9999.0 -9999.0 -9999.0
 -9999.0 -9999.0 -9999.0 -9999.0 -9999.0     3.9    10.3    13.9    21.3    30.9    32.8    42.0    46.1    31.0    20.5    13.9    10.8    11.0    10.2     9.0     8.1     7.9     8.1     8.2     8.0     7.4     6.6     5.9     5.7     6.0     6.8     7.8     8.4     8.6     8.5     7.9     6.7     5.5     4.2     3.5     3.0     1.9     1.7     2.2     1.9     2.1     2.0     2.5     3.1     3.5     5.2     4.8     6.8     8.6    10.5     8.4     8.8     9.6     9.9    11.7    13.0    14.6    12.2     9.4     8.8     7.1     5.9     8.9    17.3    19.3    32.5    50.7    70.3    85.6    92.7    95.8   103.7   117.3   148.7   171.2   175.5   168.6   151.5   139.1   128.2   107.4   114.8   119.1   132.1   155.3   192.6   221.6   230.0   204.5   171.3   137.6   110.7    91.1 -9999.0 -9999.0   103.0   122.3   133.7   154.0   185.5   215.2   238.0   246.1   243.1 -9999.0 -9999.0 -9999.0 -9999.0 -9999.0 -9999.0 -9999.0 -9999.0 -9999.0 -9999.0 -9999.0 -9999.0 -9999.0 -9999.0 -9999.0 -9999.0 -9999.0 -9999.0 -9999.0
 -9999.0 -9999.0 -9999.0     1.2     1.9     5.6     8.5    13.1    18.7    14.1    12.9    15.7    24.4    13.8     9.2     9.3     9.5     9.7     9.3     8.3     7.3     6.7     6.5     6.4     6.1     5.7     5.2     4.9     4.9     5.3     6.1     6.9     7.5     7.6     7.3     6.7     5.6     4.4     3.2     2.2     1.6     1.3     1.1     1.1     1.3     1.4     1.6     2.5     2.8     4.4     4.0     3.5     4.5     6.0     7.6     9.6    13.2    14.1    13.5    14.1    14.9    15.1    15.6    16.1    12.3     9.3    14.1     9.9    15.3    27.4    46.5    65.1    84.6    94.7    94.3    92.1    96.1   109.9   130.7   148.1   150.8   142.5   117.3   104.0   117.4    99.1   105.0   117.0   137.8   157.2   194.1   229.5   232.1   210.1   175.2   134.6   100.5 -9999.0 -9999.0 -9999.0    83.5   102.8   123.0   161.5   209.6   243.6   265.5 -9999.0 -9999.0 -9999.0 -9999.0 -9999.0 -9999.0 -9999.0 -9999.0 -9999.0 -9999.0 -9999.0 -9999.0 -9999.0 -9999.0 -9999.0 -9999.0 -9999.0 -9999.0 -9999.0 -9999.0 -9999.0
 -9999.0 -9999.0     0.8     1.4     2.6     3.7     5.5     5.8     4.2     5.3     5.9     6.2     6.3     6.4     6.9     7.4     8.0     8.1     7.9     7.1     6.3     5.7     5.2     4.9     4.6     4.2     3.9     3.8     3.9     4.3     5.0     5.7     6.2     6.4     6.3     5.7     4.8     3.7     2.8     2.0     1.5     1.3     1.3     1.4     1.6     2.5     9.6    13.3    13.2    12.6    21.2    16.7    11.2    10.0    13.0    21.9    17.8    19.0    16.7    17.1    15.6    22.3    16.5    16.8    15.3    14.5    13.6    14.7    24.9    40.5    68.1    88.0   101.6   103.7    94.9    83.6    80.3    84.5    98.2   109.7   110.2   102.3    88.6    82.1    89.0   110.3    98.5   109.0   127.7   140.9   166.7   199.9   208.2   186.5   153.8 -9999.0 -9999.0 -9999.0 -9999.0    66.3    67.5    81.0   111.3   159.4 -9999.0 -9999.0 -9999.0 -9999.0 -9999.0 -9999.0 -9999.0 -9999.0 -9999.0 -9999.0 -9999.0 -9999.0 -9999.0 -9999.0 -9999.0 -9999.0 -9999.0 -9999.0 -9999.0 -9999.0 -9999.0 -9999.0 -9999.0 -9999.0
 -9999.0 -9999.0     1.6     3.6    11.9     6.8     2.8     2.1     2.6     3.4     4.0     4.0     4.1     4.4     5.0     5.8     6.2     6.3     6.2     5.6     5.0     4.5     4.1     3.7     3.3     3.0     2.8     2.8     2.9     3.3     3.8     4.5     5.1     5.3     5.2     4.9     5.1     5.6     4.4     3.4     1.9     3.8    14.9    72.3     7.9    21.9    63.3    16.6    56.5    42.3    45.8    90.3    85.4    75.8    33.1    29.7    24.2    37.1    25.8    30.7    31.4    24.0    24.4    22.5    22.7    22.9    23.3    29.1    45.3    56.1    81.2   103.5   113.4   104.3    87.5    72.2    62.8    64.8    71.0    81.0    80.4    77.5    76.0    79.8    92.5    99.8   104.1   107.0   107.7   109.7   125.5   159.6   180.1   173.7 -9999.0 -9999.0 -9999.0 -9999.0 -9999.0    66.8 -9999.0 -9999.0 -9999.0 -9999.0 -9999.0 -9999.0 -9999.0 -9999.0 -9999.0 -9999.0 -9999.0 -9999.0 -9999.0 -9999.0 -9999.0 -9999.0 -9999.0 -9999.0 -9999.0 -9999.0 -9999.0 -9999.0 -9999.0 -9999.0 -9999.0 -9999.0 -9999.0 -9999.0
 -9999.0 -9999.0     1.6     6.3     8.8     8.7     8.0    10.8     2.3     2.3     2.7     2.8     2.9     3.2     3.8     4.2     4.7     4.6     4.4     4.1     3.8     3.4     3.1     2.7     2.4     2.1     2.0     2.0     2.1     2.5     3.0     3.5     4.4     8.1     9.2    12.5     8.6     8.7    10.5     8.2     3.0     2.9     2.1     4.8     3.6     6.2    12.2    23.4    24.2    31.7    89.2    57.6    69.1   107.9    97.3    91.2    50.2    40.5    51.7    56.4    31.9    30.5    30.2    31.6    35.1    39.5    42.7    54.6    55.1    69.0    88.0   102.7   105.8    94.8    76.5    63.7    56.9    55.7    71.7    84.9    85.7    84.2    86.4    90.8   161.2   147.5   125.0   111.0    97.8    85.6    88.0 -9999.0 -9999.0 -9999.0 -9999.0 -9999.0 -9999.0 -9999.0 -9999.0 -9999.0 -9999.0 -9999.0 -9999.0 -9999.0 -9999.0 -9999.0 -9999.0 -9999.0 -9999.0 -9999.0 -9999.0 -9999.0 -9999.0 -9999.0 -9999.0 -9999.0 -9999.0 -9999.0 -9999.0 -9999.0 -9999.0 -9999.0 -9999.0 -9999.0 -9999.0 -9999.0 -9999.0 -9999.0
 -9999.0 -9999.0 -9999.0     9.1     6.1    13.3    16.8    16.6    12.8     3.4     2.1     2.1     2.2     2.4     2.7     3.0     3.2     3.2     3.1     2.9     2.7     2.5     2.3     2.0     1.8     1.6     1.5     1.5     1.6     1.8     2.1     6.2     5.7    23.8    31.5    13.9     7.6     6.5     7.3     4.3     3.2     2.6     2.5     2.2     2.5     7.1    23.8    32.5    53.3    46.8    44.5    50.3    63.1   102.3    88.2   106.2   100.8    97.6    90.5    66.5    51.4    42.0    43.6    45.9    51.4    58.8    67.5    74.8    74.0    80.2    87.3    91.0    89.4    78.7    66.8    57.4    58.3    60.5    86.1    84.1    92.1    90.1    95.2   142.6   191.0   171.4   146.4   130.0   111.2    90.1    84.3   113.6 -9999.0 -9999.0 -9999.0 -9999.0 -9999.0 -9999.0 -9999.0 -9999.0 -9999.0 -9999.0 -9999.0 -9999.0 -9999.0 -9999.0 -9999.0 -9999.0 -9999.0 -9999.0 -9999.0 -9999.0 -9999.0 -9999.0 -9999.0 -9999.0 -9999.0 -9999.0 -9999.0 -9999.0 -9999.0 -9999.0 -9999.0 -9999.0 -9999.0 -9999.0 -9999.0 -9999.0
 -9999.0 -9999.0 -9999.0 -9999.0 -9999.0     8.6     5.5     7.3    20.0     4.7     2.3     2.1     1.8     1.9     2.1     2.3     2.3     2.2     2.1     2.1     2.0     1.9     1.7     1.5     1.4     1.3     1.2     1.2     1.8     3.4     3.7     9.6    13.2    11.7    34.0    13.1    15.9    15.2     9.3     6.0     4.9     4.0     3.1     2.9     2.8     3.7     6.2    24.8    21.8    42.1    32.1    61.3    54.8    54.5    72.4    88.7   107.2   117.9   108.6   106.5    97.3    60.6    63.2    63.4    70.1    78.7    90.4    95.7    94.4    90.5    86.9    84.2    79.1    72.8    71.3    70.7    73.9    72.2    93.3   108.0   105.3    94.5   103.1   120.6   166.5   166.9   157.0   157.3   148.3   129.2   125.6   151.3   188.6   191.9 -9999.0 -9999.0 -9999.0   107.0 -9999.0 -9999.0 -9999.0 -9999.0 -9999.0 -9999.0 -9999.0 -9999.0 -9999.0 -9999.0 -9999.0 -9999.0 -9999.0 -9999.0 -9999.0 -9999.0 -9999.0 -9999.0 -9999.0 -9999.0 -9999.0 -9999.0 -9999.0 -9999.0 -9999.0 -9999.0 -9999.0 -9999.0 -9999.0 -9999.0
 -9999.0 -9999.0 -9999.0 -9999.0     7.1    18.4    33.2    18.5    18.7     5.0     8.3     6.1     3.9     1.9     1.7     1.8     1.7     1.6     1.5     1.6     1.5     1.5     1.4     1.3     1.2     1.2     1.3    29.4     5.8     8.7    12.3    10.5    10.8    16.7    11.0    12.8    13.0    35.3    30.7    18.1     9.0     6.2     5.6     4.2     3.2     2.5     2.8     5.1     8.6     9.0    14.0    26.7    38.9    55.9    44.5    58.5    70.7    94.9    99.2   124.9   122.3   106.8   100.7    84.5    79.8    95.0   107.5   115.1   114.7   106.6    97.8    92.7    88.6    86.5    90.8    97.3   101.9   104.7   131.0    89.6    88.2    99.9   102.4   116.5   127.3   141.0   153.8   178.0   186.7   178.2   180.0   200.9   216.3   201.8 -9999.0 -9999.0   126.5   139.3   151.8   190.6   149.2 -9999.0 -9999.0 -9999.0 -9999.0 -9999.0 -9999.0 -9999.0 -9999.0 -9999.0 -9999.0 -9999.0 -9999.0 -9999.0 -9999.0 -9999.0 -9999.0 -9999.0 -9999.0 -9999.0 -9999.0 -9999.0 -9999.0 -9999.0 -9999.0 -9999.0 -9999.0 -9999.0
 -9999.0 -9999.0 -9999.0 -9999.0    15.4    12.8    33.5    16.4    55.8    53.7    14.2    44.4    26.6    25.8     4.6     4.1     3.7     1.8     1.4     1.3     1.5     1.4     1.4     2.6    12.5    25.9    10.5    11.2     9.8    10.2    10.3    15.4    12.3    13.7    17.3    16.0    25.4    35.9    24.6    17.0    29.6    12.0    10.3     6.4     4.4     3.1     2.6     2.9     4.3     7.8    13.0    19.7    37.6    34.8    39.2    51.1    63.1    76.5    88.9    71.7   100.9    86.5    89.4    94.3    92.2    96.6   115.9   129.4   136.5   132.2   123.8   114.9   106.9   105.9   111.5   118.5   114.7   135.3   129.5    94.9    97.9    84.8    92.7    90.4   101.3   115.3   140.7   176.3   198.7   203.6   211.1   252.8   232.7   207.9   170.9   144.3   142.8   159.5   179.0 -9999.0 -9999.0 -9999.0 -9999.0 -9999.0 -9999.0 -9999.0 -9999.0 -9999.0 -9999.0 -9999.0 -9999.0 -9999.0 -9999.0 -9999.0 -9999.0 -9999.0 -9999.0 -9999.0 -9999.0 -9999.0 -9999.0 -9999.0 -9999.0 -9999.0 -9999.0 -9999.0 -9999.0 -9999.0
 -9999.0 -9999.0 -9999.0 -9999.0 -9999.0 -9999.0 -9999.0    23.1    39.9    29.9    69.6    68.6    34.3    40.5    37.7     4.1    10.8     3.7     2.5     4.1    10.6    19.1    19.4    15.1    12.2    10.6    12.6    13.1    13.2    17.3    16.6    16.4    16.1    19.5    25.3    21.7    33.4    31.8    47.1    53.5    28.0    66.8    59.0    35.2    16.4     6.0     7.7     6.5    10.1    10.0    14.7    21.8    30.6    68.7    64.5    49.4    57.0    63.3    90.0    77.6   105.4    85.5    86.8    94.0   101.2   100.4   117.0   137.1   155.2   160.8   154.6   138.8   129.4   126.0   125.9   126.2   109.7   118.1   117.0    81.3    86.5    80.3    77.5    86.0    93.3   101.0   123.8   157.3   181.3   199.9   218.3   245.7   272.1   251.5   201.1   180.8   172.5 -9999.0 -9999.0 -9999.0 -9999.0 -9999.0 -9999.0 -9999.0 -9999.0 -9999.0 -9999.0 -9999.0 -9999.0 -9999.0 -9999.0 -9999.0 -9999.0 -9999.0 -9999.0 -9999.0 -9999.0 -9999.0 -9999.0 -9999.0 -9999.0 -9999.0 -9999.0 -9999.0 -9999.0 -9999.0 -9999.0 -9999.0
 -9999.0 -9999.0 -9999.0 -9999.0 -9999.0 -9999.0 -9999.0    68.4    22.2    49.0    62.3    45.3    54.9    76.8    48.5    85.3    37.2    30.2    47.9    22.1    17.9    24.4    17.1    15.5    12.6    12.0    11.1    16.1    11.4    10.9    16.5    17.6    18.3    25.7    21.7    25.3    25.7    35.2    38.4    39.7    46.5    50.6    56.3    77.8    37.8    18.7    21.4    21.5    35.7    29.7    54.5    52.6    39.7    51.4    76.2    55.2    61.8    73.3    90.9   103.3    97.5    96.0    93.6    99.7    98.9    99.2   111.4   136.4   161.3   178.9   170.3   152.3   137.3   127.1   105.3   113.0   107.4    95.1    79.3    79.7    87.9    84.0    81.6   101.4   101.2    97.9   113.4   137.6   157.3   175.2   209.8   254.6   293.5   298.7   277.8   228.1 -9999.0 -9999.0 -9999.0 -9999.0 -9999.0 -9999.0 -9999.0 -9999.0 -9999.0 -9999.0 -9999.0 -9999.0 -9999.0 -9999.0 -9999.0 -9999.0 -9999.0 -9999.0 -9999.0 -9999.0 -9999.0 -9999.0 -9999.0 -9999.0 -9999.0 -9999.0 -9999.0 -9999.0 -9999.0 -9999.0 -9999.0 -9999.0
 -9999.0 -9999.0 -9999.0 -9999.0 -9999.0 -9999.0 -9999.0 -9999.0 -9999.0    49.4    47.7    41.6    68.6    62.4    47.3    37.1    46.7    83.7    43.3    58.0    32.9    19.7    16.2    14.6    12.8    11.0    12.7    13.2    11.1    18.2    11.8    15.5    17.5    22.7    19.4    21.9    24.0    30.5    31.1    38.3    39.2    48.9    49.8    45.7    51.2    46.6    43.3    39.3    39.2    39.7    48.3    49.2    52.1    55.9    78.8    63.0    64.3    73.6    93.4    99.0   103.0   112.6   115.6   103.5   100.0    95.3   102.4   132.3   157.9   175.8   167.2   141.0   123.4   112.6   104.9    71.1    74.3    80.6    80.5    77.4    82.1    88.1    93.8   116.5   109.3    99.9   116.0   141.1   159.6   173.8   212.5   278.1   329.7   358.9   316.6 -9999.0 -9999.0 -9999.0 -9999.0 -9999.0 -9999.0 -9999.0 -9999.0 -9999.0 -9999.0 -9999.0 -9999.0 -9999.0 -9999.0 -9999.0 -9999.0 -9999.0 -9999.0 -9999.0 -9999.0 -9999.0 -9999.0 -9999.0 -9999.0 -9999.0 -9999.0 -9999.0 -9999.0 -9999.0 -9999.0 -9999.0 -9999.0 -9999.0
 -9999.0 -9999.0 -9999.0 -9999.0 -9999.0 -9999.0 -9999.0 -9999.0 -9999.0 -9999.0 -9999.0    75.6    32.8    76.4    55.2    58.7    48.5    39.4    33.1    33.6    38.1    24.1    22.4    15.8    24.0    16.7    18.9    18.5    17.3    15.9    16.8    24.1    19.8    22.3    22.2    34.6    27.9    30.9    53.5    37.3    47.1    44.5    44.7    45.3    63.2    48.9    63.0    49.8    50.1    46.0    42.6    49.2    57.9    70.7    88.7    81.5    74.1    83.8    88.4    94.3   107.2   108.8   109.1   104.7   106.9    89.1   107.7   129.4   151.8   162.3   152.6   136.7   109.7    85.7    57.9    58.0    64.4    80.9    80.3    73.9    64.0    72.1   103.0   125.7   119.1   109.1   132.2   166.8   188.1   206.5   236.0   285.7   350.9   379.9   328.9 -9999.0 -9999.0 -9999.0 -9999.0 -9999.0 -9999.0 -9999.0 -9999.0 -9999.0 -9999.0 -9999.0 -9999.0 -9999.0 -9999.0 -9999.0 -9999.0 -9999.0 -9999.0 -9999.0 -9999.0 -9999.0 -9999.0 -9999.0 -9999.0 -9999.0 -9999.0 -9999.0 -9999.0 -9999.0 -9999.0 -9999.0 -9999.0 -9999.0
 -9999.0 -9999.0 -9999.0 -9999.0 -9999.0 -9999.0 -9999.0 -9999.0 -9999.0 -9999.0 -9999.0 -9999.0    40.1    38.3    67.9    47.4    81.0    48.8    43.2    61.0    24.0    24.6    22.4    16.8    43.7    17.7    14.7    21.6    20.4    29.5    22.9    23.0    24.7    32.0    34.4    33.2    49.6    37.7    34.3    32.5    34.1    38.7    44.4    54.9    56.5    60.4    64.6    52.9    51.0    48.3    55.8    60.7    64.9    70.4    82.0    92.2    95.1   106.5    81.8   101.3   104.4   126.2   135.2   120.9    94.7   112.5    97.2   121.9   146.7   158.1   139.6   108.1    89.8    74.5    73.7   112.2    87.5    88.4    78.1    96.9    72.3    85.6   122.5   148.3   140.5   128.3   147.8   181.9   199.3   214.6   237.0   259.2   303.9   323.8   290.7   252.9   235.8 -9999.0 -9999.0 -9999.0 -9999.0 -9999.0 -9999.0 -9999.0 -9999.0 -9999.0 -9999.0 -9999.0 -9999.0 -9999.0 -9999.0 -9999.0 -9999.0 -9999.0 -9999.0 -9999.0 -9999.0 -9999.0 -9999.0 -9999.0 -9999.0 -9999.0 -9999.0 -9999.0 -9999.0 -9999.0 -9999.0 -9999.0
 -9999.0 -9999.0 -9999.0 -9999.0 -9999.0 -9999.0 -9999.0 -9999.0 -9999.0 -9999.0 -9999.0 -9999.0    92.5    34.2    27.5    56.6    30.5    35.9    53.6    41.6    34.5    35.7    28.4    19.4    14.0    17.5    18.6    16.4    21.8    21.0    28.0    36.5    33.3    34.1    39.1    38.1    51.7    54.5    49.6    46.2    41.5    44.1    61.0    54.2    65.7    73.7    63.2    59.5    53.4    54.8    55.3    64.3    69.3    82.5    82.0    98.1    94.6   101.0    87.9    93.5   105.1   120.0   143.2   162.0    95.4    95.9   110.3   133.2   154.7   162.9   180.0   198.9   192.6   152.0   125.0    99.8    88.5   102.1    97.5    92.0   119.5    96.8   135.1   162.2   154.3   137.9   140.7   154.6   153.6   156.4   168.3   188.2   215.9   235.1   226.7   216.4   216.6 -9999.0 -9999.0 -9999.0 -9999.0 -9999.0 -9999.0 -9999.0 -9999.0 -9999.0 -9999.0 -9999.0 -9999.0 -9999.0 -9999.0 -9999.0 -9999.0 -9999.0 -9999.0 -9999.0 -9999.0 -9999.0 -9999.0 -9999.0 -9999.0 -9999.0 -9999.0 -9999.0 -9999.0 -9999.0 -9999.0 -9999.0
 -9999.0 -9999.0 -9999.0 -9999.0 -9999.0 -9999.0 -9999.0 -9999.0 -9999.0 -9999.0 -9999.0 -9999.0 -9999.0    55.0    82.6    30.8    49.4    34.4    29.8    28.3    30.9    21.6    29.8    17.3    18.7    31.3    32.3    41.2    35.0    35.0    32.4    33.8    45.1    47.8    40.4    45.0    50.7    60.1    94.6    73.9    68.8    74.0    72.4    84.6    73.7    67.9    72.9    75.3    73.7    70.3    70.9    72.7    78.1   113.4   112.1   112.7   108.5   119.5   148.1   126.1   132.8   134.9   154.9   115.8   120.6    95.8   101.3   124.7   149.1   164.1   147.4   167.5   188.9   163.6   139.2   108.1    97.0    91.8    81.8    81.1   106.2   102.5   127.8   145.8   138.5   119.8   105.5    95.5    92.1    93.3   108.8   138.4   164.1   180.3   185.2   185.3   194.9 -9999.0 -9999.0 -9999.0 -9999.0 -9999.0 -9999.0 -9999.0 -9999.0 -9999.0 -9999.0 -9999.0 -9999.0 -9999.0 -9999.0 -9999.0 -9999.0 -9999.0 -9999.0 -9999.0 -9999.0 -9999.0 -9999.0 -9999.0 -9999.0 -9999.0 -9999.0 -9999.0 -9999.0 -9999.0 -9999.0 -9999.0
 -9999.0 -9999.0 -9999.0 -9999.0 -9999.0 -9999.0 -9999.0 -9999.0 -9999.0 -9999.0 -9999.0 -9999.0    61.5    95.4    79.0    45.4    78.8    53.0    47.0    25.4    23.7    22.5    24.7    21.4    19.9    34.2    32.7    32.0    35.9    42.2    43.4    41.1    56.3    50.4    55.3    54.7    71.2    66.3    73.4    82.1   108.6   123.9   130.4    88.8    91.4    88.1    79.9    75.8    80.8    83.5    91.8   104.5    95.0   111.2   108.0   115.8   142.9   116.0   142.9   138.8   152.4   180.5   170.6   200.4   129.7   105.7   145.1   120.1   141.2   179.2   197.8   193.4   158.6   103.2    82.7    69.8    63.7    72.4    86.1    86.9    82.3    82.6    92.0    99.9    97.9    91.5    82.8    70.4    64.3    67.5    87.4   124.8   155.1   156.3   159.2   160.5   172.0   200.3 -9999.0 -9999.0 -9999.0 -9999.0 -9999.0 -9999.0 -9999.0 -9999.0 -9999.0 -9999.0 -9999.0 -9999.0 -9999.0 -9999.0 -9999.0 -9999.0 -9999.0 -9999.0 -9999.0 -9999.0 -9999.0 -9999.0 -9999.0 -9999.0 -9999.0 -9999.0 -9999.0 -9999.0 -9999.0 -9999.0
 -9999.0 -9999.0 -9999.0 -9999.0 -9999.0 -9999.0 -9999.0 -9999.0 -9999.0 -9999.0 -9999.0 -9999.0    89.6    37.4    48.0   114.6    90.7    40.2    36.1    46.1    26.2    33.7    30.3    28.0    23.9    24.6    29.8    35.1    41.8    44.8    48.9    54.3    65.2    56.2    57.9    64.4    67.2    80.6    90.9    91.9   102.2   102.3   103.8   106.1   104.4   103.1   110.3   102.2    99.2    90.4    94.3   110.0   101.2    98.4   105.0   106.1   137.3   164.1   162.1   203.7   233.6   270.6   169.4   131.9   120.3   186.3   123.1   115.7   108.9   122.2   136.6   135.3   121.8   117.9    94.7    60.4    46.9    84.5   105.7    90.6    74.8    59.8    57.9    59.4    59.7    69.7    77.6    80.0    73.3    73.2    84.7   110.0   133.4   135.8   139.5   140.7   151.3   184.7   222.1 -9999.0 -9999.0 -9999.0 -9999.0 -9999.0 -9999.0 -9999.0 -9999.0 -9999.0 -9999.0 -9999.0 -9999.0 -9999.0 -9999.0 -9999.0 -9999.0 -9999.0 -9999.0 -9999.0 -9999.0 -9999.0 -9999.0 -9999.0 -9999.0 -9999.0 -9999.0 -9999.0 -9999.0 -9999.0
 -9999.0 -9999.0 -9999.0 -9999.0 -9999.0 -9999.0 -9999.0 -9999.0 -9999.0 -9999.0 -9999.0 -9999.0    29.6    76.6    37.6    47.5    44.8    84.6    52.6    49.3    68.7    64.8    37.7    44.3    36.7    51.4    48.1    66.0    52.7    59.2    64.2    78.9    69.7    67.2    68.2    73.2    79.8    92.2   101.7   122.2   123.1   112.5   145.2   100.7   116.8   132.5   131.8   109.0    93.5    97.5   105.1   101.5   165.8   185.1   152.5   108.9   147.7   185.8   216.6   199.4   215.7   233.1   378.0   149.4   151.7   271.7   162.7   108.8    98.2    88.4    79.3   111.9   106.0    98.3   109.9    55.8    70.9    68.7   108.2   105.2    68.0    51.4    35.4    34.7    43.9    60.5    90.7   166.1   105.2    96.2    93.1    99.4   108.8   122.0   135.5   142.7   153.7   182.6   211.5   216.0 -9999.0 -9999.0 -9999.0 -9999.0 -9999.0 -9999.0 -9999.0 -9999.0 -9999.0 -9999.0 -9999.0 -9999.0 -9999.0 -9999.0 -9999.0 -9999.0 -9999.0 -9999.0 -9999.0 -9999.0 -9999.0 -9999.0 -9999.0 -9999.0 -9999.0 -9999.0 -9999.0 -9999.0
 -9999.0 -9999.0 -9999.0 -9999.0 -9999.0 -9999.0 -9999.0 -9999.0 -9999.0 -9999.0 -9999.0 -9999.0 -9999.0   134.4   108.2    52.4    58.7    49.0    68.8    71.9   106.3    55.7    63.8    67.2    43.7    50.6    53.4    57.2    73.1    70.7    89.8    90.3    93.2    85.7    86.1   101.0   104.8   103.4   119.7   128.2   136.9   176.6   186.2   162.0   120.4   117.5   129.5    91.8   118.7   113.8   100.2   140.3   136.8   114.4   176.7   191.5   148.1   176.0   229.9   333.0   320.5   549.6   368.4   128.9   299.1   213.5   128.4    94.4    89.8    81.5    58.9    55.7    85.0    49.6    43.0    22.4    22.9    48.6    90.4    91.5    66.7    51.6    38.3    31.5    38.0    59.7   102.9   246.8   204.2   133.9   107.1   103.5   106.3   122.3   147.0   175.7   184.6   199.7   210.4 -9999.0 -9999.0 -9999.0 -9999.0 -9999.0 -9999.0 -9999.0 -9999.0 -9999.0 -9999.0 -9999.0 -9999.0 -9999.0 -9999.0 -9999.0 -9999.0 -9999.0 -9999.0 -9999.0 -9999.0 -9999.0 -9999.0 -9999.0 -9999.0 -9999.0 -9999.0 -9999.0 -9999.0 -9999.0
 -9999.0 -9999.0 -9999.0 -9999.0 -9999.0 -9999.0 -9999.0 -9999.0 -9999.0 -9999.0 -9999.0 -9999.0 -9999.0    23.5   102.9    55.9   102.0    50.3    53.3    62.6   104.3    93.4    90.7    73.6    44.6    57.5    66.9    65.9    80.3   123.2   118.7   118.1   109.6   107.4   112.2   112.2   106.4   115.2   137.7   183.8   161.3   171.3   172.8   166.0   197.6   139.9   129.9    95.4   102.3   104.6   130.5   104.3   148.0   187.8   221.2   205.8   175.8   198.5   263.7   190.5   351.9   209.6   187.3   303.9   232.0   150.8    95.5    83.2    83.6    62.6    46.2    51.7    60.1    54.9    35.3    24.8    30.2    34.9    56.9    67.3    57.2    50.3    47.9    50.1    58.8    81.6   122.4   161.8   179.0   136.2   127.9   119.7   120.7   136.5   165.3   203.5   229.1   227.7   213.8 -9999.0 -9999.0 -9999.0 -9999.0 -9999.0 -9999.0 -9999.0 -9999.0 -9999.0 -9999.0 -9999.0 -9999.0 -9999.0 -9999.0 -9999.0 -9999.0 -9999.0 -9999.0 -9999.0 -9999.0 -9999.0 -9999.0 -9999.0 -9999.0 -9999.0 -9999.0 -9999.0 -9999.0 -9999.0
 -9999.0 -9999.0 -9999.0 -9999.0 -9999.0 -9999.0 -9999.0 -9999.0 -9999.0 -9999.0 -9999.0 -9999.0 -9999.0 -9999.0 -9999.0    61.4    52.0    69.0    55.8    46.3    85.5    61.8    57.1    63.4    72.2    73.1   115.9    98.1   132.8   111.8   129.6   130.7   144.7   135.6   120.4   138.3   148.8   115.3   135.4   153.4   185.1   194.9   183.7   162.2   111.9    90.3   119.1    78.0   107.2    74.0   106.8   177.3   145.0   163.5   125.5   188.2   206.9   158.6   298.3   375.8   172.6   196.9   296.0   242.1   179.6   119.6    89.9    82.9    65.9    56.4    44.5    43.6    68.0    52.3    29.7    28.8    28.9    45.8    53.5    47.5    44.6    50.0    61.8    78.7    97.0   119.7   149.4   180.6   163.0   141.7   144.1   153.9   139.3   159.7   177.7   212.2   263.7 -9999.0   232.3 -9999.0 -9999.0 -9999.0 -9999.0 -9999.0 -9999.0 -9999.0 -9999.0 -9999.0 -9999.0 -9999.0 -9999.0 -9999.0 -9999.0 -9999.0 -9999.0 -9999.0 -9999.0 -9999.0 -9999.0 -9999.0 -9999.0 -9999.0 -9999.0 -9999.0 -9999.0 -9999.0 -9999.0 -9999.0
 -9999.0 -9999.0 -9999.0 -9999.0 -9999.0 -9999.0 -9999.0 -9999.0 -9999.0 -9999.0 -9999.0 -9999.0 -9999.0 -9999.0 -9999.0 -9999.0 -9999.0     2.4    14.1 -9999.0    24.6    67.5    42.3    45.5    75.5    75.7   124.9   110.3   103.4   137.3   136.0   133.7   159.9   126.3   110.2   113.2   149.6   107.0   132.1   146.4   161.5   188.0   166.3   139.5    68.2    77.7    63.0   136.8    79.2   104.6    79.9   111.6   103.3   161.0   181.2   197.5   167.3   257.1   279.0   343.6   150.3   217.3   253.8   214.0   153.7   109.6    91.9    85.6    59.6    45.3    25.1    71.1    63.0    32.7    29.0    30.9    31.9    40.7    49.3    43.0    43.6    49.2    64.7    91.7   125.0   150.3   170.5   177.3   168.2   145.9   156.7   155.4   112.0   114.6   154.5   238.3   260.9   317.4   371.8   328.8   232.6 -9999.0 -9999.0 -9999.0 -9999.0 -9999.0 -9999.0 -9999.0 -9999.0 -9999.0 -9999.0 -9999.0 -9999.0 -9999.0 -9999.0 -9999.0 -9999.0 -9999.0 -9999.0 -9999.0 -9999.0 -9999.0 -9999.0 -9999.0 -9999.0 -9999.0 -9999.0 -9999.0
 -9999.0 -9999.0 -9999.0 -9999.0 -9999.0 -9999.0 -9999.0 -9999.0 -9999.0 -9999.0 -9999.0 -9999.0 -9999.0 -9999.0 -9999.0 -9999.0 -9999.0 -9999.0 -9999.0 -9999.0 -9999.0    36.4    55.2   100.2    70.9    47.3    60.6    77.4   101.0   106.3   128.3   121.2   128.0   120.9   101.5   102.1    98.7   103.0   105.2    96.0    91.7   160.0   160.1   135.0    59.1    91.7    76.2    68.4   143.1   350.0   104.6   183.5   179.4   113.5   137.0   188.4   209.9   181.1   366.3   275.0   149.6   172.4   214.3   188.4   138.1   105.9    94.6    89.7    58.0    38.9    31.5    50.8    37.2    22.8    24.9    29.9    35.5    40.2    49.6    56.4    53.8    50.8    60.6    88.1   152.4   145.0   153.7   157.9   149.4   128.0   131.8    98.9   168.9   261.1   115.8   186.2   316.8   453.5   542.8   332.8 -9999.0 -9999.0 -9999.0 -9999.0 -9999.0 -9999.0 -9999.0 -9999.0 -9999.0 -9999.0 -9999.0 -9999.0 -9999.0 -9999.0 -9999.0 -9999.0 -9999.0 -9999.0 -9999.0 -9999.0 -9999.0 -9999.0 -9999.0 -9999.0 -9999.0 -9999.0 -9999.0 -9999.0
 -9999.0 -9999.0 -9999.0 -9999.0 -9999.0 -9999.0 -9999.0 -9999.0 -9999.0 -9999.0 -9999.0 -9999.0 -9999.0 -9999.0 -9999.0 -9999.0 -9999.0 -9999.0 -9999.0 -9999.0 -9999.0 -9999.0 -9999.0    10.1    40.3    42.4    51.6    71.3   112.5   102.9   122.4   131.1   153.0   120.4   117.7   102.2   109.7    89.4   110.3   121.8   118.9   139.1   102.5    72.8    51.3    88.2    55.5    61.0    69.4    83.0    86.9   136.5    96.1   106.0   100.7   101.1   152.5   233.6   126.5   246.4   139.9   164.0   183.1   163.3   142.9   102.7    90.4    83.8    76.0    40.6    51.9    35.9    29.3    31.6    35.1    40.6    48.8    59.0    68.1    72.8    63.5    51.1    55.2    83.7   120.7   216.6   122.2   137.0   123.8   118.0   131.1   153.6    79.2   135.7   139.8   229.1   403.8   614.6   466.6 -9999.0 -9999.0 -9999.0 -9999.0 -9999.0 -9999.0 -9999.0 -9999.0 -9999.0 -9999.0 -9999.0 -9999.0 -9999.0 -9999.0 -9999.0 -9999.0 -9999.0 -9999.0 -9999.0 -9999.0 -9999.0 -9999.0 -9999.0 -9999.0 -9999.0 -9999.0 -9999.0 -9999.0 -9999.0
 -9999.0 -9999.0 -9999.0 -9999.0 -9999.0 -9999.0 -9999.0 -9999.0 -9999.0 -9999.0 -9999.0 -9999.0 -9999.0 -9999.0 -9999.0 -9999.0 -9999.0 -9999.0 -9999.0 -9999.0 -9999.0 -9999.0 -9999.0 -9999.0 -9999.0     5.3    22.9   134.9   125.2   170.0   125.4   100.6    94.2    95.7    73.3    93.5   129.4    73.9    97.0    78.1   108.8    79.5    43.3    43.4    65.1    94.8    69.0   117.7    79.6    78.2   125.2   102.9   127.5   116.9    91.3    96.9   128.7   130.9   211.3   207.3   180.6   155.1   323.5   134.6   123.1    97.7    85.6    95.3    82.9    65.1    32.0    26.3    31.0    40.1    49.8    57.0    59.8    66.5    77.2    72.7    58.8    47.5    47.7    67.5   111.6   108.2   114.2   108.7   128.3   144.4   137.4   108.2   113.4   351.2   226.4   449.9   445.6   537.4 -9999.0 -9999.0 -9999.0 -9999.0 -9999.0 -9999.0 -9999.0 -9999.0 -9999.0 -9999.0 -9999.0 -9999.0 -9999.0 -9999.0 -9999.0 -9999.0 -9999.0 -9999.0 -9999.0 -9999.0 -9999.0 -9999.0 -9999.0 -9999.0 -9999.0 -9999.0 -9999.0 -9999.0 -9999.0 -9999.0
 -9999.0 -9999.0 -9999.0 -9999.0 -9999.0 -9999.0 -9999.0 -9999.0 -9999.0 -9999.0 -9999.0 -9999.0 -9999.0 -9999.0 -9999.0 -9999.0 -9999.0 -9999.0 -9999.0 -9999.0 -9999.0 -9999.0 -9999.0 -9999.0 -9999.0 -9999.0 -9999.0     7.4    12.5    38.3    51.2    56.9   107.5    48.6    61.1    41.1    43.6    42.8    36.6    44.6    59.6    38.2    40.2    67.1    78.0    99.7   124.2   130.9   128.8    79.2    92.1    85.9    88.3    86.9    93.5   111.6   112.5   128.5   169.4   146.9   137.1   124.6   100.0    98.7   113.4   124.5    81.4    46.1    34.0    27.9    20.7    23.5    36.0    50.0    72.4    75.4    69.4    63.2    52.8    49.3    47.6    39.8    46.6    72.5    91.4   121.0   150.4   245.8   191.5   206.1   288.8   540.3   188.3   177.4   456.2   537.0   501.6 -9999.0 -9999.0 -9999.0 -9999.0 -9999.0 -9999.0 -9999.0 -9999.0 -9999.0 -9999.0 -9999.0 -9999.0 -9999.0 -9999.0 -9999.0 -9999.0 -9999.0 -9999.0 -9999.0 -9999.0 -9999.0 -9999.0 -9999.0 -9999.0 -9999.0 -9999.0 -9999.0 -9999.0 -9999.0 -9999.0 -9999.0
 -9999.0 -9999.0 -9999.0 -9999.0 -9999.0 -9999.0 -9999.0 -9999.0 -9999.0 -9999.0 -9999.0 -9999.0 -9999.0 -9999.0 -9999.0 -9999.0 -9999.0 -9999.0 -9999.0 -9999.0 -9999.0 -9999.0 -9999.0 -9999.0 -9999.0 -9999.0 -9999.0 -9999.0 -9999.0 -9999.0 -9999.0 -9999.0 -9999.0    27.7    34.0 -9999.0 -9999.0 -9999.0    31.0    26.5    28.4    35.6    33.8    78.1   106.1   114.4 -9999.0 -9999.0 -9999.0 -9999.0 -9999.0 -9999.0    79.0   107.3    98.2   108.4   119.2   143.5   146.2   148.4   117.6    87.9    61.3    60.0    88.3   101.9    74.5    46.7    33.2    23.5    19.8    20.3    30.5    64.4    83.4    93.3    77.9    51.9    36.7    38.1    42.1    44.9    57.8    78.0   119.9   149.8   196.1   255.4   373.7   261.7   339.7   305.9   181.9   226.3   417.0   503.1   432.0 -9999.0 -9999.0 -9999.0 -9999.0 -9999.0 -9999.0 -9999.0 -9999.0 -9999.0 -9999.0 -9999.0 -9999.0 -9999.0 -9999.0 -9999.0 -9999.0 -9999.0 -9999.0 -9999.0 -9999.0 -9999.0 -9999.0 -9999.0 -9999.0 -9999.0 -9999.0 -9999.0 -9999.0 -9999.0 -9999.0 -9999.0
 -9999.0 -9999.0 -9999.0 -9999.0 -9999.0 -9999.0 -9999.0 -9999.0 -9999.0 -9999.0 -9999.0 -9999.0 -9999.0 -9999.0 -9999.0 -9999.0 -9999.0 -9999.0 -9999.0 -9999.0 -9999.0 -9999.0 -9999.0 -9999.0 -9999.0 -9999.0 -9999.0 -9999.0 -9999.0 -9999.0 -9999.0 -9999.0 -9999.0 -9999.0 -9999.0 -9999.0 -9999.0 -9999.0 -9999.0    62.6    67.0    75.8    86.1    95.9 -9999.0 -9999.0 -9999.0 -9999.0 -9999.0 -9999.0 -9999.0 -9999.0    82.5   123.9   116.2   119.0   126.1   142.2   157.0   154.8   126.4    71.5    47.0    55.8    62.1    79.0    69.9    41.2    35.7    38.1    29.5    25.2    38.5    57.5   101.8   101.9    82.6    51.2    44.2    39.9    52.1    57.2    65.7   101.7   123.5   160.7   237.6   322.0   278.3   310.9   283.9   242.7   240.3   364.7   510.1   531.5 -9999.0 -9999.0 -9999.0 -9999.0 -9999.0 -9999.0 -9999.0 -9999.0 -9999.0 -9999.0 -9999.0 -9999.0 -9999.0 -9999.0 -9999.0 -9999.0 -9999.0 -9999.0 -9999.0 -9999.0 -9999.0 -9999.0 -9999.0 -9999.0 -9999.0 -9999.0 -9999.0 -9999.0 -9999.0 -9999.0 -9999.0 -9999.0
 -9999.0 -9999.0 -9999.0 -9999.0 -9999.0 -9999.0 -9999.0 -9999.0 -9999.0 -9999.0 -9999.0 -9999.0 -9999.0 -9999.0 -9999.0 -9999.0 -9999.0 -9999.0 -9999.0 -9999.0 -9999.0 -9999.0 -9999.0 -9999.0 -9999.0 -9999.0 -9999.0 -9999.0 -9999.0 -9999.0 -9999.0 -9999.0 -9999.0 -9999.0 -9999.0 -9999.0 -9999.0 -9999.0 -9999.0 -9999.0 -9999.0 -9999.0 -9999.0 -9999.0 -9999.0 -9999.0 -9999.0 -9999.0 -9999.0 -9999.0 -9999.0 -9999.0    92.2   135.7   128.2   143.4   130.9   129.8   135.8   135.0   129.5    89.0    96.8    56.7    66.5    85.0    61.8    42.6    43.9    50.8    48.6    42.1    48.3    60.5    82.3    92.4    78.9    50.5    38.1    47.1    64.3    72.5    72.4    97.8   121.7   166.3   217.9   257.5   276.7   299.1   313.8   409.4   335.8   494.2   553.6 -9999.0 -9999.0 -9999.0 -9999.0 -9999.0 -9999.0 -9999.0 -9999.0 -9999.0 -9999.0 -9999.0 -9999.0 -9999.0 -9999.0 -9999.0 -9999.0 -9999.0 -9999.0 -9999.0 -9999.0 -9999.0 -9999.0 -9999.0 -9999.0 -9999.0 -9999.0 -9999.0 -9999.0 -9999.0 -9999.0 -9999.0 -9999.0 -9999.0
 -9999.0 -9999.0 -9999.0 -9999.0 -9999.0 -9999.0 -9999.0 -9999.0 -9999.0 -9999.0 -9999.0 -9999.0 -9999.0 -9999.0 -9999.0 -9999.0 -9999.0 -9999.0 -9999.0 -9999.0 -9999.0 -9999.0 -9999.0 -9999.0 -9999.0 -9999.0 -9999.0 -9999.0 -9999.0 -9999.0 -9999.0 -9999.0 -9999.0 -9999.0 -9999.0 -9999.0 -9999.0 -9999.0 -9999.0 -9999.0 -9999.0 -9999.0 -9999.0 -9999.0 -9999.0 -9999.0 -9999.0 -9999.0 -9999.0 -9999.0 -9999.0   106.9    88.3   130.3   106.4   131.7   126.1   128.4   120.5   135.8   107.4    81.2    78.8    66.8    79.2    87.3    58.7    48.1    58.3    75.2    81.5    73.4    67.2    70.7    75.2    69.8    63.5    36.2    44.1    53.0    58.3    66.3   145.2    84.3    94.8   124.1   242.5   237.3   313.6   294.1   498.8   401.3   454.6   474.1   515.0 -9999.0 -9999.0 -9999.0 -9999.0 -9999.0 -9999.0 -9999.0 -9999.0 -9999.0 -9999.0 -9999.0 -9999.0 -9999.0 -9999.0 -9999.0 -9999.0 -9999.0 -9999.0 -9999.0 -9999.0 -9999.0 -9999.0 -9999.0 -9999.0 -9999.0 -9999.0 -9999.0 -9999.0 -9999.0 -9999.0 -9999.0 -9999.0 -9999.0
 -9999.0 -9999.0 -9999.0 -9999.0 -9999.0 -9999.0 -9999.0 -9999.0 -9999.0 -9999.0 -9999.0 -9999.0 -9999.0 -9999.0 -9999.0 -9999.0 -9999.0 -9999.0 -9999.0 -9999.0 -9999.0 -9999.0 -9999.0 -9999.0 -9999.0 -9999.0 -9999.0 -9999.0 -9999.0 -9999.0 -9999.0 -9999.0 -9999.0 -9999.0 -9999.0 -9999.0 -9999.0 -9999.0 -9999.0 -9999.0 -9999.0 -9999.0 -9999.0 -9999.0 -9999.0 -9999.0 -9999.0 -9999.0 -9999.0 -9999.0   177.8   111.5   107.3   121.9   113.4   125.4   106.5    95.2   112.2   129.8   118.5    91.0    74.8    66.4    78.7    74.2    59.2    57.6    80.4   101.2   114.4    97.0    80.5    74.8    68.9    61.9    30.3    48.9    27.9    44.6    61.7    57.3    66.8    64.1    95.2   102.2   197.8   217.7   299.4   355.3   414.7   568.6   450.2   461.7   423.8 -9999.0 -9999.0 -9999.0 -9999.0 -9999.0 -9999.0 -9999.0 -9999.0 -9999.0 -9999.0 -9999.0 -9999.0 -9999.0 -9999.0 -9999.0 -9999.0 -9999.0 -9999.0 -9999.0 -9999.0 -9999.0 -9999.0 -9999.0 -9999.0 -9999.0 -9999.0 -9999.0 -9999.0 -9999.0 -9999.0 -9999.0 -9999.0 -9999.0
 -9999.0 -9999.0 -9999.0 -9999.0 -9999.0 -9999.0 -9999.0 -9999.0 -9999.0 -9999.0 -9999.0 -9999.0 -9999.0 -9999.0 -9999.0 -9999.0 -9999.0 -9999.0 -9999.0 -9999.0 -9999.0 -9999.0 -9999.0 -9999.0 -9999.0 -9999.0 -9999.0 -9999.0 -9999.0 -9999.0 -9999.0 -9999.0 -9999.0 -9999.0 -9999.0 -9999.0 -9999.0 -9999.0 -9999.0 -9999.0 -9999.0 -9999.0 -9999.0 -9999.0 -9999.0 -9999.0 -9999.0 -9999.0 -9999.0 -9999.0   199.7   128.4   147.7   118.7   119.8   107.4    80.9   117.5   130.4   122.3   104.2    87.3    65.5    58.6    59.9    45.2    49.5    56.7    88.1   100.4   119.3   108.9    87.6    67.6    49.6    33.0    34.4    19.9    24.0    53.0    47.8    80.6    65.4    60.6    95.5   107.6   167.1   246.5   301.6   332.1   439.7   403.4   450.7   421.5 -9999.0 -9999.0 -9999.0 -9999.0 -9999.0 -9999.0 -9999.0 -9999.0 -9999.0 -9999.0 -9999.0 -9999.0 -9999.0 -9999.0 -9999.0 -9999.0 -9999.0 -9999.0 -9999.0 -9999.0 -9999.0 -9999.0 -9999.0 -9999.0 -9999.0 -9999.0 -9999.0 -9999.0 -9999.0 -9999.0 -9999.0 -9999.0 -9999.0 -9999.0
 -9999.0 -9999.0 -9999.0 -9999.0 -9999.0 -9999.0 -9999.0 -9999.0 -9999.0 -9999.0 -9999.0 -9999.0 -9999.0 -9999.0 -9999.0 -9999.0 -9999.0 -9999.0 -9999.0 -9999.0 -9999.0 -9999.0 -9999.0 -9999.0 -9999.0 -9999.0 -9999.0 -9999.0 -9999.0 -9999.0 -9999.0 -9999.0 -9999.0 -9999.0 -9999.0 -9999.0 -9999.0 -9999.0 -9999.0 -9999.0 -9999.0 -9999.0 -9999.0 -9999.0 -9999.0 -9999.0 -9999.0 -9999.0 -9999.0 -9999.0   226.3   191.2   192.8   135.7   105.0    89.5   128.5   101.4   130.2    84.9    91.9    78.8    56.7    40.1    45.1    45.6    49.1    58.6    68.5   124.2   100.8   142.0    71.1    75.1    42.4    34.3    48.9    22.9    32.3    31.1    81.9    56.1    53.6    64.9   112.6   111.2   153.6   221.8   319.3   366.1   487.0   435.6 -9999.0 -9999.0 -9999.0 -9999.0 -9999.0 -9999.0 -9999.0 -9999.0 -9999.0 -9999.0 -9999.0 -9999.0 -9999.0 -9999.0 -9999.0 -9999.0 -9999.0 -9999.0 -9999.0 -9999.0 -9999.0 -9999.0 -9999.0 -9999.0 -9999.0 -9999.0 -9999.0 -9999.0 -9999.0 -9999.0 -9999.0 -9999.0 -9999.0 -9999.0 -9999.0 -9999.0
 -9999.0 -9999.0 -9999.0 -9999.0 -9999.0 -9999.0 -9999.0 -9999.0 -9999.0 -9999.0 -9999.0 -9999.0 -9999.0 -9999.0 -9999.0 -9999.0 -9999.0 -9999.0 -9999.0 -9999.0 -9999.0 -9999.0 -9999.0 -9999.0 -9999.0 -9999.0 -9999.0 -9999.0 -9999.0 -9999.0 -9999.0 -9999.0 -9999.0 -9999.0 -9999.0 -9999.0 -9999.0 -9999.0 -9999.0 -9999.0 -9999.0 -9999.0 -9999.0 -9999.0 -9999.0 -9999.0 -9999.0 -9999.0 -9999.0 -9999.0   205.2   184.0   178.5   142.5   115.1   117.8    70.1    95.9   106.5    77.5    86.2    65.2    37.8    46.0    61.8    76.7   107.4   116.8   151.6    36.8    79.8    71.6    67.1    69.4    43.3    47.0    55.0    34.0    56.8    38.6    47.0    71.8    55.6    78.2    83.2   130.1   240.4   274.8   422.0   501.5   458.3 -9999.0 -9999.0 -9999.0 -9999.0 -9999.0 -9999.0 -9999.0 -9999.0 -9999.0 -9999.0 -9999.0 -9999.0 -9999.0 -9999.0 -9999.0 -9999.0 -9999.0 -9999.0 -9999.0 -9999.0 -9999.0 -9999.0 -9999.0 -9999.0 -9999.0 -9999.0 -9999.0 -9999.0 -9999.0 -9999.0 -9999.0 -9999.0 -9999.0 -9999.0 -9999.0 -9999.0 -9999.0
 -9999.0 -9999.0 -9999.0 -9999.0 -9999.0 -9999.0 -9999.0 -9999.0 -9999.0 -9999.0 -9999.0 -9999.0 -9999.0 -9999.0 -9999.0 -9999.0 -9999.0 -9999.0 -9999.0 -9999.0 -9999.0 -9999.0 -9999.0 -9999.0 -9999.0 -9999.0 -9999.0 -9999.0 -9999.0 -9999.0 -9999.0 -9999.0 -9999.0 -9999.0 -9999.0 -9999.0 -9999.0 -9999.0 -9999.0 -9999.0 -9999.0 -9999.0 -9999.0 -9999.0 -9999.0 -9999.0 -9999.0 -9999.0 -9999.0 -9999.0 -9999.0 -9999.0 -9999.0   171.2   133.0   101.8    92.9   108.5    79.7    94.7   166.9    71.8   115.3    96.5   113.5   132.3   190.6   134.1   164.3   125.5    75.5    48.4    40.4    44.1    49.1    43.0    48.8    41.4    43.4    43.8    52.7    48.1    55.0    65.1    88.5   151.9   245.4   432.9   452.8   516.3 -9999.0 -9999.0 -9999.0 -9999.0 -9999.0 -9999.0 -9999.0 -9999.0 -9999.0 -9999.0 -9999.0 -9999.0 -9999.0 -9999.0 -9999.0 -9999.0 -9999.0 -9999.0 -9999.0 -9999.0 -9999.0 -9999.0 -9999.0 -9999.0 -9999.0 -9999.0 -9999.0 -9999.0 -9999.0 -9999.0 -9999.0 -9999.0 -9999.0 -9999.0 -9999.0 -9999.0 -9999.0 -9999.0
 -9999.0 -9999.0 -9999.0 -9999.0 -9999.0 -9999.0 -9999.0 -9999.0 -9999.0 -9999.0 -9999.0 -9999.0 -9999.0 -9999.0 -9999.0 -9999.0 -9999.0 -9999.0 -9999.0 -9999.0 -9999.0 -9999.0 -9999.0 -9999.0 -9999.0 -9999.0 -9999.0 -9999.0 -9999.0 -9999.0 -9999.0 -9999.0 -9999.0 -9999.0 -9999.0 -9999.0 -9999.0 -9999.0 -9999.0 -9999.0 -9999.0 -9999.0 -9999.0 -9999.0 -9999.0 -9999.0 -9999.0 -9999.0 -9999.0 -9999.0 -9999.0 -9999.0 -9999.0   187.2   147.2   166.4    99.1    86.8   125.5   202.7   165.0   142.7   229.5   163.0   177.7   189.2   108.3   261.4   123.6   101.7    61.0    44.8    46.7    53.5    59.3    78.0    53.7    71.2    58.2    55.2    54.5    60.2    58.4 -9999.0    86.6   141.4 -9999.0 -9999.0 -9999.0 -9999.0 -9999.0 -9999.0 -9999.0 -9999.0 -9999.0 -9999.0 -9999.0 -9999.0 -9999.0 -9999.0 -9999.0 -9999.0 -9999.0 -9999.0 -9999.0 -9999.0 -9999.0 -9999.0 -9999.0 -9999.0 -9999.0 -9999.0 -9999.0 -9999.0 -9999.0 -9999.0 -9999.0 -9999.0 -9999.0 -9999.0 -9999.0 -9999.0 -9999.0 -9999.0 -9999.0 -9999.0 -9999.0 -9999.0
 -9999.0 -9999.0 -9999.0 -9999.0 -9999.0 -9999.0 -9999.0 -9999.0 -9999.0 -9999.0 -9999.0 -9999.0 -9999.0 -9999.0 -9999.0 -9999.0 -9999.0 -9999.0 -9999.0 -9999.0 -9999.0 -9999.0 -9999.0 -9999.0 -9999.0 -9999.0 -9999.0 -9999.0 -9999.0 -9999.0 -9999.0 -9999.0 -9999.0 -9999.0 -9999.0 -9999.0 -9999.0 -9999.0 -9999.0 -9999.0 -9999.0 -9999.0 -9999.0 -9999.0 -9999.0 -9999.0 -9999.0 -9999.0 -9999.0 -9999.0 -9999.0 -9999.0 -9999.0   200.6   144.9   150.8   124.6   113.9   164.1   213.3   294.1   309.0   402.7   428.5   194.3 -9999.0 -9999.0 -9999.0   209.3   107.1    92.0    96.9    92.9    87.3    93.6   120.3    74.8    76.8   245.8    85.0    77.6    86.9   112.5 -9999.0 -9999.0 -9999.0 -9999.0 -9999.0 -9999.0 -9999.0 -9999.0 -9999.0 -9999.0 -9999.0 -9999.0 -9999.0 -9999.0 -9999.0 -9999.0 -9999.0 -9999.0 -9999.0 -9999.0 -9999.0 -9999.0 -9999.0 -9999.0 -9999.0 -9999.0 -9999.0 -9999.0 -9999.0 -9999.0 -9999.0 -9999.0 -9999.0 -9999.0 -9999.0 -9999.0 -9999.0 -9999.0 -9999.0 -9999.0 -9999.0 -9999.0 -9999.0 -9999.0 -9999.0
 -9999.0 -9999.0 -9999.0 -9999.0 -9999.0 -9999.0 -9999.0 -9999.0 -9999.0 -9999.0 -9999.0 -9999.0 -9999.0 -9999.0 -9999.0 -9999.0 -9999.0 -9999.0 -9999.0 -9999.0 -9999.0 -9999.0 -9999.0 -9999.0 -9999.0 -9999.0 -9999.0 -9999.0 -9999.0 -9999.0 -9999.0 -9999.0 -9999.0 -9999.0 -9999.0 -9999.0 -9999.0 -9999.0 -9999.0 -9999.0 -9999.0 -9999.0 -9999.0 -9999.0 -9999.0 -9999.0 -9999.0 -9999.0 -9999.0 -9999.0 -9999.0 -9999.0 -9999.0 -9999.0   186.6   160.7   114.0   118.4   226.6   353.6   297.4 -9999.0 -9999.0 -9999.0 -9999.0 -9999.0 -9999.0 -9999.0   172.4   187.5   241.5   147.5   130.4   135.1   126.9   116.0   104.8    82.6    83.8 -9999.0   123.7 -9999.0 -9999.0 -9999.0 -9999.0 -9999.0 -9999.0 -9999.0 -9999.0 -9999.0 -9999.0 -9999.0 -9999.0 -9999.0 -9999.0 -9999.0 -9999.0 -9999.0 -9999.0 -9999.0 -9999.0 -9999.0 -9999.0 -9999.0 -9999.0 -9999.0 -9999.0 -9999.0 -9999.0 -9999.0 -9999.0 -9999.0 -9999.0 -9999.0 -9999.0 -9999.0 -9999.0 -9999.0 -9999.0 -9999.0 -9999.0 -9999.0 -9999.0 -9999.0 -9999.0 -9999.0 -9999.0 -9999.0
 -9999.0 -9999.0 -9999.0 -9999.0 -9999.0 -9999.0 -9999.0 -9999.0 -9999.0 -9999.0 -9999.0 -9999.0 -9999.0 -9999.0 -9999.0 -9999.0 -9999.0 -9999.0 -9999.0 -9999.0 -9999.0 -9999.0 -9999.0 -9999.0 -9999.0 -9999.0 -9999.0 -9999.0 -9999.0 -9999.0 -9999.0 -9999.0 -9999.0 -9999.0 -9999.0 -9999.0 -9999.0 -9999.0 -9999.0 -9999.0 -9999.0 -9999.0 -9999.0 -9999.0 -9999.0 -9999.0 -9999.0 -9999.0 -9999.0 -9999.0 -9999.0 -9999.0 -9999.0 -9999.0 -9999.0   178.4   260.7   210.8   246.5   379.7   429.1 -9999.0 -9999.0 -9999.0 -9999.0 -9999.0 -9999.0 -9999.0 -9999.0 -9999.0   208.5 -9999.0 -9999.0 -9999.0 -9999.0 -9999.0   138.7 -9999.0 -9999.0 -9999.0 -9999.0 -9999.0 -9999.0 -9999.0 -9999.0 -9999.0 -9999.0 -9999.0 -9999.0 -9999.0 -9999.0 -9999.0 -9999.0 -9999.0 -9999.0 -9999.0 -9999.0 -9999.0 -9999.0 -9999.0 -9999.0 -9999.0 -9999.0 -9999.0 -9999.0 -9999.0 -9999.0 -9999.0 -9999.0 -9999.0 -9999.0 -9999.0 -9999.0 -9999.0 -9999.0 -9999.0 -9999.0 -9999.0 -9999.0 -9999.0 -9999.0 -9999.0 -9999.0 -9999.0 -9999.0 -9999.0 -9999.0 -9999.0
 -9999.0 -9999.0 -9999.0 -9999.0 -9999.0 -9999.0 -9999.0 -9999.0 -9999.0 -9999.0 -9999.0 -9999.0 -9999.0 -9999.0 -9999.0 -9999.0 -9999.0 -9999.0 -9999.0 -9999.0 -9999.0 -9999.0 -9999.0 -9999.0 -9999.0 -9999.0 -9999.0 -9999.0 -9999.0 -9999.0 -9999.0 -9999.0 -9999.0 -9999.0 -9999.0 -9999.0 -9999.0 -9999.0 -9999.0 -9999.0 -9999.0 -9999.0 -9999.0 -9999.0 -9999.0 -9999.0 -9999.0 -9999.0 -9999.0 -9999.0 -9999.0 -9999.0 -9999.0 -9999.0 -9999.0 -9999.0 -9999.0 -9999.0   363.2   399.8 -9999.0 -9999.0 -9999.0 -9999.0 -9999.0 -9999.0 -9999.0 -9999.0 -9999.0 -9999.0 -9999.0 -9999.0 -9999.0 -9999.0 -9999.0   180.2   169.7 -9999.0 -9999.0 -9999.0 -9999.0 -9999.0 -9999.0 -9999.0 -9999.0 -9999.0 -9999.0 -9999.0 -9999.0 -9999.0 -9999.0 -9999.0 -9999.0 -9999.0 -9999.0 -9999.0 -9999.0 -9999.0 -9999.0 -9999.0 -9999.0 -9999.0 -9999.0 -9999.0 -9999.0 -9999.0 -9999.0 -9999.0 -9999.0 -9999.0 -9999.0 -9999.0 -9999.0 -9999.0 -9999.0 -9999.0 -9999.0 -9999.0 -9999.0 -9999.0 -9999.0 -9999.0 -9999.0 -9999.0 -9999.0 -9999.0 -9999.0 -9999.0
 -9999.0 -9999.0 -9999.0 -9999.0 -9999.0 -9999.0 -9999.0 -9999.0 -9999.0 -9999.0 -9999.0 -9999.0 -9999.0 -9999.0 -9999.0 -9999.0 -9999.0 -9999.0 -9999.0 -9999.0 -9999.0 -9999.0 -9999.0 -9999.0 -9999.0 -9999.0 -9999.0 -9999.0 -9999.0 -9999.0 -9999.0 -9999.0 -9999.0 -9999.0 -9999.0 -9999.0 -9999.0 -9999.0 -9999.0 -9999.0 -9999.0 -9999.0 -9999.0 -9999.0 -9999.0 -9999.0 -9999.0 -9999.0 -9999.0 -9999.0 -9999.0 -9999.0 -9999.0 -9999.0 -9999.0 -9999.0 -9999.0 -9999.0 -9999.0 -9999.0 -9999.0 -9999.0 -9999.0 -9999.0 -9999.0 -9999.0 -9999.0 -9999.0 -9999.0 -9999.0 -9999.0 -9999.0 -9999.0 -9999.0 -9999.0 -9999.0 -9999.0 -9999.0 -9999.0 -9999.0 -9999.0 -9999.0 -9999.0 -9999.0 -9999.0 -9999.0 -9999.0 -9999.0 -9999.0 -9999.0 -9999.0 -9999.0 -9999.0 -9999.0 -9999.0 -9999.0 -9999.0 -9999.0 -9999.0 -9999.0 -9999.0 -9999.0 -9999.0 -9999.0 -9999.0 -9999.0 -9999.0 -9999.0 -9999.0 -9999.0 -9999.0 -9999.0 -9999.0 -9999.0 -9999.0 -9999.0 -9999.0 -9999.0 -9999.0 -9999.0 -9999.0 -9999.0 -9999.0 -9999.0 -9999.0 -9999.0 -9999.0 -9999.0
 -9999.0 -9999.0 -9999.0 -9999.0 -9999.0 -9999.0 -9999.0 -9999.0 -9999.0 -9999.0 -9999.0 -9999.0 -9999.0 -9999.0 -9999.0 -9999.0 -9999.0 -9999.0 -9999.0 -9999.0 -9999.0 -9999.0 -9999.0 -9999.0 -9999.0 -9999.0 -9999.0 -9999.0 -9999.0 -9999.0 -9999.0 -9999.0 -9999.0 -9999.0 -9999.0 -9999.0 -9999.0 -9999.0 -9999.0 -9999.0 -9999.0 -9999.0 -9999.0 -9999.0 -9999.0 -9999.0 -9999.0 -9999.0 -9999.0 -9999.0 -9999.0 -9999.0 -9999.0 -9999.0 -9999.0 -9999.0 -9999.0 -9999.0 -9999.0 -9999.0 -9999.0 -9999.0 -9999.0 -9999.0 -9999.0 -9999.0 -9999.0 -9999.0 -9999.0 -9999.0 -9999.0 -9999.0 -9999.0 -9999.0 -9999.0   252.7   208.1   182.8 -9999.0 -9999.0 -9999.0 -9999.0 -9999.0 -9999.0 -9999.0 -9999.0 -9999.0 -9999.0 -9999.0 -9999.0 -9999.0 -9999.0 -9999.0 -9999.0 -9999.0 -9999.0 -9999.0 -9999.0 -9999.0 -9999.0 -9999.0 -9999.0 -9999.0 -9999.0 -9999.0 -9999.0 -9999.0 -9999.0 -9999.0 -9999.0 -9999.0 -9999.0 -9999.0 -9999.0 -9999.0 -9999.0 -9999.0 -9999.0 -9999.0 -9999.0 -9999.0 -9999.0 -9999.0 -9999.0 -9999.0 -9999.0 -9999.0 -9999.0
 -9999.0 -9999.0 -9999.0 -9999.0 -9999.0 -9999.0 -9999.0 -9999.0 -9999.0 -9999.0 -9999.0 -9999.0 -9999.0 -9999.0 -9999.0 -9999.0 -9999.0 -9999.0 -9999.0 -9999.0 -9999.0 -9999.0 -9999.0 -9999.0 -9999.0 -9999.0 -9999.0 -9999.0 -9999.0 -9999.0 -9999.0 -9999.0 -9999.0 -9999.0 -9999.0 -9999.0 -9999.0 -9999.0 -9999.0 -9999.0 -9999.0 -9999.0 -9999.0 -9999.0 -9999.0 -9999.0 -9999.0 -9999.0 -9999.0 -9999.0 -9999.0 -9999.0 -9999.0 -9999.0 -9999.0 -9999.0 -9999.0 -9999.0 -9999.0 -9999.0 -9999.0 -9999.0 -9999.0 -9999.0 -9999.0 -9999.0 -9999.0 -9999.0 -9999.0 -9999.0 -9999.0 -9999.0 -9999.0   224.1   399.5   317.9   307.6 -9999.0 -9999.0 -9999.0 -9999.0 -9999.0 -9999.0 -9999.0 -9999.0 -9999.0 -9999.0 -9999.0 -9999.0 -9999.0 -9999.0 -9999.0 -9999.0 -9999.0 -9999.0 -9999.0 -9999.0 -9999.0 -9999.0 -9999.0 -9999.0 -9999.0 -9999.0 -9999.0 -9999.0 -9999.0 -9999.0 -9999.0 -9999.0 -9999.0 -9999.0 -9999.0 -9999.0 -9999.0 -9999.0 -9999.0 -9999.0 -9999.0 -9999.0 -9999.0 -9999.0 -9999.0 -9999.0 -9999.0 -9999.0 -9999.0 -9999.0 -9999.0
 -9999.0 -9999.0 -9999.0 -9999.0 -9999.0 -9999.0 -9999.0 -9999.0 -9999.0 -9999.0 -9999.0 -9999.0 -9999.0 -9999.0 -9999.0 -9999.0 -9999.0 -9999.0 -9999.0 -9999.0 -9999.0 -9999.0 -9999.0 -9999.0 -9999.0 -9999.0 -9999.0 -9999.0 -9999.0 -9999.0 -9999.0 -9999.0 -9999.0 -9999.0 -9999.0 -9999.0 -9999.0 -9999.0 -9999.0 -9999.0 -9999.0 -9999.0 -9999.0 -9999.0 -9999.0 -9999.0 -9999.0 -9999.0 -9999.0 -9999.0 -9999.0 -9999.0 -9999.0 -9999.0 -9999.0 -9999.0 -9999.0 -9999.0 -9999.0 -9999.0 -9999.0 -9999.0 -9999.0 -9999.0 -9999.0 -9999.0 -9999.0 -9999.0 -9999.0 -9999.0 -9999.0 -9999.0 -9999.0 -9999.0   329.5   465.4   264.9 -9999.0 -9999.0 -9999.0 -9999.0 -9999.0 -9999.0 -9999.0 -9999.0 -9999.0 -9999.0 -9999.0 -9999.0 -9999.0 -9999.0 -9999.0 -9999.0 -9999.0 -9999.0 -9999.0 -9999.0 -9999.0 -9999.0 -9999.0 -9999.0 -9999.0 -9999.0 -9999.0 -9999.0 -9999.0 -9999.0 -9999.0 -9999.0 -9999.0 -9999.0 -9999.0 -9999.0 -9999.0 -9999.0 -9999.0 -9999.0 -9999.0 -9999.0 -9999.0 -9999.0 -9999.0 -9999.0 -9999.0 -9999.0 -9999.0 -9999.0 -9999.0
 -9999.0 -9999.0 -9999.0 -9999.0 -9999.0 -9999.0 -9999.0 -9999.0 -9999.0 -9999.0 -9999.0 -9999.0 -9999.0 -9999.0 -9999.0 -9999.0 -9999.0 -9999.0 -9999.0 -9999.0 -9999.0 -9999.0 -9999.0 -9999.0 -9999.0 -9999.0 -9999.0 -9999.0 -9999.0 -9999.0 -9999.0 -9999.0 -9999.0 -9999.0 -9999.0 -9999.0 -9999.0 -9999.0 -9999.0 -9999.0 -9999.0 -9999.0 -9999.0 -9999.0 -9999.0 -9999.0 -9999.0 -9999.0 -9999.0 -9999.0 -9999.0 -9999.0 -9999.0 -9999.0 -9999.0 -9999.0 -9999.0 -9999.0 -9999.0 -9999.0 -9999.0 -9999.0 -9999.0 -9999.0 -9999.0 -9999.0 -9999.0 -9999.0 -9999.0 -9999.0 -9999.0 -9999.0 -9999.0 -9999.0 -9999.0 -9999.0 -9999.0 -9999.0 -9999.0 -9999.0 -9999.0 -9999.0 -9999.0 -9999.0 -9999.0 -9999.0 -9999.0 -9999.0 -9999.0 -9999.0 -9999.0 -9999.0 -9999.0 -9999.0 -9999.0 -9999.0 -9999.0 -9999.0 -9999.0 -9999.0 -9999.0 -9999.0 -9999.0 -9999.0 -9999.0 -9999.0 -9999.0 -9999.0 -9999.0 -9999.0 -9999.0 -9999.0 -9999.0 -9999.0 -9999.0 -9999.0 -9999.0 -9999.0 -9999.0 -9999.0 -9999.0 -9999.0 -9999.0 -9999.0 -9999.0 -9999.0 -9999.0 -9999.0
