NCOLS      128
NROWS       72
XLLCORNER    72.000000000000    
YLLCORNER    18.000000000000    
CELLSIZE    0.50000000000000    
NODATA_VALUE   -9999.000    
 -9999.0 -9999.0 -9999.0 -9999.0 -9999.0 -9999.0 -9999.0 -9999.0 -9999.0 -9999.0 -9999.0 -9999.0 -9999.0 -9999.0 -9999.0 -9999.0 -9999.0 -9999.0 -9999.0 -9999.0 -9999.0 -9999.0 -9999.0 -9999.0 -9999.0 -9999.0 -9999.0 -9999.0 -9999.0 -9999.0 -9999.0 -9999.0 -9999.0 -9999.0 -9999.0 -9999.0 -9999.0 -9999.0 -9999.0 -9999.0 -9999.0 -9999.0 -9999.0 -9999.0 -9999.0 -9999.0 -9999.0 -9999.0 -9999.0 -9999.0 -9999.0 -9999.0 -9999.0 -9999.0 -9999.0 -9999.0 -9999.0 -9999.0 -9999.0 -9999.0 -9999.0 -9999.0 -9999.0 -9999.0 -9999.0 -9999.0 -9999.0 -9999.0 -9999.0 -9999.0 -9999.0 -9999.0 -9999.0 -9999.0 -9999.0 -9999.0 -9999.0 -9999.0 -9999.0 -9999.0 -9999.0 -9999.0 -9999.0 -9999.0 -9999.0 -9999.0 -9999.0 -9999.0 -9999.0 -9999.0 -9999.0 -9999.0 -9999.0 -9999.0 -9999.0 -9999.0 -9999.0    37.5    46.7    54.1    63.1    63.9    63.9    60.8    58.8 -9999.0 -9999.0 -9999.0 -9999.0 -9999.0 -9999.0 -9999.0 -9999.0 -9999.0 -9999.0 -9999.0 -9999.0 -9999.0 -9999.0 -9999.0 -9999.0 -9999.0 -9999.0 -9999.0 -9999.0 -9999.0 -9999.0 -9999.0
 -9999.0 -9999.0 -9999.0 -9999.0 -9999.0 -9999.0 -9999.0 -9999.0 -9999.0 -9999.0 -9999.0 -9999.0 -9999.0 -9999.0 -9999.0 -9999.0 -9999.0 -9999.0 -9999.0 -9999.0 -9999.0 -9999.0 -9999.0 -9999.0 -9999.0 -9999.0 -9999.0 -9999.0 -9999.0 -9999.0 -9999.0 -9999.0 -9999.0 -9999.0 -9999.0 -9999.0 -9999.0 -9999.0 -9999.0 -9999.0 -9999.0 -9999.0 -9999.0 -9999.0 -9999.0 -9999.0 -9999.0 -9999.0 -9999.0 -9999.0 -9999.0 -9999.0 -9999.0 -9999.0 -9999.0 -9999.0 -9999.0 -9999.0 -9999.0 -9999.0 -9999.0 -9999.0 -9999.0 -9999.0 -9999.0 -9999.0 -9999.0 -9999.0 -9999.0 -9999.0 -9999.0 -9999.0 -9999.0 -9999.0 -9999.0 -9999.0 -9999.0 -9999.0 -9999.0 -9999.0 -9999.0 -9999.0 -9999.0 -9999.0 -9999.0 -9999.0 -9999.0 -9999.0 -9999.0 -9999.0 -9999.0 -9999.0 -9999.0 -9999.0 -9999.0 -9999.0    24.1    34.1    49.5    57.1    68.7    71.2    67.3    61.1    55.3    46.6    42.1    41.0    40.5 -9999.0 -9999.0 -9999.0 -9999.0 -9999.0 -9999.0 -9999.0 -9999.0 -9999.0 -9999.0 -9999.0 -9999.0 -9999.0 -9999.0 -9999.0 -9999.0 -9999.0 -9999.0 -9999.0
 -9999.0 -9999.0 -9999.0 -9999.0 -9999.0 -9999.0 -9999.0 -9999.0 -9999.0 -9999.0 -9999.0 -9999.0 -9999.0 -9999.0 -9999.0 -9999.0 -9999.0 -9999.0 -9999.0 -9999.0 -9999.0 -9999.0 -9999.0 -9999.0 -9999.0 -9999.0 -9999.0 -9999.0 -9999.0 -9999.0 -9999.0 -9999.0 -9999.0 -9999.0 -9999.0 -9999.0 -9999.0 -9999.0 -9999.0 -9999.0 -9999.0 -9999.0 -9999.0 -9999.0 -9999.0 -9999.0 -9999.0 -9999.0 -9999.0 -9999.0 -9999.0 -9999.0 -9999.0 -9999.0 -9999.0 -9999.0 -9999.0 -9999.0 -9999.0 -9999.0 -9999.0 -9999.0 -9999.0 -9999.0 -9999.0 -9999.0 -9999.0 -9999.0 -9999.0 -9999.0 -9999.0 -9999.0 -9999.0 -9999.0 -9999.0 -9999.0 -9999.0 -9999.0 -9999.0 -9999.0 -9999.0 -9999.0 -9999.0 -9999.0 -9999.0 -9999.0 -9999.0 -9999.0 -9999.0 -9999.0 -9999.0 -9999.0 -9999.0 -9999.0 -9999.0    16.5    23.7    34.3    49.3    56.6    66.5    72.1    71.0    65.5    56.2    53.0    42.7    41.4    40.5 -9999.0 -9999.0 -9999.0 -9999.0 -9999.0 -9999.0 -9999.0 -9999.0 -9999.0 -9999.0 -9999.0 -9999.0 -9999.0 -9999.0 -9999.0 -9999.0 -9999.0 -9999.0 -9999.0
 -9999.0 -9999.0 -9999.0 -9999.0 -9999.0 -9999.0 -9999.0 -9999.0 -9999.0 -9999.0 -9999.0 -9999.0 -9999.0 -9999.0 -9999.0 -9999.0 -9999.0 -9999.0 -9999.0 -9999.0 -9999.0 -9999.0 -9999.0 -9999.0 -9999.0 -9999.0 -9999.0 -9999.0 -9999.0 -9999.0 -9999.0 -9999.0 -9999.0 -9999.0 -9999.0 -9999.0 -9999.0 -9999.0 -9999.0 -9999.0 -9999.0 -9999.0 -9999.0 -9999.0 -9999.0 -9999.0 -9999.0 -9999.0 -9999.0 -9999.0 -9999.0 -9999.0 -9999.0 -9999.0 -9999.0 -9999.0 -9999.0 -9999.0 -9999.0 -9999.0 -9999.0 -9999.0 -9999.0 -9999.0 -9999.0 -9999.0 -9999.0 -9999.0 -9999.0 -9999.0 -9999.0 -9999.0 -9999.0 -9999.0 -9999.0 -9999.0 -9999.0 -9999.0 -9999.0 -9999.0 -9999.0 -9999.0 -9999.0 -9999.0 -9999.0 -9999.0 -9999.0 -9999.0 -9999.0 -9999.0 -9999.0 -9999.0 -9999.0 -9999.0 -9999.0    13.3    24.3    27.2    43.2    59.0    72.3    79.2    72.1    66.6    58.6    50.0    42.7    41.7    41.0    42.4 -9999.0 -9999.0 -9999.0 -9999.0 -9999.0 -9999.0 -9999.0 -9999.0 -9999.0 -9999.0 -9999.0 -9999.0 -9999.0 -9999.0 -9999.0 -9999.0 -9999.0 -9999.0
 -9999.0 -9999.0 -9999.0 -9999.0 -9999.0 -9999.0 -9999.0 -9999.0 -9999.0 -9999.0 -9999.0 -9999.0 -9999.0 -9999.0 -9999.0 -9999.0 -9999.0 -9999.0 -9999.0 -9999.0 -9999.0 -9999.0 -9999.0 -9999.0 -9999.0 -9999.0 -9999.0 -9999.0 -9999.0 -9999.0 -9999.0 -9999.0 -9999.0 -9999.0 -9999.0 -9999.0 -9999.0 -9999.0 -9999.0 -9999.0 -9999.0 -9999.0 -9999.0 -9999.0 -9999.0 -9999.0 -9999.0 -9999.0 -9999.0 -9999.0 -9999.0 -9999.0 -9999.0 -9999.0 -9999.0 -9999.0 -9999.0 -9999.0 -9999.0 -9999.0 -9999.0 -9999.0 -9999.0 -9999.0 -9999.0 -9999.0 -9999.0 -9999.0 -9999.0 -9999.0 -9999.0 -9999.0 -9999.0 -9999.0 -9999.0 -9999.0 -9999.0 -9999.0 -9999.0 -9999.0 -9999.0 -9999.0 -9999.0 -9999.0 -9999.0 -9999.0 -9999.0 -9999.0 -9999.0 -9999.0 -9999.0 -9999.0 -9999.0 -9999.0 -9999.0    13.0    17.2    34.4    48.5    58.7    65.9    78.2    74.8    67.6    59.3    53.3    43.9    42.6    43.0    43.7    46.6 -9999.0 -9999.0 -9999.0 -9999.0 -9999.0 -9999.0 -9999.0 -9999.0 -9999.0 -9999.0 -9999.0 -9999.0 -9999.0 -9999.0 -9999.0 -9999.0 -9999.0
 -9999.0 -9999.0 -9999.0 -9999.0 -9999.0 -9999.0 -9999.0 -9999.0 -9999.0 -9999.0 -9999.0 -9999.0 -9999.0 -9999.0 -9999.0 -9999.0 -9999.0 -9999.0 -9999.0 -9999.0 -9999.0 -9999.0 -9999.0 -9999.0 -9999.0 -9999.0 -9999.0 -9999.0 -9999.0 -9999.0 -9999.0 -9999.0 -9999.0 -9999.0 -9999.0 -9999.0 -9999.0 -9999.0 -9999.0 -9999.0 -9999.0 -9999.0 -9999.0 -9999.0 -9999.0 -9999.0 -9999.0 -9999.0 -9999.0 -9999.0 -9999.0 -9999.0 -9999.0 -9999.0 -9999.0 -9999.0 -9999.0 -9999.0 -9999.0 -9999.0 -9999.0 -9999.0 -9999.0 -9999.0 -9999.0 -9999.0 -9999.0 -9999.0 -9999.0 -9999.0 -9999.0 -9999.0 -9999.0 -9999.0 -9999.0 -9999.0 -9999.0 -9999.0 -9999.0 -9999.0 -9999.0 -9999.0 -9999.0 -9999.0 -9999.0 -9999.0 -9999.0 -9999.0 -9999.0 -9999.0 -9999.0 -9999.0 -9999.0 -9999.0     7.9    11.4    19.7    30.0    44.2    60.5    71.5    64.1    66.9    60.2    52.0    47.3    43.4    43.2    44.6    45.1    48.0 -9999.0 -9999.0 -9999.0 -9999.0 -9999.0 -9999.0 -9999.0 -9999.0 -9999.0 -9999.0 -9999.0 -9999.0 -9999.0 -9999.0 -9999.0 -9999.0 -9999.0
 -9999.0 -9999.0 -9999.0 -9999.0 -9999.0 -9999.0 -9999.0 -9999.0 -9999.0 -9999.0 -9999.0 -9999.0 -9999.0 -9999.0 -9999.0 -9999.0 -9999.0 -9999.0 -9999.0 -9999.0 -9999.0 -9999.0 -9999.0 -9999.0 -9999.0 -9999.0 -9999.0 -9999.0 -9999.0 -9999.0 -9999.0 -9999.0 -9999.0 -9999.0 -9999.0 -9999.0 -9999.0 -9999.0 -9999.0 -9999.0 -9999.0 -9999.0 -9999.0 -9999.0 -9999.0 -9999.0 -9999.0 -9999.0 -9999.0 -9999.0 -9999.0 -9999.0 -9999.0 -9999.0 -9999.0 -9999.0 -9999.0 -9999.0 -9999.0 -9999.0 -9999.0 -9999.0 -9999.0 -9999.0 -9999.0 -9999.0 -9999.0 -9999.0 -9999.0 -9999.0 -9999.0 -9999.0 -9999.0 -9999.0 -9999.0 -9999.0 -9999.0 -9999.0 -9999.0 -9999.0 -9999.0 -9999.0 -9999.0 -9999.0 -9999.0 -9999.0 -9999.0 -9999.0 -9999.0 -9999.0 -9999.0 -9999.0 -9999.0 -9999.0    10.6    15.9    21.3    31.5    46.3    54.6    63.4    63.9    57.8    49.3    41.6    41.6    41.5    42.8    45.9    47.8    48.7    51.0 -9999.0 -9999.0 -9999.0 -9999.0 -9999.0 -9999.0 -9999.0 -9999.0 -9999.0 -9999.0 -9999.0 -9999.0 -9999.0 -9999.0 -9999.0 -9999.0
 -9999.0 -9999.0 -9999.0 -9999.0 -9999.0 -9999.0 -9999.0 -9999.0 -9999.0 -9999.0 -9999.0 -9999.0 -9999.0 -9999.0 -9999.0 -9999.0 -9999.0 -9999.0 -9999.0 -9999.0 -9999.0 -9999.0 -9999.0 -9999.0 -9999.0 -9999.0 -9999.0 -9999.0 -9999.0 -9999.0 -9999.0 -9999.0 -9999.0 -9999.0 -9999.0 -9999.0 -9999.0 -9999.0 -9999.0 -9999.0 -9999.0 -9999.0 -9999.0 -9999.0 -9999.0 -9999.0 -9999.0 -9999.0 -9999.0 -9999.0 -9999.0 -9999.0 -9999.0 -9999.0 -9999.0 -9999.0 -9999.0 -9999.0 -9999.0 -9999.0 -9999.0 -9999.0 -9999.0 -9999.0 -9999.0 -9999.0 -9999.0 -9999.0 -9999.0 -9999.0 -9999.0 -9999.0 -9999.0 -9999.0 -9999.0 -9999.0 -9999.0 -9999.0 -9999.0 -9999.0 -9999.0 -9999.0 -9999.0 -9999.0 -9999.0 -9999.0 -9999.0 -9999.0 -9999.0     1.0 -9999.0 -9999.0     5.6    11.0    14.0    17.5    22.6    31.7    44.4    54.8    49.0    51.2    47.9    38.2    35.1    36.2    38.6    44.2    46.8    49.1    49.7    51.0 -9999.0 -9999.0 -9999.0 -9999.0 -9999.0 -9999.0 -9999.0 -9999.0 -9999.0 -9999.0 -9999.0 -9999.0 -9999.0 -9999.0 -9999.0 -9999.0
 -9999.0 -9999.0 -9999.0 -9999.0 -9999.0 -9999.0 -9999.0 -9999.0 -9999.0 -9999.0 -9999.0 -9999.0 -9999.0 -9999.0 -9999.0 -9999.0 -9999.0 -9999.0 -9999.0 -9999.0 -9999.0 -9999.0 -9999.0 -9999.0 -9999.0 -9999.0 -9999.0 -9999.0 -9999.0 -9999.0 -9999.0 -9999.0 -9999.0 -9999.0 -9999.0 -9999.0 -9999.0 -9999.0 -9999.0 -9999.0 -9999.0 -9999.0 -9999.0 -9999.0 -9999.0 -9999.0 -9999.0 -9999.0 -9999.0 -9999.0 -9999.0 -9999.0 -9999.0 -9999.0 -9999.0 -9999.0 -9999.0 -9999.0 -9999.0 -9999.0 -9999.0 -9999.0 -9999.0 -9999.0 -9999.0 -9999.0 -9999.0 -9999.0 -9999.0 -9999.0 -9999.0 -9999.0 -9999.0 -9999.0 -9999.0 -9999.0 -9999.0 -9999.0 -9999.0 -9999.0 -9999.0 -9999.0 -9999.0 -9999.0 -9999.0 -9999.0 -9999.0 -9999.0     1.0     1.4     2.5     4.5     8.6    17.1    22.0    29.2    30.9    37.8    44.1    48.8    51.8    47.2    39.2    35.5    33.8    34.9    37.4    41.3    45.4    48.6    50.0    49.8    49.2    49.7    52.5    56.7 -9999.0 -9999.0 -9999.0 -9999.0 -9999.0 -9999.0 -9999.0 -9999.0 -9999.0 -9999.0 -9999.0 -9999.0
 -9999.0 -9999.0 -9999.0 -9999.0 -9999.0 -9999.0 -9999.0 -9999.0 -9999.0 -9999.0 -9999.0 -9999.0 -9999.0 -9999.0 -9999.0 -9999.0 -9999.0 -9999.0 -9999.0 -9999.0 -9999.0 -9999.0 -9999.0 -9999.0 -9999.0 -9999.0 -9999.0 -9999.0 -9999.0    21.3    12.9     7.6     4.2 -9999.0 -9999.0 -9999.0 -9999.0 -9999.0 -9999.0 -9999.0 -9999.0 -9999.0 -9999.0 -9999.0 -9999.0 -9999.0 -9999.0 -9999.0 -9999.0 -9999.0 -9999.0 -9999.0 -9999.0 -9999.0 -9999.0 -9999.0 -9999.0 -9999.0 -9999.0 -9999.0 -9999.0 -9999.0 -9999.0 -9999.0 -9999.0 -9999.0 -9999.0 -9999.0 -9999.0 -9999.0 -9999.0 -9999.0 -9999.0 -9999.0 -9999.0 -9999.0 -9999.0 -9999.0 -9999.0 -9999.0 -9999.0 -9999.0 -9999.0 -9999.0 -9999.0 -9999.0 -9999.0     1.3     1.8     2.6     4.0     6.4    12.4    21.1    29.9    33.6    37.6    39.0    48.8    48.3    42.7    36.4    34.2    29.4    31.6    32.7    34.0    37.6    42.4    45.7    47.3    46.2    43.5    42.4    43.5    48.3    52.1    50.1 -9999.0 -9999.0 -9999.0 -9999.0 -9999.0 -9999.0 -9999.0 -9999.0 -9999.0 -9999.0
 -9999.0 -9999.0 -9999.0 -9999.0 -9999.0 -9999.0 -9999.0 -9999.0 -9999.0 -9999.0 -9999.0 -9999.0 -9999.0 -9999.0 -9999.0 -9999.0 -9999.0 -9999.0 -9999.0 -9999.0 -9999.0 -9999.0 -9999.0 -9999.0 -9999.0 -9999.0 -9999.0    46.9    34.5    28.8    16.3    11.3     6.1     4.0 -9999.0 -9999.0 -9999.0 -9999.0 -9999.0 -9999.0 -9999.0 -9999.0 -9999.0 -9999.0 -9999.0 -9999.0 -9999.0 -9999.0 -9999.0 -9999.0 -9999.0 -9999.0 -9999.0 -9999.0 -9999.0 -9999.0 -9999.0 -9999.0 -9999.0 -9999.0 -9999.0 -9999.0 -9999.0 -9999.0 -9999.0 -9999.0 -9999.0 -9999.0 -9999.0 -9999.0 -9999.0 -9999.0 -9999.0 -9999.0 -9999.0 -9999.0 -9999.0 -9999.0 -9999.0 -9999.0 -9999.0 -9999.0 -9999.0 -9999.0 -9999.0 -9999.0 -9999.0     2.1     2.8     3.4     4.8     8.0    13.9    23.2    31.4    37.2    38.3    42.9    42.6    44.0    37.0    30.8    29.0    27.3    27.5    28.5    29.7    32.6    36.4    40.6    42.0    39.7    35.1    32.5    32.0    33.4    37.5    37.7 -9999.0 -9999.0 -9999.0 -9999.0 -9999.0    19.3    17.0    15.1    13.8 -9999.0
 -9999.0 -9999.0 -9999.0 -9999.0 -9999.0 -9999.0 -9999.0 -9999.0 -9999.0 -9999.0 -9999.0 -9999.0 -9999.0 -9999.0 -9999.0 -9999.0 -9999.0 -9999.0 -9999.0 -9999.0 -9999.0 -9999.0 -9999.0 -9999.0 -9999.0 -9999.0    53.0    46.1    39.5    32.3    25.0    17.9     8.6     6.4     2.9     1.1     0.4 -9999.0 -9999.0 -9999.0 -9999.0 -9999.0 -9999.0 -9999.0 -9999.0 -9999.0 -9999.0 -9999.0 -9999.0 -9999.0 -9999.0 -9999.0 -9999.0 -9999.0 -9999.0 -9999.0 -9999.0 -9999.0 -9999.0 -9999.0 -9999.0 -9999.0 -9999.0 -9999.0 -9999.0 -9999.0 -9999.0 -9999.0 -9999.0 -9999.0 -9999.0 -9999.0 -9999.0 -9999.0 -9999.0 -9999.0 -9999.0 -9999.0 -9999.0 -9999.0 -9999.0 -9999.0 -9999.0 -9999.0 -9999.0 -9999.0     1.8     2.1     2.5     3.3     5.0     7.7    12.8    20.3    27.5    34.6    36.4    39.0    38.7    31.1    27.4    23.5    22.6    23.9    24.6    24.5    23.8    25.5    29.9    34.8    36.1    33.2    28.1    24.6    21.0    21.6    25.8    27.2    24.6 -9999.0 -9999.0    23.9    21.9    20.2    18.8    16.0    16.2 -9999.0
 -9999.0 -9999.0 -9999.0 -9999.0 -9999.0 -9999.0 -9999.0 -9999.0 -9999.0 -9999.0 -9999.0 -9999.0 -9999.0 -9999.0 -9999.0 -9999.0 -9999.0 -9999.0 -9999.0 -9999.0 -9999.0 -9999.0 -9999.0 -9999.0 -9999.0 -9999.0    43.3    40.5    36.5    30.9    25.3    20.8    15.1    11.9     7.0     2.8     0.6     0.4 -9999.0 -9999.0 -9999.0 -9999.0 -9999.0 -9999.0 -9999.0 -9999.0 -9999.0 -9999.0 -9999.0 -9999.0 -9999.0 -9999.0 -9999.0 -9999.0 -9999.0 -9999.0 -9999.0 -9999.0 -9999.0 -9999.0 -9999.0 -9999.0 -9999.0 -9999.0 -9999.0 -9999.0 -9999.0 -9999.0 -9999.0 -9999.0 -9999.0 -9999.0 -9999.0 -9999.0 -9999.0 -9999.0 -9999.0 -9999.0 -9999.0 -9999.0 -9999.0 -9999.0 -9999.0 -9999.0 -9999.0 -9999.0     1.7     1.6     1.9     2.5     3.6     5.6     9.9    15.5    22.8    28.3    33.7    31.2    25.8    24.1    21.5    19.9    20.9    21.7    22.9    21.1    18.7    19.8    24.5    29.9    31.6    27.8    22.1    19.1    16.1    11.8    15.1    17.3    21.2    24.2    24.2    22.7    22.2    22.3    22.0    21.3    20.0 -9999.0
 -9999.0 -9999.0 -9999.0 -9999.0 -9999.0 -9999.0 -9999.0 -9999.0 -9999.0 -9999.0 -9999.0 -9999.0 -9999.0 -9999.0 -9999.0 -9999.0 -9999.0 -9999.0 -9999.0 -9999.0 -9999.0    60.7    48.2    42.3    37.1    28.6    22.9    23.2    31.1    33.1    28.1    24.5    19.7    16.3    12.2     6.7     2.4     0.8     0.3 -9999.0 -9999.0 -9999.0 -9999.0 -9999.0 -9999.0 -9999.0 -9999.0 -9999.0 -9999.0 -9999.0 -9999.0 -9999.0 -9999.0 -9999.0 -9999.0 -9999.0 -9999.0 -9999.0 -9999.0 -9999.0 -9999.0 -9999.0 -9999.0 -9999.0 -9999.0 -9999.0 -9999.0 -9999.0 -9999.0 -9999.0 -9999.0 -9999.0 -9999.0 -9999.0 -9999.0 -9999.0 -9999.0 -9999.0 -9999.0 -9999.0 -9999.0 -9999.0 -9999.0 -9999.0 -9999.0 -9999.0 -9999.0     1.6 -9999.0 -9999.0     2.1 -9999.0 -9999.0    11.3    16.8    23.2    28.5    24.7    20.3    23.1    20.0    21.2    21.7    22.2    21.7    19.4    17.1    17.9    22.0    26.8    28.1    25.0    19.9    14.9    11.8     9.2     9.6    10.9    14.6    20.3    21.8    22.9    23.8    25.2    25.5    23.3 -9999.0 -9999.0
 -9999.0 -9999.0 -9999.0 -9999.0 -9999.0 -9999.0 -9999.0 -9999.0 -9999.0 -9999.0 -9999.0 -9999.0 -9999.0 -9999.0 -9999.0 -9999.0 -9999.0 -9999.0 -9999.0 -9999.0 -9999.0    54.6    49.1    38.5    27.3    14.0    14.1    16.6    23.8    30.6    30.5    30.0    28.1    22.3    16.9    10.5     5.1     2.2     0.8 -9999.0 -9999.0 -9999.0 -9999.0 -9999.0 -9999.0 -9999.0 -9999.0 -9999.0 -9999.0 -9999.0 -9999.0 -9999.0 -9999.0 -9999.0 -9999.0 -9999.0 -9999.0 -9999.0 -9999.0 -9999.0 -9999.0 -9999.0 -9999.0 -9999.0 -9999.0 -9999.0 -9999.0 -9999.0 -9999.0 -9999.0 -9999.0 -9999.0 -9999.0 -9999.0 -9999.0 -9999.0 -9999.0 -9999.0 -9999.0 -9999.0 -9999.0 -9999.0 -9999.0 -9999.0 -9999.0 -9999.0 -9999.0 -9999.0 -9999.0     1.1     1.4     2.5     4.9     7.9    13.0    19.7    20.8    21.1    20.1    21.3    22.8    23.9    24.7    24.7    23.1    20.7    19.2    20.3    23.4    25.9    25.5    22.5    18.3    13.8    10.0     9.4     8.3     8.4    11.5    17.7    22.0    23.2    23.8    23.8    28.4 -9999.0 -9999.0 -9999.0
 -9999.0 -9999.0 -9999.0 -9999.0 -9999.0 -9999.0 -9999.0 -9999.0 -9999.0 -9999.0 -9999.0 -9999.0 -9999.0 -9999.0 -9999.0 -9999.0 -9999.0 -9999.0 -9999.0 -9999.0    44.9    45.6    39.3    29.6    19.7    15.2    13.4    14.4    19.1    25.5    32.3    32.9    33.7    29.7    22.2    14.0     8.3     3.8     1.8 -9999.0 -9999.0 -9999.0 -9999.0 -9999.0 -9999.0 -9999.0 -9999.0 -9999.0 -9999.0 -9999.0 -9999.0 -9999.0 -9999.0 -9999.0 -9999.0 -9999.0 -9999.0 -9999.0 -9999.0 -9999.0 -9999.0 -9999.0 -9999.0 -9999.0 -9999.0 -9999.0 -9999.0 -9999.0 -9999.0 -9999.0 -9999.0 -9999.0 -9999.0 -9999.0 -9999.0 -9999.0 -9999.0 -9999.0 -9999.0 -9999.0 -9999.0 -9999.0 -9999.0 -9999.0 -9999.0 -9999.0 -9999.0 -9999.0     1.5     1.3     1.5     2.3     4.2     6.9    11.6    17.8    21.8    26.6    27.8    29.8    31.5    30.8    30.0    28.4    26.7    25.5    25.2    26.6    27.6    26.4    23.5    20.6    17.5    16.1    14.1    11.6    11.0    11.2    13.0    17.5    22.1    22.4    23.6    26.0    28.1 -9999.0 -9999.0 -9999.0
 -9999.0 -9999.0 -9999.0 -9999.0 -9999.0 -9999.0 -9999.0 -9999.0 -9999.0 -9999.0 -9999.0 -9999.0 -9999.0 -9999.0 -9999.0 -9999.0 -9999.0 -9999.0    63.6    47.0    40.2    43.5    32.8    22.4    16.9    13.7    12.9    13.7    17.2    24.7    31.4    37.2    39.3    34.9    27.8    19.9    12.1     6.3     3.3 -9999.0 -9999.0 -9999.0 -9999.0 -9999.0 -9999.0 -9999.0 -9999.0 -9999.0 -9999.0 -9999.0 -9999.0 -9999.0 -9999.0 -9999.0 -9999.0 -9999.0 -9999.0 -9999.0 -9999.0 -9999.0 -9999.0 -9999.0 -9999.0 -9999.0 -9999.0 -9999.0 -9999.0 -9999.0 -9999.0 -9999.0 -9999.0 -9999.0 -9999.0 -9999.0 -9999.0 -9999.0 -9999.0 -9999.0 -9999.0 -9999.0 -9999.0 -9999.0 -9999.0 -9999.0     6.4     5.8     5.4     4.1     2.9     3.1     3.3     4.3     5.5     8.4    13.5    21.2    27.5    35.3    40.6    42.2    40.1    36.6    33.4    30.5    29.9    31.3    32.9    33.2    31.2    26.1    20.4    16.3    14.8    16.2    15.3    15.3    13.2    18.6    20.6    23.3    23.3    22.8    23.0    25.0 -9999.0 -9999.0 -9999.0 -9999.0
 -9999.0 -9999.0 -9999.0 -9999.0 -9999.0 -9999.0 -9999.0 -9999.0 -9999.0 -9999.0 -9999.0 -9999.0 -9999.0 -9999.0 -9999.0    71.1   107.4   126.7   107.4    69.2    62.3    40.2    37.6    29.5    23.3    18.7    17.0    17.8    20.7    27.3    34.1    38.2    40.4    36.9    35.6    27.8    17.9    18.3     9.5     5.6     5.0     4.3     3.5     2.9 -9999.0 -9999.0 -9999.0 -9999.0 -9999.0 -9999.0 -9999.0 -9999.0 -9999.0 -9999.0 -9999.0 -9999.0 -9999.0 -9999.0 -9999.0 -9999.0 -9999.0 -9999.0 -9999.0 -9999.0 -9999.0 -9999.0 -9999.0 -9999.0 -9999.0 -9999.0 -9999.0 -9999.0 -9999.0 -9999.0 -9999.0 -9999.0 -9999.0 -9999.0 -9999.0    17.7    15.1    12.1     9.8     8.6     8.4     8.9     9.4     8.8     7.4     7.5     7.7     9.6    11.3    14.8    20.0    28.4    36.0    46.0    51.5    48.9    42.0    35.4    30.7    28.1    29.4    33.9    36.5    35.6    31.3    24.4    17.1    12.6    12.3    14.6    11.9    19.1    22.5    26.1    28.8    29.0    27.5    25.0    24.2    24.3 -9999.0 -9999.0 -9999.0 -9999.0
 -9999.0 -9999.0 -9999.0 -9999.0 -9999.0 -9999.0 -9999.0 -9999.0 -9999.0 -9999.0 -9999.0 -9999.0 -9999.0 -9999.0 -9999.0   169.5   147.7   139.2   106.1    69.2    33.4    33.6    35.0    35.0    30.9    27.7    26.0    25.8    27.6    30.7    33.2    33.6    34.7    29.0    25.7    22.4    15.4    15.0     8.7     7.3     5.7     3.3     3.2     3.0     2.1     2.1     2.3 -9999.0 -9999.0 -9999.0 -9999.0 -9999.0 -9999.0 -9999.0 -9999.0 -9999.0 -9999.0 -9999.0 -9999.0 -9999.0 -9999.0 -9999.0 -9999.0 -9999.0 -9999.0 -9999.0 -9999.0 -9999.0 -9999.0 -9999.0 -9999.0 -9999.0 -9999.0 -9999.0 -9999.0 -9999.0 -9999.0 -9999.0    18.6    17.0    14.5    12.2    10.4     9.6    10.3    12.2    14.5    16.3    16.8    17.4    19.8    21.4    23.2    24.1    30.4    33.0    41.3    48.5    50.4    43.7    35.4    28.4    24.3    23.5    26.9    32.8    35.4    33.5    28.8    22.6    16.7    12.8    11.1    12.4    15.3    21.7    21.9    25.8    30.5    31.6    30.7    27.9    25.5 -9999.0 -9999.0 -9999.0 -9999.0 -9999.0
 -9999.0 -9999.0 -9999.0 -9999.0 -9999.0 -9999.0 -9999.0 -9999.0 -9999.0 -9999.0 -9999.0 -9999.0 -9999.0 -9999.0 -9999.0 -9999.0    30.2    32.3    61.2    95.9    84.6    69.1    35.7    42.9    43.5    40.1    39.9    37.1    35.7    34.2    32.0    27.4    25.5    23.4    23.2    23.6    21.9    19.2    15.8    15.5    15.6    11.2     8.5     4.5     2.5     1.4     0.9     0.9 -9999.0 -9999.0 -9999.0 -9999.0 -9999.0 -9999.0 -9999.0 -9999.0 -9999.0 -9999.0 -9999.0 -9999.0 -9999.0 -9999.0 -9999.0 -9999.0 -9999.0 -9999.0 -9999.0 -9999.0 -9999.0 -9999.0 -9999.0 -9999.0 -9999.0 -9999.0 -9999.0 -9999.0 -9999.0 -9999.0    16.0    14.3    12.6    10.9     9.7     9.9    12.0    15.6    20.4    24.6    27.6    30.1    30.8    32.4    34.3    32.5    28.1    31.2    35.3    39.4    36.9    31.0    24.6    20.0    18.3    19.9    24.8    29.9    32.3    30.4    26.4    21.9    18.0    14.7    13.1    16.2    19.2    18.7    21.6    27.0    29.3    33.1 -9999.0 -9999.0 -9999.0 -9999.0 -9999.0 -9999.0 -9999.0 -9999.0
 -9999.0 -9999.0 -9999.0 -9999.0 -9999.0 -9999.0 -9999.0 -9999.0 -9999.0 -9999.0 -9999.0 -9999.0 -9999.0 -9999.0 -9999.0 -9999.0    18.0    26.0    36.0    43.5    77.4    73.0    63.4    37.6    17.2    18.1    29.5    48.1    62.3    67.6    40.0    43.4    87.8    82.2    39.3    33.8    41.2    31.2    25.4    25.4    24.4    18.0    16.7    13.1     5.1     1.2     0.4     0.4 -9999.0 -9999.0 -9999.0 -9999.0 -9999.0 -9999.0 -9999.0 -9999.0 -9999.0 -9999.0 -9999.0 -9999.0 -9999.0 -9999.0 -9999.0 -9999.0 -9999.0 -9999.0 -9999.0 -9999.0 -9999.0 -9999.0 -9999.0 -9999.0 -9999.0 -9999.0 -9999.0 -9999.0 -9999.0    10.1    11.0    10.4     9.3     8.2     8.5    10.1    12.8    17.3    22.4    27.4    30.9    33.5    36.4    36.7    29.9    28.5    27.9    24.4    26.3    26.4    23.0    19.7    16.6    14.9    15.1    18.0    22.9    28.4    30.8    29.1    26.1    23.2    21.5    21.3    21.3    21.5    18.6    19.3    20.7    25.5    27.4 -9999.0 -9999.0 -9999.0 -9999.0 -9999.0 -9999.0 -9999.0 -9999.0 -9999.0
 -9999.0 -9999.0 -9999.0 -9999.0 -9999.0 -9999.0 -9999.0 -9999.0 -9999.0 -9999.0 -9999.0 -9999.0 -9999.0 -9999.0 -9999.0 -9999.0   140.0   138.9   125.1    71.6    57.4    63.0    36.6    30.6    22.5    22.3    20.4    30.4    56.0    71.4    77.6    58.7    28.4    21.3    40.4    49.1    36.1    18.3    16.8    10.3    14.4    16.7    16.2    15.0    10.2     3.9     0.8     0.3     0.6     0.8     0.6 -9999.0 -9999.0 -9999.0 -9999.0 -9999.0 -9999.0 -9999.0 -9999.0 -9999.0 -9999.0 -9999.0 -9999.0 -9999.0 -9999.0 -9999.0 -9999.0 -9999.0 -9999.0 -9999.0 -9999.0 -9999.0 -9999.0 -9999.0 -9999.0 -9999.0     5.8     6.3     7.3     6.8     6.4     6.3     6.9     9.2    12.5    16.3    20.0    23.0    25.9    29.0    32.8    33.0    30.1    22.3    19.3    19.6    19.6    18.7    17.0    15.6    14.6    14.5    15.4    18.0    22.8    28.7    30.6    29.7    28.0    26.7    27.0    25.5    27.1    25.9    23.2    23.9    18.6    22.4    29.0    33.8 -9999.0 -9999.0 -9999.0 -9999.0 -9999.0 -9999.0 -9999.0 -9999.0
 -9999.0 -9999.0 -9999.0 -9999.0 -9999.0 -9999.0 -9999.0 -9999.0 -9999.0 -9999.0 -9999.0 -9999.0 -9999.0 -9999.0 -9999.0   105.0    71.3    75.7   106.2    80.8    54.4    31.8    20.5    16.1    13.2    12.2    18.6    32.0    44.8    58.4    67.8    26.1     1.5     0.5     0.5     1.1     6.5     4.5     2.8     4.0     2.5     4.6     7.4     5.8     4.2     3.1     1.4     0.7     0.6     0.5     0.5     0.4     0.5     1.2     0.8     1.1     1.3     2.0     2.8     4.0     4.9 -9999.0 -9999.0 -9999.0 -9999.0 -9999.0 -9999.0 -9999.0 -9999.0     7.0     4.6     3.7     3.8     3.5     3.5     2.7     3.2     3.1     3.7     4.7     4.7     4.7     5.9     8.5    11.5    13.9    15.3    16.1    17.5    20.9    26.3    30.4    32.8    25.0    19.7    18.7    17.9    18.0    18.2    17.0    16.3    16.4    17.4    20.3    24.7    28.0    30.3    30.6    31.7    33.4    34.6    35.0    34.5    30.2    31.8    30.7    31.1    31.7 -9999.0 -9999.0 -9999.0 -9999.0 -9999.0 -9999.0 -9999.0 -9999.0 -9999.0 -9999.0
 -9999.0 -9999.0 -9999.0 -9999.0 -9999.0 -9999.0 -9999.0 -9999.0 -9999.0 -9999.0 -9999.0 -9999.0 -9999.0 -9999.0   143.7   143.4   120.8   104.4    86.6    62.5    42.4    25.7    20.2     9.9     8.7     9.2    14.6    12.9     8.1     6.1     7.7    19.0     5.2    14.7     8.9     5.5     7.7     9.2    10.5     7.9     5.7     5.1     4.3     2.9     1.8     1.0     0.7     1.2     1.2     1.2     1.1     0.7     0.7     0.5     0.4     0.6     0.6     0.9     1.0     1.6     2.5     3.3     4.4     6.4     9.7    13.8    10.8     8.8     4.4     3.2     3.5     4.1     3.1     3.0     2.7     1.9     1.8     2.1     3.0     4.3     4.6     4.8     6.5     8.7    10.5    11.6    11.2    10.9    11.4    14.3    21.0    28.4    23.9    20.0    16.1    21.4    23.8    20.1    17.4    18.5    16.1    17.1    19.7    21.3    25.6    30.1    31.6    33.0    37.8    42.3    45.7    41.3    36.0    37.9    34.8    34.9    36.1 -9999.0 -9999.0 -9999.0 -9999.0 -9999.0 -9999.0 -9999.0 -9999.0 -9999.0 -9999.0 -9999.0
 -9999.0 -9999.0 -9999.0 -9999.0 -9999.0 -9999.0 -9999.0 -9999.0 -9999.0 -9999.0 -9999.0 -9999.0   158.7   151.2   140.1    89.6   107.9    48.4    20.6    10.9    10.4    11.4    10.6     8.9     7.0     5.7     4.8     3.9     4.2     4.1     5.1     8.1    17.0    11.2     4.8     7.3    11.1    11.2     7.8     8.1     6.7     6.2     5.0     3.3     1.9     1.6     1.7     2.0     3.1     2.0     1.6     1.0     0.8     0.6     0.4     0.4     0.5     0.6     0.7     0.7     0.9     1.6     2.2     3.2     3.8     5.5     6.9     5.8     6.5     5.7     6.5     6.7     3.7     4.9     4.9     3.5     2.5     3.0     4.5     5.8     7.0     7.0     8.6     9.8    10.4    10.1     9.6     9.2     9.8    11.9    16.7    21.5    32.4    34.7    21.5    28.3    22.9    16.4    18.6    20.4    15.2    17.7    20.3    23.5    30.0    30.5    31.2    34.7    43.4    52.9    53.4    45.6    44.5    42.0    32.2 -9999.0 -9999.0 -9999.0 -9999.0 -9999.0 -9999.0 -9999.0 -9999.0 -9999.0 -9999.0 -9999.0 -9999.0 -9999.0
 -9999.0 -9999.0 -9999.0 -9999.0 -9999.0 -9999.0 -9999.0 -9999.0 -9999.0   141.9   143.3   145.7   140.8    96.9    27.6    15.1     9.8     9.7     7.7     6.1     5.6     5.9     5.5     4.4     3.3     2.7     2.4     2.3     2.5     3.0     5.5    18.6    17.1     9.8    10.2    15.1     8.8     4.5     2.8     2.5     3.8     4.1     2.4     1.9     1.4     1.6     2.1     2.6     3.2     5.0     2.4     1.1     0.6     0.5     0.9     0.4     0.4     0.5     0.5     0.6     0.7     1.1     1.8     2.3     2.4     4.8     6.7     6.2    10.5    14.5     1.9     1.1     1.5     2.9     5.1     4.7     4.4     6.2     7.6    10.4    11.9    12.2    12.1    12.8    12.1    11.4    10.0    11.5    12.3    12.9    16.8    22.2    22.4    24.3    21.3    23.8    20.3    17.7    12.2    13.0    15.7    18.7    21.5    27.7    35.0    38.5    37.1    36.9    45.6    55.9    57.0    55.3    54.1 -9999.0 -9999.0 -9999.0 -9999.0 -9999.0 -9999.0 -9999.0 -9999.0 -9999.0 -9999.0 -9999.0 -9999.0 -9999.0 -9999.0 -9999.0
 -9999.0 -9999.0 -9999.0 -9999.0 -9999.0    91.1   101.8   113.6   120.8   126.3   118.8   121.2   114.4    73.0    42.5    20.9    10.8    11.6    10.8     8.5     6.2     4.7     3.6     2.5     1.9     1.5     1.5     1.8     2.4     3.5     5.2     6.7     6.2     5.1     4.8     3.4     1.9     1.4     1.0     1.7     2.3     1.4     1.5     2.0     1.4     1.1     0.7     1.0     1.6     2.2     3.2     1.8     1.6     1.2     1.0     0.5     0.4     0.4     0.4     0.6     0.9     1.9     2.5     3.2     5.7     7.4     7.6    10.7    13.2     2.5     1.3     1.5     2.5     5.1     9.7     6.5     5.9     8.2     7.6    10.7    15.4    16.6    17.8    18.0    16.7    18.6    17.8    19.6    18.5    16.8    16.0    21.7    20.7    21.6    21.2    19.7    18.8    12.6 -9999.0 -9999.0    16.9    21.7    34.0    34.9    33.0    35.4    35.1    42.7    52.9 -9999.0 -9999.0 -9999.0 -9999.0 -9999.0 -9999.0 -9999.0 -9999.0 -9999.0 -9999.0 -9999.0 -9999.0 -9999.0 -9999.0 -9999.0 -9999.0 -9999.0 -9999.0 -9999.0
 -9999.0 -9999.0 -9999.0    54.8    61.4    75.4    86.5    95.2   102.0    75.3    58.7    58.9    72.9    36.4    17.3    15.2    15.1    16.2    15.6    11.9     7.9     4.9     3.0     1.9     1.4     1.1     1.1     1.3     2.5     3.5     4.9     5.8     5.1     3.6     2.4     1.5     0.9     0.6     0.5     0.4     0.5     0.4     0.4     0.5     0.7     0.7     0.7     1.8     2.2     4.5     2.9     1.2     0.8     0.6     0.6     0.6     0.8     0.8     0.7     0.8     1.1     1.7     3.1     5.8     6.9     7.9    15.3     8.2     5.0     3.3     4.0     4.2     6.2     7.7     7.8     7.4     7.2     7.8    11.9    18.9    23.5    26.7    24.3    24.0    21.4    22.1    23.1    23.1    13.4     9.5    11.9    10.7     9.3    14.3    17.5    15.1    10.6 -9999.0 -9999.0 -9999.0    20.2    31.8    25.2    29.2    33.8    41.0    43.3 -9999.0 -9999.0 -9999.0 -9999.0 -9999.0 -9999.0 -9999.0 -9999.0 -9999.0 -9999.0 -9999.0 -9999.0 -9999.0 -9999.0 -9999.0 -9999.0 -9999.0 -9999.0 -9999.0 -9999.0 -9999.0
 -9999.0 -9999.0    30.0    39.0    48.8    54.9    60.2    57.9    41.5    40.8    39.0    36.4    31.1    24.5    20.4    18.4    19.0    19.2    18.0    13.9     9.0     5.3     3.0     1.7     1.2     0.9     1.0     1.4     1.8     2.9     3.2     3.5     2.7     1.8     1.1     0.6     0.4     0.4     0.5     0.5     0.5     0.8     1.3     2.1     2.7     5.6    18.8    23.2    22.3    19.0    22.4    13.2     4.5     1.8     1.6     2.9     1.8     1.9     1.5     1.6     1.3     3.6     2.9     5.0     6.8     9.5    10.7     7.9     7.1     4.7     7.5     7.2     7.6     9.0    10.9    11.8    13.3    12.6    20.8    31.1    36.6    36.1    28.8    27.8    24.5    25.6    24.5    16.7     7.0     5.3     4.4     4.1     4.2     4.9     6.1 -9999.0 -9999.0 -9999.0 -9999.0    19.4    22.9    23.6    26.2    31.0 -9999.0 -9999.0 -9999.0 -9999.0 -9999.0 -9999.0 -9999.0 -9999.0 -9999.0 -9999.0 -9999.0 -9999.0 -9999.0 -9999.0 -9999.0 -9999.0 -9999.0 -9999.0 -9999.0 -9999.0 -9999.0 -9999.0 -9999.0 -9999.0
 -9999.0 -9999.0    14.4    19.5    17.7    39.6    39.6    34.8    36.1    37.8    40.0    38.7    34.2    28.3    23.6    21.2    20.0    19.4    17.7    13.8     9.1     5.3     2.9     1.5     1.0     0.8     0.8     1.0     1.3     1.8     1.8     1.3     0.9     0.8     0.6     1.2     2.5     3.6     2.6     2.1     1.1     4.0    12.9    30.8    14.5    27.0    40.8    31.7    46.3    44.3    42.6    43.9    37.6    27.9     8.9     6.1     4.3     7.5     5.1     6.6     7.1     4.9     6.1     6.3     7.9    10.0    11.2    12.7    13.4     6.5     6.7     6.6     7.1     7.9    10.0    13.0    14.0    21.5    29.2    42.2    44.4    37.6    35.1    32.2    27.7    24.3    14.8     7.5     4.2     3.1     2.9     3.3     4.2     6.3 -9999.0 -9999.0 -9999.0 -9999.0 -9999.0    21.2 -9999.0 -9999.0 -9999.0 -9999.0 -9999.0 -9999.0 -9999.0 -9999.0 -9999.0 -9999.0 -9999.0 -9999.0 -9999.0 -9999.0 -9999.0 -9999.0 -9999.0 -9999.0 -9999.0 -9999.0 -9999.0 -9999.0 -9999.0 -9999.0 -9999.0 -9999.0 -9999.0 -9999.0
 -9999.0 -9999.0     7.0     7.4    12.5    22.5    33.8    42.4    34.4    34.3    38.0    39.8    37.1    31.2    25.7    20.8    19.4    17.6    15.7    12.5     8.3     4.8     2.5     1.3     0.8     0.7     0.7     0.8     0.8     0.8     0.7     0.6     5.4     9.3     9.0    10.2     5.9     5.4     6.6     5.2     1.9     2.7     2.9     8.4     9.8    17.1    27.6    39.4    43.1    48.0    55.0    49.8    45.0    41.7    33.3    25.4    14.7    13.0    18.1    20.7    10.7     9.9     9.2     8.7     9.6    11.8    13.9    20.5    10.8     8.8     8.4     7.3     7.2     8.4    11.6    17.7    24.3    33.2    49.7    52.7    48.7    30.4    32.8    36.3    19.3    15.5    10.5     5.8     3.8     3.1     3.8 -9999.0 -9999.0 -9999.0 -9999.0 -9999.0 -9999.0 -9999.0 -9999.0 -9999.0 -9999.0 -9999.0 -9999.0 -9999.0 -9999.0 -9999.0 -9999.0 -9999.0 -9999.0 -9999.0 -9999.0 -9999.0 -9999.0 -9999.0 -9999.0 -9999.0 -9999.0 -9999.0 -9999.0 -9999.0 -9999.0 -9999.0 -9999.0 -9999.0 -9999.0 -9999.0 -9999.0 -9999.0
 -9999.0 -9999.0 -9999.0     1.7     7.3     8.8    14.0    23.1    35.5    36.9    34.0    37.4    37.0    31.0    22.9    17.7    15.5    14.8    13.9    11.3     7.3     4.0     2.0     1.0     0.6     0.5     0.5     0.5     0.6     0.8     1.9     6.0     5.7    10.4    12.2     8.6     3.6     2.5     3.2     1.5     1.4     1.6     2.7     4.0     6.8    17.9    36.4    45.7    55.8    58.0    58.7    57.6    54.4    50.7    43.8    41.2    38.9    42.3    46.6    38.4    28.7    19.9    17.0    13.3    11.8    11.9    15.5    20.9    14.1    13.5    12.2    10.4    11.1    12.9    17.5    23.5    33.4    42.0    54.7    46.9    41.2    29.4    35.7    30.5    19.2    14.5     9.7     6.1     5.2     6.0     9.1    13.0 -9999.0 -9999.0 -9999.0 -9999.0 -9999.0 -9999.0 -9999.0 -9999.0 -9999.0 -9999.0 -9999.0 -9999.0 -9999.0 -9999.0 -9999.0 -9999.0 -9999.0 -9999.0 -9999.0 -9999.0 -9999.0 -9999.0 -9999.0 -9999.0 -9999.0 -9999.0 -9999.0 -9999.0 -9999.0 -9999.0 -9999.0 -9999.0 -9999.0 -9999.0 -9999.0 -9999.0
 -9999.0 -9999.0 -9999.0 -9999.0 -9999.0     4.8    11.0    16.9    18.1    31.4    31.2    35.1    34.2    27.4    18.9    13.7    12.0    12.4    12.8    10.7     7.2     3.5     1.5     0.7     0.5     0.5     0.5     0.6     1.6     2.5     3.0     4.6     5.8     6.2     9.6     6.4     7.4     7.0     3.6     1.9     1.7     1.9     2.3     3.7     5.9    10.7    19.1    42.9    46.3    60.2    59.8    65.3    62.0    56.4    54.1    52.8    54.9    60.6    73.5    77.6    69.8    38.4    30.2    20.8    17.7    15.8    19.0    20.8    19.2    17.8    16.3    16.0    18.2    22.7    28.8    34.4    39.9    36.7    44.6    42.4    34.4    23.9    32.7    34.6    22.2    13.1    10.5     9.6    11.1    15.8    24.4    30.6    34.3    37.1 -9999.0 -9999.0 -9999.0    72.4 -9999.0 -9999.0 -9999.0 -9999.0 -9999.0 -9999.0 -9999.0 -9999.0 -9999.0 -9999.0 -9999.0 -9999.0 -9999.0 -9999.0 -9999.0 -9999.0 -9999.0 -9999.0 -9999.0 -9999.0 -9999.0 -9999.0 -9999.0 -9999.0 -9999.0 -9999.0 -9999.0 -9999.0 -9999.0 -9999.0
 -9999.0 -9999.0 -9999.0 -9999.0     0.5     0.5     0.5     5.1    10.0    22.1    28.2    33.5    33.7    23.6    14.6    10.3     9.6    11.0    12.4    11.2     6.7     2.9     1.3     0.8     0.6     0.7     0.8     0.5     1.4     1.8     2.4     3.2     3.9     5.2     4.4     5.0     5.0    12.4    12.7     8.5     3.6     2.5     3.3     3.6     4.4     5.7     9.2    18.4    29.0    30.5    39.9    58.8    64.3    65.1    57.2    60.0    67.2    77.8    91.0    77.6    71.9    63.5    50.5    34.1    21.7    27.4    30.4    24.9    28.6    24.1    21.6    23.4    27.7    33.1    37.6    41.0    42.0    38.8    42.7    25.0    22.2    28.1    30.8    33.8    18.3    11.4    13.7    19.5    27.3    40.9    56.6    60.5    55.1    51.3 -9999.0 -9999.0    76.8    80.7    69.0    92.2    58.3 -9999.0 -9999.0 -9999.0 -9999.0 -9999.0 -9999.0 -9999.0 -9999.0 -9999.0 -9999.0 -9999.0 -9999.0 -9999.0 -9999.0 -9999.0 -9999.0 -9999.0 -9999.0 -9999.0 -9999.0 -9999.0 -9999.0 -9999.0 -9999.0 -9999.0 -9999.0 -9999.0
 -9999.0 -9999.0 -9999.0 -9999.0     0.0     0.2     0.1     2.0     0.4     1.2    15.2     6.7    15.0    15.9    19.4    16.6    15.9    13.6    13.3    11.8     8.2     4.3     2.3     1.6     0.6     0.3     0.5     0.6     0.8     1.2     1.6     2.3     2.9     3.6     4.7     4.9     7.8    11.4     9.8     7.0    15.6     5.7     5.9     4.2     4.2     4.6     5.8     8.5    13.5    23.3    33.9    45.9    65.7    62.0    60.8    66.9    75.3    88.0    98.7    99.0    90.0    70.0    52.6    46.3    37.5    30.6    41.6    35.5    32.2    29.8    27.1    29.4    33.5    37.1    37.8    39.9    39.2    41.4    37.4    27.7    28.2    28.5    31.8    28.4    15.2    14.0    22.2    38.2    58.8    83.6    96.7   104.2    76.0    63.4    60.9    62.1    67.4    69.7    68.1 -9999.0 -9999.0 -9999.0 -9999.0 -9999.0 -9999.0 -9999.0 -9999.0 -9999.0 -9999.0 -9999.0 -9999.0 -9999.0 -9999.0 -9999.0 -9999.0 -9999.0 -9999.0 -9999.0 -9999.0 -9999.0 -9999.0 -9999.0 -9999.0 -9999.0 -9999.0 -9999.0 -9999.0 -9999.0
 -9999.0 -9999.0 -9999.0 -9999.0 -9999.0 -9999.0 -9999.0     0.3     0.3     1.8     0.3     0.6     6.2     5.4     6.1    14.1    12.8    14.2    13.9    10.1     4.0     1.1     0.6     0.5     0.5     0.4     0.4     0.4     0.6     0.7     1.1     1.6     2.3     3.1     4.4     5.0     7.9     9.4    14.8    19.8    13.9    33.3    36.1    28.0    16.4     7.2    13.3    14.0    23.9    23.7    30.7    43.4    57.4    66.8    68.1    67.5    71.1    80.0    88.8    95.3    84.3    67.7    55.0    56.4    64.8    55.0    56.0    48.6    38.9    33.7    31.0    33.4    38.9    40.7    38.1    39.7    39.5    43.6    41.7    33.3    32.7    33.7    34.7    31.6    25.2    28.9    40.5    57.4    76.2    97.9   104.1    97.7    92.7    79.2    64.3    63.5    61.5 -9999.0 -9999.0 -9999.0 -9999.0 -9999.0 -9999.0 -9999.0 -9999.0 -9999.0 -9999.0 -9999.0 -9999.0 -9999.0 -9999.0 -9999.0 -9999.0 -9999.0 -9999.0 -9999.0 -9999.0 -9999.0 -9999.0 -9999.0 -9999.0 -9999.0 -9999.0 -9999.0 -9999.0 -9999.0 -9999.0 -9999.0
 -9999.0 -9999.0 -9999.0 -9999.0 -9999.0 -9999.0 -9999.0     0.0     0.4     0.1     0.2     0.9     0.8     0.3     1.8     0.2     2.6     2.9     0.6     2.0     1.6     0.5     0.5     0.4     0.4     0.3     0.4     0.3     0.5     0.6     0.8     1.2     1.8     2.6     3.4     4.6     5.7     8.7    11.6    14.9    20.8    26.9    34.2    47.3    32.3    19.7    26.9    31.4    49.1    47.7    62.3    61.8    57.8    62.1    63.6    64.9    65.1    69.2    76.2    78.8    79.7    77.4    72.2    83.2    86.8    83.5    70.8    53.8    45.3    33.6    34.8    39.6    45.0    44.8    36.6    42.2    45.6    48.2    44.3    42.4    42.0    40.7    41.3    44.4    44.4    51.5    57.5    57.6    62.6    70.3    75.6    75.5    75.9    72.0    71.6    60.5 -9999.0 -9999.0 -9999.0 -9999.0 -9999.0 -9999.0 -9999.0 -9999.0 -9999.0 -9999.0 -9999.0 -9999.0 -9999.0 -9999.0 -9999.0 -9999.0 -9999.0 -9999.0 -9999.0 -9999.0 -9999.0 -9999.0 -9999.0 -9999.0 -9999.0 -9999.0 -9999.0 -9999.0 -9999.0 -9999.0 -9999.0 -9999.0
 -9999.0 -9999.0 -9999.0 -9999.0 -9999.0 -9999.0 -9999.0 -9999.0 -9999.0     0.0     0.1     0.5     0.1     0.3     0.8     1.7     0.7     0.1     0.5     0.1     0.4     0.6     0.5     0.4     0.4     0.4     0.3     0.4     0.5     0.5     0.8     1.1     1.5     2.2     2.7     3.5     4.6     6.7     8.5    12.7    16.3    24.2    29.3    31.3    38.9    40.6    42.9    44.6    48.9    52.0    57.2    55.9    55.2    55.8    58.3    58.9    56.1    58.3    68.3    72.7    75.1    76.5    82.2   100.0   109.2   100.4    76.1    54.6    51.5    41.7    45.1    47.0    49.6    49.1    47.6    39.7    45.7    51.1    51.0    49.8    51.1    49.8    45.5    48.7    50.0    50.1    45.7    40.0    42.1    47.3    55.2    60.9    62.6    64.7    59.9 -9999.0 -9999.0 -9999.0 -9999.0 -9999.0 -9999.0 -9999.0 -9999.0 -9999.0 -9999.0 -9999.0 -9999.0 -9999.0 -9999.0 -9999.0 -9999.0 -9999.0 -9999.0 -9999.0 -9999.0 -9999.0 -9999.0 -9999.0 -9999.0 -9999.0 -9999.0 -9999.0 -9999.0 -9999.0 -9999.0 -9999.0 -9999.0 -9999.0
 -9999.0 -9999.0 -9999.0 -9999.0 -9999.0 -9999.0 -9999.0 -9999.0 -9999.0 -9999.0 -9999.0     0.0     0.6     0.0     0.3     0.2     0.4     0.6     0.6     0.4     0.2     0.4     0.3     0.4     0.1     0.2     0.2     0.3     0.4     0.5     0.7     0.9     1.4     2.0     2.5     3.9     4.4     5.7    10.5    10.3    16.0    19.6    24.1    28.5    42.8    39.3    52.8    49.4    53.9    53.7    50.6    51.4    51.3    52.2    53.7    55.4    57.8    61.5    65.4    69.9    72.4    79.6    92.4   108.5   108.9    91.3    60.3    58.0    58.8    60.3    62.2    61.6    55.3    50.0    43.2    45.8    51.1    62.5    62.4    62.2    51.7    45.7    47.2    44.4    40.9    34.8    28.9    27.3    34.2    45.6    55.8    60.8    62.8    59.8    53.3 -9999.0 -9999.0 -9999.0 -9999.0 -9999.0 -9999.0 -9999.0 -9999.0 -9999.0 -9999.0 -9999.0 -9999.0 -9999.0 -9999.0 -9999.0 -9999.0 -9999.0 -9999.0 -9999.0 -9999.0 -9999.0 -9999.0 -9999.0 -9999.0 -9999.0 -9999.0 -9999.0 -9999.0 -9999.0 -9999.0 -9999.0 -9999.0 -9999.0
 -9999.0 -9999.0 -9999.0 -9999.0 -9999.0 -9999.0 -9999.0 -9999.0 -9999.0 -9999.0 -9999.0 -9999.0     0.2     0.4     0.1     0.3     0.0     0.2     0.3     0.0     0.5     0.4     0.3     0.4     0.0     0.3     0.4     0.3     0.4     0.4     0.7     1.0     1.4     2.0     2.8     3.6     5.4     5.8     6.4     7.4     9.9    14.6    21.0    30.7    36.8    43.9    51.2    47.7    51.1    52.4    56.3    54.2    50.5    48.6    49.8    53.1    58.0    62.1    65.8    69.2    73.8    74.7    80.7    98.5   113.0   102.2    78.4    74.7    76.8    82.3    79.5    62.9    55.8    55.9    61.7    88.2    79.7    88.6    84.9   109.2    71.3    51.7    45.8    39.4    34.6    30.0    27.6    31.2    43.4    60.3    73.2    74.4    68.7    57.3    48.7    46.1    52.3 -9999.0 -9999.0 -9999.0 -9999.0 -9999.0 -9999.0 -9999.0 -9999.0 -9999.0 -9999.0 -9999.0 -9999.0 -9999.0 -9999.0 -9999.0 -9999.0 -9999.0 -9999.0 -9999.0 -9999.0 -9999.0 -9999.0 -9999.0 -9999.0 -9999.0 -9999.0 -9999.0 -9999.0 -9999.0 -9999.0 -9999.0
 -9999.0 -9999.0 -9999.0 -9999.0 -9999.0 -9999.0 -9999.0 -9999.0 -9999.0 -9999.0 -9999.0 -9999.0     0.0     0.3     0.6     0.1     0.7     0.5     0.1     0.2     0.2     0.1     0.2     0.4     0.5     0.4     0.4     0.5     0.5     0.7     0.7     0.9     1.5     2.2     2.9     3.8     5.3     6.8     7.7     8.8    10.0    14.0    24.1    27.7    38.6    47.9    47.5    48.5    45.1    51.6    51.8    53.6    50.9    51.4    50.4    54.7    60.8    66.5    71.5    75.7    81.7    88.2    86.3    85.6   115.6   108.2    71.9    68.4    79.9    97.0   106.1   106.6   107.5   100.3   102.2    98.1    96.8   123.9   130.8   124.9   125.1    50.4    43.6    41.1    40.1    40.4    44.1    52.7    67.3    82.9    91.2    89.9    78.0    63.6    53.9    51.4    61.7 -9999.0 -9999.0 -9999.0 -9999.0 -9999.0 -9999.0 -9999.0 -9999.0 -9999.0 -9999.0 -9999.0 -9999.0 -9999.0 -9999.0 -9999.0 -9999.0 -9999.0 -9999.0 -9999.0 -9999.0 -9999.0 -9999.0 -9999.0 -9999.0 -9999.0 -9999.0 -9999.0 -9999.0 -9999.0 -9999.0 -9999.0
 -9999.0 -9999.0 -9999.0 -9999.0 -9999.0 -9999.0 -9999.0 -9999.0 -9999.0 -9999.0 -9999.0 -9999.0 -9999.0     0.0     0.0     0.5     0.2     0.5     0.6     0.6     0.4     0.6     0.2     0.6     0.5     0.2     0.2     0.2     0.4     0.5     1.0     1.4     1.5     2.3     3.4     4.3     5.6     7.2    10.9    11.8    14.0    19.4    25.1    35.3    39.6    43.4    50.1    54.3    55.4    54.5    54.7    53.6    54.7    59.6    59.5    62.6    69.1    74.6    75.2    80.0    83.7    95.7    95.8   122.8   116.0   110.4   101.5    82.1    91.3    99.8    89.2   101.0   118.8   128.6   136.8   132.2   129.7   126.6   110.7    93.6   107.3    59.8    52.9    54.4    58.9    65.3    76.0    88.0   101.0   106.5   105.3   104.5    95.3    84.5    81.4    79.0    87.4 -9999.0 -9999.0 -9999.0 -9999.0 -9999.0 -9999.0 -9999.0 -9999.0 -9999.0 -9999.0 -9999.0 -9999.0 -9999.0 -9999.0 -9999.0 -9999.0 -9999.0 -9999.0 -9999.0 -9999.0 -9999.0 -9999.0 -9999.0 -9999.0 -9999.0 -9999.0 -9999.0 -9999.0 -9999.0 -9999.0 -9999.0
 -9999.0 -9999.0 -9999.0 -9999.0 -9999.0 -9999.0 -9999.0 -9999.0 -9999.0 -9999.0 -9999.0 -9999.0     0.0     0.0     0.0     0.2     0.0     0.1     0.2     1.1     1.0     0.9     0.6     0.7     0.8     0.3     0.4     0.6     0.7     0.7     1.1     1.9     1.7     2.9     3.8     5.0     6.6     8.1    10.0    12.6    18.6    25.6    33.5    35.6    43.6    48.9    50.3    49.3    51.5    52.7    57.1    60.7    60.5    64.4    67.7    73.4    78.9    90.2    90.7    95.5    98.6    98.3   109.7   103.4   119.4   117.4    67.1    66.1    99.6   125.2   137.3   141.4   144.2   144.4   152.4   150.0   135.4   126.4   118.2    96.2    75.3    65.4    67.3    75.7    86.5   100.5   116.8   126.8   131.3   128.4   123.7   125.0   125.1   119.3   124.8   121.4   116.6   121.2 -9999.0 -9999.0 -9999.0 -9999.0 -9999.0 -9999.0 -9999.0 -9999.0 -9999.0 -9999.0 -9999.0 -9999.0 -9999.0 -9999.0 -9999.0 -9999.0 -9999.0 -9999.0 -9999.0 -9999.0 -9999.0 -9999.0 -9999.0 -9999.0 -9999.0 -9999.0 -9999.0 -9999.0 -9999.0 -9999.0
 -9999.0 -9999.0 -9999.0 -9999.0 -9999.0 -9999.0 -9999.0 -9999.0 -9999.0 -9999.0 -9999.0 -9999.0     0.0     0.1     0.1     0.0     0.0     0.5     0.6     0.3     1.3     0.5     0.6     0.7     1.1     1.3     1.1     1.2     1.2     1.7     2.1     2.3     2.1     3.8     4.7     5.7     7.3     9.3    11.6    13.9    18.5    24.4    32.0    40.1    46.5    51.0    54.4    53.5    52.1    46.9    49.9    57.4    60.5    66.0    72.8    79.8    88.6    94.4   101.8   100.4   101.2   101.2   130.6   131.2   121.8   103.9    99.2    66.0    76.0   109.8   140.3   160.8   178.1   194.3   193.9   181.4   153.6   149.2   138.5   102.7    82.0    75.9    88.9   108.3   123.4   142.1   157.8   166.4   164.6   159.5   151.3   147.4   146.5   141.9   147.0   138.8   122.1   115.3   110.0 -9999.0 -9999.0 -9999.0 -9999.0 -9999.0 -9999.0 -9999.0 -9999.0 -9999.0 -9999.0 -9999.0 -9999.0 -9999.0 -9999.0 -9999.0 -9999.0 -9999.0 -9999.0 -9999.0 -9999.0 -9999.0 -9999.0 -9999.0 -9999.0 -9999.0 -9999.0 -9999.0 -9999.0 -9999.0
 -9999.0 -9999.0 -9999.0 -9999.0 -9999.0 -9999.0 -9999.0 -9999.0 -9999.0 -9999.0 -9999.0 -9999.0     0.1     0.0     0.2     0.2     0.4     0.0     0.3     0.4     0.1     0.1     0.6     0.4     0.8     0.4     0.6     0.4     1.6     1.9     2.4     1.7     3.6     4.8     5.5     6.4     8.0    10.1    12.6    16.4    21.6    29.2    38.8    44.9    50.2    52.7    52.5    48.6    42.7    41.8    44.4    46.7    59.6    65.3    71.3    70.6    84.5    92.6    98.6   107.3   116.4   123.4   109.4   123.0    90.3    76.3    74.0    74.9    89.0   110.3   142.0   176.6   197.9   205.9   203.0   197.6   201.6   150.9   147.7   119.7    88.6    93.0   110.0   144.3   174.4   188.6   200.1   237.3   197.5   195.5   185.4   170.1   154.0   148.9   150.2   137.4   116.0   100.7    85.0    80.1 -9999.0 -9999.0 -9999.0 -9999.0 -9999.0 -9999.0 -9999.0 -9999.0 -9999.0 -9999.0 -9999.0 -9999.0 -9999.0 -9999.0 -9999.0 -9999.0 -9999.0 -9999.0 -9999.0 -9999.0 -9999.0 -9999.0 -9999.0 -9999.0 -9999.0 -9999.0 -9999.0 -9999.0
 -9999.0 -9999.0 -9999.0 -9999.0 -9999.0 -9999.0 -9999.0 -9999.0 -9999.0 -9999.0 -9999.0 -9999.0 -9999.0     0.0     0.0     0.2     0.2     0.5     0.2     0.1     0.0     0.4     0.2     0.2     1.1     0.9     1.2     1.8     1.2     3.1     1.6     2.6     3.0     4.8     5.4     5.6     7.7    10.6    13.5    17.8    24.7    33.3    41.8    49.9    53.9    51.2    47.1    38.7    38.2    35.0    31.0    42.1    46.1    47.1    62.9    69.8    61.6    72.5    88.4    99.1   108.2   102.9   119.7    85.3    49.0    56.4    65.9    77.4    89.5   111.7   137.1   166.0   188.3   200.6   199.9   184.5   167.0   154.8   155.4   120.3   102.2   113.2   141.8   177.0   206.6   215.1   217.3   275.2   262.1   233.6   215.9   198.6   175.4   162.2   156.3   145.9   122.5   107.3    91.9 -9999.0 -9999.0 -9999.0 -9999.0 -9999.0 -9999.0 -9999.0 -9999.0 -9999.0 -9999.0 -9999.0 -9999.0 -9999.0 -9999.0 -9999.0 -9999.0 -9999.0 -9999.0 -9999.0 -9999.0 -9999.0 -9999.0 -9999.0 -9999.0 -9999.0 -9999.0 -9999.0 -9999.0 -9999.0
 -9999.0 -9999.0 -9999.0 -9999.0 -9999.0 -9999.0 -9999.0 -9999.0 -9999.0 -9999.0 -9999.0 -9999.0 -9999.0     0.2     0.0     0.2     0.0     0.6     0.6     0.4     0.0     0.1     0.1     0.3     2.4     1.4     1.2     2.7     2.3     0.4     0.9     1.6     3.5     4.2     4.2     5.7     8.5    11.1    13.8    17.6    25.9    36.0    46.0    51.6    47.8    47.9    41.2    31.5    25.7    22.3    26.3    20.5    34.2    45.5    54.3    56.5    48.2    56.6    77.2    69.0   102.4    94.8    69.4    51.7    46.9    51.6    64.2    76.8    88.3    99.4   115.6   141.3   169.6   185.6   188.6   188.6   198.8   158.8   135.4   125.3   123.3   137.8   168.5   203.5   223.9   220.5   208.1   204.8   225.4   222.4   236.5   225.6   207.1   192.8   181.5   165.9   147.7   134.1   120.8 -9999.0 -9999.0 -9999.0 -9999.0 -9999.0 -9999.0 -9999.0 -9999.0 -9999.0 -9999.0 -9999.0 -9999.0 -9999.0 -9999.0 -9999.0 -9999.0 -9999.0 -9999.0 -9999.0 -9999.0 -9999.0 -9999.0 -9999.0 -9999.0 -9999.0 -9999.0 -9999.0 -9999.0 -9999.0
 -9999.0 -9999.0 -9999.0 -9999.0 -9999.0 -9999.0 -9999.0 -9999.0 -9999.0 -9999.0 -9999.0 -9999.0 -9999.0 -9999.0 -9999.0     0.1     0.5     0.3     0.9     2.1     0.2     0.9     1.4     1.1     0.7     1.0     0.2     0.7     0.2     1.9     1.3     2.2     1.4     2.5     4.6     4.8     6.7    12.6    14.4    18.2    23.5    31.3    41.1    48.8    57.4    55.2    36.5    28.7    20.3    11.1    13.2    26.9    22.6    29.2    16.2    38.2    44.0    22.0    71.7    88.3    63.0    71.4    91.0    74.5    61.4    61.1    68.9    78.4    87.9    95.4   104.2   125.3   151.7   172.0   185.2   195.9   196.0   201.8   161.4   144.0   149.9   165.6   190.9   217.1   227.7   215.9   193.6   187.1   187.3   212.4   245.1   261.8   237.1   229.1   218.8   200.6   181.5 -9999.0   143.8 -9999.0 -9999.0 -9999.0 -9999.0 -9999.0 -9999.0 -9999.0 -9999.0 -9999.0 -9999.0 -9999.0 -9999.0 -9999.0 -9999.0 -9999.0 -9999.0 -9999.0 -9999.0 -9999.0 -9999.0 -9999.0 -9999.0 -9999.0 -9999.0 -9999.0 -9999.0 -9999.0 -9999.0 -9999.0
 -9999.0 -9999.0 -9999.0 -9999.0 -9999.0 -9999.0 -9999.0 -9999.0 -9999.0 -9999.0 -9999.0 -9999.0 -9999.0 -9999.0 -9999.0 -9999.0 -9999.0    13.3    11.9 -9999.0    10.8     1.2     5.7     5.6     1.3     1.8     0.2     0.7     2.4     0.7     2.0     4.5     1.2     5.4     8.1     7.5     7.2    17.0    14.8    17.2    21.6    26.6    35.7    44.8    93.1    61.9   119.8    26.6    18.0    13.6    10.8    11.2    11.4    23.1    28.7    33.2    27.2    52.2    64.9    83.9    52.8    82.2    96.4    83.1    71.4    71.3    77.1    83.9    93.8   104.2   117.3   130.3   148.9   172.3   183.6   191.8   192.1   184.7   172.7   158.7   165.8   178.6   196.4   214.5   226.5   218.7   197.9   180.8   189.2   216.9   262.4   277.3   251.4   248.0   250.8   240.1   207.1   186.5   176.5   161.3   145.6 -9999.0 -9999.0 -9999.0 -9999.0 -9999.0 -9999.0 -9999.0 -9999.0 -9999.0 -9999.0 -9999.0 -9999.0 -9999.0 -9999.0 -9999.0 -9999.0 -9999.0 -9999.0 -9999.0 -9999.0 -9999.0 -9999.0 -9999.0 -9999.0 -9999.0 -9999.0 -9999.0
 -9999.0 -9999.0 -9999.0 -9999.0 -9999.0 -9999.0 -9999.0 -9999.0 -9999.0 -9999.0 -9999.0 -9999.0 -9999.0 -9999.0 -9999.0 -9999.0 -9999.0 -9999.0 -9999.0 -9999.0 -9999.0     9.0     4.5     0.5     3.0    10.9     8.5     6.3     3.8     6.5     4.5    12.1     8.8     7.4     9.9     9.5    13.3    16.5    19.5    27.3    31.3    22.8    28.3    36.1   101.6    47.1   183.8    41.9    23.1    31.7    14.3    23.9    25.1    14.4    19.6    29.8    36.2    39.0    71.3    83.3    61.0    73.0    83.7    73.3    68.7    74.7    81.1    85.6    97.1   115.1   131.5   135.0   149.5   165.8   170.0   173.3   176.5   170.5   164.2   162.7   167.0   178.2   194.6   213.1   250.3   232.4   219.0   210.4   216.2   239.3   278.9   290.0   303.9   290.3   283.9   261.7   234.2   209.7   198.6   154.7 -9999.0 -9999.0 -9999.0 -9999.0 -9999.0 -9999.0 -9999.0 -9999.0 -9999.0 -9999.0 -9999.0 -9999.0 -9999.0 -9999.0 -9999.0 -9999.0 -9999.0 -9999.0 -9999.0 -9999.0 -9999.0 -9999.0 -9999.0 -9999.0 -9999.0 -9999.0 -9999.0 -9999.0
 -9999.0 -9999.0 -9999.0 -9999.0 -9999.0 -9999.0 -9999.0 -9999.0 -9999.0 -9999.0 -9999.0 -9999.0 -9999.0 -9999.0 -9999.0 -9999.0 -9999.0 -9999.0 -9999.0 -9999.0 -9999.0 -9999.0 -9999.0    42.1    14.3    15.7    14.1     9.3     2.6     6.9     5.2     5.0     2.6     6.6     7.4    10.8    12.5    18.4    16.0    15.9    17.4    20.0    28.3    48.7   111.1   231.5   115.4    78.7    88.2    82.0    31.1    24.7    22.2    21.0    16.1    11.4    28.2    48.5    55.3    88.8    77.1    82.2    76.5    65.0    63.0    70.1    76.7    79.8    89.7   111.9   122.0   134.2   140.7   143.1   140.4   143.0   154.2   160.0   157.9   160.6   167.4   180.1   201.8   231.7   259.6   301.9   267.6   279.6   278.9   291.6   322.7   340.3   332.2   331.0   318.9   292.4   260.8   240.5   176.7 -9999.0 -9999.0 -9999.0 -9999.0 -9999.0 -9999.0 -9999.0 -9999.0 -9999.0 -9999.0 -9999.0 -9999.0 -9999.0 -9999.0 -9999.0 -9999.0 -9999.0 -9999.0 -9999.0 -9999.0 -9999.0 -9999.0 -9999.0 -9999.0 -9999.0 -9999.0 -9999.0 -9999.0 -9999.0
 -9999.0 -9999.0 -9999.0 -9999.0 -9999.0 -9999.0 -9999.0 -9999.0 -9999.0 -9999.0 -9999.0 -9999.0 -9999.0 -9999.0 -9999.0 -9999.0 -9999.0 -9999.0 -9999.0 -9999.0 -9999.0 -9999.0 -9999.0 -9999.0 -9999.0    78.0    41.6     1.1     2.2     0.7     4.2    12.9    15.9    13.0    18.6    14.7    12.7    21.8    18.3    19.9    18.2    22.4   105.2   107.1   212.0   253.2   221.8   274.5    54.2    91.6    35.8    36.8    33.8    30.2    17.7    15.6    27.6    40.2    67.4    92.5   108.5   100.1   109.0    57.0    57.6    63.7    69.7    77.3    88.7   103.8   119.3   126.5   125.7   124.8   121.4   122.1   137.6   150.6   163.7   166.4   178.0   196.5   219.7   249.8   284.4   301.4   319.0   333.3   335.5   334.9   346.7   355.6   346.7   354.2   349.0   344.9   282.5   244.3 -9999.0 -9999.0 -9999.0 -9999.0 -9999.0 -9999.0 -9999.0 -9999.0 -9999.0 -9999.0 -9999.0 -9999.0 -9999.0 -9999.0 -9999.0 -9999.0 -9999.0 -9999.0 -9999.0 -9999.0 -9999.0 -9999.0 -9999.0 -9999.0 -9999.0 -9999.0 -9999.0 -9999.0 -9999.0 -9999.0
 -9999.0 -9999.0 -9999.0 -9999.0 -9999.0 -9999.0 -9999.0 -9999.0 -9999.0 -9999.0 -9999.0 -9999.0 -9999.0 -9999.0 -9999.0 -9999.0 -9999.0 -9999.0 -9999.0 -9999.0 -9999.0 -9999.0 -9999.0 -9999.0 -9999.0 -9999.0 -9999.0    95.7    93.9    46.6    39.4    38.3    11.7    44.8    27.1    68.9    34.9    35.4    50.6    31.3    25.2    47.4   132.9   207.5   236.4   263.6   279.6   291.0   296.6   197.3   241.7   196.9    53.3    39.8    24.8    24.3    25.5    41.1    68.7    92.3    92.7   106.4    69.7    58.3    54.6    63.2    75.8    80.6    94.8   109.6   119.2   126.0   121.3   119.6   118.3   126.2   134.2   151.1   169.2   180.1   195.2   212.9   233.6   257.9   277.1   297.4   309.5   331.0   336.9   335.9   350.0   366.0   356.1   352.0   392.0   382.6   316.4 -9999.0 -9999.0 -9999.0 -9999.0 -9999.0 -9999.0 -9999.0 -9999.0 -9999.0 -9999.0 -9999.0 -9999.0 -9999.0 -9999.0 -9999.0 -9999.0 -9999.0 -9999.0 -9999.0 -9999.0 -9999.0 -9999.0 -9999.0 -9999.0 -9999.0 -9999.0 -9999.0 -9999.0 -9999.0 -9999.0 -9999.0
 -9999.0 -9999.0 -9999.0 -9999.0 -9999.0 -9999.0 -9999.0 -9999.0 -9999.0 -9999.0 -9999.0 -9999.0 -9999.0 -9999.0 -9999.0 -9999.0 -9999.0 -9999.0 -9999.0 -9999.0 -9999.0 -9999.0 -9999.0 -9999.0 -9999.0 -9999.0 -9999.0 -9999.0 -9999.0 -9999.0 -9999.0 -9999.0 -9999.0    86.0    51.1 -9999.0 -9999.0 -9999.0    94.9    58.8    91.2   130.3   130.1   215.8   238.3   260.4 -9999.0 -9999.0 -9999.0 -9999.0 -9999.0 -9999.0   114.2    49.4    38.2    26.5    29.0    39.5    62.9    81.4   100.2   104.9    76.0    60.4    59.3    70.4    87.4   103.3   114.5   120.0   125.7   136.2   136.9   133.7   133.2   151.6   150.8   177.9   196.0   204.1   210.6   217.4   223.6   232.2   244.6   251.1   255.7   281.2   318.6   317.5   347.7   370.8   363.1   354.5   402.1   364.3   287.1 -9999.0 -9999.0 -9999.0 -9999.0 -9999.0 -9999.0 -9999.0 -9999.0 -9999.0 -9999.0 -9999.0 -9999.0 -9999.0 -9999.0 -9999.0 -9999.0 -9999.0 -9999.0 -9999.0 -9999.0 -9999.0 -9999.0 -9999.0 -9999.0 -9999.0 -9999.0 -9999.0 -9999.0 -9999.0 -9999.0 -9999.0
 -9999.0 -9999.0 -9999.0 -9999.0 -9999.0 -9999.0 -9999.0 -9999.0 -9999.0 -9999.0 -9999.0 -9999.0 -9999.0 -9999.0 -9999.0 -9999.0 -9999.0 -9999.0 -9999.0 -9999.0 -9999.0 -9999.0 -9999.0 -9999.0 -9999.0 -9999.0 -9999.0 -9999.0 -9999.0 -9999.0 -9999.0 -9999.0 -9999.0 -9999.0 -9999.0 -9999.0 -9999.0 -9999.0 -9999.0   136.5   151.3   168.0   186.9   207.7 -9999.0 -9999.0 -9999.0 -9999.0 -9999.0 -9999.0 -9999.0 -9999.0   138.7    67.0    47.2    33.3    28.4    32.9    45.9    68.6    91.8   103.7    92.9    75.3    74.9    87.0   106.1   123.2   128.9   138.4   148.1   158.7   159.2   154.7   176.1   192.7   208.5   241.0   232.7   248.6   227.6   209.9   197.9   204.2   211.0   220.1   237.8   274.6   290.2   319.2   345.2   379.8   379.3   404.7   405.4   296.7 -9999.0 -9999.0 -9999.0 -9999.0 -9999.0 -9999.0 -9999.0 -9999.0 -9999.0 -9999.0 -9999.0 -9999.0 -9999.0 -9999.0 -9999.0 -9999.0 -9999.0 -9999.0 -9999.0 -9999.0 -9999.0 -9999.0 -9999.0 -9999.0 -9999.0 -9999.0 -9999.0 -9999.0 -9999.0 -9999.0 -9999.0 -9999.0
 -9999.0 -9999.0 -9999.0 -9999.0 -9999.0 -9999.0 -9999.0 -9999.0 -9999.0 -9999.0 -9999.0 -9999.0 -9999.0 -9999.0 -9999.0 -9999.0 -9999.0 -9999.0 -9999.0 -9999.0 -9999.0 -9999.0 -9999.0 -9999.0 -9999.0 -9999.0 -9999.0 -9999.0 -9999.0 -9999.0 -9999.0 -9999.0 -9999.0 -9999.0 -9999.0 -9999.0 -9999.0 -9999.0 -9999.0 -9999.0 -9999.0 -9999.0 -9999.0 -9999.0 -9999.0 -9999.0 -9999.0 -9999.0 -9999.0 -9999.0 -9999.0 -9999.0   235.8    92.7    68.1    50.4    33.2    34.2    46.8    73.9    93.5   110.1   122.9   101.6   103.6   119.8   136.7   144.1   144.7   150.6   164.0   181.5   183.9   179.1   190.4   266.3   283.2   334.3   335.2   301.1   251.3   211.5   192.9   203.9   218.4   237.2   260.2   286.4   304.4   325.2   362.1   413.2   393.9   409.7   322.9 -9999.0 -9999.0 -9999.0 -9999.0 -9999.0 -9999.0 -9999.0 -9999.0 -9999.0 -9999.0 -9999.0 -9999.0 -9999.0 -9999.0 -9999.0 -9999.0 -9999.0 -9999.0 -9999.0 -9999.0 -9999.0 -9999.0 -9999.0 -9999.0 -9999.0 -9999.0 -9999.0 -9999.0 -9999.0 -9999.0 -9999.0 -9999.0 -9999.0
 -9999.0 -9999.0 -9999.0 -9999.0 -9999.0 -9999.0 -9999.0 -9999.0 -9999.0 -9999.0 -9999.0 -9999.0 -9999.0 -9999.0 -9999.0 -9999.0 -9999.0 -9999.0 -9999.0 -9999.0 -9999.0 -9999.0 -9999.0 -9999.0 -9999.0 -9999.0 -9999.0 -9999.0 -9999.0 -9999.0 -9999.0 -9999.0 -9999.0 -9999.0 -9999.0 -9999.0 -9999.0 -9999.0 -9999.0 -9999.0 -9999.0 -9999.0 -9999.0 -9999.0 -9999.0 -9999.0 -9999.0 -9999.0 -9999.0 -9999.0 -9999.0   265.5   233.4   134.2   111.3    65.8    49.0    53.5    60.4    58.2   113.1   126.4   122.2   125.7   128.5   141.7   151.1   142.8   169.1   176.4   189.5   203.6   209.3   221.2   250.5   334.0   336.9   429.6   353.3   324.7   304.1   262.4   249.9   251.8   271.6   289.9   305.5   321.8   319.1   310.5   357.2   378.9   386.2   284.6   238.7 -9999.0 -9999.0 -9999.0 -9999.0 -9999.0 -9999.0 -9999.0 -9999.0 -9999.0 -9999.0 -9999.0 -9999.0 -9999.0 -9999.0 -9999.0 -9999.0 -9999.0 -9999.0 -9999.0 -9999.0 -9999.0 -9999.0 -9999.0 -9999.0 -9999.0 -9999.0 -9999.0 -9999.0 -9999.0 -9999.0 -9999.0 -9999.0 -9999.0
 -9999.0 -9999.0 -9999.0 -9999.0 -9999.0 -9999.0 -9999.0 -9999.0 -9999.0 -9999.0 -9999.0 -9999.0 -9999.0 -9999.0 -9999.0 -9999.0 -9999.0 -9999.0 -9999.0 -9999.0 -9999.0 -9999.0 -9999.0 -9999.0 -9999.0 -9999.0 -9999.0 -9999.0 -9999.0 -9999.0 -9999.0 -9999.0 -9999.0 -9999.0 -9999.0 -9999.0 -9999.0 -9999.0 -9999.0 -9999.0 -9999.0 -9999.0 -9999.0 -9999.0 -9999.0 -9999.0 -9999.0 -9999.0 -9999.0 -9999.0   196.3   278.8   248.0   186.2   142.3   100.8    82.4    74.7    77.2    96.2   104.3   126.9   122.2   131.5   124.3   128.0   156.6   165.1   199.3   215.4   234.8   239.4   236.7   236.5   255.0   293.9   435.5   348.6   410.4   365.8   340.2   348.4   335.5   346.4   333.8   334.6   321.3   306.0   286.8   280.6   295.0   337.8   268.7   242.5   191.7 -9999.0 -9999.0 -9999.0 -9999.0 -9999.0 -9999.0 -9999.0 -9999.0 -9999.0 -9999.0 -9999.0 -9999.0 -9999.0 -9999.0 -9999.0 -9999.0 -9999.0 -9999.0 -9999.0 -9999.0 -9999.0 -9999.0 -9999.0 -9999.0 -9999.0 -9999.0 -9999.0 -9999.0 -9999.0 -9999.0 -9999.0 -9999.0 -9999.0
 -9999.0 -9999.0 -9999.0 -9999.0 -9999.0 -9999.0 -9999.0 -9999.0 -9999.0 -9999.0 -9999.0 -9999.0 -9999.0 -9999.0 -9999.0 -9999.0 -9999.0 -9999.0 -9999.0 -9999.0 -9999.0 -9999.0 -9999.0 -9999.0 -9999.0 -9999.0 -9999.0 -9999.0 -9999.0 -9999.0 -9999.0 -9999.0 -9999.0 -9999.0 -9999.0 -9999.0 -9999.0 -9999.0 -9999.0 -9999.0 -9999.0 -9999.0 -9999.0 -9999.0 -9999.0 -9999.0 -9999.0 -9999.0 -9999.0 -9999.0   166.9   290.7   224.9   226.4   175.6   135.8   106.6   106.0   101.9    93.6    85.6    95.4    88.5   103.5   104.2    85.8   119.0   133.6   187.8   219.7   259.9   268.2   256.5   242.9   250.9   296.3   330.7   398.3   402.8   369.4   412.3   380.0   412.2   408.8   366.2   334.6   302.3   275.8   245.7   218.3   246.6   179.8   183.8   192.0 -9999.0 -9999.0 -9999.0 -9999.0 -9999.0 -9999.0 -9999.0 -9999.0 -9999.0 -9999.0 -9999.0 -9999.0 -9999.0 -9999.0 -9999.0 -9999.0 -9999.0 -9999.0 -9999.0 -9999.0 -9999.0 -9999.0 -9999.0 -9999.0 -9999.0 -9999.0 -9999.0 -9999.0 -9999.0 -9999.0 -9999.0 -9999.0 -9999.0 -9999.0
 -9999.0 -9999.0 -9999.0 -9999.0 -9999.0 -9999.0 -9999.0 -9999.0 -9999.0 -9999.0 -9999.0 -9999.0 -9999.0 -9999.0 -9999.0 -9999.0 -9999.0 -9999.0 -9999.0 -9999.0 -9999.0 -9999.0 -9999.0 -9999.0 -9999.0 -9999.0 -9999.0 -9999.0 -9999.0 -9999.0 -9999.0 -9999.0 -9999.0 -9999.0 -9999.0 -9999.0 -9999.0 -9999.0 -9999.0 -9999.0 -9999.0 -9999.0 -9999.0 -9999.0 -9999.0 -9999.0 -9999.0 -9999.0 -9999.0 -9999.0   130.6   191.8   166.9   248.3   177.7   145.1   142.6   122.1   118.5    84.7    89.1    95.3    93.2    82.6    96.4    87.0    85.8   103.9   140.1   225.8   240.2   289.7   253.0   233.7   209.8   235.3   269.9   344.9   373.2   415.5   390.5   444.3   435.5   400.6   357.6   318.9   285.6   255.5   237.1   208.1   243.3   179.9 -9999.0 -9999.0 -9999.0 -9999.0 -9999.0 -9999.0 -9999.0 -9999.0 -9999.0 -9999.0 -9999.0 -9999.0 -9999.0 -9999.0 -9999.0 -9999.0 -9999.0 -9999.0 -9999.0 -9999.0 -9999.0 -9999.0 -9999.0 -9999.0 -9999.0 -9999.0 -9999.0 -9999.0 -9999.0 -9999.0 -9999.0 -9999.0 -9999.0 -9999.0 -9999.0 -9999.0
 -9999.0 -9999.0 -9999.0 -9999.0 -9999.0 -9999.0 -9999.0 -9999.0 -9999.0 -9999.0 -9999.0 -9999.0 -9999.0 -9999.0 -9999.0 -9999.0 -9999.0 -9999.0 -9999.0 -9999.0 -9999.0 -9999.0 -9999.0 -9999.0 -9999.0 -9999.0 -9999.0 -9999.0 -9999.0 -9999.0 -9999.0 -9999.0 -9999.0 -9999.0 -9999.0 -9999.0 -9999.0 -9999.0 -9999.0 -9999.0 -9999.0 -9999.0 -9999.0 -9999.0 -9999.0 -9999.0 -9999.0 -9999.0 -9999.0 -9999.0   192.2   252.1   217.0   226.2   195.9   179.7   130.5   134.7   127.4    97.7   109.3   103.1    73.7    94.3   105.8   100.9   119.0   128.3   192.6   125.9   209.6   240.7   250.0   226.2   191.7   220.7   265.4   324.3   358.5   398.3   407.4   395.8   372.6   348.5   318.6   313.7   330.1   302.9   304.9   291.2   237.6 -9999.0 -9999.0 -9999.0 -9999.0 -9999.0 -9999.0 -9999.0 -9999.0 -9999.0 -9999.0 -9999.0 -9999.0 -9999.0 -9999.0 -9999.0 -9999.0 -9999.0 -9999.0 -9999.0 -9999.0 -9999.0 -9999.0 -9999.0 -9999.0 -9999.0 -9999.0 -9999.0 -9999.0 -9999.0 -9999.0 -9999.0 -9999.0 -9999.0 -9999.0 -9999.0 -9999.0 -9999.0
 -9999.0 -9999.0 -9999.0 -9999.0 -9999.0 -9999.0 -9999.0 -9999.0 -9999.0 -9999.0 -9999.0 -9999.0 -9999.0 -9999.0 -9999.0 -9999.0 -9999.0 -9999.0 -9999.0 -9999.0 -9999.0 -9999.0 -9999.0 -9999.0 -9999.0 -9999.0 -9999.0 -9999.0 -9999.0 -9999.0 -9999.0 -9999.0 -9999.0 -9999.0 -9999.0 -9999.0 -9999.0 -9999.0 -9999.0 -9999.0 -9999.0 -9999.0 -9999.0 -9999.0 -9999.0 -9999.0 -9999.0 -9999.0 -9999.0 -9999.0 -9999.0 -9999.0 -9999.0   197.8   183.1   168.3   155.8   151.9   124.9   128.7   196.8   122.8   180.0   135.9   119.9   110.1   150.1   126.7   194.4   208.1   195.1   205.5   220.2   219.0   220.1   241.6   286.4   328.9   364.2   375.6   364.9   328.6   300.2   282.0   281.6   316.6   367.6   419.3   378.8   349.3 -9999.0 -9999.0 -9999.0 -9999.0 -9999.0 -9999.0 -9999.0 -9999.0 -9999.0 -9999.0 -9999.0 -9999.0 -9999.0 -9999.0 -9999.0 -9999.0 -9999.0 -9999.0 -9999.0 -9999.0 -9999.0 -9999.0 -9999.0 -9999.0 -9999.0 -9999.0 -9999.0 -9999.0 -9999.0 -9999.0 -9999.0 -9999.0 -9999.0 -9999.0 -9999.0 -9999.0 -9999.0 -9999.0
 -9999.0 -9999.0 -9999.0 -9999.0 -9999.0 -9999.0 -9999.0 -9999.0 -9999.0 -9999.0 -9999.0 -9999.0 -9999.0 -9999.0 -9999.0 -9999.0 -9999.0 -9999.0 -9999.0 -9999.0 -9999.0 -9999.0 -9999.0 -9999.0 -9999.0 -9999.0 -9999.0 -9999.0 -9999.0 -9999.0 -9999.0 -9999.0 -9999.0 -9999.0 -9999.0 -9999.0 -9999.0 -9999.0 -9999.0 -9999.0 -9999.0 -9999.0 -9999.0 -9999.0 -9999.0 -9999.0 -9999.0 -9999.0 -9999.0 -9999.0 -9999.0 -9999.0 -9999.0   218.6   197.5   226.0   161.3   136.7   156.5   219.9   211.9   193.2   271.7   191.9   166.0   148.1   115.9   217.0   176.8   191.3   178.7   198.5   231.6   251.8   264.6   290.1   300.1   342.6   361.3   362.0   339.3   305.2   268.5 -9999.0   264.1   313.9 -9999.0 -9999.0 -9999.0 -9999.0 -9999.0 -9999.0 -9999.0 -9999.0 -9999.0 -9999.0 -9999.0 -9999.0 -9999.0 -9999.0 -9999.0 -9999.0 -9999.0 -9999.0 -9999.0 -9999.0 -9999.0 -9999.0 -9999.0 -9999.0 -9999.0 -9999.0 -9999.0 -9999.0 -9999.0 -9999.0 -9999.0 -9999.0 -9999.0 -9999.0 -9999.0 -9999.0 -9999.0 -9999.0 -9999.0 -9999.0 -9999.0 -9999.0
 -9999.0 -9999.0 -9999.0 -9999.0 -9999.0 -9999.0 -9999.0 -9999.0 -9999.0 -9999.0 -9999.0 -9999.0 -9999.0 -9999.0 -9999.0 -9999.0 -9999.0 -9999.0 -9999.0 -9999.0 -9999.0 -9999.0 -9999.0 -9999.0 -9999.0 -9999.0 -9999.0 -9999.0 -9999.0 -9999.0 -9999.0 -9999.0 -9999.0 -9999.0 -9999.0 -9999.0 -9999.0 -9999.0 -9999.0 -9999.0 -9999.0 -9999.0 -9999.0 -9999.0 -9999.0 -9999.0 -9999.0 -9999.0 -9999.0 -9999.0 -9999.0 -9999.0 -9999.0   238.9   186.7   211.0   167.9   140.2   169.3   213.0   295.6   321.1   376.9   354.3   220.7 -9999.0 -9999.0 -9999.0   260.9   218.1   231.4   268.5   291.6   297.5   303.6   320.4   297.4   327.5   409.1   362.1   343.5   323.3   312.7 -9999.0 -9999.0 -9999.0 -9999.0 -9999.0 -9999.0 -9999.0 -9999.0 -9999.0 -9999.0 -9999.0 -9999.0 -9999.0 -9999.0 -9999.0 -9999.0 -9999.0 -9999.0 -9999.0 -9999.0 -9999.0 -9999.0 -9999.0 -9999.0 -9999.0 -9999.0 -9999.0 -9999.0 -9999.0 -9999.0 -9999.0 -9999.0 -9999.0 -9999.0 -9999.0 -9999.0 -9999.0 -9999.0 -9999.0 -9999.0 -9999.0 -9999.0 -9999.0 -9999.0 -9999.0
 -9999.0 -9999.0 -9999.0 -9999.0 -9999.0 -9999.0 -9999.0 -9999.0 -9999.0 -9999.0 -9999.0 -9999.0 -9999.0 -9999.0 -9999.0 -9999.0 -9999.0 -9999.0 -9999.0 -9999.0 -9999.0 -9999.0 -9999.0 -9999.0 -9999.0 -9999.0 -9999.0 -9999.0 -9999.0 -9999.0 -9999.0 -9999.0 -9999.0 -9999.0 -9999.0 -9999.0 -9999.0 -9999.0 -9999.0 -9999.0 -9999.0 -9999.0 -9999.0 -9999.0 -9999.0 -9999.0 -9999.0 -9999.0 -9999.0 -9999.0 -9999.0 -9999.0 -9999.0 -9999.0   227.1   195.6   134.8   119.1   184.4   274.1   251.8 -9999.0 -9999.0 -9999.0 -9999.0 -9999.0 -9999.0 -9999.0   265.3   308.9   377.7   333.1   332.5   334.2   309.3   279.0   267.6   271.7   301.5 -9999.0   359.1 -9999.0 -9999.0 -9999.0 -9999.0 -9999.0 -9999.0 -9999.0 -9999.0 -9999.0 -9999.0 -9999.0 -9999.0 -9999.0 -9999.0 -9999.0 -9999.0 -9999.0 -9999.0 -9999.0 -9999.0 -9999.0 -9999.0 -9999.0 -9999.0 -9999.0 -9999.0 -9999.0 -9999.0 -9999.0 -9999.0 -9999.0 -9999.0 -9999.0 -9999.0 -9999.0 -9999.0 -9999.0 -9999.0 -9999.0 -9999.0 -9999.0 -9999.0 -9999.0 -9999.0 -9999.0 -9999.0 -9999.0
 -9999.0 -9999.0 -9999.0 -9999.0 -9999.0 -9999.0 -9999.0 -9999.0 -9999.0 -9999.0 -9999.0 -9999.0 -9999.0 -9999.0 -9999.0 -9999.0 -9999.0 -9999.0 -9999.0 -9999.0 -9999.0 -9999.0 -9999.0 -9999.0 -9999.0 -9999.0 -9999.0 -9999.0 -9999.0 -9999.0 -9999.0 -9999.0 -9999.0 -9999.0 -9999.0 -9999.0 -9999.0 -9999.0 -9999.0 -9999.0 -9999.0 -9999.0 -9999.0 -9999.0 -9999.0 -9999.0 -9999.0 -9999.0 -9999.0 -9999.0 -9999.0 -9999.0 -9999.0 -9999.0 -9999.0   174.4   207.3   153.7   162.7   245.8   293.7 -9999.0 -9999.0 -9999.0 -9999.0 -9999.0 -9999.0 -9999.0 -9999.0 -9999.0   362.9 -9999.0 -9999.0 -9999.0 -9999.0 -9999.0   222.2 -9999.0 -9999.0 -9999.0 -9999.0 -9999.0 -9999.0 -9999.0 -9999.0 -9999.0 -9999.0 -9999.0 -9999.0 -9999.0 -9999.0 -9999.0 -9999.0 -9999.0 -9999.0 -9999.0 -9999.0 -9999.0 -9999.0 -9999.0 -9999.0 -9999.0 -9999.0 -9999.0 -9999.0 -9999.0 -9999.0 -9999.0 -9999.0 -9999.0 -9999.0 -9999.0 -9999.0 -9999.0 -9999.0 -9999.0 -9999.0 -9999.0 -9999.0 -9999.0 -9999.0 -9999.0 -9999.0 -9999.0 -9999.0 -9999.0 -9999.0 -9999.0
 -9999.0 -9999.0 -9999.0 -9999.0 -9999.0 -9999.0 -9999.0 -9999.0 -9999.0 -9999.0 -9999.0 -9999.0 -9999.0 -9999.0 -9999.0 -9999.0 -9999.0 -9999.0 -9999.0 -9999.0 -9999.0 -9999.0 -9999.0 -9999.0 -9999.0 -9999.0 -9999.0 -9999.0 -9999.0 -9999.0 -9999.0 -9999.0 -9999.0 -9999.0 -9999.0 -9999.0 -9999.0 -9999.0 -9999.0 -9999.0 -9999.0 -9999.0 -9999.0 -9999.0 -9999.0 -9999.0 -9999.0 -9999.0 -9999.0 -9999.0 -9999.0 -9999.0 -9999.0 -9999.0 -9999.0 -9999.0 -9999.0 -9999.0   197.8   218.0 -9999.0 -9999.0 -9999.0 -9999.0 -9999.0 -9999.0 -9999.0 -9999.0 -9999.0 -9999.0 -9999.0 -9999.0 -9999.0 -9999.0 -9999.0   211.1   180.9 -9999.0 -9999.0 -9999.0 -9999.0 -9999.0 -9999.0 -9999.0 -9999.0 -9999.0 -9999.0 -9999.0 -9999.0 -9999.0 -9999.0 -9999.0 -9999.0 -9999.0 -9999.0 -9999.0 -9999.0 -9999.0 -9999.0 -9999.0 -9999.0 -9999.0 -9999.0 -9999.0 -9999.0 -9999.0 -9999.0 -9999.0 -9999.0 -9999.0 -9999.0 -9999.0 -9999.0 -9999.0 -9999.0 -9999.0 -9999.0 -9999.0 -9999.0 -9999.0 -9999.0 -9999.0 -9999.0 -9999.0 -9999.0 -9999.0 -9999.0 -9999.0
 -9999.0 -9999.0 -9999.0 -9999.0 -9999.0 -9999.0 -9999.0 -9999.0 -9999.0 -9999.0 -9999.0 -9999.0 -9999.0 -9999.0 -9999.0 -9999.0 -9999.0 -9999.0 -9999.0 -9999.0 -9999.0 -9999.0 -9999.0 -9999.0 -9999.0 -9999.0 -9999.0 -9999.0 -9999.0 -9999.0 -9999.0 -9999.0 -9999.0 -9999.0 -9999.0 -9999.0 -9999.0 -9999.0 -9999.0 -9999.0 -9999.0 -9999.0 -9999.0 -9999.0 -9999.0 -9999.0 -9999.0 -9999.0 -9999.0 -9999.0 -9999.0 -9999.0 -9999.0 -9999.0 -9999.0 -9999.0 -9999.0 -9999.0 -9999.0 -9999.0 -9999.0 -9999.0 -9999.0 -9999.0 -9999.0 -9999.0 -9999.0 -9999.0 -9999.0 -9999.0 -9999.0 -9999.0 -9999.0 -9999.0 -9999.0 -9999.0 -9999.0 -9999.0 -9999.0 -9999.0 -9999.0 -9999.0 -9999.0 -9999.0 -9999.0 -9999.0 -9999.0 -9999.0 -9999.0 -9999.0 -9999.0 -9999.0 -9999.0 -9999.0 -9999.0 -9999.0 -9999.0 -9999.0 -9999.0 -9999.0 -9999.0 -9999.0 -9999.0 -9999.0 -9999.0 -9999.0 -9999.0 -9999.0 -9999.0 -9999.0 -9999.0 -9999.0 -9999.0 -9999.0 -9999.0 -9999.0 -9999.0 -9999.0 -9999.0 -9999.0 -9999.0 -9999.0 -9999.0 -9999.0 -9999.0 -9999.0 -9999.0 -9999.0
 -9999.0 -9999.0 -9999.0 -9999.0 -9999.0 -9999.0 -9999.0 -9999.0 -9999.0 -9999.0 -9999.0 -9999.0 -9999.0 -9999.0 -9999.0 -9999.0 -9999.0 -9999.0 -9999.0 -9999.0 -9999.0 -9999.0 -9999.0 -9999.0 -9999.0 -9999.0 -9999.0 -9999.0 -9999.0 -9999.0 -9999.0 -9999.0 -9999.0 -9999.0 -9999.0 -9999.0 -9999.0 -9999.0 -9999.0 -9999.0 -9999.0 -9999.0 -9999.0 -9999.0 -9999.0 -9999.0 -9999.0 -9999.0 -9999.0 -9999.0 -9999.0 -9999.0 -9999.0 -9999.0 -9999.0 -9999.0 -9999.0 -9999.0 -9999.0 -9999.0 -9999.0 -9999.0 -9999.0 -9999.0 -9999.0 -9999.0 -9999.0 -9999.0 -9999.0 -9999.0 -9999.0 -9999.0 -9999.0 -9999.0 -9999.0   192.1   150.6   143.7 -9999.0 -9999.0 -9999.0 -9999.0 -9999.0 -9999.0 -9999.0 -9999.0 -9999.0 -9999.0 -9999.0 -9999.0 -9999.0 -9999.0 -9999.0 -9999.0 -9999.0 -9999.0 -9999.0 -9999.0 -9999.0 -9999.0 -9999.0 -9999.0 -9999.0 -9999.0 -9999.0 -9999.0 -9999.0 -9999.0 -9999.0 -9999.0 -9999.0 -9999.0 -9999.0 -9999.0 -9999.0 -9999.0 -9999.0 -9999.0 -9999.0 -9999.0 -9999.0 -9999.0 -9999.0 -9999.0 -9999.0 -9999.0 -9999.0 -9999.0
 -9999.0 -9999.0 -9999.0 -9999.0 -9999.0 -9999.0 -9999.0 -9999.0 -9999.0 -9999.0 -9999.0 -9999.0 -9999.0 -9999.0 -9999.0 -9999.0 -9999.0 -9999.0 -9999.0 -9999.0 -9999.0 -9999.0 -9999.0 -9999.0 -9999.0 -9999.0 -9999.0 -9999.0 -9999.0 -9999.0 -9999.0 -9999.0 -9999.0 -9999.0 -9999.0 -9999.0 -9999.0 -9999.0 -9999.0 -9999.0 -9999.0 -9999.0 -9999.0 -9999.0 -9999.0 -9999.0 -9999.0 -9999.0 -9999.0 -9999.0 -9999.0 -9999.0 -9999.0 -9999.0 -9999.0 -9999.0 -9999.0 -9999.0 -9999.0 -9999.0 -9999.0 -9999.0 -9999.0 -9999.0 -9999.0 -9999.0 -9999.0 -9999.0 -9999.0 -9999.0 -9999.0 -9999.0 -9999.0   173.0   266.1   213.2   206.9 -9999.0 -9999.0 -9999.0 -9999.0 -9999.0 -9999.0 -9999.0 -9999.0 -9999.0 -9999.0 -9999.0 -9999.0 -9999.0 -9999.0 -9999.0 -9999.0 -9999.0 -9999.0 -9999.0 -9999.0 -9999.0 -9999.0 -9999.0 -9999.0 -9999.0 -9999.0 -9999.0 -9999.0 -9999.0 -9999.0 -9999.0 -9999.0 -9999.0 -9999.0 -9999.0 -9999.0 -9999.0 -9999.0 -9999.0 -9999.0 -9999.0 -9999.0 -9999.0 -9999.0 -9999.0 -9999.0 -9999.0 -9999.0 -9999.0 -9999.0 -9999.0
 -9999.0 -9999.0 -9999.0 -9999.0 -9999.0 -9999.0 -9999.0 -9999.0 -9999.0 -9999.0 -9999.0 -9999.0 -9999.0 -9999.0 -9999.0 -9999.0 -9999.0 -9999.0 -9999.0 -9999.0 -9999.0 -9999.0 -9999.0 -9999.0 -9999.0 -9999.0 -9999.0 -9999.0 -9999.0 -9999.0 -9999.0 -9999.0 -9999.0 -9999.0 -9999.0 -9999.0 -9999.0 -9999.0 -9999.0 -9999.0 -9999.0 -9999.0 -9999.0 -9999.0 -9999.0 -9999.0 -9999.0 -9999.0 -9999.0 -9999.0 -9999.0 -9999.0 -9999.0 -9999.0 -9999.0 -9999.0 -9999.0 -9999.0 -9999.0 -9999.0 -9999.0 -9999.0 -9999.0 -9999.0 -9999.0 -9999.0 -9999.0 -9999.0 -9999.0 -9999.0 -9999.0 -9999.0 -9999.0 -9999.0   188.3   268.3   177.5 -9999.0 -9999.0 -9999.0 -9999.0 -9999.0 -9999.0 -9999.0 -9999.0 -9999.0 -9999.0 -9999.0 -9999.0 -9999.0 -9999.0 -9999.0 -9999.0 -9999.0 -9999.0 -9999.0 -9999.0 -9999.0 -9999.0 -9999.0 -9999.0 -9999.0 -9999.0 -9999.0 -9999.0 -9999.0 -9999.0 -9999.0 -9999.0 -9999.0 -9999.0 -9999.0 -9999.0 -9999.0 -9999.0 -9999.0 -9999.0 -9999.0 -9999.0 -9999.0 -9999.0 -9999.0 -9999.0 -9999.0 -9999.0 -9999.0 -9999.0 -9999.0
 -9999.0 -9999.0 -9999.0 -9999.0 -9999.0 -9999.0 -9999.0 -9999.0 -9999.0 -9999.0 -9999.0 -9999.0 -9999.0 -9999.0 -9999.0 -9999.0 -9999.0 -9999.0 -9999.0 -9999.0 -9999.0 -9999.0 -9999.0 -9999.0 -9999.0 -9999.0 -9999.0 -9999.0 -9999.0 -9999.0 -9999.0 -9999.0 -9999.0 -9999.0 -9999.0 -9999.0 -9999.0 -9999.0 -9999.0 -9999.0 -9999.0 -9999.0 -9999.0 -9999.0 -9999.0 -9999.0 -9999.0 -9999.0 -9999.0 -9999.0 -9999.0 -9999.0 -9999.0 -9999.0 -9999.0 -9999.0 -9999.0 -9999.0 -9999.0 -9999.0 -9999.0 -9999.0 -9999.0 -9999.0 -9999.0 -9999.0 -9999.0 -9999.0 -9999.0 -9999.0 -9999.0 -9999.0 -9999.0 -9999.0 -9999.0 -9999.0 -9999.0 -9999.0 -9999.0 -9999.0 -9999.0 -9999.0 -9999.0 -9999.0 -9999.0 -9999.0 -9999.0 -9999.0 -9999.0 -9999.0 -9999.0 -9999.0 -9999.0 -9999.0 -9999.0 -9999.0 -9999.0 -9999.0 -9999.0 -9999.0 -9999.0 -9999.0 -9999.0 -9999.0 -9999.0 -9999.0 -9999.0 -9999.0 -9999.0 -9999.0 -9999.0 -9999.0 -9999.0 -9999.0 -9999.0 -9999.0 -9999.0 -9999.0 -9999.0 -9999.0 -9999.0 -9999.0 -9999.0 -9999.0 -9999.0 -9999.0 -9999.0 -9999.0
