NCOLS      128
NROWS       72
XLLCORNER    72.000000000000    
YLLCORNER    18.000000000000    
CELLSIZE    0.50000000000000    
NODATA_VALUE   -9999.000    
 -9999.0 -9999.0 -9999.0 -9999.0 -9999.0 -9999.0 -9999.0 -9999.0 -9999.0 -9999.0 -9999.0 -9999.0 -9999.0 -9999.0 -9999.0 -9999.0 -9999.0 -9999.0 -9999.0 -9999.0 -9999.0 -9999.0 -9999.0 -9999.0 -9999.0 -9999.0 -9999.0 -9999.0 -9999.0 -9999.0 -9999.0 -9999.0 -9999.0 -9999.0 -9999.0 -9999.0 -9999.0 -9999.0 -9999.0 -9999.0 -9999.0 -9999.0 -9999.0 -9999.0 -9999.0 -9999.0 -9999.0 -9999.0 -9999.0 -9999.0 -9999.0 -9999.0 -9999.0 -9999.0 -9999.0 -9999.0 -9999.0 -9999.0 -9999.0 -9999.0 -9999.0 -9999.0 -9999.0 -9999.0 -9999.0 -9999.0 -9999.0 -9999.0 -9999.0 -9999.0 -9999.0 -9999.0 -9999.0 -9999.0 -9999.0 -9999.0 -9999.0 -9999.0 -9999.0 -9999.0 -9999.0 -9999.0 -9999.0 -9999.0 -9999.0 -9999.0 -9999.0 -9999.0 -9999.0 -9999.0 -9999.0 -9999.0 -9999.0 -9999.0 -9999.0 -9999.0     3.1     2.8     3.9     5.3     5.5     6.6     6.7     6.3     5.0     5.1     4.9     4.6 -9999.0 -9999.0 -9999.0 -9999.0 -9999.0 -9999.0 -9999.0 -9999.0 -9999.0 -9999.0 -9999.0 -9999.0 -9999.0 -9999.0 -9999.0 -9999.0 -9999.0 -9999.0 -9999.0 -9999.0
 -9999.0 -9999.0 -9999.0 -9999.0 -9999.0 -9999.0 -9999.0 -9999.0 -9999.0 -9999.0 -9999.0 -9999.0 -9999.0 -9999.0 -9999.0 -9999.0 -9999.0 -9999.0 -9999.0 -9999.0 -9999.0 -9999.0 -9999.0 -9999.0 -9999.0 -9999.0 -9999.0 -9999.0 -9999.0 -9999.0 -9999.0 -9999.0 -9999.0 -9999.0 -9999.0 -9999.0 -9999.0 -9999.0 -9999.0 -9999.0 -9999.0 -9999.0 -9999.0 -9999.0 -9999.0 -9999.0 -9999.0 -9999.0 -9999.0 -9999.0 -9999.0 -9999.0 -9999.0 -9999.0 -9999.0 -9999.0 -9999.0 -9999.0 -9999.0 -9999.0 -9999.0 -9999.0 -9999.0 -9999.0 -9999.0 -9999.0 -9999.0 -9999.0 -9999.0 -9999.0 -9999.0 -9999.0 -9999.0 -9999.0 -9999.0 -9999.0 -9999.0 -9999.0 -9999.0 -9999.0 -9999.0 -9999.0 -9999.0 -9999.0 -9999.0 -9999.0 -9999.0 -9999.0 -9999.0 -9999.0 -9999.0 -9999.0 -9999.0 -9999.0 -9999.0     1.9     2.4     3.0     2.6     4.0     3.9     4.7     5.6     5.9     5.2     5.3     4.8     4.1     3.8 -9999.0 -9999.0 -9999.0 -9999.0 -9999.0 -9999.0 -9999.0 -9999.0 -9999.0 -9999.0 -9999.0 -9999.0 -9999.0 -9999.0 -9999.0 -9999.0 -9999.0 -9999.0 -9999.0
 -9999.0 -9999.0 -9999.0 -9999.0 -9999.0 -9999.0 -9999.0 -9999.0 -9999.0 -9999.0 -9999.0 -9999.0 -9999.0 -9999.0 -9999.0 -9999.0 -9999.0 -9999.0 -9999.0 -9999.0 -9999.0 -9999.0 -9999.0 -9999.0 -9999.0 -9999.0 -9999.0 -9999.0 -9999.0 -9999.0 -9999.0 -9999.0 -9999.0 -9999.0 -9999.0 -9999.0 -9999.0 -9999.0 -9999.0 -9999.0 -9999.0 -9999.0 -9999.0 -9999.0 -9999.0 -9999.0 -9999.0 -9999.0 -9999.0 -9999.0 -9999.0 -9999.0 -9999.0 -9999.0 -9999.0 -9999.0 -9999.0 -9999.0 -9999.0 -9999.0 -9999.0 -9999.0 -9999.0 -9999.0 -9999.0 -9999.0 -9999.0 -9999.0 -9999.0 -9999.0 -9999.0 -9999.0 -9999.0 -9999.0 -9999.0 -9999.0 -9999.0 -9999.0 -9999.0 -9999.0 -9999.0 -9999.0 -9999.0 -9999.0 -9999.0 -9999.0 -9999.0 -9999.0 -9999.0 -9999.0 -9999.0 -9999.0 -9999.0 -9999.0 -9999.0     1.1     1.8     2.2     2.1     3.6     4.0     4.2     4.6     4.5     4.4     3.1     3.8     3.4     3.5     3.6 -9999.0 -9999.0 -9999.0 -9999.0 -9999.0 -9999.0 -9999.0 -9999.0 -9999.0 -9999.0 -9999.0 -9999.0 -9999.0 -9999.0 -9999.0 -9999.0 -9999.0 -9999.0
 -9999.0 -9999.0 -9999.0 -9999.0 -9999.0 -9999.0 -9999.0 -9999.0 -9999.0 -9999.0 -9999.0 -9999.0 -9999.0 -9999.0 -9999.0 -9999.0 -9999.0 -9999.0 -9999.0 -9999.0 -9999.0 -9999.0 -9999.0 -9999.0 -9999.0 -9999.0 -9999.0 -9999.0 -9999.0 -9999.0 -9999.0 -9999.0 -9999.0 -9999.0 -9999.0 -9999.0 -9999.0 -9999.0 -9999.0 -9999.0 -9999.0 -9999.0 -9999.0 -9999.0 -9999.0 -9999.0 -9999.0 -9999.0 -9999.0 -9999.0 -9999.0 -9999.0 -9999.0 -9999.0 -9999.0 -9999.0 -9999.0 -9999.0 -9999.0 -9999.0 -9999.0 -9999.0 -9999.0 -9999.0 -9999.0 -9999.0 -9999.0 -9999.0 -9999.0 -9999.0 -9999.0 -9999.0 -9999.0 -9999.0 -9999.0 -9999.0 -9999.0 -9999.0 -9999.0 -9999.0 -9999.0 -9999.0 -9999.0 -9999.0 -9999.0 -9999.0 -9999.0 -9999.0 -9999.0 -9999.0 -9999.0 -9999.0 -9999.0 -9999.0 -9999.0     1.6     1.2     3.3     2.8     2.6     2.4     2.4     3.8     3.8     3.3     3.1     3.4     3.2     3.5     3.7     3.9 -9999.0 -9999.0 -9999.0 -9999.0 -9999.0 -9999.0 -9999.0 -9999.0 -9999.0 -9999.0 -9999.0 -9999.0 -9999.0 -9999.0 -9999.0 -9999.0 -9999.0
 -9999.0 -9999.0 -9999.0 -9999.0 -9999.0 -9999.0 -9999.0 -9999.0 -9999.0 -9999.0 -9999.0 -9999.0 -9999.0 -9999.0 -9999.0 -9999.0 -9999.0 -9999.0 -9999.0 -9999.0 -9999.0 -9999.0 -9999.0 -9999.0 -9999.0 -9999.0 -9999.0 -9999.0 -9999.0 -9999.0 -9999.0 -9999.0 -9999.0 -9999.0 -9999.0 -9999.0 -9999.0 -9999.0 -9999.0 -9999.0 -9999.0 -9999.0 -9999.0 -9999.0 -9999.0 -9999.0 -9999.0 -9999.0 -9999.0 -9999.0 -9999.0 -9999.0 -9999.0 -9999.0 -9999.0 -9999.0 -9999.0 -9999.0 -9999.0 -9999.0 -9999.0 -9999.0 -9999.0 -9999.0 -9999.0 -9999.0 -9999.0 -9999.0 -9999.0 -9999.0 -9999.0 -9999.0 -9999.0 -9999.0 -9999.0 -9999.0 -9999.0 -9999.0 -9999.0 -9999.0 -9999.0 -9999.0 -9999.0 -9999.0 -9999.0 -9999.0 -9999.0 -9999.0 -9999.0 -9999.0 -9999.0 -9999.0 -9999.0 -9999.0     1.0     1.6     2.7     1.4     1.6     2.2     2.9     1.9     2.4     2.7     2.6     2.2     3.1     3.2     3.4     4.1     4.4 -9999.0 -9999.0 -9999.0 -9999.0 -9999.0 -9999.0 -9999.0 -9999.0 -9999.0 -9999.0 -9999.0 -9999.0 -9999.0 -9999.0 -9999.0 -9999.0 -9999.0
 -9999.0 -9999.0 -9999.0 -9999.0 -9999.0 -9999.0 -9999.0 -9999.0 -9999.0 -9999.0 -9999.0 -9999.0 -9999.0 -9999.0 -9999.0 -9999.0 -9999.0 -9999.0 -9999.0 -9999.0 -9999.0 -9999.0 -9999.0 -9999.0 -9999.0 -9999.0 -9999.0 -9999.0 -9999.0 -9999.0 -9999.0 -9999.0 -9999.0 -9999.0 -9999.0 -9999.0 -9999.0 -9999.0 -9999.0 -9999.0 -9999.0 -9999.0 -9999.0 -9999.0 -9999.0 -9999.0 -9999.0 -9999.0 -9999.0 -9999.0 -9999.0 -9999.0 -9999.0 -9999.0 -9999.0 -9999.0 -9999.0 -9999.0 -9999.0 -9999.0 -9999.0 -9999.0 -9999.0 -9999.0 -9999.0 -9999.0 -9999.0 -9999.0 -9999.0 -9999.0 -9999.0 -9999.0 -9999.0 -9999.0 -9999.0 -9999.0 -9999.0 -9999.0 -9999.0 -9999.0 -9999.0 -9999.0 -9999.0 -9999.0 -9999.0 -9999.0 -9999.0 -9999.0 -9999.0 -9999.0 -9999.0 -9999.0 -9999.0 -9999.0     2.2     2.5     2.1     2.2     2.1     1.8     1.7     3.3     2.7     2.7     2.8     2.9     3.4     3.7     4.0     4.7     5.1     5.6 -9999.0 -9999.0 -9999.0 -9999.0 -9999.0 -9999.0 -9999.0 -9999.0 -9999.0 -9999.0 -9999.0 -9999.0 -9999.0 -9999.0 -9999.0 -9999.0
 -9999.0 -9999.0 -9999.0 -9999.0 -9999.0 -9999.0 -9999.0 -9999.0 -9999.0 -9999.0 -9999.0 -9999.0 -9999.0 -9999.0 -9999.0 -9999.0 -9999.0 -9999.0 -9999.0 -9999.0 -9999.0 -9999.0 -9999.0 -9999.0 -9999.0 -9999.0 -9999.0 -9999.0 -9999.0 -9999.0 -9999.0 -9999.0 -9999.0 -9999.0 -9999.0 -9999.0 -9999.0 -9999.0 -9999.0 -9999.0 -9999.0 -9999.0 -9999.0 -9999.0 -9999.0 -9999.0 -9999.0 -9999.0 -9999.0 -9999.0 -9999.0 -9999.0 -9999.0 -9999.0 -9999.0 -9999.0 -9999.0 -9999.0 -9999.0 -9999.0 -9999.0 -9999.0 -9999.0 -9999.0 -9999.0 -9999.0 -9999.0 -9999.0 -9999.0 -9999.0 -9999.0 -9999.0 -9999.0 -9999.0 -9999.0 -9999.0 -9999.0 -9999.0 -9999.0 -9999.0 -9999.0 -9999.0 -9999.0 -9999.0 -9999.0 -9999.0 -9999.0 -9999.0 -9999.0 -9999.0 -9999.0 -9999.0 -9999.0     2.5     2.6     2.3     2.5     2.4     2.2     2.8     2.6     2.8     3.2     3.6     4.0     3.9     4.3     4.7     4.8     5.2     6.1     6.4 -9999.0 -9999.0 -9999.0 -9999.0 -9999.0 -9999.0 -9999.0 -9999.0 -9999.0 -9999.0 -9999.0 -9999.0 -9999.0 -9999.0 -9999.0 -9999.0
 -9999.0 -9999.0 -9999.0 -9999.0 -9999.0 -9999.0 -9999.0 -9999.0 -9999.0 -9999.0 -9999.0 -9999.0 -9999.0 -9999.0 -9999.0 -9999.0 -9999.0 -9999.0 -9999.0 -9999.0 -9999.0 -9999.0 -9999.0 -9999.0 -9999.0 -9999.0 -9999.0 -9999.0 -9999.0 -9999.0 -9999.0 -9999.0 -9999.0 -9999.0 -9999.0 -9999.0 -9999.0 -9999.0 -9999.0 -9999.0 -9999.0 -9999.0 -9999.0 -9999.0 -9999.0 -9999.0 -9999.0 -9999.0 -9999.0 -9999.0 -9999.0 -9999.0 -9999.0 -9999.0 -9999.0 -9999.0 -9999.0 -9999.0 -9999.0 -9999.0 -9999.0 -9999.0 -9999.0 -9999.0 -9999.0 -9999.0 -9999.0 -9999.0 -9999.0 -9999.0 -9999.0 -9999.0 -9999.0 -9999.0 -9999.0 -9999.0 -9999.0 -9999.0 -9999.0 -9999.0 -9999.0 -9999.0 -9999.0 -9999.0 -9999.0 -9999.0 -9999.0 -9999.0     3.5     2.1     2.9     2.4     3.5     3.2     4.2     4.3     3.9     3.7     3.3     3.1     4.9     4.6     4.5     5.4     5.6     5.8     6.1     5.4     5.5     5.7     6.5     6.8     6.9     6.9 -9999.0 -9999.0 -9999.0 -9999.0 -9999.0 -9999.0 -9999.0 -9999.0 -9999.0 -9999.0 -9999.0 -9999.0 -9999.0 -9999.0
 -9999.0 -9999.0 -9999.0 -9999.0 -9999.0 -9999.0 -9999.0 -9999.0 -9999.0 -9999.0 -9999.0 -9999.0 -9999.0 -9999.0 -9999.0 -9999.0 -9999.0 -9999.0 -9999.0 -9999.0 -9999.0 -9999.0 -9999.0 -9999.0 -9999.0 -9999.0 -9999.0 -9999.0 -9999.0    53.0    68.8    53.7    55.0 -9999.0 -9999.0 -9999.0 -9999.0 -9999.0 -9999.0 -9999.0 -9999.0 -9999.0 -9999.0 -9999.0 -9999.0 -9999.0 -9999.0 -9999.0 -9999.0 -9999.0 -9999.0 -9999.0 -9999.0 -9999.0 -9999.0 -9999.0 -9999.0 -9999.0 -9999.0 -9999.0 -9999.0 -9999.0 -9999.0 -9999.0 -9999.0 -9999.0 -9999.0 -9999.0 -9999.0 -9999.0 -9999.0 -9999.0 -9999.0 -9999.0 -9999.0 -9999.0 -9999.0 -9999.0 -9999.0 -9999.0 -9999.0 -9999.0 -9999.0 -9999.0 -9999.0 -9999.0 -9999.0     4.0     3.6     3.5     3.0     3.6     4.4     3.9     5.2     4.4     4.9     4.4     4.5     4.6     4.4     5.0     6.1     6.4     6.8     7.1     7.4     6.8     6.0     5.8     6.2     6.7     6.9     7.0     6.9     6.9     7.7 -9999.0 -9999.0 -9999.0 -9999.0 -9999.0 -9999.0 -9999.0 -9999.0 -9999.0 -9999.0 -9999.0
 -9999.0 -9999.0 -9999.0 -9999.0 -9999.0 -9999.0 -9999.0 -9999.0 -9999.0 -9999.0 -9999.0 -9999.0 -9999.0 -9999.0 -9999.0 -9999.0 -9999.0 -9999.0 -9999.0 -9999.0 -9999.0 -9999.0 -9999.0 -9999.0 -9999.0 -9999.0 -9999.0 -9999.0    56.0    43.7    40.3    41.0    44.9 -9999.0 -9999.0 -9999.0 -9999.0 -9999.0 -9999.0 -9999.0 -9999.0 -9999.0 -9999.0 -9999.0 -9999.0 -9999.0 -9999.0 -9999.0 -9999.0 -9999.0 -9999.0 -9999.0 -9999.0 -9999.0 -9999.0 -9999.0 -9999.0 -9999.0 -9999.0 -9999.0 -9999.0 -9999.0 -9999.0 -9999.0 -9999.0 -9999.0 -9999.0 -9999.0 -9999.0 -9999.0 -9999.0 -9999.0 -9999.0 -9999.0 -9999.0 -9999.0 -9999.0 -9999.0 -9999.0 -9999.0 -9999.0 -9999.0 -9999.0 -9999.0 -9999.0 -9999.0 -9999.0     3.9     3.9     3.7     3.7     4.5     4.6     5.1     5.7     6.4     5.7     5.8     4.1     4.6     5.6     6.2     6.1     7.1     6.9     7.5     7.9     7.0     5.7     5.3     5.7     6.3     6.9     7.1     7.2     6.9     7.2     8.4    10.2 -9999.0 -9999.0 -9999.0 -9999.0 -9999.0 -9999.0 -9999.0 -9999.0 -9999.0
 -9999.0 -9999.0 -9999.0 -9999.0 -9999.0 -9999.0 -9999.0 -9999.0 -9999.0 -9999.0 -9999.0 -9999.0 -9999.0 -9999.0 -9999.0 -9999.0 -9999.0 -9999.0 -9999.0 -9999.0 -9999.0 -9999.0 -9999.0 -9999.0 -9999.0 -9999.0    46.8    46.7    38.5    37.4    31.2    32.7    32.7    43.0    42.5    55.0 -9999.0 -9999.0 -9999.0 -9999.0 -9999.0 -9999.0 -9999.0 -9999.0 -9999.0 -9999.0 -9999.0 -9999.0 -9999.0 -9999.0 -9999.0 -9999.0 -9999.0 -9999.0 -9999.0 -9999.0 -9999.0 -9999.0 -9999.0 -9999.0 -9999.0 -9999.0 -9999.0 -9999.0 -9999.0 -9999.0 -9999.0 -9999.0 -9999.0 -9999.0 -9999.0 -9999.0 -9999.0 -9999.0 -9999.0 -9999.0 -9999.0 -9999.0 -9999.0 -9999.0 -9999.0 -9999.0 -9999.0 -9999.0 -9999.0 -9999.0     3.1     3.0     3.4     4.5     4.7     4.6     4.7     4.8     5.5     5.8     6.0     4.7     4.7     4.2     5.2     5.3     4.5     4.6     5.4     6.2     6.6     5.9     4.9     4.6     5.3     6.4     7.5     7.7     7.6     7.9     8.2     9.3     9.4 -9999.0 -9999.0     5.9     5.2     5.9     7.2     9.5    12.2    16.2
 -9999.0 -9999.0 -9999.0 -9999.0 -9999.0 -9999.0 -9999.0 -9999.0 -9999.0 -9999.0 -9999.0 -9999.0 -9999.0 -9999.0 -9999.0 -9999.0 -9999.0 -9999.0 -9999.0 -9999.0 -9999.0 -9999.0 -9999.0 -9999.0 -9999.0 -9999.0    43.8    35.5    30.5    28.6    28.5    29.6    22.2    29.8    31.8    36.5    39.4    44.6 -9999.0 -9999.0 -9999.0 -9999.0 -9999.0 -9999.0 -9999.0 -9999.0 -9999.0 -9999.0 -9999.0 -9999.0 -9999.0 -9999.0 -9999.0 -9999.0 -9999.0 -9999.0 -9999.0 -9999.0 -9999.0 -9999.0 -9999.0 -9999.0 -9999.0 -9999.0 -9999.0 -9999.0 -9999.0 -9999.0 -9999.0 -9999.0 -9999.0 -9999.0 -9999.0 -9999.0 -9999.0 -9999.0 -9999.0 -9999.0 -9999.0 -9999.0 -9999.0 -9999.0 -9999.0 -9999.0 -9999.0 -9999.0     2.7     3.0     3.6     4.2     4.0     4.1     4.1     4.3     4.9     4.6     4.7     3.8     3.4     4.4     4.6     4.3     2.9     2.5     3.5     4.3     4.9     4.9     4.3     4.2     5.4     7.0     8.2     8.1     8.5     8.1     7.5     8.8    11.3     7.9     6.0     4.7     4.3     5.1     6.8    11.3    12.8    16.4
 -9999.0 -9999.0 -9999.0 -9999.0 -9999.0 -9999.0 -9999.0 -9999.0 -9999.0 -9999.0 -9999.0 -9999.0 -9999.0 -9999.0 -9999.0 -9999.0 -9999.0 -9999.0 -9999.0 -9999.0 -9999.0    92.1    86.1    71.7    54.5    40.3    30.3    24.2    20.8    20.1    21.5    23.8    27.2    27.0    29.6    27.1    17.9    35.9 -9999.0 -9999.0 -9999.0 -9999.0 -9999.0 -9999.0 -9999.0 -9999.0 -9999.0 -9999.0 -9999.0 -9999.0 -9999.0 -9999.0 -9999.0 -9999.0 -9999.0 -9999.0 -9999.0 -9999.0 -9999.0 -9999.0 -9999.0 -9999.0 -9999.0 -9999.0 -9999.0 -9999.0 -9999.0 -9999.0 -9999.0 -9999.0 -9999.0 -9999.0 -9999.0 -9999.0 -9999.0 -9999.0 -9999.0 -9999.0 -9999.0 -9999.0 -9999.0 -9999.0 -9999.0 -9999.0 -9999.0 -9999.0     2.3     2.8     3.0     3.1     3.3     3.3     3.2     3.5     3.6     3.7     2.9     3.1     3.3     2.8     2.8     2.8     2.0     1.9     2.3     2.6     3.2     4.1     4.4     4.5     5.7     7.9     9.5     8.2     7.1     9.4     6.7     7.6     8.0     7.4     5.2     3.7     3.7     4.6     6.6     9.2    13.0 -9999.0
 -9999.0 -9999.0 -9999.0 -9999.0 -9999.0 -9999.0 -9999.0 -9999.0 -9999.0 -9999.0 -9999.0 -9999.0 -9999.0 -9999.0 -9999.0 -9999.0 -9999.0 -9999.0 -9999.0 -9999.0    26.6    48.8    48.6    50.9    40.4    28.7    21.1    16.8    14.9    14.5    15.8    18.1    20.9    23.7    25.5    28.4    18.8    21.3    20.1 -9999.0 -9999.0 -9999.0 -9999.0 -9999.0 -9999.0 -9999.0 -9999.0 -9999.0 -9999.0 -9999.0 -9999.0 -9999.0 -9999.0 -9999.0 -9999.0 -9999.0 -9999.0 -9999.0 -9999.0 -9999.0 -9999.0 -9999.0 -9999.0 -9999.0 -9999.0 -9999.0 -9999.0 -9999.0 -9999.0 -9999.0 -9999.0 -9999.0 -9999.0 -9999.0 -9999.0 -9999.0 -9999.0 -9999.0 -9999.0 -9999.0 -9999.0 -9999.0 -9999.0 -9999.0 -9999.0 -9999.0     1.4     1.7     2.2     2.3     2.4     2.4     2.6     2.5     2.9     2.8     2.2     2.6     2.2     1.1     1.0     1.0     1.3     1.4     1.3     1.2     1.7     2.8     3.4     4.1     5.4     7.6     9.3     9.1     7.0     6.3     4.7     5.3     6.0     5.6     4.6     2.9     3.1     4.5     7.1    12.2    15.5 -9999.0
 -9999.0 -9999.0 -9999.0 -9999.0 -9999.0 -9999.0 -9999.0 -9999.0 -9999.0 -9999.0 -9999.0 -9999.0 -9999.0 -9999.0 -9999.0 -9999.0 -9999.0 -9999.0 -9999.0 -9999.0    49.2    57.3    53.5    40.3    27.3    18.8    14.1    11.2    10.5    10.9    12.1    14.0    15.6    17.8    19.9    22.5    22.7    10.8    19.2    10.4 -9999.0 -9999.0 -9999.0 -9999.0 -9999.0 -9999.0 -9999.0 -9999.0 -9999.0 -9999.0 -9999.0 -9999.0 -9999.0 -9999.0 -9999.0 -9999.0 -9999.0 -9999.0 -9999.0 -9999.0 -9999.0 -9999.0 -9999.0 -9999.0 -9999.0 -9999.0 -9999.0 -9999.0 -9999.0 -9999.0 -9999.0 -9999.0 -9999.0 -9999.0 -9999.0 -9999.0 -9999.0 -9999.0 -9999.0 -9999.0 -9999.0 -9999.0 -9999.0 -9999.0 -9999.0 -9999.0 -9999.0 -9999.0     1.5     1.6     1.6     1.6     1.5     2.0     2.4     2.3     3.0     2.6     1.7     0.6     0.2     0.3     0.5     0.6     0.6     0.6     0.8     1.4     2.0     2.7     4.3     6.9     9.0     9.0     7.7     3.7     3.1     3.6     3.7     3.0     2.2     2.1     3.6     7.5     7.4    11.1 -9999.0 -9999.0
 -9999.0 -9999.0 -9999.0 -9999.0 -9999.0 -9999.0 -9999.0 -9999.0 -9999.0 -9999.0 -9999.0 -9999.0 -9999.0 -9999.0 -9999.0 -9999.0 -9999.0 -9999.0 -9999.0    22.2    28.2    37.4    33.8    25.4    17.1     9.7     6.5     6.6     6.8     8.2    10.0    11.4    12.6    13.3    14.1    15.2    11.2    12.3    12.8    12.0 -9999.0 -9999.0 -9999.0 -9999.0 -9999.0 -9999.0 -9999.0 -9999.0 -9999.0 -9999.0 -9999.0 -9999.0 -9999.0 -9999.0 -9999.0 -9999.0 -9999.0 -9999.0 -9999.0 -9999.0 -9999.0 -9999.0 -9999.0 -9999.0 -9999.0 -9999.0 -9999.0 -9999.0 -9999.0 -9999.0 -9999.0 -9999.0 -9999.0 -9999.0 -9999.0 -9999.0 -9999.0 -9999.0 -9999.0 -9999.0 -9999.0 -9999.0 -9999.0 -9999.0 -9999.0 -9999.0 -9999.0     0.8     1.0     1.1     1.2     1.3     1.3     1.5     2.1     2.5     2.9     2.2     1.6     0.7     0.2     0.2     0.3     0.4     0.4     0.4     0.5     0.7     1.0     1.5     2.9     5.3     7.7     6.2     3.9     2.9     2.3     2.7     3.7     2.7     1.4     2.2     3.6     5.9     9.1 -9999.0 -9999.0 -9999.0
 -9999.0 -9999.0 -9999.0 -9999.0 -9999.0 -9999.0 -9999.0 -9999.0 -9999.0 -9999.0 -9999.0 -9999.0 -9999.0 -9999.0 -9999.0 -9999.0    24.0     6.2     1.3     6.7    11.8     3.0    20.0    18.2    13.3     7.9     3.7     4.2     5.4     7.3     8.8    10.1    10.7    10.9    10.4     8.6     6.3     6.7     7.8     8.9    10.2    12.5    14.5 -9999.0 -9999.0 -9999.0 -9999.0 -9999.0 -9999.0 -9999.0 -9999.0 -9999.0 -9999.0 -9999.0 -9999.0 -9999.0 -9999.0 -9999.0 -9999.0 -9999.0 -9999.0 -9999.0 -9999.0 -9999.0 -9999.0 -9999.0 -9999.0 -9999.0 -9999.0 -9999.0 -9999.0 -9999.0 -9999.0 -9999.0 -9999.0 -9999.0 -9999.0 -9999.0 -9999.0     0.1     0.1     0.1 -9999.0 -9999.0     0.2     0.3     0.4     0.7     1.0     1.0     1.2     1.2     1.2     1.3     1.7     2.1     2.5     2.3     2.1     1.3     0.7     0.5     0.5     0.6     0.7     0.6     0.5     0.5     0.6     1.1     2.4     4.7     6.2     4.2     3.5     2.6     5.0     2.1     2.3     1.5     1.9     2.4     4.2     7.0    12.6 -9999.0 -9999.0 -9999.0
 -9999.0 -9999.0 -9999.0 -9999.0 -9999.0 -9999.0 -9999.0 -9999.0 -9999.0 -9999.0 -9999.0 -9999.0 -9999.0 -9999.0    33.9    11.8     0.1     0.0     0.0     2.3     6.1     7.5    16.0    10.4     6.0     3.8     4.1     5.1     6.1     7.5     8.5     9.2     9.7     9.9     8.4     6.1     4.6     1.5     2.8     5.0     6.9     9.2    10.6    11.5    12.4 -9999.0 -9999.0 -9999.0 -9999.0 -9999.0 -9999.0 -9999.0 -9999.0 -9999.0 -9999.0 -9999.0 -9999.0 -9999.0 -9999.0 -9999.0 -9999.0 -9999.0 -9999.0 -9999.0 -9999.0 -9999.0 -9999.0 -9999.0 -9999.0 -9999.0 -9999.0 -9999.0 -9999.0 -9999.0 -9999.0 -9999.0 -9999.0 -9999.0     0.1     0.1     0.1     0.1     0.1     0.1     0.1     0.3     0.4     0.7     1.0     1.3     1.6     1.6     1.3     1.0     1.2     1.3     1.6     1.8     2.1     1.8     1.3     1.1     1.2     1.3     1.3     1.1     0.6     0.5     0.9     1.5     3.0     4.2     4.1     3.0     6.2     1.6     1.5     1.7     1.5     1.5     1.6     2.9     5.1     9.6 -9999.0 -9999.0 -9999.0 -9999.0
 -9999.0 -9999.0 -9999.0 -9999.0 -9999.0 -9999.0 -9999.0 -9999.0 -9999.0 -9999.0 -9999.0 -9999.0 -9999.0 -9999.0     5.3     0.0     0.0     0.0     0.5     8.9     7.0     3.4     3.3     5.1     5.4     5.7     5.9     6.6     7.2     7.6     7.6     7.7     8.2     8.9     9.6     9.1     7.2     5.1     3.8     3.6     3.9     3.1     3.9     4.7     4.4     5.5     8.2     4.3 -9999.0 -9999.0 -9999.0 -9999.0 -9999.0 -9999.0 -9999.0 -9999.0 -9999.0 -9999.0 -9999.0 -9999.0 -9999.0 -9999.0 -9999.0 -9999.0 -9999.0 -9999.0 -9999.0 -9999.0 -9999.0 -9999.0 -9999.0 -9999.0 -9999.0 -9999.0 -9999.0 -9999.0 -9999.0 -9999.0     0.1     0.1     0.1     0.1     0.1     0.1     0.2     0.4     0.6     0.8     1.2     1.6     2.0     2.0     1.4     1.0     0.8     1.1     1.2     1.5     1.4     1.4     1.4     1.6     2.0     2.3     2.3     2.1     1.3     0.9     1.9     2.7     3.1     3.6     6.4     4.9     2.8     0.6     2.2     2.8     2.4     2.1     2.0     3.6     7.4    11.8 -9999.0 -9999.0 -9999.0 -9999.0
 -9999.0 -9999.0 -9999.0 -9999.0 -9999.0 -9999.0 -9999.0 -9999.0 -9999.0 -9999.0 -9999.0 -9999.0 -9999.0 -9999.0 -9999.0    69.5    71.6    62.6    32.9    11.1     4.8    27.6     2.2    19.6    15.2    12.1    10.0     8.5     7.9     7.1     6.3     5.5     5.7     6.9     8.6     9.4     8.5     6.3     4.3     4.3     5.9     5.1     4.5     2.3     1.5     1.1     1.1     1.4     1.3 -9999.0 -9999.0 -9999.0 -9999.0 -9999.0 -9999.0 -9999.0 -9999.0 -9999.0 -9999.0 -9999.0 -9999.0 -9999.0 -9999.0 -9999.0 -9999.0 -9999.0 -9999.0 -9999.0 -9999.0 -9999.0 -9999.0 -9999.0 -9999.0 -9999.0 -9999.0 -9999.0 -9999.0     0.1     0.1     0.1     0.1     0.1     0.1     0.2     0.3     0.5     0.8     1.0     1.3     1.7     2.1     2.1     1.5     1.1     1.3     1.6     1.7     1.2     0.9     0.9     1.2     1.8     2.6     3.2     3.6     3.4     2.9     2.7     4.2     4.9     4.5     7.5     9.0     2.9     0.9     1.6     1.7     1.6     2.9     1.9 -9999.0 -9999.0 -9999.0 -9999.0 -9999.0 -9999.0 -9999.0 -9999.0
 -9999.0 -9999.0 -9999.0 -9999.0 -9999.0 -9999.0 -9999.0 -9999.0 -9999.0 -9999.0 -9999.0 -9999.0 -9999.0 -9999.0 -9999.0    94.6    91.6    79.0    63.8    50.2    32.2    35.5    28.7    14.1     0.8     0.2     1.5     6.1     2.2     6.3     5.0     4.2     1.2     3.1     7.4    10.2    11.1     8.5     5.8     6.2     7.7     6.3     8.2     8.8     1.7     0.1     0.0     0.1     0.1 -9999.0 -9999.0 -9999.0 -9999.0 -9999.0 -9999.0 -9999.0 -9999.0 -9999.0 -9999.0 -9999.0 -9999.0 -9999.0 -9999.0 -9999.0 -9999.0 -9999.0 -9999.0 -9999.0 -9999.0 -9999.0 -9999.0 -9999.0 -9999.0 -9999.0 -9999.0 -9999.0 -9999.0     0.1     0.1     0.1     0.1     0.1     0.1     0.2     0.4     0.6     0.9     1.1     1.2     1.5     1.7     1.7     1.8     1.9     2.1     2.7     2.2     1.1     0.6     0.6     1.0     1.8     2.9     3.6     4.1     4.8     5.7     6.3     7.5     7.6     6.0     4.4     3.6     2.1     3.0     1.9     2.0     1.7     3.5     2.0 -9999.0 -9999.0 -9999.0 -9999.0 -9999.0 -9999.0 -9999.0 -9999.0
 -9999.0 -9999.0 -9999.0 -9999.0 -9999.0 -9999.0 -9999.0 -9999.0 -9999.0 -9999.0 -9999.0 -9999.0 -9999.0 -9999.0 -9999.0     0.1     1.9     0.8     0.5    15.1    24.4    24.9     4.4     7.9     4.3     1.9     0.0     0.0     0.2     0.9     1.7     2.4     1.6     2.1     4.9     7.2     8.3     3.1     1.8     0.2     1.1     2.6     4.3     7.5     5.6     1.3     0.1     0.0     0.1     0.2     0.1     0.1     0.2     0.2     0.2     0.4     1.0     1.2     0.9     0.9 -9999.0 -9999.0 -9999.0 -9999.0 -9999.0 -9999.0 -9999.0 -9999.0 -9999.0 -9999.0 -9999.0 -9999.0 -9999.0 -9999.0 -9999.0     0.1     0.1     0.1     0.0     0.1     0.1     0.1     0.1     0.1     0.3     0.6     1.0     1.2     1.2     1.2     1.1     1.2     1.6     2.6     3.3     3.1     2.3     1.4     0.9     0.8     1.2     2.2     3.3     3.7     4.0     5.4     6.7     9.0    11.8    11.1     7.7     9.4     5.2     3.3     2.8     1.3     6.0     4.9     2.9     2.0 -9999.0 -9999.0 -9999.0 -9999.0 -9999.0 -9999.0 -9999.0 -9999.0
 -9999.0 -9999.0 -9999.0 -9999.0 -9999.0 -9999.0 -9999.0 -9999.0 -9999.0 -9999.0 -9999.0 -9999.0 -9999.0 -9999.0 -9999.0     3.2     9.4     6.2     0.0     0.0     0.0     0.0     0.0     0.3     0.2     0.0     0.0     0.0     0.0     0.0     0.0     0.5     0.1     0.0     0.0     0.0     0.1     0.0     0.0     0.0     0.0     0.0     0.0     0.1     0.2     0.5     0.2     0.0     0.0     0.0     0.0     0.0     0.1     0.2     0.1     0.2     0.2     0.3     0.4     0.4     0.4     0.4 -9999.0 -9999.0 -9999.0 -9999.0 -9999.0 -9999.0     0.1     0.1     0.1     0.1     0.1     0.1     0.1     0.1     0.1     0.1     0.0     0.1     0.1     0.1     0.1     0.1     0.2     0.5     1.0     1.1     1.0     0.8     0.7     0.6     0.9     1.8     2.6     2.3     2.1     1.9     1.9     1.9     2.1     3.0     4.0     4.3     4.4     4.7     5.8     7.5     9.4    11.8     9.4     6.5     4.1     4.5     1.2     0.9     0.8     1.3     1.6     2.4 -9999.0 -9999.0 -9999.0 -9999.0 -9999.0 -9999.0 -9999.0 -9999.0
 -9999.0 -9999.0 -9999.0 -9999.0 -9999.0 -9999.0 -9999.0 -9999.0 -9999.0 -9999.0 -9999.0 -9999.0 -9999.0     0.0     0.0     0.0     0.0     0.0     0.0     0.0     0.0     0.3     0.3     0.0     0.0     0.0     0.0     0.0     0.1     0.1     0.1     0.1     0.0     0.2     0.1     0.0     0.0     0.0     0.0     0.0     0.0     0.0     0.0     0.0     0.0     0.0     0.0     0.1     0.1     0.1     0.1     0.1     0.1     0.1     0.1     0.1     0.1     0.1     0.1     0.2     0.2     0.2     0.2     0.2     0.2     0.1     0.1     0.1     0.1     0.1     0.1     0.1     0.1     0.1     0.1     0.1     0.1     0.0     0.0     0.1     0.1     0.1     0.0     0.0     0.1     0.5     0.9     0.9     0.8     0.5     0.3     0.3     0.4     0.8     1.2     1.1     1.4     2.5     3.5     3.6     3.1     3.2     4.2     4.7     5.4     5.8     5.9     6.7     8.9    13.0     9.0     8.8     9.7     3.9     3.6     2.1     1.3     1.3     2.0 -9999.0 -9999.0 -9999.0 -9999.0 -9999.0 -9999.0 -9999.0 -9999.0 -9999.0
 -9999.0 -9999.0 -9999.0 -9999.0 -9999.0 -9999.0 -9999.0 -9999.0 -9999.0     0.4     0.0     0.0     0.0     0.0     0.0     0.0     0.0     0.0     0.0     0.0     0.0     0.1     0.2     0.2     0.1     0.0     0.0     0.0     0.0     0.0     0.0     0.0     0.1     0.0     0.0     0.0     0.1     0.0     0.0     0.0     0.0     0.0     0.0     0.0     0.0     0.1     0.1     0.1     0.1     0.1     0.1     0.0     0.1     0.1     0.1     0.1     0.1     0.1     0.1     0.1     0.1     0.1     0.1     0.1     0.1     0.1     0.1     0.1     0.1     0.1     0.1     0.1     0.1     0.1     0.1     0.1     0.1     0.1     0.1     0.1     0.1     0.1     0.1     0.1     0.1     0.5     0.7     0.6     0.5     0.2     0.1     0.1     0.1     0.2     0.3     0.3     1.0     2.8     4.1     4.3     2.9     2.8     3.8     5.6     8.1     6.5     5.4     6.4    10.2     9.9    12.1    15.4    10.5     8.4    19.9     0.8 -9999.0     1.6 -9999.0 -9999.0 -9999.0 -9999.0 -9999.0 -9999.0 -9999.0 -9999.0 -9999.0 -9999.0
 -9999.0 -9999.0 -9999.0 -9999.0 -9999.0    10.8     5.0     5.0     1.7     0.0     0.0     0.0     0.0     0.0     0.1     0.1     0.1     0.1     0.1     0.1     0.0     0.0     0.0     0.0     0.0     0.0     0.0     0.0     0.1     0.1     0.0     0.0     0.0     0.0     0.0     0.1     0.0     0.0     0.0     0.0     0.0     0.0     0.0     0.0     0.0     0.1     0.1     0.1     0.1     0.1     0.1     0.0     0.0     0.1     0.1     0.1     0.1     0.1     0.1     0.1     0.1     0.1     0.1     0.1     0.1     0.1     0.1     0.1     0.1     0.1     0.1     0.1     0.1     0.1     0.1     0.1     0.1     0.1     0.1     0.1     0.2     0.2     0.1     0.1     0.2     0.4     0.8     0.4     0.3     0.1     0.1     0.1     0.1     0.0     0.1     0.1     0.5     2.1     3.7     3.5     2.7     2.7     3.7     6.8     9.8     9.8     7.9     6.6     8.6    15.2    17.3    16.0    11.6    16.2 -9999.0 -9999.0 -9999.0 -9999.0 -9999.0 -9999.0 -9999.0 -9999.0 -9999.0 -9999.0 -9999.0 -9999.0 -9999.0 -9999.0
 -9999.0 -9999.0 -9999.0     8.7     0.9     2.7     0.0     0.0     0.0     0.0     0.0     0.0     0.0     0.0     0.0     0.0     0.0     0.0     0.1     0.1     0.0     0.0     0.0     0.0     0.0     0.0     0.0     0.0     0.1     0.1     0.1     0.0     0.0     0.0     0.0     0.0     0.0     0.0     0.0     0.0     0.0     0.0     0.0     0.0     0.0     0.1     0.0     0.1     0.1     0.1     0.1     0.1     0.1     0.1     0.1     0.1     0.1     0.0     0.0     0.1     0.1     0.1     0.1     0.1     0.1     0.1     0.1     0.1     0.1     0.1     0.1     0.1     0.1     0.1     0.1     0.1     0.1     0.1     0.1     0.1     0.1     0.1     0.1     0.1     0.2     0.1     0.2     0.1     0.1     0.1     0.1     0.1     0.1     0.1     0.1     0.2     0.4     1.6     2.7     3.0     3.1     3.6     6.5     7.8     6.7     5.7     4.2     7.1    11.2    17.1    15.8    22.4    15.5 -9999.0 -9999.0 -9999.0 -9999.0 -9999.0 -9999.0 -9999.0 -9999.0 -9999.0 -9999.0 -9999.0 -9999.0 -9999.0 -9999.0 -9999.0
 -9999.0 -9999.0    10.6     3.6     4.9     0.2     0.2     0.0     0.0     0.3     0.4     0.1     0.0     0.0     0.0     0.0     0.0     0.0     0.1     0.1     0.0     0.0     0.0     0.0     0.0     0.0     0.0     0.0     0.0     0.1     0.1     0.1     0.0     0.0     0.0     0.0     0.0     0.0     0.0     0.0     0.0     0.0     0.0     0.0     0.0     0.0     0.1     0.1     0.1     0.1     0.1     0.0     0.0     0.0     0.1     0.1     0.1     0.1     0.0     0.1     0.1     0.1     0.1     0.1     0.1     0.1     0.1     0.1     0.1     0.1     0.1     0.1     0.1     0.1     0.1     0.1     0.1     0.0     0.0     0.1     0.1     0.2     0.1     0.1     0.2     0.1     0.1     0.1     0.1     0.1     0.1     0.1     0.1     0.4     0.9     1.0     0.7     0.9     1.5     2.2     3.1     4.8     4.2     4.4     4.0     4.5     4.3     7.2     7.3 -9999.0 -9999.0 -9999.0 -9999.0 -9999.0 -9999.0 -9999.0 -9999.0 -9999.0 -9999.0 -9999.0 -9999.0 -9999.0 -9999.0 -9999.0 -9999.0 -9999.0 -9999.0 -9999.0
 -9999.0 -9999.0     3.4     2.3     1.8     2.3     1.4     0.7     0.6     0.3     0.2     0.2     0.1     0.1     0.0     0.0     0.0     0.0     0.1     0.1     0.1     0.0     0.0     0.0     0.0     0.0     0.0     0.0     0.1     0.1     0.1     0.1     0.0     0.0     0.0     0.0     0.0     0.0     0.0     0.0     0.0     0.0     0.0     0.0     0.1     0.2     0.3     0.3     0.2     0.1     0.1     0.1     0.1     0.1     0.1     0.2     0.1     0.1     0.0     0.0     0.0     0.1     0.1     0.1     0.1     0.1     0.1     0.1     0.1     0.1     0.1     0.1     0.1     0.1     0.1     0.1     0.1     0.1     0.1     0.1     0.2     0.1     0.1     0.1     0.1     0.1     0.1     0.1     0.1     0.1     0.1     0.1     0.2     1.2     2.9     2.6     1.1     0.6     0.7     1.4     2.6     3.6     3.6     3.0     2.5     2.1     2.1 -9999.0 -9999.0 -9999.0 -9999.0 -9999.0 -9999.0 -9999.0 -9999.0 -9999.0 -9999.0 -9999.0 -9999.0 -9999.0 -9999.0 -9999.0 -9999.0 -9999.0 -9999.0 -9999.0 -9999.0 -9999.0
 -9999.0     1.1     0.5     0.1     0.0     0.1     1.0     0.4     0.1     0.1     0.1     0.1     0.0     0.0     0.0     0.0     0.0     0.0     0.1     0.1     0.1     0.1     0.0     0.0     0.0     0.0     0.0     0.0     0.1     0.1     0.1     0.1     0.0     0.0     0.0     0.0     0.0     0.1     0.0     0.0     0.0     0.1     0.4     0.9     0.4     0.7     0.7     0.4     0.3     0.1     0.0     0.1     0.1     0.4     0.4     0.2     0.1     0.1     0.0     0.1     0.1     0.1     0.1     0.1     0.1     0.1     0.1     0.1     0.1     0.1     0.1     0.1     0.1     0.1     0.1     0.1     0.1     0.1     0.1     0.2     0.2     0.1     0.1     0.1     0.1     0.1     0.1     0.1     0.0     0.1     0.1     0.1     0.3     1.1     2.2     2.0 -9999.0     0.4     0.4     1.1     2.4     3.3     2.9     2.1     1.4 -9999.0 -9999.0 -9999.0 -9999.0 -9999.0 -9999.0 -9999.0 -9999.0 -9999.0 -9999.0 -9999.0 -9999.0 -9999.0 -9999.0 -9999.0 -9999.0 -9999.0 -9999.0 -9999.0 -9999.0 -9999.0 -9999.0 -9999.0
 -9999.0 -9999.0     0.8     0.0     0.0     0.0     0.0     0.0     0.0     0.0     0.0     0.0     0.0     0.0     0.0     0.0     0.0     0.0     0.1     0.1     0.1     0.1     0.1     0.1     0.0     0.0     0.0     0.0     0.1     0.1     0.1     0.1     0.1     0.1     0.2     0.3     0.2     0.2     0.3     0.2     0.0     0.1     0.1     0.2     0.3     0.5     0.7     0.5     0.2     0.1     0.1     0.0     0.1     0.3     0.8     1.2     0.2     0.1     0.1     0.1     0.0     0.0     0.1     0.1     0.1     0.1     0.1     0.1     0.1     0.1     0.1     0.1     0.1     0.1     0.1     0.1     0.1     0.1     0.3     0.5     0.4     0.1     0.1     0.0     0.1     0.1     0.1     0.1     0.1     0.1     0.1     0.1     0.1     0.4     0.8 -9999.0 -9999.0     0.4     0.7     1.7     2.7     2.7     1.9     1.1 -9999.0 -9999.0 -9999.0 -9999.0 -9999.0 -9999.0 -9999.0 -9999.0 -9999.0 -9999.0 -9999.0 -9999.0 -9999.0 -9999.0 -9999.0 -9999.0 -9999.0 -9999.0 -9999.0 -9999.0 -9999.0 -9999.0 -9999.0 -9999.0
 -9999.0 -9999.0     1.3     0.0     0.1     0.0     0.0     0.0     0.0     0.0     0.1     0.1     0.0     0.0     0.0     0.0     0.0     0.0     0.1     0.1     0.1     0.1     0.1     0.1     0.1     0.1     0.1     0.1     0.1     0.1     0.0     0.0     0.1     0.1     0.2     0.4     0.3     0.2     0.2     0.1     0.0     0.0     0.1     0.1     0.2     0.7     0.8     0.6     0.4     0.1     0.1     0.0     0.1     0.2     0.5     0.7     0.4     0.2     0.2     0.1     0.1     0.1     0.1     0.1     0.1     0.1     0.1     0.1     0.1     0.1     0.1     0.1     0.1     0.1     0.1     0.1     0.1     0.1     0.3     0.3     0.3     0.1     0.1     0.1     0.1     0.1     0.1     0.1     0.1     0.2     0.2     0.1     0.1     0.1     0.2     0.2     0.4     0.9 -9999.0 -9999.0 -9999.0 -9999.0 -9999.0 -9999.0 -9999.0 -9999.0 -9999.0 -9999.0 -9999.0 -9999.0 -9999.0 -9999.0 -9999.0 -9999.0 -9999.0 -9999.0 -9999.0 -9999.0 -9999.0 -9999.0 -9999.0 -9999.0 -9999.0 -9999.0 -9999.0 -9999.0 -9999.0 -9999.0
 -9999.0 -9999.0 -9999.0 -9999.0     0.0     0.0     0.1     0.0     0.0     0.0     0.1     0.1     0.1     0.1     0.0     0.0     0.0     0.0     0.0     0.1     0.0     0.1     0.1     0.1     0.1     0.1     0.0     0.0     0.0     0.0     0.0     0.0     0.1     0.3     0.3     0.7     0.7     0.6     0.3     0.1     0.0     0.0     0.0     0.1     0.2     0.5     0.7     0.6     0.3     0.2     0.1     0.1     0.1     0.1     0.2     0.3     0.3     0.2     0.2     0.2     0.1     0.1     0.1     0.1     0.1     0.1     0.1     0.1     0.1     0.1     0.1     0.1     0.1     0.1     0.1     0.1     0.1     0.1     0.1     0.2     0.2     0.1     0.1     0.1     0.1     0.1     0.1     0.1     0.1     0.1     0.1     0.1     0.1     0.1     0.0     0.1     0.3     1.6     4.7     6.5     4.1     1.4     0.3 -9999.0 -9999.0 -9999.0 -9999.0 -9999.0 -9999.0 -9999.0 -9999.0 -9999.0 -9999.0 -9999.0 -9999.0 -9999.0 -9999.0 -9999.0 -9999.0 -9999.0 -9999.0 -9999.0 -9999.0 -9999.0 -9999.0 -9999.0 -9999.0 -9999.0
 -9999.0 -9999.0 -9999.0     0.0     0.1     0.0     0.0     0.0     0.0     0.0     0.0     0.0     0.0     0.1     0.1     0.1     0.1     0.1     0.1     0.0     0.0     0.1     0.1     0.0     0.0     0.0     0.0     0.0     0.0     0.0     0.0     0.1     0.3     0.5     0.9     1.1     1.0     1.2     1.0     0.5     0.1     0.0     0.1     0.1     0.2     0.3     0.4     0.3     0.2     0.1     0.1     0.1     0.1     0.1     0.1     0.1     0.1     0.1     0.1     0.1     0.1     0.1     0.1     0.1     0.1     0.1     0.1     0.0     0.1     0.1     0.1     0.1     0.1     0.1     0.2     0.2     0.1     0.1     0.2     0.1     0.1     0.1     0.1     0.0     0.1     0.1     0.1     0.2     0.1     0.1     0.1     0.1     0.1     0.1     0.0     0.1     0.4     1.9     5.0     5.8     3.7     0.8     0.1 -9999.0 -9999.0 -9999.0 -9999.0 -9999.0 -9999.0 -9999.0 -9999.0 -9999.0 -9999.0 -9999.0 -9999.0 -9999.0 -9999.0 -9999.0 -9999.0 -9999.0 -9999.0 -9999.0 -9999.0 -9999.0 -9999.0 -9999.0 -9999.0 -9999.0
 -9999.0 -9999.0 -9999.0 -9999.0     0.0     0.0     0.0     0.0     0.0     0.0     0.0     0.0     0.0     0.0     0.0     0.0     0.0     0.0     0.0     0.0     0.0     0.0     0.0     0.0     0.0     0.0     0.0     0.0     0.0     0.0     0.1     0.2     0.6     1.0     1.4     1.6     1.7     1.7     1.2     0.6     0.6     0.1     0.1     0.1     0.1     0.2     0.2     0.1     0.1     0.1     0.1     0.2     0.2     0.2     0.1     0.1     0.1     0.0     0.0     0.1     0.1     0.1     0.1     0.1     0.1     0.1     0.3     0.1     0.1     0.3     0.1     0.1     0.1     0.1     0.2     0.2     0.1     0.1     0.1     0.1     0.1     0.1     0.1     0.1     0.0     0.1     0.2     0.2     0.1     0.1     0.1     0.1     0.1     0.1     0.1     0.2     0.9     2.2     3.3     4.0     2.5     0.6     0.1 -9999.0 -9999.0 -9999.0 -9999.0 -9999.0 -9999.0 -9999.0 -9999.0 -9999.0 -9999.0 -9999.0 -9999.0 -9999.0 -9999.0 -9999.0 -9999.0 -9999.0 -9999.0 -9999.0 -9999.0 -9999.0 -9999.0 -9999.0 -9999.0 -9999.0
 -9999.0 -9999.0 -9999.0 -9999.0 -9999.0     1.4     0.0     0.0     0.0     0.0     0.0     0.0     0.0     0.0     0.0     0.0     0.0     0.0     0.0     0.0     0.0     0.0     0.0     0.0     0.0     0.0     0.0     0.0     0.0     0.0     0.1     0.5     1.0     1.5     1.9     2.3     2.4     2.3     2.1     1.8     0.7     1.1     0.7     0.3     0.2     0.2     0.2     0.1     0.1     0.1     0.2     0.5     0.6     0.4     0.2     0.1     0.1     0.1     0.0     0.1     0.0     0.1     0.1     0.1     0.1     0.1     0.5     1.0     0.3     0.2     0.1     0.1     0.2     0.2     0.2     0.2     0.1     0.1     0.1     0.1     0.1     0.1     0.1     0.1     0.0     0.1     0.1     0.2     0.1     0.1     0.0     0.0     0.0     0.1     0.2     0.6     2.0     3.2     3.5     3.2     2.0     0.7 -9999.0 -9999.0 -9999.0 -9999.0 -9999.0 -9999.0 -9999.0 -9999.0 -9999.0 -9999.0 -9999.0 -9999.0 -9999.0 -9999.0 -9999.0 -9999.0 -9999.0 -9999.0 -9999.0 -9999.0 -9999.0 -9999.0 -9999.0 -9999.0 -9999.0 -9999.0
 -9999.0 -9999.0 -9999.0 -9999.0 -9999.0 -9999.0 -9999.0     0.0     0.0     0.0     0.0     0.0     0.0     0.0     0.0     0.0     0.0     0.0     0.0     0.0     0.0     0.0     0.0     0.0     0.0     0.0     0.0     0.0     0.1     0.3     0.5     1.0     1.7     2.1     2.8     3.1     3.2     3.0     2.7     2.1     1.5     1.0     0.8     1.1     0.4     0.2     0.3     0.3     0.7     0.6     1.3     1.0     0.8     0.6     0.5     0.1     0.1     0.0     0.0     0.0     0.0     0.1     0.1     0.1     0.1     0.2     0.6     0.9     1.2     0.0     0.1     0.2     0.4     0.4     0.2     0.3     0.2     0.1     0.1     0.1     0.2     0.1     0.1     0.1     0.1     0.1     0.1     0.1     0.1     0.0     0.0     0.0     0.1     0.2     0.7     1.7     3.4     4.8     4.9     4.0 -9999.0 -9999.0 -9999.0 -9999.0 -9999.0 -9999.0 -9999.0 -9999.0 -9999.0 -9999.0 -9999.0 -9999.0 -9999.0 -9999.0 -9999.0 -9999.0 -9999.0 -9999.0 -9999.0 -9999.0 -9999.0 -9999.0 -9999.0 -9999.0 -9999.0 -9999.0 -9999.0 -9999.0
 -9999.0 -9999.0 -9999.0 -9999.0 -9999.0 -9999.0 -9999.0     0.0     0.5     0.0     0.0     0.0     0.0     0.0     0.0     0.0     0.0     0.0     0.0     0.0     0.0     0.0     0.0     0.0     0.0     0.0     0.0     0.1     0.4     0.4     1.5     1.9     2.6     3.0     3.8     4.0     3.9     3.7     3.2     2.7     1.9     1.4     0.9     0.7     0.7     0.7     0.7     0.8     1.1     1.4     1.9     1.6     1.3     1.1     1.2     0.4     0.1     0.1     0.0     0.0     0.1     0.2     0.3     0.1     0.1     0.3     0.6     0.8     1.6     0.2     0.2     0.3     0.6     0.7     0.6     0.1     0.1     0.1     0.1     0.1     0.3     0.3     0.0     0.1     0.1     0.2     0.1     0.1     0.0     0.1     0.1     0.1     0.3     1.2     2.3     3.8     5.8 -9999.0 -9999.0 -9999.0 -9999.0 -9999.0 -9999.0 -9999.0 -9999.0 -9999.0 -9999.0 -9999.0 -9999.0 -9999.0 -9999.0 -9999.0 -9999.0 -9999.0 -9999.0 -9999.0 -9999.0 -9999.0 -9999.0 -9999.0 -9999.0 -9999.0 -9999.0 -9999.0 -9999.0 -9999.0 -9999.0 -9999.0
 -9999.0 -9999.0 -9999.0 -9999.0 -9999.0 -9999.0 -9999.0 -9999.0 -9999.0 -9999.0     0.0     0.0     0.0     0.0     0.0     0.0     0.0     0.0     0.0     0.0     0.0     0.0     0.0     0.0     0.0     0.0     0.1     0.2     0.6     1.2     1.9     2.2     3.3     3.8     4.3     4.3     4.4     4.2     4.0     3.2     2.7     1.8     1.2     1.0     1.5     1.0     1.8     1.5     2.2     2.7     2.5     2.5     2.3     2.6     2.9     1.8     0.7     0.4     0.3     0.3     0.6     0.5     0.5     0.4     1.3     0.2     0.3     1.1     1.4     0.9     0.5     0.7     0.7     0.6     0.2     0.1     0.1     0.2     0.3     0.5     0.3     0.3     0.5     0.2     0.2     0.1     0.1     0.0     0.1     0.3     0.6     0.9     1.9     3.7     5.5     7.4     9.5    11.0 -9999.0 -9999.0 -9999.0 -9999.0 -9999.0 -9999.0 -9999.0 -9999.0 -9999.0 -9999.0 -9999.0 -9999.0 -9999.0 -9999.0 -9999.0 -9999.0 -9999.0 -9999.0 -9999.0 -9999.0 -9999.0 -9999.0 -9999.0 -9999.0 -9999.0 -9999.0 -9999.0 -9999.0 -9999.0 -9999.0
 -9999.0 -9999.0 -9999.0 -9999.0 -9999.0 -9999.0 -9999.0 -9999.0 -9999.0 -9999.0 -9999.0     0.0     0.0     0.0     0.0     0.0     0.0     0.0     0.0     0.0     0.0     0.0     0.0     0.0     0.0     0.2     0.5     0.5     1.1     1.1     2.3     3.1     3.7     3.8     4.2     4.5     4.3     4.2     3.7     3.0     2.4     1.9     1.6     1.8     1.9     2.2     2.7     2.1     2.9     3.8     5.3     4.8     4.0     4.0     4.5     4.1     2.9     2.5     1.3     2.2     2.0     2.8     3.3     2.9     1.6     5.1     1.2     2.3     2.6     2.2     0.4     0.1     0.1     0.1     0.2     5.7     1.8     1.8     1.0     5.9     1.8     1.9     1.9     0.6     0.1     0.1     0.0     0.1     0.3     1.2     2.3     3.5     5.3     7.3     9.2    11.3    13.6    15.5 -9999.0 -9999.0 -9999.0 -9999.0 -9999.0 -9999.0 -9999.0 -9999.0 -9999.0 -9999.0 -9999.0 -9999.0 -9999.0 -9999.0 -9999.0 -9999.0 -9999.0 -9999.0 -9999.0 -9999.0 -9999.0 -9999.0 -9999.0 -9999.0 -9999.0 -9999.0 -9999.0 -9999.0 -9999.0 -9999.0
 -9999.0 -9999.0 -9999.0 -9999.0 -9999.0 -9999.0 -9999.0 -9999.0 -9999.0 -9999.0 -9999.0 -9999.0     0.0     0.1     0.1     0.0     0.0     0.0     0.0     0.0     0.0     0.0     0.0     0.2     0.7     0.7     1.0     1.9     1.9     2.7     2.7     2.7     3.5     4.0     4.0     4.2     3.9     3.7     3.3     2.7     2.1     1.7     2.1     2.0     3.0     4.2     3.9     3.5     2.8     4.4     4.6     4.9     4.2     5.3     5.3     5.5     3.8     3.4     3.3     3.6     3.5     3.8     6.0     8.5     2.8     5.0     0.4     1.2     1.9     2.2     2.9     5.5     6.4     1.9     1.9     1.5     1.7     6.5     5.7     5.1    10.7     1.8     2.6     1.6     0.5     0.1     0.1     0.3     1.3     3.1     5.1     7.2     9.2    10.9    12.0    13.6    17.2    19.8    19.0 -9999.0 -9999.0 -9999.0 -9999.0 -9999.0 -9999.0 -9999.0 -9999.0 -9999.0 -9999.0 -9999.0 -9999.0 -9999.0 -9999.0 -9999.0 -9999.0 -9999.0 -9999.0 -9999.0 -9999.0 -9999.0 -9999.0 -9999.0 -9999.0 -9999.0 -9999.0 -9999.0 -9999.0 -9999.0
 -9999.0 -9999.0 -9999.0 -9999.0 -9999.0 -9999.0 -9999.0 -9999.0 -9999.0 -9999.0 -9999.0 -9999.0     0.2     0.1     0.0     0.3     0.0     0.1     0.1     0.2     0.1     0.5     0.2     1.1     1.3     0.6     0.9     0.8     1.6     2.2     3.1     3.5     3.0     3.1     3.6     3.3     3.0     2.7     2.6     2.0     1.6     1.6     1.8     3.0     3.9     5.2     6.3     6.3     5.6     4.7     4.2     3.0     3.1     5.8     5.6     5.0     3.6     3.6     5.2     5.8     5.8     5.5     8.0     5.6     0.9     2.6     3.9     3.1     4.0     3.2     2.3     1.9     2.0     2.1     4.0     2.7     3.4     4.0     3.4     2.1     4.3     2.1     3.7     3.7     2.1     1.0     1.1     2.5     4.3     6.3     8.7    11.3    13.3    14.7    15.7    16.9    20.6    22.7    21.0 -9999.0 -9999.0 -9999.0 -9999.0 -9999.0 -9999.0 -9999.0 -9999.0 -9999.0 -9999.0 -9999.0 -9999.0 -9999.0 -9999.0 -9999.0 -9999.0 -9999.0 -9999.0 -9999.0 -9999.0 -9999.0 -9999.0 -9999.0 -9999.0 -9999.0 -9999.0 -9999.0 -9999.0 -9999.0
 -9999.0 -9999.0 -9999.0 -9999.0 -9999.0 -9999.0 -9999.0 -9999.0 -9999.0 -9999.0 -9999.0     0.5     0.4     0.0     0.1     0.5     0.0     0.1     0.2     1.1     1.3     1.5     1.4     2.0     2.6     1.2     1.7     2.3     2.4     2.3     2.7     3.3     2.3     2.7     2.4     2.2     1.8     1.5     1.1     0.8     1.2     1.8     2.7     2.4     4.6     6.8     7.7     6.1     4.4     3.1     3.4     3.9     2.4     3.5     3.5     3.4     3.4     2.7     4.2     4.7     5.4     7.5     8.4    12.6     9.2     5.3     2.7     4.6     6.1     7.0     5.4     3.3     3.0     2.8     1.8     2.0     3.6     5.8     5.9     3.9     2.8     3.7     5.4     6.1     5.5     5.1     6.3     8.7    10.3    11.4    13.4    16.1    19.0    19.3    20.4    21.2    21.8    21.4    19.9    17.7 -9999.0 -9999.0 -9999.0 -9999.0 -9999.0 -9999.0 -9999.0 -9999.0 -9999.0 -9999.0 -9999.0 -9999.0 -9999.0 -9999.0 -9999.0 -9999.0 -9999.0 -9999.0 -9999.0 -9999.0 -9999.0 -9999.0 -9999.0 -9999.0 -9999.0 -9999.0 -9999.0 -9999.0
 -9999.0 -9999.0 -9999.0 -9999.0 -9999.0 -9999.0 -9999.0 -9999.0 -9999.0 -9999.0 -9999.0     1.0     0.5     2.6     1.6     0.0     0.1     1.5     1.6     0.9     2.6     1.8     2.2     2.7     3.8     4.1     3.6     3.3     2.8     3.0     2.9     2.5     1.7     2.1     1.6     1.1     0.8     0.5     0.3     0.2     0.2     0.3     0.9     2.3     4.6     7.3     8.6     7.2     4.6     1.4     1.0     1.8     1.1     1.4     2.3     3.1     2.8     3.4     4.4     5.9     7.6    10.1     6.2     5.3     5.4     2.2     4.6     5.9     6.2     5.8     4.9     4.5     4.9     4.9     5.9     3.8     5.3     5.9     7.8     6.9     6.2     7.0     8.0     8.9     9.5    11.2    13.9    17.1    17.9    17.7    18.1    20.6    23.5    22.3    22.6    22.1    19.9    18.3    18.1    17.3    15.6 -9999.0 -9999.0 -9999.0 -9999.0 -9999.0 -9999.0 -9999.0 -9999.0 -9999.0 -9999.0 -9999.0 -9999.0 -9999.0 -9999.0 -9999.0 -9999.0 -9999.0 -9999.0 -9999.0 -9999.0 -9999.0 -9999.0 -9999.0 -9999.0 -9999.0 -9999.0 -9999.0
 -9999.0 -9999.0 -9999.0 -9999.0 -9999.0 -9999.0 -9999.0 -9999.0 -9999.0 -9999.0 -9999.0 -9999.0     6.5     1.9     4.5     3.1     3.0     0.7     2.0     2.1     0.9     1.0     3.1     2.4     3.4     1.9     2.3     1.1     2.5     2.2     2.0     1.0     1.6     1.4     0.8     0.4     0.2     0.1     0.1     0.1     0.1     0.3     1.6     1.9     4.9     7.9     8.6     6.4     2.7     1.2     0.9     0.5     2.7     3.2     2.4     4.1     3.8     4.0     5.0     5.2     5.6     6.2    14.0     3.9     1.1     2.6     4.3     5.6     5.8     6.1     6.7     6.3     7.0     7.9    23.0     9.2    18.6     5.9     8.1     9.1     9.1    10.1    10.1    11.5    14.0    16.8    22.3    30.9    25.6    23.6    22.8    24.2    23.4    21.7    22.0    21.3    19.6    18.7    18.9    18.4    16.8 -9999.0 -9999.0 -9999.0 -9999.0 -9999.0 -9999.0 -9999.0 -9999.0 -9999.0 -9999.0 -9999.0 -9999.0 -9999.0 -9999.0 -9999.0 -9999.0 -9999.0 -9999.0 -9999.0 -9999.0 -9999.0 -9999.0 -9999.0 -9999.0 -9999.0 -9999.0 -9999.0
 -9999.0 -9999.0 -9999.0 -9999.0 -9999.0 -9999.0 -9999.0 -9999.0 -9999.0 -9999.0 -9999.0 -9999.0     6.2     1.6     2.0     5.1     4.0     4.7     2.7     2.3     0.8     3.2     2.3     2.0     4.3     3.2     2.9     2.6     1.3     1.9     0.6     0.7     0.5     0.5     0.2     0.0     0.0     0.0     0.0     0.1     0.2     1.4     3.2     4.5     5.4     7.2     7.7     5.2     3.5     1.6     0.7     1.3     1.0     0.7     2.2     2.8     3.8     4.1     5.1     8.3     8.4    18.4    10.2     1.1     1.2     1.9     3.7     4.3     4.3     4.9     7.0     9.5     8.6    12.1     8.0     7.4     6.9     7.4    10.4     9.7    11.3    13.4    14.8    16.5    20.5    26.5    33.3    40.3    38.1    28.7    25.6    27.5    24.3    20.9    22.2    25.5    24.0    24.5    23.4    20.8    18.4    15.9    13.2 -9999.0 -9999.0 -9999.0 -9999.0 -9999.0 -9999.0 -9999.0 -9999.0 -9999.0 -9999.0 -9999.0 -9999.0 -9999.0 -9999.0 -9999.0 -9999.0 -9999.0 -9999.0 -9999.0 -9999.0 -9999.0 -9999.0 -9999.0 -9999.0 -9999.0
 -9999.0 -9999.0 -9999.0 -9999.0 -9999.0 -9999.0 -9999.0 -9999.0 -9999.0 -9999.0 -9999.0 -9999.0 -9999.0    15.7     4.6     8.0     3.6     7.6     6.8     5.4     2.1     2.4     2.2     3.0     6.4     3.8     2.5     2.5     1.2     0.0     0.1     0.1     0.1     0.1     0.0     0.0     0.0     0.0     0.0     0.4     1.0     2.4     4.1     5.7     8.5     7.5     6.9     4.5     2.5     1.3     1.3     0.7     1.1     2.1     2.9     2.5     2.2     3.2     5.7     3.6     9.6     1.8     1.4     2.1     0.6     0.7     1.8     2.3     2.4     4.2     7.5     9.7    10.6     8.9     8.1     9.8    17.2    11.4    12.4    13.1    16.5    20.1    23.3    27.2    33.1    40.1    43.4    41.1    35.0    26.0    26.6    29.2    28.4    26.4    25.9    27.3    30.0    31.4    27.0    22.6    19.5    16.9    14.0 -9999.0 -9999.0 -9999.0 -9999.0 -9999.0 -9999.0 -9999.0 -9999.0 -9999.0 -9999.0 -9999.0 -9999.0 -9999.0 -9999.0 -9999.0 -9999.0 -9999.0 -9999.0 -9999.0 -9999.0 -9999.0 -9999.0 -9999.0 -9999.0 -9999.0
 -9999.0 -9999.0 -9999.0 -9999.0 -9999.0 -9999.0 -9999.0 -9999.0 -9999.0 -9999.0 -9999.0 -9999.0 -9999.0 -9999.0    46.6    11.5    12.2     9.1    10.4    11.7     5.7     7.9     8.0     6.2     4.3     3.4     0.5     0.6     0.0     0.1     0.0     0.0     0.0     0.0     0.0     0.0     0.0     0.0     0.2     0.9     2.2     4.0     5.5     6.1     5.1     5.4     5.7     4.2     2.6     1.7     1.0     2.6     1.3     1.6     0.2     1.7     2.2     1.5     7.7    12.1     3.2     1.5     6.6     1.9     0.2     0.1     0.7     1.5     2.0     4.7     8.1     9.3     7.7     7.8     9.9    16.5    20.7    28.1    20.8    23.4    27.9    31.8    35.5    39.5    43.5    45.0    42.0    37.0    30.7    27.2    30.4    39.0    35.9    36.2    30.6    26.4    31.4    32.8    27.3    22.8    19.8    17.0    14.0 -9999.0 -9999.0 -9999.0 -9999.0 -9999.0 -9999.0 -9999.0 -9999.0 -9999.0 -9999.0 -9999.0 -9999.0 -9999.0 -9999.0 -9999.0 -9999.0 -9999.0 -9999.0 -9999.0 -9999.0 -9999.0 -9999.0 -9999.0 -9999.0 -9999.0
 -9999.0 -9999.0 -9999.0 -9999.0 -9999.0 -9999.0 -9999.0 -9999.0 -9999.0 -9999.0 -9999.0 -9999.0 -9999.0 -9999.0 -9999.0 -9999.0 -9999.0    52.6    32.1    31.7    24.5    10.9    15.5    13.4     6.1     4.7     0.7     0.5     0.4     0.0     0.0     0.0     0.0     0.0     0.0     0.0     0.0     0.2     0.5     1.6     3.0     5.0     5.4     4.8     2.2     3.5     8.5     4.9     2.2     1.7     0.9     1.0     0.3     2.6     2.9     3.0     1.8     6.3     9.7    14.8     0.8     3.1     4.4     1.1     0.1     0.2     1.2     2.3     3.8     6.9     9.9     8.3     8.6     8.0    13.1    21.2    25.7    27.7    30.6    34.6    38.2    42.2    44.5    44.6    43.4    37.5    30.6    27.7    27.6    30.1    37.8    43.2    34.5    29.1    28.5    31.5    29.0    32.4    31.5    26.6    21.3    16.6    13.3 -9999.0 -9999.0 -9999.0 -9999.0 -9999.0 -9999.0 -9999.0 -9999.0 -9999.0 -9999.0 -9999.0 -9999.0 -9999.0 -9999.0 -9999.0 -9999.0 -9999.0 -9999.0 -9999.0 -9999.0 -9999.0 -9999.0 -9999.0 -9999.0 -9999.0
 -9999.0 -9999.0 -9999.0 -9999.0 -9999.0 -9999.0 -9999.0 -9999.0 -9999.0 -9999.0 -9999.0 -9999.0 -9999.0 -9999.0 -9999.0 -9999.0 -9999.0 -9999.0 -9999.0 -9999.0    54.5    24.6    16.9     7.7     9.6    13.4     7.8     3.3     0.5     0.2     0.0     0.0     0.0     0.0     0.0     0.0     0.0     0.1     0.5     0.5     0.5     4.8     5.5     4.3     0.6     2.6     8.8     2.3     4.5    14.9     1.6     5.6     5.7     2.1     3.4     5.3     6.2     6.3    16.5    16.9     1.0     1.4     2.3     0.5     0.5     2.1     5.0     5.5     7.1     8.9     8.6     7.5     6.7     8.7    16.3    22.9    25.8    29.6    36.7    40.7    42.3    43.5    42.3    38.2    32.7    25.0    19.5    20.5    25.0    31.1    38.1    39.5    38.2    35.1    25.2    25.9    27.4    28.3    28.0    21.5    18.4    14.9 -9999.0 -9999.0 -9999.0 -9999.0 -9999.0 -9999.0 -9999.0 -9999.0 -9999.0 -9999.0 -9999.0 -9999.0 -9999.0 -9999.0 -9999.0 -9999.0 -9999.0 -9999.0 -9999.0 -9999.0 -9999.0 -9999.0 -9999.0 -9999.0 -9999.0 -9999.0
 -9999.0 -9999.0 -9999.0 -9999.0 -9999.0 -9999.0 -9999.0 -9999.0 -9999.0 -9999.0 -9999.0 -9999.0 -9999.0 -9999.0 -9999.0 -9999.0 -9999.0 -9999.0 -9999.0 -9999.0 -9999.0 -9999.0    18.9    51.1    22.4    18.6    12.4     5.2     0.4     0.2     0.0     0.0     0.0     0.0     0.0     0.0     0.1     0.3     1.3     2.7     3.1     5.0     1.9     0.3     0.1     7.1     1.4     1.5     2.0     2.0     1.0     5.1     2.9     5.2     3.4     0.5     6.1    12.1     4.0    19.0     2.4     4.1     4.3     1.4     1.9     6.5    11.6    10.4     9.9    10.4    10.3     6.7     5.6     9.5    16.5    22.0    24.0    27.6    35.2    40.1    40.5    35.1    30.2    26.2    22.1    18.8    15.8    17.8    24.0    30.4    33.9    33.0    27.9    24.0    20.7    19.9    19.2    19.4    16.2    15.2    13.7 -9999.0 -9999.0 -9999.0 -9999.0 -9999.0 -9999.0 -9999.0 -9999.0 -9999.0 -9999.0 -9999.0 -9999.0 -9999.0 -9999.0 -9999.0 -9999.0 -9999.0 -9999.0 -9999.0 -9999.0 -9999.0 -9999.0 -9999.0 -9999.0 -9999.0 -9999.0 -9999.0
 -9999.0 -9999.0 -9999.0 -9999.0 -9999.0 -9999.0 -9999.0 -9999.0 -9999.0 -9999.0 -9999.0 -9999.0 -9999.0 -9999.0 -9999.0 -9999.0 -9999.0 -9999.0 -9999.0 -9999.0 -9999.0 -9999.0 -9999.0 -9999.0    90.2    70.3    31.8     1.9     0.7     0.0     0.0     0.0     0.0     0.0     0.1     0.2     1.1     0.9     2.8     2.0     5.2     1.6     0.0     0.0     1.2     6.6     3.5    17.0     1.5     1.4     5.1     4.5     8.0     8.2     2.1     1.1     5.4     5.5    15.9    18.3    14.6     9.8    25.8     3.5     4.6     9.5    13.3    13.4    16.3    17.8    12.6     7.5     5.7     8.0    12.2    19.0    23.0    24.0    24.5    29.1    28.3    22.2    18.7    17.7    16.4    16.1    16.1    18.8    23.1    26.6    25.4    22.0    18.5    17.7    13.7    13.0    10.3     9.7     8.5     8.4     7.8 -9999.0 -9999.0 -9999.0 -9999.0 -9999.0 -9999.0 -9999.0 -9999.0 -9999.0 -9999.0 -9999.0 -9999.0 -9999.0 -9999.0 -9999.0 -9999.0 -9999.0 -9999.0 -9999.0 -9999.0 -9999.0 -9999.0 -9999.0 -9999.0 -9999.0 -9999.0 -9999.0
 -9999.0 -9999.0 -9999.0 -9999.0 -9999.0 -9999.0 -9999.0 -9999.0 -9999.0 -9999.0 -9999.0 -9999.0 -9999.0 -9999.0 -9999.0 -9999.0 -9999.0 -9999.0 -9999.0 -9999.0 -9999.0 -9999.0 -9999.0 -9999.0 -9999.0    96.9    74.9    66.4    51.9    12.3     5.2     2.5     0.1     1.7     0.4     2.3     1.0     1.0     0.1     1.0     2.9     0.0     0.0     0.6     2.0     5.9    12.1    17.2    22.0     6.3    21.1    23.5     5.5     4.4     2.4     3.5     0.7     1.0    12.3     8.3     2.2    12.6     5.2     5.1     8.1     9.1    13.5    17.0    19.9    20.8    16.1    12.0     7.1     6.4    10.9    17.4    15.5    17.0    20.4    19.3    16.3    14.5    13.8    14.8    16.8    17.0    17.3    16.2    20.2    19.7    15.4    16.0    11.9    10.6    10.7     8.8     6.5     5.5     4.5     3.9 -9999.0 -9999.0 -9999.0 -9999.0 -9999.0 -9999.0 -9999.0 -9999.0 -9999.0 -9999.0 -9999.0 -9999.0 -9999.0 -9999.0 -9999.0 -9999.0 -9999.0 -9999.0 -9999.0 -9999.0 -9999.0 -9999.0 -9999.0 -9999.0 -9999.0 -9999.0 -9999.0 -9999.0
 -9999.0 -9999.0 -9999.0 -9999.0 -9999.0 -9999.0 -9999.0 -9999.0 -9999.0 -9999.0 -9999.0 -9999.0 -9999.0 -9999.0 -9999.0 -9999.0 -9999.0 -9999.0 -9999.0 -9999.0 -9999.0 -9999.0 -9999.0 -9999.0 -9999.0 -9999.0 -9999.0    89.3    73.7    45.1    45.1    30.0    21.2     9.5     2.3     2.3 -9999.0     0.9     0.3     0.3     0.0     0.0     0.0     1.3     4.0     6.2     9.3 -9999.0 -9999.0    14.7    24.5    26.7     7.7     5.4     1.3     0.5     0.7     0.2     2.1     1.7     4.3    10.9     6.3     5.4     5.9     8.8    12.9    17.7    22.1    20.5    14.9    12.3     8.0     6.0     8.0    16.4    12.6    16.1    16.9    15.4    15.1    15.4    15.7    17.4    16.9    18.2    17.8    16.1    14.2    14.6    11.9    10.8     9.3     9.7     9.1     8.8     7.7     4.9     2.7     1.6 -9999.0 -9999.0 -9999.0 -9999.0 -9999.0 -9999.0 -9999.0 -9999.0 -9999.0 -9999.0 -9999.0 -9999.0 -9999.0 -9999.0 -9999.0 -9999.0 -9999.0 -9999.0 -9999.0 -9999.0 -9999.0 -9999.0 -9999.0 -9999.0 -9999.0 -9999.0 -9999.0 -9999.0
 -9999.0 -9999.0 -9999.0 -9999.0 -9999.0 -9999.0 -9999.0 -9999.0 -9999.0 -9999.0 -9999.0 -9999.0 -9999.0 -9999.0 -9999.0 -9999.0 -9999.0 -9999.0 -9999.0 -9999.0 -9999.0 -9999.0 -9999.0 -9999.0 -9999.0 -9999.0 -9999.0 -9999.0 -9999.0 -9999.0 -9999.0 -9999.0 -9999.0    26.3    18.2 -9999.0 -9999.0 -9999.0 -9999.0     2.7     1.8     1.6     1.8     2.3     3.1 -9999.0 -9999.0 -9999.0 -9999.0 -9999.0 -9999.0 -9999.0     5.0     5.3     2.1     1.0     1.0     0.7     0.7     1.3     3.0     7.5     9.1     5.0     5.9     8.2    12.2    14.5    17.0    19.2    16.1    11.4     7.4     7.8    13.2    16.5    15.5    18.9    16.9    22.1    20.3    21.7    21.7    15.6    18.3    18.8    14.7    11.6    12.7    12.4    11.0    10.4    10.6    10.4     8.9    10.8     8.0     3.7     1.3 -9999.0 -9999.0 -9999.0 -9999.0 -9999.0 -9999.0 -9999.0 -9999.0 -9999.0 -9999.0 -9999.0 -9999.0 -9999.0 -9999.0 -9999.0 -9999.0 -9999.0 -9999.0 -9999.0 -9999.0 -9999.0 -9999.0 -9999.0 -9999.0 -9999.0 -9999.0 -9999.0 -9999.0 -9999.0
 -9999.0 -9999.0 -9999.0 -9999.0 -9999.0 -9999.0 -9999.0 -9999.0 -9999.0 -9999.0 -9999.0 -9999.0 -9999.0 -9999.0 -9999.0 -9999.0 -9999.0 -9999.0 -9999.0 -9999.0 -9999.0 -9999.0 -9999.0 -9999.0 -9999.0 -9999.0 -9999.0 -9999.0 -9999.0 -9999.0 -9999.0 -9999.0 -9999.0 -9999.0 -9999.0 -9999.0 -9999.0 -9999.0 -9999.0     3.6     2.6     1.8     1.4     2.1 -9999.0 -9999.0 -9999.0 -9999.0 -9999.0 -9999.0 -9999.0 -9999.0     7.3     5.0     2.3     3.5     3.3     3.0     2.9     3.7     5.0     7.1    15.2     5.1     5.3     7.8    10.9    11.4    11.4    11.6    10.9    10.6    14.7    12.8    15.8    19.2    17.4    22.9    28.4    26.6    22.3    21.5    22.6    13.5    15.4    15.5    13.7    11.4    10.3    10.4    10.5    12.1    11.1     9.1     6.4     5.5     3.2     1.0 -9999.0 -9999.0 -9999.0 -9999.0 -9999.0 -9999.0 -9999.0 -9999.0 -9999.0 -9999.0 -9999.0 -9999.0 -9999.0 -9999.0 -9999.0 -9999.0 -9999.0 -9999.0 -9999.0 -9999.0 -9999.0 -9999.0 -9999.0 -9999.0 -9999.0 -9999.0 -9999.0 -9999.0 -9999.0 -9999.0
 -9999.0 -9999.0 -9999.0 -9999.0 -9999.0 -9999.0 -9999.0 -9999.0 -9999.0 -9999.0 -9999.0 -9999.0 -9999.0 -9999.0 -9999.0 -9999.0 -9999.0 -9999.0 -9999.0 -9999.0 -9999.0 -9999.0 -9999.0 -9999.0 -9999.0 -9999.0 -9999.0 -9999.0 -9999.0 -9999.0 -9999.0 -9999.0 -9999.0 -9999.0 -9999.0 -9999.0 -9999.0 -9999.0 -9999.0 -9999.0 -9999.0 -9999.0 -9999.0 -9999.0 -9999.0 -9999.0 -9999.0 -9999.0 -9999.0 -9999.0 -9999.0     5.2     3.2     3.6     0.6     2.4     3.8     5.0     5.3     5.7     6.7     7.6     6.8     5.6     7.0    11.3    12.7     8.3     8.2     6.8     7.6    10.6    13.0    15.9    18.8    19.5    17.8    23.5    18.9    17.8    19.8    16.6     3.2    10.3    15.9    16.6     7.6    10.4     8.8     8.8     9.1     9.7     9.0     3.5     1.3     0.4     0.1     0.0 -9999.0 -9999.0 -9999.0 -9999.0 -9999.0 -9999.0 -9999.0 -9999.0 -9999.0 -9999.0 -9999.0 -9999.0 -9999.0 -9999.0 -9999.0 -9999.0 -9999.0 -9999.0 -9999.0 -9999.0 -9999.0 -9999.0 -9999.0 -9999.0 -9999.0 -9999.0 -9999.0 -9999.0 -9999.0 -9999.0
 -9999.0 -9999.0 -9999.0 -9999.0 -9999.0 -9999.0 -9999.0 -9999.0 -9999.0 -9999.0 -9999.0 -9999.0 -9999.0 -9999.0 -9999.0 -9999.0 -9999.0 -9999.0 -9999.0 -9999.0 -9999.0 -9999.0 -9999.0 -9999.0 -9999.0 -9999.0 -9999.0 -9999.0 -9999.0 -9999.0 -9999.0 -9999.0 -9999.0 -9999.0 -9999.0 -9999.0 -9999.0 -9999.0 -9999.0 -9999.0 -9999.0 -9999.0 -9999.0 -9999.0 -9999.0 -9999.0 -9999.0 -9999.0 -9999.0 -9999.0     3.5     4.6     3.8     2.7     0.8     1.5     2.2     3.6     4.0     3.7     6.2     6.3     8.2     8.8    13.3    17.6    15.3     9.3     8.5     6.5     8.9    12.3    17.0    20.7    20.2    17.6    17.1    11.8    14.1    10.9     7.9     8.1     4.8     7.3     6.2    10.9     6.0     8.2     7.0     6.4     5.8     5.6     3.1     1.0     0.0     0.0     0.0 -9999.0 -9999.0 -9999.0 -9999.0 -9999.0 -9999.0 -9999.0 -9999.0 -9999.0 -9999.0 -9999.0 -9999.0 -9999.0 -9999.0 -9999.0 -9999.0 -9999.0 -9999.0 -9999.0 -9999.0 -9999.0 -9999.0 -9999.0 -9999.0 -9999.0 -9999.0 -9999.0 -9999.0 -9999.0 -9999.0 -9999.0
 -9999.0 -9999.0 -9999.0 -9999.0 -9999.0 -9999.0 -9999.0 -9999.0 -9999.0 -9999.0 -9999.0 -9999.0 -9999.0 -9999.0 -9999.0 -9999.0 -9999.0 -9999.0 -9999.0 -9999.0 -9999.0 -9999.0 -9999.0 -9999.0 -9999.0 -9999.0 -9999.0 -9999.0 -9999.0 -9999.0 -9999.0 -9999.0 -9999.0 -9999.0 -9999.0 -9999.0 -9999.0 -9999.0 -9999.0 -9999.0 -9999.0 -9999.0 -9999.0 -9999.0 -9999.0 -9999.0 -9999.0 -9999.0 -9999.0 -9999.0     2.2     6.4     2.3     2.2     1.1     0.5     1.3     1.1     0.9     1.5     4.6     8.9    12.5    14.3    17.6    16.5    13.6     8.3     7.5     7.4    10.8    16.3    20.1    18.5    14.2    11.3     9.2     6.8     5.5     3.5     4.2     1.4     1.7     3.0     2.0     3.6     2.9     2.8     3.8     3.7     2.5     0.9     0.3     0.1     0.0     0.0     0.0 -9999.0 -9999.0 -9999.0 -9999.0 -9999.0 -9999.0 -9999.0 -9999.0 -9999.0 -9999.0 -9999.0 -9999.0 -9999.0 -9999.0 -9999.0 -9999.0 -9999.0 -9999.0 -9999.0 -9999.0 -9999.0 -9999.0 -9999.0 -9999.0 -9999.0 -9999.0 -9999.0 -9999.0 -9999.0 -9999.0 -9999.0
 -9999.0 -9999.0 -9999.0 -9999.0 -9999.0 -9999.0 -9999.0 -9999.0 -9999.0 -9999.0 -9999.0 -9999.0 -9999.0 -9999.0 -9999.0 -9999.0 -9999.0 -9999.0 -9999.0 -9999.0 -9999.0 -9999.0 -9999.0 -9999.0 -9999.0 -9999.0 -9999.0 -9999.0 -9999.0 -9999.0 -9999.0 -9999.0 -9999.0 -9999.0 -9999.0 -9999.0 -9999.0 -9999.0 -9999.0 -9999.0 -9999.0 -9999.0 -9999.0 -9999.0 -9999.0 -9999.0 -9999.0 -9999.0 -9999.0 -9999.0     1.6     2.9     1.7     3.3     0.7     0.3     0.2     0.4     0.2     2.4     3.9    10.6    15.2    14.1    14.1    12.8    10.3     7.8     7.0    10.2    11.6    19.4    15.9    12.8     5.7     5.6     4.9     2.1     1.1     1.6     0.5     1.2     1.6     1.2     0.2     0.7     0.5     0.5     0.8     1.3     0.6     0.1     0.0     0.0     0.0     0.0 -9999.0 -9999.0 -9999.0 -9999.0 -9999.0 -9999.0 -9999.0 -9999.0 -9999.0 -9999.0 -9999.0 -9999.0 -9999.0 -9999.0 -9999.0 -9999.0 -9999.0 -9999.0 -9999.0 -9999.0 -9999.0 -9999.0 -9999.0 -9999.0 -9999.0 -9999.0 -9999.0 -9999.0 -9999.0 -9999.0 -9999.0 -9999.0
 -9999.0 -9999.0 -9999.0 -9999.0 -9999.0 -9999.0 -9999.0 -9999.0 -9999.0 -9999.0 -9999.0 -9999.0 -9999.0 -9999.0 -9999.0 -9999.0 -9999.0 -9999.0 -9999.0 -9999.0 -9999.0 -9999.0 -9999.0 -9999.0 -9999.0 -9999.0 -9999.0 -9999.0 -9999.0 -9999.0 -9999.0 -9999.0 -9999.0 -9999.0 -9999.0 -9999.0 -9999.0 -9999.0 -9999.0 -9999.0 -9999.0 -9999.0 -9999.0 -9999.0 -9999.0 -9999.0 -9999.0 -9999.0 -9999.0 -9999.0     5.2     7.4     4.6     3.3     1.2     0.2     0.3     0.4     1.7     7.7     4.8     9.8     8.6    11.9    11.4    10.0     9.4     8.1     9.2     6.1    11.0    12.7    10.9     5.5     1.4     3.4     3.4     1.3     0.2     0.2     0.3     0.1     0.6     0.3     0.3     0.1     0.0     0.0     0.0     0.2     0.2     0.0     0.0     0.0 -9999.0 -9999.0 -9999.0 -9999.0 -9999.0 -9999.0 -9999.0 -9999.0 -9999.0 -9999.0 -9999.0 -9999.0 -9999.0 -9999.0 -9999.0 -9999.0 -9999.0 -9999.0 -9999.0 -9999.0 -9999.0 -9999.0 -9999.0 -9999.0 -9999.0 -9999.0 -9999.0 -9999.0 -9999.0 -9999.0 -9999.0 -9999.0 -9999.0 -9999.0
 -9999.0 -9999.0 -9999.0 -9999.0 -9999.0 -9999.0 -9999.0 -9999.0 -9999.0 -9999.0 -9999.0 -9999.0 -9999.0 -9999.0 -9999.0 -9999.0 -9999.0 -9999.0 -9999.0 -9999.0 -9999.0 -9999.0 -9999.0 -9999.0 -9999.0 -9999.0 -9999.0 -9999.0 -9999.0 -9999.0 -9999.0 -9999.0 -9999.0 -9999.0 -9999.0 -9999.0 -9999.0 -9999.0 -9999.0 -9999.0 -9999.0 -9999.0 -9999.0 -9999.0 -9999.0 -9999.0 -9999.0 -9999.0 -9999.0 -9999.0    11.9     3.2     6.5     3.3     1.4     0.3     0.1     0.2     6.6    14.2     1.5     9.9    12.1    11.5    10.5     9.1     9.1     6.7     7.4     8.3     7.9     5.5     3.2     1.3     1.1     2.6     3.2     1.3     0.3     0.1     0.1     0.1     0.2     0.2     0.1     0.0     0.0     0.0     0.1     0.1     0.1     0.0     0.0 -9999.0 -9999.0 -9999.0 -9999.0 -9999.0 -9999.0 -9999.0 -9999.0 -9999.0 -9999.0 -9999.0 -9999.0 -9999.0 -9999.0 -9999.0 -9999.0 -9999.0 -9999.0 -9999.0 -9999.0 -9999.0 -9999.0 -9999.0 -9999.0 -9999.0 -9999.0 -9999.0 -9999.0 -9999.0 -9999.0 -9999.0 -9999.0 -9999.0 -9999.0 -9999.0
 -9999.0 -9999.0 -9999.0 -9999.0 -9999.0 -9999.0 -9999.0 -9999.0 -9999.0 -9999.0 -9999.0 -9999.0 -9999.0 -9999.0 -9999.0 -9999.0 -9999.0 -9999.0 -9999.0 -9999.0 -9999.0 -9999.0 -9999.0 -9999.0 -9999.0 -9999.0 -9999.0 -9999.0 -9999.0 -9999.0 -9999.0 -9999.0 -9999.0 -9999.0 -9999.0 -9999.0 -9999.0 -9999.0 -9999.0 -9999.0 -9999.0 -9999.0 -9999.0 -9999.0 -9999.0 -9999.0 -9999.0 -9999.0 -9999.0 -9999.0 -9999.0 -9999.0 -9999.0     3.2     0.9     0.3     0.0     0.2     4.3     4.7    15.2    15.7    11.1    13.5    12.0    10.3     7.4     8.4     5.1     4.2     2.0     1.1     1.3     1.3     1.5     1.8     1.3     0.6     0.2     0.1     0.1     0.1     0.1     0.1     0.1     0.1     0.1     0.2     0.2     0.1     0.1     0.0 -9999.0 -9999.0 -9999.0 -9999.0 -9999.0 -9999.0 -9999.0 -9999.0 -9999.0 -9999.0 -9999.0 -9999.0 -9999.0 -9999.0 -9999.0 -9999.0 -9999.0 -9999.0 -9999.0 -9999.0 -9999.0 -9999.0 -9999.0 -9999.0 -9999.0 -9999.0 -9999.0 -9999.0 -9999.0 -9999.0 -9999.0 -9999.0 -9999.0 -9999.0 -9999.0 -9999.0
 -9999.0 -9999.0 -9999.0 -9999.0 -9999.0 -9999.0 -9999.0 -9999.0 -9999.0 -9999.0 -9999.0 -9999.0 -9999.0 -9999.0 -9999.0 -9999.0 -9999.0 -9999.0 -9999.0 -9999.0 -9999.0 -9999.0 -9999.0 -9999.0 -9999.0 -9999.0 -9999.0 -9999.0 -9999.0 -9999.0 -9999.0 -9999.0 -9999.0 -9999.0 -9999.0 -9999.0 -9999.0 -9999.0 -9999.0 -9999.0 -9999.0 -9999.0 -9999.0 -9999.0 -9999.0 -9999.0 -9999.0 -9999.0 -9999.0 -9999.0 -9999.0 -9999.0 -9999.0     3.1     0.3     0.3     0.1     0.3     3.9    14.3    15.1    17.4    13.2    14.6    14.6    11.9 -9999.0     8.2     6.6     2.6     0.9     1.3     2.6     3.2     2.5     1.3     0.5     0.2     0.2     0.4     0.3     0.1     0.0     0.1     0.2     0.3     0.4     0.4     0.4     0.2 -9999.0 -9999.0 -9999.0 -9999.0 -9999.0 -9999.0 -9999.0 -9999.0 -9999.0 -9999.0 -9999.0 -9999.0 -9999.0 -9999.0 -9999.0 -9999.0 -9999.0 -9999.0 -9999.0 -9999.0 -9999.0 -9999.0 -9999.0 -9999.0 -9999.0 -9999.0 -9999.0 -9999.0 -9999.0 -9999.0 -9999.0 -9999.0 -9999.0 -9999.0 -9999.0 -9999.0 -9999.0 -9999.0
 -9999.0 -9999.0 -9999.0 -9999.0 -9999.0 -9999.0 -9999.0 -9999.0 -9999.0 -9999.0 -9999.0 -9999.0 -9999.0 -9999.0 -9999.0 -9999.0 -9999.0 -9999.0 -9999.0 -9999.0 -9999.0 -9999.0 -9999.0 -9999.0 -9999.0 -9999.0 -9999.0 -9999.0 -9999.0 -9999.0 -9999.0 -9999.0 -9999.0 -9999.0 -9999.0 -9999.0 -9999.0 -9999.0 -9999.0 -9999.0 -9999.0 -9999.0 -9999.0 -9999.0 -9999.0 -9999.0 -9999.0 -9999.0 -9999.0 -9999.0 -9999.0 -9999.0 -9999.0     4.4     1.5     0.6     0.2     0.5     3.7     8.3    16.9    19.2    20.6 -9999.0 -9999.0 -9999.0 -9999.0 -9999.0     5.9     4.4     4.2     2.7     3.9     3.8     1.8     0.6     0.2     0.1     0.3     0.8     0.6     0.1     0.1     0.1     0.3     0.5 -9999.0 -9999.0 -9999.0 -9999.0 -9999.0 -9999.0 -9999.0 -9999.0 -9999.0 -9999.0 -9999.0 -9999.0 -9999.0 -9999.0 -9999.0 -9999.0 -9999.0 -9999.0 -9999.0 -9999.0 -9999.0 -9999.0 -9999.0 -9999.0 -9999.0 -9999.0 -9999.0 -9999.0 -9999.0 -9999.0 -9999.0 -9999.0 -9999.0 -9999.0 -9999.0 -9999.0 -9999.0 -9999.0 -9999.0 -9999.0 -9999.0 -9999.0
 -9999.0 -9999.0 -9999.0 -9999.0 -9999.0 -9999.0 -9999.0 -9999.0 -9999.0 -9999.0 -9999.0 -9999.0 -9999.0 -9999.0 -9999.0 -9999.0 -9999.0 -9999.0 -9999.0 -9999.0 -9999.0 -9999.0 -9999.0 -9999.0 -9999.0 -9999.0 -9999.0 -9999.0 -9999.0 -9999.0 -9999.0 -9999.0 -9999.0 -9999.0 -9999.0 -9999.0 -9999.0 -9999.0 -9999.0 -9999.0 -9999.0 -9999.0 -9999.0 -9999.0 -9999.0 -9999.0 -9999.0 -9999.0 -9999.0 -9999.0 -9999.0 -9999.0 -9999.0 -9999.0 -9999.0     1.0     1.7     1.5     3.4     8.5    14.1 -9999.0 -9999.0 -9999.0 -9999.0 -9999.0 -9999.0 -9999.0 -9999.0     4.7     3.7     2.6     2.3     1.1     0.2     0.1     0.1     0.1     0.3     0.7     0.6     0.2     0.1     0.2     0.4 -9999.0 -9999.0 -9999.0 -9999.0 -9999.0 -9999.0 -9999.0 -9999.0 -9999.0 -9999.0 -9999.0 -9999.0 -9999.0 -9999.0 -9999.0 -9999.0 -9999.0 -9999.0 -9999.0 -9999.0 -9999.0 -9999.0 -9999.0 -9999.0 -9999.0 -9999.0 -9999.0 -9999.0 -9999.0 -9999.0 -9999.0 -9999.0 -9999.0 -9999.0 -9999.0 -9999.0 -9999.0 -9999.0 -9999.0 -9999.0 -9999.0 -9999.0 -9999.0
 -9999.0 -9999.0 -9999.0 -9999.0 -9999.0 -9999.0 -9999.0 -9999.0 -9999.0 -9999.0 -9999.0 -9999.0 -9999.0 -9999.0 -9999.0 -9999.0 -9999.0 -9999.0 -9999.0 -9999.0 -9999.0 -9999.0 -9999.0 -9999.0 -9999.0 -9999.0 -9999.0 -9999.0 -9999.0 -9999.0 -9999.0 -9999.0 -9999.0 -9999.0 -9999.0 -9999.0 -9999.0 -9999.0 -9999.0 -9999.0 -9999.0 -9999.0 -9999.0 -9999.0 -9999.0 -9999.0 -9999.0 -9999.0 -9999.0 -9999.0 -9999.0 -9999.0 -9999.0 -9999.0 -9999.0 -9999.0     0.2     1.9     4.3     7.2    12.1 -9999.0 -9999.0 -9999.0 -9999.0 -9999.0 -9999.0 -9999.0 -9999.0 -9999.0 -9999.0 -9999.0     0.6     0.1     0.0     0.0     0.1     0.1     0.4 -9999.0 -9999.0 -9999.0 -9999.0 -9999.0 -9999.0 -9999.0 -9999.0 -9999.0 -9999.0 -9999.0 -9999.0 -9999.0 -9999.0 -9999.0 -9999.0 -9999.0 -9999.0 -9999.0 -9999.0 -9999.0 -9999.0 -9999.0 -9999.0 -9999.0 -9999.0 -9999.0 -9999.0 -9999.0 -9999.0 -9999.0 -9999.0 -9999.0 -9999.0 -9999.0 -9999.0 -9999.0 -9999.0 -9999.0 -9999.0 -9999.0 -9999.0 -9999.0 -9999.0 -9999.0 -9999.0 -9999.0 -9999.0 -9999.0
 -9999.0 -9999.0 -9999.0 -9999.0 -9999.0 -9999.0 -9999.0 -9999.0 -9999.0 -9999.0 -9999.0 -9999.0 -9999.0 -9999.0 -9999.0 -9999.0 -9999.0 -9999.0 -9999.0 -9999.0 -9999.0 -9999.0 -9999.0 -9999.0 -9999.0 -9999.0 -9999.0 -9999.0 -9999.0 -9999.0 -9999.0 -9999.0 -9999.0 -9999.0 -9999.0 -9999.0 -9999.0 -9999.0 -9999.0 -9999.0 -9999.0 -9999.0 -9999.0 -9999.0 -9999.0 -9999.0 -9999.0 -9999.0 -9999.0 -9999.0 -9999.0 -9999.0 -9999.0 -9999.0 -9999.0 -9999.0 -9999.0 -9999.0 -9999.0 -9999.0 -9999.0 -9999.0 -9999.0 -9999.0 -9999.0 -9999.0 -9999.0 -9999.0 -9999.0 -9999.0 -9999.0 -9999.0 -9999.0     0.0     0.0     0.0     0.1     0.3     0.6     0.9 -9999.0 -9999.0 -9999.0 -9999.0 -9999.0 -9999.0 -9999.0 -9999.0 -9999.0 -9999.0 -9999.0 -9999.0 -9999.0 -9999.0 -9999.0 -9999.0 -9999.0 -9999.0 -9999.0 -9999.0 -9999.0 -9999.0 -9999.0 -9999.0 -9999.0 -9999.0 -9999.0 -9999.0 -9999.0 -9999.0 -9999.0 -9999.0 -9999.0 -9999.0 -9999.0 -9999.0 -9999.0 -9999.0 -9999.0 -9999.0 -9999.0 -9999.0 -9999.0 -9999.0 -9999.0 -9999.0 -9999.0 -9999.0
 -9999.0 -9999.0 -9999.0 -9999.0 -9999.0 -9999.0 -9999.0 -9999.0 -9999.0 -9999.0 -9999.0 -9999.0 -9999.0 -9999.0 -9999.0 -9999.0 -9999.0 -9999.0 -9999.0 -9999.0 -9999.0 -9999.0 -9999.0 -9999.0 -9999.0 -9999.0 -9999.0 -9999.0 -9999.0 -9999.0 -9999.0 -9999.0 -9999.0 -9999.0 -9999.0 -9999.0 -9999.0 -9999.0 -9999.0 -9999.0 -9999.0 -9999.0 -9999.0 -9999.0 -9999.0 -9999.0 -9999.0 -9999.0 -9999.0 -9999.0 -9999.0 -9999.0 -9999.0 -9999.0 -9999.0 -9999.0 -9999.0 -9999.0 -9999.0 -9999.0 -9999.0 -9999.0 -9999.0 -9999.0 -9999.0 -9999.0 -9999.0 -9999.0 -9999.0 -9999.0 -9999.0 -9999.0     0.1     0.0     0.0     0.0     0.2     0.6     1.1     1.5 -9999.0 -9999.0 -9999.0 -9999.0 -9999.0 -9999.0 -9999.0 -9999.0 -9999.0 -9999.0 -9999.0 -9999.0 -9999.0 -9999.0 -9999.0 -9999.0 -9999.0 -9999.0 -9999.0 -9999.0 -9999.0 -9999.0 -9999.0 -9999.0 -9999.0 -9999.0 -9999.0 -9999.0 -9999.0 -9999.0 -9999.0 -9999.0 -9999.0 -9999.0 -9999.0 -9999.0 -9999.0 -9999.0 -9999.0 -9999.0 -9999.0 -9999.0 -9999.0 -9999.0 -9999.0 -9999.0 -9999.0 -9999.0
 -9999.0 -9999.0 -9999.0 -9999.0 -9999.0 -9999.0 -9999.0 -9999.0 -9999.0 -9999.0 -9999.0 -9999.0 -9999.0 -9999.0 -9999.0 -9999.0 -9999.0 -9999.0 -9999.0 -9999.0 -9999.0 -9999.0 -9999.0 -9999.0 -9999.0 -9999.0 -9999.0 -9999.0 -9999.0 -9999.0 -9999.0 -9999.0 -9999.0 -9999.0 -9999.0 -9999.0 -9999.0 -9999.0 -9999.0 -9999.0 -9999.0 -9999.0 -9999.0 -9999.0 -9999.0 -9999.0 -9999.0 -9999.0 -9999.0 -9999.0 -9999.0 -9999.0 -9999.0 -9999.0 -9999.0 -9999.0 -9999.0 -9999.0 -9999.0 -9999.0 -9999.0 -9999.0 -9999.0 -9999.0 -9999.0 -9999.0 -9999.0 -9999.0 -9999.0 -9999.0 -9999.0 -9999.0     0.3     0.2     0.6     0.6     1.1     1.5     2.2 -9999.0 -9999.0 -9999.0 -9999.0 -9999.0 -9999.0 -9999.0 -9999.0 -9999.0 -9999.0 -9999.0 -9999.0 -9999.0 -9999.0 -9999.0 -9999.0 -9999.0 -9999.0 -9999.0 -9999.0 -9999.0 -9999.0 -9999.0 -9999.0 -9999.0 -9999.0 -9999.0 -9999.0 -9999.0 -9999.0 -9999.0 -9999.0 -9999.0 -9999.0 -9999.0 -9999.0 -9999.0 -9999.0 -9999.0 -9999.0 -9999.0 -9999.0 -9999.0 -9999.0 -9999.0 -9999.0 -9999.0 -9999.0 -9999.0
 -9999.0 -9999.0 -9999.0 -9999.0 -9999.0 -9999.0 -9999.0 -9999.0 -9999.0 -9999.0 -9999.0 -9999.0 -9999.0 -9999.0 -9999.0 -9999.0 -9999.0 -9999.0 -9999.0 -9999.0 -9999.0 -9999.0 -9999.0 -9999.0 -9999.0 -9999.0 -9999.0 -9999.0 -9999.0 -9999.0 -9999.0 -9999.0 -9999.0 -9999.0 -9999.0 -9999.0 -9999.0 -9999.0 -9999.0 -9999.0 -9999.0 -9999.0 -9999.0 -9999.0 -9999.0 -9999.0 -9999.0 -9999.0 -9999.0 -9999.0 -9999.0 -9999.0 -9999.0 -9999.0 -9999.0 -9999.0 -9999.0 -9999.0 -9999.0 -9999.0 -9999.0 -9999.0 -9999.0 -9999.0 -9999.0 -9999.0 -9999.0 -9999.0 -9999.0 -9999.0 -9999.0 -9999.0     1.4     2.0     2.4     3.0     2.8     3.4     4.0 -9999.0 -9999.0 -9999.0 -9999.0 -9999.0 -9999.0 -9999.0 -9999.0 -9999.0 -9999.0 -9999.0 -9999.0 -9999.0 -9999.0 -9999.0 -9999.0 -9999.0 -9999.0 -9999.0 -9999.0 -9999.0 -9999.0 -9999.0 -9999.0 -9999.0 -9999.0 -9999.0 -9999.0 -9999.0 -9999.0 -9999.0 -9999.0 -9999.0 -9999.0 -9999.0 -9999.0 -9999.0 -9999.0 -9999.0 -9999.0 -9999.0 -9999.0 -9999.0 -9999.0 -9999.0 -9999.0 -9999.0 -9999.0 -9999.0
 -9999.0 -9999.0 -9999.0 -9999.0 -9999.0 -9999.0 -9999.0 -9999.0 -9999.0 -9999.0 -9999.0 -9999.0 -9999.0 -9999.0 -9999.0 -9999.0 -9999.0 -9999.0 -9999.0 -9999.0 -9999.0 -9999.0 -9999.0 -9999.0 -9999.0 -9999.0 -9999.0 -9999.0 -9999.0 -9999.0 -9999.0 -9999.0 -9999.0 -9999.0 -9999.0 -9999.0 -9999.0 -9999.0 -9999.0 -9999.0 -9999.0 -9999.0 -9999.0 -9999.0 -9999.0 -9999.0 -9999.0 -9999.0 -9999.0 -9999.0 -9999.0 -9999.0 -9999.0 -9999.0 -9999.0 -9999.0 -9999.0 -9999.0 -9999.0 -9999.0 -9999.0 -9999.0 -9999.0 -9999.0 -9999.0 -9999.0 -9999.0 -9999.0 -9999.0 -9999.0 -9999.0 -9999.0     3.9     4.4     5.0     5.3     5.7     6.1 -9999.0 -9999.0 -9999.0 -9999.0 -9999.0 -9999.0 -9999.0 -9999.0 -9999.0 -9999.0 -9999.0 -9999.0 -9999.0 -9999.0 -9999.0 -9999.0 -9999.0 -9999.0 -9999.0 -9999.0 -9999.0 -9999.0 -9999.0 -9999.0 -9999.0 -9999.0 -9999.0 -9999.0 -9999.0 -9999.0 -9999.0 -9999.0 -9999.0 -9999.0 -9999.0 -9999.0 -9999.0 -9999.0 -9999.0 -9999.0 -9999.0 -9999.0 -9999.0 -9999.0 -9999.0 -9999.0 -9999.0 -9999.0 -9999.0 -9999.0
