NCOLS      128
NROWS       72
XLLCORNER    72.000000000000    
YLLCORNER    18.000000000000    
CELLSIZE    0.50000000000000    
NODATA_VALUE   -9999.000    
 -9999.0 -9999.0 -9999.0 -9999.0 -9999.0 -9999.0 -9999.0 -9999.0 -9999.0 -9999.0 -9999.0 -9999.0 -9999.0 -9999.0 -9999.0 -9999.0 -9999.0 -9999.0 -9999.0 -9999.0 -9999.0 -9999.0 -9999.0 -9999.0 -9999.0 -9999.0 -9999.0 -9999.0 -9999.0 -9999.0 -9999.0 -9999.0 -9999.0 -9999.0 -9999.0 -9999.0 -9999.0 -9999.0 -9999.0 -9999.0 -9999.0 -9999.0 -9999.0 -9999.0 -9999.0 -9999.0 -9999.0 -9999.0 -9999.0 -9999.0 -9999.0 -9999.0 -9999.0 -9999.0 -9999.0 -9999.0 -9999.0 -9999.0 -9999.0 -9999.0 -9999.0 -9999.0 -9999.0 -9999.0 -9999.0 -9999.0 -9999.0 -9999.0 -9999.0 -9999.0 -9999.0 -9999.0 -9999.0 -9999.0 -9999.0 -9999.0 -9999.0 -9999.0 -9999.0 -9999.0 -9999.0 -9999.0 -9999.0 -9999.0 -9999.0 -9999.0 -9999.0 -9999.0 -9999.0 -9999.0 -9999.0 -9999.0 -9999.0 -9999.0 -9999.0 -9999.0 -9999.0    11.0    11.9    12.7    14.2    14.5    15.2    15.7    16.9 -9999.0 -9999.0 -9999.0 -9999.0 -9999.0 -9999.0 -9999.0 -9999.0 -9999.0 -9999.0 -9999.0 -9999.0 -9999.0 -9999.0 -9999.0 -9999.0 -9999.0 -9999.0 -9999.0 -9999.0 -9999.0 -9999.0 -9999.0
 -9999.0 -9999.0 -9999.0 -9999.0 -9999.0 -9999.0 -9999.0 -9999.0 -9999.0 -9999.0 -9999.0 -9999.0 -9999.0 -9999.0 -9999.0 -9999.0 -9999.0 -9999.0 -9999.0 -9999.0 -9999.0 -9999.0 -9999.0 -9999.0 -9999.0 -9999.0 -9999.0 -9999.0 -9999.0 -9999.0 -9999.0 -9999.0 -9999.0 -9999.0 -9999.0 -9999.0 -9999.0 -9999.0 -9999.0 -9999.0 -9999.0 -9999.0 -9999.0 -9999.0 -9999.0 -9999.0 -9999.0 -9999.0 -9999.0 -9999.0 -9999.0 -9999.0 -9999.0 -9999.0 -9999.0 -9999.0 -9999.0 -9999.0 -9999.0 -9999.0 -9999.0 -9999.0 -9999.0 -9999.0 -9999.0 -9999.0 -9999.0 -9999.0 -9999.0 -9999.0 -9999.0 -9999.0 -9999.0 -9999.0 -9999.0 -9999.0 -9999.0 -9999.0 -9999.0 -9999.0 -9999.0 -9999.0 -9999.0 -9999.0 -9999.0 -9999.0 -9999.0 -9999.0 -9999.0 -9999.0 -9999.0 -9999.0 -9999.0 -9999.0 -9999.0 -9999.0     7.1     8.1    10.1    10.5    12.0    12.5    12.5    12.6    12.8    11.8    10.8    10.3     9.5 -9999.0 -9999.0 -9999.0 -9999.0 -9999.0 -9999.0 -9999.0 -9999.0 -9999.0 -9999.0 -9999.0 -9999.0 -9999.0 -9999.0 -9999.0 -9999.0 -9999.0 -9999.0 -9999.0
 -9999.0 -9999.0 -9999.0 -9999.0 -9999.0 -9999.0 -9999.0 -9999.0 -9999.0 -9999.0 -9999.0 -9999.0 -9999.0 -9999.0 -9999.0 -9999.0 -9999.0 -9999.0 -9999.0 -9999.0 -9999.0 -9999.0 -9999.0 -9999.0 -9999.0 -9999.0 -9999.0 -9999.0 -9999.0 -9999.0 -9999.0 -9999.0 -9999.0 -9999.0 -9999.0 -9999.0 -9999.0 -9999.0 -9999.0 -9999.0 -9999.0 -9999.0 -9999.0 -9999.0 -9999.0 -9999.0 -9999.0 -9999.0 -9999.0 -9999.0 -9999.0 -9999.0 -9999.0 -9999.0 -9999.0 -9999.0 -9999.0 -9999.0 -9999.0 -9999.0 -9999.0 -9999.0 -9999.0 -9999.0 -9999.0 -9999.0 -9999.0 -9999.0 -9999.0 -9999.0 -9999.0 -9999.0 -9999.0 -9999.0 -9999.0 -9999.0 -9999.0 -9999.0 -9999.0 -9999.0 -9999.0 -9999.0 -9999.0 -9999.0 -9999.0 -9999.0 -9999.0 -9999.0 -9999.0 -9999.0 -9999.0 -9999.0 -9999.0 -9999.0 -9999.0     5.1     5.7     6.6     7.9     8.0     8.8     9.5    10.0    10.4    10.4    11.1     8.8     8.1     7.0 -9999.0 -9999.0 -9999.0 -9999.0 -9999.0 -9999.0 -9999.0 -9999.0 -9999.0 -9999.0 -9999.0 -9999.0 -9999.0 -9999.0 -9999.0 -9999.0 -9999.0 -9999.0 -9999.0
 -9999.0 -9999.0 -9999.0 -9999.0 -9999.0 -9999.0 -9999.0 -9999.0 -9999.0 -9999.0 -9999.0 -9999.0 -9999.0 -9999.0 -9999.0 -9999.0 -9999.0 -9999.0 -9999.0 -9999.0 -9999.0 -9999.0 -9999.0 -9999.0 -9999.0 -9999.0 -9999.0 -9999.0 -9999.0 -9999.0 -9999.0 -9999.0 -9999.0 -9999.0 -9999.0 -9999.0 -9999.0 -9999.0 -9999.0 -9999.0 -9999.0 -9999.0 -9999.0 -9999.0 -9999.0 -9999.0 -9999.0 -9999.0 -9999.0 -9999.0 -9999.0 -9999.0 -9999.0 -9999.0 -9999.0 -9999.0 -9999.0 -9999.0 -9999.0 -9999.0 -9999.0 -9999.0 -9999.0 -9999.0 -9999.0 -9999.0 -9999.0 -9999.0 -9999.0 -9999.0 -9999.0 -9999.0 -9999.0 -9999.0 -9999.0 -9999.0 -9999.0 -9999.0 -9999.0 -9999.0 -9999.0 -9999.0 -9999.0 -9999.0 -9999.0 -9999.0 -9999.0 -9999.0 -9999.0 -9999.0 -9999.0 -9999.0 -9999.0 -9999.0 -9999.0     3.5     4.8     4.3     5.4     6.3     7.2     8.0     7.4     7.8     8.3     8.0     6.7     6.0     5.0     4.7 -9999.0 -9999.0 -9999.0 -9999.0 -9999.0 -9999.0 -9999.0 -9999.0 -9999.0 -9999.0 -9999.0 -9999.0 -9999.0 -9999.0 -9999.0 -9999.0 -9999.0 -9999.0
 -9999.0 -9999.0 -9999.0 -9999.0 -9999.0 -9999.0 -9999.0 -9999.0 -9999.0 -9999.0 -9999.0 -9999.0 -9999.0 -9999.0 -9999.0 -9999.0 -9999.0 -9999.0 -9999.0 -9999.0 -9999.0 -9999.0 -9999.0 -9999.0 -9999.0 -9999.0 -9999.0 -9999.0 -9999.0 -9999.0 -9999.0 -9999.0 -9999.0 -9999.0 -9999.0 -9999.0 -9999.0 -9999.0 -9999.0 -9999.0 -9999.0 -9999.0 -9999.0 -9999.0 -9999.0 -9999.0 -9999.0 -9999.0 -9999.0 -9999.0 -9999.0 -9999.0 -9999.0 -9999.0 -9999.0 -9999.0 -9999.0 -9999.0 -9999.0 -9999.0 -9999.0 -9999.0 -9999.0 -9999.0 -9999.0 -9999.0 -9999.0 -9999.0 -9999.0 -9999.0 -9999.0 -9999.0 -9999.0 -9999.0 -9999.0 -9999.0 -9999.0 -9999.0 -9999.0 -9999.0 -9999.0 -9999.0 -9999.0 -9999.0 -9999.0 -9999.0 -9999.0 -9999.0 -9999.0 -9999.0 -9999.0 -9999.0 -9999.0 -9999.0 -9999.0     2.8     3.0     4.3     4.8     4.7     4.6     5.8     5.7     5.8     6.1     6.3     4.9     4.4     3.9     3.5     4.1 -9999.0 -9999.0 -9999.0 -9999.0 -9999.0 -9999.0 -9999.0 -9999.0 -9999.0 -9999.0 -9999.0 -9999.0 -9999.0 -9999.0 -9999.0 -9999.0 -9999.0
 -9999.0 -9999.0 -9999.0 -9999.0 -9999.0 -9999.0 -9999.0 -9999.0 -9999.0 -9999.0 -9999.0 -9999.0 -9999.0 -9999.0 -9999.0 -9999.0 -9999.0 -9999.0 -9999.0 -9999.0 -9999.0 -9999.0 -9999.0 -9999.0 -9999.0 -9999.0 -9999.0 -9999.0 -9999.0 -9999.0 -9999.0 -9999.0 -9999.0 -9999.0 -9999.0 -9999.0 -9999.0 -9999.0 -9999.0 -9999.0 -9999.0 -9999.0 -9999.0 -9999.0 -9999.0 -9999.0 -9999.0 -9999.0 -9999.0 -9999.0 -9999.0 -9999.0 -9999.0 -9999.0 -9999.0 -9999.0 -9999.0 -9999.0 -9999.0 -9999.0 -9999.0 -9999.0 -9999.0 -9999.0 -9999.0 -9999.0 -9999.0 -9999.0 -9999.0 -9999.0 -9999.0 -9999.0 -9999.0 -9999.0 -9999.0 -9999.0 -9999.0 -9999.0 -9999.0 -9999.0 -9999.0 -9999.0 -9999.0 -9999.0 -9999.0 -9999.0 -9999.0 -9999.0 -9999.0 -9999.0 -9999.0 -9999.0 -9999.0 -9999.0     1.7     2.1     2.9     3.2     3.4     3.8     4.0     3.1     3.5     3.6     3.6     3.7     3.4     3.2     3.1     2.8     3.5 -9999.0 -9999.0 -9999.0 -9999.0 -9999.0 -9999.0 -9999.0 -9999.0 -9999.0 -9999.0 -9999.0 -9999.0 -9999.0 -9999.0 -9999.0 -9999.0 -9999.0
 -9999.0 -9999.0 -9999.0 -9999.0 -9999.0 -9999.0 -9999.0 -9999.0 -9999.0 -9999.0 -9999.0 -9999.0 -9999.0 -9999.0 -9999.0 -9999.0 -9999.0 -9999.0 -9999.0 -9999.0 -9999.0 -9999.0 -9999.0 -9999.0 -9999.0 -9999.0 -9999.0 -9999.0 -9999.0 -9999.0 -9999.0 -9999.0 -9999.0 -9999.0 -9999.0 -9999.0 -9999.0 -9999.0 -9999.0 -9999.0 -9999.0 -9999.0 -9999.0 -9999.0 -9999.0 -9999.0 -9999.0 -9999.0 -9999.0 -9999.0 -9999.0 -9999.0 -9999.0 -9999.0 -9999.0 -9999.0 -9999.0 -9999.0 -9999.0 -9999.0 -9999.0 -9999.0 -9999.0 -9999.0 -9999.0 -9999.0 -9999.0 -9999.0 -9999.0 -9999.0 -9999.0 -9999.0 -9999.0 -9999.0 -9999.0 -9999.0 -9999.0 -9999.0 -9999.0 -9999.0 -9999.0 -9999.0 -9999.0 -9999.0 -9999.0 -9999.0 -9999.0 -9999.0 -9999.0 -9999.0 -9999.0 -9999.0 -9999.0 -9999.0     1.6     2.4     2.8     3.0     3.1     2.6     2.6     2.5     2.2     2.0     1.8     2.2     2.4     2.4     2.6     2.8     2.8     3.5 -9999.0 -9999.0 -9999.0 -9999.0 -9999.0 -9999.0 -9999.0 -9999.0 -9999.0 -9999.0 -9999.0 -9999.0 -9999.0 -9999.0 -9999.0 -9999.0
 -9999.0 -9999.0 -9999.0 -9999.0 -9999.0 -9999.0 -9999.0 -9999.0 -9999.0 -9999.0 -9999.0 -9999.0 -9999.0 -9999.0 -9999.0 -9999.0 -9999.0 -9999.0 -9999.0 -9999.0 -9999.0 -9999.0 -9999.0 -9999.0 -9999.0 -9999.0 -9999.0 -9999.0 -9999.0 -9999.0 -9999.0 -9999.0 -9999.0 -9999.0 -9999.0 -9999.0 -9999.0 -9999.0 -9999.0 -9999.0 -9999.0 -9999.0 -9999.0 -9999.0 -9999.0 -9999.0 -9999.0 -9999.0 -9999.0 -9999.0 -9999.0 -9999.0 -9999.0 -9999.0 -9999.0 -9999.0 -9999.0 -9999.0 -9999.0 -9999.0 -9999.0 -9999.0 -9999.0 -9999.0 -9999.0 -9999.0 -9999.0 -9999.0 -9999.0 -9999.0 -9999.0 -9999.0 -9999.0 -9999.0 -9999.0 -9999.0 -9999.0 -9999.0 -9999.0 -9999.0 -9999.0 -9999.0 -9999.0 -9999.0 -9999.0 -9999.0 -9999.0 -9999.0 -9999.0     0.2 -9999.0 -9999.0     0.6     1.1     1.5     2.1     2.7     2.8     2.7     2.4     1.5     1.5     1.5     1.3     1.4     1.7     1.9     2.3     2.3     2.5     2.4     3.0 -9999.0 -9999.0 -9999.0 -9999.0 -9999.0 -9999.0 -9999.0 -9999.0 -9999.0 -9999.0 -9999.0 -9999.0 -9999.0 -9999.0 -9999.0 -9999.0
 -9999.0 -9999.0 -9999.0 -9999.0 -9999.0 -9999.0 -9999.0 -9999.0 -9999.0 -9999.0 -9999.0 -9999.0 -9999.0 -9999.0 -9999.0 -9999.0 -9999.0 -9999.0 -9999.0 -9999.0 -9999.0 -9999.0 -9999.0 -9999.0 -9999.0 -9999.0 -9999.0 -9999.0 -9999.0 -9999.0 -9999.0 -9999.0 -9999.0 -9999.0 -9999.0 -9999.0 -9999.0 -9999.0 -9999.0 -9999.0 -9999.0 -9999.0 -9999.0 -9999.0 -9999.0 -9999.0 -9999.0 -9999.0 -9999.0 -9999.0 -9999.0 -9999.0 -9999.0 -9999.0 -9999.0 -9999.0 -9999.0 -9999.0 -9999.0 -9999.0 -9999.0 -9999.0 -9999.0 -9999.0 -9999.0 -9999.0 -9999.0 -9999.0 -9999.0 -9999.0 -9999.0 -9999.0 -9999.0 -9999.0 -9999.0 -9999.0 -9999.0 -9999.0 -9999.0 -9999.0 -9999.0 -9999.0 -9999.0 -9999.0 -9999.0 -9999.0 -9999.0 -9999.0     0.1     0.2     0.4     0.5     0.7     1.5     1.8     2.8     3.1     3.2     2.6     1.9     1.6     1.4     1.4     1.6     1.8     2.0     2.0     1.9     1.9     1.9     2.1     2.3     3.2     3.8     3.7     3.4 -9999.0 -9999.0 -9999.0 -9999.0 -9999.0 -9999.0 -9999.0 -9999.0 -9999.0 -9999.0 -9999.0 -9999.0
 -9999.0 -9999.0 -9999.0 -9999.0 -9999.0 -9999.0 -9999.0 -9999.0 -9999.0 -9999.0 -9999.0 -9999.0 -9999.0 -9999.0 -9999.0 -9999.0 -9999.0 -9999.0 -9999.0 -9999.0 -9999.0 -9999.0 -9999.0 -9999.0 -9999.0 -9999.0 -9999.0 -9999.0 -9999.0    20.7    22.6    23.9    24.5 -9999.0 -9999.0 -9999.0 -9999.0 -9999.0 -9999.0 -9999.0 -9999.0 -9999.0 -9999.0 -9999.0 -9999.0 -9999.0 -9999.0 -9999.0 -9999.0 -9999.0 -9999.0 -9999.0 -9999.0 -9999.0 -9999.0 -9999.0 -9999.0 -9999.0 -9999.0 -9999.0 -9999.0 -9999.0 -9999.0 -9999.0 -9999.0 -9999.0 -9999.0 -9999.0 -9999.0 -9999.0 -9999.0 -9999.0 -9999.0 -9999.0 -9999.0 -9999.0 -9999.0 -9999.0 -9999.0 -9999.0 -9999.0 -9999.0 -9999.0 -9999.0 -9999.0 -9999.0 -9999.0     0.1     0.2     0.4     0.6     0.7     1.2     1.8     2.5     3.0     3.7     3.3     2.9     1.8     1.2     1.1     1.5     1.8     2.2     2.4     2.2     1.8     1.7     1.6     1.6     2.0     3.0     3.3     3.3     2.7     2.5     2.9 -9999.0 -9999.0 -9999.0 -9999.0 -9999.0 -9999.0 -9999.0 -9999.0 -9999.0 -9999.0
 -9999.0 -9999.0 -9999.0 -9999.0 -9999.0 -9999.0 -9999.0 -9999.0 -9999.0 -9999.0 -9999.0 -9999.0 -9999.0 -9999.0 -9999.0 -9999.0 -9999.0 -9999.0 -9999.0 -9999.0 -9999.0 -9999.0 -9999.0 -9999.0 -9999.0 -9999.0 -9999.0    13.1    13.4    13.6    16.8    18.0    19.4    18.3 -9999.0 -9999.0 -9999.0 -9999.0 -9999.0 -9999.0 -9999.0 -9999.0 -9999.0 -9999.0 -9999.0 -9999.0 -9999.0 -9999.0 -9999.0 -9999.0 -9999.0 -9999.0 -9999.0 -9999.0 -9999.0 -9999.0 -9999.0 -9999.0 -9999.0 -9999.0 -9999.0 -9999.0 -9999.0 -9999.0 -9999.0 -9999.0 -9999.0 -9999.0 -9999.0 -9999.0 -9999.0 -9999.0 -9999.0 -9999.0 -9999.0 -9999.0 -9999.0 -9999.0 -9999.0 -9999.0 -9999.0 -9999.0 -9999.0 -9999.0 -9999.0 -9999.0 -9999.0     0.4     0.5     0.6     0.8     1.2     1.9     2.8     3.5     4.2     4.3     4.1     2.8     1.8     1.1     1.1     1.3     1.7     2.0     2.3     2.3     1.9     1.3     1.1     1.5     2.2     3.3     3.4     3.2     3.0     2.6     2.7 -9999.0 -9999.0 -9999.0 -9999.0 -9999.0     2.6     2.9     3.3     3.6 -9999.0
 -9999.0 -9999.0 -9999.0 -9999.0 -9999.0 -9999.0 -9999.0 -9999.0 -9999.0 -9999.0 -9999.0 -9999.0 -9999.0 -9999.0 -9999.0 -9999.0 -9999.0 -9999.0 -9999.0 -9999.0 -9999.0 -9999.0 -9999.0 -9999.0 -9999.0 -9999.0    10.5     8.9     7.7     7.8     9.5    11.6    15.3    14.2    13.8    12.5    11.4 -9999.0 -9999.0 -9999.0 -9999.0 -9999.0 -9999.0 -9999.0 -9999.0 -9999.0 -9999.0 -9999.0 -9999.0 -9999.0 -9999.0 -9999.0 -9999.0 -9999.0 -9999.0 -9999.0 -9999.0 -9999.0 -9999.0 -9999.0 -9999.0 -9999.0 -9999.0 -9999.0 -9999.0 -9999.0 -9999.0 -9999.0 -9999.0 -9999.0 -9999.0 -9999.0 -9999.0 -9999.0 -9999.0 -9999.0 -9999.0 -9999.0 -9999.0 -9999.0 -9999.0 -9999.0 -9999.0 -9999.0 -9999.0 -9999.0     0.4     0.5     0.7     0.9     1.4     1.9     2.8     3.8     4.6     5.6     5.3     4.7     3.3     1.6     1.2     1.0     1.1     1.3     1.5     1.8     2.0     1.7     1.1     1.1     1.6     2.4     3.2     3.1     3.4     2.8     1.8     1.9     3.1 -9999.0 -9999.0     1.9     1.9     2.3     2.6     3.9     3.4 -9999.0
 -9999.0 -9999.0 -9999.0 -9999.0 -9999.0 -9999.0 -9999.0 -9999.0 -9999.0 -9999.0 -9999.0 -9999.0 -9999.0 -9999.0 -9999.0 -9999.0 -9999.0 -9999.0 -9999.0 -9999.0 -9999.0 -9999.0 -9999.0 -9999.0 -9999.0 -9999.0     7.8     6.1     4.6     4.0     4.6     6.6     7.8     9.0     8.6     8.9    10.7     6.3 -9999.0 -9999.0 -9999.0 -9999.0 -9999.0 -9999.0 -9999.0 -9999.0 -9999.0 -9999.0 -9999.0 -9999.0 -9999.0 -9999.0 -9999.0 -9999.0 -9999.0 -9999.0 -9999.0 -9999.0 -9999.0 -9999.0 -9999.0 -9999.0 -9999.0 -9999.0 -9999.0 -9999.0 -9999.0 -9999.0 -9999.0 -9999.0 -9999.0 -9999.0 -9999.0 -9999.0 -9999.0 -9999.0 -9999.0 -9999.0 -9999.0 -9999.0 -9999.0 -9999.0 -9999.0 -9999.0 -9999.0 -9999.0     0.6     0.7     1.0     1.4     1.8     2.5     3.6     4.6     5.8     6.4     6.6     4.8     2.8     1.8     1.3     1.1     1.1     1.2     1.2     1.2     1.4     1.3     1.2     1.2     1.6     2.6     3.5     2.6     2.1     3.7     1.6     1.5     1.4     1.5     1.6     1.7     1.9     2.1     2.4     2.7     3.1 -9999.0
 -9999.0 -9999.0 -9999.0 -9999.0 -9999.0 -9999.0 -9999.0 -9999.0 -9999.0 -9999.0 -9999.0 -9999.0 -9999.0 -9999.0 -9999.0 -9999.0 -9999.0 -9999.0 -9999.0 -9999.0 -9999.0     4.7     4.3     5.2     6.0     5.0     4.0     3.5     2.9     2.3     2.3     3.3     4.1     4.4     4.5     4.1     5.7     4.7     4.7 -9999.0 -9999.0 -9999.0 -9999.0 -9999.0 -9999.0 -9999.0 -9999.0 -9999.0 -9999.0 -9999.0 -9999.0 -9999.0 -9999.0 -9999.0 -9999.0 -9999.0 -9999.0 -9999.0 -9999.0 -9999.0 -9999.0 -9999.0 -9999.0 -9999.0 -9999.0 -9999.0 -9999.0 -9999.0 -9999.0 -9999.0 -9999.0 -9999.0 -9999.0 -9999.0 -9999.0 -9999.0 -9999.0 -9999.0 -9999.0 -9999.0 -9999.0 -9999.0 -9999.0 -9999.0 -9999.0 -9999.0 -9999.0     1.2 -9999.0 -9999.0     2.2 -9999.0 -9999.0     4.9     5.7     6.5     6.5     4.2     2.5     2.0     1.3     1.2     1.2     1.2     1.1     1.0     1.0     1.1     1.0     1.3     1.6     2.1     2.6     2.7     2.0     2.0     1.2     1.4     1.6     1.7     2.2     1.9     2.0     2.1     2.5     3.5 -9999.0 -9999.0
 -9999.0 -9999.0 -9999.0 -9999.0 -9999.0 -9999.0 -9999.0 -9999.0 -9999.0 -9999.0 -9999.0 -9999.0 -9999.0 -9999.0 -9999.0 -9999.0 -9999.0 -9999.0 -9999.0 -9999.0 -9999.0     9.6     8.0     5.9     4.7     2.3     2.6     2.1     1.6     1.3     1.3     1.9     2.6     2.6     2.3     2.0     2.0     3.6     1.8 -9999.0 -9999.0 -9999.0 -9999.0 -9999.0 -9999.0 -9999.0 -9999.0 -9999.0 -9999.0 -9999.0 -9999.0 -9999.0 -9999.0 -9999.0 -9999.0 -9999.0 -9999.0 -9999.0 -9999.0 -9999.0 -9999.0 -9999.0 -9999.0 -9999.0 -9999.0 -9999.0 -9999.0 -9999.0 -9999.0 -9999.0 -9999.0 -9999.0 -9999.0 -9999.0 -9999.0 -9999.0 -9999.0 -9999.0 -9999.0 -9999.0 -9999.0 -9999.0 -9999.0 -9999.0 -9999.0 -9999.0 -9999.0 -9999.0 -9999.0     1.9     2.3     2.9     3.7     4.0     4.6     5.2     4.0     2.9     2.0     1.5     1.2     1.1     1.1     1.1     1.0     0.9     0.9     1.0     1.0     1.2     1.5     1.8     2.2     2.5     2.6     1.1     1.3     1.8     2.1     2.1     2.1     2.2     2.6     3.6     2.4 -9999.0 -9999.0 -9999.0
 -9999.0 -9999.0 -9999.0 -9999.0 -9999.0 -9999.0 -9999.0 -9999.0 -9999.0 -9999.0 -9999.0 -9999.0 -9999.0 -9999.0 -9999.0 -9999.0 -9999.0 -9999.0 -9999.0 -9999.0     7.1     6.7     6.8     4.5     3.5     4.1     3.3     1.9     1.2     0.9     1.1     1.3     1.9     2.1     1.9     1.5     1.6     1.1     0.9 -9999.0 -9999.0 -9999.0 -9999.0 -9999.0 -9999.0 -9999.0 -9999.0 -9999.0 -9999.0 -9999.0 -9999.0 -9999.0 -9999.0 -9999.0 -9999.0 -9999.0 -9999.0 -9999.0 -9999.0 -9999.0 -9999.0 -9999.0 -9999.0 -9999.0 -9999.0 -9999.0 -9999.0 -9999.0 -9999.0 -9999.0 -9999.0 -9999.0 -9999.0 -9999.0 -9999.0 -9999.0 -9999.0 -9999.0 -9999.0 -9999.0 -9999.0 -9999.0 -9999.0 -9999.0 -9999.0 -9999.0 -9999.0 -9999.0     1.8     2.1     2.2     2.3     2.7     2.8     3.0     3.0     2.3     2.1     1.5     1.2     1.1     1.0     0.9     0.9     0.9     1.0     1.0     1.1     1.2     1.4     1.6     1.6     2.0     1.6     1.3     1.5     1.8     2.5     3.3     3.2     2.5     2.8     2.7     2.8     2.9 -9999.0 -9999.0 -9999.0
 -9999.0 -9999.0 -9999.0 -9999.0 -9999.0 -9999.0 -9999.0 -9999.0 -9999.0 -9999.0 -9999.0 -9999.0 -9999.0 -9999.0 -9999.0 -9999.0 -9999.0 -9999.0     0.9     2.6     4.6     0.5     1.4     1.3     2.4     3.5     3.6     2.0     1.2     1.0     1.2     1.6     2.2     2.3     2.1     1.7     1.3     0.8     0.6 -9999.0 -9999.0 -9999.0 -9999.0 -9999.0 -9999.0 -9999.0 -9999.0 -9999.0 -9999.0 -9999.0 -9999.0 -9999.0 -9999.0 -9999.0 -9999.0 -9999.0 -9999.0 -9999.0 -9999.0 -9999.0 -9999.0 -9999.0 -9999.0 -9999.0 -9999.0 -9999.0 -9999.0 -9999.0 -9999.0 -9999.0 -9999.0 -9999.0 -9999.0 -9999.0 -9999.0 -9999.0 -9999.0 -9999.0 -9999.0 -9999.0 -9999.0 -9999.0 -9999.0 -9999.0     1.4     1.6     1.8     1.7     1.7     2.1     2.0     1.9     1.7     1.7     1.7     1.6     1.2     1.1     1.1     1.1     1.0     0.9     0.7     0.7     0.9     1.2     1.4     1.5     1.7     2.1     2.4     2.4     2.4     1.8     2.2     2.3     4.3     2.4     2.8     2.6     3.0     2.9     2.9     3.0 -9999.0 -9999.0 -9999.0 -9999.0
 -9999.0 -9999.0 -9999.0 -9999.0 -9999.0 -9999.0 -9999.0 -9999.0 -9999.0 -9999.0 -9999.0 -9999.0 -9999.0 -9999.0 -9999.0     0.3     0.1     0.1     0.1     0.9     1.0     4.3     1.7     4.1     5.6     5.5     4.0     2.8     2.0     1.8     2.0     2.4     2.8     2.8     2.9     2.4     1.6     2.2     1.0     0.6     0.7     0.8     0.8     0.8 -9999.0 -9999.0 -9999.0 -9999.0 -9999.0 -9999.0 -9999.0 -9999.0 -9999.0 -9999.0 -9999.0 -9999.0 -9999.0 -9999.0 -9999.0 -9999.0 -9999.0 -9999.0 -9999.0 -9999.0 -9999.0 -9999.0 -9999.0 -9999.0 -9999.0 -9999.0 -9999.0 -9999.0 -9999.0 -9999.0 -9999.0 -9999.0 -9999.0 -9999.0 -9999.0     0.6     0.7     0.9     1.1     1.4     1.7     1.9     1.9     1.7     1.6     1.8     1.5     1.3     1.2     1.2     1.1     1.2     0.8     0.9     1.0     1.1     1.0     0.8     0.6     0.6     0.9     1.6     2.0     2.3     2.8     3.4     4.2     3.9     3.2     2.9     5.9     3.0     2.6     2.3     2.1     2.3     2.4     2.7     2.9     3.5 -9999.0 -9999.0 -9999.0 -9999.0
 -9999.0 -9999.0 -9999.0 -9999.0 -9999.0 -9999.0 -9999.0 -9999.0 -9999.0 -9999.0 -9999.0 -9999.0 -9999.0 -9999.0 -9999.0     0.0     0.0     0.0     0.3     2.2     7.1     8.7     9.3     8.7     8.2     7.2     6.0     5.1     4.0     3.3     3.2     3.3     3.4     3.3     3.3     3.0     2.2     1.5     0.9     0.6     0.6     0.6     0.6     0.7     0.5     0.4     0.3 -9999.0 -9999.0 -9999.0 -9999.0 -9999.0 -9999.0 -9999.0 -9999.0 -9999.0 -9999.0 -9999.0 -9999.0 -9999.0 -9999.0 -9999.0 -9999.0 -9999.0 -9999.0 -9999.0 -9999.0 -9999.0 -9999.0 -9999.0 -9999.0 -9999.0 -9999.0 -9999.0 -9999.0 -9999.0 -9999.0 -9999.0     0.7     0.7     0.8     1.0     1.2     1.5     1.6     1.6     1.5     1.6     1.8     1.8     1.7     1.4     1.3     1.0     1.3     0.8     0.8     1.0     1.2     1.3     1.2     1.0     0.8     0.8     1.2     2.2     2.8     3.1     3.8     4.5     5.0     4.8     5.9     5.6     5.2     3.3     4.0     3.3     2.5     2.2     2.0     2.3     3.1 -9999.0 -9999.0 -9999.0 -9999.0 -9999.0
 -9999.0 -9999.0 -9999.0 -9999.0 -9999.0 -9999.0 -9999.0 -9999.0 -9999.0 -9999.0 -9999.0 -9999.0 -9999.0 -9999.0 -9999.0 -9999.0     3.6     5.7     4.9     2.0     1.3     5.9     2.4     6.3     9.6     9.7     9.9     9.3     7.2     5.6     4.9     4.3     3.8     3.7     4.1     4.2     3.5     2.3     1.4     1.1     1.3     1.3     1.3     1.0     0.7     0.5     0.3     0.2 -9999.0 -9999.0 -9999.0 -9999.0 -9999.0 -9999.0 -9999.0 -9999.0 -9999.0 -9999.0 -9999.0 -9999.0 -9999.0 -9999.0 -9999.0 -9999.0 -9999.0 -9999.0 -9999.0 -9999.0 -9999.0 -9999.0 -9999.0 -9999.0 -9999.0 -9999.0 -9999.0 -9999.0 -9999.0 -9999.0     0.8     0.8     0.9     1.0     1.2     1.4     1.5     1.5     1.9     1.9     2.4     3.1     2.6     2.1     2.0     1.3     1.0     1.1     1.2     1.3     1.5     1.6     1.6     1.5     1.4     1.6     2.1     2.6     3.1     3.5     4.2     5.0     5.4     6.3     7.0     4.6     3.9     4.8     3.9     2.6     2.5     1.7 -9999.0 -9999.0 -9999.0 -9999.0 -9999.0 -9999.0 -9999.0 -9999.0
 -9999.0 -9999.0 -9999.0 -9999.0 -9999.0 -9999.0 -9999.0 -9999.0 -9999.0 -9999.0 -9999.0 -9999.0 -9999.0 -9999.0 -9999.0 -9999.0     7.0     9.2    11.9    13.6     7.8     9.6     9.7     7.6     5.3     5.6     6.0     7.3     6.9     7.2     6.8     5.7     8.7     6.2     4.2     4.9     4.1     3.2     2.1     1.9     2.1     2.1     2.1     1.0     1.1     0.7     0.5     0.4 -9999.0 -9999.0 -9999.0 -9999.0 -9999.0 -9999.0 -9999.0 -9999.0 -9999.0 -9999.0 -9999.0 -9999.0 -9999.0 -9999.0 -9999.0 -9999.0 -9999.0 -9999.0 -9999.0 -9999.0 -9999.0 -9999.0 -9999.0 -9999.0 -9999.0 -9999.0 -9999.0 -9999.0 -9999.0     1.3     1.1     1.1     1.1     1.3     1.4     1.6     1.6     1.8     2.0     2.4     3.0     4.1     4.9     3.4     1.7     1.3     1.4     1.5     1.5     1.4     1.4     1.6     1.9     2.1     2.4     2.9     3.0     3.3     3.6     3.8     4.3     5.1     5.1     4.2     3.6     3.3     4.7     4.2     3.6     2.4     2.6 -9999.0 -9999.0 -9999.0 -9999.0 -9999.0 -9999.0 -9999.0 -9999.0 -9999.0
 -9999.0 -9999.0 -9999.0 -9999.0 -9999.0 -9999.0 -9999.0 -9999.0 -9999.0 -9999.0 -9999.0 -9999.0 -9999.0 -9999.0 -9999.0 -9999.0     0.4     0.5     0.8     7.4    12.0    11.5     5.6     8.5     8.1     6.6     5.2     5.9     4.7     5.1     5.8     4.9     3.1     2.9     3.9     4.4     4.8     4.6     2.9     2.0     1.9     2.3     2.4     1.2     0.8     0.7     0.7     0.6     0.4     0.3     0.3 -9999.0 -9999.0 -9999.0 -9999.0 -9999.0 -9999.0 -9999.0 -9999.0 -9999.0 -9999.0 -9999.0 -9999.0 -9999.0 -9999.0 -9999.0 -9999.0 -9999.0 -9999.0 -9999.0 -9999.0 -9999.0 -9999.0 -9999.0 -9999.0 -9999.0     1.8     1.6     1.4     1.4     1.5     1.6     1.8     1.9     2.1     2.4     2.8     3.3     4.1     5.1     5.8     3.8     1.8     1.3     1.6     1.7     1.6     1.3     1.2     1.3     1.5     1.9     2.6     3.5     3.7     4.0     4.1     4.5     5.3     5.6     4.8     5.1     3.4     3.1     3.6     2.7     5.3     3.6     1.9     1.1 -9999.0 -9999.0 -9999.0 -9999.0 -9999.0 -9999.0 -9999.0 -9999.0
 -9999.0 -9999.0 -9999.0 -9999.0 -9999.0 -9999.0 -9999.0 -9999.0 -9999.0 -9999.0 -9999.0 -9999.0 -9999.0 -9999.0 -9999.0     1.1     3.0     3.5     0.8     0.7     1.0     1.3     2.7     5.6     6.0     3.6     3.2     2.0     1.7     4.2     5.1     3.0     2.5     2.2     3.3     5.4     7.1     6.2     4.6     3.2     2.7     2.5     2.4     2.1     1.5     0.8     0.6     0.7     0.6     0.7     0.7     0.6     0.5     0.3     0.2     0.2     0.1     0.1     0.1     0.1     0.1 -9999.0 -9999.0 -9999.0 -9999.0 -9999.0 -9999.0 -9999.0 -9999.0     1.6     1.7     1.7     1.7     1.8     2.0     2.2     2.0     2.1     2.0     1.9     2.1     2.3     2.4     2.6     2.9     3.5     4.0     4.0     4.1     5.0     5.8     3.9     1.8     0.9     1.4     1.6     1.4     1.0     0.8     0.8     0.8     1.1     1.8     3.3     4.2     4.0     4.4     4.9     5.4     6.2     5.2     3.9     3.2     3.8     2.1     1.7     1.3     1.2 -9999.0 -9999.0 -9999.0 -9999.0 -9999.0 -9999.0 -9999.0 -9999.0 -9999.0 -9999.0
 -9999.0 -9999.0 -9999.0 -9999.0 -9999.0 -9999.0 -9999.0 -9999.0 -9999.0 -9999.0 -9999.0 -9999.0 -9999.0 -9999.0     0.2     0.1     0.1     0.4     0.3     0.4     1.7     5.5     5.2     3.1     3.8     2.2     1.7     3.3     3.8     3.2     2.6     2.1     3.2     3.1     4.2     5.7     6.5     5.8     4.5     3.6     3.2     2.8     2.6     2.2     1.7     1.2     1.0     0.7     0.8     0.8     0.8     0.8     0.7     0.6     0.5     0.3     0.2     0.1     0.1     0.1     0.1     0.2     0.3     0.4     0.6     0.8     1.1     1.3     1.5     1.5     1.5     1.3     1.4     1.6     1.9     2.2     2.2     2.2     2.4     2.5     2.8     3.1     3.0     3.2     3.8     4.6     5.3     4.6     3.9     3.7     5.1     4.4     1.0     0.7     1.0     1.3     1.2     0.7     0.4     0.4     0.3     0.5     1.6     3.4     4.8     4.8     5.2     5.9     6.7     7.7     5.8     5.3     6.9     4.1     3.9     2.5     1.5 -9999.0 -9999.0 -9999.0 -9999.0 -9999.0 -9999.0 -9999.0 -9999.0 -9999.0 -9999.0 -9999.0
 -9999.0 -9999.0 -9999.0 -9999.0 -9999.0 -9999.0 -9999.0 -9999.0 -9999.0 -9999.0 -9999.0 -9999.0     0.1     0.1     0.1     0.8     0.1     2.0     5.0     7.4     6.4     4.4     4.7     6.4     8.1     8.8     8.1     6.6     4.0     2.7     2.1     1.8     1.7     2.5     3.5     4.5     4.7     4.6     4.3     3.5     3.0     2.5     2.1     1.7     1.3     0.9     0.8     0.9     0.8     1.2     1.2     1.2     1.0     0.8     0.7     0.4     0.3     0.2     0.1     0.1     0.1     0.1     0.2     0.3     0.5     0.7     0.9     1.0     1.1     1.2     1.1     1.1     1.1     1.4     1.7     1.9     2.0     2.1     2.6     3.3     3.5     3.9     3.6     3.8     4.3     5.0     5.7     5.2     4.5     2.7     2.7     2.0     2.3     1.3     0.6     0.9     0.7     0.4     0.4     0.4     0.3     0.7     2.4     5.0     7.2     6.5     6.7     7.4     8.7     8.1     8.1    10.4     8.6     7.8    15.5 -9999.0 -9999.0 -9999.0 -9999.0 -9999.0 -9999.0 -9999.0 -9999.0 -9999.0 -9999.0 -9999.0 -9999.0 -9999.0
 -9999.0 -9999.0 -9999.0 -9999.0 -9999.0 -9999.0 -9999.0 -9999.0 -9999.0     0.9     0.4     0.2     0.1     0.5     3.7     3.9     3.6     3.3     3.8     4.1     3.4     2.4     2.3     3.4     5.1     6.1     6.2     5.5     4.2     2.6     1.2     0.4     0.7     1.4     2.0     2.4     3.4     4.1     4.1     3.6     2.8     2.2     2.0     1.6     1.3     1.1     1.2     1.4     1.6     1.2     1.8     1.8     1.6     1.1     0.7     0.6     0.4     0.2     0.1     0.1     0.1     0.1     0.2     0.3     0.4     0.5     0.6     0.7     0.7     0.8     1.0     1.0     1.0     1.4     1.9     2.3     2.4     2.6     3.3     3.7     4.0     4.0     4.0     4.0     4.0     4.3     5.9     5.0     4.0     1.6     1.7     1.5     0.7     0.5     0.4     0.4     0.4     0.3     0.2     0.3     0.8     2.4     4.7     7.7     9.8    10.6    10.1     8.8     8.4    11.5    12.6    12.5    10.6 -9999.0 -9999.0 -9999.0 -9999.0 -9999.0 -9999.0 -9999.0 -9999.0 -9999.0 -9999.0 -9999.0 -9999.0 -9999.0 -9999.0 -9999.0
 -9999.0 -9999.0 -9999.0 -9999.0 -9999.0     5.9     3.7     2.4     1.3     0.6     0.3     0.1     0.1     0.5     1.4     1.9     1.7     1.0     0.9     0.9     0.9     0.8     1.0     1.7     2.7     3.7     4.0     3.7     2.6     1.4     0.6     0.3     0.4     0.7     1.2     2.0     2.9     3.4     3.5     3.0     2.3     2.2     1.8     1.3     1.4     1.7     2.5     3.2     3.6     3.5     2.6     2.2     1.4     1.1     0.9     0.8     0.5     0.3     0.2     0.1     0.1     0.1     0.2     0.2     0.3     0.4     0.3     0.3     0.4     0.6     0.8     0.9     1.0     1.4     1.9     2.7     3.2     3.5     5.2     5.9     4.6     3.9     3.5     3.2     3.2     4.2     3.5     3.4     2.9     2.0     1.3     1.2     0.5     0.3     0.3     0.3     0.2     0.2 -9999.0 -9999.0     2.0     5.0     8.6     9.8     8.8     8.5     8.1     9.4    10.6 -9999.0 -9999.0 -9999.0 -9999.0 -9999.0 -9999.0 -9999.0 -9999.0 -9999.0 -9999.0 -9999.0 -9999.0 -9999.0 -9999.0 -9999.0 -9999.0 -9999.0 -9999.0 -9999.0
 -9999.0 -9999.0 -9999.0     8.6     7.4     4.3     3.0     1.7     0.8     0.6     0.5     0.3     0.2     0.9     1.7     1.1     0.5     0.2     0.1     0.1     0.1     0.2     0.3     0.6     1.1     1.9     2.2     2.1     1.1     0.6     0.2     0.1     0.1     0.3     0.7     1.3     2.0     2.6     2.9     3.0     2.6     2.5     2.3     2.1     2.1     2.6     3.6     4.2     4.9     4.1     3.9     3.3     2.3     1.6     1.3     0.9     0.6     0.4     0.2     0.1     0.1     0.1     0.1     0.2     0.2     0.2     0.2     0.1     0.2     0.3     0.5     0.8     1.1     1.5     2.2     3.0     3.7     4.6     5.5     5.2     4.1     3.1     2.9     2.5     2.2     2.7     2.9     3.5     2.6     1.7     1.3     0.8     0.4     0.3     0.3     0.2     0.1 -9999.0 -9999.0 -9999.0     3.1     6.6     6.5     7.0     6.9     7.6     7.7 -9999.0 -9999.0 -9999.0 -9999.0 -9999.0 -9999.0 -9999.0 -9999.0 -9999.0 -9999.0 -9999.0 -9999.0 -9999.0 -9999.0 -9999.0 -9999.0 -9999.0 -9999.0 -9999.0 -9999.0 -9999.0
 -9999.0 -9999.0     8.7     6.8     5.2     4.4     3.1     2.3     2.0     1.0     0.5     0.4     0.4     0.5     0.6     0.4     0.1     0.1     0.0     0.0     0.0     0.1     0.1     0.2     0.4     0.8     0.9     0.7     0.5     0.2     0.1     0.1     0.1     0.2     0.5     1.0     1.6     2.0     2.0     2.1     2.1     1.8     1.6     1.8     2.3     2.7     1.6     1.3     1.6     1.9     0.7     1.1     1.7     1.6     1.3     1.0     0.8     0.6     0.3     0.2     0.1     0.1     0.1     0.1     0.1     0.1     0.1     0.1     0.1     0.2     0.5     0.9     1.4     1.8     2.3     3.0     3.6     4.7     4.9     4.2     3.1     2.2     2.4     1.8     1.9     2.2     2.9     3.6     2.2     1.5     1.0     0.8     0.6     0.4     0.3 -9999.0 -9999.0 -9999.0 -9999.0     1.3     3.3     4.8     5.6     5.9 -9999.0 -9999.0 -9999.0 -9999.0 -9999.0 -9999.0 -9999.0 -9999.0 -9999.0 -9999.0 -9999.0 -9999.0 -9999.0 -9999.0 -9999.0 -9999.0 -9999.0 -9999.0 -9999.0 -9999.0 -9999.0 -9999.0 -9999.0 -9999.0
 -9999.0 -9999.0     5.7     3.9     2.3     2.0     3.8     3.7     2.2     1.0     0.5     0.3     0.3     0.3     0.3     0.2     0.1     0.0     0.0     0.0     0.0     0.0     0.1     0.1     0.2     0.3     0.4     0.3     0.2     0.1     0.1     0.1     0.1     0.2     0.3     0.4     0.5     0.5     0.7     0.9     1.2     0.6     0.2     0.0     0.8     0.3     0.0     0.9     0.0     0.1     0.1     0.0     0.0     0.1     1.3     1.3     1.0     1.1     0.6     0.4     0.2     0.1     0.1     0.1     0.1     0.1     0.1     0.1     0.1     0.3     0.8     1.5     2.0     2.4     2.8     3.5     4.6     5.0     5.0     3.6     2.4     2.0     1.5     1.5     1.9     2.8     3.3     2.1     1.5     1.2     0.9     0.9     0.8     0.7 -9999.0 -9999.0 -9999.0 -9999.0 -9999.0     1.5 -9999.0 -9999.0 -9999.0 -9999.0 -9999.0 -9999.0 -9999.0 -9999.0 -9999.0 -9999.0 -9999.0 -9999.0 -9999.0 -9999.0 -9999.0 -9999.0 -9999.0 -9999.0 -9999.0 -9999.0 -9999.0 -9999.0 -9999.0 -9999.0 -9999.0 -9999.0 -9999.0 -9999.0
 -9999.0 -9999.0     4.4     2.4     1.6     1.1     0.8     0.4     1.9     1.2     0.7     0.4     0.3     0.3     0.3     0.2     0.1     0.0     0.0     0.0     0.0     0.0     0.0     0.1     0.1     0.2     0.2     0.1     0.1     0.1     0.1     0.1     0.0     0.0     0.0     0.1     0.1     0.2     0.2     0.4     1.0     1.0     1.3     1.0     1.8     1.8     1.2     0.4     0.5     0.3     0.0     0.0     0.0     0.0     0.2     1.3     1.7     1.4     1.4     1.0     0.2     0.2     0.1     0.1     0.2     0.3     0.3     0.3     0.4     0.8     1.5     2.2     2.6     2.8     3.2     3.9     5.0     5.6     4.2     3.0     2.2     2.8     2.0     1.8     6.1     3.2     1.5     1.1     1.0     1.0     0.9 -9999.0 -9999.0 -9999.0 -9999.0 -9999.0 -9999.0 -9999.0 -9999.0 -9999.0 -9999.0 -9999.0 -9999.0 -9999.0 -9999.0 -9999.0 -9999.0 -9999.0 -9999.0 -9999.0 -9999.0 -9999.0 -9999.0 -9999.0 -9999.0 -9999.0 -9999.0 -9999.0 -9999.0 -9999.0 -9999.0 -9999.0 -9999.0 -9999.0 -9999.0 -9999.0 -9999.0 -9999.0
 -9999.0 -9999.0 -9999.0     1.4     1.1     0.5     0.2     0.1     0.1     0.8     1.0     0.8     0.7     0.6     0.6     0.4     0.2     0.1     0.1     0.0     0.0     0.1     0.1     0.1     0.1     0.1     0.1     0.1     0.1     0.1     0.0     0.0     0.0     0.0     0.0     0.1     0.2     0.4     0.5     1.0     1.4     1.8     2.0     2.5     3.0     1.7     0.4     0.2     0.1     0.1     0.2     0.2     0.1     0.0     0.3     0.5     1.2     1.6     1.9     1.5     0.9     0.5     0.4     0.3     0.4     0.5     0.8     0.9     1.1     1.6     2.3     2.6     2.5     2.5     3.1     4.4     5.7     6.1     4.0     2.9     2.0     2.3     2.1     5.7     5.9     2.7     1.1     0.8     0.9     1.2     1.1     1.0 -9999.0 -9999.0 -9999.0 -9999.0 -9999.0 -9999.0 -9999.0 -9999.0 -9999.0 -9999.0 -9999.0 -9999.0 -9999.0 -9999.0 -9999.0 -9999.0 -9999.0 -9999.0 -9999.0 -9999.0 -9999.0 -9999.0 -9999.0 -9999.0 -9999.0 -9999.0 -9999.0 -9999.0 -9999.0 -9999.0 -9999.0 -9999.0 -9999.0 -9999.0 -9999.0 -9999.0
 -9999.0 -9999.0 -9999.0 -9999.0 -9999.0     0.4     0.5     0.3     0.1     0.6     1.3     1.3     1.4     1.4     1.3     1.0     0.7     0.3     0.2     0.1     0.1     0.1     0.1     0.2     0.2     0.1     0.1     0.1     0.0     0.0     0.0     0.0     0.0     0.0     0.0     0.1     0.1     0.2     0.5     1.2     1.8     2.4     3.2     3.5     3.6     3.1     2.4     0.6     1.0     0.4     1.3     0.2     0.5     0.8     0.5     0.4     0.4     0.6     1.5     2.6     3.9     1.7     1.5     0.9     0.8     1.0     1.4     1.6     1.8     2.1     2.5     2.3     2.0     1.9     2.8     4.5     6.1     6.6     4.4     3.0     2.3     3.3     2.9     4.5     5.1     2.6     1.1     0.8     1.0     1.3     1.2     1.3     1.5     1.6 -9999.0 -9999.0 -9999.0     4.8 -9999.0 -9999.0 -9999.0 -9999.0 -9999.0 -9999.0 -9999.0 -9999.0 -9999.0 -9999.0 -9999.0 -9999.0 -9999.0 -9999.0 -9999.0 -9999.0 -9999.0 -9999.0 -9999.0 -9999.0 -9999.0 -9999.0 -9999.0 -9999.0 -9999.0 -9999.0 -9999.0 -9999.0 -9999.0 -9999.0
 -9999.0 -9999.0 -9999.0 -9999.0     0.5     0.1     0.1     0.1     0.1     0.6     0.3     0.5     1.0     2.2     2.4     2.0     1.5     0.9     0.5     0.3     0.3     0.3     0.3     0.2     0.1     0.0     0.0     0.0     0.0     0.0     0.0     0.0     0.0     0.0     0.1     0.1     0.2     0.1     0.1     0.5     1.8     3.1     3.7     4.3     4.3     4.1     3.7     3.0     3.2     5.7     7.3     4.6     2.4     0.9     2.1     1.2     1.0     0.8     1.8     2.1     3.9     6.0     6.1     2.4     1.0     1.8     2.2     2.0     2.3     2.2     2.2     2.0     1.8     2.0     3.0     4.5     5.6     5.3     4.3     4.3     4.0     3.3     3.2     2.6     4.8     2.7     1.2     0.9     1.0     1.1     1.2     1.6     2.1     2.3 -9999.0 -9999.0     3.7     5.2     5.6     9.4     8.2 -9999.0 -9999.0 -9999.0 -9999.0 -9999.0 -9999.0 -9999.0 -9999.0 -9999.0 -9999.0 -9999.0 -9999.0 -9999.0 -9999.0 -9999.0 -9999.0 -9999.0 -9999.0 -9999.0 -9999.0 -9999.0 -9999.0 -9999.0 -9999.0 -9999.0 -9999.0 -9999.0
 -9999.0 -9999.0 -9999.0 -9999.0     0.2     0.1     0.0     0.1     0.0     0.0     0.1     0.0     0.1     0.1     1.2     1.0     0.7     1.0     1.0     0.7     0.4     0.2     0.1     0.0     0.0     0.0     0.0     0.0     0.0     0.0     0.0     0.0     0.0     0.1     0.1     0.1     0.1     0.1     0.3     0.8     0.4     2.4     3.1     4.2     4.0     3.6     3.5     3.9     4.8     6.3     8.6     9.6     3.5     4.1     2.9     1.3     1.0     1.2     2.3     3.4     5.4     3.9     3.4     3.4     2.0     1.8     2.7     2.2     2.0     2.5     1.9     1.7     1.9     2.8     4.0     4.7     4.6     4.3     4.2     4.7     5.0     5.4     4.0     4.7     4.7     2.6     1.4     0.9     0.9     0.9     1.2     2.9     3.3     3.8     3.8     4.0     5.0     5.5     5.0 -9999.0 -9999.0 -9999.0 -9999.0 -9999.0 -9999.0 -9999.0 -9999.0 -9999.0 -9999.0 -9999.0 -9999.0 -9999.0 -9999.0 -9999.0 -9999.0 -9999.0 -9999.0 -9999.0 -9999.0 -9999.0 -9999.0 -9999.0 -9999.0 -9999.0 -9999.0 -9999.0 -9999.0 -9999.0
 -9999.0 -9999.0 -9999.0 -9999.0 -9999.0 -9999.0 -9999.0     0.0     0.0     0.0     0.0     0.0     0.0     0.0     0.0     1.4     0.2     0.6     0.5     0.1     0.0     0.0     0.0     0.0     0.0     0.0     0.0     0.0     0.0     0.0     0.0     0.0     0.1     0.1     0.1     0.2     0.2     0.2     0.2     0.2     0.7     0.1     0.2     0.5     1.2     2.1     1.6     2.2     2.9     5.4     8.2     9.4     6.9     1.2     0.8     1.2     1.0     1.3     1.6     3.3     3.8     2.4     2.1     2.7     3.5     2.5     3.1     3.2     2.1     1.9     1.6     1.8     2.7     4.1     5.2     5.1     3.8     3.6     4.2     5.1     6.2     6.5     5.7     4.7     3.2     2.1     1.4     1.1     0.9     1.0     1.7     3.5     6.1     6.8     6.8     8.0     8.7 -9999.0 -9999.0 -9999.0 -9999.0 -9999.0 -9999.0 -9999.0 -9999.0 -9999.0 -9999.0 -9999.0 -9999.0 -9999.0 -9999.0 -9999.0 -9999.0 -9999.0 -9999.0 -9999.0 -9999.0 -9999.0 -9999.0 -9999.0 -9999.0 -9999.0 -9999.0 -9999.0 -9999.0 -9999.0 -9999.0 -9999.0
 -9999.0 -9999.0 -9999.0 -9999.0 -9999.0 -9999.0 -9999.0     0.0     0.1     0.0     0.0     0.0     0.0     0.0     0.0     0.0     0.0     0.0     0.0     0.0     0.0     0.0     0.0     0.0     0.0     0.0     0.0     0.0     0.0     0.0     0.0     0.1     0.1     0.1     0.2     0.3     0.4     0.4     0.4     0.4     0.4     0.3     0.2     0.2     0.4     0.7     0.7     1.2     1.8     3.3     3.3     3.8     5.1     2.6     0.9     0.6     0.4     0.6     0.8     1.4     2.3     3.3     2.6     3.5     3.0     3.2     3.6     3.3     3.3     1.4     1.8     2.8     4.4     5.8     6.0     6.3     4.9     3.3     3.9     6.1     7.3     7.7     6.8     3.1     1.8     1.8     2.1     2.2     2.1     2.3     3.3     5.5     7.6     9.3    12.4    13.8 -9999.0 -9999.0 -9999.0 -9999.0 -9999.0 -9999.0 -9999.0 -9999.0 -9999.0 -9999.0 -9999.0 -9999.0 -9999.0 -9999.0 -9999.0 -9999.0 -9999.0 -9999.0 -9999.0 -9999.0 -9999.0 -9999.0 -9999.0 -9999.0 -9999.0 -9999.0 -9999.0 -9999.0 -9999.0 -9999.0 -9999.0 -9999.0
 -9999.0 -9999.0 -9999.0 -9999.0 -9999.0 -9999.0 -9999.0 -9999.0 -9999.0     0.0     0.0     0.1     0.0     0.0     0.0     0.1     0.0     0.0     0.0     0.0     0.0     0.0     0.0     0.0     0.0     0.0     0.0     0.0     0.0     0.0     0.1     0.1     0.1     0.2     0.4     0.5     0.7     0.7     0.8     0.7     0.6     0.5     0.4     0.4     0.3     0.4     0.6     1.1     2.2     3.7     4.8     5.2     4.4     2.9     1.3     0.6     0.3     0.3     0.5     0.8     1.3     2.4     4.3     2.6     3.4     3.4     4.0     4.1     3.9     2.0     2.6     4.3     5.9     7.0     7.7     5.6     4.3     3.5     4.8     9.2    11.0    10.7     5.2     2.9     2.6     3.4     4.8     6.2     7.3     8.0     9.2    11.2    12.4    15.3    19.1 -9999.0 -9999.0 -9999.0 -9999.0 -9999.0 -9999.0 -9999.0 -9999.0 -9999.0 -9999.0 -9999.0 -9999.0 -9999.0 -9999.0 -9999.0 -9999.0 -9999.0 -9999.0 -9999.0 -9999.0 -9999.0 -9999.0 -9999.0 -9999.0 -9999.0 -9999.0 -9999.0 -9999.0 -9999.0 -9999.0 -9999.0 -9999.0 -9999.0
 -9999.0 -9999.0 -9999.0 -9999.0 -9999.0 -9999.0 -9999.0 -9999.0 -9999.0 -9999.0 -9999.0     0.0     0.1     0.0     0.0     0.0     0.0     0.0     0.0     0.0     0.0     0.0     0.0     0.0     0.0     0.0     0.0     0.0     0.0     0.1     0.1     0.1     0.2     0.4     0.6     0.7     1.0     1.1     1.0     1.1     0.9     0.8     0.7     0.6     0.5     0.5     0.9     1.4     2.8     4.5     5.7     5.8     4.6     3.0     1.8     1.0     0.7     0.7     0.8     0.9     1.2     1.6     2.9     3.3     4.1     2.8     4.1     4.9     3.8     3.0     3.6     5.6     6.8     6.6     6.3     6.0     5.4     4.7     6.0    11.6    15.6    13.3    10.4     7.9     8.0     9.6    12.2    15.0    17.7    19.9    21.2    22.5    24.5    27.6    31.0 -9999.0 -9999.0 -9999.0 -9999.0 -9999.0 -9999.0 -9999.0 -9999.0 -9999.0 -9999.0 -9999.0 -9999.0 -9999.0 -9999.0 -9999.0 -9999.0 -9999.0 -9999.0 -9999.0 -9999.0 -9999.0 -9999.0 -9999.0 -9999.0 -9999.0 -9999.0 -9999.0 -9999.0 -9999.0 -9999.0 -9999.0 -9999.0 -9999.0
 -9999.0 -9999.0 -9999.0 -9999.0 -9999.0 -9999.0 -9999.0 -9999.0 -9999.0 -9999.0 -9999.0 -9999.0     0.1     0.1     0.0     0.1     0.0     0.0     0.0     0.0     0.0     0.0     0.0     0.0     0.0     0.0     0.0     0.0     0.1     0.1     0.1     0.2     0.4     0.5     0.7     1.0     1.3     1.6     1.8     1.8     1.7     1.5     1.2     1.0     0.9     0.9     1.3     1.5     3.0     5.0     6.6     6.1     4.5     3.1     2.2     1.8     1.7     1.8     1.6     1.8     1.4     1.5     2.0     3.0     2.6     5.5     4.3     5.2     4.5     3.9     3.9     5.8     6.3     5.8     5.3    11.7     7.3     7.5     9.1    14.1    19.0    19.0    17.8    17.8    19.3    21.6    24.2    27.3    31.0    34.4    37.0    39.3    42.7    46.2    49.1    51.1    53.7 -9999.0 -9999.0 -9999.0 -9999.0 -9999.0 -9999.0 -9999.0 -9999.0 -9999.0 -9999.0 -9999.0 -9999.0 -9999.0 -9999.0 -9999.0 -9999.0 -9999.0 -9999.0 -9999.0 -9999.0 -9999.0 -9999.0 -9999.0 -9999.0 -9999.0 -9999.0 -9999.0 -9999.0 -9999.0 -9999.0 -9999.0
 -9999.0 -9999.0 -9999.0 -9999.0 -9999.0 -9999.0 -9999.0 -9999.0 -9999.0 -9999.0 -9999.0 -9999.0     0.0     0.3     0.4     0.1     0.2     0.1     0.0     0.0     0.0     0.0     0.0     0.0     0.0     0.0     0.0     0.1     0.1     0.1     0.2     0.3     0.5     0.7     1.0     1.3     1.7     2.1     2.4     2.5     2.4     2.2     2.1     1.7     1.7     2.0     1.7     2.0     2.5     4.9     5.6     5.3     3.7     3.0     2.4     2.5     2.9     3.4     3.3     2.6     1.7     1.3     1.9     3.5     3.1     5.3     2.5     3.4     3.3     3.3     4.9     9.1    11.2     6.9     6.4     5.9     7.4    11.3    12.7    16.0    22.6    20.8    23.0    28.1    32.7    35.5    37.7    40.0    43.0    47.3    52.4    58.0    64.1    70.3    74.6    77.3    80.5 -9999.0 -9999.0 -9999.0 -9999.0 -9999.0 -9999.0 -9999.0 -9999.0 -9999.0 -9999.0 -9999.0 -9999.0 -9999.0 -9999.0 -9999.0 -9999.0 -9999.0 -9999.0 -9999.0 -9999.0 -9999.0 -9999.0 -9999.0 -9999.0 -9999.0 -9999.0 -9999.0 -9999.0 -9999.0 -9999.0 -9999.0
 -9999.0 -9999.0 -9999.0 -9999.0 -9999.0 -9999.0 -9999.0 -9999.0 -9999.0 -9999.0 -9999.0 -9999.0 -9999.0     0.1     0.0     0.3     0.1     0.1     0.1     0.1     0.0     0.1     0.0     0.0     0.0     0.0     0.0     0.1     0.1     0.2     0.3     0.5     0.6     0.8     1.1     1.5     2.0     2.5     3.0     3.2     3.2     3.3     3.3     3.5     3.0     2.5     2.8     3.5     4.3     4.8     4.8     3.4     2.6     3.1     2.6     2.8     3.7     4.5     4.7     4.6     3.5     2.5     3.2     4.4     2.2     4.5     6.2     5.0     5.0     3.2     1.2     1.8     4.6     5.6     8.2     7.0     9.1    13.4    18.8    20.8    23.3    23.5    28.8    38.0    44.6    47.2    48.8    50.4    53.7    58.9    67.3    76.9    86.0    95.8   103.3   107.4   110.3 -9999.0 -9999.0 -9999.0 -9999.0 -9999.0 -9999.0 -9999.0 -9999.0 -9999.0 -9999.0 -9999.0 -9999.0 -9999.0 -9999.0 -9999.0 -9999.0 -9999.0 -9999.0 -9999.0 -9999.0 -9999.0 -9999.0 -9999.0 -9999.0 -9999.0 -9999.0 -9999.0 -9999.0 -9999.0 -9999.0 -9999.0
 -9999.0 -9999.0 -9999.0 -9999.0 -9999.0 -9999.0 -9999.0 -9999.0 -9999.0 -9999.0 -9999.0 -9999.0     0.1     0.0     0.1     0.2     0.0     0.1     0.1     0.1     0.1     0.1     0.0     0.1     0.1     0.0     0.1     0.1     0.2     0.2     0.4     0.6     0.7     0.9     1.1     1.4     2.0     2.7     3.2     3.5     4.3     5.2     6.0     4.9     5.0     4.6     3.7     2.8     3.4     3.8     4.6     4.3     2.3     2.4     2.3     2.8     3.4     5.0     5.4     4.7     4.7     5.2     6.0     8.0     9.8     8.4     2.2     4.8     8.0     9.0     6.4     2.8     2.0     3.4     5.6     7.7    12.1    18.6    23.1    24.4    24.8    28.0    36.5    45.6    50.6    53.7    57.3    60.9    65.3    70.5    80.0    92.1   103.3   113.3   122.7   127.5   129.8   127.7 -9999.0 -9999.0 -9999.0 -9999.0 -9999.0 -9999.0 -9999.0 -9999.0 -9999.0 -9999.0 -9999.0 -9999.0 -9999.0 -9999.0 -9999.0 -9999.0 -9999.0 -9999.0 -9999.0 -9999.0 -9999.0 -9999.0 -9999.0 -9999.0 -9999.0 -9999.0 -9999.0 -9999.0 -9999.0 -9999.0
 -9999.0 -9999.0 -9999.0 -9999.0 -9999.0 -9999.0 -9999.0 -9999.0 -9999.0 -9999.0 -9999.0 -9999.0     0.0     0.5     0.2     0.0     0.0     0.2     0.1     0.1     0.1     0.1     0.1     0.1     0.1     0.1     0.1     0.2     0.2     0.4     0.6     0.7     0.8     1.0     1.0     1.2     1.7     2.5     3.2     3.4     4.0     4.9     6.0     6.7     6.7     6.3     6.8     5.6     4.8     2.3     2.4     3.2     1.8     1.6     2.0     2.8     3.3     4.1     5.0     5.5     6.2     7.3     8.6    10.3    11.2     4.4     9.2     8.1     7.4     5.2     3.0     1.9     3.0     7.7    10.7     9.4    12.3    16.1    22.5    25.5    26.1    29.6    38.1    45.2    47.7    53.7    62.8    73.3    77.5    78.5    83.0    94.0   106.1   115.5   127.0   135.6   140.5   140.3   139.7 -9999.0 -9999.0 -9999.0 -9999.0 -9999.0 -9999.0 -9999.0 -9999.0 -9999.0 -9999.0 -9999.0 -9999.0 -9999.0 -9999.0 -9999.0 -9999.0 -9999.0 -9999.0 -9999.0 -9999.0 -9999.0 -9999.0 -9999.0 -9999.0 -9999.0 -9999.0 -9999.0 -9999.0 -9999.0
 -9999.0 -9999.0 -9999.0 -9999.0 -9999.0 -9999.0 -9999.0 -9999.0 -9999.0 -9999.0 -9999.0 -9999.0     0.8     0.1     0.5     0.2     0.2     0.0     0.1     0.1     0.0     0.0     0.1     0.1     0.1     0.1     0.1     0.1     0.3     0.4     0.6     0.7     0.9     0.9     0.9     1.0     1.4     2.1     2.8     3.6     4.3     5.5     8.6     6.9     8.1     9.3     9.0     5.9     3.0     2.9     3.0     1.7     4.1     3.4     2.1     2.6     2.9     3.6     4.4     5.0     6.1     8.0    10.2    11.9     6.9     7.9    11.6    13.8    12.2     7.2     4.8     7.1     9.1    14.1    25.2    14.4    19.8    14.2    19.1    23.1    23.4    26.9    29.7    36.2    43.6    51.3    65.5    87.4    82.6    80.3    82.1    91.0   102.9   116.5   133.2   149.3   156.5   156.0   160.4   162.6 -9999.0 -9999.0 -9999.0 -9999.0 -9999.0 -9999.0 -9999.0 -9999.0 -9999.0 -9999.0 -9999.0 -9999.0 -9999.0 -9999.0 -9999.0 -9999.0 -9999.0 -9999.0 -9999.0 -9999.0 -9999.0 -9999.0 -9999.0 -9999.0 -9999.0 -9999.0 -9999.0 -9999.0
 -9999.0 -9999.0 -9999.0 -9999.0 -9999.0 -9999.0 -9999.0 -9999.0 -9999.0 -9999.0 -9999.0 -9999.0 -9999.0     0.0     0.0     0.2     0.1     0.2     0.1     0.1     0.0     0.1     0.1     0.1     0.1     0.1     0.2     0.2     0.3     0.5     0.5     0.7     0.8     0.9     0.8     1.0     1.4     2.1     3.0     3.7     4.9     8.6    11.4    11.8     8.5     7.6     8.6     3.1     6.5     5.1     2.1     4.0     2.3     1.0     2.0     2.0     2.5     3.0     3.8     5.2     6.7     8.5    11.0     9.3     4.6     8.6    13.5    16.5    13.9    12.3    10.5    10.9    16.3    14.0    16.5    12.9    12.0    13.4    18.2    18.6    20.5    25.3    29.6    34.5    41.8    50.7    63.1   105.5    93.6    84.5    88.7   100.0   111.0   124.9   146.2   168.2   180.6   182.9   188.2 -9999.0 -9999.0 -9999.0 -9999.0 -9999.0 -9999.0 -9999.0 -9999.0 -9999.0 -9999.0 -9999.0 -9999.0 -9999.0 -9999.0 -9999.0 -9999.0 -9999.0 -9999.0 -9999.0 -9999.0 -9999.0 -9999.0 -9999.0 -9999.0 -9999.0 -9999.0 -9999.0 -9999.0 -9999.0
 -9999.0 -9999.0 -9999.0 -9999.0 -9999.0 -9999.0 -9999.0 -9999.0 -9999.0 -9999.0 -9999.0 -9999.0 -9999.0     1.4     0.1     0.2     0.0     0.2     0.1     0.1     0.0     0.1     0.1     0.1     0.3     0.2     0.2     0.3     0.3     0.3     0.4     0.5     0.7     0.8     0.8     1.0     1.2     2.1     3.4     5.8     6.3     9.0    11.5    12.5    15.2    10.0     8.4     3.7     4.4     3.9     5.0     1.0     2.4     2.7     2.6     1.7     1.6     2.1     3.3     4.3     6.8     8.9     8.5     4.8     4.9     7.4    12.6    16.8    16.3    14.8    16.9    19.1    20.0    21.2    20.2    19.6    22.6    15.6    15.2    16.8    20.8    29.0    39.0    48.6    57.4    66.1    74.0    80.9    90.5    95.6   110.4   122.5   130.3   138.6   157.3   181.1   200.7   212.5   221.0 -9999.0 -9999.0 -9999.0 -9999.0 -9999.0 -9999.0 -9999.0 -9999.0 -9999.0 -9999.0 -9999.0 -9999.0 -9999.0 -9999.0 -9999.0 -9999.0 -9999.0 -9999.0 -9999.0 -9999.0 -9999.0 -9999.0 -9999.0 -9999.0 -9999.0 -9999.0 -9999.0 -9999.0 -9999.0
 -9999.0 -9999.0 -9999.0 -9999.0 -9999.0 -9999.0 -9999.0 -9999.0 -9999.0 -9999.0 -9999.0 -9999.0 -9999.0 -9999.0 -9999.0     0.2     0.3     0.1     0.2     0.3     0.1     0.2     0.2     0.2     0.2     0.3     0.1     0.2     0.2     0.3     0.3     0.4     0.5     0.7     0.7     1.2     1.9     1.6     2.9     4.4     7.4    10.0    11.7    11.7     7.1     4.2     7.1     1.9     5.0     0.6     2.6     6.5     2.1     1.7     0.3     1.3     1.4     0.6     3.2     4.9     7.2     9.1    10.4     8.0     5.8     6.0    10.4    15.3    14.4    17.2    21.0    21.6    25.5    26.4    23.5    29.9    30.1    36.6    26.4    25.1    31.4    47.2    66.0    81.1    93.5   103.5   111.3   121.6   125.7   133.2   151.6   174.8   165.4   167.0   173.5   196.1   216.2 -9999.0   244.8 -9999.0 -9999.0 -9999.0 -9999.0 -9999.0 -9999.0 -9999.0 -9999.0 -9999.0 -9999.0 -9999.0 -9999.0 -9999.0 -9999.0 -9999.0 -9999.0 -9999.0 -9999.0 -9999.0 -9999.0 -9999.0 -9999.0 -9999.0 -9999.0 -9999.0 -9999.0 -9999.0 -9999.0 -9999.0
 -9999.0 -9999.0 -9999.0 -9999.0 -9999.0 -9999.0 -9999.0 -9999.0 -9999.0 -9999.0 -9999.0 -9999.0 -9999.0 -9999.0 -9999.0 -9999.0 -9999.0     9.1     2.5 -9999.0     1.4     0.3     0.7     0.8     0.4     0.5     0.2     0.3     0.3     0.2     0.2     0.2     0.4     0.3     0.2     0.5     1.7     0.4     1.8     3.3     5.5     9.0     9.5     8.8     3.0     3.1     2.3     8.8     2.0     4.2     0.2     2.0     0.2     2.5     2.5     2.3     1.2     2.7     3.4     4.9     4.2     7.4     9.8     9.8     7.4     6.4     9.8    14.5    13.4    14.7    15.6    23.7    26.1    22.7    28.7    37.7    41.7    46.0    50.1    53.1    65.9    88.5   112.0   127.6   141.8   151.8   157.2   161.8   169.5   184.3   214.8   225.2   202.5   200.9   204.8   202.7   226.8   225.6   213.7   214.5   212.5 -9999.0 -9999.0 -9999.0 -9999.0 -9999.0 -9999.0 -9999.0 -9999.0 -9999.0 -9999.0 -9999.0 -9999.0 -9999.0 -9999.0 -9999.0 -9999.0 -9999.0 -9999.0 -9999.0 -9999.0 -9999.0 -9999.0 -9999.0 -9999.0 -9999.0 -9999.0 -9999.0
 -9999.0 -9999.0 -9999.0 -9999.0 -9999.0 -9999.0 -9999.0 -9999.0 -9999.0 -9999.0 -9999.0 -9999.0 -9999.0 -9999.0 -9999.0 -9999.0 -9999.0 -9999.0 -9999.0 -9999.0 -9999.0     1.2     0.8     0.4     0.7     1.5     1.1     0.7     0.3     0.2     0.1     0.1     0.1     0.1     0.1     0.3     0.2     0.2     0.2     0.5     1.5     6.4     8.0     7.3     2.3     4.4     7.2     2.1     9.8    22.8     4.4    10.7     8.7     2.6     3.7     4.7     4.2     3.0     5.4     5.0     2.4     5.0     6.9    10.1    10.9    10.3    13.7    18.2    16.2    14.3    15.4    20.3    20.9    19.8    26.9    39.2    52.8    65.7    82.8   101.9   120.1   138.7   157.1   169.1   184.4   186.6   187.7   190.9   202.3   226.7   258.6   253.8   258.3   224.9   238.6   228.2   211.6   194.5   175.6   201.8 -9999.0 -9999.0 -9999.0 -9999.0 -9999.0 -9999.0 -9999.0 -9999.0 -9999.0 -9999.0 -9999.0 -9999.0 -9999.0 -9999.0 -9999.0 -9999.0 -9999.0 -9999.0 -9999.0 -9999.0 -9999.0 -9999.0 -9999.0 -9999.0 -9999.0 -9999.0 -9999.0 -9999.0
 -9999.0 -9999.0 -9999.0 -9999.0 -9999.0 -9999.0 -9999.0 -9999.0 -9999.0 -9999.0 -9999.0 -9999.0 -9999.0 -9999.0 -9999.0 -9999.0 -9999.0 -9999.0 -9999.0 -9999.0 -9999.0 -9999.0 -9999.0     5.3     2.1     2.1     1.7     1.0     0.3     0.2     0.1     0.1     0.2     0.2     0.4     0.4     0.6     0.2     1.0     2.0     2.5     4.8     3.2     2.3     2.0    13.9     2.8     2.7     3.8     5.5     4.4    11.0     7.0     8.4     7.3     4.2     6.1     6.3     1.5     5.2     3.1     7.2    10.6     9.1    13.3    17.4    21.7    25.6    21.2    16.6    17.8    18.5    19.4    23.5    28.3    42.1    64.7    90.1   118.1   146.5   161.6   164.9   176.3   192.3   204.7   236.0   226.9   244.0   253.3   266.9   287.9   293.5   272.3   259.6   240.2   212.5   182.2   153.3   171.3 -9999.0 -9999.0 -9999.0 -9999.0 -9999.0 -9999.0 -9999.0 -9999.0 -9999.0 -9999.0 -9999.0 -9999.0 -9999.0 -9999.0 -9999.0 -9999.0 -9999.0 -9999.0 -9999.0 -9999.0 -9999.0 -9999.0 -9999.0 -9999.0 -9999.0 -9999.0 -9999.0 -9999.0 -9999.0
 -9999.0 -9999.0 -9999.0 -9999.0 -9999.0 -9999.0 -9999.0 -9999.0 -9999.0 -9999.0 -9999.0 -9999.0 -9999.0 -9999.0 -9999.0 -9999.0 -9999.0 -9999.0 -9999.0 -9999.0 -9999.0 -9999.0 -9999.0 -9999.0 -9999.0     8.8     4.0     0.6     0.4     0.3     0.1     0.1     0.1     0.1     0.1     0.4     1.6     0.2     1.2     0.7     2.7     1.3     1.4     1.5     8.4    18.9    12.4    36.5     6.6     9.9    14.0    14.1    17.0    17.0    14.6    10.2     8.8     5.0     6.3     5.2     5.4     8.3    10.6     9.6    16.2    24.8    29.4    24.4    20.3    18.6    16.8    18.3    18.5    27.0    35.6    48.4    71.9   105.5   142.6   164.8   171.3   170.9   185.0   212.1   233.0   255.9   275.7   292.7   292.2   287.3   283.2   272.7   268.3   227.4   211.6   165.2   147.0   129.9 -9999.0 -9999.0 -9999.0 -9999.0 -9999.0 -9999.0 -9999.0 -9999.0 -9999.0 -9999.0 -9999.0 -9999.0 -9999.0 -9999.0 -9999.0 -9999.0 -9999.0 -9999.0 -9999.0 -9999.0 -9999.0 -9999.0 -9999.0 -9999.0 -9999.0 -9999.0 -9999.0 -9999.0 -9999.0 -9999.0
 -9999.0 -9999.0 -9999.0 -9999.0 -9999.0 -9999.0 -9999.0 -9999.0 -9999.0 -9999.0 -9999.0 -9999.0 -9999.0 -9999.0 -9999.0 -9999.0 -9999.0 -9999.0 -9999.0 -9999.0 -9999.0 -9999.0 -9999.0 -9999.0 -9999.0 -9999.0 -9999.0     7.3     5.4     1.2     0.5     0.2     0.2     0.1     0.1     0.1     0.1     0.1     0.0     0.1     0.8     0.2     1.7     8.1    13.1    22.5    34.9    46.4    59.2    34.3    73.7    83.4    28.3    31.4    23.7    16.7     7.4     3.1     5.9     3.1     3.7     9.1     8.5    10.9    12.8    19.5    29.6    28.4    21.2    16.8    16.4    22.6    20.9    33.8    45.1    62.8    94.1   123.5   144.4   160.2   169.9   179.0   204.8   235.3   254.0   267.3   270.5   277.0   272.0   269.2   277.0   252.6   239.3   213.8   172.8   140.2   117.1 -9999.0 -9999.0 -9999.0 -9999.0 -9999.0 -9999.0 -9999.0 -9999.0 -9999.0 -9999.0 -9999.0 -9999.0 -9999.0 -9999.0 -9999.0 -9999.0 -9999.0 -9999.0 -9999.0 -9999.0 -9999.0 -9999.0 -9999.0 -9999.0 -9999.0 -9999.0 -9999.0 -9999.0 -9999.0 -9999.0 -9999.0
 -9999.0 -9999.0 -9999.0 -9999.0 -9999.0 -9999.0 -9999.0 -9999.0 -9999.0 -9999.0 -9999.0 -9999.0 -9999.0 -9999.0 -9999.0 -9999.0 -9999.0 -9999.0 -9999.0 -9999.0 -9999.0 -9999.0 -9999.0 -9999.0 -9999.0 -9999.0 -9999.0 -9999.0 -9999.0 -9999.0 -9999.0 -9999.0 -9999.0     0.2     0.1 -9999.0 -9999.0 -9999.0     0.1     0.1     0.2     1.0     1.3    10.0    18.1    25.4 -9999.0 -9999.0 -9999.0 -9999.0 -9999.0 -9999.0    63.1    31.7    35.9    18.0     7.7     3.3     2.9     3.9     7.6    11.6    12.6    12.7    14.3    18.2    22.6    24.4    23.4    19.4    18.3    28.2    39.7    48.7    73.2    90.4   117.6   137.4   149.7   158.5   173.3   203.7   226.4   231.8   227.6   227.1   218.3   222.2   245.0   233.0   237.1   220.4   191.8   173.4   156.3   128.6   110.6 -9999.0 -9999.0 -9999.0 -9999.0 -9999.0 -9999.0 -9999.0 -9999.0 -9999.0 -9999.0 -9999.0 -9999.0 -9999.0 -9999.0 -9999.0 -9999.0 -9999.0 -9999.0 -9999.0 -9999.0 -9999.0 -9999.0 -9999.0 -9999.0 -9999.0 -9999.0 -9999.0 -9999.0 -9999.0 -9999.0 -9999.0
 -9999.0 -9999.0 -9999.0 -9999.0 -9999.0 -9999.0 -9999.0 -9999.0 -9999.0 -9999.0 -9999.0 -9999.0 -9999.0 -9999.0 -9999.0 -9999.0 -9999.0 -9999.0 -9999.0 -9999.0 -9999.0 -9999.0 -9999.0 -9999.0 -9999.0 -9999.0 -9999.0 -9999.0 -9999.0 -9999.0 -9999.0 -9999.0 -9999.0 -9999.0 -9999.0 -9999.0 -9999.0 -9999.0 -9999.0     1.8     2.7     4.5     7.2    11.0 -9999.0 -9999.0 -9999.0 -9999.0 -9999.0 -9999.0 -9999.0 -9999.0    61.8    34.3    29.6    20.0     9.7     5.8     5.6     8.2    12.8    16.5    17.1    15.9    16.2    17.5    20.9    27.6    28.4    31.6    37.9    45.5    50.3    78.6    97.6   118.2   133.2   145.6   153.7   154.0   168.9   194.4   204.9   190.7   186.9   185.6   182.6   196.5   201.3   206.3   191.5   169.9   148.2   151.9   138.9   125.5 -9999.0 -9999.0 -9999.0 -9999.0 -9999.0 -9999.0 -9999.0 -9999.0 -9999.0 -9999.0 -9999.0 -9999.0 -9999.0 -9999.0 -9999.0 -9999.0 -9999.0 -9999.0 -9999.0 -9999.0 -9999.0 -9999.0 -9999.0 -9999.0 -9999.0 -9999.0 -9999.0 -9999.0 -9999.0 -9999.0 -9999.0 -9999.0
 -9999.0 -9999.0 -9999.0 -9999.0 -9999.0 -9999.0 -9999.0 -9999.0 -9999.0 -9999.0 -9999.0 -9999.0 -9999.0 -9999.0 -9999.0 -9999.0 -9999.0 -9999.0 -9999.0 -9999.0 -9999.0 -9999.0 -9999.0 -9999.0 -9999.0 -9999.0 -9999.0 -9999.0 -9999.0 -9999.0 -9999.0 -9999.0 -9999.0 -9999.0 -9999.0 -9999.0 -9999.0 -9999.0 -9999.0 -9999.0 -9999.0 -9999.0 -9999.0 -9999.0 -9999.0 -9999.0 -9999.0 -9999.0 -9999.0 -9999.0 -9999.0 -9999.0    76.9    37.2    32.9    24.1    17.4    12.3    11.5    14.6    15.8    18.5    16.0    17.4    18.6    23.8    29.8    31.1    32.9    38.7    49.5    63.2    85.2    91.3   106.6   119.2   129.7   140.8   151.7   154.4   154.5   157.0   160.6   153.6   156.2   159.3   163.9   173.4   183.1   178.8   162.6   151.8   125.0   132.1   125.0 -9999.0 -9999.0 -9999.0 -9999.0 -9999.0 -9999.0 -9999.0 -9999.0 -9999.0 -9999.0 -9999.0 -9999.0 -9999.0 -9999.0 -9999.0 -9999.0 -9999.0 -9999.0 -9999.0 -9999.0 -9999.0 -9999.0 -9999.0 -9999.0 -9999.0 -9999.0 -9999.0 -9999.0 -9999.0 -9999.0 -9999.0 -9999.0 -9999.0
 -9999.0 -9999.0 -9999.0 -9999.0 -9999.0 -9999.0 -9999.0 -9999.0 -9999.0 -9999.0 -9999.0 -9999.0 -9999.0 -9999.0 -9999.0 -9999.0 -9999.0 -9999.0 -9999.0 -9999.0 -9999.0 -9999.0 -9999.0 -9999.0 -9999.0 -9999.0 -9999.0 -9999.0 -9999.0 -9999.0 -9999.0 -9999.0 -9999.0 -9999.0 -9999.0 -9999.0 -9999.0 -9999.0 -9999.0 -9999.0 -9999.0 -9999.0 -9999.0 -9999.0 -9999.0 -9999.0 -9999.0 -9999.0 -9999.0 -9999.0 -9999.0    54.5    56.6    43.0    46.4    37.7    31.4    26.8    21.9     6.2    21.1    18.6    14.1    15.4    20.4    29.1    31.9    21.5    29.0    32.2    43.8    57.7    58.7    64.3    85.4   100.7   111.7   131.0   137.5   141.2   144.8   139.5   122.4   135.9   147.0   150.1   146.5   155.9   160.2   150.9   137.8   129.1   123.1   111.7   112.4 -9999.0 -9999.0 -9999.0 -9999.0 -9999.0 -9999.0 -9999.0 -9999.0 -9999.0 -9999.0 -9999.0 -9999.0 -9999.0 -9999.0 -9999.0 -9999.0 -9999.0 -9999.0 -9999.0 -9999.0 -9999.0 -9999.0 -9999.0 -9999.0 -9999.0 -9999.0 -9999.0 -9999.0 -9999.0 -9999.0 -9999.0 -9999.0 -9999.0
 -9999.0 -9999.0 -9999.0 -9999.0 -9999.0 -9999.0 -9999.0 -9999.0 -9999.0 -9999.0 -9999.0 -9999.0 -9999.0 -9999.0 -9999.0 -9999.0 -9999.0 -9999.0 -9999.0 -9999.0 -9999.0 -9999.0 -9999.0 -9999.0 -9999.0 -9999.0 -9999.0 -9999.0 -9999.0 -9999.0 -9999.0 -9999.0 -9999.0 -9999.0 -9999.0 -9999.0 -9999.0 -9999.0 -9999.0 -9999.0 -9999.0 -9999.0 -9999.0 -9999.0 -9999.0 -9999.0 -9999.0 -9999.0 -9999.0 -9999.0    28.8    44.0    48.3    48.9    50.9    49.4    44.5    29.5    24.8    22.1    15.2    14.8    10.8    12.7    20.1    28.6    28.7    19.5    20.7    15.4    26.0    27.6    35.7    52.1    65.0    77.5    95.0    99.1   125.7   122.6   119.1   132.3   128.6   142.7   128.8   134.8   127.5   132.3   131.0   123.5   113.8   103.3   107.3    97.7    93.4 -9999.0 -9999.0 -9999.0 -9999.0 -9999.0 -9999.0 -9999.0 -9999.0 -9999.0 -9999.0 -9999.0 -9999.0 -9999.0 -9999.0 -9999.0 -9999.0 -9999.0 -9999.0 -9999.0 -9999.0 -9999.0 -9999.0 -9999.0 -9999.0 -9999.0 -9999.0 -9999.0 -9999.0 -9999.0 -9999.0 -9999.0 -9999.0 -9999.0
 -9999.0 -9999.0 -9999.0 -9999.0 -9999.0 -9999.0 -9999.0 -9999.0 -9999.0 -9999.0 -9999.0 -9999.0 -9999.0 -9999.0 -9999.0 -9999.0 -9999.0 -9999.0 -9999.0 -9999.0 -9999.0 -9999.0 -9999.0 -9999.0 -9999.0 -9999.0 -9999.0 -9999.0 -9999.0 -9999.0 -9999.0 -9999.0 -9999.0 -9999.0 -9999.0 -9999.0 -9999.0 -9999.0 -9999.0 -9999.0 -9999.0 -9999.0 -9999.0 -9999.0 -9999.0 -9999.0 -9999.0 -9999.0 -9999.0 -9999.0    17.9    38.0    30.0    45.8    50.4    49.9    23.6    39.0    26.2    13.0     7.7     8.0     7.9    11.6    17.3    20.6    19.3    10.2     8.9     7.0    13.6    22.3    30.2    35.8    43.9    58.5    72.7    94.7    98.7    89.7   110.2    97.4   114.6   125.8   109.7   107.6   104.4   105.2   101.9    95.1    89.0    81.1    78.3    71.3 -9999.0 -9999.0 -9999.0 -9999.0 -9999.0 -9999.0 -9999.0 -9999.0 -9999.0 -9999.0 -9999.0 -9999.0 -9999.0 -9999.0 -9999.0 -9999.0 -9999.0 -9999.0 -9999.0 -9999.0 -9999.0 -9999.0 -9999.0 -9999.0 -9999.0 -9999.0 -9999.0 -9999.0 -9999.0 -9999.0 -9999.0 -9999.0 -9999.0 -9999.0
 -9999.0 -9999.0 -9999.0 -9999.0 -9999.0 -9999.0 -9999.0 -9999.0 -9999.0 -9999.0 -9999.0 -9999.0 -9999.0 -9999.0 -9999.0 -9999.0 -9999.0 -9999.0 -9999.0 -9999.0 -9999.0 -9999.0 -9999.0 -9999.0 -9999.0 -9999.0 -9999.0 -9999.0 -9999.0 -9999.0 -9999.0 -9999.0 -9999.0 -9999.0 -9999.0 -9999.0 -9999.0 -9999.0 -9999.0 -9999.0 -9999.0 -9999.0 -9999.0 -9999.0 -9999.0 -9999.0 -9999.0 -9999.0 -9999.0 -9999.0     8.6    18.0    15.6    41.1    30.6    29.1    40.6    26.2    20.8     6.1     7.0     7.5     8.4    10.8    13.6    13.9    11.1     7.3     6.2    14.5    15.7    39.0    37.2    45.0    45.0    54.8    58.2    78.1    72.1    81.4    69.8    95.0    98.9    96.5    88.3    91.9    89.3    83.9    79.3    75.2    68.2    60.2 -9999.0 -9999.0 -9999.0 -9999.0 -9999.0 -9999.0 -9999.0 -9999.0 -9999.0 -9999.0 -9999.0 -9999.0 -9999.0 -9999.0 -9999.0 -9999.0 -9999.0 -9999.0 -9999.0 -9999.0 -9999.0 -9999.0 -9999.0 -9999.0 -9999.0 -9999.0 -9999.0 -9999.0 -9999.0 -9999.0 -9999.0 -9999.0 -9999.0 -9999.0 -9999.0 -9999.0
 -9999.0 -9999.0 -9999.0 -9999.0 -9999.0 -9999.0 -9999.0 -9999.0 -9999.0 -9999.0 -9999.0 -9999.0 -9999.0 -9999.0 -9999.0 -9999.0 -9999.0 -9999.0 -9999.0 -9999.0 -9999.0 -9999.0 -9999.0 -9999.0 -9999.0 -9999.0 -9999.0 -9999.0 -9999.0 -9999.0 -9999.0 -9999.0 -9999.0 -9999.0 -9999.0 -9999.0 -9999.0 -9999.0 -9999.0 -9999.0 -9999.0 -9999.0 -9999.0 -9999.0 -9999.0 -9999.0 -9999.0 -9999.0 -9999.0 -9999.0    10.4    18.8    17.4    23.5    24.0    29.2     9.0    17.5    14.3     6.4     8.1     8.4     8.7    10.3     9.9     9.0    10.8    12.3    21.4     9.3    25.8    42.0    58.7    59.4    54.7    58.9    56.3    64.4    51.8    62.8    66.3    66.4    79.7    78.5    86.6    86.9    78.8    71.8    64.1    58.9    51.3 -9999.0 -9999.0 -9999.0 -9999.0 -9999.0 -9999.0 -9999.0 -9999.0 -9999.0 -9999.0 -9999.0 -9999.0 -9999.0 -9999.0 -9999.0 -9999.0 -9999.0 -9999.0 -9999.0 -9999.0 -9999.0 -9999.0 -9999.0 -9999.0 -9999.0 -9999.0 -9999.0 -9999.0 -9999.0 -9999.0 -9999.0 -9999.0 -9999.0 -9999.0 -9999.0 -9999.0 -9999.0
 -9999.0 -9999.0 -9999.0 -9999.0 -9999.0 -9999.0 -9999.0 -9999.0 -9999.0 -9999.0 -9999.0 -9999.0 -9999.0 -9999.0 -9999.0 -9999.0 -9999.0 -9999.0 -9999.0 -9999.0 -9999.0 -9999.0 -9999.0 -9999.0 -9999.0 -9999.0 -9999.0 -9999.0 -9999.0 -9999.0 -9999.0 -9999.0 -9999.0 -9999.0 -9999.0 -9999.0 -9999.0 -9999.0 -9999.0 -9999.0 -9999.0 -9999.0 -9999.0 -9999.0 -9999.0 -9999.0 -9999.0 -9999.0 -9999.0 -9999.0 -9999.0 -9999.0 -9999.0     8.6     8.6     9.2    12.1    16.9     7.9     9.4    13.7    10.2    13.7     9.3     5.9     5.0    10.0    12.3    28.0    33.4    32.8    42.9    57.3    61.2    58.8    58.3    53.7    50.2    49.1    53.5    57.1    67.9    73.6    76.6    77.1    73.9    65.2    51.0    45.1    40.9 -9999.0 -9999.0 -9999.0 -9999.0 -9999.0 -9999.0 -9999.0 -9999.0 -9999.0 -9999.0 -9999.0 -9999.0 -9999.0 -9999.0 -9999.0 -9999.0 -9999.0 -9999.0 -9999.0 -9999.0 -9999.0 -9999.0 -9999.0 -9999.0 -9999.0 -9999.0 -9999.0 -9999.0 -9999.0 -9999.0 -9999.0 -9999.0 -9999.0 -9999.0 -9999.0 -9999.0 -9999.0 -9999.0
 -9999.0 -9999.0 -9999.0 -9999.0 -9999.0 -9999.0 -9999.0 -9999.0 -9999.0 -9999.0 -9999.0 -9999.0 -9999.0 -9999.0 -9999.0 -9999.0 -9999.0 -9999.0 -9999.0 -9999.0 -9999.0 -9999.0 -9999.0 -9999.0 -9999.0 -9999.0 -9999.0 -9999.0 -9999.0 -9999.0 -9999.0 -9999.0 -9999.0 -9999.0 -9999.0 -9999.0 -9999.0 -9999.0 -9999.0 -9999.0 -9999.0 -9999.0 -9999.0 -9999.0 -9999.0 -9999.0 -9999.0 -9999.0 -9999.0 -9999.0 -9999.0 -9999.0 -9999.0     2.9     2.1    13.0     7.1     8.2    14.6    17.8    13.1    12.0    13.1     7.0     3.7     3.1     2.9    17.7    17.9    23.1    22.1    30.2    43.3    49.6    47.1    38.0    32.8    28.9    34.8    45.9    57.3    64.0    68.8 -9999.0    63.0    54.3 -9999.0 -9999.0 -9999.0 -9999.0 -9999.0 -9999.0 -9999.0 -9999.0 -9999.0 -9999.0 -9999.0 -9999.0 -9999.0 -9999.0 -9999.0 -9999.0 -9999.0 -9999.0 -9999.0 -9999.0 -9999.0 -9999.0 -9999.0 -9999.0 -9999.0 -9999.0 -9999.0 -9999.0 -9999.0 -9999.0 -9999.0 -9999.0 -9999.0 -9999.0 -9999.0 -9999.0 -9999.0 -9999.0 -9999.0 -9999.0 -9999.0 -9999.0
 -9999.0 -9999.0 -9999.0 -9999.0 -9999.0 -9999.0 -9999.0 -9999.0 -9999.0 -9999.0 -9999.0 -9999.0 -9999.0 -9999.0 -9999.0 -9999.0 -9999.0 -9999.0 -9999.0 -9999.0 -9999.0 -9999.0 -9999.0 -9999.0 -9999.0 -9999.0 -9999.0 -9999.0 -9999.0 -9999.0 -9999.0 -9999.0 -9999.0 -9999.0 -9999.0 -9999.0 -9999.0 -9999.0 -9999.0 -9999.0 -9999.0 -9999.0 -9999.0 -9999.0 -9999.0 -9999.0 -9999.0 -9999.0 -9999.0 -9999.0 -9999.0 -9999.0 -9999.0     0.2     0.0     2.0     3.4     5.0    10.0    11.1    13.0    11.5    10.8     7.5     1.7 -9999.0 -9999.0 -9999.0    15.7    11.8    14.8    22.2    29.2    32.9    30.6    22.4    18.3    19.7    19.3    36.3    47.2    50.9    48.6 -9999.0 -9999.0 -9999.0 -9999.0 -9999.0 -9999.0 -9999.0 -9999.0 -9999.0 -9999.0 -9999.0 -9999.0 -9999.0 -9999.0 -9999.0 -9999.0 -9999.0 -9999.0 -9999.0 -9999.0 -9999.0 -9999.0 -9999.0 -9999.0 -9999.0 -9999.0 -9999.0 -9999.0 -9999.0 -9999.0 -9999.0 -9999.0 -9999.0 -9999.0 -9999.0 -9999.0 -9999.0 -9999.0 -9999.0 -9999.0 -9999.0 -9999.0 -9999.0 -9999.0 -9999.0
 -9999.0 -9999.0 -9999.0 -9999.0 -9999.0 -9999.0 -9999.0 -9999.0 -9999.0 -9999.0 -9999.0 -9999.0 -9999.0 -9999.0 -9999.0 -9999.0 -9999.0 -9999.0 -9999.0 -9999.0 -9999.0 -9999.0 -9999.0 -9999.0 -9999.0 -9999.0 -9999.0 -9999.0 -9999.0 -9999.0 -9999.0 -9999.0 -9999.0 -9999.0 -9999.0 -9999.0 -9999.0 -9999.0 -9999.0 -9999.0 -9999.0 -9999.0 -9999.0 -9999.0 -9999.0 -9999.0 -9999.0 -9999.0 -9999.0 -9999.0 -9999.0 -9999.0 -9999.0 -9999.0     0.0     0.0     0.0     0.1     3.4     7.3     3.3 -9999.0 -9999.0 -9999.0 -9999.0 -9999.0 -9999.0 -9999.0     3.6     7.9    15.6    12.5    16.6    22.0    21.4    17.0    16.1    18.1    22.7 -9999.0    31.3 -9999.0 -9999.0 -9999.0 -9999.0 -9999.0 -9999.0 -9999.0 -9999.0 -9999.0 -9999.0 -9999.0 -9999.0 -9999.0 -9999.0 -9999.0 -9999.0 -9999.0 -9999.0 -9999.0 -9999.0 -9999.0 -9999.0 -9999.0 -9999.0 -9999.0 -9999.0 -9999.0 -9999.0 -9999.0 -9999.0 -9999.0 -9999.0 -9999.0 -9999.0 -9999.0 -9999.0 -9999.0 -9999.0 -9999.0 -9999.0 -9999.0 -9999.0 -9999.0 -9999.0 -9999.0 -9999.0 -9999.0
 -9999.0 -9999.0 -9999.0 -9999.0 -9999.0 -9999.0 -9999.0 -9999.0 -9999.0 -9999.0 -9999.0 -9999.0 -9999.0 -9999.0 -9999.0 -9999.0 -9999.0 -9999.0 -9999.0 -9999.0 -9999.0 -9999.0 -9999.0 -9999.0 -9999.0 -9999.0 -9999.0 -9999.0 -9999.0 -9999.0 -9999.0 -9999.0 -9999.0 -9999.0 -9999.0 -9999.0 -9999.0 -9999.0 -9999.0 -9999.0 -9999.0 -9999.0 -9999.0 -9999.0 -9999.0 -9999.0 -9999.0 -9999.0 -9999.0 -9999.0 -9999.0 -9999.0 -9999.0 -9999.0 -9999.0     0.0     0.0     0.0     0.0     0.4     0.5 -9999.0 -9999.0 -9999.0 -9999.0 -9999.0 -9999.0 -9999.0 -9999.0 -9999.0     4.2 -9999.0 -9999.0 -9999.0 -9999.0 -9999.0    13.6 -9999.0 -9999.0 -9999.0 -9999.0 -9999.0 -9999.0 -9999.0 -9999.0 -9999.0 -9999.0 -9999.0 -9999.0 -9999.0 -9999.0 -9999.0 -9999.0 -9999.0 -9999.0 -9999.0 -9999.0 -9999.0 -9999.0 -9999.0 -9999.0 -9999.0 -9999.0 -9999.0 -9999.0 -9999.0 -9999.0 -9999.0 -9999.0 -9999.0 -9999.0 -9999.0 -9999.0 -9999.0 -9999.0 -9999.0 -9999.0 -9999.0 -9999.0 -9999.0 -9999.0 -9999.0 -9999.0 -9999.0 -9999.0 -9999.0 -9999.0 -9999.0
 -9999.0 -9999.0 -9999.0 -9999.0 -9999.0 -9999.0 -9999.0 -9999.0 -9999.0 -9999.0 -9999.0 -9999.0 -9999.0 -9999.0 -9999.0 -9999.0 -9999.0 -9999.0 -9999.0 -9999.0 -9999.0 -9999.0 -9999.0 -9999.0 -9999.0 -9999.0 -9999.0 -9999.0 -9999.0 -9999.0 -9999.0 -9999.0 -9999.0 -9999.0 -9999.0 -9999.0 -9999.0 -9999.0 -9999.0 -9999.0 -9999.0 -9999.0 -9999.0 -9999.0 -9999.0 -9999.0 -9999.0 -9999.0 -9999.0 -9999.0 -9999.0 -9999.0 -9999.0 -9999.0 -9999.0 -9999.0 -9999.0 -9999.0     0.0     0.0 -9999.0 -9999.0 -9999.0 -9999.0 -9999.0 -9999.0 -9999.0 -9999.0 -9999.0 -9999.0 -9999.0 -9999.0 -9999.0 -9999.0 -9999.0    12.9    12.0 -9999.0 -9999.0 -9999.0 -9999.0 -9999.0 -9999.0 -9999.0 -9999.0 -9999.0 -9999.0 -9999.0 -9999.0 -9999.0 -9999.0 -9999.0 -9999.0 -9999.0 -9999.0 -9999.0 -9999.0 -9999.0 -9999.0 -9999.0 -9999.0 -9999.0 -9999.0 -9999.0 -9999.0 -9999.0 -9999.0 -9999.0 -9999.0 -9999.0 -9999.0 -9999.0 -9999.0 -9999.0 -9999.0 -9999.0 -9999.0 -9999.0 -9999.0 -9999.0 -9999.0 -9999.0 -9999.0 -9999.0 -9999.0 -9999.0 -9999.0 -9999.0
 -9999.0 -9999.0 -9999.0 -9999.0 -9999.0 -9999.0 -9999.0 -9999.0 -9999.0 -9999.0 -9999.0 -9999.0 -9999.0 -9999.0 -9999.0 -9999.0 -9999.0 -9999.0 -9999.0 -9999.0 -9999.0 -9999.0 -9999.0 -9999.0 -9999.0 -9999.0 -9999.0 -9999.0 -9999.0 -9999.0 -9999.0 -9999.0 -9999.0 -9999.0 -9999.0 -9999.0 -9999.0 -9999.0 -9999.0 -9999.0 -9999.0 -9999.0 -9999.0 -9999.0 -9999.0 -9999.0 -9999.0 -9999.0 -9999.0 -9999.0 -9999.0 -9999.0 -9999.0 -9999.0 -9999.0 -9999.0 -9999.0 -9999.0 -9999.0 -9999.0 -9999.0 -9999.0 -9999.0 -9999.0 -9999.0 -9999.0 -9999.0 -9999.0 -9999.0 -9999.0 -9999.0 -9999.0 -9999.0 -9999.0 -9999.0 -9999.0 -9999.0 -9999.0 -9999.0 -9999.0 -9999.0 -9999.0 -9999.0 -9999.0 -9999.0 -9999.0 -9999.0 -9999.0 -9999.0 -9999.0 -9999.0 -9999.0 -9999.0 -9999.0 -9999.0 -9999.0 -9999.0 -9999.0 -9999.0 -9999.0 -9999.0 -9999.0 -9999.0 -9999.0 -9999.0 -9999.0 -9999.0 -9999.0 -9999.0 -9999.0 -9999.0 -9999.0 -9999.0 -9999.0 -9999.0 -9999.0 -9999.0 -9999.0 -9999.0 -9999.0 -9999.0 -9999.0 -9999.0 -9999.0 -9999.0 -9999.0 -9999.0 -9999.0
 -9999.0 -9999.0 -9999.0 -9999.0 -9999.0 -9999.0 -9999.0 -9999.0 -9999.0 -9999.0 -9999.0 -9999.0 -9999.0 -9999.0 -9999.0 -9999.0 -9999.0 -9999.0 -9999.0 -9999.0 -9999.0 -9999.0 -9999.0 -9999.0 -9999.0 -9999.0 -9999.0 -9999.0 -9999.0 -9999.0 -9999.0 -9999.0 -9999.0 -9999.0 -9999.0 -9999.0 -9999.0 -9999.0 -9999.0 -9999.0 -9999.0 -9999.0 -9999.0 -9999.0 -9999.0 -9999.0 -9999.0 -9999.0 -9999.0 -9999.0 -9999.0 -9999.0 -9999.0 -9999.0 -9999.0 -9999.0 -9999.0 -9999.0 -9999.0 -9999.0 -9999.0 -9999.0 -9999.0 -9999.0 -9999.0 -9999.0 -9999.0 -9999.0 -9999.0 -9999.0 -9999.0 -9999.0 -9999.0 -9999.0 -9999.0    12.5    15.4    16.6 -9999.0 -9999.0 -9999.0 -9999.0 -9999.0 -9999.0 -9999.0 -9999.0 -9999.0 -9999.0 -9999.0 -9999.0 -9999.0 -9999.0 -9999.0 -9999.0 -9999.0 -9999.0 -9999.0 -9999.0 -9999.0 -9999.0 -9999.0 -9999.0 -9999.0 -9999.0 -9999.0 -9999.0 -9999.0 -9999.0 -9999.0 -9999.0 -9999.0 -9999.0 -9999.0 -9999.0 -9999.0 -9999.0 -9999.0 -9999.0 -9999.0 -9999.0 -9999.0 -9999.0 -9999.0 -9999.0 -9999.0 -9999.0 -9999.0 -9999.0
 -9999.0 -9999.0 -9999.0 -9999.0 -9999.0 -9999.0 -9999.0 -9999.0 -9999.0 -9999.0 -9999.0 -9999.0 -9999.0 -9999.0 -9999.0 -9999.0 -9999.0 -9999.0 -9999.0 -9999.0 -9999.0 -9999.0 -9999.0 -9999.0 -9999.0 -9999.0 -9999.0 -9999.0 -9999.0 -9999.0 -9999.0 -9999.0 -9999.0 -9999.0 -9999.0 -9999.0 -9999.0 -9999.0 -9999.0 -9999.0 -9999.0 -9999.0 -9999.0 -9999.0 -9999.0 -9999.0 -9999.0 -9999.0 -9999.0 -9999.0 -9999.0 -9999.0 -9999.0 -9999.0 -9999.0 -9999.0 -9999.0 -9999.0 -9999.0 -9999.0 -9999.0 -9999.0 -9999.0 -9999.0 -9999.0 -9999.0 -9999.0 -9999.0 -9999.0 -9999.0 -9999.0 -9999.0 -9999.0     0.9     5.6     9.6    13.9 -9999.0 -9999.0 -9999.0 -9999.0 -9999.0 -9999.0 -9999.0 -9999.0 -9999.0 -9999.0 -9999.0 -9999.0 -9999.0 -9999.0 -9999.0 -9999.0 -9999.0 -9999.0 -9999.0 -9999.0 -9999.0 -9999.0 -9999.0 -9999.0 -9999.0 -9999.0 -9999.0 -9999.0 -9999.0 -9999.0 -9999.0 -9999.0 -9999.0 -9999.0 -9999.0 -9999.0 -9999.0 -9999.0 -9999.0 -9999.0 -9999.0 -9999.0 -9999.0 -9999.0 -9999.0 -9999.0 -9999.0 -9999.0 -9999.0 -9999.0 -9999.0
 -9999.0 -9999.0 -9999.0 -9999.0 -9999.0 -9999.0 -9999.0 -9999.0 -9999.0 -9999.0 -9999.0 -9999.0 -9999.0 -9999.0 -9999.0 -9999.0 -9999.0 -9999.0 -9999.0 -9999.0 -9999.0 -9999.0 -9999.0 -9999.0 -9999.0 -9999.0 -9999.0 -9999.0 -9999.0 -9999.0 -9999.0 -9999.0 -9999.0 -9999.0 -9999.0 -9999.0 -9999.0 -9999.0 -9999.0 -9999.0 -9999.0 -9999.0 -9999.0 -9999.0 -9999.0 -9999.0 -9999.0 -9999.0 -9999.0 -9999.0 -9999.0 -9999.0 -9999.0 -9999.0 -9999.0 -9999.0 -9999.0 -9999.0 -9999.0 -9999.0 -9999.0 -9999.0 -9999.0 -9999.0 -9999.0 -9999.0 -9999.0 -9999.0 -9999.0 -9999.0 -9999.0 -9999.0 -9999.0 -9999.0     1.2     5.3     8.3 -9999.0 -9999.0 -9999.0 -9999.0 -9999.0 -9999.0 -9999.0 -9999.0 -9999.0 -9999.0 -9999.0 -9999.0 -9999.0 -9999.0 -9999.0 -9999.0 -9999.0 -9999.0 -9999.0 -9999.0 -9999.0 -9999.0 -9999.0 -9999.0 -9999.0 -9999.0 -9999.0 -9999.0 -9999.0 -9999.0 -9999.0 -9999.0 -9999.0 -9999.0 -9999.0 -9999.0 -9999.0 -9999.0 -9999.0 -9999.0 -9999.0 -9999.0 -9999.0 -9999.0 -9999.0 -9999.0 -9999.0 -9999.0 -9999.0 -9999.0 -9999.0
 -9999.0 -9999.0 -9999.0 -9999.0 -9999.0 -9999.0 -9999.0 -9999.0 -9999.0 -9999.0 -9999.0 -9999.0 -9999.0 -9999.0 -9999.0 -9999.0 -9999.0 -9999.0 -9999.0 -9999.0 -9999.0 -9999.0 -9999.0 -9999.0 -9999.0 -9999.0 -9999.0 -9999.0 -9999.0 -9999.0 -9999.0 -9999.0 -9999.0 -9999.0 -9999.0 -9999.0 -9999.0 -9999.0 -9999.0 -9999.0 -9999.0 -9999.0 -9999.0 -9999.0 -9999.0 -9999.0 -9999.0 -9999.0 -9999.0 -9999.0 -9999.0 -9999.0 -9999.0 -9999.0 -9999.0 -9999.0 -9999.0 -9999.0 -9999.0 -9999.0 -9999.0 -9999.0 -9999.0 -9999.0 -9999.0 -9999.0 -9999.0 -9999.0 -9999.0 -9999.0 -9999.0 -9999.0 -9999.0 -9999.0 -9999.0 -9999.0 -9999.0 -9999.0 -9999.0 -9999.0 -9999.0 -9999.0 -9999.0 -9999.0 -9999.0 -9999.0 -9999.0 -9999.0 -9999.0 -9999.0 -9999.0 -9999.0 -9999.0 -9999.0 -9999.0 -9999.0 -9999.0 -9999.0 -9999.0 -9999.0 -9999.0 -9999.0 -9999.0 -9999.0 -9999.0 -9999.0 -9999.0 -9999.0 -9999.0 -9999.0 -9999.0 -9999.0 -9999.0 -9999.0 -9999.0 -9999.0 -9999.0 -9999.0 -9999.0 -9999.0 -9999.0 -9999.0 -9999.0 -9999.0 -9999.0 -9999.0 -9999.0 -9999.0
