NCOLS      128
NROWS       72
XLLCORNER    72.000000000000    
YLLCORNER    18.000000000000    
CELLSIZE    0.50000000000000    
NODATA_VALUE   -9999.000    
 -9999.0 -9999.0 -9999.0 -9999.0 -9999.0 -9999.0 -9999.0 -9999.0 -9999.0 -9999.0 -9999.0 -9999.0 -9999.0 -9999.0 -9999.0 -9999.0 -9999.0 -9999.0 -9999.0 -9999.0 -9999.0 -9999.0 -9999.0 -9999.0 -9999.0 -9999.0 -9999.0 -9999.0 -9999.0 -9999.0 -9999.0 -9999.0 -9999.0 -9999.0 -9999.0 -9999.0 -9999.0 -9999.0 -9999.0 -9999.0 -9999.0 -9999.0 -9999.0 -9999.0 -9999.0 -9999.0 -9999.0 -9999.0 -9999.0 -9999.0 -9999.0 -9999.0 -9999.0 -9999.0 -9999.0 -9999.0 -9999.0 -9999.0 -9999.0 -9999.0 -9999.0 -9999.0 -9999.0 -9999.0 -9999.0 -9999.0 -9999.0 -9999.0 -9999.0 -9999.0 -9999.0 -9999.0 -9999.0 -9999.0 -9999.0 -9999.0 -9999.0 -9999.0 -9999.0 -9999.0 -9999.0 -9999.0 -9999.0 -9999.0 -9999.0 -9999.0 -9999.0 -9999.0 -9999.0 -9999.0 -9999.0 -9999.0 -9999.0 -9999.0 -9999.0 -9999.0 -9999.0   237.1   215.3   191.5   174.2   151.0   134.5   121.6   117.3 -9999.0 -9999.0 -9999.0 -9999.0 -9999.0 -9999.0 -9999.0 -9999.0 -9999.0 -9999.0 -9999.0 -9999.0 -9999.0 -9999.0 -9999.0 -9999.0 -9999.0 -9999.0 -9999.0 -9999.0 -9999.0 -9999.0 -9999.0
 -9999.0 -9999.0 -9999.0 -9999.0 -9999.0 -9999.0 -9999.0 -9999.0 -9999.0 -9999.0 -9999.0 -9999.0 -9999.0 -9999.0 -9999.0 -9999.0 -9999.0 -9999.0 -9999.0 -9999.0 -9999.0 -9999.0 -9999.0 -9999.0 -9999.0 -9999.0 -9999.0 -9999.0 -9999.0 -9999.0 -9999.0 -9999.0 -9999.0 -9999.0 -9999.0 -9999.0 -9999.0 -9999.0 -9999.0 -9999.0 -9999.0 -9999.0 -9999.0 -9999.0 -9999.0 -9999.0 -9999.0 -9999.0 -9999.0 -9999.0 -9999.0 -9999.0 -9999.0 -9999.0 -9999.0 -9999.0 -9999.0 -9999.0 -9999.0 -9999.0 -9999.0 -9999.0 -9999.0 -9999.0 -9999.0 -9999.0 -9999.0 -9999.0 -9999.0 -9999.0 -9999.0 -9999.0 -9999.0 -9999.0 -9999.0 -9999.0 -9999.0 -9999.0 -9999.0 -9999.0 -9999.0 -9999.0 -9999.0 -9999.0 -9999.0 -9999.0 -9999.0 -9999.0 -9999.0 -9999.0 -9999.0 -9999.0 -9999.0 -9999.0 -9999.0 -9999.0   237.0   222.9   215.3   190.0   175.7   154.1   132.8   117.6   110.2   103.6   104.3   110.5   116.7 -9999.0 -9999.0 -9999.0 -9999.0 -9999.0 -9999.0 -9999.0 -9999.0 -9999.0 -9999.0 -9999.0 -9999.0 -9999.0 -9999.0 -9999.0 -9999.0 -9999.0 -9999.0 -9999.0
 -9999.0 -9999.0 -9999.0 -9999.0 -9999.0 -9999.0 -9999.0 -9999.0 -9999.0 -9999.0 -9999.0 -9999.0 -9999.0 -9999.0 -9999.0 -9999.0 -9999.0 -9999.0 -9999.0 -9999.0 -9999.0 -9999.0 -9999.0 -9999.0 -9999.0 -9999.0 -9999.0 -9999.0 -9999.0 -9999.0 -9999.0 -9999.0 -9999.0 -9999.0 -9999.0 -9999.0 -9999.0 -9999.0 -9999.0 -9999.0 -9999.0 -9999.0 -9999.0 -9999.0 -9999.0 -9999.0 -9999.0 -9999.0 -9999.0 -9999.0 -9999.0 -9999.0 -9999.0 -9999.0 -9999.0 -9999.0 -9999.0 -9999.0 -9999.0 -9999.0 -9999.0 -9999.0 -9999.0 -9999.0 -9999.0 -9999.0 -9999.0 -9999.0 -9999.0 -9999.0 -9999.0 -9999.0 -9999.0 -9999.0 -9999.0 -9999.0 -9999.0 -9999.0 -9999.0 -9999.0 -9999.0 -9999.0 -9999.0 -9999.0 -9999.0 -9999.0 -9999.0 -9999.0 -9999.0 -9999.0 -9999.0 -9999.0 -9999.0 -9999.0 -9999.0   242.6   229.4   217.5   208.6   183.5   166.9   150.6   133.9   121.3   111.8   115.5   109.5   116.4   122.0 -9999.0 -9999.0 -9999.0 -9999.0 -9999.0 -9999.0 -9999.0 -9999.0 -9999.0 -9999.0 -9999.0 -9999.0 -9999.0 -9999.0 -9999.0 -9999.0 -9999.0 -9999.0 -9999.0
 -9999.0 -9999.0 -9999.0 -9999.0 -9999.0 -9999.0 -9999.0 -9999.0 -9999.0 -9999.0 -9999.0 -9999.0 -9999.0 -9999.0 -9999.0 -9999.0 -9999.0 -9999.0 -9999.0 -9999.0 -9999.0 -9999.0 -9999.0 -9999.0 -9999.0 -9999.0 -9999.0 -9999.0 -9999.0 -9999.0 -9999.0 -9999.0 -9999.0 -9999.0 -9999.0 -9999.0 -9999.0 -9999.0 -9999.0 -9999.0 -9999.0 -9999.0 -9999.0 -9999.0 -9999.0 -9999.0 -9999.0 -9999.0 -9999.0 -9999.0 -9999.0 -9999.0 -9999.0 -9999.0 -9999.0 -9999.0 -9999.0 -9999.0 -9999.0 -9999.0 -9999.0 -9999.0 -9999.0 -9999.0 -9999.0 -9999.0 -9999.0 -9999.0 -9999.0 -9999.0 -9999.0 -9999.0 -9999.0 -9999.0 -9999.0 -9999.0 -9999.0 -9999.0 -9999.0 -9999.0 -9999.0 -9999.0 -9999.0 -9999.0 -9999.0 -9999.0 -9999.0 -9999.0 -9999.0 -9999.0 -9999.0 -9999.0 -9999.0 -9999.0 -9999.0   217.2   221.9   193.4   190.2   181.9   172.3   160.8   136.5   125.4   119.6   117.0   116.1   123.8   129.0   134.3 -9999.0 -9999.0 -9999.0 -9999.0 -9999.0 -9999.0 -9999.0 -9999.0 -9999.0 -9999.0 -9999.0 -9999.0 -9999.0 -9999.0 -9999.0 -9999.0 -9999.0 -9999.0
 -9999.0 -9999.0 -9999.0 -9999.0 -9999.0 -9999.0 -9999.0 -9999.0 -9999.0 -9999.0 -9999.0 -9999.0 -9999.0 -9999.0 -9999.0 -9999.0 -9999.0 -9999.0 -9999.0 -9999.0 -9999.0 -9999.0 -9999.0 -9999.0 -9999.0 -9999.0 -9999.0 -9999.0 -9999.0 -9999.0 -9999.0 -9999.0 -9999.0 -9999.0 -9999.0 -9999.0 -9999.0 -9999.0 -9999.0 -9999.0 -9999.0 -9999.0 -9999.0 -9999.0 -9999.0 -9999.0 -9999.0 -9999.0 -9999.0 -9999.0 -9999.0 -9999.0 -9999.0 -9999.0 -9999.0 -9999.0 -9999.0 -9999.0 -9999.0 -9999.0 -9999.0 -9999.0 -9999.0 -9999.0 -9999.0 -9999.0 -9999.0 -9999.0 -9999.0 -9999.0 -9999.0 -9999.0 -9999.0 -9999.0 -9999.0 -9999.0 -9999.0 -9999.0 -9999.0 -9999.0 -9999.0 -9999.0 -9999.0 -9999.0 -9999.0 -9999.0 -9999.0 -9999.0 -9999.0 -9999.0 -9999.0 -9999.0 -9999.0 -9999.0 -9999.0   199.0   187.6   198.8   190.9   175.4   160.9   163.2   148.7   137.3   131.4   132.6   126.7   132.7   139.0   140.5   143.0 -9999.0 -9999.0 -9999.0 -9999.0 -9999.0 -9999.0 -9999.0 -9999.0 -9999.0 -9999.0 -9999.0 -9999.0 -9999.0 -9999.0 -9999.0 -9999.0 -9999.0
 -9999.0 -9999.0 -9999.0 -9999.0 -9999.0 -9999.0 -9999.0 -9999.0 -9999.0 -9999.0 -9999.0 -9999.0 -9999.0 -9999.0 -9999.0 -9999.0 -9999.0 -9999.0 -9999.0 -9999.0 -9999.0 -9999.0 -9999.0 -9999.0 -9999.0 -9999.0 -9999.0 -9999.0 -9999.0 -9999.0 -9999.0 -9999.0 -9999.0 -9999.0 -9999.0 -9999.0 -9999.0 -9999.0 -9999.0 -9999.0 -9999.0 -9999.0 -9999.0 -9999.0 -9999.0 -9999.0 -9999.0 -9999.0 -9999.0 -9999.0 -9999.0 -9999.0 -9999.0 -9999.0 -9999.0 -9999.0 -9999.0 -9999.0 -9999.0 -9999.0 -9999.0 -9999.0 -9999.0 -9999.0 -9999.0 -9999.0 -9999.0 -9999.0 -9999.0 -9999.0 -9999.0 -9999.0 -9999.0 -9999.0 -9999.0 -9999.0 -9999.0 -9999.0 -9999.0 -9999.0 -9999.0 -9999.0 -9999.0 -9999.0 -9999.0 -9999.0 -9999.0 -9999.0 -9999.0 -9999.0 -9999.0 -9999.0 -9999.0 -9999.0   167.3   169.4   176.8   174.7   171.3   170.6   169.1   147.3   149.1   142.8   137.0   136.6   136.2   140.8   146.4   144.8   145.9 -9999.0 -9999.0 -9999.0 -9999.0 -9999.0 -9999.0 -9999.0 -9999.0 -9999.0 -9999.0 -9999.0 -9999.0 -9999.0 -9999.0 -9999.0 -9999.0 -9999.0
 -9999.0 -9999.0 -9999.0 -9999.0 -9999.0 -9999.0 -9999.0 -9999.0 -9999.0 -9999.0 -9999.0 -9999.0 -9999.0 -9999.0 -9999.0 -9999.0 -9999.0 -9999.0 -9999.0 -9999.0 -9999.0 -9999.0 -9999.0 -9999.0 -9999.0 -9999.0 -9999.0 -9999.0 -9999.0 -9999.0 -9999.0 -9999.0 -9999.0 -9999.0 -9999.0 -9999.0 -9999.0 -9999.0 -9999.0 -9999.0 -9999.0 -9999.0 -9999.0 -9999.0 -9999.0 -9999.0 -9999.0 -9999.0 -9999.0 -9999.0 -9999.0 -9999.0 -9999.0 -9999.0 -9999.0 -9999.0 -9999.0 -9999.0 -9999.0 -9999.0 -9999.0 -9999.0 -9999.0 -9999.0 -9999.0 -9999.0 -9999.0 -9999.0 -9999.0 -9999.0 -9999.0 -9999.0 -9999.0 -9999.0 -9999.0 -9999.0 -9999.0 -9999.0 -9999.0 -9999.0 -9999.0 -9999.0 -9999.0 -9999.0 -9999.0 -9999.0 -9999.0 -9999.0 -9999.0 -9999.0 -9999.0 -9999.0 -9999.0 -9999.0   141.2   152.5   155.4   156.4   158.3   151.9   154.6   153.5   148.9   143.6   137.9   141.2   142.5   145.4   152.0   152.3   144.1   138.9 -9999.0 -9999.0 -9999.0 -9999.0 -9999.0 -9999.0 -9999.0 -9999.0 -9999.0 -9999.0 -9999.0 -9999.0 -9999.0 -9999.0 -9999.0 -9999.0
 -9999.0 -9999.0 -9999.0 -9999.0 -9999.0 -9999.0 -9999.0 -9999.0 -9999.0 -9999.0 -9999.0 -9999.0 -9999.0 -9999.0 -9999.0 -9999.0 -9999.0 -9999.0 -9999.0 -9999.0 -9999.0 -9999.0 -9999.0 -9999.0 -9999.0 -9999.0 -9999.0 -9999.0 -9999.0 -9999.0 -9999.0 -9999.0 -9999.0 -9999.0 -9999.0 -9999.0 -9999.0 -9999.0 -9999.0 -9999.0 -9999.0 -9999.0 -9999.0 -9999.0 -9999.0 -9999.0 -9999.0 -9999.0 -9999.0 -9999.0 -9999.0 -9999.0 -9999.0 -9999.0 -9999.0 -9999.0 -9999.0 -9999.0 -9999.0 -9999.0 -9999.0 -9999.0 -9999.0 -9999.0 -9999.0 -9999.0 -9999.0 -9999.0 -9999.0 -9999.0 -9999.0 -9999.0 -9999.0 -9999.0 -9999.0 -9999.0 -9999.0 -9999.0 -9999.0 -9999.0 -9999.0 -9999.0 -9999.0 -9999.0 -9999.0 -9999.0 -9999.0 -9999.0 -9999.0   111.3 -9999.0 -9999.0    98.1   106.7   107.6   115.4   124.1   128.9   135.0   141.0   131.1   139.4   144.2   138.6   138.9   141.4   143.7   155.9   157.5   157.4   145.0   137.5 -9999.0 -9999.0 -9999.0 -9999.0 -9999.0 -9999.0 -9999.0 -9999.0 -9999.0 -9999.0 -9999.0 -9999.0 -9999.0 -9999.0 -9999.0 -9999.0
 -9999.0 -9999.0 -9999.0 -9999.0 -9999.0 -9999.0 -9999.0 -9999.0 -9999.0 -9999.0 -9999.0 -9999.0 -9999.0 -9999.0 -9999.0 -9999.0 -9999.0 -9999.0 -9999.0 -9999.0 -9999.0 -9999.0 -9999.0 -9999.0 -9999.0 -9999.0 -9999.0 -9999.0 -9999.0 -9999.0 -9999.0 -9999.0 -9999.0 -9999.0 -9999.0 -9999.0 -9999.0 -9999.0 -9999.0 -9999.0 -9999.0 -9999.0 -9999.0 -9999.0 -9999.0 -9999.0 -9999.0 -9999.0 -9999.0 -9999.0 -9999.0 -9999.0 -9999.0 -9999.0 -9999.0 -9999.0 -9999.0 -9999.0 -9999.0 -9999.0 -9999.0 -9999.0 -9999.0 -9999.0 -9999.0 -9999.0 -9999.0 -9999.0 -9999.0 -9999.0 -9999.0 -9999.0 -9999.0 -9999.0 -9999.0 -9999.0 -9999.0 -9999.0 -9999.0 -9999.0 -9999.0 -9999.0 -9999.0 -9999.0 -9999.0 -9999.0 -9999.0 -9999.0    89.2    84.5    84.2    77.5    74.7    83.4    82.6    95.5    98.7   106.9   112.7   120.2   131.7   136.6   136.8   141.8   144.4   146.9   148.7   153.9   158.6   157.9   149.4   135.4   129.7   127.6   128.4   131.0 -9999.0 -9999.0 -9999.0 -9999.0 -9999.0 -9999.0 -9999.0 -9999.0 -9999.0 -9999.0 -9999.0 -9999.0
 -9999.0 -9999.0 -9999.0 -9999.0 -9999.0 -9999.0 -9999.0 -9999.0 -9999.0 -9999.0 -9999.0 -9999.0 -9999.0 -9999.0 -9999.0 -9999.0 -9999.0 -9999.0 -9999.0 -9999.0 -9999.0 -9999.0 -9999.0 -9999.0 -9999.0 -9999.0 -9999.0 -9999.0 -9999.0    56.9    82.5    93.8    93.9 -9999.0 -9999.0 -9999.0 -9999.0 -9999.0 -9999.0 -9999.0 -9999.0 -9999.0 -9999.0 -9999.0 -9999.0 -9999.0 -9999.0 -9999.0 -9999.0 -9999.0 -9999.0 -9999.0 -9999.0 -9999.0 -9999.0 -9999.0 -9999.0 -9999.0 -9999.0 -9999.0 -9999.0 -9999.0 -9999.0 -9999.0 -9999.0 -9999.0 -9999.0 -9999.0 -9999.0 -9999.0 -9999.0 -9999.0 -9999.0 -9999.0 -9999.0 -9999.0 -9999.0 -9999.0 -9999.0 -9999.0 -9999.0 -9999.0 -9999.0 -9999.0 -9999.0 -9999.0 -9999.0    80.5    77.4    73.8    68.3    59.4    59.7    61.3    64.7    67.9    77.5    83.1   104.9   111.9   116.2   122.1   133.8   134.6   147.3   151.7   152.1   158.0   165.5   160.4   148.8   136.9   132.8   131.1   135.0   138.5   143.4   147.4 -9999.0 -9999.0 -9999.0 -9999.0 -9999.0 -9999.0 -9999.0 -9999.0 -9999.0 -9999.0
 -9999.0 -9999.0 -9999.0 -9999.0 -9999.0 -9999.0 -9999.0 -9999.0 -9999.0 -9999.0 -9999.0 -9999.0 -9999.0 -9999.0 -9999.0 -9999.0 -9999.0 -9999.0 -9999.0 -9999.0 -9999.0 -9999.0 -9999.0 -9999.0 -9999.0 -9999.0 -9999.0    11.7    35.0    31.2    90.4    95.7   116.9    80.3 -9999.0 -9999.0 -9999.0 -9999.0 -9999.0 -9999.0 -9999.0 -9999.0 -9999.0 -9999.0 -9999.0 -9999.0 -9999.0 -9999.0 -9999.0 -9999.0 -9999.0 -9999.0 -9999.0 -9999.0 -9999.0 -9999.0 -9999.0 -9999.0 -9999.0 -9999.0 -9999.0 -9999.0 -9999.0 -9999.0 -9999.0 -9999.0 -9999.0 -9999.0 -9999.0 -9999.0 -9999.0 -9999.0 -9999.0 -9999.0 -9999.0 -9999.0 -9999.0 -9999.0 -9999.0 -9999.0 -9999.0 -9999.0 -9999.0 -9999.0 -9999.0 -9999.0 -9999.0    78.4    73.3    60.7    53.4    49.3    48.2    51.4    53.6    59.6    65.0    80.7    89.7   106.0   110.6   117.8   130.3   137.7   146.0   156.6   166.4   173.1   165.6   156.6   149.4   142.0   140.7   139.8   145.3   153.3   158.4   161.4 -9999.0 -9999.0 -9999.0 -9999.0 -9999.0   217.3   259.8   308.8   364.2 -9999.0
 -9999.0 -9999.0 -9999.0 -9999.0 -9999.0 -9999.0 -9999.0 -9999.0 -9999.0 -9999.0 -9999.0 -9999.0 -9999.0 -9999.0 -9999.0 -9999.0 -9999.0 -9999.0 -9999.0 -9999.0 -9999.0 -9999.0 -9999.0 -9999.0 -9999.0 -9999.0     2.6     1.1     4.6    12.4    29.0    47.9   144.9   107.7   116.4   110.3   110.2 -9999.0 -9999.0 -9999.0 -9999.0 -9999.0 -9999.0 -9999.0 -9999.0 -9999.0 -9999.0 -9999.0 -9999.0 -9999.0 -9999.0 -9999.0 -9999.0 -9999.0 -9999.0 -9999.0 -9999.0 -9999.0 -9999.0 -9999.0 -9999.0 -9999.0 -9999.0 -9999.0 -9999.0 -9999.0 -9999.0 -9999.0 -9999.0 -9999.0 -9999.0 -9999.0 -9999.0 -9999.0 -9999.0 -9999.0 -9999.0 -9999.0 -9999.0 -9999.0 -9999.0 -9999.0 -9999.0 -9999.0 -9999.0 -9999.0    70.6    67.7    60.4    52.3    48.6    43.8    42.9    45.5    48.8    59.2    66.1    81.2    92.7    90.5   100.7   109.8   120.5   135.7   148.6   165.5   180.5   180.6   167.7   156.8   149.2   143.6   143.4   145.2   157.4   165.9   172.8   177.9   174.8 -9999.0 -9999.0   168.7   190.2   224.2   268.3   314.4   373.6 -9999.0
 -9999.0 -9999.0 -9999.0 -9999.0 -9999.0 -9999.0 -9999.0 -9999.0 -9999.0 -9999.0 -9999.0 -9999.0 -9999.0 -9999.0 -9999.0 -9999.0 -9999.0 -9999.0 -9999.0 -9999.0 -9999.0 -9999.0 -9999.0 -9999.0 -9999.0 -9999.0     1.9     3.5     4.1     4.8     6.9    18.6    21.6    68.5    78.8   108.4   166.1    87.0 -9999.0 -9999.0 -9999.0 -9999.0 -9999.0 -9999.0 -9999.0 -9999.0 -9999.0 -9999.0 -9999.0 -9999.0 -9999.0 -9999.0 -9999.0 -9999.0 -9999.0 -9999.0 -9999.0 -9999.0 -9999.0 -9999.0 -9999.0 -9999.0 -9999.0 -9999.0 -9999.0 -9999.0 -9999.0 -9999.0 -9999.0 -9999.0 -9999.0 -9999.0 -9999.0 -9999.0 -9999.0 -9999.0 -9999.0 -9999.0 -9999.0 -9999.0 -9999.0 -9999.0 -9999.0 -9999.0 -9999.0 -9999.0    63.6    57.9    54.5    50.4    44.9    41.3    43.1    45.3    53.7    62.3    80.7    81.7    79.1    87.1    93.8   102.8   117.1   131.5   151.4   168.0   178.6   175.1   163.5   151.1   144.6   145.4   150.8   152.3   163.0   181.3   188.7   197.6   194.6   182.4   173.0   177.3   198.5   233.7   278.5   329.8   384.7 -9999.0
 -9999.0 -9999.0 -9999.0 -9999.0 -9999.0 -9999.0 -9999.0 -9999.0 -9999.0 -9999.0 -9999.0 -9999.0 -9999.0 -9999.0 -9999.0 -9999.0 -9999.0 -9999.0 -9999.0 -9999.0 -9999.0    47.3    53.1    35.3    21.0    23.9    37.5    52.2    36.9    19.9    10.1    13.9    15.9    25.2    46.0    53.6   105.8    95.9   106.7 -9999.0 -9999.0 -9999.0 -9999.0 -9999.0 -9999.0 -9999.0 -9999.0 -9999.0 -9999.0 -9999.0 -9999.0 -9999.0 -9999.0 -9999.0 -9999.0 -9999.0 -9999.0 -9999.0 -9999.0 -9999.0 -9999.0 -9999.0 -9999.0 -9999.0 -9999.0 -9999.0 -9999.0 -9999.0 -9999.0 -9999.0 -9999.0 -9999.0 -9999.0 -9999.0 -9999.0 -9999.0 -9999.0 -9999.0 -9999.0 -9999.0 -9999.0 -9999.0 -9999.0 -9999.0 -9999.0 -9999.0 -9999.0    62.7 -9999.0 -9999.0    45.0 -9999.0 -9999.0    51.9    58.4    72.1    91.2    84.3    78.9    94.1    88.3   101.5   113.7   130.8   149.0   163.1   166.8   164.4   152.0   147.6   145.1   147.6   157.8   170.7   178.6   188.6   201.7   215.2   214.1   200.1   187.1   191.1   211.3   245.9   289.0   334.4 -9999.0 -9999.0
 -9999.0 -9999.0 -9999.0 -9999.0 -9999.0 -9999.0 -9999.0 -9999.0 -9999.0 -9999.0 -9999.0 -9999.0 -9999.0 -9999.0 -9999.0 -9999.0 -9999.0 -9999.0 -9999.0 -9999.0 -9999.0    10.2    15.5    21.4    24.2    76.5    41.5    36.4    39.1    28.9    15.8    19.3    27.3    24.1    27.2    31.0    41.2    98.4    52.9 -9999.0 -9999.0 -9999.0 -9999.0 -9999.0 -9999.0 -9999.0 -9999.0 -9999.0 -9999.0 -9999.0 -9999.0 -9999.0 -9999.0 -9999.0 -9999.0 -9999.0 -9999.0 -9999.0 -9999.0 -9999.0 -9999.0 -9999.0 -9999.0 -9999.0 -9999.0 -9999.0 -9999.0 -9999.0 -9999.0 -9999.0 -9999.0 -9999.0 -9999.0 -9999.0 -9999.0 -9999.0 -9999.0 -9999.0 -9999.0 -9999.0 -9999.0 -9999.0 -9999.0 -9999.0 -9999.0 -9999.0 -9999.0 -9999.0 -9999.0    53.4    51.1    51.4    57.5    58.3    67.6    83.5    81.0    84.4    82.9    82.0    85.0    96.1   111.5   131.2   148.6   158.5   160.2   155.3   148.7   149.6   155.5   167.5   184.2   197.0   200.0   198.9   210.8   225.1   226.4   213.9   203.2   205.2   221.7   249.6   299.7 -9999.0 -9999.0 -9999.0
 -9999.0 -9999.0 -9999.0 -9999.0 -9999.0 -9999.0 -9999.0 -9999.0 -9999.0 -9999.0 -9999.0 -9999.0 -9999.0 -9999.0 -9999.0 -9999.0 -9999.0 -9999.0 -9999.0 -9999.0    10.3    18.9    17.9    27.9    33.7    22.5    14.4    17.8    13.0    14.3    20.4    17.8    25.5    28.9    26.7    23.6    40.6    32.6    30.4 -9999.0 -9999.0 -9999.0 -9999.0 -9999.0 -9999.0 -9999.0 -9999.0 -9999.0 -9999.0 -9999.0 -9999.0 -9999.0 -9999.0 -9999.0 -9999.0 -9999.0 -9999.0 -9999.0 -9999.0 -9999.0 -9999.0 -9999.0 -9999.0 -9999.0 -9999.0 -9999.0 -9999.0 -9999.0 -9999.0 -9999.0 -9999.0 -9999.0 -9999.0 -9999.0 -9999.0 -9999.0 -9999.0 -9999.0 -9999.0 -9999.0 -9999.0 -9999.0 -9999.0 -9999.0 -9999.0 -9999.0 -9999.0 -9999.0    68.2    64.2    61.4    59.3    64.8    68.8    76.3    86.8    87.3    98.1    91.9    87.4    92.1    98.3   113.8   134.7   152.9   162.9   164.2   159.3   158.2   164.4   177.4   196.9   218.0   225.0   217.2   208.5   212.7   221.0   217.0   209.4   207.4   211.1   230.4   262.3   303.2 -9999.0 -9999.0 -9999.0
 -9999.0 -9999.0 -9999.0 -9999.0 -9999.0 -9999.0 -9999.0 -9999.0 -9999.0 -9999.0 -9999.0 -9999.0 -9999.0 -9999.0 -9999.0 -9999.0 -9999.0 -9999.0    50.5    26.7    16.9   144.0    71.3    78.3    54.8    38.3    11.7     8.5     7.6    11.5    13.5    19.0    25.4    26.2    26.4    29.0    29.7    22.3    17.8 -9999.0 -9999.0 -9999.0 -9999.0 -9999.0 -9999.0 -9999.0 -9999.0 -9999.0 -9999.0 -9999.0 -9999.0 -9999.0 -9999.0 -9999.0 -9999.0 -9999.0 -9999.0 -9999.0 -9999.0 -9999.0 -9999.0 -9999.0 -9999.0 -9999.0 -9999.0 -9999.0 -9999.0 -9999.0 -9999.0 -9999.0 -9999.0 -9999.0 -9999.0 -9999.0 -9999.0 -9999.0 -9999.0 -9999.0 -9999.0 -9999.0 -9999.0 -9999.0 -9999.0 -9999.0    94.4    96.3    98.1    85.2    75.8    82.1    77.5    76.3    73.3    79.3    86.6    98.5    94.2    98.7    93.9    92.6    96.7   105.0   120.6   142.5   161.6   171.5   173.2   171.9   173.9   185.6   201.9   221.8   236.2   233.9   216.2   199.3   189.0   201.5   201.1   199.8   198.7   211.1   232.5   263.9 -9999.0 -9999.0 -9999.0 -9999.0
 -9999.0 -9999.0 -9999.0 -9999.0 -9999.0 -9999.0 -9999.0 -9999.0 -9999.0 -9999.0 -9999.0 -9999.0 -9999.0 -9999.0 -9999.0    38.9    87.7   156.4   178.6    72.3    81.7    27.4    77.7    40.7    28.1    17.4    13.1    10.5     8.4     9.8    12.1    14.8    19.8    21.6    31.8    33.9    27.7    79.4    38.4    24.8    29.5    31.4    30.3    32.6 -9999.0 -9999.0 -9999.0 -9999.0 -9999.0 -9999.0 -9999.0 -9999.0 -9999.0 -9999.0 -9999.0 -9999.0 -9999.0 -9999.0 -9999.0 -9999.0 -9999.0 -9999.0 -9999.0 -9999.0 -9999.0 -9999.0 -9999.0 -9999.0 -9999.0 -9999.0 -9999.0 -9999.0 -9999.0 -9999.0 -9999.0 -9999.0 -9999.0 -9999.0 -9999.0    80.0    85.9    89.0    91.1    98.3   108.9   111.5   109.8   100.3    91.2    93.7    88.4    90.3    89.8    96.7   102.4   116.0   107.2   106.4    99.9    96.7   100.3   111.3   129.4   149.7   164.5   172.5   173.4   176.4   185.2   195.7   212.8   221.4   221.7   210.5   188.4   170.3   165.5   171.1   177.9   182.1   191.8   207.0   231.0   259.5 -9999.0 -9999.0 -9999.0 -9999.0
 -9999.0 -9999.0 -9999.0 -9999.0 -9999.0 -9999.0 -9999.0 -9999.0 -9999.0 -9999.0 -9999.0 -9999.0 -9999.0 -9999.0 -9999.0   152.8   137.4   175.4   108.6    55.3    12.3    12.7    16.1    22.1    21.6    18.7    13.4     9.7     8.4     7.9     8.4     9.7    13.6    12.7    13.9    15.1    12.2    18.4    13.0    15.2    14.7     9.6    11.3    13.9    13.6    21.2    81.3 -9999.0 -9999.0 -9999.0 -9999.0 -9999.0 -9999.0 -9999.0 -9999.0 -9999.0 -9999.0 -9999.0 -9999.0 -9999.0 -9999.0 -9999.0 -9999.0 -9999.0 -9999.0 -9999.0 -9999.0 -9999.0 -9999.0 -9999.0 -9999.0 -9999.0 -9999.0 -9999.0 -9999.0 -9999.0 -9999.0 -9999.0    81.3    83.9    87.8    97.6   104.1   105.1   110.1   113.0   112.3   112.3   111.0   110.7   114.1   112.0   113.2   109.3   125.6   110.8   113.0   104.2   101.3    97.0   101.1   112.7   130.1   146.1   157.1   164.3   164.0   167.0   177.9   183.7   190.9   194.2   197.3   176.5   152.1   136.6   131.0   135.6   147.6   162.4   182.9   202.5   224.4 -9999.0 -9999.0 -9999.0 -9999.0 -9999.0
 -9999.0 -9999.0 -9999.0 -9999.0 -9999.0 -9999.0 -9999.0 -9999.0 -9999.0 -9999.0 -9999.0 -9999.0 -9999.0 -9999.0 -9999.0 -9999.0    14.1    14.0    33.7    82.2   115.6    55.4   122.0    67.2    40.7    34.5    24.3    13.6    10.7     9.1     8.8     8.7    11.2    13.0    15.3    17.7    18.7    19.6    20.6    27.4    35.6    26.8    22.8    14.3    11.2     9.8    10.8    15.2 -9999.0 -9999.0 -9999.0 -9999.0 -9999.0 -9999.0 -9999.0 -9999.0 -9999.0 -9999.0 -9999.0 -9999.0 -9999.0 -9999.0 -9999.0 -9999.0 -9999.0 -9999.0 -9999.0 -9999.0 -9999.0 -9999.0 -9999.0 -9999.0 -9999.0 -9999.0 -9999.0 -9999.0 -9999.0 -9999.0    87.6    81.0    86.9    97.6    96.7    99.0   107.9   114.2   127.1   124.6   128.2   134.5   125.8   123.2   127.2   115.1    97.9    99.2    97.8    96.5    90.7    88.1    91.5   102.6   118.4   131.1   139.4   138.3   140.5   147.6   157.3   161.6   164.3   180.3   177.0   137.0   118.6   109.9   110.3   121.0   131.3   156.0 -9999.0 -9999.0 -9999.0 -9999.0 -9999.0 -9999.0 -9999.0 -9999.0
 -9999.0 -9999.0 -9999.0 -9999.0 -9999.0 -9999.0 -9999.0 -9999.0 -9999.0 -9999.0 -9999.0 -9999.0 -9999.0 -9999.0 -9999.0 -9999.0     9.1    11.8    15.1    18.0    50.1    48.9    55.4    65.3    89.6    95.3    82.2    40.7   100.3    62.7    24.2    34.7   145.2   107.8    39.5    32.8    42.8    34.2    32.7    42.0    51.0    38.9    46.8    90.8    19.8     8.6     5.6     7.0 -9999.0 -9999.0 -9999.0 -9999.0 -9999.0 -9999.0 -9999.0 -9999.0 -9999.0 -9999.0 -9999.0 -9999.0 -9999.0 -9999.0 -9999.0 -9999.0 -9999.0 -9999.0 -9999.0 -9999.0 -9999.0 -9999.0 -9999.0 -9999.0 -9999.0 -9999.0 -9999.0 -9999.0 -9999.0    74.9    79.2    77.1    80.1    83.3    93.4   108.4   106.6   115.1   121.0   125.2   128.2   132.4   135.4   120.9    95.7    90.5    89.8    82.1    82.5    79.4    73.5    71.7    75.4    85.5    98.5   109.8   115.2   121.1   125.9   129.5   134.1   138.0   138.4   129.4   120.2   106.7   101.5    95.9   102.5   118.4   129.3 -9999.0 -9999.0 -9999.0 -9999.0 -9999.0 -9999.0 -9999.0 -9999.0 -9999.0
 -9999.0 -9999.0 -9999.0 -9999.0 -9999.0 -9999.0 -9999.0 -9999.0 -9999.0 -9999.0 -9999.0 -9999.0 -9999.0 -9999.0 -9999.0 -9999.0   108.9   120.7   123.6    52.6    38.1    47.2    74.9    55.6    49.7    48.9    98.4   108.3    88.4    92.9    95.3    69.1    38.3    31.6    49.0    57.2    41.3    23.1    22.5    16.5    24.4    32.3    38.7    67.4    59.5    27.5    12.0     7.0    14.3    19.4    16.3 -9999.0 -9999.0 -9999.0 -9999.0 -9999.0 -9999.0 -9999.0 -9999.0 -9999.0 -9999.0 -9999.0 -9999.0 -9999.0 -9999.0 -9999.0 -9999.0 -9999.0 -9999.0 -9999.0 -9999.0 -9999.0 -9999.0 -9999.0 -9999.0 -9999.0    81.4    82.6    89.5    78.2    80.3    86.5    88.7    98.6   104.5   107.8   113.1   118.2   123.3   126.0   124.1   105.6    87.5    69.9    65.0    65.1    63.6    60.0    56.6    56.5    61.9    72.5    84.1    94.3   104.8   120.5   125.7   132.1   138.9   132.4   120.1   138.3   107.3    92.6    87.3    91.0   101.7   116.1   140.3   167.3 -9999.0 -9999.0 -9999.0 -9999.0 -9999.0 -9999.0 -9999.0 -9999.0
 -9999.0 -9999.0 -9999.0 -9999.0 -9999.0 -9999.0 -9999.0 -9999.0 -9999.0 -9999.0 -9999.0 -9999.0 -9999.0 -9999.0 -9999.0    79.9    60.4    69.1   123.7   132.1   122.2   115.0    86.3    55.5    45.5    59.2    68.0    55.8    61.3    94.8   107.7    45.9    13.7    10.1     9.5    10.7    17.9    13.7    10.5    11.9    10.0    14.4    21.2    21.7    23.8    27.7    22.6    17.2    16.6    13.8    12.7    11.5    13.3    21.6    19.0    22.8    24.6    29.2    34.8    41.5    44.6 -9999.0 -9999.0 -9999.0 -9999.0 -9999.0 -9999.0 -9999.0 -9999.0    30.2    31.9    37.6    49.5    59.5    72.3    72.2    90.0    77.8    75.6    84.2    81.3    81.4    84.8    94.7    98.7   101.0   101.8   103.7   110.1   115.6   114.0    99.7    85.8    63.2    53.8    51.3    48.7    46.8    46.3    47.3    53.8    64.8    77.6    92.5   108.5   116.7   133.3   134.8   123.9   131.4   119.1   106.9    92.9    90.6    75.6    89.5   115.1   136.4 -9999.0 -9999.0 -9999.0 -9999.0 -9999.0 -9999.0 -9999.0 -9999.0 -9999.0 -9999.0
 -9999.0 -9999.0 -9999.0 -9999.0 -9999.0 -9999.0 -9999.0 -9999.0 -9999.0 -9999.0 -9999.0 -9999.0 -9999.0 -9999.0   113.7   146.4   153.4   122.0   132.4   126.9    95.2    59.5    52.4    54.0    41.6    47.2    53.6    28.4    27.0    29.3    33.9    45.8    29.6    39.1    30.7    24.1    24.3    23.9    24.5    21.7    19.5    20.1    20.9    20.5    20.7    21.2    20.7    26.5    25.4    23.2    20.2    15.8    15.8    13.5    12.8    17.7    19.3    22.2    24.4    30.4    36.3    37.7    36.1    34.4    34.6    36.3    25.8    22.3    17.4    20.4    30.5    45.8    51.6    63.2    76.3    81.6    92.1    95.1    88.1    89.9    83.9    81.3    93.8    98.2   100.6    93.5    93.6    93.7   101.3   107.3   107.5    98.2    61.9    46.4    38.8    42.6    44.6    40.2    38.0    44.0    50.3    62.4    78.8    91.7   109.4   129.4   147.0   146.6   137.8   150.1   114.0   115.4   120.6    81.4    79.4    85.9   110.0 -9999.0 -9999.0 -9999.0 -9999.0 -9999.0 -9999.0 -9999.0 -9999.0 -9999.0 -9999.0 -9999.0
 -9999.0 -9999.0 -9999.0 -9999.0 -9999.0 -9999.0 -9999.0 -9999.0 -9999.0 -9999.0 -9999.0 -9999.0   116.4   121.9   129.5    87.1   122.2    76.1    57.7    49.9    50.3    48.4    39.6    32.7    27.8    24.7    24.2    25.4    29.5    32.2    34.3    37.2    44.2    37.7    28.6    29.6    31.4    29.9    25.5    26.2    26.0    27.9    29.4    29.5    29.3    32.7    34.3    34.2    37.2    27.7    22.6    16.6    15.4    14.1    12.5    14.6    17.8    20.5    22.6    24.8    28.3    31.1    28.1    24.6    19.2    17.6    17.1    15.6    20.4    27.2    43.0    60.3    55.1    78.7   104.4   117.2   125.1   125.5   113.4    95.2    96.7    88.1    99.9    96.3    93.5    92.0    91.1    93.3   103.3   105.9    98.8    79.4    77.9    61.8    38.4    42.9    41.7    40.2    45.7    55.9    62.7    75.0    87.1   100.9   126.6   135.1   146.9   150.0   153.2   126.4   127.7   146.1   109.8    94.9   149.7 -9999.0 -9999.0 -9999.0 -9999.0 -9999.0 -9999.0 -9999.0 -9999.0 -9999.0 -9999.0 -9999.0 -9999.0 -9999.0
 -9999.0 -9999.0 -9999.0 -9999.0 -9999.0 -9999.0 -9999.0 -9999.0 -9999.0    83.1    89.9   101.7   107.6    86.9    42.5    36.9    36.6    39.9    40.6    42.4    44.4    44.2    39.3    33.1    28.1    25.6    25.5    27.1    29.4    30.9    33.6    43.7    42.1    35.8    35.4    38.0    31.2    25.1    21.9    21.4    24.7    27.7    27.1    29.3    31.5    35.3    37.3    37.1    35.6    37.6    24.5    16.3    12.0    12.5    18.3    15.0    16.2    18.5    20.4    24.6    27.2    28.5    26.2    20.7    14.3    14.7    14.8    14.4    25.6    48.7    24.6    24.6    29.2    40.5    71.5    93.6   113.9   135.5   119.1   123.2   124.7   118.1   101.3    95.4    94.7    91.4   104.8    99.5   108.4   107.3   101.3    86.7    66.0    53.4    47.3    48.7    51.6    56.3    61.7    73.8    88.9    98.5   103.8   116.9   139.1   163.1   164.8   144.5   127.8   153.9   151.1   131.7   100.2 -9999.0 -9999.0 -9999.0 -9999.0 -9999.0 -9999.0 -9999.0 -9999.0 -9999.0 -9999.0 -9999.0 -9999.0 -9999.0 -9999.0 -9999.0
 -9999.0 -9999.0 -9999.0 -9999.0 -9999.0    34.9    35.4    53.2    66.3    77.1    91.2    95.4    96.4    78.4    59.1    45.3    37.3    38.6    39.9    42.1    42.8    41.4    37.1    31.6    27.3    25.1    24.8    26.2    28.2    29.5    30.0    30.4    30.5    30.3    30.1    27.9    24.5    22.2    20.5    21.6    23.4    23.3    26.2    31.2    32.2    32.7    29.5    28.8    27.8    25.6    25.5    19.1    18.1    17.6    18.7    15.4    15.7    16.9    18.3    23.4    28.1    32.6    28.5    22.2    20.3    16.9    13.8    18.6    29.1    16.3    18.7    21.4    24.5    36.3    77.0    62.1    65.6    90.5    67.4    83.7   121.0   125.4   119.9   111.9   102.6    71.9    90.9    95.4   111.6   114.8   103.9   100.6    86.0    75.4    69.1    67.6    69.8    74.0 -9999.0 -9999.0   110.4   117.3   131.3   131.7   122.6   124.6   122.9   134.6   138.4 -9999.0 -9999.0 -9999.0 -9999.0 -9999.0 -9999.0 -9999.0 -9999.0 -9999.0 -9999.0 -9999.0 -9999.0 -9999.0 -9999.0 -9999.0 -9999.0 -9999.0 -9999.0 -9999.0
 -9999.0 -9999.0 -9999.0    12.6    25.5    25.1    39.2    52.4    65.2    86.5    84.4    79.9    80.7    60.1    45.2    40.9    38.8    38.3    39.0    39.7    39.2    36.6    32.7    28.4    24.9    22.6    22.3    23.1    25.5    26.6    27.6    28.4    28.9    28.8    27.7    25.8    23.4    21.2    19.3    18.2    18.9    19.6    21.4    24.9    28.5    29.5    29.0    31.3    28.7    30.2    23.8    17.3    15.5    15.0    15.4    16.4    19.6    19.9    19.7    22.0    24.7    26.0    26.6    26.4    19.7    14.7    22.4    12.6    12.6    15.3    22.0    22.8    27.9    33.4    36.4    38.7    39.9    43.9    66.2   106.1   138.2   163.2   136.8   124.9   135.6    89.3    94.8   101.8   102.3   103.0   108.9   106.6   106.0   104.6    97.4    90.6    85.4 -9999.0 -9999.0 -9999.0   111.1   120.0   113.1   113.6   112.6   118.4   116.7 -9999.0 -9999.0 -9999.0 -9999.0 -9999.0 -9999.0 -9999.0 -9999.0 -9999.0 -9999.0 -9999.0 -9999.0 -9999.0 -9999.0 -9999.0 -9999.0 -9999.0 -9999.0 -9999.0 -9999.0 -9999.0
 -9999.0 -9999.0     5.2    10.2    18.5    34.6    49.3    66.1    77.8    80.6    75.4    66.2    56.3    48.4    43.7    40.1    38.3    36.7    36.2    35.3    33.6    30.8    27.3    23.7    20.8    19.0    18.9    19.9    21.3    23.5    24.9    26.5    27.3    27.4    26.5    24.6    22.3    20.6    19.1    17.8    17.3    18.3    21.1    25.8    31.1    38.0    50.9    55.2    53.7    48.9    55.8    44.4    30.0    23.3    23.6    30.8    22.8    21.9    18.8    19.8    18.8    27.6    19.5    18.6    15.3    13.8    12.1    10.3    13.5    15.3    27.2    27.9    28.7    33.7    42.0    45.9    52.1    46.7    76.9   119.8   154.4   170.8   145.4   149.4   125.3   155.2   121.6   107.7   105.2   112.1   114.9   121.3   129.4   129.8   120.2 -9999.0 -9999.0 -9999.0 -9999.0    82.8    84.8    87.3    94.0   100.5 -9999.0 -9999.0 -9999.0 -9999.0 -9999.0 -9999.0 -9999.0 -9999.0 -9999.0 -9999.0 -9999.0 -9999.0 -9999.0 -9999.0 -9999.0 -9999.0 -9999.0 -9999.0 -9999.0 -9999.0 -9999.0 -9999.0 -9999.0 -9999.0
 -9999.0 -9999.0     2.2     4.3     5.1    17.6    48.1    62.4    70.7    73.0    68.4    59.3    50.3    43.7    39.8    37.3    35.0    33.1    31.7    29.9    27.6    24.8    21.8    18.5    16.2    15.0    14.9    15.9    17.7    20.1    22.5    24.3    25.7    26.6    26.1    26.3    25.4    23.1    19.3    16.3    14.2    15.3    23.5    49.2    30.6    43.3    65.0    52.7    75.8    73.1    77.9   112.3   115.2   108.2    49.7    38.6    27.0    35.6    22.9    27.7    29.1    21.1    20.2    15.7    13.5    12.0    11.0    13.5    21.8    17.7    24.6    28.9    32.3    33.2    36.7    40.8    37.8    50.9    64.0   105.4   131.5   138.4   166.1   175.8   159.5   142.4   113.6   116.3   122.8   129.1   135.7   144.3   151.8   150.1 -9999.0 -9999.0 -9999.0 -9999.0 -9999.0    62.4 -9999.0 -9999.0 -9999.0 -9999.0 -9999.0 -9999.0 -9999.0 -9999.0 -9999.0 -9999.0 -9999.0 -9999.0 -9999.0 -9999.0 -9999.0 -9999.0 -9999.0 -9999.0 -9999.0 -9999.0 -9999.0 -9999.0 -9999.0 -9999.0 -9999.0 -9999.0 -9999.0 -9999.0
 -9999.0 -9999.0     1.9     2.3     5.0    11.5    23.6    31.6    58.6    60.5    56.6    49.5    42.5    37.6    35.0    32.6    30.9    28.4    26.2    24.2    22.0    19.5    16.7    14.2    12.4    11.5    11.5    12.6    14.5    17.0    19.9    22.8    30.0    35.0    34.8    34.7    28.0    24.1    21.4    17.0    12.1    11.7    12.3    17.6    22.6    30.4    39.0    49.0    53.3    60.9    98.7    86.9   101.7   140.2   137.1   121.4    52.6    35.9    44.6    49.8    22.1    19.7    17.0    14.3    13.1    13.1    13.5    22.9    17.4    21.9    29.8    33.5    36.1    38.4    39.8    45.2    48.2    51.3    82.9   112.7   133.8    99.3   143.5   195.8   127.2   125.5   136.7   151.6   152.8   147.8   149.3 -9999.0 -9999.0 -9999.0 -9999.0 -9999.0 -9999.0 -9999.0 -9999.0 -9999.0 -9999.0 -9999.0 -9999.0 -9999.0 -9999.0 -9999.0 -9999.0 -9999.0 -9999.0 -9999.0 -9999.0 -9999.0 -9999.0 -9999.0 -9999.0 -9999.0 -9999.0 -9999.0 -9999.0 -9999.0 -9999.0 -9999.0 -9999.0 -9999.0 -9999.0 -9999.0 -9999.0 -9999.0
 -9999.0 -9999.0 -9999.0     1.4     5.0     6.3    10.4    17.5    28.8    45.6    43.7    38.5    33.6    30.6    28.8    27.4    25.5    23.2    21.1    19.3    17.4    15.4    13.1    10.9     9.6     9.0     9.1    10.2    12.2    15.5    20.9    31.6    32.0    45.5    47.9    35.6    26.8    21.8    18.6    13.6    11.0    10.0    10.7    13.2    17.6    25.3    38.2    46.8    61.2    63.3    67.1    76.8    94.2   133.4   132.8   155.9   141.6   126.6   109.7    63.1    37.4    22.8    19.5    15.7    13.9    13.9    17.4    25.6    23.4    31.8    41.0    43.5    48.4    49.9    52.3    52.0    56.4    55.7    88.2    76.4   107.2   103.3   164.7   137.8   140.8   163.0   181.3   187.4   173.6   155.6   149.1   152.9 -9999.0 -9999.0 -9999.0 -9999.0 -9999.0 -9999.0 -9999.0 -9999.0 -9999.0 -9999.0 -9999.0 -9999.0 -9999.0 -9999.0 -9999.0 -9999.0 -9999.0 -9999.0 -9999.0 -9999.0 -9999.0 -9999.0 -9999.0 -9999.0 -9999.0 -9999.0 -9999.0 -9999.0 -9999.0 -9999.0 -9999.0 -9999.0 -9999.0 -9999.0 -9999.0 -9999.0
 -9999.0 -9999.0 -9999.0 -9999.0 -9999.0     6.1    14.1    18.5    16.2    30.8    32.0    28.6    25.3    23.9    23.4    22.7    20.8    18.5    16.6    15.2    14.5    12.9    10.9     9.2     8.1     7.8     8.5    10.1    17.1    24.0    26.5    35.9    40.0    39.0    50.6    36.3    34.4    29.3    20.5    14.8    12.0    10.5    10.6    12.4    15.5    19.6    24.5    38.2    39.3    54.7    52.1    78.2    82.4    91.1   117.3   141.0   167.9   187.5   177.4   168.7   132.4    36.0    28.9    20.4    18.5    18.0    23.1    28.7    34.3    44.4    55.6    62.9    70.6    78.0    85.1    85.7    83.8    72.9    87.2   110.9   119.0    87.5   153.9   163.1   175.2   192.3   214.1   209.1   178.4   146.8   132.8   132.5   129.8   113.1 -9999.0 -9999.0 -9999.0    81.5 -9999.0 -9999.0 -9999.0 -9999.0 -9999.0 -9999.0 -9999.0 -9999.0 -9999.0 -9999.0 -9999.0 -9999.0 -9999.0 -9999.0 -9999.0 -9999.0 -9999.0 -9999.0 -9999.0 -9999.0 -9999.0 -9999.0 -9999.0 -9999.0 -9999.0 -9999.0 -9999.0 -9999.0 -9999.0 -9999.0
 -9999.0 -9999.0 -9999.0 -9999.0     2.3     2.5     3.4     8.1    11.6    20.7    20.4    21.0    20.3    18.9    18.8    18.4    16.6    14.4    12.9    12.2    11.9    11.2    10.0     9.2     9.1    10.3    12.5    38.9    26.5    32.0    37.4    38.2    39.9    44.9    39.5    38.8    35.2    44.4    36.7    24.5    15.7    12.7    12.5    13.3    15.2    17.1    18.9    21.7    25.1    25.3    30.5    45.1    62.2    86.2    80.1   100.9   120.6   165.6   179.0   205.0   188.1   135.4    85.2    33.7    21.1    29.2    38.8    38.5    61.9    70.4    81.5    98.7   112.5   123.9   132.9   137.1   135.5   130.6   158.2   109.3    96.6   144.6   169.5   222.1   168.1   183.5   219.4   214.3   169.2   128.1   108.1   102.7    93.7    78.7 -9999.0 -9999.0    63.8    70.9    81.5   105.8   106.8 -9999.0 -9999.0 -9999.0 -9999.0 -9999.0 -9999.0 -9999.0 -9999.0 -9999.0 -9999.0 -9999.0 -9999.0 -9999.0 -9999.0 -9999.0 -9999.0 -9999.0 -9999.0 -9999.0 -9999.0 -9999.0 -9999.0 -9999.0 -9999.0 -9999.0 -9999.0 -9999.0
 -9999.0 -9999.0 -9999.0 -9999.0     1.1     2.3     2.4     5.9     5.5     8.0    13.3    13.7    16.2    17.9    16.4    16.4    15.8    12.8    10.8    10.3    11.3    11.6    11.7    15.6    25.8    33.6    27.9    30.6    31.9    34.9    37.7    44.1    43.7    45.9    48.5    45.7    49.2    50.9    38.9    28.2    31.7    18.7    17.3    16.5    17.5    18.3    18.2    17.7    18.1    21.4    26.6    33.7    55.1    57.7    67.0    87.3   109.6   139.0   163.3   115.9   151.8    75.5    53.8    46.4    35.4    31.8    54.9    61.4    80.7   115.3   118.1   136.3   152.4   168.6   182.1   188.1   186.1   196.6   201.0   168.0   171.0   137.5   183.6   155.8   125.9   158.1   203.1   202.5   159.8   116.7    93.9    95.0    69.6    55.6    47.4    42.9    43.9    51.0    65.2 -9999.0 -9999.0 -9999.0 -9999.0 -9999.0 -9999.0 -9999.0 -9999.0 -9999.0 -9999.0 -9999.0 -9999.0 -9999.0 -9999.0 -9999.0 -9999.0 -9999.0 -9999.0 -9999.0 -9999.0 -9999.0 -9999.0 -9999.0 -9999.0 -9999.0 -9999.0 -9999.0 -9999.0 -9999.0
 -9999.0 -9999.0 -9999.0 -9999.0 -9999.0 -9999.0 -9999.0     3.7     4.6     6.9     8.2    10.6    12.8    14.9    16.8    13.3    16.0    13.3    12.3    14.7    19.9    24.7    26.4    26.2    26.4    27.2    30.6    33.3    36.1    41.7    44.4    47.4    49.9    54.1    58.6    56.0    61.2    56.9    60.6    58.2    38.1    53.9    47.6    36.8    29.3    24.1    26.0    23.4    25.5    23.9    28.3    35.3    44.8    79.1    86.7    79.6    93.3   109.8   150.1   128.6   147.9    82.5    64.7    59.7    64.4    56.0    75.7   102.7   121.1   148.6   155.0   169.0   187.6   202.2   216.3   216.9   213.7   216.6   223.3   169.8   167.1   141.8   130.2   112.6   106.2   142.1   185.8   191.7   156.0   123.3   100.9    85.1    70.8    53.7    40.5    36.6    35.0 -9999.0 -9999.0 -9999.0 -9999.0 -9999.0 -9999.0 -9999.0 -9999.0 -9999.0 -9999.0 -9999.0 -9999.0 -9999.0 -9999.0 -9999.0 -9999.0 -9999.0 -9999.0 -9999.0 -9999.0 -9999.0 -9999.0 -9999.0 -9999.0 -9999.0 -9999.0 -9999.0 -9999.0 -9999.0 -9999.0 -9999.0
 -9999.0 -9999.0 -9999.0 -9999.0 -9999.0 -9999.0 -9999.0     2.0     4.2     5.0     6.8     8.8    11.0    13.9    15.2    19.7    18.6    19.7    24.3    21.9    22.5    26.4    26.0    27.3    27.8    29.5    31.1    36.7    36.6    39.4    46.8    51.0    54.9    62.3    62.1    65.3    65.1    69.0    67.5    63.2    61.0    57.3    56.6    66.1    48.8    39.7    42.4    42.0    50.7    44.9    59.0    57.1    50.8    63.2    88.7    83.1    95.8   115.0   138.8   149.3   128.4   110.0    95.1    92.8    86.2    86.6    99.1   122.7   173.5   176.8   193.3   202.9   210.4   216.0   226.5   213.8   211.5   205.6   180.5   163.5   169.7   134.6   152.7    97.9    99.2   131.3   176.5   186.9   159.8   129.8   112.7    91.5    70.7    56.0    50.3    40.8 -9999.0 -9999.0 -9999.0 -9999.0 -9999.0 -9999.0 -9999.0 -9999.0 -9999.0 -9999.0 -9999.0 -9999.0 -9999.0 -9999.0 -9999.0 -9999.0 -9999.0 -9999.0 -9999.0 -9999.0 -9999.0 -9999.0 -9999.0 -9999.0 -9999.0 -9999.0 -9999.0 -9999.0 -9999.0 -9999.0 -9999.0 -9999.0
 -9999.0 -9999.0 -9999.0 -9999.0 -9999.0 -9999.0 -9999.0 -9999.0 -9999.0     4.3     5.9     7.6    10.1    12.2    13.9    15.4    18.6    24.5    23.3    28.0    26.7    25.8    26.8    28.2    29.5    30.6    33.9    36.8    38.1    46.1    45.3    52.1    57.6    64.9    65.9    70.1    72.7    77.0    75.7    77.0    72.2    71.7    67.3    63.8    67.8    67.2    66.5    63.9    62.3    59.8    61.5    58.6    59.6    66.2    88.4    90.4    99.1   114.6   140.8   143.9   136.4   132.3   123.3   110.2   110.0   107.9   113.7   140.9   207.6   227.4   246.6   237.7   232.5   225.5   214.7   216.1   198.4   180.5   157.6   136.3   132.7   121.5    67.2    80.5    99.1   126.0   159.8   172.9   159.2   134.0   118.0    97.7    74.5    66.7    59.9 -9999.0 -9999.0 -9999.0 -9999.0 -9999.0 -9999.0 -9999.0 -9999.0 -9999.0 -9999.0 -9999.0 -9999.0 -9999.0 -9999.0 -9999.0 -9999.0 -9999.0 -9999.0 -9999.0 -9999.0 -9999.0 -9999.0 -9999.0 -9999.0 -9999.0 -9999.0 -9999.0 -9999.0 -9999.0 -9999.0 -9999.0 -9999.0 -9999.0
 -9999.0 -9999.0 -9999.0 -9999.0 -9999.0 -9999.0 -9999.0 -9999.0 -9999.0 -9999.0 -9999.0     7.5     8.6    12.2    13.9    16.7    18.6    20.3    22.1    25.0    28.7    28.4    30.5    30.6    36.1    35.6    39.0    41.4    43.7    46.1    50.6    59.4    61.6    68.1    72.5    84.0    83.2    87.1    99.4    91.1    93.8    87.1    81.4    78.9    88.6    81.9    90.3    83.2    81.6    76.0    69.0    67.4    69.1    78.3    95.8   105.8   116.7   136.1   147.3   151.7   154.0   133.1   116.7   113.5   122.4   104.8   113.4   166.0   242.9   305.8   317.5   292.9   257.0   235.7   225.4   200.9   175.5   159.8   136.6   120.7    92.0    73.7    81.0    87.3   103.2   121.5   140.8   153.3   152.5   139.1   118.9    98.5    85.8    81.1    77.6 -9999.0 -9999.0 -9999.0 -9999.0 -9999.0 -9999.0 -9999.0 -9999.0 -9999.0 -9999.0 -9999.0 -9999.0 -9999.0 -9999.0 -9999.0 -9999.0 -9999.0 -9999.0 -9999.0 -9999.0 -9999.0 -9999.0 -9999.0 -9999.0 -9999.0 -9999.0 -9999.0 -9999.0 -9999.0 -9999.0 -9999.0 -9999.0 -9999.0
 -9999.0 -9999.0 -9999.0 -9999.0 -9999.0 -9999.0 -9999.0 -9999.0 -9999.0 -9999.0 -9999.0 -9999.0     8.8    10.8    14.7    16.2    21.7    22.2    24.7    30.3    27.3    30.4    32.6    33.3    43.4    38.1    38.6    44.3    46.3    53.8    54.8    59.6    66.0    75.8    82.9    87.6    99.9    98.2    98.7    98.9    99.5    98.6    96.7    99.7    99.2   101.8   104.8    98.2    96.5    92.4    90.7    86.4    83.7    87.0    98.2   114.7   133.1   156.2   155.7   176.1   166.3   163.4   149.3   126.9   113.1   147.4   137.6   212.9   314.9   398.1   398.4   305.3   254.6   224.3   195.5   194.1   158.3   153.4   132.8   180.3   123.6   105.6   106.7   104.6   113.7   125.2   133.6   143.8   149.2   142.3   125.9   109.2   100.1    94.5    92.7    92.9    96.5 -9999.0 -9999.0 -9999.0 -9999.0 -9999.0 -9999.0 -9999.0 -9999.0 -9999.0 -9999.0 -9999.0 -9999.0 -9999.0 -9999.0 -9999.0 -9999.0 -9999.0 -9999.0 -9999.0 -9999.0 -9999.0 -9999.0 -9999.0 -9999.0 -9999.0 -9999.0 -9999.0 -9999.0 -9999.0 -9999.0 -9999.0
 -9999.0 -9999.0 -9999.0 -9999.0 -9999.0 -9999.0 -9999.0 -9999.0 -9999.0 -9999.0 -9999.0 -9999.0    10.8    11.1    12.9    17.9    18.3    22.1    27.8    29.6    31.9    35.5    37.0    36.9    36.6    40.1    42.2    42.4    47.2    49.3    56.8    65.6    70.2    77.2    86.3    91.9   103.5   109.0   110.3   111.2   109.2   109.1   116.3   109.2   115.3   120.0   114.9   113.8   110.5   110.8   105.9   101.9    98.3   101.0   105.5   120.2   135.4   157.2   169.6   176.7   169.4   155.0   155.6   160.8   112.8   140.0   182.1   295.1   427.7   508.7   493.5   426.8   356.2   245.5   186.0   147.0   135.9   163.3   165.1   167.0   212.1   137.6   141.6   137.4   138.1   140.3   140.5   142.6   143.6   137.6   124.4   113.0   104.1   100.3   101.5   108.1   117.9 -9999.0 -9999.0 -9999.0 -9999.0 -9999.0 -9999.0 -9999.0 -9999.0 -9999.0 -9999.0 -9999.0 -9999.0 -9999.0 -9999.0 -9999.0 -9999.0 -9999.0 -9999.0 -9999.0 -9999.0 -9999.0 -9999.0 -9999.0 -9999.0 -9999.0 -9999.0 -9999.0 -9999.0 -9999.0 -9999.0 -9999.0
 -9999.0 -9999.0 -9999.0 -9999.0 -9999.0 -9999.0 -9999.0 -9999.0 -9999.0 -9999.0 -9999.0 -9999.0 -9999.0    13.4    17.8    17.2    22.4    23.9    26.5    29.7    33.9    34.9    40.4    39.0    41.6    47.3    48.7    52.6    52.2    54.5    56.6    62.0    73.3    81.6    85.4    94.1   101.8   109.6   124.8   120.6   120.5   124.2   123.9   130.4   125.7   123.3   128.3   131.4   131.2   127.9   122.8   116.4   111.8   119.2   120.1   127.2   139.0   160.4   187.5   191.5   186.1   161.3   157.9   122.8   134.1   156.5   223.0   376.9   525.0   589.5   469.6   389.9   320.4   234.4   192.4   143.2   134.8   139.2   135.2   132.0   179.3   173.5   184.4   174.9   162.4   150.1   139.3   130.0   125.4   114.9   103.2    97.9    94.3    94.3   101.3   113.8   126.9 -9999.0 -9999.0 -9999.0 -9999.0 -9999.0 -9999.0 -9999.0 -9999.0 -9999.0 -9999.0 -9999.0 -9999.0 -9999.0 -9999.0 -9999.0 -9999.0 -9999.0 -9999.0 -9999.0 -9999.0 -9999.0 -9999.0 -9999.0 -9999.0 -9999.0 -9999.0 -9999.0 -9999.0 -9999.0 -9999.0 -9999.0
 -9999.0 -9999.0 -9999.0 -9999.0 -9999.0 -9999.0 -9999.0 -9999.0 -9999.0 -9999.0 -9999.0 -9999.0    12.6    17.0    19.8    21.0    27.6    29.1    32.3    32.1    35.4    38.6    42.6    44.0    44.9    50.3    49.9    49.4    51.0    54.5    57.6    60.9    73.6    78.9    88.7    94.9   106.1   105.7   109.5   114.5   128.1   137.4   143.9   131.0   136.2   137.8   135.4   134.0   136.9   135.3   132.6   129.7   121.2   123.1   123.2   130.2   148.0   155.2   177.6   180.9   178.1   178.1   156.7   171.8   156.0   196.6   386.5   502.7   570.5   557.4   522.5   404.6   275.0   197.7   156.8   133.0   127.3   129.2   126.8   115.5   123.5   156.9   181.8   177.8   159.7   142.8   128.1   110.6    95.3    81.3    77.6    80.9    88.3    86.4    91.7   102.3   111.7   116.0 -9999.0 -9999.0 -9999.0 -9999.0 -9999.0 -9999.0 -9999.0 -9999.0 -9999.0 -9999.0 -9999.0 -9999.0 -9999.0 -9999.0 -9999.0 -9999.0 -9999.0 -9999.0 -9999.0 -9999.0 -9999.0 -9999.0 -9999.0 -9999.0 -9999.0 -9999.0 -9999.0 -9999.0 -9999.0 -9999.0
 -9999.0 -9999.0 -9999.0 -9999.0 -9999.0 -9999.0 -9999.0 -9999.0 -9999.0 -9999.0 -9999.0 -9999.0    15.9    16.5    20.6    29.0    32.0    30.9    34.2    40.2    40.0    45.8    48.2    49.9    49.5    49.3    49.7    49.7    50.6    51.3    54.3    60.3    70.9    75.1    84.1    93.6    97.5   103.0   105.3   104.3   111.4   116.6   124.5   133.2   139.0   143.3   149.0   145.0   139.9   127.3   124.2   127.2   120.6   120.5   125.3   132.0   146.2   165.1   173.9   192.4   198.9   203.8   146.4   146.7   176.6   339.0   365.3   541.5   567.9   510.7   413.2   309.2   234.8   202.1   184.0   155.6   149.0   156.1   139.7   103.5   106.4   132.7   161.2   161.8   142.9   130.1   116.0   100.7    85.1    74.5    73.5    81.9    94.3    90.0    87.0    86.3    88.1    92.8    94.1 -9999.0 -9999.0 -9999.0 -9999.0 -9999.0 -9999.0 -9999.0 -9999.0 -9999.0 -9999.0 -9999.0 -9999.0 -9999.0 -9999.0 -9999.0 -9999.0 -9999.0 -9999.0 -9999.0 -9999.0 -9999.0 -9999.0 -9999.0 -9999.0 -9999.0 -9999.0 -9999.0 -9999.0 -9999.0
 -9999.0 -9999.0 -9999.0 -9999.0 -9999.0 -9999.0 -9999.0 -9999.0 -9999.0 -9999.0 -9999.0 -9999.0    16.0    22.2    23.0    27.8    31.5    40.7    41.5    45.6    53.1    56.6    54.8    58.2    56.9    59.1    56.1    57.8    51.4    51.7    53.6    62.0    64.6    71.7    81.2    90.6    95.6    98.3    97.6   103.9   105.8   107.6   132.3   118.8   136.8   149.2   150.3   137.5   118.9   112.9   112.6   107.0   137.9   145.2   137.6   135.5   152.1   171.1   186.4   175.4   171.6   168.7   221.3   162.4   255.6   407.1   456.3   489.2   468.2   365.0   278.9   261.7   217.2   212.9   279.7   214.9   247.3   190.8   170.5   119.0    98.2   121.9   141.7   148.8   139.2   125.8   117.3   136.3    97.7    96.5    97.7   103.4   110.5   109.6    99.4    89.2    85.8    86.3    81.5    73.7 -9999.0 -9999.0 -9999.0 -9999.0 -9999.0 -9999.0 -9999.0 -9999.0 -9999.0 -9999.0 -9999.0 -9999.0 -9999.0 -9999.0 -9999.0 -9999.0 -9999.0 -9999.0 -9999.0 -9999.0 -9999.0 -9999.0 -9999.0 -9999.0 -9999.0 -9999.0 -9999.0 -9999.0
 -9999.0 -9999.0 -9999.0 -9999.0 -9999.0 -9999.0 -9999.0 -9999.0 -9999.0 -9999.0 -9999.0 -9999.0 -9999.0    29.6    33.1    33.1    38.4    41.7    49.6    55.1    64.0    61.4    65.7    67.7    63.0    62.2    59.0    55.2    54.8    50.7    55.5    57.8    64.6    70.4    80.3    92.3    96.7    93.7    95.0    95.1   100.5   124.7   138.0   138.5   126.4   129.3   135.7   105.8   118.1   106.1    86.7   114.4   113.0   108.0   140.7   154.3   151.9   166.1   185.9   218.7   203.5   274.7   204.0   191.8   297.3   345.1   382.7   383.3   326.8   267.0   201.6   174.4   195.4   185.7   223.2   250.8   261.9   233.2   198.7   124.9   102.2   117.4   138.5   142.1   130.1   117.8   115.0   145.1   144.3   134.6   129.4   132.5   138.9   138.5   128.0   126.0   110.3   103.0    87.5 -9999.0 -9999.0 -9999.0 -9999.0 -9999.0 -9999.0 -9999.0 -9999.0 -9999.0 -9999.0 -9999.0 -9999.0 -9999.0 -9999.0 -9999.0 -9999.0 -9999.0 -9999.0 -9999.0 -9999.0 -9999.0 -9999.0 -9999.0 -9999.0 -9999.0 -9999.0 -9999.0 -9999.0 -9999.0
 -9999.0 -9999.0 -9999.0 -9999.0 -9999.0 -9999.0 -9999.0 -9999.0 -9999.0 -9999.0 -9999.0 -9999.0 -9999.0    27.0    38.9    39.6    49.7    48.6    54.4    61.3    71.9    74.7    77.1    75.7    69.3    68.6    65.4    58.7    55.6    62.3    58.8    59.8    61.9    69.9    80.8    88.1    89.7    90.4    94.6   109.9   103.8   114.5   124.2   129.6   146.8   125.6   118.9    89.0    87.0    81.4    96.0    73.3   105.2   129.1   149.4   152.7   151.6   167.0   193.3   152.1   206.1   153.7   222.9   261.8   269.6   291.9   307.7   285.9   234.7   171.1   141.9   143.6   158.9   194.2   235.7   272.3   281.9   237.4   160.1   123.0   105.4   109.3   125.6   130.4   117.0   104.1   100.1   104.6   120.8   126.2   141.7   146.6   158.2   168.3   162.4   152.7   144.5   135.3   113.9 -9999.0 -9999.0 -9999.0 -9999.0 -9999.0 -9999.0 -9999.0 -9999.0 -9999.0 -9999.0 -9999.0 -9999.0 -9999.0 -9999.0 -9999.0 -9999.0 -9999.0 -9999.0 -9999.0 -9999.0 -9999.0 -9999.0 -9999.0 -9999.0 -9999.0 -9999.0 -9999.0 -9999.0 -9999.0
 -9999.0 -9999.0 -9999.0 -9999.0 -9999.0 -9999.0 -9999.0 -9999.0 -9999.0 -9999.0 -9999.0 -9999.0 -9999.0 -9999.0 -9999.0    47.9    52.0    60.2    63.9    67.8    79.6    80.2    81.9    83.5    83.1    79.1    80.7    70.0    70.4    57.5    58.4    58.4    68.2    73.1    77.8    88.1    93.9    85.2    88.8    94.2   107.7   116.9   120.3   118.2    96.8    82.5    98.5    61.9    79.3    45.8    69.3   112.3    92.8   106.2    90.2   135.9   155.0   126.4   202.4   224.3   140.2   234.5   306.3   275.1   272.1   276.3   262.8   219.4   168.2   147.2   127.4   123.8   173.6   192.9   209.2   250.6   250.1   242.0   173.1   123.1   108.4   104.5   110.1   110.9   101.4    88.2    77.2    75.3    78.6    95.6   122.0   148.8   155.3   182.1   179.6   158.6   167.1 -9999.0   156.9 -9999.0 -9999.0 -9999.0 -9999.0 -9999.0 -9999.0 -9999.0 -9999.0 -9999.0 -9999.0 -9999.0 -9999.0 -9999.0 -9999.0 -9999.0 -9999.0 -9999.0 -9999.0 -9999.0 -9999.0 -9999.0 -9999.0 -9999.0 -9999.0 -9999.0 -9999.0 -9999.0 -9999.0 -9999.0
 -9999.0 -9999.0 -9999.0 -9999.0 -9999.0 -9999.0 -9999.0 -9999.0 -9999.0 -9999.0 -9999.0 -9999.0 -9999.0 -9999.0 -9999.0 -9999.0 -9999.0    49.9    64.3 -9999.0    79.5    93.6    91.6    92.6    95.3    90.4    91.5    80.3    68.4    67.9    60.5    57.5    71.9    68.8    75.0    80.8    90.5    80.4    84.9    88.9    96.1   109.7   107.7   101.5    64.2    68.9    54.8    97.4    54.7    69.2    47.2    70.1    64.9    99.7   117.6   136.0   130.7   182.3   194.2   212.4   184.3   272.3   300.4   286.7   274.5   267.6   239.8   194.0   148.0   131.8   103.5   163.7   174.3   160.7   176.1   197.9   185.9   174.4   157.0   122.0   108.5    97.4    93.7    91.6    89.1    78.5    64.9    54.8    54.7    65.3    92.8   118.5   111.0   121.7   150.0   184.7   170.6   207.6   224.7   193.3   145.9 -9999.0 -9999.0 -9999.0 -9999.0 -9999.0 -9999.0 -9999.0 -9999.0 -9999.0 -9999.0 -9999.0 -9999.0 -9999.0 -9999.0 -9999.0 -9999.0 -9999.0 -9999.0 -9999.0 -9999.0 -9999.0 -9999.0 -9999.0 -9999.0 -9999.0 -9999.0 -9999.0
 -9999.0 -9999.0 -9999.0 -9999.0 -9999.0 -9999.0 -9999.0 -9999.0 -9999.0 -9999.0 -9999.0 -9999.0 -9999.0 -9999.0 -9999.0 -9999.0 -9999.0 -9999.0 -9999.0 -9999.0 -9999.0   103.0   109.6   116.1   109.9   100.8    94.8    86.9    79.0    68.1    64.3    60.1    65.1    71.5    75.9    79.2    79.4    77.8    74.5    69.0    68.0    97.5   102.1    96.3    59.1    76.7    64.3    55.3    97.0   182.4    70.7   113.9   111.9    76.4    96.3   134.4   155.6   151.5   228.3   189.3   192.3   203.3   256.6   255.7   256.4   245.2   214.4   172.3   127.3   117.6   121.4   144.0   138.5   112.4    99.3   100.7   106.7   108.6   118.0   110.9    91.4    75.0    71.6    75.8    89.3    73.4    63.2    53.3    46.7    49.0    67.0    77.4   128.6   177.3   112.8   141.5   187.8   235.3   258.0   207.5 -9999.0 -9999.0 -9999.0 -9999.0 -9999.0 -9999.0 -9999.0 -9999.0 -9999.0 -9999.0 -9999.0 -9999.0 -9999.0 -9999.0 -9999.0 -9999.0 -9999.0 -9999.0 -9999.0 -9999.0 -9999.0 -9999.0 -9999.0 -9999.0 -9999.0 -9999.0 -9999.0 -9999.0
 -9999.0 -9999.0 -9999.0 -9999.0 -9999.0 -9999.0 -9999.0 -9999.0 -9999.0 -9999.0 -9999.0 -9999.0 -9999.0 -9999.0 -9999.0 -9999.0 -9999.0 -9999.0 -9999.0 -9999.0 -9999.0 -9999.0 -9999.0   115.3   124.1   119.3   112.5   104.3    98.5    83.3    77.4    75.9    85.4    80.6    84.1    82.6    83.3    74.8    77.7    80.3    80.1    90.6    79.9    68.9    58.2    74.0    58.4    58.2    61.4    69.0    68.2    96.7    76.4    82.7    85.0    93.6   134.8   180.6   132.1   183.5   140.6   139.4   149.9   187.6   198.1   209.1   183.8   145.3   137.6   107.5   125.0   113.6    99.5    94.7    58.7    53.2    76.9    89.2    91.5    86.5    64.2    47.7    49.5    65.5    75.8    89.6    62.2    59.8    50.5    51.6    68.9    97.3    84.8   123.0   121.2   147.3   194.1   246.0   222.7 -9999.0 -9999.0 -9999.0 -9999.0 -9999.0 -9999.0 -9999.0 -9999.0 -9999.0 -9999.0 -9999.0 -9999.0 -9999.0 -9999.0 -9999.0 -9999.0 -9999.0 -9999.0 -9999.0 -9999.0 -9999.0 -9999.0 -9999.0 -9999.0 -9999.0 -9999.0 -9999.0 -9999.0 -9999.0
 -9999.0 -9999.0 -9999.0 -9999.0 -9999.0 -9999.0 -9999.0 -9999.0 -9999.0 -9999.0 -9999.0 -9999.0 -9999.0 -9999.0 -9999.0 -9999.0 -9999.0 -9999.0 -9999.0 -9999.0 -9999.0 -9999.0 -9999.0 -9999.0 -9999.0   122.3   130.4   136.2   123.1   121.6   100.8    88.3    86.7    89.3    86.0    88.9    95.7    75.2    78.7    68.5    81.2    71.4    57.4    59.2    71.0    83.2    75.5    95.1    77.6    78.2   101.9    90.1   104.1   100.9    96.0   104.3   131.4   139.8   182.5   174.8   149.1   131.9   195.2   161.9   168.0   173.9   160.1   149.8   130.3   112.7    85.8    74.7    51.4    70.9    64.2    42.3    45.7    72.2   108.9    75.0    51.1    39.4    38.8    53.2    71.4    56.8    54.1    51.9    55.2    62.7    74.4    84.7   106.5   181.8   155.2   212.3   185.2   209.4 -9999.0 -9999.0 -9999.0 -9999.0 -9999.0 -9999.0 -9999.0 -9999.0 -9999.0 -9999.0 -9999.0 -9999.0 -9999.0 -9999.0 -9999.0 -9999.0 -9999.0 -9999.0 -9999.0 -9999.0 -9999.0 -9999.0 -9999.0 -9999.0 -9999.0 -9999.0 -9999.0 -9999.0 -9999.0 -9999.0
 -9999.0 -9999.0 -9999.0 -9999.0 -9999.0 -9999.0 -9999.0 -9999.0 -9999.0 -9999.0 -9999.0 -9999.0 -9999.0 -9999.0 -9999.0 -9999.0 -9999.0 -9999.0 -9999.0 -9999.0 -9999.0 -9999.0 -9999.0 -9999.0 -9999.0 -9999.0 -9999.0   127.7   122.8   121.5   111.9   105.1   112.4    97.2    97.7    87.0    81.4    73.6    65.9    63.4    69.0    60.9    65.4    79.2    85.1    93.8   102.2   106.4   108.4    96.9   104.8   106.2    99.0   102.5   109.5   125.6   139.7   153.1   174.5   153.1   141.3   132.8   126.0   139.5   163.6   165.4   144.2   108.4    83.2    65.0    51.4    59.4    35.4    53.7    40.3    35.7    76.6    85.1    61.0    54.9    52.7    36.6    40.0    60.5    54.6    47.9    44.0    67.4    58.7    73.7   112.4   158.7   134.3   136.2   214.7   228.5   191.2 -9999.0 -9999.0 -9999.0 -9999.0 -9999.0 -9999.0 -9999.0 -9999.0 -9999.0 -9999.0 -9999.0 -9999.0 -9999.0 -9999.0 -9999.0 -9999.0 -9999.0 -9999.0 -9999.0 -9999.0 -9999.0 -9999.0 -9999.0 -9999.0 -9999.0 -9999.0 -9999.0 -9999.0 -9999.0 -9999.0 -9999.0
 -9999.0 -9999.0 -9999.0 -9999.0 -9999.0 -9999.0 -9999.0 -9999.0 -9999.0 -9999.0 -9999.0 -9999.0 -9999.0 -9999.0 -9999.0 -9999.0 -9999.0 -9999.0 -9999.0 -9999.0 -9999.0 -9999.0 -9999.0 -9999.0 -9999.0 -9999.0 -9999.0 -9999.0 -9999.0 -9999.0 -9999.0 -9999.0 -9999.0   109.8   107.2 -9999.0 -9999.0 -9999.0    78.5    68.8    69.9    74.7    74.5    94.4   103.5   108.3 -9999.0 -9999.0 -9999.0 -9999.0 -9999.0 -9999.0   109.8   125.2   125.4   145.4   165.4   181.0   174.6   156.5   135.1   131.6   118.1   133.4   149.5   157.0   141.7   111.3    73.5    42.8    31.9    45.1    58.6    44.6    65.3    45.3   100.0    67.7    57.7    51.0    42.6    38.1    52.7    66.8    76.7    47.1    36.2    49.1    93.3    83.5   126.6   141.3   124.3   124.8   188.1   175.4   133.0 -9999.0 -9999.0 -9999.0 -9999.0 -9999.0 -9999.0 -9999.0 -9999.0 -9999.0 -9999.0 -9999.0 -9999.0 -9999.0 -9999.0 -9999.0 -9999.0 -9999.0 -9999.0 -9999.0 -9999.0 -9999.0 -9999.0 -9999.0 -9999.0 -9999.0 -9999.0 -9999.0 -9999.0 -9999.0 -9999.0 -9999.0
 -9999.0 -9999.0 -9999.0 -9999.0 -9999.0 -9999.0 -9999.0 -9999.0 -9999.0 -9999.0 -9999.0 -9999.0 -9999.0 -9999.0 -9999.0 -9999.0 -9999.0 -9999.0 -9999.0 -9999.0 -9999.0 -9999.0 -9999.0 -9999.0 -9999.0 -9999.0 -9999.0 -9999.0 -9999.0 -9999.0 -9999.0 -9999.0 -9999.0 -9999.0 -9999.0 -9999.0 -9999.0 -9999.0 -9999.0   100.4   100.7   103.1   107.1   111.8 -9999.0 -9999.0 -9999.0 -9999.0 -9999.0 -9999.0 -9999.0 -9999.0   122.6   152.7   145.2   150.5   171.2   181.5   173.4   151.4   126.9   124.0   125.3   120.9   147.5   166.4   160.1   107.9    66.4    51.1    44.7    49.7    49.9    75.3    50.3    68.2    88.7    64.5    84.0    37.4    40.9    38.3    53.9   114.9    86.7    50.3    52.3    76.0    65.2   102.5   120.6   126.1   113.9   149.1   168.6   102.9 -9999.0 -9999.0 -9999.0 -9999.0 -9999.0 -9999.0 -9999.0 -9999.0 -9999.0 -9999.0 -9999.0 -9999.0 -9999.0 -9999.0 -9999.0 -9999.0 -9999.0 -9999.0 -9999.0 -9999.0 -9999.0 -9999.0 -9999.0 -9999.0 -9999.0 -9999.0 -9999.0 -9999.0 -9999.0 -9999.0 -9999.0 -9999.0
 -9999.0 -9999.0 -9999.0 -9999.0 -9999.0 -9999.0 -9999.0 -9999.0 -9999.0 -9999.0 -9999.0 -9999.0 -9999.0 -9999.0 -9999.0 -9999.0 -9999.0 -9999.0 -9999.0 -9999.0 -9999.0 -9999.0 -9999.0 -9999.0 -9999.0 -9999.0 -9999.0 -9999.0 -9999.0 -9999.0 -9999.0 -9999.0 -9999.0 -9999.0 -9999.0 -9999.0 -9999.0 -9999.0 -9999.0 -9999.0 -9999.0 -9999.0 -9999.0 -9999.0 -9999.0 -9999.0 -9999.0 -9999.0 -9999.0 -9999.0 -9999.0 -9999.0   113.8   180.4   159.8   181.4   166.2   172.3   170.8   159.4   128.2   117.8   194.0   122.1   146.1   161.2   140.4   108.1    76.0    57.6    53.8    64.4   110.4    90.5    92.3    67.6   101.0    59.4    37.3    40.4    58.7    68.1    69.4   141.1   119.5    87.4    63.6    62.3    78.6   107.8   127.5   147.1   110.9   139.7   104.1 -9999.0 -9999.0 -9999.0 -9999.0 -9999.0 -9999.0 -9999.0 -9999.0 -9999.0 -9999.0 -9999.0 -9999.0 -9999.0 -9999.0 -9999.0 -9999.0 -9999.0 -9999.0 -9999.0 -9999.0 -9999.0 -9999.0 -9999.0 -9999.0 -9999.0 -9999.0 -9999.0 -9999.0 -9999.0 -9999.0 -9999.0 -9999.0 -9999.0
 -9999.0 -9999.0 -9999.0 -9999.0 -9999.0 -9999.0 -9999.0 -9999.0 -9999.0 -9999.0 -9999.0 -9999.0 -9999.0 -9999.0 -9999.0 -9999.0 -9999.0 -9999.0 -9999.0 -9999.0 -9999.0 -9999.0 -9999.0 -9999.0 -9999.0 -9999.0 -9999.0 -9999.0 -9999.0 -9999.0 -9999.0 -9999.0 -9999.0 -9999.0 -9999.0 -9999.0 -9999.0 -9999.0 -9999.0 -9999.0 -9999.0 -9999.0 -9999.0 -9999.0 -9999.0 -9999.0 -9999.0 -9999.0 -9999.0 -9999.0 -9999.0   160.9   163.0   197.3   139.5   157.9   154.4   174.9   168.6   124.4   165.4   149.9   116.6   130.2   148.5   159.3   127.4    67.6    82.5    64.5    65.2    77.1    72.7    63.2    79.0    72.1   122.3    44.6    89.0    93.6    66.3    80.9   308.6   145.3   108.7    81.7   147.9    83.1   117.7   110.1   151.2   132.4   124.7    81.4    58.7 -9999.0 -9999.0 -9999.0 -9999.0 -9999.0 -9999.0 -9999.0 -9999.0 -9999.0 -9999.0 -9999.0 -9999.0 -9999.0 -9999.0 -9999.0 -9999.0 -9999.0 -9999.0 -9999.0 -9999.0 -9999.0 -9999.0 -9999.0 -9999.0 -9999.0 -9999.0 -9999.0 -9999.0 -9999.0 -9999.0 -9999.0 -9999.0 -9999.0
 -9999.0 -9999.0 -9999.0 -9999.0 -9999.0 -9999.0 -9999.0 -9999.0 -9999.0 -9999.0 -9999.0 -9999.0 -9999.0 -9999.0 -9999.0 -9999.0 -9999.0 -9999.0 -9999.0 -9999.0 -9999.0 -9999.0 -9999.0 -9999.0 -9999.0 -9999.0 -9999.0 -9999.0 -9999.0 -9999.0 -9999.0 -9999.0 -9999.0 -9999.0 -9999.0 -9999.0 -9999.0 -9999.0 -9999.0 -9999.0 -9999.0 -9999.0 -9999.0 -9999.0 -9999.0 -9999.0 -9999.0 -9999.0 -9999.0 -9999.0   197.2   223.4   222.3   220.7   179.6   174.7   142.7   134.7   151.0   163.6   141.3   159.4   127.4   143.3   152.7   147.4   139.3    86.3    94.0    70.3    79.6    71.7    74.2    99.5   123.2   152.1    60.4   177.7    72.1   126.0   168.2   116.5   140.5   104.7   166.4   101.4   153.3   100.2   123.9   132.2   132.4   133.7    94.6    69.3    35.6 -9999.0 -9999.0 -9999.0 -9999.0 -9999.0 -9999.0 -9999.0 -9999.0 -9999.0 -9999.0 -9999.0 -9999.0 -9999.0 -9999.0 -9999.0 -9999.0 -9999.0 -9999.0 -9999.0 -9999.0 -9999.0 -9999.0 -9999.0 -9999.0 -9999.0 -9999.0 -9999.0 -9999.0 -9999.0 -9999.0 -9999.0 -9999.0 -9999.0
 -9999.0 -9999.0 -9999.0 -9999.0 -9999.0 -9999.0 -9999.0 -9999.0 -9999.0 -9999.0 -9999.0 -9999.0 -9999.0 -9999.0 -9999.0 -9999.0 -9999.0 -9999.0 -9999.0 -9999.0 -9999.0 -9999.0 -9999.0 -9999.0 -9999.0 -9999.0 -9999.0 -9999.0 -9999.0 -9999.0 -9999.0 -9999.0 -9999.0 -9999.0 -9999.0 -9999.0 -9999.0 -9999.0 -9999.0 -9999.0 -9999.0 -9999.0 -9999.0 -9999.0 -9999.0 -9999.0 -9999.0 -9999.0 -9999.0 -9999.0   235.5   293.0   252.8   253.5   232.8   190.2   139.9   170.5   164.3   138.5   114.9   118.1   105.3   131.2   150.2   108.7   106.4    76.5    84.7    81.6    90.7    94.9    95.2    90.8    89.0    88.3   152.2    93.9   115.7   239.1   182.0   272.8   171.8   116.8   193.3   150.7   154.5   153.2   135.8   113.5   124.5    77.1    69.7    49.8 -9999.0 -9999.0 -9999.0 -9999.0 -9999.0 -9999.0 -9999.0 -9999.0 -9999.0 -9999.0 -9999.0 -9999.0 -9999.0 -9999.0 -9999.0 -9999.0 -9999.0 -9999.0 -9999.0 -9999.0 -9999.0 -9999.0 -9999.0 -9999.0 -9999.0 -9999.0 -9999.0 -9999.0 -9999.0 -9999.0 -9999.0 -9999.0 -9999.0 -9999.0
 -9999.0 -9999.0 -9999.0 -9999.0 -9999.0 -9999.0 -9999.0 -9999.0 -9999.0 -9999.0 -9999.0 -9999.0 -9999.0 -9999.0 -9999.0 -9999.0 -9999.0 -9999.0 -9999.0 -9999.0 -9999.0 -9999.0 -9999.0 -9999.0 -9999.0 -9999.0 -9999.0 -9999.0 -9999.0 -9999.0 -9999.0 -9999.0 -9999.0 -9999.0 -9999.0 -9999.0 -9999.0 -9999.0 -9999.0 -9999.0 -9999.0 -9999.0 -9999.0 -9999.0 -9999.0 -9999.0 -9999.0 -9999.0 -9999.0 -9999.0   256.8   300.6   275.9   318.5   236.4   200.6   231.8   187.8   184.1   127.8   122.3   127.8   125.4   121.7   148.4   130.9   100.3    88.6    92.9   115.6   109.3   146.0    98.0   120.2    82.1   106.8   229.4   127.7   186.1   159.2   343.4   202.9   133.5   139.8   239.1   170.1   149.4   141.4   142.8   107.9   118.8    67.7 -9999.0 -9999.0 -9999.0 -9999.0 -9999.0 -9999.0 -9999.0 -9999.0 -9999.0 -9999.0 -9999.0 -9999.0 -9999.0 -9999.0 -9999.0 -9999.0 -9999.0 -9999.0 -9999.0 -9999.0 -9999.0 -9999.0 -9999.0 -9999.0 -9999.0 -9999.0 -9999.0 -9999.0 -9999.0 -9999.0 -9999.0 -9999.0 -9999.0 -9999.0 -9999.0 -9999.0
 -9999.0 -9999.0 -9999.0 -9999.0 -9999.0 -9999.0 -9999.0 -9999.0 -9999.0 -9999.0 -9999.0 -9999.0 -9999.0 -9999.0 -9999.0 -9999.0 -9999.0 -9999.0 -9999.0 -9999.0 -9999.0 -9999.0 -9999.0 -9999.0 -9999.0 -9999.0 -9999.0 -9999.0 -9999.0 -9999.0 -9999.0 -9999.0 -9999.0 -9999.0 -9999.0 -9999.0 -9999.0 -9999.0 -9999.0 -9999.0 -9999.0 -9999.0 -9999.0 -9999.0 -9999.0 -9999.0 -9999.0 -9999.0 -9999.0 -9999.0   335.1   366.8   329.2   314.5   275.5   275.6   185.1   216.5   202.3   145.1   151.9   140.6   109.7   149.1   172.7   161.1   150.9   124.6   134.7   112.8   128.6   121.2   113.7   115.4    76.0   117.4   199.9   142.6   254.7   168.7   193.0   254.1   143.5   181.1   160.3   189.8   225.1   145.9   162.6   134.0    72.7 -9999.0 -9999.0 -9999.0 -9999.0 -9999.0 -9999.0 -9999.0 -9999.0 -9999.0 -9999.0 -9999.0 -9999.0 -9999.0 -9999.0 -9999.0 -9999.0 -9999.0 -9999.0 -9999.0 -9999.0 -9999.0 -9999.0 -9999.0 -9999.0 -9999.0 -9999.0 -9999.0 -9999.0 -9999.0 -9999.0 -9999.0 -9999.0 -9999.0 -9999.0 -9999.0 -9999.0 -9999.0
 -9999.0 -9999.0 -9999.0 -9999.0 -9999.0 -9999.0 -9999.0 -9999.0 -9999.0 -9999.0 -9999.0 -9999.0 -9999.0 -9999.0 -9999.0 -9999.0 -9999.0 -9999.0 -9999.0 -9999.0 -9999.0 -9999.0 -9999.0 -9999.0 -9999.0 -9999.0 -9999.0 -9999.0 -9999.0 -9999.0 -9999.0 -9999.0 -9999.0 -9999.0 -9999.0 -9999.0 -9999.0 -9999.0 -9999.0 -9999.0 -9999.0 -9999.0 -9999.0 -9999.0 -9999.0 -9999.0 -9999.0 -9999.0 -9999.0 -9999.0 -9999.0 -9999.0 -9999.0   280.6   239.6   220.5   232.4   253.7   193.8   189.8   286.5   167.5   252.3   219.2   215.1   194.1   194.8   148.6   153.7   153.2   141.5   114.4    89.9    78.3    79.1    80.8   127.2   131.9   150.7   161.7   192.3   158.4   151.1   147.5   159.8   182.2   169.9   206.9   110.8    85.0 -9999.0 -9999.0 -9999.0 -9999.0 -9999.0 -9999.0 -9999.0 -9999.0 -9999.0 -9999.0 -9999.0 -9999.0 -9999.0 -9999.0 -9999.0 -9999.0 -9999.0 -9999.0 -9999.0 -9999.0 -9999.0 -9999.0 -9999.0 -9999.0 -9999.0 -9999.0 -9999.0 -9999.0 -9999.0 -9999.0 -9999.0 -9999.0 -9999.0 -9999.0 -9999.0 -9999.0 -9999.0 -9999.0
 -9999.0 -9999.0 -9999.0 -9999.0 -9999.0 -9999.0 -9999.0 -9999.0 -9999.0 -9999.0 -9999.0 -9999.0 -9999.0 -9999.0 -9999.0 -9999.0 -9999.0 -9999.0 -9999.0 -9999.0 -9999.0 -9999.0 -9999.0 -9999.0 -9999.0 -9999.0 -9999.0 -9999.0 -9999.0 -9999.0 -9999.0 -9999.0 -9999.0 -9999.0 -9999.0 -9999.0 -9999.0 -9999.0 -9999.0 -9999.0 -9999.0 -9999.0 -9999.0 -9999.0 -9999.0 -9999.0 -9999.0 -9999.0 -9999.0 -9999.0 -9999.0 -9999.0 -9999.0   271.0   219.6   330.8   234.6   228.8   269.3   345.6   290.6   269.7   361.3   320.2   305.7   269.8   226.7   222.3   180.7   168.5   143.8   112.8    91.9    82.5    85.2   136.3   128.1   202.9   188.3   184.2   173.5   175.3   153.7 -9999.0   125.9   115.1 -9999.0 -9999.0 -9999.0 -9999.0 -9999.0 -9999.0 -9999.0 -9999.0 -9999.0 -9999.0 -9999.0 -9999.0 -9999.0 -9999.0 -9999.0 -9999.0 -9999.0 -9999.0 -9999.0 -9999.0 -9999.0 -9999.0 -9999.0 -9999.0 -9999.0 -9999.0 -9999.0 -9999.0 -9999.0 -9999.0 -9999.0 -9999.0 -9999.0 -9999.0 -9999.0 -9999.0 -9999.0 -9999.0 -9999.0 -9999.0 -9999.0 -9999.0
 -9999.0 -9999.0 -9999.0 -9999.0 -9999.0 -9999.0 -9999.0 -9999.0 -9999.0 -9999.0 -9999.0 -9999.0 -9999.0 -9999.0 -9999.0 -9999.0 -9999.0 -9999.0 -9999.0 -9999.0 -9999.0 -9999.0 -9999.0 -9999.0 -9999.0 -9999.0 -9999.0 -9999.0 -9999.0 -9999.0 -9999.0 -9999.0 -9999.0 -9999.0 -9999.0 -9999.0 -9999.0 -9999.0 -9999.0 -9999.0 -9999.0 -9999.0 -9999.0 -9999.0 -9999.0 -9999.0 -9999.0 -9999.0 -9999.0 -9999.0 -9999.0 -9999.0 -9999.0   269.4   188.2   268.4   267.6   267.7   316.6   344.8   421.5   433.3   501.6   499.9   424.8 -9999.0 -9999.0 -9999.0   249.9   201.5   176.2   155.2   125.9   103.5   113.1   178.4   154.8   193.3   484.3   225.1   184.0   177.8   206.5 -9999.0 -9999.0 -9999.0 -9999.0 -9999.0 -9999.0 -9999.0 -9999.0 -9999.0 -9999.0 -9999.0 -9999.0 -9999.0 -9999.0 -9999.0 -9999.0 -9999.0 -9999.0 -9999.0 -9999.0 -9999.0 -9999.0 -9999.0 -9999.0 -9999.0 -9999.0 -9999.0 -9999.0 -9999.0 -9999.0 -9999.0 -9999.0 -9999.0 -9999.0 -9999.0 -9999.0 -9999.0 -9999.0 -9999.0 -9999.0 -9999.0 -9999.0 -9999.0 -9999.0 -9999.0
 -9999.0 -9999.0 -9999.0 -9999.0 -9999.0 -9999.0 -9999.0 -9999.0 -9999.0 -9999.0 -9999.0 -9999.0 -9999.0 -9999.0 -9999.0 -9999.0 -9999.0 -9999.0 -9999.0 -9999.0 -9999.0 -9999.0 -9999.0 -9999.0 -9999.0 -9999.0 -9999.0 -9999.0 -9999.0 -9999.0 -9999.0 -9999.0 -9999.0 -9999.0 -9999.0 -9999.0 -9999.0 -9999.0 -9999.0 -9999.0 -9999.0 -9999.0 -9999.0 -9999.0 -9999.0 -9999.0 -9999.0 -9999.0 -9999.0 -9999.0 -9999.0 -9999.0 -9999.0 -9999.0   260.3   263.0   232.6   252.0   364.9   467.9   406.0 -9999.0 -9999.0 -9999.0 -9999.0 -9999.0 -9999.0 -9999.0   299.9   275.2   275.3   204.1   159.7   140.5   136.0   148.9   169.3   165.5   179.9 -9999.0   198.8 -9999.0 -9999.0 -9999.0 -9999.0 -9999.0 -9999.0 -9999.0 -9999.0 -9999.0 -9999.0 -9999.0 -9999.0 -9999.0 -9999.0 -9999.0 -9999.0 -9999.0 -9999.0 -9999.0 -9999.0 -9999.0 -9999.0 -9999.0 -9999.0 -9999.0 -9999.0 -9999.0 -9999.0 -9999.0 -9999.0 -9999.0 -9999.0 -9999.0 -9999.0 -9999.0 -9999.0 -9999.0 -9999.0 -9999.0 -9999.0 -9999.0 -9999.0 -9999.0 -9999.0 -9999.0 -9999.0 -9999.0
 -9999.0 -9999.0 -9999.0 -9999.0 -9999.0 -9999.0 -9999.0 -9999.0 -9999.0 -9999.0 -9999.0 -9999.0 -9999.0 -9999.0 -9999.0 -9999.0 -9999.0 -9999.0 -9999.0 -9999.0 -9999.0 -9999.0 -9999.0 -9999.0 -9999.0 -9999.0 -9999.0 -9999.0 -9999.0 -9999.0 -9999.0 -9999.0 -9999.0 -9999.0 -9999.0 -9999.0 -9999.0 -9999.0 -9999.0 -9999.0 -9999.0 -9999.0 -9999.0 -9999.0 -9999.0 -9999.0 -9999.0 -9999.0 -9999.0 -9999.0 -9999.0 -9999.0 -9999.0 -9999.0 -9999.0   261.6   383.6   326.4   341.0   447.0   491.4 -9999.0 -9999.0 -9999.0 -9999.0 -9999.0 -9999.0 -9999.0 -9999.0 -9999.0   299.8 -9999.0 -9999.0 -9999.0 -9999.0 -9999.0   173.6 -9999.0 -9999.0 -9999.0 -9999.0 -9999.0 -9999.0 -9999.0 -9999.0 -9999.0 -9999.0 -9999.0 -9999.0 -9999.0 -9999.0 -9999.0 -9999.0 -9999.0 -9999.0 -9999.0 -9999.0 -9999.0 -9999.0 -9999.0 -9999.0 -9999.0 -9999.0 -9999.0 -9999.0 -9999.0 -9999.0 -9999.0 -9999.0 -9999.0 -9999.0 -9999.0 -9999.0 -9999.0 -9999.0 -9999.0 -9999.0 -9999.0 -9999.0 -9999.0 -9999.0 -9999.0 -9999.0 -9999.0 -9999.0 -9999.0 -9999.0 -9999.0
 -9999.0 -9999.0 -9999.0 -9999.0 -9999.0 -9999.0 -9999.0 -9999.0 -9999.0 -9999.0 -9999.0 -9999.0 -9999.0 -9999.0 -9999.0 -9999.0 -9999.0 -9999.0 -9999.0 -9999.0 -9999.0 -9999.0 -9999.0 -9999.0 -9999.0 -9999.0 -9999.0 -9999.0 -9999.0 -9999.0 -9999.0 -9999.0 -9999.0 -9999.0 -9999.0 -9999.0 -9999.0 -9999.0 -9999.0 -9999.0 -9999.0 -9999.0 -9999.0 -9999.0 -9999.0 -9999.0 -9999.0 -9999.0 -9999.0 -9999.0 -9999.0 -9999.0 -9999.0 -9999.0 -9999.0 -9999.0 -9999.0 -9999.0   412.8   433.5 -9999.0 -9999.0 -9999.0 -9999.0 -9999.0 -9999.0 -9999.0 -9999.0 -9999.0 -9999.0 -9999.0 -9999.0 -9999.0 -9999.0 -9999.0   176.7   171.3 -9999.0 -9999.0 -9999.0 -9999.0 -9999.0 -9999.0 -9999.0 -9999.0 -9999.0 -9999.0 -9999.0 -9999.0 -9999.0 -9999.0 -9999.0 -9999.0 -9999.0 -9999.0 -9999.0 -9999.0 -9999.0 -9999.0 -9999.0 -9999.0 -9999.0 -9999.0 -9999.0 -9999.0 -9999.0 -9999.0 -9999.0 -9999.0 -9999.0 -9999.0 -9999.0 -9999.0 -9999.0 -9999.0 -9999.0 -9999.0 -9999.0 -9999.0 -9999.0 -9999.0 -9999.0 -9999.0 -9999.0 -9999.0 -9999.0 -9999.0 -9999.0
 -9999.0 -9999.0 -9999.0 -9999.0 -9999.0 -9999.0 -9999.0 -9999.0 -9999.0 -9999.0 -9999.0 -9999.0 -9999.0 -9999.0 -9999.0 -9999.0 -9999.0 -9999.0 -9999.0 -9999.0 -9999.0 -9999.0 -9999.0 -9999.0 -9999.0 -9999.0 -9999.0 -9999.0 -9999.0 -9999.0 -9999.0 -9999.0 -9999.0 -9999.0 -9999.0 -9999.0 -9999.0 -9999.0 -9999.0 -9999.0 -9999.0 -9999.0 -9999.0 -9999.0 -9999.0 -9999.0 -9999.0 -9999.0 -9999.0 -9999.0 -9999.0 -9999.0 -9999.0 -9999.0 -9999.0 -9999.0 -9999.0 -9999.0 -9999.0 -9999.0 -9999.0 -9999.0 -9999.0 -9999.0 -9999.0 -9999.0 -9999.0 -9999.0 -9999.0 -9999.0 -9999.0 -9999.0 -9999.0 -9999.0 -9999.0 -9999.0 -9999.0 -9999.0 -9999.0 -9999.0 -9999.0 -9999.0 -9999.0 -9999.0 -9999.0 -9999.0 -9999.0 -9999.0 -9999.0 -9999.0 -9999.0 -9999.0 -9999.0 -9999.0 -9999.0 -9999.0 -9999.0 -9999.0 -9999.0 -9999.0 -9999.0 -9999.0 -9999.0 -9999.0 -9999.0 -9999.0 -9999.0 -9999.0 -9999.0 -9999.0 -9999.0 -9999.0 -9999.0 -9999.0 -9999.0 -9999.0 -9999.0 -9999.0 -9999.0 -9999.0 -9999.0 -9999.0 -9999.0 -9999.0 -9999.0 -9999.0 -9999.0 -9999.0
 -9999.0 -9999.0 -9999.0 -9999.0 -9999.0 -9999.0 -9999.0 -9999.0 -9999.0 -9999.0 -9999.0 -9999.0 -9999.0 -9999.0 -9999.0 -9999.0 -9999.0 -9999.0 -9999.0 -9999.0 -9999.0 -9999.0 -9999.0 -9999.0 -9999.0 -9999.0 -9999.0 -9999.0 -9999.0 -9999.0 -9999.0 -9999.0 -9999.0 -9999.0 -9999.0 -9999.0 -9999.0 -9999.0 -9999.0 -9999.0 -9999.0 -9999.0 -9999.0 -9999.0 -9999.0 -9999.0 -9999.0 -9999.0 -9999.0 -9999.0 -9999.0 -9999.0 -9999.0 -9999.0 -9999.0 -9999.0 -9999.0 -9999.0 -9999.0 -9999.0 -9999.0 -9999.0 -9999.0 -9999.0 -9999.0 -9999.0 -9999.0 -9999.0 -9999.0 -9999.0 -9999.0 -9999.0 -9999.0 -9999.0 -9999.0   214.0   171.2   148.4 -9999.0 -9999.0 -9999.0 -9999.0 -9999.0 -9999.0 -9999.0 -9999.0 -9999.0 -9999.0 -9999.0 -9999.0 -9999.0 -9999.0 -9999.0 -9999.0 -9999.0 -9999.0 -9999.0 -9999.0 -9999.0 -9999.0 -9999.0 -9999.0 -9999.0 -9999.0 -9999.0 -9999.0 -9999.0 -9999.0 -9999.0 -9999.0 -9999.0 -9999.0 -9999.0 -9999.0 -9999.0 -9999.0 -9999.0 -9999.0 -9999.0 -9999.0 -9999.0 -9999.0 -9999.0 -9999.0 -9999.0 -9999.0 -9999.0 -9999.0
 -9999.0 -9999.0 -9999.0 -9999.0 -9999.0 -9999.0 -9999.0 -9999.0 -9999.0 -9999.0 -9999.0 -9999.0 -9999.0 -9999.0 -9999.0 -9999.0 -9999.0 -9999.0 -9999.0 -9999.0 -9999.0 -9999.0 -9999.0 -9999.0 -9999.0 -9999.0 -9999.0 -9999.0 -9999.0 -9999.0 -9999.0 -9999.0 -9999.0 -9999.0 -9999.0 -9999.0 -9999.0 -9999.0 -9999.0 -9999.0 -9999.0 -9999.0 -9999.0 -9999.0 -9999.0 -9999.0 -9999.0 -9999.0 -9999.0 -9999.0 -9999.0 -9999.0 -9999.0 -9999.0 -9999.0 -9999.0 -9999.0 -9999.0 -9999.0 -9999.0 -9999.0 -9999.0 -9999.0 -9999.0 -9999.0 -9999.0 -9999.0 -9999.0 -9999.0 -9999.0 -9999.0 -9999.0 -9999.0   265.9   331.3   256.1   237.1 -9999.0 -9999.0 -9999.0 -9999.0 -9999.0 -9999.0 -9999.0 -9999.0 -9999.0 -9999.0 -9999.0 -9999.0 -9999.0 -9999.0 -9999.0 -9999.0 -9999.0 -9999.0 -9999.0 -9999.0 -9999.0 -9999.0 -9999.0 -9999.0 -9999.0 -9999.0 -9999.0 -9999.0 -9999.0 -9999.0 -9999.0 -9999.0 -9999.0 -9999.0 -9999.0 -9999.0 -9999.0 -9999.0 -9999.0 -9999.0 -9999.0 -9999.0 -9999.0 -9999.0 -9999.0 -9999.0 -9999.0 -9999.0 -9999.0 -9999.0 -9999.0
 -9999.0 -9999.0 -9999.0 -9999.0 -9999.0 -9999.0 -9999.0 -9999.0 -9999.0 -9999.0 -9999.0 -9999.0 -9999.0 -9999.0 -9999.0 -9999.0 -9999.0 -9999.0 -9999.0 -9999.0 -9999.0 -9999.0 -9999.0 -9999.0 -9999.0 -9999.0 -9999.0 -9999.0 -9999.0 -9999.0 -9999.0 -9999.0 -9999.0 -9999.0 -9999.0 -9999.0 -9999.0 -9999.0 -9999.0 -9999.0 -9999.0 -9999.0 -9999.0 -9999.0 -9999.0 -9999.0 -9999.0 -9999.0 -9999.0 -9999.0 -9999.0 -9999.0 -9999.0 -9999.0 -9999.0 -9999.0 -9999.0 -9999.0 -9999.0 -9999.0 -9999.0 -9999.0 -9999.0 -9999.0 -9999.0 -9999.0 -9999.0 -9999.0 -9999.0 -9999.0 -9999.0 -9999.0 -9999.0 -9999.0   279.0   329.9   207.8 -9999.0 -9999.0 -9999.0 -9999.0 -9999.0 -9999.0 -9999.0 -9999.0 -9999.0 -9999.0 -9999.0 -9999.0 -9999.0 -9999.0 -9999.0 -9999.0 -9999.0 -9999.0 -9999.0 -9999.0 -9999.0 -9999.0 -9999.0 -9999.0 -9999.0 -9999.0 -9999.0 -9999.0 -9999.0 -9999.0 -9999.0 -9999.0 -9999.0 -9999.0 -9999.0 -9999.0 -9999.0 -9999.0 -9999.0 -9999.0 -9999.0 -9999.0 -9999.0 -9999.0 -9999.0 -9999.0 -9999.0 -9999.0 -9999.0 -9999.0 -9999.0
 -9999.0 -9999.0 -9999.0 -9999.0 -9999.0 -9999.0 -9999.0 -9999.0 -9999.0 -9999.0 -9999.0 -9999.0 -9999.0 -9999.0 -9999.0 -9999.0 -9999.0 -9999.0 -9999.0 -9999.0 -9999.0 -9999.0 -9999.0 -9999.0 -9999.0 -9999.0 -9999.0 -9999.0 -9999.0 -9999.0 -9999.0 -9999.0 -9999.0 -9999.0 -9999.0 -9999.0 -9999.0 -9999.0 -9999.0 -9999.0 -9999.0 -9999.0 -9999.0 -9999.0 -9999.0 -9999.0 -9999.0 -9999.0 -9999.0 -9999.0 -9999.0 -9999.0 -9999.0 -9999.0 -9999.0 -9999.0 -9999.0 -9999.0 -9999.0 -9999.0 -9999.0 -9999.0 -9999.0 -9999.0 -9999.0 -9999.0 -9999.0 -9999.0 -9999.0 -9999.0 -9999.0 -9999.0 -9999.0 -9999.0 -9999.0 -9999.0 -9999.0 -9999.0 -9999.0 -9999.0 -9999.0 -9999.0 -9999.0 -9999.0 -9999.0 -9999.0 -9999.0 -9999.0 -9999.0 -9999.0 -9999.0 -9999.0 -9999.0 -9999.0 -9999.0 -9999.0 -9999.0 -9999.0 -9999.0 -9999.0 -9999.0 -9999.0 -9999.0 -9999.0 -9999.0 -9999.0 -9999.0 -9999.0 -9999.0 -9999.0 -9999.0 -9999.0 -9999.0 -9999.0 -9999.0 -9999.0 -9999.0 -9999.0 -9999.0 -9999.0 -9999.0 -9999.0 -9999.0 -9999.0 -9999.0 -9999.0 -9999.0 -9999.0
