NCOLS      128
NROWS       72
XLLCORNER    72.000000000000    
YLLCORNER    18.000000000000    
CELLSIZE    0.50000000000000    
NODATA_VALUE   -9999.000    
 -9999.0 -9999.0 -9999.0 -9999.0 -9999.0 -9999.0 -9999.0 -9999.0 -9999.0 -9999.0 -9999.0 -9999.0 -9999.0 -9999.0 -9999.0 -9999.0 -9999.0 -9999.0 -9999.0 -9999.0 -9999.0 -9999.0 -9999.0 -9999.0 -9999.0 -9999.0 -9999.0 -9999.0 -9999.0 -9999.0 -9999.0 -9999.0 -9999.0 -9999.0 -9999.0 -9999.0 -9999.0 -9999.0 -9999.0 -9999.0 -9999.0 -9999.0 -9999.0 -9999.0 -9999.0 -9999.0 -9999.0 -9999.0 -9999.0 -9999.0 -9999.0 -9999.0 -9999.0 -9999.0 -9999.0 -9999.0 -9999.0 -9999.0 -9999.0 -9999.0 -9999.0 -9999.0 -9999.0 -9999.0 -9999.0 -9999.0 -9999.0 -9999.0 -9999.0 -9999.0 -9999.0 -9999.0 -9999.0 -9999.0 -9999.0 -9999.0 -9999.0 -9999.0 -9999.0 -9999.0 -9999.0 -9999.0 -9999.0 -9999.0 -9999.0 -9999.0 -9999.0 -9999.0 -9999.0 -9999.0 -9999.0 -9999.0 -9999.0 -9999.0 -9999.0 -9999.0 -9999.0     6.3     7.2     8.5     9.9    11.5    13.1    14.7    16.1 -9999.0 -9999.0 -9999.0 -9999.0 -9999.0 -9999.0 -9999.0 -9999.0 -9999.0 -9999.0 -9999.0 -9999.0 -9999.0 -9999.0 -9999.0 -9999.0 -9999.0 -9999.0 -9999.0 -9999.0 -9999.0 -9999.0 -9999.0
 -9999.0 -9999.0 -9999.0 -9999.0 -9999.0 -9999.0 -9999.0 -9999.0 -9999.0 -9999.0 -9999.0 -9999.0 -9999.0 -9999.0 -9999.0 -9999.0 -9999.0 -9999.0 -9999.0 -9999.0 -9999.0 -9999.0 -9999.0 -9999.0 -9999.0 -9999.0 -9999.0 -9999.0 -9999.0 -9999.0 -9999.0 -9999.0 -9999.0 -9999.0 -9999.0 -9999.0 -9999.0 -9999.0 -9999.0 -9999.0 -9999.0 -9999.0 -9999.0 -9999.0 -9999.0 -9999.0 -9999.0 -9999.0 -9999.0 -9999.0 -9999.0 -9999.0 -9999.0 -9999.0 -9999.0 -9999.0 -9999.0 -9999.0 -9999.0 -9999.0 -9999.0 -9999.0 -9999.0 -9999.0 -9999.0 -9999.0 -9999.0 -9999.0 -9999.0 -9999.0 -9999.0 -9999.0 -9999.0 -9999.0 -9999.0 -9999.0 -9999.0 -9999.0 -9999.0 -9999.0 -9999.0 -9999.0 -9999.0 -9999.0 -9999.0 -9999.0 -9999.0 -9999.0 -9999.0 -9999.0 -9999.0 -9999.0 -9999.0 -9999.0 -9999.0 -9999.0     5.5     6.0     6.8     8.0     9.3    10.8    12.2    13.3    14.6    17.2    21.6    27.5    34.9 -9999.0 -9999.0 -9999.0 -9999.0 -9999.0 -9999.0 -9999.0 -9999.0 -9999.0 -9999.0 -9999.0 -9999.0 -9999.0 -9999.0 -9999.0 -9999.0 -9999.0 -9999.0 -9999.0
 -9999.0 -9999.0 -9999.0 -9999.0 -9999.0 -9999.0 -9999.0 -9999.0 -9999.0 -9999.0 -9999.0 -9999.0 -9999.0 -9999.0 -9999.0 -9999.0 -9999.0 -9999.0 -9999.0 -9999.0 -9999.0 -9999.0 -9999.0 -9999.0 -9999.0 -9999.0 -9999.0 -9999.0 -9999.0 -9999.0 -9999.0 -9999.0 -9999.0 -9999.0 -9999.0 -9999.0 -9999.0 -9999.0 -9999.0 -9999.0 -9999.0 -9999.0 -9999.0 -9999.0 -9999.0 -9999.0 -9999.0 -9999.0 -9999.0 -9999.0 -9999.0 -9999.0 -9999.0 -9999.0 -9999.0 -9999.0 -9999.0 -9999.0 -9999.0 -9999.0 -9999.0 -9999.0 -9999.0 -9999.0 -9999.0 -9999.0 -9999.0 -9999.0 -9999.0 -9999.0 -9999.0 -9999.0 -9999.0 -9999.0 -9999.0 -9999.0 -9999.0 -9999.0 -9999.0 -9999.0 -9999.0 -9999.0 -9999.0 -9999.0 -9999.0 -9999.0 -9999.0 -9999.0 -9999.0 -9999.0 -9999.0 -9999.0 -9999.0 -9999.0 -9999.0     5.3     5.3     5.8     6.7     8.0     9.5    10.9    12.0    12.6    13.0    14.1    18.2    23.9    31.2 -9999.0 -9999.0 -9999.0 -9999.0 -9999.0 -9999.0 -9999.0 -9999.0 -9999.0 -9999.0 -9999.0 -9999.0 -9999.0 -9999.0 -9999.0 -9999.0 -9999.0 -9999.0 -9999.0
 -9999.0 -9999.0 -9999.0 -9999.0 -9999.0 -9999.0 -9999.0 -9999.0 -9999.0 -9999.0 -9999.0 -9999.0 -9999.0 -9999.0 -9999.0 -9999.0 -9999.0 -9999.0 -9999.0 -9999.0 -9999.0 -9999.0 -9999.0 -9999.0 -9999.0 -9999.0 -9999.0 -9999.0 -9999.0 -9999.0 -9999.0 -9999.0 -9999.0 -9999.0 -9999.0 -9999.0 -9999.0 -9999.0 -9999.0 -9999.0 -9999.0 -9999.0 -9999.0 -9999.0 -9999.0 -9999.0 -9999.0 -9999.0 -9999.0 -9999.0 -9999.0 -9999.0 -9999.0 -9999.0 -9999.0 -9999.0 -9999.0 -9999.0 -9999.0 -9999.0 -9999.0 -9999.0 -9999.0 -9999.0 -9999.0 -9999.0 -9999.0 -9999.0 -9999.0 -9999.0 -9999.0 -9999.0 -9999.0 -9999.0 -9999.0 -9999.0 -9999.0 -9999.0 -9999.0 -9999.0 -9999.0 -9999.0 -9999.0 -9999.0 -9999.0 -9999.0 -9999.0 -9999.0 -9999.0 -9999.0 -9999.0 -9999.0 -9999.0 -9999.0 -9999.0     5.2     5.5     5.3     6.7     8.4     9.9    11.2    12.4    12.6    12.3    13.0    16.2    21.3    27.6    33.0 -9999.0 -9999.0 -9999.0 -9999.0 -9999.0 -9999.0 -9999.0 -9999.0 -9999.0 -9999.0 -9999.0 -9999.0 -9999.0 -9999.0 -9999.0 -9999.0 -9999.0 -9999.0
 -9999.0 -9999.0 -9999.0 -9999.0 -9999.0 -9999.0 -9999.0 -9999.0 -9999.0 -9999.0 -9999.0 -9999.0 -9999.0 -9999.0 -9999.0 -9999.0 -9999.0 -9999.0 -9999.0 -9999.0 -9999.0 -9999.0 -9999.0 -9999.0 -9999.0 -9999.0 -9999.0 -9999.0 -9999.0 -9999.0 -9999.0 -9999.0 -9999.0 -9999.0 -9999.0 -9999.0 -9999.0 -9999.0 -9999.0 -9999.0 -9999.0 -9999.0 -9999.0 -9999.0 -9999.0 -9999.0 -9999.0 -9999.0 -9999.0 -9999.0 -9999.0 -9999.0 -9999.0 -9999.0 -9999.0 -9999.0 -9999.0 -9999.0 -9999.0 -9999.0 -9999.0 -9999.0 -9999.0 -9999.0 -9999.0 -9999.0 -9999.0 -9999.0 -9999.0 -9999.0 -9999.0 -9999.0 -9999.0 -9999.0 -9999.0 -9999.0 -9999.0 -9999.0 -9999.0 -9999.0 -9999.0 -9999.0 -9999.0 -9999.0 -9999.0 -9999.0 -9999.0 -9999.0 -9999.0 -9999.0 -9999.0 -9999.0 -9999.0 -9999.0 -9999.0     5.4     4.8     6.4     7.7     9.2    10.8    12.2    12.9    12.9    12.4    12.9    15.2    19.1    23.2    26.8    28.5 -9999.0 -9999.0 -9999.0 -9999.0 -9999.0 -9999.0 -9999.0 -9999.0 -9999.0 -9999.0 -9999.0 -9999.0 -9999.0 -9999.0 -9999.0 -9999.0 -9999.0
 -9999.0 -9999.0 -9999.0 -9999.0 -9999.0 -9999.0 -9999.0 -9999.0 -9999.0 -9999.0 -9999.0 -9999.0 -9999.0 -9999.0 -9999.0 -9999.0 -9999.0 -9999.0 -9999.0 -9999.0 -9999.0 -9999.0 -9999.0 -9999.0 -9999.0 -9999.0 -9999.0 -9999.0 -9999.0 -9999.0 -9999.0 -9999.0 -9999.0 -9999.0 -9999.0 -9999.0 -9999.0 -9999.0 -9999.0 -9999.0 -9999.0 -9999.0 -9999.0 -9999.0 -9999.0 -9999.0 -9999.0 -9999.0 -9999.0 -9999.0 -9999.0 -9999.0 -9999.0 -9999.0 -9999.0 -9999.0 -9999.0 -9999.0 -9999.0 -9999.0 -9999.0 -9999.0 -9999.0 -9999.0 -9999.0 -9999.0 -9999.0 -9999.0 -9999.0 -9999.0 -9999.0 -9999.0 -9999.0 -9999.0 -9999.0 -9999.0 -9999.0 -9999.0 -9999.0 -9999.0 -9999.0 -9999.0 -9999.0 -9999.0 -9999.0 -9999.0 -9999.0 -9999.0 -9999.0 -9999.0 -9999.0 -9999.0 -9999.0 -9999.0     6.6     5.3     5.7     6.7     8.6    10.9    12.8    13.6    14.3    13.7    13.0    13.7    15.5    17.6    19.0    19.6    20.2 -9999.0 -9999.0 -9999.0 -9999.0 -9999.0 -9999.0 -9999.0 -9999.0 -9999.0 -9999.0 -9999.0 -9999.0 -9999.0 -9999.0 -9999.0 -9999.0 -9999.0
 -9999.0 -9999.0 -9999.0 -9999.0 -9999.0 -9999.0 -9999.0 -9999.0 -9999.0 -9999.0 -9999.0 -9999.0 -9999.0 -9999.0 -9999.0 -9999.0 -9999.0 -9999.0 -9999.0 -9999.0 -9999.0 -9999.0 -9999.0 -9999.0 -9999.0 -9999.0 -9999.0 -9999.0 -9999.0 -9999.0 -9999.0 -9999.0 -9999.0 -9999.0 -9999.0 -9999.0 -9999.0 -9999.0 -9999.0 -9999.0 -9999.0 -9999.0 -9999.0 -9999.0 -9999.0 -9999.0 -9999.0 -9999.0 -9999.0 -9999.0 -9999.0 -9999.0 -9999.0 -9999.0 -9999.0 -9999.0 -9999.0 -9999.0 -9999.0 -9999.0 -9999.0 -9999.0 -9999.0 -9999.0 -9999.0 -9999.0 -9999.0 -9999.0 -9999.0 -9999.0 -9999.0 -9999.0 -9999.0 -9999.0 -9999.0 -9999.0 -9999.0 -9999.0 -9999.0 -9999.0 -9999.0 -9999.0 -9999.0 -9999.0 -9999.0 -9999.0 -9999.0 -9999.0 -9999.0 -9999.0 -9999.0 -9999.0 -9999.0 -9999.0     7.7     6.8     6.7     8.2    10.7    12.9    15.5    16.9    17.0    15.7    14.7    16.2    17.5    17.7    16.6    14.7    14.4    18.6 -9999.0 -9999.0 -9999.0 -9999.0 -9999.0 -9999.0 -9999.0 -9999.0 -9999.0 -9999.0 -9999.0 -9999.0 -9999.0 -9999.0 -9999.0 -9999.0
 -9999.0 -9999.0 -9999.0 -9999.0 -9999.0 -9999.0 -9999.0 -9999.0 -9999.0 -9999.0 -9999.0 -9999.0 -9999.0 -9999.0 -9999.0 -9999.0 -9999.0 -9999.0 -9999.0 -9999.0 -9999.0 -9999.0 -9999.0 -9999.0 -9999.0 -9999.0 -9999.0 -9999.0 -9999.0 -9999.0 -9999.0 -9999.0 -9999.0 -9999.0 -9999.0 -9999.0 -9999.0 -9999.0 -9999.0 -9999.0 -9999.0 -9999.0 -9999.0 -9999.0 -9999.0 -9999.0 -9999.0 -9999.0 -9999.0 -9999.0 -9999.0 -9999.0 -9999.0 -9999.0 -9999.0 -9999.0 -9999.0 -9999.0 -9999.0 -9999.0 -9999.0 -9999.0 -9999.0 -9999.0 -9999.0 -9999.0 -9999.0 -9999.0 -9999.0 -9999.0 -9999.0 -9999.0 -9999.0 -9999.0 -9999.0 -9999.0 -9999.0 -9999.0 -9999.0 -9999.0 -9999.0 -9999.0 -9999.0 -9999.0 -9999.0 -9999.0 -9999.0 -9999.0 -9999.0    24.7 -9999.0 -9999.0    16.8    13.0     8.4     6.9     7.5     9.7    13.1    16.4    17.4    20.3    21.5    20.0    19.7    21.4    21.8    20.8    17.2    14.4    13.1    18.1 -9999.0 -9999.0 -9999.0 -9999.0 -9999.0 -9999.0 -9999.0 -9999.0 -9999.0 -9999.0 -9999.0 -9999.0 -9999.0 -9999.0 -9999.0 -9999.0
 -9999.0 -9999.0 -9999.0 -9999.0 -9999.0 -9999.0 -9999.0 -9999.0 -9999.0 -9999.0 -9999.0 -9999.0 -9999.0 -9999.0 -9999.0 -9999.0 -9999.0 -9999.0 -9999.0 -9999.0 -9999.0 -9999.0 -9999.0 -9999.0 -9999.0 -9999.0 -9999.0 -9999.0 -9999.0 -9999.0 -9999.0 -9999.0 -9999.0 -9999.0 -9999.0 -9999.0 -9999.0 -9999.0 -9999.0 -9999.0 -9999.0 -9999.0 -9999.0 -9999.0 -9999.0 -9999.0 -9999.0 -9999.0 -9999.0 -9999.0 -9999.0 -9999.0 -9999.0 -9999.0 -9999.0 -9999.0 -9999.0 -9999.0 -9999.0 -9999.0 -9999.0 -9999.0 -9999.0 -9999.0 -9999.0 -9999.0 -9999.0 -9999.0 -9999.0 -9999.0 -9999.0 -9999.0 -9999.0 -9999.0 -9999.0 -9999.0 -9999.0 -9999.0 -9999.0 -9999.0 -9999.0 -9999.0 -9999.0 -9999.0 -9999.0 -9999.0 -9999.0 -9999.0    21.4    25.6    29.0    26.4    20.6    17.0    10.9    10.7    10.5    13.3    15.9    18.9    22.5    25.0    26.4    27.9    28.5    29.4    28.2    24.3    19.9    17.4    18.1    23.6    34.8    45.6    52.7    56.7 -9999.0 -9999.0 -9999.0 -9999.0 -9999.0 -9999.0 -9999.0 -9999.0 -9999.0 -9999.0 -9999.0 -9999.0
 -9999.0 -9999.0 -9999.0 -9999.0 -9999.0 -9999.0 -9999.0 -9999.0 -9999.0 -9999.0 -9999.0 -9999.0 -9999.0 -9999.0 -9999.0 -9999.0 -9999.0 -9999.0 -9999.0 -9999.0 -9999.0 -9999.0 -9999.0 -9999.0 -9999.0 -9999.0 -9999.0 -9999.0 -9999.0     7.7     8.3     8.5     8.4 -9999.0 -9999.0 -9999.0 -9999.0 -9999.0 -9999.0 -9999.0 -9999.0 -9999.0 -9999.0 -9999.0 -9999.0 -9999.0 -9999.0 -9999.0 -9999.0 -9999.0 -9999.0 -9999.0 -9999.0 -9999.0 -9999.0 -9999.0 -9999.0 -9999.0 -9999.0 -9999.0 -9999.0 -9999.0 -9999.0 -9999.0 -9999.0 -9999.0 -9999.0 -9999.0 -9999.0 -9999.0 -9999.0 -9999.0 -9999.0 -9999.0 -9999.0 -9999.0 -9999.0 -9999.0 -9999.0 -9999.0 -9999.0 -9999.0 -9999.0 -9999.0 -9999.0 -9999.0 -9999.0    15.3    21.2    27.3    31.5    29.6    26.8    20.9    15.5    12.4    14.1    15.6    20.7    22.2    23.2    24.8    28.2    28.5    31.5    32.4    30.1    25.7    22.7    21.6    24.6    31.1    39.9    46.9    50.0    51.6    50.9    46.8 -9999.0 -9999.0 -9999.0 -9999.0 -9999.0 -9999.0 -9999.0 -9999.0 -9999.0 -9999.0
 -9999.0 -9999.0 -9999.0 -9999.0 -9999.0 -9999.0 -9999.0 -9999.0 -9999.0 -9999.0 -9999.0 -9999.0 -9999.0 -9999.0 -9999.0 -9999.0 -9999.0 -9999.0 -9999.0 -9999.0 -9999.0 -9999.0 -9999.0 -9999.0 -9999.0 -9999.0 -9999.0     5.0     6.8     7.2     9.8    10.4     9.6     9.1 -9999.0 -9999.0 -9999.0 -9999.0 -9999.0 -9999.0 -9999.0 -9999.0 -9999.0 -9999.0 -9999.0 -9999.0 -9999.0 -9999.0 -9999.0 -9999.0 -9999.0 -9999.0 -9999.0 -9999.0 -9999.0 -9999.0 -9999.0 -9999.0 -9999.0 -9999.0 -9999.0 -9999.0 -9999.0 -9999.0 -9999.0 -9999.0 -9999.0 -9999.0 -9999.0 -9999.0 -9999.0 -9999.0 -9999.0 -9999.0 -9999.0 -9999.0 -9999.0 -9999.0 -9999.0 -9999.0 -9999.0 -9999.0 -9999.0 -9999.0 -9999.0 -9999.0 -9999.0    14.8    21.1    25.5    30.4    33.6    32.5    28.6    22.0    18.8    17.5    20.7    21.3    23.7    23.0    22.4    23.0    21.9    21.8    24.3    25.3    24.2    21.6    23.5    29.9    36.7    41.7    44.0    43.9    42.7    41.3    37.6 -9999.0 -9999.0 -9999.0 -9999.0 -9999.0    37.7    37.6    37.6    38.0 -9999.0
 -9999.0 -9999.0 -9999.0 -9999.0 -9999.0 -9999.0 -9999.0 -9999.0 -9999.0 -9999.0 -9999.0 -9999.0 -9999.0 -9999.0 -9999.0 -9999.0 -9999.0 -9999.0 -9999.0 -9999.0 -9999.0 -9999.0 -9999.0 -9999.0 -9999.0 -9999.0     3.5     1.8     2.5     4.0     7.2    10.0    10.1     9.6     7.1     4.8     2.8 -9999.0 -9999.0 -9999.0 -9999.0 -9999.0 -9999.0 -9999.0 -9999.0 -9999.0 -9999.0 -9999.0 -9999.0 -9999.0 -9999.0 -9999.0 -9999.0 -9999.0 -9999.0 -9999.0 -9999.0 -9999.0 -9999.0 -9999.0 -9999.0 -9999.0 -9999.0 -9999.0 -9999.0 -9999.0 -9999.0 -9999.0 -9999.0 -9999.0 -9999.0 -9999.0 -9999.0 -9999.0 -9999.0 -9999.0 -9999.0 -9999.0 -9999.0 -9999.0 -9999.0 -9999.0 -9999.0 -9999.0 -9999.0 -9999.0     7.3    11.9    17.4    23.3    31.4    36.5    38.2    34.9    28.3    25.8    22.7    23.9    23.8    19.5    19.1    17.0    13.7    11.8    10.4    12.9    17.0    20.2    22.1    27.5    35.7    41.1    42.4    40.8    38.0    36.0    34.2    30.6    26.9 -9999.0 -9999.0    33.5    36.5    37.7    38.1    37.8    39.0 -9999.0
 -9999.0 -9999.0 -9999.0 -9999.0 -9999.0 -9999.0 -9999.0 -9999.0 -9999.0 -9999.0 -9999.0 -9999.0 -9999.0 -9999.0 -9999.0 -9999.0 -9999.0 -9999.0 -9999.0 -9999.0 -9999.0 -9999.0 -9999.0 -9999.0 -9999.0 -9999.0     2.5     2.1     1.8     1.7     2.3     5.2     5.9     8.7     6.7     4.7     2.0     1.5 -9999.0 -9999.0 -9999.0 -9999.0 -9999.0 -9999.0 -9999.0 -9999.0 -9999.0 -9999.0 -9999.0 -9999.0 -9999.0 -9999.0 -9999.0 -9999.0 -9999.0 -9999.0 -9999.0 -9999.0 -9999.0 -9999.0 -9999.0 -9999.0 -9999.0 -9999.0 -9999.0 -9999.0 -9999.0 -9999.0 -9999.0 -9999.0 -9999.0 -9999.0 -9999.0 -9999.0 -9999.0 -9999.0 -9999.0 -9999.0 -9999.0 -9999.0 -9999.0 -9999.0 -9999.0 -9999.0 -9999.0 -9999.0     5.3     8.6    14.2    21.7    29.5    36.3    41.8    39.4    35.8    30.3    30.0    24.0    17.9    16.7    15.0    13.0    10.7     7.0     6.0     7.7    12.4    19.8    27.3    34.2    41.1    44.6    42.7    37.4    34.4    31.9    30.1    26.9    23.6    22.4    26.1    32.3    36.8    39.5    40.9    41.6    41.8 -9999.0
 -9999.0 -9999.0 -9999.0 -9999.0 -9999.0 -9999.0 -9999.0 -9999.0 -9999.0 -9999.0 -9999.0 -9999.0 -9999.0 -9999.0 -9999.0 -9999.0 -9999.0 -9999.0 -9999.0 -9999.0 -9999.0    22.9    19.7    15.5     9.8     5.9     4.1     4.2     4.5     3.5     2.1     3.0     3.4     3.9     4.2     3.0     2.6     1.4     0.7 -9999.0 -9999.0 -9999.0 -9999.0 -9999.0 -9999.0 -9999.0 -9999.0 -9999.0 -9999.0 -9999.0 -9999.0 -9999.0 -9999.0 -9999.0 -9999.0 -9999.0 -9999.0 -9999.0 -9999.0 -9999.0 -9999.0 -9999.0 -9999.0 -9999.0 -9999.0 -9999.0 -9999.0 -9999.0 -9999.0 -9999.0 -9999.0 -9999.0 -9999.0 -9999.0 -9999.0 -9999.0 -9999.0 -9999.0 -9999.0 -9999.0 -9999.0 -9999.0 -9999.0 -9999.0 -9999.0 -9999.0 -9999.0     7.5 -9999.0 -9999.0    26.4 -9999.0 -9999.0    43.7    38.5    34.5    33.0    22.3    14.3    16.3    10.7    11.9    10.0     7.5     7.0     9.9    14.9    24.3    30.6    38.5    42.1    41.6    39.6    36.3    33.2    31.9    30.4    29.1    26.3    23.0    26.0    32.2    38.0    42.3    44.8    45.4 -9999.0 -9999.0
 -9999.0 -9999.0 -9999.0 -9999.0 -9999.0 -9999.0 -9999.0 -9999.0 -9999.0 -9999.0 -9999.0 -9999.0 -9999.0 -9999.0 -9999.0 -9999.0 -9999.0 -9999.0 -9999.0 -9999.0 -9999.0    16.3    16.4    14.4     9.7     6.9     3.3     2.5     3.7     4.1     2.8     3.1     3.9     2.9     2.2     1.6     1.3     1.4     0.6 -9999.0 -9999.0 -9999.0 -9999.0 -9999.0 -9999.0 -9999.0 -9999.0 -9999.0 -9999.0 -9999.0 -9999.0 -9999.0 -9999.0 -9999.0 -9999.0 -9999.0 -9999.0 -9999.0 -9999.0 -9999.0 -9999.0 -9999.0 -9999.0 -9999.0 -9999.0 -9999.0 -9999.0 -9999.0 -9999.0 -9999.0 -9999.0 -9999.0 -9999.0 -9999.0 -9999.0 -9999.0 -9999.0 -9999.0 -9999.0 -9999.0 -9999.0 -9999.0 -9999.0 -9999.0 -9999.0 -9999.0 -9999.0 -9999.0 -9999.0    15.4    24.2    34.6    45.2    44.2    40.9    37.3    23.5    17.1    11.4     7.8     6.8     8.2     8.7     8.6     9.1    11.7    16.3    21.8    26.6    33.0    35.6    35.1    35.0    34.7    33.9    31.7    32.5    35.1    35.1    31.0    30.8    35.0    40.8    45.8    48.6 -9999.0 -9999.0 -9999.0
 -9999.0 -9999.0 -9999.0 -9999.0 -9999.0 -9999.0 -9999.0 -9999.0 -9999.0 -9999.0 -9999.0 -9999.0 -9999.0 -9999.0 -9999.0 -9999.0 -9999.0 -9999.0 -9999.0 -9999.0    14.6    16.6    14.1    13.7     9.9     5.0     2.8     2.6     2.9     3.4     4.0     3.2     3.4     2.9     2.0     1.3     1.4     0.7     0.5 -9999.0 -9999.0 -9999.0 -9999.0 -9999.0 -9999.0 -9999.0 -9999.0 -9999.0 -9999.0 -9999.0 -9999.0 -9999.0 -9999.0 -9999.0 -9999.0 -9999.0 -9999.0 -9999.0 -9999.0 -9999.0 -9999.0 -9999.0 -9999.0 -9999.0 -9999.0 -9999.0 -9999.0 -9999.0 -9999.0 -9999.0 -9999.0 -9999.0 -9999.0 -9999.0 -9999.0 -9999.0 -9999.0 -9999.0 -9999.0 -9999.0 -9999.0 -9999.0 -9999.0 -9999.0 -9999.0 -9999.0 -9999.0 -9999.0     8.6    14.0    22.1    31.4    42.7    45.2    40.5    33.0    20.0    17.4     9.9     6.2     6.7     7.0     8.0     8.7     9.4    11.5    14.5    16.3    19.8    24.7    26.7    26.3    29.3    30.5    31.3    32.6    34.0    39.0    43.3    42.1    39.5    41.0    44.5    48.7    51.7 -9999.0 -9999.0 -9999.0
 -9999.0 -9999.0 -9999.0 -9999.0 -9999.0 -9999.0 -9999.0 -9999.0 -9999.0 -9999.0 -9999.0 -9999.0 -9999.0 -9999.0 -9999.0 -9999.0 -9999.0 -9999.0    25.4    19.8    14.8    21.1    20.2    16.4    10.7     5.9     2.8     2.9     3.7     4.7     4.4     3.9     3.4     2.6     2.1     1.8     1.4     0.8     0.5 -9999.0 -9999.0 -9999.0 -9999.0 -9999.0 -9999.0 -9999.0 -9999.0 -9999.0 -9999.0 -9999.0 -9999.0 -9999.0 -9999.0 -9999.0 -9999.0 -9999.0 -9999.0 -9999.0 -9999.0 -9999.0 -9999.0 -9999.0 -9999.0 -9999.0 -9999.0 -9999.0 -9999.0 -9999.0 -9999.0 -9999.0 -9999.0 -9999.0 -9999.0 -9999.0 -9999.0 -9999.0 -9999.0 -9999.0 -9999.0 -9999.0 -9999.0 -9999.0 -9999.0 -9999.0     2.0     2.7     4.3     5.6     7.5    14.3    21.4    31.4    37.8    42.9    38.7    32.8    16.2    11.2     6.2     5.4     6.5     7.8     8.8     9.3     9.9    11.2    13.4    15.2    17.4    22.0    24.3    25.2    28.1    30.1    34.8    35.7    40.0    43.0    49.6    50.3    49.3    47.7    49.1    51.9 -9999.0 -9999.0 -9999.0 -9999.0
 -9999.0 -9999.0 -9999.0 -9999.0 -9999.0 -9999.0 -9999.0 -9999.0 -9999.0 -9999.0 -9999.0 -9999.0 -9999.0 -9999.0 -9999.0    27.6    37.5    38.6    32.5    28.0    25.9    12.3    18.7    10.3     5.6     3.1     2.9     3.9     5.5     6.3     5.4     3.8     2.8     2.2     2.6     2.5     1.9     2.2     1.1     0.6     0.5     0.4     0.5     0.7 -9999.0 -9999.0 -9999.0 -9999.0 -9999.0 -9999.0 -9999.0 -9999.0 -9999.0 -9999.0 -9999.0 -9999.0 -9999.0 -9999.0 -9999.0 -9999.0 -9999.0 -9999.0 -9999.0 -9999.0 -9999.0 -9999.0 -9999.0 -9999.0 -9999.0 -9999.0 -9999.0 -9999.0 -9999.0 -9999.0 -9999.0 -9999.0 -9999.0 -9999.0 -9999.0     1.1     2.0     2.8     3.2     3.2     3.3     4.0     5.6     7.2     8.8    13.8    18.7    28.1    35.4    42.5    40.4    38.8    19.0    11.3     6.8     6.7     8.8    11.2    12.8    12.7    12.2    13.5    16.0    19.2    23.1    26.3    30.8    30.3    30.8    35.2    44.5    41.4    42.5    49.1    55.3    57.4    55.6    54.1    53.9    56.2 -9999.0 -9999.0 -9999.0 -9999.0
 -9999.0 -9999.0 -9999.0 -9999.0 -9999.0 -9999.0 -9999.0 -9999.0 -9999.0 -9999.0 -9999.0 -9999.0 -9999.0 -9999.0 -9999.0    48.5    48.5    42.3    40.2    27.0     8.7     4.8     3.9     4.4     3.6     2.8     2.5     3.6     5.9     6.7     5.0     2.8     1.8     1.4     1.5     1.8     1.7     1.9     1.2     0.8     0.5     0.4     0.5     0.7     1.0     1.8     1.3 -9999.0 -9999.0 -9999.0 -9999.0 -9999.0 -9999.0 -9999.0 -9999.0 -9999.0 -9999.0 -9999.0 -9999.0 -9999.0 -9999.0 -9999.0 -9999.0 -9999.0 -9999.0 -9999.0 -9999.0 -9999.0 -9999.0 -9999.0 -9999.0 -9999.0 -9999.0 -9999.0 -9999.0 -9999.0 -9999.0 -9999.0     1.1     2.1     3.6     5.3     6.2     6.1     5.5     5.9     7.3     9.5    12.2    16.1    22.9    29.1    36.9    39.2    50.2    32.0    24.6    12.3    11.8    13.3    17.3    20.6    22.1    21.2    21.4    25.3    27.5    29.1    33.7    35.1    36.5    37.3    46.5    47.7    49.1    47.4    51.1    56.2    61.4    62.7    59.6    58.3    59.1 -9999.0 -9999.0 -9999.0 -9999.0 -9999.0
 -9999.0 -9999.0 -9999.0 -9999.0 -9999.0 -9999.0 -9999.0 -9999.0 -9999.0 -9999.0 -9999.0 -9999.0 -9999.0 -9999.0 -9999.0 -9999.0    17.5    18.1    28.5    37.6    33.3    18.4    18.4    15.5     9.2     6.9     4.8     3.9     5.9     6.3     3.7     1.5     0.9     1.0     1.5     2.3     2.8     2.7     2.0     1.3     0.8     0.7     0.9     1.1     1.3     1.4     1.6     1.7 -9999.0 -9999.0 -9999.0 -9999.0 -9999.0 -9999.0 -9999.0 -9999.0 -9999.0 -9999.0 -9999.0 -9999.0 -9999.0 -9999.0 -9999.0 -9999.0 -9999.0 -9999.0 -9999.0 -9999.0 -9999.0 -9999.0 -9999.0 -9999.0 -9999.0 -9999.0 -9999.0 -9999.0 -9999.0 -9999.0     1.7     3.1     5.4     8.2    10.5    10.7     9.2     8.5    10.0    12.4    16.1    21.5    23.4    27.5    36.3    36.3    28.4    29.2    24.5    22.5    22.9    27.7    32.4    35.6    37.6    37.5    38.5    37.1    38.1    39.2    44.2    47.5    49.3    56.2    55.5    47.8    47.2    50.5    50.9    54.0    60.8    60.2 -9999.0 -9999.0 -9999.0 -9999.0 -9999.0 -9999.0 -9999.0 -9999.0
 -9999.0 -9999.0 -9999.0 -9999.0 -9999.0 -9999.0 -9999.0 -9999.0 -9999.0 -9999.0 -9999.0 -9999.0 -9999.0 -9999.0 -9999.0 -9999.0    13.2    17.2    20.4    18.6    26.5    20.1    19.8    16.9    14.6    17.1    22.8    16.4    35.5    21.8     4.1     2.9    22.3    13.1     2.8     3.4     4.7     3.9     2.7     1.6     1.0     0.9     1.2     1.3     2.9     1.4     0.7     0.7 -9999.0 -9999.0 -9999.0 -9999.0 -9999.0 -9999.0 -9999.0 -9999.0 -9999.0 -9999.0 -9999.0 -9999.0 -9999.0 -9999.0 -9999.0 -9999.0 -9999.0 -9999.0 -9999.0 -9999.0 -9999.0 -9999.0 -9999.0 -9999.0 -9999.0 -9999.0 -9999.0 -9999.0 -9999.0     1.3     2.3     3.9     6.5     9.7    12.9    13.7    11.4     9.9    10.4    12.8    16.2    20.6    25.8    24.4    16.9    20.9    29.9    30.0    34.2    36.9    40.7    47.0    50.7    52.4    54.4    55.8    52.9    51.3    47.3    44.0    47.8    55.1    58.0    51.9    47.0    43.7    46.7    44.1    43.8    46.2    53.9 -9999.0 -9999.0 -9999.0 -9999.0 -9999.0 -9999.0 -9999.0 -9999.0 -9999.0
 -9999.0 -9999.0 -9999.0 -9999.0 -9999.0 -9999.0 -9999.0 -9999.0 -9999.0 -9999.0 -9999.0 -9999.0 -9999.0 -9999.0 -9999.0 -9999.0    61.6    62.1    57.8    39.6    24.6    23.8    20.9    17.4    15.3    17.4    21.7    26.9    39.3    38.9    31.1    12.4     2.0     1.2     3.6     5.1     4.2     2.9     2.4     1.6     1.3     1.2     1.6     2.1     3.1     5.1     2.2     0.6     1.0     0.6     0.3 -9999.0 -9999.0 -9999.0 -9999.0 -9999.0 -9999.0 -9999.0 -9999.0 -9999.0 -9999.0 -9999.0 -9999.0 -9999.0 -9999.0 -9999.0 -9999.0 -9999.0 -9999.0 -9999.0 -9999.0 -9999.0 -9999.0 -9999.0 -9999.0 -9999.0     1.4     2.1     3.3     4.6     6.9     9.5    11.2    11.3     9.8     8.6     8.9    10.9    14.6    19.2    23.3    20.3    17.0    16.4    24.6    35.5    41.1    45.8    55.2    63.0    65.1    63.7    62.7    63.4    65.2    66.9    55.7    51.6    58.2    62.4    59.9    64.2    50.5    43.6    40.3    33.9    41.3    42.0    42.8    43.0 -9999.0 -9999.0 -9999.0 -9999.0 -9999.0 -9999.0 -9999.0 -9999.0
 -9999.0 -9999.0 -9999.0 -9999.0 -9999.0 -9999.0 -9999.0 -9999.0 -9999.0 -9999.0 -9999.0 -9999.0 -9999.0 -9999.0 -9999.0    50.3    41.1    45.3    51.9    38.9    29.1    19.5    17.4    15.5    14.8    18.4    24.4    32.7    36.7    38.2    34.6     4.7     0.2     0.3     0.4     0.7     1.5     1.4     1.2     1.2     0.9     1.2     1.7     2.3     3.1     3.9     3.1     1.7     0.9     0.4     0.2     0.1     0.1     0.1     0.1     0.1     0.1     0.2     0.7     2.6     4.9 -9999.0 -9999.0 -9999.0 -9999.0 -9999.0 -9999.0 -9999.0 -9999.0     0.3     0.3     0.3     0.4     0.6     1.1     1.6     2.5     3.2     4.0     5.3     6.8     8.2     8.4     7.7     7.2     7.2     7.5     8.6    11.9    17.5    23.1    24.0    25.0    24.4    33.7    44.9    48.3    53.1    63.9    67.8    63.7    57.2    53.8    61.5    71.6    66.2    62.1    54.1    51.6    64.7    62.4    56.9    49.4    45.9    30.6    25.8    24.4    27.1 -9999.0 -9999.0 -9999.0 -9999.0 -9999.0 -9999.0 -9999.0 -9999.0 -9999.0 -9999.0
 -9999.0 -9999.0 -9999.0 -9999.0 -9999.0 -9999.0 -9999.0 -9999.0 -9999.0 -9999.0 -9999.0 -9999.0 -9999.0 -9999.0    50.0    39.0    31.9    45.7    36.8    29.0    28.8    20.1    16.8    14.1    14.2    17.9    23.7    11.0     4.5     2.2     1.8     4.2     0.5     1.5     1.1     1.1     1.4     1.6     1.6     1.4     1.2     1.3     1.5     1.6     1.8     1.9     1.6     1.5     0.9     0.5     0.4     0.2     0.2     0.1     0.0     0.1     0.1     0.2     0.6     2.7     6.4     8.2     7.6     5.9     4.1     2.6     0.9     0.4     0.3     0.3     0.3     0.4     0.6     1.0     1.9     3.1     4.4     5.3     5.6     6.1     7.0     7.7     7.7     6.9     7.6     8.3     9.0     9.0    11.5    17.0    25.0    30.4    24.0    26.7    32.8    52.4    63.9    56.5    49.4    53.3    40.8    37.2    42.0    46.1    61.8    75.7    74.5    64.1    60.5    72.6    57.6    60.3    58.7    42.9    35.7    26.7    21.8 -9999.0 -9999.0 -9999.0 -9999.0 -9999.0 -9999.0 -9999.0 -9999.0 -9999.0 -9999.0 -9999.0
 -9999.0 -9999.0 -9999.0 -9999.0 -9999.0 -9999.0 -9999.0 -9999.0 -9999.0 -9999.0 -9999.0 -9999.0    36.4    37.2    34.1    36.8    36.8    25.4    14.5     9.7     8.6     7.6     5.5     5.1     5.1     4.4     3.5     2.4     2.5     1.5     1.0     1.1     2.6     1.3     0.7     1.1     1.6     1.6     1.3     1.2     1.1     1.1     1.2     1.3     1.2     1.2     1.1     1.0     1.0     0.6     0.5     0.4     0.4     0.3     0.2     0.2     0.3     0.5     1.3     3.5     6.9     9.1     7.3     4.8     2.3     1.2     0.6     0.4     0.3     0.4     0.4     0.5     0.8     1.5     2.8     5.0     7.3     8.1     7.7     7.4     8.4     9.3    10.9    11.4    12.8    15.0    15.6    14.3    15.2    18.2    25.6    31.0    40.0    45.1    38.1    54.9    52.6    41.9    46.0    48.2    29.3    29.3    32.9    42.0    70.2    73.8    73.6    69.6    72.5    59.0    63.8    69.0    56.8    47.9    48.4 -9999.0 -9999.0 -9999.0 -9999.0 -9999.0 -9999.0 -9999.0 -9999.0 -9999.0 -9999.0 -9999.0 -9999.0 -9999.0
 -9999.0 -9999.0 -9999.0 -9999.0 -9999.0 -9999.0 -9999.0 -9999.0 -9999.0    33.7    25.6    29.7    31.3    31.7    13.5     6.2     2.7     2.3     1.9     1.7     1.6     1.6     1.6     1.8     2.0     2.0     1.8     1.3     0.9     0.6     0.8     4.9     2.8     1.2     1.4     2.1     1.4     1.0     0.8     0.8     0.8     0.8     0.8     0.8     0.7     0.7     0.7     0.8     0.9     1.1     0.8     0.5     0.4     0.5     1.2     0.5     0.6     1.1     2.3     5.6     8.6     9.3     7.1     3.8     1.4     0.9     0.5     0.4     0.4     0.6     0.4     0.5     0.7     1.5     3.3     6.2     9.0     9.8    10.2    10.3    11.8    14.2    16.3    19.2    22.7    25.5    25.9    24.2    21.4    21.8    30.4    38.4    37.9    39.2    35.6    40.0    41.2    42.2    30.9    29.7    31.0    31.8    33.7    49.4    77.6    97.6    90.3    71.3    63.3    79.9    77.1    68.2    55.7 -9999.0 -9999.0 -9999.0 -9999.0 -9999.0 -9999.0 -9999.0 -9999.0 -9999.0 -9999.0 -9999.0 -9999.0 -9999.0 -9999.0 -9999.0
 -9999.0 -9999.0 -9999.0 -9999.0 -9999.0    49.4    32.3    33.5    29.6    26.5    26.0    26.0    26.3    22.0    15.0     5.8     1.1     0.7     0.5     0.5     0.4     0.4     0.4     0.5     0.6     0.8     0.8     0.7     0.6     0.6     0.5     0.6     0.6     0.6     0.8     0.7     0.6     0.6     0.5     0.6     0.6     0.5     0.5     0.5     0.5     0.5     0.4     0.5     0.7     0.9     1.3     1.1     1.5     1.8     2.2     1.2     1.2     1.8     3.1     6.6     9.4    10.3     6.9     3.5     2.1     1.0     0.5     0.5     0.6     0.3     0.4     0.5     0.7     1.5     3.2     6.5    10.3    12.7    13.1    13.4    16.7    19.5    22.6    26.4    29.2    23.8    36.0    33.6    30.6    33.4    39.8    48.5    46.7    43.3    37.6    33.8    36.0    30.3 -9999.0 -9999.0    31.1    37.1    64.2    62.6    52.2    59.6    58.1    72.5    79.1 -9999.0 -9999.0 -9999.0 -9999.0 -9999.0 -9999.0 -9999.0 -9999.0 -9999.0 -9999.0 -9999.0 -9999.0 -9999.0 -9999.0 -9999.0 -9999.0 -9999.0 -9999.0 -9999.0
 -9999.0 -9999.0 -9999.0    55.2    52.6    36.6    34.2    29.1    24.7    14.9     9.6    10.7    15.8     9.7     3.9     2.0     0.8     0.4     0.3     0.3     0.2     0.2     0.2     0.2     0.3     0.4     0.4     0.4     0.7     0.6     0.6     0.7     0.7     0.6     0.6     0.5     0.5     0.4     0.4     0.3     0.4     0.3     0.3     0.4     0.4     0.4     0.4     0.5     0.7     1.4     1.4     0.9     0.9     0.9     1.0     1.3     2.7     3.9     5.0     6.5     6.9     5.9     4.8     3.8     1.7     0.7     1.2     0.4     0.3     0.4     0.5     0.5     0.8     1.6     3.4     6.4    10.8    15.2    18.5    21.7    24.6    26.3    25.7    25.9    33.5    29.0    37.2    39.2    32.6    32.6    43.3    46.5    43.5    41.8    34.5    25.9    20.9 -9999.0 -9999.0 -9999.0    28.3    48.3    32.2    33.9    36.2    51.6    56.0 -9999.0 -9999.0 -9999.0 -9999.0 -9999.0 -9999.0 -9999.0 -9999.0 -9999.0 -9999.0 -9999.0 -9999.0 -9999.0 -9999.0 -9999.0 -9999.0 -9999.0 -9999.0 -9999.0 -9999.0 -9999.0
 -9999.0 -9999.0    53.0    47.2    42.6    39.0    31.0    20.8     8.5     4.6     3.2     3.4     4.0     3.9     3.0     1.7     0.9     0.4     0.3     0.2     0.1     0.1     0.1     0.1     0.2     0.3     0.4     0.5     0.5     0.8     0.7     0.8     0.7     0.6     0.5     0.4     0.4     0.4     0.4     0.4     0.3     0.4     0.4     0.4     0.4     0.4     1.0     1.7     2.4     3.2     5.2     5.4     3.2     1.7     1.8     4.5     3.0     4.8     4.9     5.5     3.3     5.3     1.8     1.5     0.8     0.6     0.4     0.3     0.4     0.5     1.1     1.3     1.8     2.7     4.0     6.4    10.7    17.0    22.8    27.9    31.4    32.5    27.2    28.0    26.8    36.5    37.9    34.7    25.8    26.4    30.0    34.5    33.3    25.9    16.4 -9999.0 -9999.0 -9999.0 -9999.0    24.6    23.2    20.1    21.7    24.3 -9999.0 -9999.0 -9999.0 -9999.0 -9999.0 -9999.0 -9999.0 -9999.0 -9999.0 -9999.0 -9999.0 -9999.0 -9999.0 -9999.0 -9999.0 -9999.0 -9999.0 -9999.0 -9999.0 -9999.0 -9999.0 -9999.0 -9999.0 -9999.0
 -9999.0 -9999.0    33.9    26.1    11.1    24.3    24.0    13.1     6.7     3.3     2.4     2.5     3.1     3.3     2.8     1.9     1.0     0.5     0.3     0.2     0.1     0.1     0.1     0.1     0.2     0.2     0.4     0.5     0.7     1.0     1.0     0.8     0.7     0.7     0.6     0.9     1.2     1.3     1.0     0.8     0.5     1.3     3.2     6.5     1.8     3.5     6.0     3.3     6.5     7.0     8.6    10.8    14.8    21.0     9.1     5.4     3.1    11.1     6.9    10.1     8.2     2.5     2.0     0.9     0.6     0.4     0.3     0.5     1.2     1.1     2.2     3.2     4.2     4.9     5.4     6.7    10.1    15.2    20.4    26.7    31.7    30.7    31.0    32.1    31.8    33.5    29.4    23.4    20.7    20.3    22.2    25.2    22.6    17.8 -9999.0 -9999.0 -9999.0 -9999.0 -9999.0    21.2 -9999.0 -9999.0 -9999.0 -9999.0 -9999.0 -9999.0 -9999.0 -9999.0 -9999.0 -9999.0 -9999.0 -9999.0 -9999.0 -9999.0 -9999.0 -9999.0 -9999.0 -9999.0 -9999.0 -9999.0 -9999.0 -9999.0 -9999.0 -9999.0 -9999.0 -9999.0 -9999.0 -9999.0
 -9999.0 -9999.0    31.7    16.3    13.9    15.8    17.1    13.7     7.0     3.2     2.3     2.5     3.2     3.6     3.3     2.1     1.3     0.6     0.4     0.3     0.2     0.2     0.2     0.2     0.2     0.4     0.5     0.8     1.0     1.1     1.2     1.3     7.1     9.7     7.8     7.3     3.6     2.8     3.1     2.5     1.1     1.4     1.2     2.2     1.5     2.3     4.1     6.6     7.4     9.4    11.6    14.4    17.9    21.3    32.1    39.1    12.9     8.4    15.9    19.0     4.2     2.7     1.7     0.9     0.6     0.6     0.5     2.2     1.4     2.7     4.4     5.6     6.4     6.5     5.6     5.4     7.3    10.4    14.6    19.3    24.7    21.6    28.1    37.5    25.2    24.7    21.8    18.1    17.9    18.9    19.6 -9999.0 -9999.0 -9999.0 -9999.0 -9999.0 -9999.0 -9999.0 -9999.0 -9999.0 -9999.0 -9999.0 -9999.0 -9999.0 -9999.0 -9999.0 -9999.0 -9999.0 -9999.0 -9999.0 -9999.0 -9999.0 -9999.0 -9999.0 -9999.0 -9999.0 -9999.0 -9999.0 -9999.0 -9999.0 -9999.0 -9999.0 -9999.0 -9999.0 -9999.0 -9999.0 -9999.0 -9999.0
 -9999.0 -9999.0 -9999.0    10.9    15.8     8.2     6.5     6.9     8.2     5.3     2.8     3.2     4.2     4.5     3.6     2.4     1.3     0.7     0.5     0.4     0.4     0.4     0.4     0.3     0.4     0.6     0.9     1.3     1.8     3.1     6.9    14.8    12.1    16.7    16.3     9.8     3.9     2.3     2.4     1.2     1.1     1.1     1.3     1.3     1.4     4.3     9.9    11.8    14.2    14.8    16.3    18.7    21.5    22.0    31.4    37.2    43.1    43.0    40.6    20.4     9.3     3.9     2.7     1.3     0.8     0.7     1.5     4.0     3.5     5.6     6.7     6.7     6.2     5.0     3.6     3.0     4.0     5.8     9.5    11.9    18.3    20.9    35.9    30.1    21.9    18.9    14.9    13.3    16.2    19.8    19.3    16.8 -9999.0 -9999.0 -9999.0 -9999.0 -9999.0 -9999.0 -9999.0 -9999.0 -9999.0 -9999.0 -9999.0 -9999.0 -9999.0 -9999.0 -9999.0 -9999.0 -9999.0 -9999.0 -9999.0 -9999.0 -9999.0 -9999.0 -9999.0 -9999.0 -9999.0 -9999.0 -9999.0 -9999.0 -9999.0 -9999.0 -9999.0 -9999.0 -9999.0 -9999.0 -9999.0 -9999.0
 -9999.0 -9999.0 -9999.0 -9999.0 -9999.0     9.6    10.8     8.5     4.1     6.6     4.5     5.1     5.9     5.6     4.3     2.8     1.6     0.9     0.8     0.8     1.3     1.3     1.0     0.9     1.0     1.5     2.7     4.4    11.6    14.9    15.2    17.8    18.2    16.3    19.3    11.9    10.9     8.6     4.1     2.0     1.6     1.4     1.2     1.4     1.9     3.3     6.0    15.3    15.2    20.0    21.3    22.9    25.6    28.4    29.9    32.5    36.0    41.8    51.2    51.3    37.0     7.0     4.8     2.2     1.8     1.7     3.7     5.7     7.1     8.5     8.2     7.0     5.1     3.2     2.4     2.1     2.6     3.3     6.1    10.7    16.7    19.0    40.3    40.6    24.9    14.7    11.0    11.9    16.9    19.4    17.1    15.9    19.6    22.8 -9999.0 -9999.0 -9999.0    30.9 -9999.0 -9999.0 -9999.0 -9999.0 -9999.0 -9999.0 -9999.0 -9999.0 -9999.0 -9999.0 -9999.0 -9999.0 -9999.0 -9999.0 -9999.0 -9999.0 -9999.0 -9999.0 -9999.0 -9999.0 -9999.0 -9999.0 -9999.0 -9999.0 -9999.0 -9999.0 -9999.0 -9999.0 -9999.0 -9999.0
 -9999.0 -9999.0 -9999.0 -9999.0    10.3     3.6     0.9     3.2     3.3     6.7     6.7     7.9     8.9     7.1     4.8     3.1     1.8     1.2     1.1     1.6     2.4     3.0     3.0     3.6     4.8     7.2     9.6     6.4    14.5    16.3    18.0    19.6    19.9    20.9    16.6    15.1    12.3    20.5    17.4    10.0     3.7     2.0     1.9     1.7     2.0     2.4     3.7     7.4    11.5    11.9    18.9    30.6    32.2    29.9    29.5    27.7    27.7    34.9    41.5    35.8    30.6    21.2    13.5     5.3     1.7     5.4    10.2     8.6    14.2    12.2    10.4     8.3     5.8     3.8     3.0     2.9     3.2     4.1     8.0     8.0    12.8    29.8    46.6    59.6    26.9    17.1    15.8    19.2    22.8    18.9    13.9    13.9    18.8    22.7 -9999.0 -9999.0    37.8    44.9    45.4    76.8    45.6 -9999.0 -9999.0 -9999.0 -9999.0 -9999.0 -9999.0 -9999.0 -9999.0 -9999.0 -9999.0 -9999.0 -9999.0 -9999.0 -9999.0 -9999.0 -9999.0 -9999.0 -9999.0 -9999.0 -9999.0 -9999.0 -9999.0 -9999.0 -9999.0 -9999.0 -9999.0 -9999.0
 -9999.0 -9999.0 -9999.0 -9999.0     5.0     5.2     0.8     3.2     0.1     0.2     4.4     0.5     2.3     2.4     7.0     5.6     4.5     2.7     2.0     2.6     5.1     6.9     8.0     8.2     4.4     2.9     8.1    10.3    13.6    16.5    19.3    21.5    23.0    23.6    24.1    21.6    24.3    26.4    19.2    11.5    18.6     5.6     4.7     2.9     3.2     3.7     4.0     4.6     6.4    12.4    21.4    32.9    38.8    37.9    32.5    28.3    25.5    27.1    30.3    16.6    24.1    12.0     8.4     7.1     4.3     3.6    14.5    14.8    16.1    16.4    14.0    11.2     8.1     6.1     5.3     5.5     5.8     8.1    10.1    11.4    21.1    31.1    49.8    47.5    30.7    28.8    29.7    33.1    33.5    22.3    15.1    21.7    19.6    19.3    19.4    23.9    33.2    43.4    51.5 -9999.0 -9999.0 -9999.0 -9999.0 -9999.0 -9999.0 -9999.0 -9999.0 -9999.0 -9999.0 -9999.0 -9999.0 -9999.0 -9999.0 -9999.0 -9999.0 -9999.0 -9999.0 -9999.0 -9999.0 -9999.0 -9999.0 -9999.0 -9999.0 -9999.0 -9999.0 -9999.0 -9999.0 -9999.0
 -9999.0 -9999.0 -9999.0 -9999.0 -9999.0 -9999.0 -9999.0     1.9     0.4     1.1     0.1     0.1     0.8     0.5     0.5     5.3     3.1     4.1     4.3     4.7     2.6     1.1     1.2     2.3     3.7     5.5     6.8     9.2    12.5    15.2    19.5    23.4    26.5    28.9    31.1    30.0    33.3    31.4    35.7    36.8    21.6    40.9    39.3    29.5    18.8     9.8    16.2    14.6    21.8    19.8    27.1    40.3    48.5    34.5    34.5    33.8    24.4    18.2    24.5    16.7    19.4    10.3     6.7     6.7    10.9     9.3    18.0    22.4    19.6    19.1    16.9    13.6    11.4     9.6     9.2    11.0    11.4    14.1    16.6    16.7    28.7    41.7    50.0    46.5    39.7    41.6    42.0    43.2    40.9    32.4    26.5    29.1    32.6    26.7    18.4    23.0    29.7 -9999.0 -9999.0 -9999.0 -9999.0 -9999.0 -9999.0 -9999.0 -9999.0 -9999.0 -9999.0 -9999.0 -9999.0 -9999.0 -9999.0 -9999.0 -9999.0 -9999.0 -9999.0 -9999.0 -9999.0 -9999.0 -9999.0 -9999.0 -9999.0 -9999.0 -9999.0 -9999.0 -9999.0 -9999.0 -9999.0 -9999.0
 -9999.0 -9999.0 -9999.0 -9999.0 -9999.0 -9999.0 -9999.0     0.1     2.0     0.3     0.1     0.3     0.1     0.0     0.2     0.0     0.2     0.3     0.1     0.5     0.7     0.4     1.0     1.6     2.9     4.3     6.7     7.9    13.0    17.4    20.7    25.4    29.7    33.7    35.6    37.4    36.9    39.9    39.7    38.2    39.9    41.1    45.2    57.8    42.6    30.8    40.0    44.1    57.9    54.4    55.5    51.7    55.4    48.5    35.6    44.4    36.2    29.6    25.0    21.3    20.1    18.5    12.1    13.8    15.3    19.1    23.0    23.7    27.4    20.1    18.8    16.4    14.9    13.1    11.9    18.5    23.0    24.0    22.5    28.5    43.8    57.5    57.9    48.8    41.2    41.9    42.5    42.3    41.9    37.8    37.5    41.1    39.1    31.3    29.7    26.4 -9999.0 -9999.0 -9999.0 -9999.0 -9999.0 -9999.0 -9999.0 -9999.0 -9999.0 -9999.0 -9999.0 -9999.0 -9999.0 -9999.0 -9999.0 -9999.0 -9999.0 -9999.0 -9999.0 -9999.0 -9999.0 -9999.0 -9999.0 -9999.0 -9999.0 -9999.0 -9999.0 -9999.0 -9999.0 -9999.0 -9999.0 -9999.0
 -9999.0 -9999.0 -9999.0 -9999.0 -9999.0 -9999.0 -9999.0 -9999.0 -9999.0     0.3     0.3     0.4     0.0     0.1     0.1     0.2     0.1     0.0     0.1     0.0     0.1     0.4     0.7     1.2     2.2     3.9     5.4     8.2    12.9    15.6    22.8    27.7    32.8    37.7    39.8    41.8    42.2    44.4    42.3    44.3    42.1    46.7    47.6    48.4    59.3    64.2    69.5    72.0    74.2    72.5    68.1    62.4    58.2    55.1    40.9    51.6    47.4    39.1    30.0    26.1    25.6    26.5    30.9    23.8    32.6    32.1    28.6    28.3    39.0    29.8    26.6    19.2    16.9    16.9    20.5    22.1    30.3    36.3    38.8    42.5    55.5    64.9    44.4    40.4    37.1    35.9    35.5    35.7    37.3    35.7    37.4    39.7    33.6    30.0    29.2 -9999.0 -9999.0 -9999.0 -9999.0 -9999.0 -9999.0 -9999.0 -9999.0 -9999.0 -9999.0 -9999.0 -9999.0 -9999.0 -9999.0 -9999.0 -9999.0 -9999.0 -9999.0 -9999.0 -9999.0 -9999.0 -9999.0 -9999.0 -9999.0 -9999.0 -9999.0 -9999.0 -9999.0 -9999.0 -9999.0 -9999.0 -9999.0 -9999.0
 -9999.0 -9999.0 -9999.0 -9999.0 -9999.0 -9999.0 -9999.0 -9999.0 -9999.0 -9999.0 -9999.0     0.1     0.7     0.0     0.1     0.0     0.1     0.1     0.1     0.1     0.0     0.2     0.3     0.7     0.5     2.0     3.3     6.1    10.5    16.4    22.5    28.2    35.6    41.5    45.4    51.7    49.8    50.0    58.5    48.8    52.6    49.1    48.7    52.4    73.0    72.7    91.0    91.1    93.1    88.0    80.3    72.3    64.0    54.3    44.5    50.4    56.3    48.1    42.0    36.6    32.8    37.4    46.1    53.1    59.4    35.1    24.6    38.7    52.5    52.0    40.9    29.5    20.0    18.3    18.5    28.0    38.6    52.5    56.9    59.6    56.5    48.5    47.7    43.0    38.0    35.2    34.6    34.6    35.3    34.5    32.5    29.9    25.3    21.6    25.4 -9999.0 -9999.0 -9999.0 -9999.0 -9999.0 -9999.0 -9999.0 -9999.0 -9999.0 -9999.0 -9999.0 -9999.0 -9999.0 -9999.0 -9999.0 -9999.0 -9999.0 -9999.0 -9999.0 -9999.0 -9999.0 -9999.0 -9999.0 -9999.0 -9999.0 -9999.0 -9999.0 -9999.0 -9999.0 -9999.0 -9999.0 -9999.0 -9999.0
 -9999.0 -9999.0 -9999.0 -9999.0 -9999.0 -9999.0 -9999.0 -9999.0 -9999.0 -9999.0 -9999.0 -9999.0     0.5     0.4     0.0     0.1     0.0     0.0     0.0     0.0     0.2     0.1     0.2     0.5     0.1     1.4     3.6     4.8     9.2    12.9    21.6    29.7    37.7    45.4    52.2    55.9    62.3    57.4    51.9    46.6    44.6    45.6    49.3    61.3    70.6    84.6    98.7   100.4   103.6    99.1    88.4    76.2    68.8    66.2    61.4    59.2    59.4    52.1    64.2    49.0    46.4    42.4    47.4    64.2    72.2    79.0    53.1    67.0    78.0    77.5    56.8    29.2    20.0    22.1    34.4    61.0    59.9    63.9    65.3    61.2    61.2    49.3    50.0    52.8    49.6    44.6    41.9    40.6    38.1    35.1    32.4    27.7    20.5    15.0    17.7    21.9    23.7 -9999.0 -9999.0 -9999.0 -9999.0 -9999.0 -9999.0 -9999.0 -9999.0 -9999.0 -9999.0 -9999.0 -9999.0 -9999.0 -9999.0 -9999.0 -9999.0 -9999.0 -9999.0 -9999.0 -9999.0 -9999.0 -9999.0 -9999.0 -9999.0 -9999.0 -9999.0 -9999.0 -9999.0 -9999.0 -9999.0 -9999.0
 -9999.0 -9999.0 -9999.0 -9999.0 -9999.0 -9999.0 -9999.0 -9999.0 -9999.0 -9999.0 -9999.0 -9999.0     0.0     0.8     0.9     0.1     0.3     0.1     0.0     0.0     0.0     0.0     0.1     0.3     0.8     1.1     2.3     5.5     8.4    14.6    20.6    28.2    38.6    47.7    55.8    60.2    66.3    66.5    60.5    53.4    45.5    44.6    57.2    56.2    74.0    91.3    97.0   104.1   102.2   103.5    93.9    81.3    75.2    69.1    80.7    74.6    82.4    77.3    87.7    78.6    68.4    62.9    59.3    61.7    85.8    94.0    60.7    75.5    92.5    96.1    87.5    79.3    72.9    61.9    65.8    65.4    63.4    67.6    63.2    57.7    50.2    42.7    53.1    64.6    63.8    56.4    50.7    46.3    39.6    34.5    31.4    26.1    18.1    14.6    15.6    18.3    20.3 -9999.0 -9999.0 -9999.0 -9999.0 -9999.0 -9999.0 -9999.0 -9999.0 -9999.0 -9999.0 -9999.0 -9999.0 -9999.0 -9999.0 -9999.0 -9999.0 -9999.0 -9999.0 -9999.0 -9999.0 -9999.0 -9999.0 -9999.0 -9999.0 -9999.0 -9999.0 -9999.0 -9999.0 -9999.0 -9999.0 -9999.0
 -9999.0 -9999.0 -9999.0 -9999.0 -9999.0 -9999.0 -9999.0 -9999.0 -9999.0 -9999.0 -9999.0 -9999.0 -9999.0     0.4     0.0     0.7     0.1     0.2     0.2     0.1     0.1     0.2     0.1     0.3     0.4     0.3     0.7     1.6     5.4    10.9    19.3    28.5    37.9    48.8    56.6    62.9    66.3    67.8    75.3    62.3    54.1    54.8    55.0    68.4    71.7    80.1    96.4   106.1   107.2   101.2    91.0    80.9    75.6    61.4    67.8    77.4    89.9    86.8    72.8    87.5    82.8    82.0    75.3    94.3    87.4   101.8   110.0   106.5   114.0   105.8    84.5    75.3    73.6    74.4    78.4    74.1    69.1    63.6    54.8    43.0    41.5    39.3    54.7    68.8    68.9    60.3    52.7    45.9    39.3    33.3    30.0    26.8    22.3    21.9    24.1    25.3    26.1 -9999.0 -9999.0 -9999.0 -9999.0 -9999.0 -9999.0 -9999.0 -9999.0 -9999.0 -9999.0 -9999.0 -9999.0 -9999.0 -9999.0 -9999.0 -9999.0 -9999.0 -9999.0 -9999.0 -9999.0 -9999.0 -9999.0 -9999.0 -9999.0 -9999.0 -9999.0 -9999.0 -9999.0 -9999.0 -9999.0 -9999.0
 -9999.0 -9999.0 -9999.0 -9999.0 -9999.0 -9999.0 -9999.0 -9999.0 -9999.0 -9999.0 -9999.0 -9999.0     1.1     0.1     0.2     0.5     0.0     0.1     0.1     0.3     0.2     0.2     0.1     0.2     0.4     0.2     0.6     2.1     4.7     9.0    16.4    26.3    36.1    47.7    57.9    63.7    71.4    65.4    60.6    56.0    63.9    69.5    75.2    60.0    72.9    83.7    89.8    92.6    96.2    92.1    83.7    72.7    69.0    66.0    75.2    82.2    77.3   115.4   100.9   111.9   104.6    91.3    93.9    86.1   106.1   116.9    79.8    99.3   123.5   122.6   108.1    88.6    73.9    68.1    73.0    73.6    70.7    69.2    60.5    46.6    38.4    41.2    53.6    63.9    62.7    56.6    53.8    49.4    43.5    38.3    36.8    38.9    43.9    44.0    45.9    46.9    47.4    49.5 -9999.0 -9999.0 -9999.0 -9999.0 -9999.0 -9999.0 -9999.0 -9999.0 -9999.0 -9999.0 -9999.0 -9999.0 -9999.0 -9999.0 -9999.0 -9999.0 -9999.0 -9999.0 -9999.0 -9999.0 -9999.0 -9999.0 -9999.0 -9999.0 -9999.0 -9999.0 -9999.0 -9999.0 -9999.0 -9999.0
 -9999.0 -9999.0 -9999.0 -9999.0 -9999.0 -9999.0 -9999.0 -9999.0 -9999.0 -9999.0 -9999.0 -9999.0     1.0     4.1     1.7     0.0     0.1     0.4     0.3     0.1     0.3     0.1     0.1     0.1     0.3     0.5     0.8     1.8     3.7     7.9    14.2    22.7    33.1    44.0    53.2    61.4    62.7    64.8    59.6    47.4    46.1    44.7    49.9    60.1    71.0    82.4    93.9    93.4    89.3    77.3    72.0    66.9    63.9    68.0    74.9    88.5    85.9    88.3   107.8    96.7    92.9    86.6   114.0   112.0   110.7    91.9   117.2    98.8    93.7    89.7    85.0    77.2    72.0    77.0    82.4    77.7    77.8    74.6    74.3    65.4    55.5    54.1    62.1    67.4    62.8    60.5    65.2    67.5    62.5    57.8    57.3    66.3    80.1    77.8    76.3    76.6    77.3    74.8    77.0 -9999.0 -9999.0 -9999.0 -9999.0 -9999.0 -9999.0 -9999.0 -9999.0 -9999.0 -9999.0 -9999.0 -9999.0 -9999.0 -9999.0 -9999.0 -9999.0 -9999.0 -9999.0 -9999.0 -9999.0 -9999.0 -9999.0 -9999.0 -9999.0 -9999.0 -9999.0 -9999.0 -9999.0 -9999.0
 -9999.0 -9999.0 -9999.0 -9999.0 -9999.0 -9999.0 -9999.0 -9999.0 -9999.0 -9999.0 -9999.0 -9999.0    11.9     2.7     5.4     2.5     1.6     0.1     0.3     0.2     0.0     0.0     0.1     0.1     0.2     0.1     0.3     0.4     2.5     5.4    10.7    17.7    28.5    38.0    47.0    55.3    59.7    61.3    54.8    54.2    46.5    41.7    67.2    50.6    71.9    88.8    92.1    83.2    70.9    65.9    61.5    55.5    55.8    53.0    58.9    81.5    81.2    83.0    88.0   109.3   112.9   112.0    85.9   109.6    86.8    64.1    83.4   100.6   100.7    81.5    73.9    85.1    83.3    93.1   122.4    96.2   107.4    83.7    89.2    92.8    86.1    84.0    87.8    91.4    91.1    92.0   101.6   130.3   100.6    93.6    91.2    97.8   105.6   105.4   102.2    98.9    95.8    90.7    89.5    97.3 -9999.0 -9999.0 -9999.0 -9999.0 -9999.0 -9999.0 -9999.0 -9999.0 -9999.0 -9999.0 -9999.0 -9999.0 -9999.0 -9999.0 -9999.0 -9999.0 -9999.0 -9999.0 -9999.0 -9999.0 -9999.0 -9999.0 -9999.0 -9999.0 -9999.0 -9999.0 -9999.0 -9999.0
 -9999.0 -9999.0 -9999.0 -9999.0 -9999.0 -9999.0 -9999.0 -9999.0 -9999.0 -9999.0 -9999.0 -9999.0 -9999.0     2.3     2.2     5.1     2.6     2.2     0.5     0.3     0.0     0.2     0.1     0.1     0.3     0.3     0.4     0.7     1.2     3.9     6.7    13.6    23.0    32.1    41.5    54.3    60.9    58.1    58.4    51.3    50.2    76.8    89.0    86.0    73.1    77.2    82.5    62.0    67.2    57.8    46.2    50.9    48.2    48.4    52.1    55.8    74.0    81.1    81.9    75.8    90.1    68.3    97.2    91.4    53.2    56.5    70.1    88.9    89.6    90.4    83.5    86.0   105.4    97.4   111.9   103.5    95.9    99.6   111.0   119.6   119.1   119.2   121.9   128.3   136.2   140.7   150.4   187.3   190.2   153.1   135.4   135.4   131.3   125.5   120.5   120.2   104.1    99.8   100.1 -9999.0 -9999.0 -9999.0 -9999.0 -9999.0 -9999.0 -9999.0 -9999.0 -9999.0 -9999.0 -9999.0 -9999.0 -9999.0 -9999.0 -9999.0 -9999.0 -9999.0 -9999.0 -9999.0 -9999.0 -9999.0 -9999.0 -9999.0 -9999.0 -9999.0 -9999.0 -9999.0 -9999.0 -9999.0
 -9999.0 -9999.0 -9999.0 -9999.0 -9999.0 -9999.0 -9999.0 -9999.0 -9999.0 -9999.0 -9999.0 -9999.0 -9999.0    27.4     7.3    10.4     3.0     6.0     3.8     1.7     0.3     0.2     0.2     0.3     0.9     0.5     0.4     0.8     1.1     1.5     4.2     9.5    17.0    25.8    36.8    46.1    49.1    54.8    63.6    83.6    67.2    77.8    88.1    92.6   106.8    84.0    75.0    52.7    48.1    41.7    43.0    31.6    40.5    44.1    45.6    48.7    56.6    64.7    69.6    84.1    85.2    97.8    88.6    62.9    56.3    57.5    66.6    76.8    86.6    89.4    97.8   112.9   124.2   133.5   137.3   140.8   146.9   119.6   127.7   134.6   133.6   132.9   138.4   153.6   171.4   180.1   188.8   203.4   220.3   198.4   201.1   194.7   182.1   165.8   151.2   142.8   132.3   126.9   122.8 -9999.0 -9999.0 -9999.0 -9999.0 -9999.0 -9999.0 -9999.0 -9999.0 -9999.0 -9999.0 -9999.0 -9999.0 -9999.0 -9999.0 -9999.0 -9999.0 -9999.0 -9999.0 -9999.0 -9999.0 -9999.0 -9999.0 -9999.0 -9999.0 -9999.0 -9999.0 -9999.0 -9999.0 -9999.0
 -9999.0 -9999.0 -9999.0 -9999.0 -9999.0 -9999.0 -9999.0 -9999.0 -9999.0 -9999.0 -9999.0 -9999.0 -9999.0 -9999.0 -9999.0    19.6    17.4    10.6    10.0     9.4     3.0     3.7     3.2     2.1     1.2     1.1     0.4     0.6     0.7     1.5     3.1     6.8    15.0    23.1    28.5    45.6    58.8    40.2    54.1    64.0    86.1    96.7    98.0    94.2    75.2    65.8    66.4    42.2    41.9    24.1    27.3    39.4    31.9    35.4    27.1    40.7    46.5    53.5    63.5    71.7    83.1    86.8    79.0    73.5    65.6    64.7    67.6    70.6    80.8   101.8   118.9   134.7   152.0   152.0   138.0   159.2   156.6   164.2   142.2   133.6   127.7   124.2   131.7   152.7   177.1   194.6   207.7   228.6   235.6   250.8   275.3   291.5   264.8   246.9   212.5   185.0   182.2 -9999.0   160.0 -9999.0 -9999.0 -9999.0 -9999.0 -9999.0 -9999.0 -9999.0 -9999.0 -9999.0 -9999.0 -9999.0 -9999.0 -9999.0 -9999.0 -9999.0 -9999.0 -9999.0 -9999.0 -9999.0 -9999.0 -9999.0 -9999.0 -9999.0 -9999.0 -9999.0 -9999.0 -9999.0 -9999.0 -9999.0
 -9999.0 -9999.0 -9999.0 -9999.0 -9999.0 -9999.0 -9999.0 -9999.0 -9999.0 -9999.0 -9999.0 -9999.0 -9999.0 -9999.0 -9999.0 -9999.0 -9999.0    62.6    44.1 -9999.0    28.8    11.4    15.1    12.2     5.6     4.6     2.0     1.8     1.9     1.9     3.1     6.0    16.2    14.8    14.7    26.3    57.0    17.3    44.1    57.5    73.7    99.6    91.5    83.7    68.1    66.2    82.4    59.4    31.9    28.9    20.0    20.2    17.2    29.5    32.8    36.5    40.4    53.3    66.4    78.8    83.0    86.9    80.3    72.8    73.6    78.0    79.6    82.8    90.1   107.0   119.7   140.6   143.3   125.5   124.8   144.1   146.3   148.0   144.3   127.1   117.5   110.2   115.8   139.8   175.3   207.6   233.2   248.7   263.2   286.0   329.5   346.8   310.3   280.4   262.8   255.0   227.5   224.7   215.2   191.4   171.3 -9999.0 -9999.0 -9999.0 -9999.0 -9999.0 -9999.0 -9999.0 -9999.0 -9999.0 -9999.0 -9999.0 -9999.0 -9999.0 -9999.0 -9999.0 -9999.0 -9999.0 -9999.0 -9999.0 -9999.0 -9999.0 -9999.0 -9999.0 -9999.0 -9999.0 -9999.0 -9999.0
 -9999.0 -9999.0 -9999.0 -9999.0 -9999.0 -9999.0 -9999.0 -9999.0 -9999.0 -9999.0 -9999.0 -9999.0 -9999.0 -9999.0 -9999.0 -9999.0 -9999.0 -9999.0 -9999.0 -9999.0 -9999.0    40.3    28.8    16.8    18.5    23.1    16.1    10.2     5.9     5.3     5.3     9.9    12.8    16.7    14.7    23.8    21.5    20.2    16.5    10.9    16.9    91.5    96.1    83.8    67.0    67.4   102.7    48.3    49.6    81.2    22.0    33.5    29.9    16.3    23.6    34.6    43.4    57.6    67.8    95.9   104.8   112.7    84.4    75.2    74.0    83.7    91.4    97.1   101.3   110.2   121.7   124.8   116.0    92.8    91.6   108.6   126.2   129.4   130.2   126.4   117.6   111.1   116.0   142.9   205.7   230.2   268.8   284.2   280.3   294.4   334.8   340.9   370.2   353.4   293.7   281.8   281.3   277.7   267.4   223.2 -9999.0 -9999.0 -9999.0 -9999.0 -9999.0 -9999.0 -9999.0 -9999.0 -9999.0 -9999.0 -9999.0 -9999.0 -9999.0 -9999.0 -9999.0 -9999.0 -9999.0 -9999.0 -9999.0 -9999.0 -9999.0 -9999.0 -9999.0 -9999.0 -9999.0 -9999.0 -9999.0 -9999.0
 -9999.0 -9999.0 -9999.0 -9999.0 -9999.0 -9999.0 -9999.0 -9999.0 -9999.0 -9999.0 -9999.0 -9999.0 -9999.0 -9999.0 -9999.0 -9999.0 -9999.0 -9999.0 -9999.0 -9999.0 -9999.0 -9999.0 -9999.0    99.3    57.1    51.3    41.3    28.2    17.6    14.5    14.3    20.7    41.4    41.3    54.6    51.1    62.9    31.9    63.3    80.5    75.0    98.8    61.6    49.4    63.5    99.7    78.9    63.0    65.3    61.4    26.7    25.2    15.9    15.8    16.3    22.5    43.3    61.2   105.7   108.7   152.3   145.0   115.1    79.7    74.3    85.1    99.8   108.9   107.9   113.2   111.0   107.1    91.4    80.9    87.9   108.1   119.5   122.9   122.1   127.0   127.7   128.6   137.8   170.0   215.5   280.4   282.7   302.8   289.3   304.6   345.3   378.0   354.0   366.4   337.1   327.9   334.6   339.2   304.6 -9999.0 -9999.0 -9999.0 -9999.0 -9999.0 -9999.0 -9999.0 -9999.0 -9999.0 -9999.0 -9999.0 -9999.0 -9999.0 -9999.0 -9999.0 -9999.0 -9999.0 -9999.0 -9999.0 -9999.0 -9999.0 -9999.0 -9999.0 -9999.0 -9999.0 -9999.0 -9999.0 -9999.0 -9999.0
 -9999.0 -9999.0 -9999.0 -9999.0 -9999.0 -9999.0 -9999.0 -9999.0 -9999.0 -9999.0 -9999.0 -9999.0 -9999.0 -9999.0 -9999.0 -9999.0 -9999.0 -9999.0 -9999.0 -9999.0 -9999.0 -9999.0 -9999.0 -9999.0 -9999.0   160.3   112.0    56.2    50.0    56.3    47.0    49.9    60.8    78.6    70.5   101.9   148.7    68.3   109.9    70.9   117.2    61.4    28.6    43.8    78.6   102.2   109.5   133.2    47.0    57.5    32.6    22.6    22.9    20.2    19.0    27.6    46.4    70.7    89.5   115.1   136.6   133.3   112.7    65.3    64.6    79.8    97.2    95.4    99.6   102.1   104.2    94.8    76.7    70.9    79.0   105.2   109.4   111.4   140.5   128.2   132.1   141.2   155.5   186.8   232.8   240.6   260.8   264.6   283.2   320.5   355.5   369.3   389.5   402.7   388.1   398.0   391.3   401.8 -9999.0 -9999.0 -9999.0 -9999.0 -9999.0 -9999.0 -9999.0 -9999.0 -9999.0 -9999.0 -9999.0 -9999.0 -9999.0 -9999.0 -9999.0 -9999.0 -9999.0 -9999.0 -9999.0 -9999.0 -9999.0 -9999.0 -9999.0 -9999.0 -9999.0 -9999.0 -9999.0 -9999.0 -9999.0 -9999.0
 -9999.0 -9999.0 -9999.0 -9999.0 -9999.0 -9999.0 -9999.0 -9999.0 -9999.0 -9999.0 -9999.0 -9999.0 -9999.0 -9999.0 -9999.0 -9999.0 -9999.0 -9999.0 -9999.0 -9999.0 -9999.0 -9999.0 -9999.0 -9999.0 -9999.0 -9999.0 -9999.0   190.6   170.8   129.1   114.6   113.3   149.7   106.9   150.4    46.3    95.5    77.1    29.1    64.0    97.4    32.1    37.2    62.1    82.3   102.2   118.0   132.7   143.3    99.3   123.7   103.6    24.3    24.5    25.5    35.7    57.5    77.4    95.0   108.9   107.7   114.6    66.6    52.2    49.0    53.1    83.5   105.7   108.1   102.8    96.5    85.7    72.7    68.4    79.7    96.6   116.7   128.9   118.2   129.7   149.6   156.9   182.9   221.4   230.7   240.3   255.1   293.7   292.8   343.7   400.8   387.6   420.2   421.9   436.2   446.6   450.5 -9999.0 -9999.0 -9999.0 -9999.0 -9999.0 -9999.0 -9999.0 -9999.0 -9999.0 -9999.0 -9999.0 -9999.0 -9999.0 -9999.0 -9999.0 -9999.0 -9999.0 -9999.0 -9999.0 -9999.0 -9999.0 -9999.0 -9999.0 -9999.0 -9999.0 -9999.0 -9999.0 -9999.0 -9999.0 -9999.0 -9999.0
 -9999.0 -9999.0 -9999.0 -9999.0 -9999.0 -9999.0 -9999.0 -9999.0 -9999.0 -9999.0 -9999.0 -9999.0 -9999.0 -9999.0 -9999.0 -9999.0 -9999.0 -9999.0 -9999.0 -9999.0 -9999.0 -9999.0 -9999.0 -9999.0 -9999.0 -9999.0 -9999.0 -9999.0 -9999.0 -9999.0 -9999.0 -9999.0 -9999.0   132.9   207.3 -9999.0 -9999.0 -9999.0    39.4    60.5    37.7    39.6    48.1    66.3    80.5    97.9 -9999.0 -9999.0 -9999.0 -9999.0 -9999.0 -9999.0    48.8    28.6    41.1    56.1    72.6    78.8    83.1    80.4    87.7    95.9    62.8    51.0    45.2    51.1    73.1    96.0   101.1    97.4    89.9    81.5    78.8    83.1    93.9   112.2   146.9   155.2   147.4   169.4   197.0   215.8   240.4   255.3   268.1   262.3   272.4   292.8   331.9   359.9   397.6   413.3   424.6   433.3   464.7   468.4   454.8 -9999.0 -9999.0 -9999.0 -9999.0 -9999.0 -9999.0 -9999.0 -9999.0 -9999.0 -9999.0 -9999.0 -9999.0 -9999.0 -9999.0 -9999.0 -9999.0 -9999.0 -9999.0 -9999.0 -9999.0 -9999.0 -9999.0 -9999.0 -9999.0 -9999.0 -9999.0 -9999.0 -9999.0 -9999.0 -9999.0 -9999.0
 -9999.0 -9999.0 -9999.0 -9999.0 -9999.0 -9999.0 -9999.0 -9999.0 -9999.0 -9999.0 -9999.0 -9999.0 -9999.0 -9999.0 -9999.0 -9999.0 -9999.0 -9999.0 -9999.0 -9999.0 -9999.0 -9999.0 -9999.0 -9999.0 -9999.0 -9999.0 -9999.0 -9999.0 -9999.0 -9999.0 -9999.0 -9999.0 -9999.0 -9999.0 -9999.0 -9999.0 -9999.0 -9999.0 -9999.0    42.1    44.0    48.1    55.5    66.2 -9999.0 -9999.0 -9999.0 -9999.0 -9999.0 -9999.0 -9999.0 -9999.0    46.1    37.7    42.0    57.6    72.6    71.3    64.8    63.8    66.5    78.8    79.5    63.6    68.0    68.3    79.0    94.4    98.9    95.6    93.3    92.0    94.0   108.8   130.3   149.4   180.1   198.1   209.1   240.6   278.9   292.0   291.5   298.4   286.4   280.6   294.6   311.0   321.3   354.3   384.0   407.5   414.7   439.5   452.2   436.2 -9999.0 -9999.0 -9999.0 -9999.0 -9999.0 -9999.0 -9999.0 -9999.0 -9999.0 -9999.0 -9999.0 -9999.0 -9999.0 -9999.0 -9999.0 -9999.0 -9999.0 -9999.0 -9999.0 -9999.0 -9999.0 -9999.0 -9999.0 -9999.0 -9999.0 -9999.0 -9999.0 -9999.0 -9999.0 -9999.0 -9999.0 -9999.0
 -9999.0 -9999.0 -9999.0 -9999.0 -9999.0 -9999.0 -9999.0 -9999.0 -9999.0 -9999.0 -9999.0 -9999.0 -9999.0 -9999.0 -9999.0 -9999.0 -9999.0 -9999.0 -9999.0 -9999.0 -9999.0 -9999.0 -9999.0 -9999.0 -9999.0 -9999.0 -9999.0 -9999.0 -9999.0 -9999.0 -9999.0 -9999.0 -9999.0 -9999.0 -9999.0 -9999.0 -9999.0 -9999.0 -9999.0 -9999.0 -9999.0 -9999.0 -9999.0 -9999.0 -9999.0 -9999.0 -9999.0 -9999.0 -9999.0 -9999.0 -9999.0 -9999.0    72.1    45.6    42.8    60.1    60.3    65.1    65.7    70.6    67.3    77.7   129.9    97.1   100.5    90.8    89.0    96.2   106.4   110.2   110.4   114.4   130.0   137.3   153.3   175.3   210.0   237.0   257.8   295.4   324.1   333.6   317.7   305.3   295.4   294.1   294.1   299.1   317.9   335.8   354.3   369.1   391.8   396.7   397.9 -9999.0 -9999.0 -9999.0 -9999.0 -9999.0 -9999.0 -9999.0 -9999.0 -9999.0 -9999.0 -9999.0 -9999.0 -9999.0 -9999.0 -9999.0 -9999.0 -9999.0 -9999.0 -9999.0 -9999.0 -9999.0 -9999.0 -9999.0 -9999.0 -9999.0 -9999.0 -9999.0 -9999.0 -9999.0 -9999.0 -9999.0 -9999.0 -9999.0
 -9999.0 -9999.0 -9999.0 -9999.0 -9999.0 -9999.0 -9999.0 -9999.0 -9999.0 -9999.0 -9999.0 -9999.0 -9999.0 -9999.0 -9999.0 -9999.0 -9999.0 -9999.0 -9999.0 -9999.0 -9999.0 -9999.0 -9999.0 -9999.0 -9999.0 -9999.0 -9999.0 -9999.0 -9999.0 -9999.0 -9999.0 -9999.0 -9999.0 -9999.0 -9999.0 -9999.0 -9999.0 -9999.0 -9999.0 -9999.0 -9999.0 -9999.0 -9999.0 -9999.0 -9999.0 -9999.0 -9999.0 -9999.0 -9999.0 -9999.0 -9999.0    80.4    47.2    45.1    27.8    39.9    50.8    74.4    77.2    56.9   106.6   114.5   112.7   132.9   134.2   120.1   109.2   134.9   126.0   136.5   136.0   139.7   146.2   156.1   171.1   199.2   242.2   276.6   285.3   303.1   319.4   321.5   352.5   303.6   295.7   297.5   332.1   312.3   341.5   348.3   348.9   365.8   366.5   338.9   313.6 -9999.0 -9999.0 -9999.0 -9999.0 -9999.0 -9999.0 -9999.0 -9999.0 -9999.0 -9999.0 -9999.0 -9999.0 -9999.0 -9999.0 -9999.0 -9999.0 -9999.0 -9999.0 -9999.0 -9999.0 -9999.0 -9999.0 -9999.0 -9999.0 -9999.0 -9999.0 -9999.0 -9999.0 -9999.0 -9999.0 -9999.0 -9999.0 -9999.0
 -9999.0 -9999.0 -9999.0 -9999.0 -9999.0 -9999.0 -9999.0 -9999.0 -9999.0 -9999.0 -9999.0 -9999.0 -9999.0 -9999.0 -9999.0 -9999.0 -9999.0 -9999.0 -9999.0 -9999.0 -9999.0 -9999.0 -9999.0 -9999.0 -9999.0 -9999.0 -9999.0 -9999.0 -9999.0 -9999.0 -9999.0 -9999.0 -9999.0 -9999.0 -9999.0 -9999.0 -9999.0 -9999.0 -9999.0 -9999.0 -9999.0 -9999.0 -9999.0 -9999.0 -9999.0 -9999.0 -9999.0 -9999.0 -9999.0 -9999.0    83.5    65.9    47.9    43.0    31.9    42.8    52.0    69.2    86.8   106.3   106.9   135.2   135.9   154.6   155.9   144.2   125.7   147.9   149.5   170.2   169.6   167.0   172.1   184.7   198.1   224.8   265.7   280.8   297.3   307.7   319.5   321.0   324.9   316.6   349.5   359.1   399.8   389.0   416.5   414.0   396.4   360.1   357.2   295.8   239.7 -9999.0 -9999.0 -9999.0 -9999.0 -9999.0 -9999.0 -9999.0 -9999.0 -9999.0 -9999.0 -9999.0 -9999.0 -9999.0 -9999.0 -9999.0 -9999.0 -9999.0 -9999.0 -9999.0 -9999.0 -9999.0 -9999.0 -9999.0 -9999.0 -9999.0 -9999.0 -9999.0 -9999.0 -9999.0 -9999.0 -9999.0 -9999.0 -9999.0
 -9999.0 -9999.0 -9999.0 -9999.0 -9999.0 -9999.0 -9999.0 -9999.0 -9999.0 -9999.0 -9999.0 -9999.0 -9999.0 -9999.0 -9999.0 -9999.0 -9999.0 -9999.0 -9999.0 -9999.0 -9999.0 -9999.0 -9999.0 -9999.0 -9999.0 -9999.0 -9999.0 -9999.0 -9999.0 -9999.0 -9999.0 -9999.0 -9999.0 -9999.0 -9999.0 -9999.0 -9999.0 -9999.0 -9999.0 -9999.0 -9999.0 -9999.0 -9999.0 -9999.0 -9999.0 -9999.0 -9999.0 -9999.0 -9999.0 -9999.0    68.0    66.7    61.7    46.9    47.2    48.0    57.1    92.2   110.7   113.9   114.2   124.6   129.4   147.8   153.6   164.3   155.9   176.9   179.3   188.2   194.6   199.1   200.6   195.0   191.5   205.5   240.5   255.8   285.5   326.4   352.4   385.2   385.8   383.9   446.5   492.4   508.3   491.8   484.3   476.5   440.4   407.8   344.4   256.8 -9999.0 -9999.0 -9999.0 -9999.0 -9999.0 -9999.0 -9999.0 -9999.0 -9999.0 -9999.0 -9999.0 -9999.0 -9999.0 -9999.0 -9999.0 -9999.0 -9999.0 -9999.0 -9999.0 -9999.0 -9999.0 -9999.0 -9999.0 -9999.0 -9999.0 -9999.0 -9999.0 -9999.0 -9999.0 -9999.0 -9999.0 -9999.0 -9999.0 -9999.0
 -9999.0 -9999.0 -9999.0 -9999.0 -9999.0 -9999.0 -9999.0 -9999.0 -9999.0 -9999.0 -9999.0 -9999.0 -9999.0 -9999.0 -9999.0 -9999.0 -9999.0 -9999.0 -9999.0 -9999.0 -9999.0 -9999.0 -9999.0 -9999.0 -9999.0 -9999.0 -9999.0 -9999.0 -9999.0 -9999.0 -9999.0 -9999.0 -9999.0 -9999.0 -9999.0 -9999.0 -9999.0 -9999.0 -9999.0 -9999.0 -9999.0 -9999.0 -9999.0 -9999.0 -9999.0 -9999.0 -9999.0 -9999.0 -9999.0 -9999.0    50.0    59.6    62.6    71.5    54.6    55.6    94.9   105.0   134.8   134.1   146.1   146.9   142.2   140.4   138.2   142.9   161.0   169.8   171.1   184.7   194.6   221.0   209.1   201.2   166.2   175.0   215.7   212.8   271.8   338.6   423.7   460.1   466.2   480.0   551.0   569.9   539.3   487.0   475.7   457.9   440.9   383.2 -9999.0 -9999.0 -9999.0 -9999.0 -9999.0 -9999.0 -9999.0 -9999.0 -9999.0 -9999.0 -9999.0 -9999.0 -9999.0 -9999.0 -9999.0 -9999.0 -9999.0 -9999.0 -9999.0 -9999.0 -9999.0 -9999.0 -9999.0 -9999.0 -9999.0 -9999.0 -9999.0 -9999.0 -9999.0 -9999.0 -9999.0 -9999.0 -9999.0 -9999.0 -9999.0 -9999.0
 -9999.0 -9999.0 -9999.0 -9999.0 -9999.0 -9999.0 -9999.0 -9999.0 -9999.0 -9999.0 -9999.0 -9999.0 -9999.0 -9999.0 -9999.0 -9999.0 -9999.0 -9999.0 -9999.0 -9999.0 -9999.0 -9999.0 -9999.0 -9999.0 -9999.0 -9999.0 -9999.0 -9999.0 -9999.0 -9999.0 -9999.0 -9999.0 -9999.0 -9999.0 -9999.0 -9999.0 -9999.0 -9999.0 -9999.0 -9999.0 -9999.0 -9999.0 -9999.0 -9999.0 -9999.0 -9999.0 -9999.0 -9999.0 -9999.0 -9999.0    51.6    70.1    68.5    79.1    80.4    97.2    85.2   126.4   157.5   165.3   199.7   197.0   190.9   163.8   141.4   132.3   135.0   148.8   159.0   144.3   176.8   200.9   208.9   188.7   143.0   157.8   190.3   196.8   286.0   362.4   473.4   553.4   543.1   563.1   548.3   548.8   533.3   429.2   442.7   428.2   369.7 -9999.0 -9999.0 -9999.0 -9999.0 -9999.0 -9999.0 -9999.0 -9999.0 -9999.0 -9999.0 -9999.0 -9999.0 -9999.0 -9999.0 -9999.0 -9999.0 -9999.0 -9999.0 -9999.0 -9999.0 -9999.0 -9999.0 -9999.0 -9999.0 -9999.0 -9999.0 -9999.0 -9999.0 -9999.0 -9999.0 -9999.0 -9999.0 -9999.0 -9999.0 -9999.0 -9999.0 -9999.0
 -9999.0 -9999.0 -9999.0 -9999.0 -9999.0 -9999.0 -9999.0 -9999.0 -9999.0 -9999.0 -9999.0 -9999.0 -9999.0 -9999.0 -9999.0 -9999.0 -9999.0 -9999.0 -9999.0 -9999.0 -9999.0 -9999.0 -9999.0 -9999.0 -9999.0 -9999.0 -9999.0 -9999.0 -9999.0 -9999.0 -9999.0 -9999.0 -9999.0 -9999.0 -9999.0 -9999.0 -9999.0 -9999.0 -9999.0 -9999.0 -9999.0 -9999.0 -9999.0 -9999.0 -9999.0 -9999.0 -9999.0 -9999.0 -9999.0 -9999.0 -9999.0 -9999.0 -9999.0    85.8    94.2   103.5   126.0   164.4   173.0   209.0   302.9   267.2   272.0   223.4   172.5   147.6   143.8   146.2   150.6   152.7   157.2   169.3   171.2   155.9   141.7   138.8   166.8   196.6   273.9   393.4   524.9   576.9   577.1   563.7   550.7   511.4   435.0   439.0   335.3   320.2 -9999.0 -9999.0 -9999.0 -9999.0 -9999.0 -9999.0 -9999.0 -9999.0 -9999.0 -9999.0 -9999.0 -9999.0 -9999.0 -9999.0 -9999.0 -9999.0 -9999.0 -9999.0 -9999.0 -9999.0 -9999.0 -9999.0 -9999.0 -9999.0 -9999.0 -9999.0 -9999.0 -9999.0 -9999.0 -9999.0 -9999.0 -9999.0 -9999.0 -9999.0 -9999.0 -9999.0 -9999.0 -9999.0
 -9999.0 -9999.0 -9999.0 -9999.0 -9999.0 -9999.0 -9999.0 -9999.0 -9999.0 -9999.0 -9999.0 -9999.0 -9999.0 -9999.0 -9999.0 -9999.0 -9999.0 -9999.0 -9999.0 -9999.0 -9999.0 -9999.0 -9999.0 -9999.0 -9999.0 -9999.0 -9999.0 -9999.0 -9999.0 -9999.0 -9999.0 -9999.0 -9999.0 -9999.0 -9999.0 -9999.0 -9999.0 -9999.0 -9999.0 -9999.0 -9999.0 -9999.0 -9999.0 -9999.0 -9999.0 -9999.0 -9999.0 -9999.0 -9999.0 -9999.0 -9999.0 -9999.0 -9999.0    99.6   108.1   172.2   154.0   179.8   226.8   313.4   321.1   310.0   369.2   273.2   220.7   180.3   155.2   163.4   144.1   143.3   138.7   143.1   147.8   143.8   139.5   161.0   161.5   234.7   311.2   434.3   531.3   572.0   545.5 -9999.0   519.8   437.9 -9999.0 -9999.0 -9999.0 -9999.0 -9999.0 -9999.0 -9999.0 -9999.0 -9999.0 -9999.0 -9999.0 -9999.0 -9999.0 -9999.0 -9999.0 -9999.0 -9999.0 -9999.0 -9999.0 -9999.0 -9999.0 -9999.0 -9999.0 -9999.0 -9999.0 -9999.0 -9999.0 -9999.0 -9999.0 -9999.0 -9999.0 -9999.0 -9999.0 -9999.0 -9999.0 -9999.0 -9999.0 -9999.0 -9999.0 -9999.0 -9999.0 -9999.0
 -9999.0 -9999.0 -9999.0 -9999.0 -9999.0 -9999.0 -9999.0 -9999.0 -9999.0 -9999.0 -9999.0 -9999.0 -9999.0 -9999.0 -9999.0 -9999.0 -9999.0 -9999.0 -9999.0 -9999.0 -9999.0 -9999.0 -9999.0 -9999.0 -9999.0 -9999.0 -9999.0 -9999.0 -9999.0 -9999.0 -9999.0 -9999.0 -9999.0 -9999.0 -9999.0 -9999.0 -9999.0 -9999.0 -9999.0 -9999.0 -9999.0 -9999.0 -9999.0 -9999.0 -9999.0 -9999.0 -9999.0 -9999.0 -9999.0 -9999.0 -9999.0 -9999.0 -9999.0   112.1   104.0   158.8   174.9   199.2   246.3   284.0   366.8   382.3   420.7   361.3   215.2 -9999.0 -9999.0 -9999.0   170.5   149.9   149.0   154.8   145.5   130.3   137.5   181.9   178.3   238.8   490.2   460.1   510.4   523.9   551.6 -9999.0 -9999.0 -9999.0 -9999.0 -9999.0 -9999.0 -9999.0 -9999.0 -9999.0 -9999.0 -9999.0 -9999.0 -9999.0 -9999.0 -9999.0 -9999.0 -9999.0 -9999.0 -9999.0 -9999.0 -9999.0 -9999.0 -9999.0 -9999.0 -9999.0 -9999.0 -9999.0 -9999.0 -9999.0 -9999.0 -9999.0 -9999.0 -9999.0 -9999.0 -9999.0 -9999.0 -9999.0 -9999.0 -9999.0 -9999.0 -9999.0 -9999.0 -9999.0 -9999.0 -9999.0
 -9999.0 -9999.0 -9999.0 -9999.0 -9999.0 -9999.0 -9999.0 -9999.0 -9999.0 -9999.0 -9999.0 -9999.0 -9999.0 -9999.0 -9999.0 -9999.0 -9999.0 -9999.0 -9999.0 -9999.0 -9999.0 -9999.0 -9999.0 -9999.0 -9999.0 -9999.0 -9999.0 -9999.0 -9999.0 -9999.0 -9999.0 -9999.0 -9999.0 -9999.0 -9999.0 -9999.0 -9999.0 -9999.0 -9999.0 -9999.0 -9999.0 -9999.0 -9999.0 -9999.0 -9999.0 -9999.0 -9999.0 -9999.0 -9999.0 -9999.0 -9999.0 -9999.0 -9999.0 -9999.0   135.4   151.7   150.2   175.0   242.7   319.4   262.3 -9999.0 -9999.0 -9999.0 -9999.0 -9999.0 -9999.0 -9999.0   153.2   171.5   201.4   154.7   126.5   116.4   122.7   153.8   201.0   215.9   276.8 -9999.0   452.7 -9999.0 -9999.0 -9999.0 -9999.0 -9999.0 -9999.0 -9999.0 -9999.0 -9999.0 -9999.0 -9999.0 -9999.0 -9999.0 -9999.0 -9999.0 -9999.0 -9999.0 -9999.0 -9999.0 -9999.0 -9999.0 -9999.0 -9999.0 -9999.0 -9999.0 -9999.0 -9999.0 -9999.0 -9999.0 -9999.0 -9999.0 -9999.0 -9999.0 -9999.0 -9999.0 -9999.0 -9999.0 -9999.0 -9999.0 -9999.0 -9999.0 -9999.0 -9999.0 -9999.0 -9999.0 -9999.0 -9999.0
 -9999.0 -9999.0 -9999.0 -9999.0 -9999.0 -9999.0 -9999.0 -9999.0 -9999.0 -9999.0 -9999.0 -9999.0 -9999.0 -9999.0 -9999.0 -9999.0 -9999.0 -9999.0 -9999.0 -9999.0 -9999.0 -9999.0 -9999.0 -9999.0 -9999.0 -9999.0 -9999.0 -9999.0 -9999.0 -9999.0 -9999.0 -9999.0 -9999.0 -9999.0 -9999.0 -9999.0 -9999.0 -9999.0 -9999.0 -9999.0 -9999.0 -9999.0 -9999.0 -9999.0 -9999.0 -9999.0 -9999.0 -9999.0 -9999.0 -9999.0 -9999.0 -9999.0 -9999.0 -9999.0 -9999.0   136.2   206.2   178.9   185.5   242.8   251.4 -9999.0 -9999.0 -9999.0 -9999.0 -9999.0 -9999.0 -9999.0 -9999.0 -9999.0   150.6 -9999.0 -9999.0 -9999.0 -9999.0 -9999.0   185.5 -9999.0 -9999.0 -9999.0 -9999.0 -9999.0 -9999.0 -9999.0 -9999.0 -9999.0 -9999.0 -9999.0 -9999.0 -9999.0 -9999.0 -9999.0 -9999.0 -9999.0 -9999.0 -9999.0 -9999.0 -9999.0 -9999.0 -9999.0 -9999.0 -9999.0 -9999.0 -9999.0 -9999.0 -9999.0 -9999.0 -9999.0 -9999.0 -9999.0 -9999.0 -9999.0 -9999.0 -9999.0 -9999.0 -9999.0 -9999.0 -9999.0 -9999.0 -9999.0 -9999.0 -9999.0 -9999.0 -9999.0 -9999.0 -9999.0 -9999.0 -9999.0
 -9999.0 -9999.0 -9999.0 -9999.0 -9999.0 -9999.0 -9999.0 -9999.0 -9999.0 -9999.0 -9999.0 -9999.0 -9999.0 -9999.0 -9999.0 -9999.0 -9999.0 -9999.0 -9999.0 -9999.0 -9999.0 -9999.0 -9999.0 -9999.0 -9999.0 -9999.0 -9999.0 -9999.0 -9999.0 -9999.0 -9999.0 -9999.0 -9999.0 -9999.0 -9999.0 -9999.0 -9999.0 -9999.0 -9999.0 -9999.0 -9999.0 -9999.0 -9999.0 -9999.0 -9999.0 -9999.0 -9999.0 -9999.0 -9999.0 -9999.0 -9999.0 -9999.0 -9999.0 -9999.0 -9999.0 -9999.0 -9999.0 -9999.0   184.0   174.1 -9999.0 -9999.0 -9999.0 -9999.0 -9999.0 -9999.0 -9999.0 -9999.0 -9999.0 -9999.0 -9999.0 -9999.0 -9999.0 -9999.0 -9999.0   143.7   168.1 -9999.0 -9999.0 -9999.0 -9999.0 -9999.0 -9999.0 -9999.0 -9999.0 -9999.0 -9999.0 -9999.0 -9999.0 -9999.0 -9999.0 -9999.0 -9999.0 -9999.0 -9999.0 -9999.0 -9999.0 -9999.0 -9999.0 -9999.0 -9999.0 -9999.0 -9999.0 -9999.0 -9999.0 -9999.0 -9999.0 -9999.0 -9999.0 -9999.0 -9999.0 -9999.0 -9999.0 -9999.0 -9999.0 -9999.0 -9999.0 -9999.0 -9999.0 -9999.0 -9999.0 -9999.0 -9999.0 -9999.0 -9999.0 -9999.0 -9999.0 -9999.0
 -9999.0 -9999.0 -9999.0 -9999.0 -9999.0 -9999.0 -9999.0 -9999.0 -9999.0 -9999.0 -9999.0 -9999.0 -9999.0 -9999.0 -9999.0 -9999.0 -9999.0 -9999.0 -9999.0 -9999.0 -9999.0 -9999.0 -9999.0 -9999.0 -9999.0 -9999.0 -9999.0 -9999.0 -9999.0 -9999.0 -9999.0 -9999.0 -9999.0 -9999.0 -9999.0 -9999.0 -9999.0 -9999.0 -9999.0 -9999.0 -9999.0 -9999.0 -9999.0 -9999.0 -9999.0 -9999.0 -9999.0 -9999.0 -9999.0 -9999.0 -9999.0 -9999.0 -9999.0 -9999.0 -9999.0 -9999.0 -9999.0 -9999.0 -9999.0 -9999.0 -9999.0 -9999.0 -9999.0 -9999.0 -9999.0 -9999.0 -9999.0 -9999.0 -9999.0 -9999.0 -9999.0 -9999.0 -9999.0 -9999.0 -9999.0 -9999.0 -9999.0 -9999.0 -9999.0 -9999.0 -9999.0 -9999.0 -9999.0 -9999.0 -9999.0 -9999.0 -9999.0 -9999.0 -9999.0 -9999.0 -9999.0 -9999.0 -9999.0 -9999.0 -9999.0 -9999.0 -9999.0 -9999.0 -9999.0 -9999.0 -9999.0 -9999.0 -9999.0 -9999.0 -9999.0 -9999.0 -9999.0 -9999.0 -9999.0 -9999.0 -9999.0 -9999.0 -9999.0 -9999.0 -9999.0 -9999.0 -9999.0 -9999.0 -9999.0 -9999.0 -9999.0 -9999.0 -9999.0 -9999.0 -9999.0 -9999.0 -9999.0 -9999.0
 -9999.0 -9999.0 -9999.0 -9999.0 -9999.0 -9999.0 -9999.0 -9999.0 -9999.0 -9999.0 -9999.0 -9999.0 -9999.0 -9999.0 -9999.0 -9999.0 -9999.0 -9999.0 -9999.0 -9999.0 -9999.0 -9999.0 -9999.0 -9999.0 -9999.0 -9999.0 -9999.0 -9999.0 -9999.0 -9999.0 -9999.0 -9999.0 -9999.0 -9999.0 -9999.0 -9999.0 -9999.0 -9999.0 -9999.0 -9999.0 -9999.0 -9999.0 -9999.0 -9999.0 -9999.0 -9999.0 -9999.0 -9999.0 -9999.0 -9999.0 -9999.0 -9999.0 -9999.0 -9999.0 -9999.0 -9999.0 -9999.0 -9999.0 -9999.0 -9999.0 -9999.0 -9999.0 -9999.0 -9999.0 -9999.0 -9999.0 -9999.0 -9999.0 -9999.0 -9999.0 -9999.0 -9999.0 -9999.0 -9999.0 -9999.0   252.3   199.5   153.5 -9999.0 -9999.0 -9999.0 -9999.0 -9999.0 -9999.0 -9999.0 -9999.0 -9999.0 -9999.0 -9999.0 -9999.0 -9999.0 -9999.0 -9999.0 -9999.0 -9999.0 -9999.0 -9999.0 -9999.0 -9999.0 -9999.0 -9999.0 -9999.0 -9999.0 -9999.0 -9999.0 -9999.0 -9999.0 -9999.0 -9999.0 -9999.0 -9999.0 -9999.0 -9999.0 -9999.0 -9999.0 -9999.0 -9999.0 -9999.0 -9999.0 -9999.0 -9999.0 -9999.0 -9999.0 -9999.0 -9999.0 -9999.0 -9999.0 -9999.0
 -9999.0 -9999.0 -9999.0 -9999.0 -9999.0 -9999.0 -9999.0 -9999.0 -9999.0 -9999.0 -9999.0 -9999.0 -9999.0 -9999.0 -9999.0 -9999.0 -9999.0 -9999.0 -9999.0 -9999.0 -9999.0 -9999.0 -9999.0 -9999.0 -9999.0 -9999.0 -9999.0 -9999.0 -9999.0 -9999.0 -9999.0 -9999.0 -9999.0 -9999.0 -9999.0 -9999.0 -9999.0 -9999.0 -9999.0 -9999.0 -9999.0 -9999.0 -9999.0 -9999.0 -9999.0 -9999.0 -9999.0 -9999.0 -9999.0 -9999.0 -9999.0 -9999.0 -9999.0 -9999.0 -9999.0 -9999.0 -9999.0 -9999.0 -9999.0 -9999.0 -9999.0 -9999.0 -9999.0 -9999.0 -9999.0 -9999.0 -9999.0 -9999.0 -9999.0 -9999.0 -9999.0 -9999.0 -9999.0   111.2   360.5   329.0   301.9 -9999.0 -9999.0 -9999.0 -9999.0 -9999.0 -9999.0 -9999.0 -9999.0 -9999.0 -9999.0 -9999.0 -9999.0 -9999.0 -9999.0 -9999.0 -9999.0 -9999.0 -9999.0 -9999.0 -9999.0 -9999.0 -9999.0 -9999.0 -9999.0 -9999.0 -9999.0 -9999.0 -9999.0 -9999.0 -9999.0 -9999.0 -9999.0 -9999.0 -9999.0 -9999.0 -9999.0 -9999.0 -9999.0 -9999.0 -9999.0 -9999.0 -9999.0 -9999.0 -9999.0 -9999.0 -9999.0 -9999.0 -9999.0 -9999.0 -9999.0 -9999.0
 -9999.0 -9999.0 -9999.0 -9999.0 -9999.0 -9999.0 -9999.0 -9999.0 -9999.0 -9999.0 -9999.0 -9999.0 -9999.0 -9999.0 -9999.0 -9999.0 -9999.0 -9999.0 -9999.0 -9999.0 -9999.0 -9999.0 -9999.0 -9999.0 -9999.0 -9999.0 -9999.0 -9999.0 -9999.0 -9999.0 -9999.0 -9999.0 -9999.0 -9999.0 -9999.0 -9999.0 -9999.0 -9999.0 -9999.0 -9999.0 -9999.0 -9999.0 -9999.0 -9999.0 -9999.0 -9999.0 -9999.0 -9999.0 -9999.0 -9999.0 -9999.0 -9999.0 -9999.0 -9999.0 -9999.0 -9999.0 -9999.0 -9999.0 -9999.0 -9999.0 -9999.0 -9999.0 -9999.0 -9999.0 -9999.0 -9999.0 -9999.0 -9999.0 -9999.0 -9999.0 -9999.0 -9999.0 -9999.0 -9999.0   266.7   455.3   221.6 -9999.0 -9999.0 -9999.0 -9999.0 -9999.0 -9999.0 -9999.0 -9999.0 -9999.0 -9999.0 -9999.0 -9999.0 -9999.0 -9999.0 -9999.0 -9999.0 -9999.0 -9999.0 -9999.0 -9999.0 -9999.0 -9999.0 -9999.0 -9999.0 -9999.0 -9999.0 -9999.0 -9999.0 -9999.0 -9999.0 -9999.0 -9999.0 -9999.0 -9999.0 -9999.0 -9999.0 -9999.0 -9999.0 -9999.0 -9999.0 -9999.0 -9999.0 -9999.0 -9999.0 -9999.0 -9999.0 -9999.0 -9999.0 -9999.0 -9999.0 -9999.0
 -9999.0 -9999.0 -9999.0 -9999.0 -9999.0 -9999.0 -9999.0 -9999.0 -9999.0 -9999.0 -9999.0 -9999.0 -9999.0 -9999.0 -9999.0 -9999.0 -9999.0 -9999.0 -9999.0 -9999.0 -9999.0 -9999.0 -9999.0 -9999.0 -9999.0 -9999.0 -9999.0 -9999.0 -9999.0 -9999.0 -9999.0 -9999.0 -9999.0 -9999.0 -9999.0 -9999.0 -9999.0 -9999.0 -9999.0 -9999.0 -9999.0 -9999.0 -9999.0 -9999.0 -9999.0 -9999.0 -9999.0 -9999.0 -9999.0 -9999.0 -9999.0 -9999.0 -9999.0 -9999.0 -9999.0 -9999.0 -9999.0 -9999.0 -9999.0 -9999.0 -9999.0 -9999.0 -9999.0 -9999.0 -9999.0 -9999.0 -9999.0 -9999.0 -9999.0 -9999.0 -9999.0 -9999.0 -9999.0 -9999.0 -9999.0 -9999.0 -9999.0 -9999.0 -9999.0 -9999.0 -9999.0 -9999.0 -9999.0 -9999.0 -9999.0 -9999.0 -9999.0 -9999.0 -9999.0 -9999.0 -9999.0 -9999.0 -9999.0 -9999.0 -9999.0 -9999.0 -9999.0 -9999.0 -9999.0 -9999.0 -9999.0 -9999.0 -9999.0 -9999.0 -9999.0 -9999.0 -9999.0 -9999.0 -9999.0 -9999.0 -9999.0 -9999.0 -9999.0 -9999.0 -9999.0 -9999.0 -9999.0 -9999.0 -9999.0 -9999.0 -9999.0 -9999.0 -9999.0 -9999.0 -9999.0 -9999.0 -9999.0 -9999.0
